2 -1 9 
-1 5 3 
-7 -20 23 
124 14 -9 
184 1 74 
38 14 -3 
15 -8 -1 
-3 19 94 
-20 -123 28 
10 -1 5 
-22 152 -16 
-44 3 137 
25 -16 17 
2 -17 -130 
-89 109 -7 
1 -3 13 
2 -6 -53 
1 -165 -8 
4 -6 22 
3 -164 -27 
13 -7 -5 
-1 -9 -3 
64 129 1 
-8 -2 1 
-156 -20 -2 
1 116 -2 
1 93 -10 
13 61 -18 
-79 -9 -1 
13 -77 -61 
2 -21 -9 
3 21 -66 
-2 3 -17 
-2 7 1 
-1 150 -11 
3 -9 -35 
-113 -10 -1 
-37 1 -97 
-6 -26 70 
8 -1 76 
-26 -87 61 
-103 4 54 
-10 2 -188 
-18 -114 32 
10 98 -43 
4 -20 -46 
90 3 -11 
13 1 48 
-54 14 -1 
-8 27 1 
-10 -2 1 
1 78 2 
36 30 -1 
-18 -1 -100 
172 34 -2 
-2 31 5 
2 -4 73 
-3 -19 -149 
-14 2 146 
23 24 66 
-1 -61 -200 
-172 -2 1 
2 -5 7 
-4 -19 -5 
2 -1 -40 
-4 3 2 
55 1 7 
-56 3 10 
-1 3 -8 
17 80 -57 
1 88 35 
-1 -9 -5 
20 -3 -1 
5 -6 -4 
119 -21 -48 
-46 2 -78 
-1 59 -9 
-9 5 -4 
1 10 110 
1 -13 -48 
-13 1 -95 
-8 -74 -7 
-3 24 198 
-59 -2 -8 
-39 -2 -58 
7 -4 20 
-25 -35 -52 
-17 1 5 
-158 63 -77 
1 -73 49 
17 -99 -75 
105 -20 -34 
15 6 192 
-3 94 5 
1 8 -3 
-27 1 -28 
4 -9 -62 
-1 17 -4 
4 -105 -6 
5 -3 -1 
-86 -2 10 
9 -10 -1 
-12 1 -78 
6 -162 -100 
-74 -1 6 
1 -8 198 
-62 -64 181 
4 1 34 
171 21 60 
-22 -12 -1 
1 -13 35 
59 -62 161 
30 4 1 
30 -10 -1 
-47 1 -14 
-1 -2 5 
149 1 59 
-25 78 12 
-1 -38 -7 
-6 -1 -58 
-18 1 -2 
-8 -1 -5 
-53 -142 -8 
32 1 7 
12 127 -8 
8 3 11 
-45 178 -7 
-3 -1 34 
-25 2 -1 
-4 1 115 
-81 4 26 
-1 -3 7 
5 2 -1 
98 1 7 
7 -15 172 
1 12 58 
4 -1 143 
62 3 20 
28 -2 4 
-29 4 -19 
-62 90 -46 
-1 -5 -7 
95 1 14 
-1 10 48 
-1 -158 -5 
1 -83 -131 
-5 42 34 
-2 -7 46 
51 3 -179 
5 -158 -20 
28 23 -6 
18 60 62 
55 -179 -137 
3 -1 -74 
-27 5 -26 
-63 -23 -99 
59 -8 -94 
-1 2 -74 
-96 42 -18 
27 -21 2 
-11 157 151 
-126 -70 121 
14 2 -37 
39 5 -10 
15 130 -114 
1 -34 -91 
-7 -57 -95 
4 -6 -13 
-1 3 85 
-4 -1 6 
1 20 7 
-1 15 -4 
-135 1 33 
114 -35 -81 
13 2 -1 
84 -4 -2 
-1 183 -26 
-2 -34 9 
51 -8 -49 
1 152 -2 
119 3 -29 
-25 26 2 
-193 36 -32 
-14 -92 -1 
24 -5 57 
-8 51 -126 
10 2 3 
-24 -21 160 
84 -5 -43 
40 -9 -15 
59 9 -3 
12 54 -3 
22 -160 33 
14 -3 31 
-73 -23 16 
-84 1 11 
19 -1 -2 
1 46 6 
2 3 -13 
144 3 -49 
-4 3 -1 
1 29 3 
21 6 -29 
-49 -3 1 
-2 3 -171 
-200 -9 11 
-66 -136 24 
-39 9 -33 
134 23 1 
-110 1 80 
-2 3 40 
4 -68 -33 
69 6 1 
13 1 8 
-4 14 -34 
1 -91 84 
-3 69 -99 
-2 1 -69 
-130 -4 -1 
89 1 -8 
9 -3 2 
-77 6 -18 
-23 -18 2 
-1 28 14 
199 -186 22 
6 -27 10 
-1 -44 -10 
-1 34 5 
-41 -22 -1 
85 36 1 
1 -5 15 
-8 -1 107 
-13 -1 8 
3 10 4 
-17 1 40 
3 -2 16 
3 -8 79 
-29 7 24 
-1 -148 -98 
-4 2 1 
-23 12 -6 
21 -2 1 
68 11 -1 
-5 63 -196 
-2 -5 -1 
-1 -2 -3 
-2 -13 10 
70 -15 -2 
-5 -16 43 
43 8 -2 
-9 -28 3 
-9 2 -15 
-31 -26 28 
190 17 -1 
1 -48 -2 
1 36 -91 
114 -35 123 
8 2 1 
38 -138 -26 
-82 3 -135 
197 61 102 
56 -127 -2 
174 147 -26 
29 -1 -17 
-106 3 26 
192 39 42 
-23 179 3 
-6 -7 122 
1 -9 -4 
33 -94 -1 
1 -161 -70 
-45 -23 -1 
-1 66 37 
-80 -31 -91 
-161 8 1 
119 1 94 
33 23 16 
-21 -2 -1 
40 -2 -8 
-47 -193 11 
-2 -149 35 
29 1 4 
14 3 15 
-27 2 43 
1 11 -68 
-58 93 140 
-3 83 -1 
-110 1 -8 
15 -1 3 
6 69 -81 
2 5 -14 
12 2 -3 
-14 37 -44 
-37 -10 -1 
3 1 -7 
-4 -1 193 
1 44 15 
23 -1 -11 
-49 2 -8 
12 4 21 
181 1 -6 
40 180 22 
45 -11 3 
-8 5 -40 
23 2 46 
-3 103 12 
68 33 -9 
1 -17 -98 
166 38 -1 
121 4 -13 
-108 -1 -9 
5 -2 -1 
-40 1 -3 
-5 -13 -3 
-76 -3 2 
5 2 -37 
27 -1 -142 
83 7 -2 
1 10 -3 
11 5 29 
-19 -6 -1 
-16 -5 -4 
-17 5 190 
1 -4 -5 
3 -76 51 
-13 174 151 
17 -1 -73 
77 10 -4 
2 -133 9 
93 -99 -126 
-11 -16 -122 
1 -2 7 
1 -115 50 
190 -6 -25 
-1 11 2 
-1 66 3 
3 19 101 
48 -69 -3 
134 -21 -40 
86 1 7 
15 -7 49 
84 35 -19 
80 17 -12 
2 -4 -3 
-19 40 1 
3 -113 -123 
-1 -106 -8 
-43 3 5 
-3 77 22 
-18 -2 -1 
-104 -146 -4 
-1 -4 23 
-168 23 -46 
24 4 58 
-2 -3 1 
179 29 85 
-32 5 8 
-27 1 -44 
-4 -1 -3 
4 18 -1 
43 -26 8 
11 1 -20 
3 -17 -1 
14 97 150 
-6 37 2 
-1 -60 -100 
6 -1 -116 
9 4 139 
7 75 129 
-108 84 -1 
-92 96 63 
16 -4 -110 
-64 -1 3 
-26 3 -126 
-1 -2 -6 
1 4 -79 
-17 -15 -5 
-1 -4 169 
-1 -8 13 
28 -27 5 
2 74 147 
13 1 163 
-28 91 1 
-18 40 170 
12 -77 31 
127 -182 -2 
-2 -124 9 
-3 13 -2 
2 19 57 
40 43 -183 
2 -24 83 
-1 -4 3 
93 6 3 
2 -19 -15 
-194 1 -172 
1 105 186 
2 16 -35 
-39 45 -6 
3 -5 -17 
-156 -81 23 
3 -2 44 
63 -2 3 
3 -1 -2 
11 -24 60 
104 -4 5 
-12 -1 -99 
-77 -58 -192 
-3 -2 -36 
-29 11 -12 
-198 -83 -1 
-116 10 144 
49 1 -13 
-34 3 2 
1 22 15 
8 -7 -1 
-1 27 34 
-6 -1 79 
-1 40 -77 
-1 17 -4 
-124 1 38 
-109 73 114 
5 51 3 
2 -4 30 
16 -21 -1 
28 11 -168 
-25 -11 -157 
-6 26 1 
80 -121 87 
-1 3 -47 
1 47 -45 
-4 121 -194 
1 -128 2 
157 196 -59 
-26 -10 -53 
80 -13 -1 
4 -2 1 
4 2 -1 
159 7 -62 
121 -19 8 
-1 187 4 
47 121 -2 
-2 157 37 
3 -148 -1 
6 -9 7 
86 132 -8 
-10 -1 63 
1 15 3 
-3 1 75 
7 41 4 
1 -47 -7 
55 -7 13 
1 13 -90 
-1 19 -2 
-27 4 75 
-18 58 1 
-1 5 -149 
-6 -43 9 
50 -7 -4 
-49 -3 -1 
9 -10 -194 
-3 -1 -99 
-164 -22 -5 
2 -23 52 
1 -2 8 
-1 -94 3 
-105 2 -1 
-59 -5 26 
-1 -13 -3 
129 -1 -116 
119 -18 13 
6 -14 -65 
-2 8 45 
-11 112 171 
130 10 -2 
119 63 125 
-20 11 -10 
24 -15 -28 
114 10 2 
-2 -33 -5 
-33 10 -45 
-2 1 4 
-1 -2 6 
167 -88 199 
-6 4 -15 
1 -6 -4 
-106 3 -2 
120 -1 5 
-1 13 7 
34 10 -154 
-24 -157 8 
-79 -102 -7 
14 -3 163 
1 39 28 
28 35 -27 
1 5 20 
-22 -48 3 
1 5 -9 
2 -71 -9 
2 10 -21 
40 -29 -6 
-1 -4 16 
-1 89 23 
-1 4 -20 
25 -41 1 
52 6 1 
31 70 3 
45 30 -2 
-10 -110 -1 
14 5 16 
1 2 4 
-92 -79 -95 
-18 -17 -16 
-6 -3 -1 
3 57 -8 
-1 13 9 
-1 17 -28 
19 -1 -45 
163 -110 -170 
1 -4 3 
-2 5 26 
7 1 5 
-113 3 36 
-4 -171 -26 
-35 -5 -1 
105 -3 5 
-17 19 -11 
74 4 26 
-1 8 -102 
-44 67 -1 
-22 -2 10 
-6 -31 20 
-101 15 3 
-36 19 -5 
-5 -7 6 
46 -27 -97 
1 -6 3 
-10 -2 -46 
2 29 9 
9 3 2 
3 4 1 
20 -172 7 
18 85 79 
-56 1 2 
22 76 1 
-5 -128 -10 
1 -3 -17 
74 11 8 
29 1 -133 
7 -34 -36 
3 -57 -2 
14 66 -24 
-1 -5 -26 
-1 -132 79 
-41 -19 23 
-2 24 -1 
-21 1 -17 
-19 -23 8 
32 1 -15 
-20 -2 -1 
-48 1 -23 
1 11 3 
6 21 160 
-4 1 -47 
10 136 1 
-1 -6 -31 
2 23 1 
28 10 -2 
-3 -21 -1 
-1 -3 -4 
183 -1 119 
87 75 190 
1 107 -47 
3 -2 64 
100 -5 -1 
1 133 2 
-5 -13 3 
-6 30 5 
-4 -39 -81 
95 -11 2 
4 2 1 
-3 -12 9 
16 -1 -27 
-9 2 13 
1 -20 75 
29 8 -38 
1 -10 -139 
-1 20 6 
1 -34 -137 
-77 -86 -14 
-6 -2 -41 
-1 37 -15 
33 -9 8 
4 7 3 
-39 23 -7 
-9 27 -55 
-1 181 -26 
122 11 -136 
-175 1 -86 
1 20 -195 
-3 -98 -2 
