-1 -51 -12 
-1 93 68 
-130 -14 6 
1 -7 -56 
13 -45 -3 
-22 80 13 
60 1 58 
-21 -4 -172 
-1 -13 -109 
28 24 25 
1 -181 3 
-29 1 3 
19 -21 -9 
-50 -3 -7 
8 141 -11 
-16 1 5 
74 -4 -2 
-20 -7 1 
-6 -50 -2 
12 3 -2 
98 -7 9 
9 -10 -22 
4 -1 -39 
-10 18 -1 
-2 54 41 
25 -16 1 
24 -1 11 
5 -8 1 
3 2 -5 
104 -5 90 
17 14 -9 
33 2 -4 
-5 1 2 
-174 -1 4 
-169 -134 38 
31 1 -100 
9 -32 1 
-82 -1 -56 
5 -101 -152 
1 36 7 
65 -7 6 
5 -38 -1 
-92 19 -1 
-1 11 6 
-11 -101 41 
99 -2 1 
-2 -12 -3 
-3 40 -5 
-8 113 2 
-4 -29 1 
-12 -1 2 
159 25 1 
-4 -1 -187 
-4 -62 77 
-9 4 -20 
-24 -195 -3 
-2 17 -11 
-37 -7 -13 
-103 5 -80 
-4 -1 -3 
1 31 -133 
-69 -1 -54 
11 86 -26 
-6 12 15 
-6 29 -4 
137 7 -4 
-1 -23 -5 
-4 60 1 
-35 9 -1 
-4 -38 -7 
-4 160 53 
101 -20 -1 
-5 -1 -48 
31 16 -134 
-1 2 -43 
-10 -102 -75 
-165 4 -96 
67 65 20 
1 12 195 
-60 82 83 
-2 -31 -7 
-51 -7 -3 
140 -2 4 
-25 -89 1 
18 -132 28 
-1 -5 6 
6 7 -1 
-189 7 -1 
117 6 4 
-1 3 20 
1 -38 11 
-5 31 4 
-91 -1 180 
18 6 -1 
-84 -20 -144 
68 -35 11 
2 -1 -8 
-4 1 -48 
-1 12 -32 
92 9 -1 
-100 -1 25 
16 -39 22 
-21 1 3 
25 7 17 
70 -145 -31 
-5 1 3 
-14 1 105 
-1 29 -3 
-81 -11 1 
-38 -122 52 
2 1 9 
4 2 -54 
-2 4 10 
-26 -60 29 
-127 197 21 
-5 7 22 
-12 4 -1 
24 -27 104 
-3 4 1 
-40 -61 -50 
4 -1 -55 
-21 -3 47 
53 3 188 
2 56 88 
142 -1 -5 
10 -1 -3 
94 5 107 
4 1 -33 
-142 1 -6 
-76 116 1 
-86 -14 -47 
1 8 20 
162 5 -3 
119 -5 -17 
9 14 171 
-4 -1 -30 
-4 1 -55 
1 -7 4 
1 -20 2 
176 5 25 
-32 3 88 
-35 -3 -2 
124 27 151 
68 -5 -46 
-2 51 3 
31 10 -2 
33 66 23 
5 -24 -4 
12 18 -6 
5 79 -3 
2 12 4 
15 -8 176 
-8 19 29 
-1 3 4 
61 4 52 
-15 -40 -36 
1 -3 -117 
-189 -81 -1 
-22 -3 -8 
-4 13 2 
-1 -11 2 
-44 -13 -45 
-49 53 1 
16 11 -31 
6 43 -15 
18 -13 1 
-2 9 -22 
-6 -5 -1 
1 -26 29 
1 -19 88 
-53 -100 106 
-89 -81 68 
5 59 -2 
24 9 -55 
-3 -113 6 
-1 -24 9 
34 -18 3 
-75 4 5 
27 -113 12 
49 6 -2 
-1 -13 17 
-1 3 -17 
-3 45 -10 
12 -6 1 
-105 78 -10 
167 39 193 
58 1 4 
84 43 2 
-174 -5 120 
150 -1 21 
1 12 -14 
-178 -17 -12 
-8 145 3 
1 77 -10 
13 9 -83 
-77 1 2 
88 -2 47 
1 -2 22 
1 -44 -21 
-113 3 -145 
75 3 -111 
79 1 4 
188 136 1 
2 1 41 
-1 71 8 
-1 171 3 
4 10 -7 
-169 1 -22 
-119 132 111 
-2 -6 -110 
-147 -5 2 
-27 1 19 
-31 137 1 
-3 -38 13 
-74 60 -15 
-7 -2 9 
-2 -1 12 
6 -2 -119 
139 2 3 
1 -4 83 
-17 -1 132 
70 -130 -1 
-2 15 4 
4 -22 166 
1 -43 30 
144 -131 1 
1 -174 62 
1 2 -11 
-13 1 -31 
-33 -7 -8 
-83 3 -56 
1 58 80 
9 -1 49 
14 -15 -81 
-120 -141 -5 
-8 7 -9 
159 181 13 
3 1 185 
15 5 -48 
-1 -12 -2 
3 -13 94 
161 1 3 
-62 -99 3 
2 57 180 
193 -60 -25 
-14 -2 18 
3 -12 -1 
52 32 -1 
-1 -8 44 
-3 76 -23 
-112 4 66 
75 4 -5 
-2 18 -4 
14 -9 2 
-5 -1 116 
-1 84 12 
4 -195 79 
1 11 31 
4 13 -126 
1 -2 -178 
-102 -2 1 
-2 -8 12 
104 2 -28 
67 -5 47 
52 6 -8 
1 2 -122 
3 -77 -70 
-6 2 72 
-5 -1 2 
-1 -172 -7 
96 -13 -79 
-127 -3 -193 
150 31 1 
-7 22 -3 
11 25 8 
5 52 -46 
-27 89 -1 
1 11 61 
-24 14 -3 
-22 -2 34 
-1 -161 40 
152 -7 -1 
10 -35 -9 
-1 -98 3 
-2 107 -160 
4 -1 -63 
-7 -111 -1 
-31 -27 1 
-190 6 102 
-73 4 -147 
-3 -139 -5 
-7 1 -44 
12 4 -68 
42 -35 -1 
-18 1 -14 
-24 1 -6 
-3 54 -2 
-2 -1 28 
-4 2 -5 
3 107 108 
4 26 -3 
-1 37 17 
-161 -7 -3 
-1 33 -21 
-65 -1 3 
-12 -24 -4 
9 -24 -4 
1 -19 2 
1 9 54 
58 4 15 
-6 -1 -46 
-11 63 -17 
-11 -13 -68 
-1 -22 3 
2 -191 -5 
3 -2 -67 
5 15 1 
-50 5 -2 
-2 42 1 
1 16 -180 
-1 4 -10 
-66 1 -5 
-4 -41 11 
27 10 2 
-9 -1 143 
-3 -117 -97 
16 4 -1 
-144 6 2 
-23 74 -1 
6 -110 1 
-6 59 136 
1 130 -31 
41 4 -3 
13 1 2 
-17 -8 -1 
-151 -5 -8 
34 13 18 
-102 -46 34 
1 -3 -165 
48 -134 1 
-74 19 -2 
-80 5 20 
-36 4 -1 
-142 -45 -13 
-18 27 3 
-108 2 1 
-13 -34 30 
199 9 10 
-38 11 2 
29 -35 -63 
-2 -16 50 
-23 -3 2 
-1 3 -21 
-1 -16 40 
-188 -149 -12 
-16 -1 -2 
10 -14 3 
84 20 -2 
1 11 -8 
1 31 8 
70 17 1 
-162 -17 -31 
9 1 -89 
1 135 -17 
-48 -2 1 
-1 2 -100 
147 92 1 
1 -37 2 
7 -126 21 
-69 -4 84 
110 193 -1 
-88 -38 -33 
-4 -159 17 
-22 2 -1 
83 6 57 
47 17 -8 
-9 1 -20 
1 -3 -13 
-11 1 -104 
93 -2 130 
-92 50 3 
37 128 6 
33 1 -69 
136 187 -198 
40 6 -1 
199 -1 5 
65 1 82 
-22 -1 6 
15 11 2 
83 -94 -9 
88 14 3 
6 1 8 
131 2 18 
-38 6 52 
135 24 192 
82 -158 -119 
-1 26 -122 
-180 -27 14 
6 -98 -194 
-4 78 52 
-5 -9 -2 
-170 -1 -16 
-1 17 -2 
11 147 -61 
136 7 -28 
-24 98 2 
32 95 -49 
-31 -2 21 
-3 19 -2 
13 5 -12 
-141 1 -18 
-5 -2 -12 
10 -170 75 
-36 -2 -9 
-18 29 72 
-125 -179 -1 
100 -1 62 
-103 -2 -23 
27 33 159 
-19 3 158 
2 -1 108 
-8 37 21 
-3 -8 -4 
-71 -16 51 
-200 68 -49 
8 133 -121 
1 2 9 
-43 23 16 
-15 -17 -10 
112 3 -2 
-62 24 2 
77 36 -1 
1 -171 -104 
2 -8 4 
17 -10 -71 
-1 36 -91 
-28 22 4 
-4 84 -58 
-3 -26 7 
-7 -6 12 
10 43 -2 
-38 32 -76 
23 -19 5 
-11 8 -20 
-46 -2 -75 
-35 -10 -1 
15 -2 40 
-4 -3 1 
-30 1 -12 
-1 -2 181 
8 19 -5 
-4 12 11 
161 1 -4 
1 -5 12 
-5 -53 -2 
36 45 -3 
-2 -1 12 
-1 2 -150 
-23 4 -198 
1 -171 -66 
-18 1 68 
1 2 -121 
-1 -2 -110 
-38 -41 -3 
-9 13 37 
-67 -11 48 
-5 -40 1 
-7 -3 -40 
2 -5 -1 
-37 -197 18 
-27 3 -53 
158 -14 1 
-19 1 -29 
-12 -1 -48 
-6 2 -1 
-19 -195 6 
12 101 -2 
-3 38 -6 
2 -1 13 
-2 -7 -25 
-13 62 5 
-4 -6 32 
-137 -112 19 
24 47 -3 
183 5 -4 
-4 -25 -1 
1 11 -13 
-13 5 2 
2 -22 -1 
2 37 9 
2 -119 -10 
-58 -54 90 
8 -5 1 
189 -1 36 
26 11 -57 
10 -4 -2 
6 -37 -79 
-1 -4 -30 
1 51 -46 
-1 4 -172 
9 4 1 
-1 13 -79 
-2 -5 4 
-41 1 32 
2 21 136 
106 185 116 
-38 -13 59 
1 -41 7 
-9 -40 80 
14 5 45 
-30 -5 -95 
1 -5 14 
5 1 -71 
-24 -15 19 
-17 3 -39 
-56 61 106 
18 14 -76 
-6 121 1 
92 56 -83 
-35 -56 28 
-20 7 -4 
-1 -4 -124 
-4 1 13 
1 -4 -87 
-114 2 3 
29 20 163 
2 -52 -91 
18 -42 61 
4 2 6 
-6 -11 -10 
3 95 2 
-12 -3 -108 
-175 146 9 
-2 -1 3 
2 -5 3 
-10 -11 14 
-1 6 18 
-4 19 108 
93 -24 9 
3 12 -18 
18 -6 93 
-13 -99 -6 
-167 168 -1 
-1 21 -3 
-7 29 36 
1 -14 45 
-19 -14 -4 
78 28 -63 
5 -1 -2 
53 99 1 
-1 21 -8 
13 53 58 
184 21 4 
-193 97 2 
7 9 -60 
3 -9 -67 
-3 -89 4 
2 -136 -1 
-4 -32 -47 
24 -2 98 
8 -32 -7 
-1 -5 -10 
26 -1 -60 
-1 172 30 
37 -1 111 
1 -192 10 
1 20 -113 
105 90 -1 
1 -5 -20 
-1 -34 25 
-56 18 -2 
7 2 -17 
2 -36 -9 
7 1 -79 
2 182 -9 
-7 3 60 
-5 3 -12 
-1 -14 -15 
-1 170 25 
-11 8 5 
-66 -76 6 
-2 -24 -58 
-1 17 -49 
-3 54 30 
-6 -1 -59 
43 -10 1 
-185 2 3 
1 -115 180 
2 35 22 
1 -4 -20 
26 -1 -2 
22 -3 -50 
1 7 10 
-59 36 18 
-1 121 -3 
-1 154 -14 
20 -1 2 
5 10 -1 
11 -1 26 
-5 -13 176 
