8 -1 32 
41 -12 134 
-7 10 -31 
-56 28 -180 
-1 67 93 
-2 -1 11 
-54 -30 14 
-100 -32 -1 
35 -7 55 
-4 -2 -66 
-7 -6 -1 
1 -4 35 
-119 5 -2 
1 -30 -142 
-1 23 -22 
-22 -45 -92 
-1 -16 -65 
-11 65 2 
-16 -1 8 
-1 35 42 
9 8 103 
-2 -1 41 
108 -1 40 
84 1 -95 
160 -28 -1 
-1 19 88 
3 -198 6 
1 3 13 
-35 11 2 
-16 -2 -4 
177 77 104 
-5 68 -2 
-4 -13 -2 
-1 48 -5 
-40 -60 26 
90 -1 -25 
7 140 -195 
89 1 7 
-4 -91 -7 
-2 76 5 
2 -103 -8 
-78 -9 71 
152 -5 -31 
-35 -15 -28 
-13 3 16 
-5 -1 55 
59 -198 4 
-11 4 9 
-47 18 -23 
8 -106 -1 
54 -4 -2 
25 46 23 
-17 -176 -9 
-109 15 -3 
7 -31 -131 
-13 -114 2 
2 -69 -198 
97 17 -26 
1 146 -18 
-1 -46 3 
2 145 -1 
-51 1 -29 
-4 1 8 
9 1 155 
190 14 -82 
151 -15 1 
-1 12 -2 
-15 1 -171 
101 5 11 
-18 -6 64 
-4 2 -24 
12 52 -3 
-47 -6 2 
2 11 -4 
18 21 -87 
-4 -29 1 
14 1 117 
-8 3 -180 
-35 -1 -5 
65 1 -6 
41 56 7 
-11 6 -1 
1 -24 41 
-110 48 8 
5 71 169 
-126 52 1 
-2 -36 -5 
-129 -2 -4 
16 11 74 
-1 -4 -67 
-170 2 194 
6 -1 16 
-9 -18 -1 
2 92 -1 
-67 -1 -80 
32 -19 184 
1 -5 -107 
-87 44 1 
-2 7 -10 
-84 -1 -6 
-1 8 -52 
117 62 -25 
-1 3 -21 
-22 -77 1 
1 -12 -18 
-101 8 9 
-151 -78 7 
39 -23 -4 
-1 170 5 
113 3 4 
-6 33 1 
-156 14 -9 
5 45 2 
-122 -2 -1 
-37 -41 -15 
73 44 -1 
-60 19 3 
-16 -1 -2 
-1 -10 -2 
5 95 45 
110 -2 4 
6 -2 53 
1 4 6 
10 -83 5 
31 33 -94 
-1 -7 41 
12 91 4 
177 -4 -2 
13 1 83 
1 -17 -6 
-126 1 -9 
116 -1 -9 
-1 2 136 
-31 12 -1 
-58 7 -1 
-32 94 1 
-9 -12 1 
5 10 1 
-46 -41 -154 
1 3 105 
-3 -1 72 
6 15 -8 
119 -30 9 
2 -1 -3 
-77 -12 -195 
18 10 143 
19 -113 1 
1 9 7 
-76 1 -6 
10 1 6 
4 -12 -39 
1 7 -200 
-126 24 -4 
11 -181 -38 
1 -95 17 
-126 3 -5 
37 -6 -2 
114 -1 -28 
-7 53 -39 
-8 3 1 
90 86 -194 
-1 -4 5 
-21 6 14 
40 23 2 
-21 -22 -15 
8 -22 -91 
2 -25 5 
-44 43 -127 
-1 2 7 
-1 -8 -2 
-190 -1 -133 
6 -147 52 
-1 102 -18 
-1 -2 3 
-4 11 -42 
-5 1 88 
29 -44 7 
-6 2 -125 
25 -14 9 
9 1 -17 
-1 11 37 
-146 -29 -2 
101 -3 2 
30 2 24 
-94 -12 -2 
18 70 -3 
6 -1 -115 
-184 1 42 
-1 2 33 
-2 126 103 
-22 27 -9 
134 8 -39 
1 71 49 
2 -38 -1 
7 -1 2 
91 -95 160 
-58 47 -22 
-3 -19 -2 
-2 1 23 
-1 -85 -91 
-3 196 8 
-14 102 -105 
1 -19 -162 
3 -29 12 
9 -92 -30 
-9 73 6 
7 -16 19 
-105 -125 3 
-4 142 -153 
10 11 -2 
-1 -20 -51 
1 3 -38 
-194 40 -15 
111 5 42 
173 28 -2 
-7 121 4 
-1 26 -8 
-173 -15 3 
6 -66 52 
-11 -19 4 
-38 2 10 
-5 -155 170 
1 -8 -23 
9 58 -64 
-3 2 62 
1 135 -3 
-102 -5 -189 
-2 45 -12 
5 20 7 
120 -3 -29 
-5 -14 10 
-11 9 -12 
33 -5 7 
-72 -91 2 
-69 7 -102 
-1 3 14 
-43 -18 1 
84 -63 -9 
91 2 1 
-14 -141 -49 
-57 -1 5 
1 7 -10 
28 -3 -1 
-3 -33 2 
2 8 -15 
-165 -115 -25 
-5 -4 14 
-3 32 -31 
24 8 5 
1 31 -9 
-3 -67 4 
6 -80 -51 
3 1 -31 
-17 11 3 
-2 1 56 
-3 6 1 
3 1 2 
-16 19 -2 
52 -6 -182 
-7 149 2 
12 -61 -8 
121 193 -11 
1 -50 -2 
-25 -58 83 
53 23 32 
1 37 4 
14 -39 -60 
-10 -103 1 
-162 5 66 
-151 2 -4 
-163 77 -5 
121 1 -5 
-10 4 -35 
1 -28 4 
13 200 9 
-22 38 63 
-15 -42 -2 
31 -108 4 
23 -153 -91 
15 -4 13 
1 4 -10 
43 -1 113 
-99 -1 46 
-1 -4 12 
-4 -138 -35 
107 1 -122 
1 12 25 
16 68 1 
-13 -1 7 
8 1 -29 
37 188 2 
-82 14 64 
55 -1 -167 
16 3 1 
-22 -1 169 
26 -4 -1 
-22 -77 -5 
-1 -141 -4 
-11 -55 40 
195 7 30 
-21 81 19 
-3 -61 17 
-3 66 -2 
-138 48 -2 
5 -1 33 
-1 2 20 
-54 -77 113 
-1 -43 12 
-1 -2 -13 
-2 1 107 
28 16 -196 
-4 -190 24 
1 108 -38 
-11 -5 -72 
-31 1 178 
-11 -1 5 
11 5 20 
-16 -14 35 
-146 83 1 
-106 2 5 
3 1 -26 
1 8 17 
-22 -6 -28 
-2 -69 -13 
6 -15 -145 
2 4 -1 
1 81 63 
1 -10 -7 
11 12 -9 
1 -47 78 
8 -2 4 
-167 18 31 
-37 1 2 
53 -45 170 
-8 6 -5 
2 5 -31 
-1 -13 149 
103 1 30 
24 1 -4 
-1 -51 11 
-61 1 -7 
2 -23 4 
-1 19 -4 
2 53 6 
2 -26 12 
84 18 9 
-13 -190 -22 
-110 2 -15 
1 -75 6 
2 -1 -3 
1 -98 -5 
1 -61 -12 
36 -103 -127 
132 144 159 
-1 15 -7 
1 77 -81 
-18 -5 72 
177 2 197 
2 3 -78 
-3 1 14 
8 -178 -149 
80 11 30 
43 2 32 
1 2 -9 
-5 -1 -10 
140 1 122 
-1 141 3 
1 -13 -8 
21 -4 167 
-3 94 -1 
7 31 5 
-85 -1 50 
1 5 22 
66 -152 -3 
-5 41 53 
122 -1 3 
148 65 -63 
-1 -28 4 
24 -3 41 
1 13 141 
-1 -44 6 
11 -34 -24 
-3 1 5 
3 1 -9 
88 1 10 
-1 68 -14 
34 129 -100 
55 -2 6 
3 -12 -1 
-1 167 -2 
-8 -113 6 
4 23 -9 
-11 -1 116 
-8 101 1 
4 2 -3 
6 -1 23 
-1 -23 147 
8 19 -16 
-12 4 25 
1 7 2 
-3 1 47 
-160 -1 -21 
3 -7 8 
1 5 -147 
-2 4 33 
142 3 200 
19 40 9 
-2 -112 42 
-143 -65 113 
-17 3 -29 
-29 12 -2 
18 -52 -50 
175 -137 2 
-3 -2 25 
-1 8 -6 
86 -49 5 
8 85 -1 
5 2 -1 
-107 -1 178 
24 49 -1 
-72 -46 -2 
1 2 -3 
-59 36 12 
4 -29 -72 
-1 169 -22 
-7 5 -17 
-1 5 3 
-2 1 -180 
-169 3 -126 
13 1 8 
2 -1 -45 
26 -42 4 
-4 18 -44 
5 1 -2 
-15 -40 -1 
2 1 -16 
10 1 -43 
-19 -2 -35 
12 -23 -9 
-1 174 -67 
5 -10 110 
4 -6 36 
2 144 139 
111 -7 -3 
-9 67 -134 
-25 -1 2 
3 5 -46 
11 -1 33 
45 -2 1 
15 1 -130 
12 25 1 
13 2 5 
71 2 7 
-1 -5 -73 
1 -2 -27 
190 25 20 
-2 20 43 
11 1 3 
1 3 28 
4 -3 1 
-6 2 40 
23 -14 17 
-2 -1 -56 
1 80 -47 
-1 3 -13 
-23 -140 34 
-86 1 19 
-45 2 -3 
-3 -2 -12 
2 6 125 
10 1 76 
-12 18 29 
-4 168 13 
4 1 6 
17 151 -4 
-69 1 -38 
-5 4 6 
34 6 93 
1 -62 -5 
-5 -6 1 
13 -93 -33 
25 3 1 
-94 -2 -13 
-4 1 -5 
-1 2 26 
-119 -73 10 
96 -12 1 
1 13 2 
2 -4 -75 
90 1 14 
-12 22 93 
8 1 6 
32 6 1 
157 -23 -15 
-5 -2 -8 
-136 -102 -173 
39 -5 24 
16 3 -121 
-8 6 -19 
34 8 -10 
13 8 98 
4 5 -1 
3 -69 -119 
-173 15 -5 
1 -76 4 
-7 1 12 
44 -8 51 
-8 10 34 
1 -24 -21 
4 5 -56 
-43 1 -2 
-36 -23 33 
-33 64 -4 
85 -2 -1 
12 47 -2 
1 -47 13 
-1 -2 -11 
-117 1 -49 
28 -1 6 
2 -17 -25 
14 -3 -88 
-1 75 102 
-1 -2 89 
-2 6 -4 
-166 34 53 
4 -1 -131 
1 -16 6 
29 -3 97 
92 -14 36 
2 9 -161 
38 28 29 
134 3 1 
-1 -35 -7 
-85 -1 -8 
-116 51 -1 
-24 -7 -5 
-1 -4 82 
-30 -7 -2 
-3 1 -16 
197 -1 62 
-8 47 -92 
-44 -35 -17 
7 175 -40 
2 -1 -11 
33 -129 -156 
-178 -1 -84 
-2 -52 -1 
-5 148 199 
-197 5 -24 
156 1 37 
65 -3 1 
-1 -9 -39 
-51 -9 1 
19 -2 11 
-1 15 -3 
5 16 -13 
-64 25 -32 
140 117 -2 
21 36 -2 
71 -184 5 
-11 2 -26 
46 39 -95 
-1 -4 3 
56 129 -27 
-25 3 -69 
50 2 -5 
-1 -17 4 
20 -3 4 
-19 3 -5 
-198 19 -8 
-14 -101 15 
-3 -51 1 
27 3 -35 
30 24 -2 
-16 2 15 
-1 78 15 
-142 1 -5 
-1 5 -4 
-5 12 -1 
14 -16 -1 
42 15 28 
1 -176 93 
-4 24 128 
3 -5 16 
116 -7 -2 
-103 4 -108 
6 197 1 
17 4 -7 
-92 -13 -14 
-92 14 -2 
1 7 39 
-1 151 56 
-3 8 116 
66 -2 -8 
2 1 -60 
-14 -89 37 
5 55 1 
-8 1 -16 
11 -2 54 
-3 -118 7 
