67 1 -69 
13 -71 -1 
-4 6 28 
12 -19 -71 
1 -10 24 
-9 3 -1 
-4 1 3 
-4 2 21 
2 1 13 
65 75 1 
-1 199 3 
95 -3 -14 
1 4 51 
4 13 -18 
5 -18 7 
-5 9 30 
-30 -14 -20 
1 3 -50 
-21 -7 -138 
124 195 14 
-34 1 -141 
44 5 -12 
-32 2 -86 
18 -1 31 
-2 1 63 
2 -5 -54 
-11 64 -2 
9 1 -32 
-164 180 -46 
-3 -2 -144 
-1 -165 -9 
1 -5 -24 
1 -13 -167 
-42 73 -47 
10 122 49 
-4 2 -5 
-3 5 -6 
-1 -38 -30 
36 -90 1 
1 -2 -165 
2 1 -185 
2 -1 -17 
147 7 -11 
-41 -129 64 
-1 -2 -26 
169 -22 -21 
-15 -36 3 
-30 -1 -11 
77 -3 -44 
-14 42 7 
-7 -36 -19 
-2 -16 -10 
-95 63 44 
-19 -102 52 
3 -2 -39 
-17 1 83 
2 -115 132 
1 -2 95 
88 112 -2 
-9 2 1 
-4 15 -67 
-191 23 1 
2 23 -1 
34 3 18 
-1 -22 -9 
-1 -6 -89 
12 -118 3 
15 -47 -55 
-12 2 28 
1 -129 -115 
-1 -62 -13 
-159 -3 -164 
11 12 1 
2 5 7 
42 5 -3 
53 44 -3 
-13 -2 -14 
1 -15 -2 
27 1 24 
-52 4 -11 
13 1 -5 
-30 -6 -4 
1 142 -4 
24 104 12 
-23 5 -11 
1 -2 -55 
5 7 -135 
-34 -2 -61 
-116 -23 4 
-39 5 -2 
15 -119 -20 
5 -29 -138 
138 -30 39 
1 192 72 
-82 2 -1 
-2 -93 1 
-5 -2 -9 
164 89 -6 
-143 6 -1 
3 -62 1 
1 -6 -15 
-61 -2 186 
-37 -1 -6 
1 17 -92 
27 -18 1 
-2 5 -15 
5 1 26 
-1 -6 5 
2 167 1 
-9 -4 -6 
-15 3 2 
141 4 1 
-3 11 19 
-4 -74 -2 
14 10 1 
84 1 15 
2 100 73 
-100 4 -8 
9 -3 5 
1 -20 29 
-52 -60 -1 
-7 -22 -24 
-1 -6 -18 
41 -2 -29 
5 10 -15 
11 8 -129 
10 1 -11 
-1 18 -9 
8 -1 -173 
38 -1 3 
14 110 145 
58 2 -1 
-87 34 -2 
-18 1 -5 
-1 -3 -87 
-1 8 97 
-146 17 -70 
20 28 4 
-43 -2 -6 
8 -2 1 
19 2 -30 
-1 5 97 
-28 2 -4 
49 -3 1 
-4 -112 6 
-47 -1 -24 
4 74 -8 
19 87 1 
-1 2 -4 
-27 6 -44 
111 36 -1 
1 -46 2 
84 42 -9 
-6 96 -11 
-113 -67 -3 
-109 -1 -25 
-10 -2 -89 
4 15 5 
-12 44 -2 
-7 -40 3 
17 5 -2 
-1 -22 26 
2 162 11 
2 3 -11 
-1 6 -5 
3 2 -26 
-149 -169 1 
32 -18 -34 
-138 -6 -165 
44 23 -3 
-131 -23 -49 
-120 11 -87 
1 12 -3 
4 13 83 
9 28 7 
-151 -9 -46 
-3 -104 -21 
182 -1 -2 
15 -158 -43 
-58 -2 -1 
11 -48 -1 
121 -3 -33 
-11 -1 67 
1 -52 -39 
-163 2 -63 
-13 -1 168 
8 -13 3 
4 -51 -7 
-2 8 -1 
7 1 29 
2 63 -9 
-3 -22 7 
5 -1 4 
-1 5 -14 
-134 -60 3 
43 -51 3 
28 -2 -23 
-9 108 -2 
-7 -3 -5 
3 5 43 
61 4 3 
2 43 -187 
117 16 25 
-31 1 -3 
81 -9 1 
-6 1 -159 
16 86 -2 
-3 8 45 
143 -17 -155 
26 -1 22 
18 -4 -3 
31 7 -17 
-6 19 -145 
-2 20 -3 
-1 156 -84 
5 8 104 
5 89 70 
-2 -1 -12 
26 31 9 
1 -3 -6 
3 28 2 
-2 61 -65 
3 94 185 
5 93 2 
41 -1 -79 
24 1 2 
1 -3 -10 
-19 1 -129 
7 16 29 
-10 6 -1 
1 -170 -17 
-71 20 -27 
42 -5 -16 
-25 3 43 
-23 -3 -5 
4 -43 5 
8 2 5 
111 -3 -108 
4 -168 -1 
-27 -7 59 
3 -1 -33 
3 1 -4 
2 -1 162 
-3 1 2 
-76 -1 2 
-2 71 63 
2 139 4 
-16 1 4 
-1 -4 -33 
109 -27 -6 
-2 -1 17 
5 9 -12 
-34 1 -27 
-164 -6 -166 
-8 108 172 
128 -4 26 
1 -18 -48 
1 -9 -90 
9 1 5 
38 -1 57 
-1 -39 18 
-66 19 100 
-36 155 -24 
-23 -16 -31 
10 47 -1 
-6 5 3 
-18 165 -36 
-74 -140 2 
15 34 3 
2 -1 -24 
-64 135 1 
72 -3 13 
39 2 -194 
50 -48 -1 
37 195 164 
2 -31 -54 
37 -31 1 
80 -2 -34 
-2 31 59 
-41 116 1 
9 24 -27 
-24 9 -17 
-37 175 -12 
49 -25 -102 
-71 -7 -5 
-1 -154 -2 
3 1 -14 
-9 42 44 
2 -9 3 
4 -10 -1 
-10 -9 1 
-49 196 28 
38 2 -3 
6 12 4 
-10 -47 -5 
1 -17 7 
87 -9 30 
-1 -158 9 
-25 8 4 
-11 -2 -17 
23 67 21 
50 -1 -2 
-1 156 -4 
-47 17 40 
2 -77 -3 
17 2 106 
2 -69 4 
-2 -24 197 
-52 15 -16 
167 39 -11 
-82 3 -1 
85 49 2 
-51 7 3 
2 -73 7 
-14 -169 1 
19 49 -150 
-90 45 -101 
117 4 104 
-4 -9 181 
-7 -53 -45 
2 1 -63 
-5 2 -3 
1 9 -113 
-15 12 8 
-33 95 -2 
-64 -1 24 
-6 168 -7 
-47 19 -23 
-12 -128 3 
102 -93 -55 
-7 -3 -1 
-1 5 68 
29 -1 -99 
-60 -17 1 
-1 2 19 
17 -4 -9 
-32 5 4 
3 26 -51 
196 184 2 
38 13 -156 
63 -10 151 
-3 4 5 
1 162 174 
1 17 9 
61 58 14 
-28 1 9 
-122 -1 2 
1 3 -174 
33 41 -5 
1 24 13 
-7 4 -37 
1 2 -5 
123 -19 88 
10 -1 149 
28 -8 -19 
-139 -21 6 
15 -75 24 
88 6 -2 
194 2 3 
20 -5 -67 
-6 1 83 
1 -73 -11 
-38 -68 -9 
-14 3 6 
11 -12 -20 
3 176 -1 
-1 -15 -58 
1 -74 29 
7 82 42 
117 23 -136 
-55 -2 79 
98 -108 -1 
91 120 56 
-16 -4 97 
5 53 18 
-20 1 27 
-6 45 16 
62 -145 -2 
2 -105 1 
-48 2 -1 
-11 21 -43 
-45 8 -23 
-1 143 -150 
2 1 9 
4 23 162 
-25 -4 1 
-7 -26 -13 
-23 -6 -82 
45 -10 78 
93 -5 15 
1 38 11 
-50 1 10 
1 -8 -169 
-2 -1 29 
1 -3 23 
3 -1 7 
53 10 -22 
-2 49 12 
-13 102 -9 
-40 1 27 
7 64 52 
157 -1 49 
85 -67 -1 
-12 46 3 
7 -42 1 
-21 3 7 
-5 13 -9 
-132 3 -9 
11 -62 -50 
1 28 2 
200 -4 1 
-4 -19 -69 
199 60 -1 
2 -16 -7 
181 6 -13 
-2 -82 13 
75 99 -14 
-9 -2 -1 
47 11 5 
31 -8 -120 
1 -23 19 
47 -1 -71 
-37 -25 1 
187 -4 26 
103 7 -53 
8 -1 -186 
9 188 46 
3 -5 6 
-27 76 -54 
148 -3 -8 
-1 -171 -82 
16 142 -2 
-3 -1 -25 
-3 192 2 
-5 41 -14 
-13 1 4 
-1 2 12 
7 1 39 
-3 -9 -29 
9 38 11 
-14 20 35 
-89 -11 91 
36 3 80 
1 2 177 
-15 12 -10 
2 -154 -16 
8 -5 -1 
24 20 27 
-12 -1 4 
151 4 103 
-179 1 -5 
-6 -15 7 
52 2 -3 
-9 34 -1 
15 -6 -33 
-60 5 -2 
-3 -4 35 
-1 -30 5 
-11 1 2 
-1 9 2 
2 1 41 
-1 -48 3 
-103 4 -2 
3 4 -10 
1 -39 8 
6 1 -101 
191 -4 -77 
-107 14 81 
14 72 7 
-124 -10 77 
-97 -31 1 
11 -82 3 
-85 -16 -3 
-7 -11 3 
1 32 -123 
3 10 18 
57 7 -35 
69 -17 12 
-17 3 6 
-98 3 11 
-55 71 2 
43 1 2 
-4 7 -9 
-1 -8 34 
-104 33 -70 
-137 14 194 
2 1 -112 
8 4 -183 
-31 -79 12 
-8 -47 -13 
-5 184 160 
-1 19 174 
1 12 -16 
-13 -3 2 
103 -7 -11 
-37 10 -1 
-11 -2 -3 
-174 -5 135 
-56 64 39 
-1 -5 103 
10 -1 -115 
7 8 2 
-5 15 -7 
1 7 97 
1 2 -163 
97 -15 4 
-2 -18 4 
56 -16 23 
-2 -3 1 
12 -1 3 
-67 18 -35 
-71 -113 -1 
2 -73 1 
-12 -15 9 
1 3 -39 
-46 -1 -15 
-157 -109 -8 
12 -66 1 
-1 -24 -2 
-2 -18 -5 
-32 3 57 
-2 7 -19 
-9 -175 -5 
-3 10 20 
-37 -121 7 
117 17 109 
1 6 -2 
-3 5 -6 
3 -2 9 
-5 12 -11 
-44 3 -7 
32 78 114 
-4 97 9 
21 64 -12 
41 -145 -195 
-48 -75 -73 
-18 -37 4 
-31 -3 27 
3 28 -29 
10 111 -87 
26 -12 76 
-91 19 6 
2 -1 3 
164 1 143 
-14 1 -61 
79 -6 -3 
-1 5 32 
-6 10 2 
1 -3 6 
-1 4 118 
-9 25 -1 
4 -90 -5 
140 -26 -7 
-28 -2 3 
-1 -99 -5 
46 -20 12 
7 -69 -166 
3 -54 -7 
89 -2 -5 
123 3 120 
142 -9 -1 
-40 -79 -1 
164 -3 1 
-27 -3 25 
10 -88 1 
124 79 42 
9 24 -71 
26 -129 -42 
-3 -22 43 
-186 38 -5 
8 -14 -30 
2 -5 -24 
9 172 91 
37 2 -5 
-12 17 2 
-1 9 14 
-6 11 29 
-2 -194 30 
-39 40 15 
-12 1 -10 
-176 3 138 
1 -155 2 
-1 -23 133 
-5 173 -1 
-3 6 -64 
1 28 -122 
-13 47 29 
-8 -1 -14 
2 -3 -19 
9 3 63 
8 -4 -75 
4 52 134 
-1 154 5 
-1 15 -8 
-49 -30 -4 
2 -74 93 
2 -1 -76 
19 -1 15 
26 12 3 
2 -1 -137 
