-1 -5 -6 
-46 -8 -1 
140 -62 -63 
-157 2 -4 
-3 98 -18 
-1 123 3 
1 -121 -15 
81 32 8 
-17 -16 155 
56 -1 -22 
-9 3 1 
-33 91 1 
197 -1 -199 
-47 -1 -2 
-1 5 50 
40 -32 46 
5 -1 16 
-28 1 149 
16 -53 4 
34 -13 -33 
50 -109 -100 
5 6 -50 
-9 -135 -2 
-18 13 -1 
13 -28 59 
-1 -75 197 
-45 7 1 
15 1 165 
-1 -67 -16 
13 17 11 
18 7 -1 
45 -8 1 
-3 65 7 
2 -73 -49 
-139 1 21 
-17 -1 -2 
3 -2 1 
-3 14 2 
-24 3 20 
-2 -1 11 
22 1 -12 
4 -102 141 
-8 124 20 
-48 150 -2 
-2 47 5 
109 80 -164 
-117 -32 2 
-14 -17 10 
-4 18 2 
-64 134 -12 
-8 -73 9 
63 1 12 
-1 -9 -24 
-56 -3 13 
112 -4 -9 
-4 68 -2 
-15 -172 31 
-5 2 66 
5 1 4 
-1 -57 -172 
7 2 -99 
18 -1 -6 
1 16 -4 
-18 1 48 
1 39 -20 
-3 -29 61 
2 29 6 
187 2 -111 
9 1 4 
1 -6 -80 
-1 31 26 
4 -82 123 
-35 52 -3 
-1 149 22 
1 -16 12 
-21 -190 -166 
20 1 58 
7 -27 -1 
17 10 -2 
25 -8 99 
64 -33 -79 
2 -3 1 
-13 43 -1 
-1 -5 -58 
112 -6 24 
-1 147 -11 
192 12 -8 
-1 5 -23 
-5 51 -118 
1 -17 -5 
19 -1 -16 
-62 -4 -1 
37 -3 6 
-3 18 181 
-24 1 96 
-21 -22 15 
-181 9 1 
115 -11 -1 
1 -186 45 
-38 1 -3 
-6 -194 53 
-7 2 -1 
1 99 173 
-3 -19 -37 
10 -1 3 
88 -12 -8 
1 5 -2 
-1 -68 -7 
12 -1 5 
16 1 18 
10 1 -2 
-103 80 24 
-2 -9 1 
-1 10 2 
-6 12 8 
-64 -4 1 
65 10 15 
-5 -2 -8 
-4 32 -52 
24 47 93 
25 67 3 
-48 193 2 
-18 -8 -4 
29 -47 -122 
29 4 -10 
-45 -21 7 
-154 51 -1 
19 -37 -1 
30 32 -2 
-1 56 59 
-2 -1 -114 
-3 -5 2 
76 -21 -36 
-42 1 -2 
-7 8 41 
1 16 -5 
46 -3 41 
39 -10 2 
-1 174 6 
1 47 100 
3 -41 12 
-3 -149 -8 
38 176 -1 
-19 -34 35 
-131 -15 25 
107 -1 -58 
-55 -7 -46 
-16 125 -2 
109 -12 -2 
49 68 -89 
-118 14 2 
-17 -1 8 
-1 -7 4 
15 -1 59 
-1 15 4 
-2 -115 -22 
88 -71 7 
-16 -148 -35 
3 21 -1 
1 93 11 
45 -10 26 
5 1 67 
31 5 2 
-140 -1 36 
14 56 -1 
-12 -1 2 
-12 4 -6 
-140 -14 2 
-52 38 7 
4 154 -2 
-2 10 -7 
-138 2 -3 
-110 -15 -3 
-41 5 1 
1 6 -26 
-5 -3 2 
1 104 135 
3 -18 14 
-1 -185 20 
-1 -73 80 
1 23 -6 
-1 13 -9 
26 83 -10 
-54 9 -4 
129 10 1 
-148 -1 -17 
3 89 -23 
-25 15 12 
3 28 29 
29 -20 -37 
-1 45 -50 
5 -24 -104 
93 3 -46 
-26 16 2 
-2 13 -5 
-1 6 -164 
15 81 -1 
2 119 170 
1 -4 103 
-1 5 19 
-2 -11 -51 
-179 -25 36 
-12 -1 -4 
23 -199 3 
61 1 131 
-119 -61 8 
5 17 20 
-12 -112 -135 
-125 120 -75 
1 2 79 
134 4 -10 
14 4 -194 
-31 102 -7 
-35 151 103 
7 -134 49 
96 -40 -3 
29 166 -4 
-20 -1 -3 
-7 6 12 
45 9 87 
10 -9 -8 
1 3 44 
-27 17 1 
2 86 1 
193 -157 124 
1 2 51 
1 5 -57 
36 15 -47 
-1 3 71 
144 143 4 
-1 -4 33 
-1 -2 8 
1 -30 -20 
-1 6 -53 
1 19 -33 
2 10 6 
-1 50 -15 
37 7 -94 
6 -2 27 
-2 -51 -4 
1 23 -20 
-25 2 5 
13 95 -46 
1 17 13 
7 -124 26 
1 -7 -139 
81 90 4 
-6 -21 -3 
109 3 100 
-3 6 -1 
148 3 -47 
20 42 -4 
-1 -12 11 
-30 10 1 
1 -79 70 
134 -17 -14 
-1 -83 3 
-3 10 24 
8 1 34 
-25 -49 -1 
-128 -2 165 
11 -39 3 
-1 -87 64 
-2 49 -38 
2 -21 4 
8 -4 41 
3 24 -70 
6 77 -1 
-191 -20 -12 
-31 70 98 
46 -28 9 
1 94 -85 
-1 -5 -155 
6 5 -11 
27 72 13 
24 1 -23 
127 -2 1 
62 -80 -35 
-1 15 -16 
179 30 1 
-99 7 -2 
5 -3 -10 
55 9 178 
-1 -16 21 
2 -29 18 
-1 5 -2 
-2 -1 109 
2 -5 -181 
-4 24 -14 
170 -5 10 
7 55 -21 
10 -104 -1 
21 37 178 
-3 -1 14 
6 152 32 
-6 89 -32 
32 -7 -14 
-23 32 1 
52 11 -117 
-13 1 -6 
-1 -5 27 
1 -20 -2 
-22 1 2 
1 -8 -16 
2 177 8 
-14 1 5 
-5 156 -136 
-25 183 4 
2 14 116 
-1 -115 -3 
-102 9 -17 
-95 10 1 
-2 106 10 
-3 -24 4 
-25 7 84 
-1 5 6 
167 2 -52 
22 -1 -11 
-81 1 -44 
139 -75 137 
6 14 -41 
-3 23 7 
-4 1 2 
175 166 2 
-30 2 55 
1 -3 189 
2 3 -162 
27 -123 10 
32 1 70 
-5 -10 -23 
1 6 29 
4 -3 -35 
-1 21 -31 
-93 -25 -1 
-22 8 102 
-2 83 -160 
107 116 -135 
-16 105 1 
-11 1 25 
44 73 -154 
1 -44 23 
1 3 143 
33 -2 -73 
-131 -24 -6 
-14 -1 -149 
-3 1 22 
-9 -20 17 
-19 -1 44 
-20 -47 -2 
-109 -108 14 
21 108 -4 
26 1 7 
80 6 -5 
-7 6 -1 
31 -4 11 
147 26 2 
-1 -3 -147 
-184 -12 16 
2 10 46 
-1 22 -98 
-4 -10 26 
44 168 -113 
3 5 -88 
197 -185 -147 
5 -1 -2 
84 -119 14 
-13 2 -5 
-28 174 -2 
14 15 -19 
-62 2 54 
-37 25 1 
-19 198 9 
-1 10 6 
43 2 -153 
14 12 2 
-85 -4 -20 
3 5 13 
-5 1 -169 
-10 3 -64 
-1 12 6 
1 39 42 
-2 14 72 
153 -23 -1 
-25 9 171 
-165 176 -4 
-1 -38 -30 
-8 -3 13 
-27 47 -10 
-2 9 -37 
-65 155 -112 
-5 -3 -62 
-149 -35 -4 
-10 6 -5 
-27 2 -39 
12 8 65 
-7 2 1 
-1 -6 13 
-1 -27 10 
51 -14 28 
19 -12 9 
-21 4 -1 
148 -2 5 
117 -6 70 
81 -40 -17 
1 127 -6 
-22 1 -15 
-69 -22 -2 
-7 -4 -66 
-136 -8 -3 
-2 3 106 
13 2 29 
-117 -82 -46 
1 -51 -24 
-146 -126 -168 
11 -1 14 
198 35 1 
-6 -22 -7 
-7 -13 -1 
1 96 -116 
83 4 -21 
1 90 -73 
-1 -12 86 
20 -21 13 
1 -13 -2 
-25 71 7 
2 -1 3 
-68 -1 -162 
-4 -31 25 
-17 -9 -1 
-8 147 -27 
6 -1 -2 
-43 1 2 
16 84 -4 
2 -23 85 
4 30 5 
-13 -100 -2 
-39 19 5 
-5 2 -1 
-103 11 1 
-63 15 -1 
1 -2 7 
-157 -10 -181 
1 -2 24 
-1 2 -18 
59 1 -29 
35 5 -12 
-87 -1 130 
-23 188 5 
29 -2 -22 
191 10 192 
-1 -7 -3 
-1 -26 28 
1 -131 -6 
39 -7 -3 
-3 -7 34 
5 -2 24 
63 3 31 
1 -10 3 
-4 2 -5 
46 2 5 
-2 -1 -6 
34 168 5 
10 -45 -22 
-158 1 -23 
69 -2 -6 
-12 -94 -2 
-2 -188 150 
19 -7 4 
13 -1 -158 
-82 12 171 
10 -38 -13 
-30 -14 -2 
59 -41 -135 
-14 -7 -170 
2 6 99 
160 -1 21 
12 -23 -3 
-46 -17 -10 
13 -1 -9 
-5 -135 -2 
24 -4 -30 
1 7 4 
-2 5 -70 
-1 112 -29 
-1 113 161 
3 -36 -4 
61 8 -1 
8 -17 -3 
15 1 -32 
-24 104 11 
-7 -47 -1 
-77 -3 38 
1 -47 -17 
-7 11 4 
26 1 -40 
74 23 72 
115 197 3 
44 3 80 
-44 28 -14 
-2 88 -8 
-2 1 -169 
-2 -28 16 
-3 -9 -6 
-115 5 -83 
24 22 2 
128 67 -16 
-28 20 1 
-2 1 74 
-16 -1 -2 
184 -2 1 
1 134 -2 
-6 -1 -120 
28 -89 -57 
23 -1 138 
9 -42 1 
-10 3 1 
-37 -115 42 
-84 -12 3 
16 1 -3 
1 4 -11 
3 1 79 
-91 116 10 
43 5 1 
14 61 -1 
1 -22 -45 
3 -1 -4 
-89 2 20 
2 -1 -7 
1 103 -157 
41 1 8 
1 6 -64 
-44 177 -27 
-8 -2 1 
-1 -130 169 
74 1 16 
10 -4 -1 
70 2 1 
82 2 6 
-25 158 34 
-163 -1 6 
14 -2 97 
-21 3 35 
4 6 -1 
13 -2 -16 
-4 -8 -16 
41 -1 18 
13 41 -4 
-5 12 -1 
-1 -3 32 
2 -150 113 
-3 10 -1 
-67 -2 -1 
-1 -3 -54 
-2 -92 -28 
14 1 -56 
-131 9 -1 
19 1 75 
1 -2 -17 
15 -191 3 
12 -86 10 
-79 -2 -1 
-31 1 194 
2 -21 26 
5 -28 -40 
42 46 18 
-88 1 -38 
-4 -39 -1 
-9 3 -70 
-186 1 -7 
-1 5 -143 
28 9 -98 
-82 -1 3 
-101 -96 -140 
1 -44 8 
15 -2 -30 
-22 45 4 
-144 -5 -12 
-1 14 6 
-1 -5 72 
159 -5 9 
-3 12 -1 
4 -132 -24 
-1 -6 -11 
10 125 1 
38 3 2 
2 3 -7 
-6 -3 4 
-4 -10 -11 
-177 34 -30 
-1 -3 -19 
-4 -2 5 
-17 110 -1 
2 -1 -10 
-2 -45 -4 
-30 -6 114 
2 -6 164 
-97 11 -52 
-3 2 4 
-49 3 -1 
-4 -38 14 
