34 37 -70 
11 -6 97 
1 -81 -3 
10 -165 -169 
-6 -21 110 
-107 87 -75 
-85 -3 12 
2 92 52 
14 -63 -40 
6 -21 1 
1 3 20 
42 -2 -11 
62 39 151 
5 16 -59 
138 30 31 
56 -7 -33 
-102 -9 -8 
21 98 179 
147 -5 -39 
90 154 2 
1 -20 111 
63 7 -87 
1 27 -7 
-4 -7 -28 
-12 15 2 
-32 9 1 
28 -52 5 
12 25 1 
43 -2 36 
-49 -6 2 
-169 4 -145 
10 -1 3 
-1 14 11 
-1 -67 46 
-80 173 146 
3 2 4 
1 3 -4 
-44 1 -13 
57 -110 -11 
44 -19 -1 
-11 7 5 
-160 1 2 
-1 17 -80 
12 1 68 
19 177 -85 
12 -1 21 
35 108 1 
167 -35 1 
-3 88 41 
4 -47 11 
-2 -10 11 
-3 -6 50 
-1 -81 116 
16 17 21 
43 -1 -125 
-8 6 13 
1 -24 -200 
122 -179 -47 
9 2 -7 
7 30 3 
47 3 -27 
-9 -29 18 
-47 -7 -115 
119 -115 1 
-4 -13 -1 
-51 4 22 
19 5 -1 
12 -1 7 
-2 8 27 
2 -1 -137 
1 161 8 
-3 1 8 
3 -11 49 
-7 1 20 
-2 -10 1 
2 -3 -75 
-7 -1 146 
-2 -12 170 
32 -10 -8 
-3 9 124 
23 3 13 
-3 -174 -1 
-123 1 2 
2 -173 16 
3 1 -18 
46 174 2 
-8 97 133 
107 -45 -5 
24 1 -2 
-1 103 -3 
-2 -3 1 
9 -13 21 
-2 -55 1 
-60 -5 1 
149 9 70 
2 -15 20 
1 6 -62 
-7 -2 26 
-102 -49 15 
-4 5 -50 
19 -189 -1 
-3 53 2 
-169 112 70 
2 -73 -72 
-58 1 -3 
115 -9 2 
2 -143 174 
63 142 2 
-39 -26 -10 
-5 -27 -3 
-2 -4 -10 
22 2 97 
6 -58 -1 
111 134 -6 
1 -15 79 
76 38 -2 
-3 -8 150 
-172 15 7 
-18 39 23 
1 -3 172 
-25 -1 2 
40 16 -58 
6 -3 -2 
182 -1 3 
3 -132 24 
-125 -22 -21 
-12 -149 8 
-26 98 -1 
1 23 -44 
33 -27 -85 
173 3 -2 
11 185 1 
-20 2 11 
-35 1 -3 
-8 -2 -1 
-127 2 91 
-4 8 1 
1 108 5 
-2 -1 -86 
-8 3 -21 
-70 -3 14 
3 11 1 
20 59 2 
-10 5 19 
-7 4 -176 
-5 112 197 
-7 2 1 
1 8 3 
30 -20 -7 
-5 -2 -1 
-13 168 -2 
1 -16 15 
-16 -3 97 
-1 -7 -73 
-2 -20 1 
1 15 -2 
9 5 -25 
-12 6 146 
-11 -10 4 
-2 126 -15 
1 -11 -9 
16 -3 -85 
-195 -5 -1 
-1 4 88 
2 -196 29 
-1 114 -74 
31 -9 7 
-36 -103 -1 
2 -7 10 
-53 1 8 
10 2 -11 
77 16 10 
11 29 -6 
-36 1 4 
1 30 2 
-3 1 159 
24 -2 -1 
2 74 -11 
17 -62 -77 
-1 -7 3 
4 -46 -2 
-68 -1 -7 
-53 1 6 
-9 69 -2 
1 -38 10 
-3 -1 99 
142 -7 -53 
-4 114 1 
8 -5 128 
88 -6 8 
-16 -55 5 
-96 -188 2 
-29 -3 5 
-23 5 -1 
-116 -41 -98 
-1 -114 106 
-16 -7 103 
-126 47 -41 
2 77 -1 
-39 2 18 
-15 -40 -1 
-58 -96 -20 
-3 1 60 
-77 -6 3 
-21 -30 -119 
7 41 -2 
-2 13 -21 
-11 136 108 
73 -13 -1 
3 -170 -175 
2 -1 -5 
1 -26 94 
-58 -5 -19 
-2 -6 -73 
25 57 -43 
-95 -1 69 
54 -182 40 
-3 1 -132 
70 -4 1 
2 -12 4 
1 -28 33 
1 -21 9 
15 -6 5 
-19 173 5 
1 -177 8 
-9 -10 1 
4 6 -91 
-135 -1 116 
12 -6 -2 
-2 155 60 
-122 -1 -12 
7 -18 -3 
100 6 -21 
12 1 -8 
-69 -104 -2 
4 32 111 
2 -6 180 
162 3 10 
-18 -3 126 
24 -108 84 
10 132 -3 
1 -15 6 
-1 -40 -59 
-1 7 -26 
-70 2 -84 
-11 -65 1 
-21 -51 -1 
2 -127 3 
38 -55 1 
145 30 114 
51 -44 1 
1 2 10 
2 4 -1 
-2 8 4 
130 -61 -2 
-6 -41 22 
-78 35 185 
22 -56 1 
3 -50 2 
-118 -15 35 
1 -25 12 
-22 -154 -89 
14 -15 30 
137 -48 4 
3 -1 -7 
-15 47 79 
2 21 -4 
61 2 -4 
-162 33 38 
-2 4 -8 
24 1 6 
-25 27 -2 
16 2 8 
-1 -75 197 
-1 16 2 
54 -91 1 
-3 -42 -1 
-1 -22 4 
182 -12 1 
26 -59 35 
11 -2 -1 
-2 -27 -57 
1 -8 34 
189 -1 2 
-22 1 -26 
155 1 42 
-4 193 17 
4 105 45 
37 -146 49 
28 -36 6 
-2 -5 8 
5 25 6 
16 -8 118 
28 -8 97 
-46 3 -111 
79 -25 41 
-5 2 1 
99 3 1 
6 3 1 
-22 18 -156 
19 41 -2 
-25 8 1 
-1 9 -12 
-5 1 20 
1 -190 5 
2 -110 1 
-52 31 8 
2 3 45 
14 -104 -2 
-13 4 8 
-12 130 -1 
-23 2 1 
-194 -1 -58 
39 -8 -12 
9 102 1 
2 48 -5 
-1 11 -9 
-2 -1 -86 
3 -29 -183 
-1 126 -68 
-161 14 -19 
-1 -15 6 
-1 -2 -3 
2 41 -5 
10 -123 19 
-103 28 -29 
1 4 -85 
-131 1 6 
32 7 -5 
14 -82 -5 
-39 44 1 
3 186 -4 
1 46 -2 
-5 52 -3 
2 -159 23 
-30 -86 108 
92 -51 -12 
48 -47 70 
1 -18 -4 
-1 2 -4 
70 -1 6 
3 -54 -1 
13 -2 -187 
11 1 -188 
61 -3 15 
-11 3 1 
2 28 -156 
46 4 139 
-34 73 -66 
-7 26 20 
-6 -5 1 
-3 136 -45 
-102 -1 49 
-9 -31 -4 
16 -3 2 
-147 1 5 
36 -46 -1 
6 -18 1 
1 57 26 
1 -3 -11 
30 13 -1 
2 -1 -83 
1 -2 -14 
-10 3 43 
45 46 97 
-1 6 43 
-47 1 -3 
-12 -31 -4 
123 1 -61 
-41 -5 -6 
-88 10 -74 
-10 2 -8 
-172 22 -21 
-69 80 42 
24 -55 -167 
-1 3 11 
47 -4 -12 
11 2 28 
-7 -69 -89 
-3 -86 19 
-32 3 -1 
6 2 -84 
8 -22 -192 
-2 11 -17 
-2 120 -66 
-97 2 -15 
115 -88 9 
-3 -69 96 
142 3 -1 
-1 12 -145 
-21 5 -11 
33 -1 197 
23 20 1 
-5 2 4 
-7 10 -45 
-44 -72 -53 
-1 -13 -10 
-17 1 -2 
16 -188 -98 
-182 -4 -39 
4 -17 -53 
61 -1 135 
-1 64 7 
1 7 -6 
101 -21 18 
74 3 1 
99 -9 1 
-13 -3 4 
56 -4 -16 
-2 152 165 
7 196 -10 
1 -173 -49 
-1 30 2 
1 -22 -11 
1 3 2 
58 3 -13 
-3 -2 10 
30 -5 1 
-20 -157 25 
-79 -1 2 
2 -31 1 
-7 6 -8 
2 62 54 
-9 -1 -165 
-9 -32 -5 
-3 8 -115 
10 -28 12 
-38 9 -1 
-22 -44 -54 
8 -1 184 
1 13 2 
1 3 -6 
-24 -96 115 
-1 -2 -104 
-68 72 -100 
-3 -196 -1 
16 -2 -1 
37 3 -66 
-92 6 -17 
14 2 -1 
-4 -22 1 
-120 13 4 
-19 122 -99 
-46 -5 -27 
-2 -13 12 
-10 -88 -22 
60 -2 -84 
-139 1 -5 
-1 2 -177 
-137 6 -5 
-56 1 128 
-182 27 6 
28 -6 63 
30 -1 -5 
1 -85 19 
4 2 48 
-1 -111 3 
-5 -6 4 
-71 13 42 
-1 44 -73 
-2 1 4 
57 1 -3 
37 122 6 
103 9 24 
5 -3 -4 
2 -1 7 
-1 22 11 
19 -3 1 
-19 9 115 
64 58 50 
-2 3 1 
9 -15 -2 
-27 10 3 
-16 4 -2 
-18 9 88 
1 15 -6 
-1 -22 -7 
-1 -3 2 
-2 -79 -20 
1 -64 7 
14 -12 72 
-47 -1 29 
-46 -6 -151 
1 4 85 
2 -3 -10 
27 5 3 
-3 -13 195 
-41 -1 -59 
-35 2 23 
-1 -9 119 
-2 -6 -12 
-9 -7 -5 
-25 -5 -2 
-54 76 -3 
6 48 -3 
-98 9 -4 
151 -22 -4 
-7 2 4 
15 -62 197 
9 -29 2 
3 -6 1 
15 175 1 
6 96 -1 
-12 -27 -1 
3 98 -6 
-56 5 -2 
-149 30 -11 
-5 28 -1 
78 -1 -2 
-11 15 -35 
36 -4 10 
-8 -1 -5 
12 -47 -22 
106 -1 84 
-6 -21 -110 
12 6 3 
-2 -122 -3 
-1 10 -6 
1 95 -7 
-166 80 -1 
3 6 27 
92 1 -36 
1 -12 5 
42 -24 -8 
5 150 8 
20 -2 -1 
161 1 45 
1 -13 -22 
1 38 -2 
-2 -17 3 
-16 -157 -1 
-1 -16 13 
57 3 1 
2 1 -28 
-1 -3 -19 
133 -110 20 
-1 -108 43 
55 -12 -37 
-36 -69 -117 
-88 -7 95 
-25 -3 9 
87 27 -17 
5 -22 -74 
-1 34 144 
141 2 15 
-24 -14 -1 
1 42 -2 
-5 23 -16 
31 -1 113 
-49 -46 1 
1 -81 -3 
-179 -1 -102 
-90 -4 1 
-46 7 -6 
141 -30 -147 
-10 -1 -9 
-2 6 140 
3 -133 7 
6 -2 -13 
-4 -2 -1 
-66 25 -155 
27 2 19 
-115 7 -55 
-141 -55 64 
186 -28 10 
1 -10 -107 
-1 -5 -3 
1 -27 -9 
1 8 -11 
33 -2 -1 
25 1 -6 
-98 2 5 
-168 165 12 
19 13 -20 
3 11 -1 
16 180 1 
2 30 -1 
2 -13 133 
3 5 85 
-179 27 -11 
-24 -1 3 
-3 1 23 
-6 1 -19 
94 -5 -30 
1 15 73 
2 -18 -31 
-26 53 -13 
-25 10 -23 
-3 -1 -188 
11 -4 -6 
-6 -25 -56 
106 1 -19 
-2 25 5 
-69 119 5 
-125 3 15 
-24 15 -52 
4 -2 -69 
1 3 2 
-1 -19 -30 
-1 -78 3 
