-8 -1 -6 
-35 72 59 
2 -15 -110 
1 -9 -72 
-3 -1 7 
-1 -5 -166 
12 -1 80 
-107 -88 2 
22 -8 1 
-121 123 -156 
-19 -48 4 
140 86 22 
1 -29 -69 
-4 1 -86 
17 30 6 
-5 24 -15 
-3 2 -71 
-13 2 16 
1 -4 80 
-3 -26 7 
-1 55 -4 
1 8 -48 
-116 -1 -2 
70 -1 10 
-82 -115 -1 
-116 -16 -7 
-1 4 -3 
-4 14 -1 
-9 18 -1 
-81 -2 -9 
-60 -1 -71 
47 10 1 
26 20 -5 
-1 163 5 
-187 -3 2 
104 -6 -7 
90 10 59 
8 5 -198 
19 18 79 
1 -4 -42 
-4 -1 -38 
1 -2 -80 
32 4 14 
78 1 -61 
-48 -29 153 
-12 8 1 
1 -44 5 
2 -9 3 
10 -12 -2 
-24 -128 70 
-3 -2 -1 
-31 1 90 
-4 30 44 
-2 8 90 
3 5 -48 
169 175 -22 
-36 -52 -5 
-70 5 74 
13 -4 23 
-34 -5 1 
4 16 -37 
2 -18 -1 
24 34 -2 
-38 76 -65 
18 -2 -3 
2 76 -1 
-118 73 5 
-133 -1 26 
96 179 -1 
-169 16 87 
16 -12 -123 
3 -1 -12 
-57 92 15 
6 3 -178 
6 -9 11 
1 -48 -26 
80 -5 15 
-151 -1 17 
-1 -2 5 
4 38 -1 
-75 -1 -2 
-65 -75 -56 
-5 14 11 
-11 -1 -24 
-1 5 -4 
-59 57 25 
2 1 -12 
21 12 -1 
-7 2 19 
18 -1 2 
-9 -1 120 
8 -38 -6 
-9 -84 1 
182 -50 -1 
-11 -88 121 
-110 2 -75 
131 15 -5 
15 -47 -8 
9 2 -8 
-34 56 -8 
3 46 63 
1 71 16 
-6 -16 -68 
6 -85 -19 
-21 6 -10 
3 8 125 
3 20 -2 
-2 -54 -4 
4 -7 -191 
-2 -6 42 
-7 -1 18 
92 2 1 
40 57 10 
14 60 24 
-9 -124 -18 
-174 -6 1 
-1 -69 -19 
7 16 -12 
-2 56 1 
2 5 -8 
-71 18 -1 
114 -1 -45 
70 35 47 
2 -8 1 
-35 -156 4 
1 3 36 
-2 9 72 
1 -7 4 
38 1 -88 
-24 59 -77 
-19 -108 -133 
2 -6 19 
-1 43 -14 
18 -2 4 
52 -9 106 
-9 32 173 
-26 -1 -20 
151 -4 1 
2 4 29 
-4 -8 1 
2 -10 7 
4 103 -1 
1 27 2 
78 -1 42 
150 -7 13 
136 -1 135 
-1 110 -16 
-11 -6 2 
44 16 -5 
198 -5 -195 
1 4 58 
-3 -18 -1 
8 1 -20 
-2 -1 15 
-1 7 -10 
70 -106 1 
156 8 -43 
-128 -1 2 
-37 -127 41 
-6 -15 -79 
6 -2 71 
38 -117 -133 
-39 -20 2 
1 26 -39 
-24 -2 180 
1 66 18 
-6 -164 12 
-5 15 106 
-6 22 -39 
8 -134 -2 
-1 152 -4 
-177 159 -30 
-9 -28 -1 
1 -18 -153 
1 -4 -5 
-7 12 2 
-59 8 -17 
65 -18 -50 
-19 -38 43 
39 -4 -12 
2 69 1 
99 5 160 
-3 -158 1 
-38 5 73 
14 -38 -18 
5 -192 28 
17 38 -1 
19 14 -1 
-39 31 4 
4 -74 -25 
1 -4 -7 
-16 34 50 
93 -5 4 
29 1 18 
139 1 37 
196 1 9 
-5 1 -116 
-53 -56 -2 
170 -19 -4 
-1 6 -81 
-44 2 -3 
-3 -4 21 
-14 1 -3 
15 -16 3 
-59 -23 -1 
3 -171 4 
32 -2 -28 
21 -1 -23 
-6 1 -10 
21 -60 2 
13 2 -48 
-3 -34 90 
90 -19 29 
26 -116 -40 
-1 -3 -30 
-192 11 -41 
-1 14 -5 
66 14 2 
-1 12 -57 
-38 -13 -118 
3 -26 -13 
10 -9 2 
-8 -3 169 
-61 -1 -7 
-3 28 16 
6 -1 -48 
-3 -124 52 
9 -6 -1 
-1 48 7 
-2 1 172 
68 -1 -102 
24 -1 -39 
7 -3 47 
3 -1 10 
2 1 -43 
21 1 -3 
41 -28 -44 
-1 -2 -25 
-2 10 -150 
-11 -147 30 
-44 -9 2 
-10 -30 -7 
-12 -8 13 
11 3 -193 
-99 10 -1 
-191 -6 -161 
45 10 -1 
-22 -1 -35 
-80 -39 -18 
1 10 2 
153 6 -44 
-2 27 -130 
29 14 -1 
64 2 13 
-16 -3 2 
1 88 70 
6 9 -3 
-39 -1 -2 
123 27 -48 
-20 13 141 
41 -4 -105 
-26 -1 -3 
-2 12 -11 
-1 -3 -15 
-2 -139 1 
-95 2 -140 
-8 1 11 
34 -12 8 
1 -2 129 
-97 -22 -4 
-1 190 -3 
96 -8 -122 
1 93 29 
1 -6 88 
-35 -6 18 
3 -1 -2 
1 -87 2 
-2 9 7 
1 178 100 
7 2 -84 
-2 5 -35 
83 1 -77 
44 -9 -195 
-90 -129 -15 
-1 -8 -126 
93 187 40 
-1 -24 5 
1 32 9 
-9 -1 -19 
1 -5 -27 
-1 6 -5 
-49 -3 -6 
-4 -88 -7 
112 1 73 
20 15 130 
-6 38 3 
41 2 -7 
58 -6 140 
-1 -56 -62 
17 -9 -156 
178 -4 9 
45 1 -20 
-14 27 23 
91 3 199 
4 177 138 
94 26 64 
-16 -28 -1 
34 -14 4 
-2 60 -4 
-1 3 -38 
1 49 -14 
72 -2 22 
-21 -7 77 
11 1 100 
13 -7 4 
6 10 -11 
3 2 -14 
-2 -1 -100 
-11 -41 -24 
5 -8 1 
6 100 -20 
9 -21 -1 
8 141 -77 
1 -10 -27 
-113 6 -1 
-74 7 138 
-5 -3 27 
-118 -49 -3 
-109 1 82 
20 -48 30 
-1 2 -31 
1 -4 48 
35 176 -1 
-3 -123 -20 
-3 -38 -1 
2 87 29 
39 -4 -8 
-57 22 4 
5 32 -162 
-43 1 30 
-2 21 -8 
-68 -3 -7 
-7 25 -6 
57 -3 8 
-16 -1 -36 
-37 -78 -4 
-149 183 10 
1 -52 -5 
-2 -51 109 
-2 120 -1 
87 -71 3 
11 -30 -9 
1 3 66 
75 13 -3 
23 1 -6 
1 -31 4 
-49 33 2 
-164 1 -17 
97 4 12 
1 46 -66 
37 7 -1 
89 2 -1 
34 1 -6 
-44 -3 -1 
-48 -1 54 
-6 -11 20 
-135 -1 82 
-20 1 53 
2 36 -47 
-16 1 20 
4 -15 -12 
-3 1 -67 
109 65 -1 
2 -40 -39 
-1 -16 47 
-4 -163 -5 
-4 10 -6 
-2 -156 -1 
2 -71 1 
-1 -71 -84 
32 -5 167 
-9 100 71 
5 4 -57 
-96 3 -12 
-110 74 35 
40 -2 1 
-11 -19 139 
-13 52 37 
21 9 1 
2 -24 -91 
-1 16 -145 
20 -36 23 
-1 8 -4 
-165 2 -4 
1 12 -27 
82 -1 -3 
2 8 1 
-1 -112 7 
1 -113 -8 
22 106 8 
27 -4 -6 
-48 -1 -46 
8 -5 -10 
-2 -187 1 
1 -2 113 
64 -22 -155 
2 -24 -9 
10 -7 1 
1 2 34 
-4 170 69 
1 -29 -68 
1 3 97 
1 -6 -52 
-5 -4 -14 
-79 110 -18 
-36 -8 -61 
187 -4 -11 
1 -2 55 
64 -2 -5 
-105 8 39 
-2 -1 6 
12 127 -1 
-1 28 38 
55 -153 2 
101 -5 51 
1 15 4 
24 23 5 
14 64 -8 
38 -1 -54 
-44 -90 -2 
68 -1 -50 
-2 -74 -21 
-26 -1 -10 
-83 -1 3 
-156 -27 8 
165 5 37 
-6 -11 87 
38 6 87 
12 4 2 
19 12 -1 
-10 3 56 
12 -42 -6 
28 -3 -40 
13 16 82 
187 -22 1 
-40 -179 -10 
-1 -4 21 
17 -20 -2 
-74 2 -4 
1 -2 -6 
59 89 -1 
87 7 137 
-1 4 200 
-4 -38 23 
25 1 3 
-15 -1 2 
80 -104 140 
-31 2 6 
-3 -1 6 
1 -3 -94 
171 110 -5 
11 -21 -19 
-18 -1 2 
107 -2 1 
-127 27 186 
-74 1 38 
-21 -52 41 
6 16 5 
19 2 -166 
52 15 -72 
69 -9 -4 
3 1 -68 
55 -71 3 
72 -1 74 
-10 -1 4 
16 -12 -106 
-166 -27 1 
-30 16 -199 
1 6 -27 
7 -50 -28 
4 -36 -9 
-50 -77 44 
7 -1 -111 
5 1 -51 
150 -56 -3 
-4 15 -2 
-12 -1 -9 
-31 1 94 
-1 57 2 
-27 1 -3 
-92 2 9 
-3 -11 127 
5 16 86 
-1 -2 -11 
-4 -3 -14 
2 -1 -88 
-52 -18 104 
35 1 3 
3 -32 -17 
-19 41 -1 
76 -1 90 
10 -7 -31 
1 3 10 
-31 -1 -183 
1 76 19 
13 -36 -6 
-1 7 -16 
-7 -12 8 
74 -25 97 
-64 -6 -24 
-1 125 -2 
3 -2 -133 
13 11 42 
-2 59 -182 
15 -5 51 
-12 -15 16 
-2 12 -191 
-1 -2 7 
7 -62 -100 
-12 75 -11 
-36 -71 -11 
1 2 -13 
27 -16 9 
-3 -2 75 
-18 -97 124 
-1 5 44 
2 5 8 
-79 -88 2 
-7 -1 -4 
8 -11 2 
39 11 2 
65 1 2 
-1 36 15 
-4 1 -68 
1 -100 17 
-1 -73 -6 
-8 3 -2 
14 -2 1 
-40 -1 -7 
145 36 -114 
-1 -59 23 
21 140 186 
-78 -114 -11 
-80 4 -14 
-78 157 -1 
1 11 21 
11 -1 -2 
-159 -1 28 
-1 10 14 
32 -3 -5 
-4 -1 20 
126 45 1 
-8 35 2 
88 15 5 
7 -2 10 
1 3 11 
34 1 11 
-1 4 3 
-136 1 2 
-1 17 -104 
-3 2 1 
-2 130 4 
9 -32 2 
-1 -114 5 
128 -1 160 
-2 -39 172 
-10 166 -21 
-8 63 -13 
-6 -23 -5 
-1 24 54 
1 -160 21 
-61 -3 13 
16 -1 -10 
37 8 -2 
-84 129 8 
8 -3 22 
-12 8 5 
3 14 1 
15 -1 -22 
-169 15 -33 
1 51 -113 
-6 3 2 
-197 4 -1 
130 85 13 
40 -28 75 
3 -72 -52 
69 -110 -2 
-1 2 8 
4 -1 -2 
-12 5 33 
-3 8 -1 
1 -53 48 
4 9 -2 
50 -1 -6 
-3 -28 -35 
-40 -10 -141 
-32 -8 -12 
6 -43 -1 
183 7 -21 
57 -20 -3 
