124 132 -40 
1 13 -3 
1 -63 -5 
-78 93 -10 
4 -151 -13 
-22 -7 -9 
-10 2 84 
-1 -29 2 
-108 -4 17 
1 7 14 
156 23 -6 
-3 39 -1 
-1 -6 28 
16 -10 -104 
-92 1 -13 
-6 18 1 
37 -2 34 
-132 5 -59 
-139 -46 4 
-20 18 1 
7 -58 -1 
21 -13 -2 
-12 -4 32 
68 -22 125 
-6 12 4 
96 113 131 
-1 108 -5 
-3 15 1 
-1 30 66 
-16 74 87 
45 44 4 
-35 -1 -3 
-24 7 -3 
-2 -8 -93 
-3 -10 -165 
1 2 25 
-7 -64 67 
-54 -16 -2 
2 6 8 
14 8 1 
97 -149 -6 
-27 -1 -88 
1 -38 -5 
66 4 -67 
-85 2 -104 
-6 -51 65 
-2 -51 -74 
1 -12 -23 
-1 -104 86 
-1 -44 -22 
1 -5 -2 
-18 10 -177 
-16 4 73 
2 -3 30 
1 -2 5 
-49 1 188 
1 -28 -2 
-17 -1 185 
-2 10 -3 
10 -3 133 
7 -67 -10 
-14 63 -24 
1 8 2 
-165 60 2 
-30 15 -1 
-3 1 -24 
-7 3 -1 
-1 9 7 
-1 153 60 
-8 41 -168 
30 17 74 
-42 -75 -3 
3 5 1 
-1 -48 5 
4 5 131 
-7 18 8 
-3 -27 -1 
-22 35 1 
-1 3 -5 
86 -9 1 
-11 -189 2 
-3 27 -29 
103 51 2 
22 -60 116 
-153 7 17 
-199 185 3 
143 91 -46 
172 -8 -76 
-17 5 -4 
-4 -24 1 
-11 -1 10 
151 -1 9 
-120 -12 -1 
-27 -1 -3 
-1 55 13 
-10 13 -4 
29 -21 1 
-167 2 1 
4 -145 56 
-1 10 114 
25 10 -7 
49 1 -3 
-12 -150 -1 
3 -1 4 
1 4 -19 
-6 12 17 
18 196 2 
2 3 -27 
-49 -11 4 
199 -56 -5 
55 8 -148 
35 -2 136 
-120 -18 -8 
2 -136 -67 
-1 52 163 
-13 60 7 
-17 -181 -11 
1 -159 -3 
-31 1 -156 
3 -1 196 
-19 5 1 
50 11 -22 
10 110 -9 
-31 14 25 
12 -19 -15 
-1 -32 5 
-123 13 100 
-4 3 15 
4 17 69 
-102 48 -1 
2 -136 -1 
1 34 90 
-111 -11 6 
-9 64 -1 
1 6 -3 
-1 5 4 
-16 -8 -2 
4 -42 -5 
1 -3 17 
14 -2 11 
3 -42 1 
-4 40 -60 
-2 29 4 
-69 -96 -197 
27 -132 -73 
-2 -15 -65 
62 25 2 
1 -41 -9 
14 -66 48 
-133 -4 -73 
-27 -7 -15 
-139 2 -92 
-1 -142 51 
-112 151 -1 
1 -25 60 
1 24 198 
-1 2 -11 
34 -4 -2 
1 4 11 
-7 3 54 
-77 -131 16 
-14 -43 1 
-1 6 -2 
7 181 94 
-10 5 129 
17 7 -113 
48 37 -66 
24 1 34 
4 -12 -1 
4 -1 33 
-1 13 -82 
8 -1 -2 
26 -1 -13 
-2 -123 -36 
-1 -62 -4 
1 -2 3 
-1 13 -195 
-1 161 -30 
-12 -35 32 
-46 74 -2 
1 186 9 
-6 1 147 
-39 -7 -141 
68 -7 1 
27 7 -44 
-96 17 63 
2 13 21 
1 36 -3 
127 5 -155 
196 -1 -2 
12 -133 -7 
-2 1 21 
1 -41 18 
-10 79 -1 
193 -49 -90 
39 1 111 
-2 -1 192 
-1 -107 5 
4 -27 2 
-44 14 -77 
-35 4 -54 
4 2 18 
-1 2 -28 
-2 115 -96 
-1 -2 104 
-90 -119 -46 
-35 -1 -99 
50 53 45 
-7 80 5 
-3 17 66 
5 -3 10 
-48 -3 57 
-74 18 27 
4 7 16 
-13 29 1 
-82 -2 1 
4 2 30 
1 -2 5 
108 -2 14 
-151 140 40 
-75 3 1 
-131 -146 17 
42 1 -128 
1 -2 -7 
-173 -11 -33 
-2 -118 17 
-91 -21 -10 
-129 -7 -1 
-94 1 -3 
-1 -84 52 
92 4 22 
-2 1 -3 
2 -3 42 
20 -9 11 
-3 -1 4 
-174 2 29 
1 -6 -79 
-64 103 20 
38 101 -119 
-56 -1 26 
21 8 1 
-128 1 8 
5 -14 -23 
2 -6 -66 
-65 64 -1 
-31 -1 21 
80 2 1 
54 82 80 
-1 28 -10 
1 -2 -3 
-6 -3 -9 
-24 8 -1 
1 8 130 
-66 -13 -47 
-2 164 37 
-1 -26 -6 
-65 1 42 
41 23 3 
-9 1 2 
150 -2 -4 
3 60 -19 
-17 16 -1 
-71 -14 1 
-174 40 1 
-31 96 -7 
-200 14 -2 
-2 -32 -18 
-4 -1 162 
23 -93 1 
6 73 34 
2 -1 4 
-18 1 -34 
1 129 -100 
-2 157 -1 
45 -14 4 
44 65 -4 
4 68 21 
-105 21 4 
-5 -1 24 
102 36 2 
94 -1 -19 
-6 1 24 
-32 1 -11 
16 4 15 
31 -1 22 
-38 -178 -3 
-64 -3 11 
-2 -7 -14 
14 25 16 
-18 3 -23 
3 2 -1 
-13 4 17 
-114 -5 -2 
-1 -3 126 
-14 -2 11 
-155 -1 31 
31 99 45 
-3 -58 2 
24 21 -5 
-173 3 26 
-7 5 78 
1 9 7 
-1 45 20 
6 34 -20 
-18 -126 5 
22 -79 -1 
-1 47 21 
-2 -94 29 
-3 2 -36 
-127 -1 21 
1 29 45 
-105 30 34 
-32 -38 -5 
-1 -9 117 
-103 -41 -96 
-34 1 6 
-3 71 -2 
1 11 42 
2 1 -43 
-159 -1 136 
6 -151 -92 
-6 1 186 
1 73 -9 
1 7 189 
-31 -20 -1 
-2 17 -30 
-105 -107 99 
2 1 7 
-1 2 -3 
14 -3 -136 
-2 -23 198 
-1 -9 3 
-197 79 1 
-19 -10 -1 
-3 -1 -2 
10 109 -142 
105 -1 -57 
-1 -53 9 
-22 -38 -1 
-6 5 -9 
-1 29 4 
-1 -69 -2 
-1 -128 115 
9 -21 -44 
1 -9 -130 
-149 -30 2 
4 40 -3 
36 7 -3 
-65 3 -1 
-34 -2 -4 
-43 -3 20 
6 -5 -50 
-58 35 4 
26 -24 8 
-7 28 -1 
44 42 89 
18 -16 -88 
-43 6 -1 
1 -49 6 
-152 -5 3 
128 -72 -34 
-12 3 -1 
5 -164 1 
32 1 4 
133 -2 -158 
25 -13 1 
-1 178 8 
143 10 -15 
-26 5 60 
-15 6 -1 
-6 25 -127 
-14 4 79 
-36 33 -2 
-4 2 -5 
98 -75 -37 
-1 -89 -26 
-28 3 2 
-1 7 19 
3 -126 -47 
7 1 13 
-1 -3 38 
-117 -43 10 
2 -1 -53 
1 -5 12 
-150 -88 -66 
10 -181 -2 
-1 94 3 
-4 -61 73 
13 18 -48 
-139 -3 -18 
-1 5 18 
3 -4 152 
42 141 11 
-25 44 -4 
-193 -1 28 
-1 -3 -147 
5 -3 1 
-1 -3 -40 
-1 55 -26 
-1 -15 -2 
-154 13 -28 
14 29 72 
-76 23 9 
69 -3 75 
-3 47 -1 
17 -8 1 
-155 1 -175 
70 1 -3 
-29 59 6 
1 -15 8 
19 6 -31 
-2 6 -1 
7 -136 181 
-22 -17 -95 
-37 -2 6 
106 64 -163 
2 4 139 
-2 139 12 
-54 -173 -1 
-1 2 19 
3 140 59 
7 -5 -29 
-4 -15 159 
-116 6 2 
-103 -168 -33 
-17 23 -2 
-2 31 20 
3 -29 15 
1 8 65 
71 22 -8 
2 5 -150 
-6 -1 20 
2 -5 -33 
-4 -25 -69 
5 -8 24 
-1 -99 -4 
5 1 53 
10 13 4 
168 86 -27 
-19 8 -28 
-5 61 4 
-19 -63 -66 
1 -8 2 
-9 -1 -64 
7 -12 -66 
105 2 -3 
20 89 61 
-1 137 -19 
-7 1 3 
-102 16 -189 
-61 -1 50 
79 -50 -43 
48 2 8 
-3 -30 -2 
-9 -28 -126 
-38 -5 133 
-2 -8 -4 
-198 -8 129 
-34 15 3 
28 -14 1 
1 62 2 
-10 184 2 
67 1 -117 
6 -1 8 
-134 16 -1 
7 2 -105 
37 -18 -51 
-5 -2 4 
1 36 -155 
187 96 -3 
-1 -28 -31 
-16 -13 109 
-142 1 173 
-1 91 53 
2 -1 -21 
34 -65 -1 
30 -1 -34 
123 130 147 
13 -4 2 
41 -57 -91 
-3 1 -78 
154 -1 59 
-16 1 -2 
-48 -2 21 
80 16 -1 
3 -1 -22 
10 1 45 
-130 -107 -32 
-2 -3 -5 
47 -195 -23 
-28 6 38 
-125 5 -1 
34 36 64 
24 55 -97 
2 -1 18 
4 -6 -27 
-4 22 -122 
-7 -75 -163 
25 -77 5 
106 90 -16 
-131 7 71 
8 -1 30 
-1 -166 140 
-51 70 -24 
-1 4 -10 
-48 106 49 
-8 2 40 
-19 -6 -63 
126 -1 -12 
-49 -80 -54 
3 2 -36 
1 158 -4 
1 14 2 
-1 -151 104 
112 -1 2 
5 -26 -1 
37 -6 15 
-6 49 3 
28 105 -73 
-19 154 -101 
52 2 5 
-47 85 -66 
29 -161 -162 
-2 81 -19 
-25 -1 -5 
-13 66 1 
-68 -34 -3 
2 1 -31 
7 -9 197 
4 26 -77 
-2 42 4 
-1 -6 -165 
5 -8 4 
13 -119 -44 
-134 96 1 
22 2 72 
-18 23 21 
-18 -8 4 
27 190 -17 
-4 35 -18 
4 -11 2 
-72 -132 -88 
-10 -3 1 
-32 -1 7 
-9 175 1 
19 61 91 
16 2 3 
-43 -10 86 
81 -1 7 
-57 2 22 
35 7 -15 
-38 9 41 
85 5 -15 
-3 39 19 
-1 -4 2 
-8 2 17 
1 6 -2 
2 -5 79 
52 1 53 
19 -20 -4 
6 -12 -79 
-7 -37 17 
-86 -159 77 
-125 15 -17 
-88 8 1 
2 3 40 
130 21 59 
7 -13 2 
15 -33 6 
-4 134 -38 
4 1 -29 
2 44 112 
1 -41 -18 
-3 4 1 
-1 -10 -152 
-34 -3 -1 
-2 -1 -59 
-6 -65 1 
71 -5 7 
1 152 -2 
32 12 29 
-1 2 -7 
2 -9 8 
-2 -3 95 
24 1 140 
-4 86 15 
2 -46 4 
-154 -5 12 
-146 -4 1 
-1 -200 -39 
-59 73 127 
-105 56 -1 
-22 1 -3 
-1 -7 36 
59 1 3 
-73 1 -21 
-36 -74 -149 
-1 -32 15 
14 -1 53 
8 -14 -77 
