91 -1 -43 
-109 21 -81 
35 68 1 
38 -51 -35 
2 -3 21 
95 -31 133 
-29 -8 -23 
-6 35 71 
6 1 2 
-28 125 -6 
-34 1 -54 
-38 1 2 
-4 2 17 
2 1 -4 
5 10 -4 
-2 17 116 
4 -150 166 
-141 -76 -1 
-144 -33 -24 
16 1 14 
-2 1 24 
-6 129 186 
-34 -1 118 
1 -26 129 
24 3 1 
9 -111 -2 
-1 -2 -41 
-17 -9 7 
54 -6 -42 
-30 -17 -166 
-12 -10 4 
-15 1 -2 
-13 3 -10 
12 16 -1 
-2 -1 41 
179 -1 -41 
127 12 -101 
48 66 123 
-3 40 -59 
-161 10 58 
67 -11 5 
2 -15 -42 
3 -60 17 
13 -6 -102 
-151 -41 -3 
67 -101 120 
3 73 -32 
-18 4 -2 
7 9 -124 
-110 155 -9 
1 8 -4 
107 -3 80 
31 -1 6 
-2 -31 44 
-1 -74 -39 
2 -54 171 
-6 54 -1 
1 -54 26 
-67 2 -3 
-28 162 -37 
-50 -1 -87 
92 3 12 
-72 4 25 
-14 -69 4 
49 1 -17 
-2 118 -3 
14 36 -7 
-1 -5 -18 
72 1 -184 
-1 30 -3 
-14 -11 -1 
-5 -4 -18 
29 1 2 
2 -45 34 
-5 -19 -1 
-1 61 51 
-46 10 -15 
-126 -1 -68 
183 54 -34 
165 1 40 
-37 -2 7 
3 26 79 
36 -40 -3 
-8 1 71 
17 -59 1 
1 -117 -139 
16 -12 -69 
30 6 -63 
5 2 -185 
1 25 -10 
-5 -26 -44 
-1 -2 10 
-1 -6 28 
33 2 4 
12 -3 1 
-141 -172 2 
-8 6 29 
-55 -6 -40 
-12 55 3 
44 -10 -43 
24 2 -1 
-38 -2 -3 
-5 -1 -12 
2 11 -137 
3 -4 -68 
4 -12 189 
-11 -5 -1 
-7 102 -4 
129 21 1 
-24 -22 -3 
4 2 68 
-1 -46 -2 
1 77 -18 
6 -1 -3 
-1 -46 40 
-1 18 165 
21 -25 -3 
6 2 -139 
-2 15 -111 
-1 -2 -69 
-6 2 -5 
6 1 99 
7 3 -1 
-38 -2 138 
-1 -78 -3 
1 11 3 
-100 -2 -12 
23 -195 -2 
-49 -60 9 
-3 -1 29 
-132 1 21 
-19 -1 -44 
19 3 -85 
-4 -46 2 
5 184 -9 
7 -192 -8 
13 -4 -23 
-12 9 5 
-2 -93 -6 
-55 1 115 
-5 7 -8 
-104 -9 1 
1 3 -24 
-142 17 143 
-1 -45 9 
-6 -1 -3 
7 -86 30 
132 -1 -13 
-2 1 -4 
135 -42 -18 
-8 -76 -80 
-7 -37 -1 
-6 1 10 
1 -7 -64 
52 -53 10 
-1 133 2 
1 -20 -4 
2 7 1 
-85 -32 7 
-1 53 -127 
-139 3 -4 
38 1 3 
-1 -8 4 
-31 -35 -4 
-194 18 1 
3 124 -2 
29 -9 1 
-4 126 200 
1 -12 41 
-8 -1 -130 
-17 3 -1 
-114 -86 3 
11 -12 -15 
12 -92 -2 
4 -29 -3 
14 -2 10 
-44 2 -1 
138 -1 64 
-2 4 -3 
2 9 16 
7 -6 -1 
115 -1 5 
6 -19 89 
10 1 73 
-2 13 -1 
-100 -140 -1 
-2 -45 106 
20 4 -70 
-6 -1 25 
6 -65 -1 
114 -49 8 
-3 -50 1 
16 -2 10 
12 5 120 
16 1 111 
35 10 128 
-1 37 -176 
4 2 -1 
7 14 10 
1 -28 42 
-3 -20 7 
35 76 -55 
-162 97 20 
32 10 -14 
81 -146 -159 
35 -169 2 
2 -21 -17 
1 3 -182 
1 4 -2 
92 52 -126 
42 1 -8 
-5 -19 80 
-34 1 12 
62 1 18 
4 20 -44 
1 -20 -57 
42 -21 -1 
2 1 68 
4 -77 -27 
5 160 -139 
-31 2 98 
-22 4 1 
67 -22 -119 
-1 2 46 
13 -38 4 
-63 33 1 
-107 1 -3 
13 -4 -2 
-9 7 -1 
-6 -76 -1 
-44 -1 -7 
-1 -43 14 
16 -36 9 
1 5 -49 
-169 3 -68 
-113 2 38 
5 23 -30 
-11 -21 19 
-29 82 -79 
84 -3 -104 
165 44 8 
93 -9 -180 
7 1 2 
28 -4 1 
6 79 -178 
-37 -195 1 
-6 19 2 
-2 82 41 
-2 14 4 
-163 2 -19 
3 124 1 
10 -113 -69 
-25 3 44 
-2 -4 9 
38 4 125 
-4 9 2 
40 -1 52 
-6 -5 2 
1 -3 20 
-45 -1 -39 
3 -10 45 
-2 -3 -78 
12 -5 2 
74 -2 27 
-1 11 8 
57 13 12 
-17 -4 -2 
-1 -97 2 
-8 6 -19 
-14 74 -4 
1 15 -105 
-1 15 -14 
-78 -31 -166 
12 32 -36 
-1 -27 4 
-8 2 -7 
-175 -1 43 
26 -1 -6 
-1 8 -158 
-2 3 1 
1 -7 6 
-6 -2 -77 
4 14 -10 
2 -19 -12 
9 2 -122 
3 -8 -2 
1 40 10 
6 -10 7 
-2 -1 7 
-87 6 3 
56 1 -15 
1 40 35 
153 -1 -23 
7 21 1 
-1 -91 -7 
-1 56 -2 
163 38 5 
-127 -26 -7 
-24 -105 1 
-1 -125 19 
-28 67 99 
-52 1 -2 
-1 62 114 
-14 -12 31 
18 43 56 
63 -3 -18 
130 1 -5 
1 -125 -9 
17 76 14 
1 17 22 
-34 -1 48 
1 3 38 
1 38 -84 
10 -2 -20 
-5 32 -2 
29 -4 -1 
9 6 68 
-161 1 8 
-50 8 12 
-180 3 1 
-98 162 -83 
-37 -2 -95 
-54 -4 -123 
113 -47 -30 
1 78 -4 
78 3 83 
63 -1 -28 
30 2 -1 
-58 -6 1 
122 3 93 
-1 -3 -34 
-77 15 -13 
-24 -91 -8 
32 2 131 
3 -42 -43 
-42 -48 -2 
4 106 10 
-23 -1 3 
4 -2 1 
-185 -38 -36 
-117 10 -6 
-4 1 6 
-2 4 -27 
85 6 -17 
14 1 16 
-87 -10 -1 
-1 27 6 
4 23 6 
1 16 -167 
73 -152 -1 
1 26 -114 
1 -26 -2 
3 -38 -1 
18 -100 -192 
9 1 -152 
-52 28 29 
-15 -53 19 
-30 -3 1 
-7 -103 -1 
-2 -13 5 
-59 -37 -5 
18 1 14 
77 -90 76 
-2 3 -15 
124 1 2 
1 13 -49 
140 -10 2 
-108 -3 -9 
-89 5 1 
-119 -6 -28 
23 1 4 
4 14 36 
-139 -2 14 
-22 16 48 
-2 3 -1 
6 3 -31 
-20 -4 100 
-5 -26 -18 
15 1 -84 
34 -14 158 
158 39 -1 
-63 -1 -72 
15 -73 8 
2 -120 -20 
-21 -10 -138 
25 -1 -42 
-1 138 -2 
1 52 22 
92 -3 79 
36 2 6 
-13 -5 -1 
-1 -5 -138 
8 36 -110 
-12 107 -2 
140 -6 8 
198 -165 26 
-1 7 -3 
5 45 -1 
-5 1 129 
-32 124 26 
1 -16 -26 
2 -30 -66 
121 10 -74 
-1 -3 36 
-7 4 47 
-1 4 -5 
-32 7 6 
-4 -17 89 
-25 -9 -3 
15 165 45 
-3 -2 13 
-18 19 6 
58 4 65 
9 69 59 
45 1 56 
182 -2 13 
-3 -2 7 
145 -11 17 
117 3 1 
104 -52 3 
2 1 -98 
-3 -1 -8 
169 -6 -10 
-105 23 -1 
-1 2 160 
-23 1 4 
10 -4 -2 
21 165 -26 
-13 -79 2 
34 21 25 
-82 -13 41 
-96 -144 1 
-8 1 -6 
-6 83 1 
-2 41 -26 
3 17 -2 
-36 7 1 
-1 4 191 
-51 -34 2 
-93 89 -69 
-65 -1 105 
-6 30 1 
-7 29 1 
6 -2 47 
-1 -6 8 
1 4 95 
186 -1 -6 
11 -6 1 
-12 -65 -1 
79 -134 1 
20 1 103 
-107 33 -12 
81 11 2 
-5 -7 12 
-48 1 -26 
-34 -22 -2 
10 -7 2 
11 -155 -113 
148 16 -4 
-13 4 -14 
-1 -2 -6 
38 8 -91 
4 156 199 
-8 9 -94 
10 14 -3 
36 -1 -19 
8 -1 -27 
6 -103 -1 
-3 68 -26 
-1 -63 136 
62 -31 -1 
-3 -18 -29 
-3 2 8 
-4 1 -172 
2 1 -200 
-106 -86 4 
53 -2 1 
92 -1 -72 
-26 1 168 
-2 5 1 
-85 189 2 
100 27 -1 
3 -2 8 
3 5 113 
-4 90 -1 
1 -4 45 
-11 15 -1 
3 1 49 
-90 -6 1 
3 -13 41 
52 -2 140 
19 1 5 
15 1 7 
-35 4 48 
-20 96 -1 
-2 22 1 
-3 -195 165 
-16 56 -1 
51 1 -2 
13 1 5 
3 66 1 
115 -2 91 
30 15 3 
-78 33 -1 
-10 -1 12 
-9 38 50 
60 -5 4 
-21 -35 -29 
58 -2 -6 
34 -41 42 
-2 129 -50 
1 14 6 
58 138 6 
-7 125 36 
-12 -6 -71 
1 2 -13 
-1 -6 9 
5 1 -13 
60 53 1 
-4 54 -1 
-2 61 -11 
3 2 -18 
-137 -22 -2 
-3 5 7 
1 -22 -9 
-13 -3 -122 
-43 1 152 
-27 -9 -5 
-27 2 -8 
25 -1 99 
-1 3 -56 
-2 4 110 
-28 -83 -98 
-15 -3 5 
1 61 29 
-2 -4 -98 
-6 -11 3 
14 -20 28 
-2 3 -1 
-14 47 -147 
-3 -64 138 
-5 -19 92 
-15 45 74 
-2 56 -23 
3 83 -1 
-4 -3 1 
103 2 -1 
-20 -9 190 
47 82 18 
86 -14 -121 
13 -123 -126 
3 19 15 
6 4 1 
-18 37 9 
4 26 -2 
-3 104 -113 
-3 -4 -1 
5 -7 71 
-12 38 -4 
-1 58 -10 
2 -77 -7 
18 -1 -4 
-105 -1 154 
8 4 6 
-59 -3 -44 
-2 -16 -37 
-2 -4 -1 
-121 -1 -69 
-5 10 -136 
127 4 6 
1 3 -85 
2 -4 -20 
156 130 96 
-8 -24 -197 
-101 -52 2 
-7 34 6 
45 -1 19 
-28 -6 5 
6 -4 57 
-1 -3 26 
-137 -93 154 
-1 -81 58 
-146 1 22 
2 16 145 
-15 -21 -1 
17 42 -62 
-1 -148 38 
-11 135 -1 
-1 -4 13 
7 3 1 
-9 -5 -17 
-154 -58 -1 
11 1 -66 
-85 -33 -18 
-3 -21 163 
-125 -1 2 
-2 -3 -37 
16 -2 13 
89 4 -125 
2 1 166 
