-4 93 14 
14 8 -5 
-63 8 59 
-41 -8 -84 
-47 -29 48 
3 26 10 
97 60 84 
37 -28 -98 
27 40 -23 
-40 85 67 
-2 -6 9 
2 -80 74 
-46 -16 43 
-1 6 -10 
73 1 88 
-91 64 23 
57 11 -3 
60 74 8 
53 -48 6 
-25 14 32 
-50 1 -67 
8 -97 47 
26 84 -75 
96 -2 17 
-74 47 -7 
76 -77 -71 
-76 -73 -59 
-22 -97 64 
-4 61 -98 
25 -11 -66 
-9 11 25 
-70 23 -27 
-8 -4 46 
1 -77 -4 
42 -11 -1 
-60 -43 82 
-25 -59 96 
67 -8 -22 
-22 -71 -2 
43 -77 11 
-73 68 10 
-82 83 20 
-49 46 64 
-65 -11 89 
26 -10 13 
-50 35 -11 
38 -93 -76 
-27 -8 56 
-22 70 2 
-13 -19 61 
-1 18 -20 
60 8 11 
-90 -2 5 
14 -68 63 
-3 90 96 
-98 -54 -52 
-1 60 -21 
-7 77 -79 
-66 15 -72 
98 72 -63 
21 11 -7 
-33 -31 72 
-2 -15 -68 
8 -65 3 
-93 78 -4 
-23 -36 -64 
24 36 -90 
-14 40 -65 
-99 -31 -26 
-19 17 -92 
26 78 44 
-13 -25 -23 
-90 4 -65 
97 56 -96 
-47 17 -68 
34 -15 -99 
-47 -35 -84 
-11 49 -8 
-14 -12 25 
61 18 82 
50 -18 -20 
-92 -43 73 
-42 -50 86 
7 4 -3 
59 -93 -97 
12 18 -26 
20 -1 -31 
-51 19 -8 
51 1 -79 
-43 92 -94 
84 -1 -54 
-1 35 91 
-66 -36 30 
-46 -42 39 
-33 -64 89 
60 44 -18 
12 -95 6 
-23 -26 -70 
-77 -73 -30 
1 93 -52 
-12 97 30 
-17 1 -13 
-9 7 2 
-30 -24 -80 
1 19 90 
2 -15 -49 
-100 96 75 
81 36 -28 
1 94 -41 
-19 63 12 
73 -15 -6 
94 30 7 
-68 8 -69 
-57 69 94 
29 11 39 
23 -21 -48 
10 21 -97 
-58 -92 -22 
55 -16 -2 
-10 4 28 
4 -22 59 
4 -37 31 
7 -28 -1 
-47 -39 -26 
-26 -1 61 
80 24 29 
-42 -4 -37 
-24 -56 -43 
37 28 -14 
-84 15 18 
-67 -31 83 
-11 -28 77 
-1 94 21 
-69 17 -27 
-50 100 59 
-6 -56 -73 
5 88 -23 
34 -37 44 
32 -20 60 
-23 85 -98 
37 62 -63 
43 -10 -51 
-21 -40 53 
-26 -56 19 
5 87 41 
96 64 -100 
2 -42 -29 
-75 -69 1 
-75 31 -3 
-33 -52 26 
57 11 31 
5 18 27 
2 -72 -59 
-92 19 21 
63 78 32 
43 -23 -28 
94 38 37 
4 -35 26 
33 5 -63 
-22 53 -30 
-82 -61 33 
90 -30 15 
25 32 -22 
-52 -15 35 
-15 -13 37 
8 11 63 
-71 -64 -65 
-43 -44 -85 
87 -14 27 
5 17 -25 
32 46 27 
-61 91 -60 
13 50 83 
-5 -68 -87 
54 -81 84 
77 7 65 
-35 -55 45 
-70 87 72 
-26 53 -69 
-3 -56 -43 
27 11 -87 
7 43 -83 
9 82 -17 
66 60 -38 
21 1 -42 
-21 -36 -6 
-91 -88 -82 
-14 41 -43 
-47 92 -3 
63 -21 15 
35 71 -93 
32 -51 83 
-22 -71 2 
-12 -68 87 
23 -24 -40 
33 -30 -2 
-85 -93 -3 
-13 45 -9 
-76 38 48 
53 25 -78 
7 62 58 
-2 49 96 
9 -4 -31 
1 20 -96 
68 -5 -81 
36 96 11 
19 37 -28 
-11 60 71 
9 -4 -25 
-60 -5 -7 
87 -64 -8 
34 89 48 
-14 1 8 
25 76 70 
-84 -2 24 
21 -98 17 
-32 -73 -21 
1 -36 84 
10 -26 94 
-97 11 4 
-16 88 71 
-86 -24 9 
-54 17 -97 
71 -90 64 
25 -16 6 
52 -68 67 
-13 -79 73 
26 -36 -72 
-9 96 -11 
-1 -7 -13 
81 70 90 
-3 29 53 
67 -71 13 
-38 -44 76 
-83 5 96 
-15 -53 27 
67 -1 -28 
23 -11 1 
-43 81 -77 
8 -41 14 
34 -41 -14 
-38 -37 -86 
83 43 47 
58 25 16 
-47 89 -28 
-51 -11 3 
27 55 -60 
85 51 -41 
-42 72 27 
-77 34 42 
-6 9 2 
91 78 -35 
-82 -65 20 
10 -1 55 
90 -8 51 
-72 84 -38 
-60 22 96 
52 5 64 
39 -7 64 
38 -25 30 
52 14 -24 
49 100 17 
-44 -61 95 
-75 96 -48 
39 61 -100 
25 -24 66 
30 -52 21 
-14 58 73 
-22 52 -30 
-2 71 79 
-85 16 2 
42 36 -4 
80 -98 -16 
-20 -80 -2 
-27 13 43 
-41 69 -61 
-27 12 66 
44 43 -36 
-43 -98 -11 
-8 14 -82 
1 -84 29 
79 -24 43 
-61 -96 -13 
-52 82 -11 
-6 68 -36 
-57 -95 9 
47 -86 -80 
12 -33 58 
-31 14 -88 
-1 -31 -7 
19 7 -46 
62 -64 -97 
6 62 66 
3 7 -10 
-80 26 45 
-74 -62 -27 
74 88 2 
34 22 -36 
-59 -73 24 
19 51 17 
-76 1 -7 
58 -19 -67 
-12 -30 -16 
-40 94 -3 
-36 16 -41 
-11 -6 63 
-59 77 85 
75 -19 -50 
-19 -20 -46 
46 53 -94 
17 -39 78 
38 -24 33 
66 -19 -5 
-46 -43 61 
-90 -58 -35 
-72 10 -1 
84 4 -14 
-4 -90 52 
57 -78 21 
-3 -90 8 
36 83 -86 
-22 23 40 
-30 34 86 
60 -98 14 
85 57 -28 
-9 73 -80 
24 32 97 
86 -88 64 
5 15 72 
-43 -17 99 
23 51 14 
64 53 17 
-29 7 100 
9 62 -84 
-11 80 -35 
20 -31 -45 
-27 99 -49 
83 -80 -20 
64 75 -51 
-15 69 98 
98 -57 -99 
-8 46 -11 
-44 -57 6 
-66 -42 6 
-42 31 59 
-30 29 -10 
-10 -4 -68 
-68 -17 -43 
-3 86 50 
-87 -27 -7 
22 -48 -99 
-34 -96 -16 
-33 99 45 
-44 38 50 
-4 47 -29 
18 21 84 
-3 2 -58 
-11 -54 -89 
94 75 12 
52 50 -85 
-7 -41 9 
-97 -4 48 
-96 -61 -18 
-99 -56 -62 
-100 24 55 
32 19 -65 
1 -47 -72 
26 -46 -60 
-36 -5 3 
-1 -15 -13 
51 6 45 
60 -82 -40 
-87 -22 -38 
29 88 25 
90 8 16 
72 -62 -8 
93 -40 16 
8 44 -70 
-83 29 6 
-35 -86 -7 
-12 -72 59 
-74 -65 -28 
99 -10 -2 
12 -25 73 
16 92 -58 
-83 17 -100 
12 -9 -55 
-12 25 -30 
80 -83 -50 
-99 -86 -31 
-91 8 85 
-3 -61 8 
13 -92 18 
-38 -66 96 
-33 47 -51 
44 18 -94 
-52 -8 -38 
89 -16 -71 
-87 -9 -59 
20 -57 28 
