-42 15 -37 
-28 21 -51 
77 3 -91 
-27 -28 5 
4 10 41 
27 -50 33 
-73 56 3 
-24 31 59 
-22 -65 17 
2 -65 -98 
-14 64 -2 
24 71 -26 
-93 68 28 
72 56 -26 
-25 -35 77 
-20 33 59 
-43 38 1 
36 38 6 
-28 -54 37 
-90 -16 -22 
-62 -41 76 
-13 -90 1 
-55 -97 -90 
-37 11 65 
-71 -62 14 
-52 67 -46 
76 -28 39 
61 -15 8 
-82 51 -2 
-69 2 77 
45 50 -1 
80 12 -97 
65 54 -66 
-53 7 21 
100 -25 86 
-75 -54 4 
-10 -8 90 
-87 -28 -40 
5 -34 -95 
-71 93 -51 
-48 -40 97 
-54 -53 -47 
21 19 97 
72 -68 -1 
-64 18 -33 
-42 -7 17 
-94 1 11 
43 -36 44 
-40 -9 -54 
-1 -50 -84 
-18 -68 94 
33 -41 -67 
-15 -57 -5 
-64 -52 -61 
-31 -83 11 
-17 -66 -23 
-88 91 18 
47 -77 82 
75 68 80 
88 -17 -38 
-91 76 -3 
-8 -42 13 
84 -10 -2 
22 -16 -38 
-43 15 59 
-54 -64 38 
68 79 -8 
67 28 -21 
3 -7 -31 
15 8 -50 
-6 -38 -35 
-92 44 -16 
4 10 96 
-96 -68 72 
-44 -17 -46 
-57 29 -85 
-96 -37 56 
77 95 20 
-92 58 39 
1 -72 -9 
-58 -11 -61 
-70 -7 -76 
-89 -49 73 
17 -10 -63 
-8 66 -63 
-81 73 17 
29 99 43 
-1 33 67 
71 36 19 
74 -23 70 
-1 -75 83 
1 -99 4 
-3 92 43 
-71 -91 -18 
33 -38 -64 
2 24 50 
-18 61 1 
14 -6 -56 
-69 55 96 
-39 -7 -3 
-1 -15 -80 
-31 -5 -16 
15 -98 26 
-84 6 -28 
9 -11 -23 
48 11 -21 
82 -58 -59 
92 4 83 
-52 38 -71 
-25 67 -30 
-15 17 51 
-25 68 90 
23 -36 -18 
27 39 5 
23 5 -85 
-43 94 -1 
19 -21 9 
-4 -53 79 
85 -43 84 
9 -3 93 
-19 70 3 
-31 -18 -81 
41 -52 -16 
-87 64 13 
8 -10 67 
17 14 28 
26 -43 -18 
2 -37 96 
-58 65 -4 
-35 86 -41 
23 -6 2 
34 85 -1 
-16 -49 8 
76 66 90 
-1 -6 5 
-61 -17 42 
51 -92 -6 
-13 25 29 
1 -33 43 
68 -88 18 
-85 -4 -38 
4 24 40 
-12 80 46 
-53 -79 -37 
-52 -38 -11 
69 -42 -89 
-29 -82 -61 
-51 -62 65 
-49 -7 -22 
84 -91 -2 
-36 70 -37 
28 19 92 
-27 1 38 
-89 -77 -68 
-70 -50 96 
-100 -3 -41 
-23 2 -1 
12 -46 24 
45 -37 -46 
8 -38 89 
50 63 9 
-70 100 -25 
19 -42 -5 
52 16 -71 
-8 16 -47 
-86 10 30 
47 29 -94 
-54 57 15 
5 -16 2 
94 -9 71 
-22 -97 -31 
96 41 25 
-14 -1 10 
97 -83 -9 
-97 6 13 
59 34 98 
-38 -69 -91 
-95 -68 -74 
-15 -9 41 
-55 -70 47 
30 -27 19 
17 -58 62 
45 81 -94 
-2 -14 26 
-70 -1 89 
-86 -53 39 
-51 -63 -20 
27 39 -8 
55 -22 -89 
42 -82 34 
100 -52 -16 
97 35 67 
-32 60 63 
11 69 -3 
-13 -72 -40 
28 -81 -72 
1 60 24 
44 -22 68 
-19 -63 2 
-71 -25 62 
-66 35 -44 
-12 75 24 
1 15 68 
-11 19 29 
-99 -32 6 
35 -45 -2 
68 -61 9 
20 -21 -54 
18 89 48 
97 68 -71 
57 48 82 
-20 81 -39 
-95 -37 87 
-55 28 36 
-86 42 51 
86 57 61 
19 59 -17 
27 94 -2 
-31 22 -58 
-78 70 48 
75 -58 -94 
77 35 -17 
-17 -6 -31 
-29 -92 -74 
38 7 9 
20 -34 -21 
31 -3 -16 
48 -23 91 
-35 2 4 
79 -4 61 
97 -44 -68 
-87 75 11 
-22 70 23 
-91 -23 2 
52 49 -84 
-87 31 -26 
64 55 -93 
91 90 3 
62 -95 7 
-4 -81 83 
38 17 -24 
-3 -98 -75 
87 -22 51 
100 -41 -25 
-44 -10 -62 
-58 -35 74 
-14 -68 96 
26 -97 -8 
-37 20 86 
24 -68 28 
20 7 -23 
56 -99 -48 
55 22 74 
91 -26 57 
-64 18 59 
5 2 -82 
-20 7 13 
-79 -11 -1 
28 -75 31 
57 -56 60 
-34 13 -23 
-88 63 50 
64 -93 -97 
4 -39 -83 
62 27 -33 
97 -16 -19 
-17 -61 -38 
-53 -66 7 
-14 -100 77 
-72 -37 -58 
29 -6 -100 
66 -88 63 
92 -2 -23 
7 -1 73 
23 -19 -48 
-45 85 -21 
-39 -15 18 
-25 24 88 
-22 -63 26 
-42 -19 54 
-30 -8 -11 
-3 32 95 
-91 1 47 
-70 20 83 
-47 -24 -64 
47 26 36 
-67 -95 86 
-94 -42 36 
-93 98 66 
49 -51 -19 
35 -9 -89 
52 -95 -6 
75 -49 60 
21 97 3 
-76 -61 -68 
73 -45 67 
-94 99 -90 
-20 -42 13 
-19 97 42 
-19 9 33 
-8 -37 24 
2 80 96 
28 -37 -89 
23 22 76 
28 19 59 
-88 22 80 
-18 15 9 
25 -82 22 
-56 100 7 
-14 -24 -3 
68 -87 9 
-4 39 31 
-27 -96 69 
22 64 -68 
10 -56 -48 
-2 -58 65 
49 38 -54 
89 46 15 
30 -21 42 
-11 44 41 
55 -30 -25 
22 13 92 
19 -90 99 
1 -3 -28 
63 -57 48 
33 5 16 
53 62 -80 
20 -49 -55 
-30 81 -86 
-97 -5 82 
84 -12 -30 
-75 34 -80 
1 -96 -50 
-42 4 38 
13 26 5 
-99 -38 3 
70 -99 17 
70 15 -76 
-41 58 21 
-5 56 -8 
14 52 -62 
-27 -11 -18 
88 -69 18 
-29 -43 1 
-18 1 43 
35 -12 -1 
42 -46 75 
50 -32 70 
-24 43 92 
94 -27 -25 
-97 73 -88 
-40 16 -8 
-11 71 -73 
70 -61 90 
27 -41 1 
-26 18 -8 
-36 57 -32 
79 54 -99 
-4 -33 19 
-88 82 -61 
-32 -54 71 
-68 40 10 
-16 38 -13 
100 -53 -26 
-24 -4 5 
19 67 48 
-35 -8 45 
-75 62 -1 
6 36 -55 
6 -34 23 
-21 25 5 
82 -87 59 
-9 -12 -26 
13 -91 -33 
-50 24 30 
25 -15 -97 
-3 52 -78 
-85 -12 -83 
48 -24 -91 
-35 -100 4 
9 -12 -72 
-37 -73 -14 
-31 -95 92 
-53 5 -78 
80 -68 35 
85 41 -43 
32 33 81 
-42 -46 22 
67 -65 -77 
-55 -6 2 
-50 -4 -58 
-30 5 -32 
-75 76 -70 
-28 -65 60 
12 -37 -30 
-52 -75 53 
12 -74 34 
38 15 7 
-63 -62 -28 
-41 -93 97 
