64 63 -13 
-22 57 3 
-24 65 1 
24 -8 11 
-62 -66 99 
71 -85 97 
2 84 59 
38 -96 -94 
-89 57 75 
-76 26 39 
77 -18 42 
-24 -77 -95 
-13 88 -59 
65 56 63 
-9 30 -8 
-48 -9 -31 
-68 -73 2 
-28 89 -30 
2 9 -12 
-24 3 -59 
32 86 87 
33 -20 17 
97 -41 77 
-65 75 -85 
-15 -66 98 
-92 -66 -29 
-70 -30 -15 
98 -78 -97 
-100 9 98 
19 24 7 
-83 -46 -20 
-97 69 36 
-23 18 -55 
-21 -8 91 
82 -5 -44 
-20 42 16 
81 -72 -22 
69 2 -42 
57 19 60 
29 88 -40 
-7 6 92 
26 72 37 
-50 -31 21 
-49 -89 -19 
-31 41 -69 
1 -76 42 
-6 -49 27 
-87 5 -24 
75 67 -8 
-14 29 8 
-16 7 -69 
32 19 77 
11 -51 12 
-76 39 -87 
49 -5 -61 
-91 -81 -88 
1 -39 64 
38 44 5 
53 51 62 
-25 49 -15 
-83 -5 -57 
35 69 21 
-39 -32 -85 
36 -82 53 
33 -51 -83 
-54 74 69 
-53 99 -80 
100 -46 36 
-71 29 -67 
-46 9 55 
26 -94 -44 
75 -65 -78 
1 -73 16 
-44 41 39 
80 32 50 
52 17 -90 
-98 63 12 
51 75 87 
-93 -28 -37 
-70 22 29 
39 28 -4 
89 44 43 
44 48 -62 
43 13 8 
-94 3 40 
49 -8 -74 
-23 9 -11 
13 23 -84 
90 3 -87 
-92 -51 -5 
75 -43 -88 
52 -58 -15 
-87 -51 88 
-3 51 -18 
-94 -78 28 
-57 -89 32 
15 14 37 
66 64 -36 
71 -44 38 
-53 12 47 
-51 -53 -25 
-85 17 -69 
-67 35 -7 
18 -68 -65 
78 67 -16 
-75 -3 9 
-67 5 3 
-53 -37 80 
63 -7 -81 
72 -5 53 
-61 5 -2 
83 -59 -28 
-22 59 56 
-69 60 77 
-81 18 7 
99 48 25 
13 -42 -3 
31 -91 -34 
39 38 93 
-85 40 -73 
-78 -46 -63 
-18 78 -94 
-49 26 -2 
-1 43 8 
96 3 -83 
63 -3 -58 
-72 -46 -79 
26 98 -40 
-41 -9 90 
-54 73 -15 
-29 71 -43 
-74 1 -93 
-81 17 -14 
11 2 -31 
-1 95 -61 
6 15 -14 
-39 -37 41 
74 -64 17 
-20 78 -23 
-14 12 -47 
-66 -47 -48 
6 -4 36 
-81 51 18 
34 -66 92 
82 -7 -6 
34 -78 74 
-33 -60 -94 
26 -76 25 
5 4 -23 
52 81 -100 
-47 24 -21 
-4 34 68 
-35 -23 -82 
-2 -22 39 
80 -84 -93 
42 33 89 
29 94 14 
-87 -78 -71 
30 -56 51 
-62 31 100 
8 -62 77 
-24 -92 14 
11 -1 -93 
5 -72 -16 
54 -34 88 
-79 37 -5 
18 16 -57 
29 83 1 
-90 72 -76 
-41 -13 -18 
-54 96 -65 
-89 3 33 
-45 64 -22 
63 -3 -51 
-12 -18 -6 
-60 -3 98 
-23 -46 5 
95 58 77 
63 29 -58 
-16 86 90 
27 72 -81 
-87 2 -86 
5 31 87 
16 32 -25 
20 -22 -4 
36 2 40 
86 16 24 
-40 -9 14 
-43 -54 23 
-10 -94 61 
67 -8 -97 
-50 -5 37 
-1 -60 -33 
-15 33 41 
-37 13 -26 
-49 -75 34 
86 35 98 
-47 -16 26 
60 18 8 
91 65 98 
14 74 -19 
49 94 -53 
11 -4 -47 
-47 -2 -89 
-100 -35 64 
11 -50 58 
-36 23 -66 
-47 -14 86 
48 -64 23 
-29 -48 -4 
7 -91 8 
88 31 70 
-33 98 -10 
5 -76 -95 
11 7 -63 
-7 -89 -41 
-63 -41 85 
-3 -75 -89 
-36 -11 18 
23 80 12 
-23 89 4 
-50 37 78 
-65 -99 32 
41 -99 -85 
25 78 -43 
7 -67 11 
-6 -20 -98 
-17 37 5 
88 12 1 
-38 50 -79 
-8 67 50 
64 46 -7 
6 80 -91 
-1 8 53 
-54 -53 -27 
-88 -19 -71 
-6 -24 41 
66 -64 29 
79 35 66 
32 -94 60 
61 28 68 
-5 -41 17 
9 1 69 
62 96 99 
-12 -62 39 
80 -63 -83 
34 81 -52 
-62 -58 97 
-100 80 -36 
-20 -57 54 
30 7 18 
-21 -75 47 
86 -50 19 
-63 30 -47 
-17 -53 1 
-1 -7 85 
60 -11 20 
10 76 44 
19 -33 94 
72 18 6 
75 -14 -88 
-87 69 -65 
58 24 -44 
-90 -48 33 
-97 -78 5 
1 7 41 
36 21 -4 
-89 -45 -23 
-3 -38 34 
90 -83 39 
89 -37 50 
90 -12 2 
6 92 4 
71 24 -29 
-50 58 62 
95 39 -76 
83 10 -26 
-54 99 -12 
50 84 55 
-9 -6 -18 
97 37 70 
-59 -11 74 
86 92 6 
-70 91 54 
55 71 18 
-35 -20 -40 
46 67 -75 
17 22 11 
14 34 97 
-15 83 8 
11 99 87 
-46 31 -54 
-42 79 -23 
4 -54 19 
65 33 84 
-13 92 50 
-43 -10 -36 
-79 -82 46 
-21 16 2 
76 12 30 
88 -87 72 
8 83 -50 
10 51 -85 
43 12 -26 
-5 -49 -4 
-56 -83 82 
-33 -76 23 
-34 12 36 
-27 89 46 
-56 36 -46 
-40 49 9 
58 -49 -38 
4 17 98 
23 -89 -86 
-64 -48 18 
-97 -60 -2 
16 70 -7 
-84 86 78 
6 94 73 
-16 -69 74 
32 -68 22 
-7 24 -86 
-47 -23 -94 
-39 -22 12 
-84 -56 48 
-32 -2 1 
92 46 -27 
-34 56 -68 
-55 8 33 
96 -79 40 
-100 23 -59 
77 -9 7 
-73 59 53 
88 79 9 
-10 18 -16 
-32 -8 -9 
-6 41 58 
-87 1 -86 
-68 13 -95 
50 2 -36 
-23 -12 73 
68 -96 76 
-44 -28 -43 
74 -31 -78 
-9 99 -79 
-78 -27 40 
-1 -25 -73 
58 -9 33 
13 45 -48 
-97 -1 -65 
-23 9 18 
-6 95 45 
-70 9 -53 
3 -20 -60 
-54 -85 -59 
-17 -61 -3 
-94 -66 2 
1 -69 -55 
28 46 -67 
7 23 68 
-82 -7 70 
45 37 -17 
-19 61 88 
32 1 28 
-18 80 -2 
20 -80 59 
-38 -28 58 
96 35 78 
90 -31 24 
65 55 47 
67 35 -21 
-96 -5 -52 
31 13 -30 
66 -77 -36 
-53 76 1 
-87 -17 -47 
42 80 3 
91 -65 -15 
-16 1 93 
20 29 78 
60 -27 23 
12 -60 68 
-20 5 -78 
4 3 15 
-97 -61 -71 
-94 80 -62 
50 -93 -18 
-14 1 78 
25 69 21 
-94 -56 -4 
98 -21 -32 
26 25 62 
-83 65 -6 
-39 -59 30 
24 1 -80 
-75 -43 -1 
76 -67 10 
-1 -23 96 
-19 15 46 
-11 -32 -27 
