59 41 -2 
11 17 -22 
4 -61 -34 
-35 14 -82 
-100 -83 19 
53 -80 -6 
89 22 65 
-78 37 66 
1 12 70 
-45 -65 99 
-23 19 48 
46 -61 8 
-79 34 -62 
30 -63 43 
69 -33 18 
-12 -76 -72 
4 -85 89 
-98 -81 -51 
-7 13 -83 
-77 18 -38 
-29 -40 9 
3 73 72 
-69 -15 -7 
93 -1 -2 
93 -44 69 
-25 14 92 
19 55 38 
-8 60 13 
14 38 41 
24 -16 43 
-63 -38 -1 
-22 46 -12 
-62 55 -48 
-40 -76 -36 
56 69 30 
-21 -45 99 
32 -2 -77 
11 -3 -22 
29 73 76 
-96 18 33 
73 -45 96 
71 69 2 
22 59 -17 
-81 50 73 
-51 -1 92 
61 29 88 
-84 -34 -82 
-25 -71 -67 
52 29 10 
-31 -2 -5 
-62 41 21 
95 41 69 
44 -49 84 
23 65 29 
-100 69 63 
1 29 35 
12 92 -94 
-15 -48 -41 
-42 -43 35 
5 -22 -66 
17 92 -39 
32 90 78 
-92 55 74 
96 37 -39 
64 -1 68 
-25 95 -23 
-8 -43 71 
50 5 -40 
40 1 -27 
-23 19 -78 
-27 -7 -9 
-78 91 24 
-41 26 14 
-48 22 37 
5 -47 7 
-48 57 14 
5 -42 46 
90 -49 -66 
84 100 -80 
55 25 -47 
27 28 -66 
98 59 80 
-19 -17 -23 
8 6 27 
57 -47 -54 
64 93 36 
-11 -61 18 
1 -45 42 
-50 9 -92 
-67 -91 25 
-51 2 75 
78 26 -20 
81 98 38 
95 26 47 
34 -51 -65 
-94 -21 61 
-62 1 -37 
14 -22 18 
-1 -56 5 
-18 -77 -29 
-32 10 -90 
-81 83 20 
51 -26 57 
-3 -23 -51 
4 37 2 
-80 2 -23 
36 -35 60 
-49 9 8 
55 52 11 
-28 -10 11 
-42 -18 -52 
12 14 24 
35 24 81 
-4 7 26 
42 -21 -94 
16 4 -31 
24 -82 -21 
54 36 -98 
3 14 -49 
-100 -84 65 
1 -5 -68 
73 -41 -28 
73 63 92 
-81 4 -30 
31 -18 61 
-96 97 -4 
-81 3 -34 
90 -92 76 
5 -1 28 
24 -22 -62 
-56 -83 -3 
-46 6 33 
19 16 -9 
18 -69 20 
4 -64 -12 
-89 38 12 
-70 -31 -61 
1 -71 43 
-62 19 -6 
-65 50 11 
-59 48 -16 
47 19 36 
-9 -3 93 
1 -59 32 
-39 -35 65 
-71 6 29 
-15 -62 6 
8 -13 -61 
10 -6 40 
17 -53 -59 
-9 33 -13 
54 -1 -7 
-77 69 35 
33 81 36 
-47 5 38 
16 67 -21 
-79 72 87 
-92 70 78 
-9 19 -30 
-77 8 -3 
93 44 -4 
-13 55 -16 
-82 -18 61 
-89 -25 2 
-52 67 -89 
38 -28 81 
-4 -76 -64 
-14 73 -62 
2 -98 -33 
-96 -2 82 
63 -98 52 
-57 -5 -76 
68 -69 -70 
86 23 -22 
-85 63 -86 
-11 80 -7 
3 -2 100 
-94 16 32 
25 88 8 
36 32 69 
-68 -54 34 
4 -40 -85 
-81 -35 -86 
-14 28 87 
-18 -47 33 
86 12 34 
38 -41 -33 
35 -82 20 
-63 -89 49 
-20 91 28 
-83 20 86 
-3 69 -23 
-26 1 97 
-14 46 -10 
6 33 61 
-30 27 24 
8 -22 -19 
74 91 -44 
-5 61 79 
33 39 -51 
-49 -41 -52 
9 -1 -36 
94 26 -96 
-64 90 -9 
-39 -99 5 
-43 36 74 
45 -53 -10 
-5 -39 -98 
12 -53 -17 
-75 34 -9 
-83 25 47 
7 -64 -4 
75 27 -1 
95 13 -47 
-52 -46 -23 
61 -4 35 
48 -34 -46 
-11 -97 -43 
-50 -2 24 
47 -73 -4 
-50 -55 5 
88 81 59 
44 40 78 
3 -10 -26 
-19 87 -51 
54 18 29 
-58 -96 34 
-59 -84 31 
-81 28 7 
65 12 44 
28 59 -3 
4 99 -53 
-13 50 61 
79 17 27 
-74 25 -30 
10 26 -81 
-84 -83 2 
-35 42 -34 
-45 98 -2 
-50 4 -6 
4 28 -6 
-39 50 94 
-32 2 -47 
22 16 43 
-93 -1 23 
60 -47 -90 
11 76 12 
-32 6 -58 
-59 -41 91 
-30 -86 56 
1 -41 -98 
34 62 -35 
-21 -1 -71 
3 -47 25 
5 -36 61 
-62 -8 46 
-51 -18 -10 
62 68 58 
30 -25 -58 
-23 93 -56 
87 6 2 
37 -32 -27 
23 58 -39 
42 38 -16 
-35 29 11 
75 -7 62 
24 78 10 
9 28 45 
-72 50 51 
-18 -93 -36 
8 31 93 
43 -82 -15 
-3 51 32 
33 -82 25 
-8 -10 53 
-1 -73 -46 
100 48 13 
74 1 -85 
-47 98 -18 
-43 -58 29 
-7 -90 -26 
25 -39 5 
13 -28 44 
7 -8 -27 
-25 -30 -14 
6 -72 -8 
-29 68 5 
-92 97 -36 
-16 1 45 
5 97 -39 
-7 1 2 
-96 2 -6 
-85 -52 61 
41 70 -92 
-15 94 3 
51 10 12 
-88 -62 17 
-4 -11 36 
-10 92 5 
66 81 -12 
28 -87 -32 
53 -96 23 
85 76 -1 
-24 -19 -48 
13 -14 -33 
-27 -88 -3 
-2 -1 68 
48 78 -19 
-31 35 26 
100 51 86 
-81 -46 -20 
-4 70 29 
-17 73 91 
-53 66 -18 
-84 1 85 
30 -36 -11 
46 79 31 
-2 -33 64 
96 78 -2 
8 -14 91 
-40 42 4 
-2 91 -36 
-79 -24 3 
-62 -24 71 
-25 90 66 
77 47 -53 
-39 -14 15 
76 -31 -5 
64 33 11 
16 -59 -17 
3 -56 16 
25 -4 -23 
-36 -53 -48 
40 87 67 
52 -78 44 
77 62 -18 
-9 85 55 
23 -43 24 
-27 -24 -56 
-81 -26 80 
-4 -39 -20 
-60 -95 -5 
-31 32 98 
-71 -27 -40 
-10 79 -2 
-1 -41 3 
50 -84 -52 
43 12 100 
-83 -12 -21 
3 -59 -72 
89 -25 -90 
-76 -63 -67 
-45 -58 -35 
24 -14 31 
47 -37 8 
47 -27 -88 
83 -4 -30 
56 64 22 
-41 45 -54 
-61 85 -40 
48 27 -4 
93 -9 -27 
3 -18 25 
-51 -13 88 
56 49 2 
66 -48 79 
-69 97 -57 
-79 -67 -36 
-12 29 -36 
-26 58 -7 
-89 -3 -77 
-11 69 -5 
70 -98 63 
-85 -84 -39 
54 94 67 
-85 84 -8 
-87 -21 -25 
85 -41 -21 
56 -100 47 
64 3 20 
-15 72 93 
80 -17 1 
17 -94 -61 
-29 -52 -22 
85 14 83 
-81 51 66 
-51 47 -23 
-4 1 -81 
42 -99 -90 
-39 -47 -92 
-27 -6 42 
-22 -49 -19 
81 21 71 
-46 47 70 
-32 16 41 
-28 29 31 
4 2 91 
-97 -75 -33 
-50 -74 -58 
-68 -9 43 
