35 18 66 
28 52 -39 
95 71 -75 
7 -63 -38 
1 9 39 
-55 67 10 
25 -14 -94 
-90 -21 -95 
-7 31 53 
-51 -95 56 
-27 94 -19 
1 62 57 
-87 -57 -35 
35 3 76 
51 14 70 
-3 49 -7 
-91 -28 -48 
-5 77 -2 
-54 8 21 
-89 40 -50 
48 35 20 
100 19 -33 
-84 53 -8 
73 -31 1 
17 -41 8 
90 -55 -13 
-26 -12 1 
-4 -57 -13 
52 12 -69 
33 5 -24 
84 82 23 
-53 5 48 
89 -46 56 
97 56 11 
-33 -21 -100 
57 41 69 
-50 -25 -55 
-25 -33 1 
-53 94 -6 
-89 -28 -88 
70 98 -37 
-17 -87 5 
22 -97 1 
-43 -1 90 
13 72 71 
75 -57 96 
-27 -25 12 
-28 -38 27 
66 -42 39 
-21 -11 -87 
60 17 -14 
11 37 -70 
80 -39 54 
-62 -37 74 
-11 48 -53 
9 72 -62 
-15 -6 -7 
69 32 -43 
7 82 -89 
-9 -2 -68 
72 -65 26 
-12 28 -40 
62 -44 -37 
-42 30 -5 
-1 -16 11 
-34 47 -83 
-9 -46 79 
-73 42 18 
-10 1 48 
1 -99 7 
52 59 -88 
11 -1 16 
-53 -37 -91 
-83 86 -62 
-19 61 17 
-70 56 -59 
20 30 42 
29 -81 -11 
-67 -96 21 
1 92 -95 
-30 21 34 
-32 -11 -58 
14 22 -76 
-15 -85 -53 
-27 78 -53 
-14 36 -71 
-90 -10 -62 
22 -9 95 
-51 31 -68 
-10 -14 -75 
-10 -63 87 
7 28 93 
52 -17 20 
-32 77 97 
-77 -79 82 
-32 77 -69 
38 93 -6 
83 35 26 
-13 24 -5 
-12 -62 -13 
10 35 92 
-12 5 -8 
-75 -25 -69 
4 -26 29 
19 -54 -7 
-22 2 80 
3 75 25 
34 -74 20 
-88 -75 65 
-25 85 8 
85 37 -83 
-69 -34 2 
-5 43 47 
-16 18 -50 
-16 2 -94 
5 62 38 
61 64 -18 
27 -43 5 
39 22 -94 
-3 -47 66 
74 75 -4 
100 -16 -31 
2 37 -66 
80 3 53 
-97 -9 -49 
56 4 68 
-62 4 3 
-15 -30 43 
-9 47 42 
9 20 -36 
9 96 10 
79 -27 -57 
-8 87 -66 
-74 -83 -56 
-33 -40 -25 
-99 88 5 
61 23 -42 
89 16 -6 
-91 -10 -70 
-34 -62 -86 
-49 45 -16 
100 -37 -72 
50 -1 -83 
-78 -62 1 
57 -42 -19 
23 3 2 
-82 14 -65 
34 12 78 
-31 59 48 
-53 1 3 
-36 -31 -4 
24 94 63 
33 -75 61 
-89 78 91 
-25 31 63 
58 59 43 
69 -62 -45 
73 17 1 
-42 -20 -79 
68 -40 -49 
-23 52 -28 
-97 -35 -58 
-36 73 26 
99 65 -50 
98 16 -11 
73 -96 14 
37 -38 73 
-76 85 -67 
4 -55 10 
27 -50 46 
15 -74 -19 
25 -24 -70 
40 37 43 
-100 81 -93 
50 6 -30 
-61 -1 74 
10 89 -2 
-67 37 81 
-56 -93 -41 
8 -28 48 
31 4 80 
-2 22 83 
-89 -20 -5 
-23 47 -52 
-10 81 46 
-93 -12 -22 
17 -1 -2 
98 -15 -28 
36 -55 -32 
61 -67 -6 
-55 -9 -5 
34 85 -16 
-82 -15 -75 
-88 -38 93 
-26 -10 80 
69 -5 54 
83 4 -34 
84 -96 97 
-12 -48 -71 
59 57 77 
-98 12 36 
13 -45 5 
-54 -91 14 
-3 -14 -43 
7 -67 -87 
78 43 5 
35 -100 85 
6 7 -45 
-49 42 51 
-50 -84 60 
-11 -14 -83 
46 10 7 
-84 45 1 
-7 62 58 
-43 -23 -33 
-29 -48 -76 
-40 -77 -59 
66 75 90 
26 -36 -7 
-9 40 -11 
8 -36 12 
55 64 -58 
-10 8 19 
16 -71 -12 
-99 69 -39 
-13 3 57 
-11 34 -57 
-47 -98 -34 
-76 66 -30 
16 -31 45 
69 -61 -42 
36 -8 -51 
-68 -30 18 
87 -9 79 
-18 -63 44 
60 -18 42 
62 -97 -10 
16 20 -4 
21 -12 46 
-50 -8 32 
7 12 17 
34 33 87 
15 -89 -56 
78 -22 40 
15 90 -2 
50 85 -39 
28 58 -5 
16 -19 48 
-38 7 -83 
92 -11 84 
-1 75 84 
-6 -19 -31 
42 78 -30 
3 72 -16 
9 73 -65 
90 1 -91 
-85 -70 83 
91 46 99 
81 -1 -24 
-83 -57 -66 
2 -26 100 
22 -47 27 
-6 -19 -81 
-24 -47 83 
-11 100 52 
3 -9 62 
13 -69 45 
24 -6 38 
77 28 -23 
-58 -73 49 
53 -85 -11 
3 18 -31 
-48 -55 -53 
-36 63 -43 
44 -25 78 
-86 36 39 
60 -28 48 
-12 -3 28 
-1 -37 -11 
-71 40 -10 
-22 23 -5 
-31 99 -21 
24 32 -75 
-5 -92 89 
50 70 47 
32 -72 -10 
-59 23 1 
65 9 21 
-100 74 71 
-86 -81 -9 
7 -83 -45 
41 61 69 
-40 -13 -39 
82 -18 22 
5 -70 -64 
-43 -85 -19 
4 -13 -100 
81 -4 -46 
22 19 -32 
6 46 38 
-69 24 -76 
62 -73 55 
9 67 3 
51 -2 95 
63 -87 14 
29 82 78 
53 -97 94 
-34 -27 -92 
12 -5 -6 
-47 -89 36 
85 -43 -82 
-29 -6 -89 
-21 -1 2 
-82 88 68 
11 46 -60 
6 -43 -11 
88 38 -79 
-34 -75 45 
26 55 -21 
-58 -95 -25 
28 25 12 
26 -38 96 
-37 9 96 
46 -40 -65 
10 2 26 
-11 55 -41 
78 -32 72 
91 -5 -75 
-8 -32 -55 
-100 19 -47 
-1 94 -16 
-60 -22 -9 
76 35 53 
13 8 -75 
92 -30 -1 
44 -43 -24 
31 64 48 
2 -32 -25 
4 81 48 
-7 31 92 
-1 -9 -99 
67 -57 15 
40 -48 -39 
99 -32 11 
4 -5 -16 
-46 40 -72 
-19 30 -84 
11 -13 -5 
62 -57 30 
-66 -15 34 
57 91 5 
10 38 29 
-38 7 79 
-27 26 -41 
28 -20 38 
-9 -61 -15 
68 1 -35 
-48 -47 -12 
-98 5 -10 
-32 8 1 
-4 -82 16 
-14 92 63 
-53 72 22 
63 -99 88 
-68 40 -97 
61 -85 -78 
89 -25 -69 
-21 -11 -4 
45 85 17 
66 92 -55 
1 6 14 
-37 90 66 
18 17 2 
39 88 50 
22 13 10 
-37 87 -16 
95 -18 21 
-22 62 -94 
-28 2 -7 
49 -42 -87 
-47 -57 -31 
90 44 -18 
-32 75 -9 
22 55 -3 
76 -14 3 
25 36 -24 
-96 43 75 
-20 -29 86 
26 22 94 
-24 -82 12 
-31 37 -70 
4 -2 -18 
-40 -29 51 
9 -68 -93 
-52 6 -96 
-98 -88 -89 
-48 1 35 
-21 -20 64 
-49 80 1 
-2 -47 70 
