32 33 40 
-2 -57 68 
-1 98 52 
1 8 -90 
37 43 11 
40 9 -36 
-68 -92 -34 
92 89 -65 
47 -68 -23 
-64 -1 -99 
-95 -27 3 
-39 -12 3 
55 -22 89 
15 -17 -46 
-54 89 20 
-11 -36 74 
-33 9 -3 
-57 -61 17 
-42 49 -4 
9 29 87 
-17 -34 4 
-85 -22 -2 
52 -60 25 
-52 -50 44 
16 24 12 
-9 -22 -94 
40 -98 -11 
32 15 19 
44 50 -70 
41 -38 -11 
67 93 42 
-57 68 -26 
-26 -75 79 
-100 -3 59 
-94 -83 -77 
-7 29 50 
20 -24 94 
-92 -21 -50 
-59 74 31 
78 -19 79 
-95 9 -97 
-79 55 39 
78 3 -19 
-95 45 -59 
-1 73 -58 
46 60 78 
2 -48 36 
28 -19 2 
50 -36 7 
-2 -47 -16 
-2 -21 -66 
-7 15 51 
-65 -11 31 
-23 -47 95 
-15 31 -9 
87 76 -96 
-55 -50 -84 
13 26 92 
34 -92 98 
52 31 -61 
-72 -97 -5 
-20 70 -9 
-15 92 43 
21 93 74 
34 -29 -60 
-49 55 -12 
29 -35 56 
-1 -85 8 
-30 -2 53 
2 37 76 
-26 -57 -78 
78 55 -36 
16 -30 -62 
-77 43 19 
17 27 -94 
-14 61 53 
-3 -88 -33 
55 -4 -2 
78 -12 58 
94 -16 -10 
-100 -17 2 
90 -8 1 
-1 -43 -32 
7 72 -94 
12 22 8 
90 -13 -87 
-19 41 20 
67 71 -49 
22 -58 -1 
-11 -63 47 
-13 2 84 
7 70 17 
-27 92 -37 
50 41 11 
21 96 -6 
-25 -18 -60 
-99 59 -45 
13 -86 48 
-15 27 81 
71 2 75 
8 -59 -65 
20 -75 -1 
66 -22 -19 
-5 -84 -46 
41 -52 -44 
-78 40 -14 
-1 -77 -59 
-12 -53 -91 
-1 7 -82 
-28 -35 -26 
6 -59 12 
38 -21 -55 
16 29 -68 
-21 25 -75 
70 92 34 
24 25 -55 
-92 26 -49 
5 -33 -3 
32 -4 82 
24 -21 -29 
84 21 -78 
-84 -58 33 
4 -31 -6 
-1 81 -16 
-23 4 52 
74 -79 -14 
7 56 -54 
67 -17 4 
-37 26 -3 
-61 -100 48 
49 -66 -29 
13 54 -72 
79 11 -5 
64 82 15 
-61 -93 -42 
-45 -12 -90 
85 27 -8 
66 67 78 
91 53 79 
62 -66 -41 
-36 -8 -60 
14 -64 -70 
3 32 35 
-4 57 46 
-2 61 -91 
32 78 -70 
87 70 -51 
-7 24 63 
-83 -40 22 
43 32 31 
36 -92 85 
-81 -72 36 
41 -39 -51 
78 -56 -36 
12 27 64 
-80 -8 -85 
-96 14 -24 
-49 -38 -23 
-51 -24 25 
37 -19 11 
-14 81 -52 
59 86 -79 
-10 -43 72 
-31 48 60 
-32 -75 -71 
17 66 90 
-2 -94 86 
-92 84 5 
-77 -63 -19 
-12 67 26 
33 -39 100 
-57 -4 -27 
25 57 -80 
-7 -32 -96 
45 -89 -68 
-44 76 7 
7 46 12 
29 -36 23 
11 7 -61 
59 99 -50 
-50 55 54 
63 34 -47 
-50 -35 26 
-78 -91 -83 
-62 -7 1 
52 75 83 
-40 -21 5 
81 -7 34 
48 17 21 
54 14 78 
-38 97 8 
-68 -40 82 
82 27 -47 
-31 -8 -100 
-23 -63 20 
16 -28 80 
-35 11 50 
-82 -95 80 
52 -61 36 
5 -65 49 
28 93 -62 
80 -1 72 
-24 5 6 
-75 74 2 
86 -60 7 
-57 91 82 
90 -85 6 
-76 14 9 
77 -40 -74 
-25 -95 19 
-24 -90 -84 
-93 -74 44 
18 -76 65 
-18 -50 -25 
52 12 -97 
-96 28 74 
-15 -71 4 
20 -53 -32 
-28 43 3 
33 47 -87 
-9 -47 5 
-44 63 41 
40 32 -93 
-8 -74 -4 
41 4 -16 
-38 36 16 
-69 24 -95 
9 -26 18 
13 -33 15 
-4 56 10 
-21 -86 73 
33 62 43 
-94 -6 -33 
69 53 9 
19 36 -45 
-8 47 -4 
93 -26 82 
-80 -79 8 
-53 -64 -79 
4 56 1 
60 -93 -23 
-26 -37 84 
72 74 8 
60 20 -62 
-56 78 -34 
-56 29 -68 
69 7 11 
96 -97 -16 
-36 46 -4 
-81 34 -57 
37 -87 -65 
63 39 -78 
-46 9 -54 
10 83 -15 
8 -34 4 
-30 44 29 
77 -76 63 
33 29 -99 
19 -22 30 
-72 -94 21 
30 90 -52 
-59 2 -66 
77 -100 -15 
14 84 -24 
-96 52 -78 
-66 -5 83 
-24 35 -28 
-6 83 -10 
26 5 -7 
-84 -50 -39 
77 -3 61 
56 96 37 
57 -72 -48 
-12 2 -75 
-4 56 -76 
-16 86 25 
82 -12 -37 
77 7 15 
-17 -49 79 
-70 80 36 
-12 69 -19 
88 76 -9 
-88 -28 20 
40 -12 -57 
-18 80 -89 
-34 18 -16 
-29 -98 35 
-20 25 55 
-80 -14 -27 
16 -95 -80 
57 5 18 
-48 28 72 
-73 39 -57 
-5 79 -90 
98 -31 -47 
10 -49 8 
96 34 -92 
-86 64 -81 
51 29 -30 
-65 -46 -32 
85 16 -65 
-33 10 -3 
8 -48 41 
3 -9 57 
-79 -76 -4 
57 75 21 
86 -66 16 
29 -49 78 
63 -7 -44 
-86 -63 10 
-17 38 -14 
58 3 -48 
42 31 56 
13 -80 31 
-64 -18 39 
-24 -9 -25 
39 7 22 
-23 -85 63 
-82 -99 6 
-17 65 -90 
30 48 -13 
-69 20 9 
-33 70 12 
-83 -32 -8 
15 -84 66 
38 10 -46 
89 68 -91 
-5 -68 12 
25 13 -11 
20 -69 14 
52 -2 95 
-78 -3 39 
-11 24 -38 
-58 -4 -21 
10 -53 22 
60 -53 1 
58 70 -27 
86 8 64 
11 -4 -53 
-30 -9 26 
70 5 -8 
89 -18 -8 
19 73 45 
-2 40 88 
66 52 12 
94 -6 37 
35 -94 -4 
26 20 -5 
-58 -70 -42 
-92 -77 73 
-43 55 3 
-41 -2 1 
36 24 -15 
-59 54 -10 
72 -8 -45 
8 -43 19 
19 38 -36 
-25 -56 1 
-89 -18 -93 
44 -35 -54 
-64 5 36 
16 -32 47 
3 -14 89 
28 35 -66 
-65 1 -36 
-48 67 -27 
-26 77 -56 
-84 -4 35 
-32 -24 8 
6 27 -62 
-33 38 -65 
-33 15 32 
-63 -47 -64 
70 5 71 
92 -58 52 
4 -37 -91 
39 87 -93 
-52 42 -99 
61 74 -78 
-10 60 7 
-39 31 -35 
27 18 67 
86 -6 -73 
72 -70 -32 
67 41 -27 
-4 2 21 
-100 72 -14 
39 75 -2 
-23 -83 65 
-46 -28 -91 
23 14 -49 
10 58 -2 
-1 -53 -54 
6 -27 -21 
-43 71 -2 
95 -20 -94 
79 2 57 
-5 26 -25 
-18 81 -85 
-4 55 -22 
