85 -13 -21 
17 79 -10 
-47 12 -39 
53 26 21 
-3 14 98 
-76 -68 -16 
-43 -52 1 
38 96 -15 
48 29 -91 
46 10 -12 
-67 5 33 
-72 7 5 
-57 75 23 
-62 -56 1 
-75 -13 1 
-77 26 -39 
40 86 93 
42 2 -1 
-63 54 49 
-49 31 -25 
36 42 -27 
-11 49 68 
-25 27 -13 
-36 60 -4 
7 -70 -88 
71 24 -5 
-77 70 -89 
-5 -92 -87 
-73 32 82 
7 -39 74 
17 75 69 
-63 -76 25 
-35 42 49 
-14 10 70 
-27 -79 33 
-66 -95 93 
-64 -16 -29 
-83 -53 -57 
58 -8 -50 
-46 26 -21 
64 -33 -63 
-27 -70 -18 
-52 33 -46 
-26 -6 22 
19 -8 -39 
-27 72 48 
1 -19 68 
41 -87 11 
-39 10 62 
-25 52 41 
-91 -64 70 
-1 56 -40 
-18 5 -64 
41 -70 -21 
-13 79 -14 
91 16 17 
-3 38 -51 
-98 12 -1 
83 2 -8 
43 44 -26 
-4 28 -26 
-55 -58 -24 
-5 11 35 
96 -56 33 
-26 3 -8 
-1 48 26 
-50 -20 -64 
-6 15 -74 
60 -34 -19 
-21 -16 -99 
100 69 -46 
-100 71 87 
87 -49 -50 
-21 -37 93 
-44 58 -40 
-28 -39 -69 
21 92 -41 
-30 10 29 
-5 65 67 
-76 54 69 
3 11 -21 
-19 82 -20 
-35 54 58 
43 21 -81 
-1 -3 82 
-92 -77 -16 
70 -76 25 
17 12 40 
-67 -2 -21 
-33 80 -12 
1 -38 -20 
-41 95 3 
44 70 -88 
-81 -97 -49 
-38 -5 -47 
35 -2 -76 
12 85 28 
-59 -12 2 
-69 8 -17 
-76 58 -7 
33 -28 79 
10 4 1 
-5 -6 31 
-1 -87 56 
-17 -91 -5 
28 -68 -55 
36 50 66 
72 55 86 
-33 -14 23 
26 -65 -15 
88 -3 44 
95 -32 71 
-44 63 47 
-79 2 -70 
1 24 14 
-94 10 -92 
90 -71 -24 
5 25 -51 
35 -10 28 
-93 -9 89 
-79 -72 -100 
-99 -4 -95 
80 94 93 
-29 -63 -95 
-1 18 70 
73 16 -26 
-8 -10 -78 
-23 8 46 
5 92 -10 
10 11 -27 
47 2 40 
-37 -71 46 
-35 91 -77 
63 -36 -21 
87 -67 57 
-10 -91 -88 
93 38 -65 
22 -44 7 
1 53 -68 
-38 24 1 
2 -36 -57 
-92 -1 -69 
-26 -25 -72 
74 -12 -8 
18 -3 -44 
41 45 -16 
9 -2 43 
32 -13 4 
82 -11 1 
28 -52 -5 
-28 2 42 
12 8 35 
24 80 -54 
-46 40 89 
22 -43 99 
31 -26 82 
-97 92 5 
-72 96 52 
-98 -83 5 
10 5 72 
45 20 68 
-14 2 34 
-19 34 -5 
36 -91 -28 
-11 -46 29 
8 55 11 
-29 -34 -3 
44 -2 -18 
-23 16 38 
94 -30 -39 
19 -7 97 
48 -3 -60 
-73 10 -12 
8 63 65 
67 25 -3 
-91 -27 -80 
9 -59 73 
-94 8 -60 
82 41 -19 
-87 -43 93 
-46 18 17 
-59 -60 -14 
93 -76 2 
-1 -48 -67 
-64 -89 16 
25 -5 99 
-4 -75 -93 
-54 -10 -39 
11 -44 -95 
61 -56 70 
73 43 34 
69 -37 30 
49 68 10 
2 96 -1 
-93 19 -73 
-53 31 -48 
-59 62 -94 
83 78 -85 
-94 -51 1 
66 -9 -44 
7 -91 -47 
73 11 87 
-47 4 -80 
4 -1 7 
5 -33 77 
4 3 -9 
91 48 42 
-1 51 -87 
-51 68 60 
65 -63 16 
26 74 4 
-99 -46 -50 
78 -45 -7 
58 -6 17 
-47 -3 -8 
-22 -92 -57 
75 -12 92 
68 42 -49 
80 -35 48 
45 -3 -21 
-97 58 -32 
-62 -79 -90 
-70 -97 41 
-52 -81 76 
-10 40 -76 
78 77 19 
84 -8 -92 
-37 -24 65 
57 73 -41 
32 6 -89 
48 12 18 
64 16 79 
-88 24 -10 
-36 -3 52 
17 -8 87 
22 6 20 
-6 -37 -18 
13 24 31 
-53 -52 81 
70 -50 -72 
2 -67 99 
-99 52 -7 
45 -54 -68 
27 -11 3 
83 -50 -82 
-6 88 79 
96 4 48 
40 -33 -92 
-1 33 -31 
-63 -65 33 
-22 -38 80 
-97 12 -15 
82 -38 73 
48 90 41 
-79 100 92 
-19 -23 -33 
6 5 12 
49 81 10 
4 50 -32 
6 32 -83 
12 -54 -96 
72 -32 18 
56 37 -4 
-44 -68 43 
-6 99 5 
13 77 91 
20 -97 30 
3 84 -9 
9 42 38 
48 15 -28 
14 8 72 
-71 32 93 
54 22 49 
-43 37 12 
-21 80 14 
96 22 14 
89 -28 41 
1 -16 11 
71 -18 35 
-62 46 -67 
62 45 68 
89 92 -12 
-51 59 20 
20 -47 35 
11 17 -24 
-68 -50 -70 
94 24 39 
33 -53 77 
-64 -97 -22 
-17 -50 84 
-8 38 -18 
-16 -18 -7 
32 83 -15 
-43 1 -67 
-93 36 -99 
-95 59 -9 
53 -26 23 
-21 61 -9 
-96 14 81 
28 -68 10 
58 4 65 
-5 -83 -58 
28 44 33 
57 22 28 
35 -74 -68 
-73 -66 -25 
-57 -25 -58 
68 18 63 
-90 97 -14 
10 -82 30 
30 17 -1 
-58 -93 -5 
-61 75 -21 
29 60 65 
53 -59 77 
-87 -70 28 
-4 -3 -14 
91 95 62 
-88 61 -84 
-13 35 15 
16 -67 -63 
16 -34 75 
42 -7 -20 
-82 38 -42 
-90 -61 9 
9 88 77 
-22 -18 54 
1 61 54 
37 82 -62 
95 44 15 
39 73 19 
-15 97 87 
-16 18 45 
35 49 -90 
84 -52 -60 
99 -3 72 
-79 -14 36 
33 9 43 
7 -58 -25 
-3 35 90 
-1 -45 -65 
37 4 -77 
-88 -45 -13 
-4 -33 55 
-83 43 -49 
-70 -59 -4 
92 -56 73 
-69 59 47 
3 15 -9 
24 19 -95 
-70 -86 -84 
73 -55 -26 
-57 -29 -91 
-53 -51 15 
-69 -45 77 
-80 -62 -55 
-7 -79 -18 
81 51 71 
75 -74 -95 
-30 -16 -72 
-12 20 -89 
-35 80 -76 
-67 10 -84 
65 -32 48 
26 59 -33 
-37 8 41 
19 32 50 
-63 10 31 
58 -22 -36 
-30 3 -49 
-78 -49 -52 
41 -30 26 
16 -79 -39 
-94 -45 -73 
33 27 23 
41 -4 -31 
48 14 -83 
-12 -21 -42 
25 87 -17 
82 12 61 
77 -26 -7 
81 97 8 
23 34 3 
-94 -46 -100 
35 4 96 
-53 -54 12 
2 23 -91 
-66 84 -25 
9 78 39 
7 37 3 
-68 -11 38 
2 -69 93 
-71 -25 -66 
20 -84 15 
-85 89 -39 
-85 -20 38 
75 5 -98 
-51 12 68 
25 68 11 
-77 -59 85 
