-85 -3 -37 
-58 3 -2 
20 22 -5 
77 59 -1 
86 53 20 
67 -27 11 
20 1 -69 
72 -19 91 
36 15 -71 
-57 25 46 
-95 79 1 
15 -6 9 
-9 28 19 
45 -46 -78 
-38 2 -95 
27 100 -8 
85 87 82 
-11 -32 -86 
-35 -48 -78 
55 -64 -76 
59 1 -97 
21 -81 -41 
8 -63 -65 
81 -6 -41 
85 -51 -95 
-10 -59 66 
51 32 -69 
40 -46 38 
8 44 23 
2 -25 -36 
17 -81 36 
-31 15 45 
-2 -13 -38 
1 62 -77 
49 -92 42 
19 -35 -9 
9 -14 -8 
-5 21 -2 
-36 48 -58 
88 -81 18 
66 -2 3 
78 25 28 
16 -99 -9 
1 53 4 
-41 -30 -5 
31 -93 87 
64 -25 34 
-95 -61 -45 
17 -85 -73 
25 76 -90 
76 -91 -6 
60 84 -7 
-5 -83 -20 
-62 -78 -3 
2 -22 -35 
-12 10 -28 
20 22 -17 
-32 51 -44 
-61 40 -60 
-22 2 66 
99 65 -28 
-7 100 24 
7 -78 47 
-48 3 -79 
22 30 17 
93 -13 30 
-47 -9 -7 
-8 -41 38 
48 -61 -28 
71 -42 -7 
67 -12 -60 
31 15 100 
-61 74 27 
-67 -15 95 
-1 -74 -66 
20 94 -22 
-45 6 -73 
-69 67 89 
-13 58 -2 
47 40 6 
-60 -98 14 
-60 20 -35 
4 -3 -30 
-74 11 15 
-41 -100 -52 
49 90 -63 
-66 1 15 
-18 26 8 
7 85 -5 
-71 59 -4 
-27 -65 85 
-19 -15 7 
35 68 6 
-86 -14 73 
-98 27 69 
-85 -92 -21 
9 95 8 
76 21 2 
51 53 78 
-35 88 99 
-19 8 -54 
-65 -40 24 
95 26 -54 
10 30 -94 
58 14 34 
11 -48 -10 
-16 91 -6 
-29 36 13 
-39 83 38 
3 -79 70 
66 -27 -32 
56 52 2 
8 -6 75 
-11 -100 6 
-32 54 88 
34 77 98 
-3 -100 -27 
-58 -32 75 
7 -61 -55 
51 -35 -30 
56 -95 70 
-81 -39 100 
-2 60 48 
73 -19 -80 
40 13 -34 
37 -15 -93 
10 49 13 
12 -20 -7 
77 -62 -44 
-38 30 -74 
91 -12 98 
-22 -20 29 
-11 12 -93 
1 72 -6 
-17 -38 -23 
35 14 18 
-67 34 16 
15 -1 -10 
95 -36 4 
-86 91 -73 
-13 61 -23 
-17 31 71 
90 38 -2 
-20 9 -84 
15 -71 82 
-5 87 6 
-87 -12 -13 
15 -67 77 
-60 -2 93 
-4 -62 -96 
-62 -45 4 
74 -7 -35 
-80 -42 6 
-47 99 -24 
-65 9 -75 
-97 4 33 
-91 -15 -38 
-65 -20 -74 
-97 80 7 
18 -46 29 
-11 -4 -30 
-100 -79 -14 
33 75 -26 
18 -92 4 
-11 22 13 
-100 -1 -53 
19 -12 22 
-35 -51 57 
87 -71 52 
-64 -97 40 
-95 33 24 
2 -17 -14 
-16 54 3 
97 -53 6 
63 55 49 
18 -22 70 
9 -28 -82 
27 -17 26 
29 -33 -35 
24 97 23 
31 -46 -1 
49 37 -69 
-19 -98 47 
3 -60 6 
-95 43 56 
-43 -37 -56 
58 52 2 
-90 25 -15 
68 23 19 
-37 -57 -19 
-41 1 64 
-3 28 30 
-43 -69 3 
25 98 -51 
-3 5 81 
-88 34 -74 
40 23 -9 
-16 -68 77 
98 -7 94 
6 -89 -45 
-47 -46 -92 
91 63 -71 
-30 11 -45 
26 -6 -22 
72 -36 7 
56 39 -37 
97 -72 6 
3 68 57 
-65 -55 13 
-21 -60 61 
35 -96 -28 
-56 -23 79 
43 57 39 
80 81 52 
-10 93 -62 
-68 4 71 
-70 -65 -93 
93 33 -57 
-9 88 -12 
77 19 76 
33 -77 80 
-34 -44 62 
100 -60 67 
1 30 -45 
35 -95 -57 
6 28 -76 
9 3 -67 
67 -77 -28 
15 17 59 
-24 -41 -92 
-43 97 96 
-56 -19 -100 
-48 67 -5 
-20 28 -70 
96 52 53 
-72 65 2 
-6 95 41 
-64 -100 -25 
25 35 79 
47 -65 -40 
93 -8 64 
41 90 -58 
69 76 55 
65 -20 53 
-8 -25 -43 
85 8 -21 
37 -5 -79 
42 52 41 
-12 35 21 
87 -1 -74 
-55 42 3 
25 -29 -62 
-70 9 63 
6 -87 -67 
-37 -24 59 
10 41 45 
-73 75 -50 
78 -68 76 
-38 39 4 
54 -57 -14 
89 26 92 
59 -15 26 
-72 25 -43 
-43 20 9 
16 78 -49 
-100 91 -5 
-8 66 -87 
-3 -82 -33 
-4 46 8 
-24 -46 -8 
-61 4 -48 
15 58 4 
-17 64 -37 
-22 -7 -13 
70 74 -36 
-30 -33 -65 
34 -44 51 
-38 -78 -69 
-3 -60 -38 
77 -74 -25 
99 18 -32 
-61 97 13 
-27 -2 15 
-4 -25 27 
-76 -71 3 
31 -18 -84 
8 19 49 
42 -54 94 
7 14 -92 
30 -98 12 
-19 -75 91 
-87 -81 -82 
3 92 47 
46 -38 -13 
63 81 53 
-8 60 1 
11 84 -89 
-89 -86 -52 
-60 -20 27 
-22 31 4 
13 -68 -83 
26 -27 25 
83 -6 41 
-17 -46 -1 
15 45 -8 
-8 -6 87 
-78 15 -11 
-97 96 -48 
5 -77 -79 
-55 34 30 
-32 -10 67 
-58 99 32 
67 22 -93 
-60 -48 33 
48 -39 -9 
79 80 -73 
-62 -90 2 
-79 18 74 
62 79 -76 
-8 -13 -53 
-8 -3 22 
8 -54 27 
68 -86 -89 
41 -18 -23 
1 -30 28 
55 31 20 
4 54 49 
-47 2 57 
-43 -6 95 
51 41 24 
48 80 -34 
83 -10 -66 
2 21 -6 
-84 3 -83 
88 11 -8 
-90 -9 -75 
11 6 -93 
23 -83 -96 
73 44 16 
100 65 -81 
48 -6 79 
33 4 -49 
64 -72 -28 
-20 -52 -100 
-11 27 -8 
87 72 60 
80 4 -22 
44 -4 68 
7 94 59 
-11 42 76 
66 88 4 
-48 68 77 
9 -46 50 
61 -51 -2 
19 42 -65 
-10 35 72 
11 16 67 
-6 53 -18 
37 91 28 
-23 -34 -4 
-40 -35 -16 
-99 -58 -12 
67 26 -23 
14 -25 -58 
75 -3 -17 
-64 -55 80 
48 7 -86 
77 55 -56 
-80 -33 -68 
98 -26 43 
-57 -32 -75 
1 -32 10 
-64 3 -12 
44 -26 17 
83 77 -73 
65 16 5 
71 20 -11 
-23 -82 -97 
-71 20 -25 
-34 42 95 
-86 34 16 
-63 -64 -49 
-47 -5 35 
19 -30 10 
-39 59 51 
36 -85 53 
-21 98 -39 
25 87 -24 
70 -7 -24 
8 14 -1 
24 -76 -20 
-2 49 -46 
-72 19 48 
30 65 -92 
-94 -37 45 
-51 28 -75 
-69 -94 100 
56 -47 95 
7 -14 -85 
-44 -86 43 
