1 -20 76 
49 12 -1 
1 -42 -10 
-1 82 14 
-33 -43 -1 
-15 1 70 
-46 -7 32 
-62 3 -1 
-1 -3 -47 
3 32 -1 
-1 37 13 
3 -15 -42 
-2 22 1 
38 1 -3 
-9 1 12 
1 79 3 
-6 -1 -8 
-3 -5 -41 
48 3 55 
-5 10 1 
6 4 1 
-3 -32 9 
1 3 -2 
9 -1 -4 
-2 29 3 
13 -1 2 
1 12 -94 
-11 27 -1 
-1 -7 -18 
12 -2 -4 
-50 -7 -1 
5 2 -3 
8 3 1 
-3 6 -47 
1 72 33 
-2 -3 -1 
-1 27 5 
56 3 28 
9 -27 11 
1 -2 -9 
61 67 -1 
-17 39 2 
94 6 -83 
11 50 5 
18 -1 -2 
-1 53 -38 
28 23 44 
-11 -32 -10 
-26 -11 1 
-3 1 -4 
-2 -1 -20 
-6 16 -1 
1 -2 48 
-5 -38 22 
-5 4 -13 
-28 1 8 
50 1 41 
11 28 -36 
-3 55 1 
-2 1 -33 
-4 -13 2 
9 -94 -4 
2 -4 88 
5 -57 -2 
-34 5 44 
-15 -3 59 
4 -2 -40 
55 -95 -86 
34 4 -10 
5 4 11 
5 -3 33 
41 -2 70 
-20 8 -32 
99 2 9 
1 -13 98 
-12 -13 -1 
16 -24 20 
-88 4 3 
8 2 9 
-30 -54 -2 
-24 7 -11 
-1 56 -24 
-41 17 -19 
1 -8 21 
-14 34 -4 
-1 -16 -91 
2 -60 -1 
3 1 -13 
1 9 3 
30 10 2 
-31 -1 -4 
49 28 -2 
31 22 -47 
3 -11 -24 
3 -5 35 
57 1 28 
7 -1 -43 
-11 26 -6 
1 -12 38 
-44 -24 -1 
-8 28 69 
4 -16 -1 
4 6 -44 
-85 14 2 
38 8 31 
2 -71 -4 
-44 23 -26 
4 -1 30 
1 5 3 
-12 -3 -82 
-13 -7 1 
3 1 -2 
-35 56 -82 
6 63 -39 
-65 20 40 
-1 29 36 
-45 -88 2 
-2 1 21 
-37 2 -1 
1 -100 -3 
3 -1 -5 
55 1 -46 
-9 -2 1 
-8 -1 -55 
-5 -2 -13 
8 -4 -1 
-50 -3 -5 
6 4 1 
-39 -1 -4 
-97 2 3 
-2 1 32 
2 1 3 
3 -1 5 
-14 1 -25 
1 -4 85 
-12 1 3 
6 -2 -5 
-1 17 -15 
15 2 -39 
-6 66 -96 
-16 39 -57 
-12 3 34 
1 7 42 
-26 23 17 
3 -51 -61 
-2 41 42 
2 -57 5 
-22 -10 -1 
-4 1 2 
3 -4 -85 
-2 5 1 
18 99 -40 
6 4 -5 
1 3 4 
24 -16 -53 
18 1 37 
34 1 86 
-13 -1 -21 
86 -8 16 
-27 3 -30 
6 2 22 
-37 -2 -38 
-9 7 3 
79 31 11 
6 2 -9 
20 34 40 
-30 -7 28 
11 22 7 
-91 12 9 
-1 -12 38 
-42 -1 4 
-1 -8 -2 
8 1 23 
4 1 95 
-4 56 68 
-2 1 37 
8 -11 18 
-8 -71 -2 
-20 -67 -46 
19 -96 -39 
-6 -66 -2 
-17 92 -14 
-34 23 -7 
3 1 23 
12 1 -5 
14 13 -1 
-3 -12 2 
-4 -77 -5 
60 -1 -42 
26 2 -5 
-45 -26 -1 
-77 2 -3 
87 7 -5 
68 76 -45 
23 -3 44 
31 22 -4 
9 -4 7 
-23 -1 -82 
99 -7 -1 
81 35 -1 
-1 3 -57 
-7 -2 -4 
85 1 -24 
2 -58 -59 
-6 1 5 
100 -13 -1 
23 65 81 
-27 -38 11 
-5 -69 -1 
-6 4 13 
3 2 -1 
10 -29 -16 
-1 30 -2 
1 -60 -3 
1 18 -29 
1 26 -2 
-1 3 -15 
3 -7 -38 
25 4 11 
-5 11 -10 
47 1 20 
7 3 28 
-25 -30 -41 
-2 5 1 
-5 43 -3 
-1 -70 -11 
-4 7 -1 
-3 -2 23 
-52 -17 -23 
5 18 1 
1 -3 67 
-7 -1 2 
44 1 2 
-35 -6 46 
1 5 -43 
-13 1 -6 
-22 -44 -75 
-11 54 20 
-5 -1 28 
2 44 -1 
-4 -24 -7 
-23 3 -2 
-1 3 -39 
-74 1 76 
-1 -2 -31 
-1 -6 3 
39 -4 -27 
-4 -3 -46 
-5 1 6 
11 26 45 
-2 -29 8 
84 -43 1 
-67 25 -83 
-11 36 74 
3 -2 4 
-1 -32 -3 
12 58 3 
-73 56 -26 
-7 -3 2 
31 -6 -15 
-66 13 53 
9 -1 -12 
-52 -9 -28 
57 4 -1 
-70 1 -3 
-1 7 13 
-2 30 60 
7 1 -2 
-8 -80 -34 
2 -99 -25 
12 19 60 
-58 -2 -1 
-4 -2 -32 
28 -1 6 
-63 46 2 
85 -1 -17 
-4 17 -1 
-13 7 -2 
3 2 64 
-71 -37 2 
-1 -6 69 
1 -32 57 
1 -8 -18 
-3 31 -23 
46 95 17 
7 -12 1 
2 21 46 
2 -1 -5 
-4 -32 -1 
-2 -3 -20 
-14 -2 4 
1 -11 -2 
7 -2 -46 
1 39 8 
2 9 25 
-10 3 -49 
1 10 3 
7 4 24 
13 1 -8 
3 -2 4 
12 -34 15 
1 -3 15 
-45 -7 1 
4 1 2 
-7 -84 -47 
-33 -3 -1 
55 2 3 
11 -16 -1 
-1 27 -61 
-96 52 -28 
-8 -32 63 
1 9 22 
11 -87 2 
-75 14 15 
-2 7 -16 
87 1 6 
-24 2 -56 
3 16 7 
86 13 50 
2 14 93 
-45 -3 -2 
-16 2 1 
-1 96 -31 
48 3 15 
-3 94 -1 
-4 1 18 
-18 2 20 
4 85 -71 
6 1 55 
-8 17 -2 
-40 13 1 
10 -35 -4 
-1 27 -39 
-1 2 -24 
-15 62 -97 
-2 -66 -93 
5 3 1 
-2 6 -5 
65 30 -56 
55 -6 -16 
2 -70 -5 
-33 22 93 
-30 4 5 
32 -24 2 
1 48 50 
2 -51 -50 
-1 4 30 
-20 -1 -17 
-12 -1 5 
2 12 35 
-2 13 3 
-11 5 -89 
10 2 -5 
30 -1 19 
-55 34 -68 
-1 -18 -15 
-1 26 6 
9 13 -18 
-8 -1 3 
-1 -7 2 
-89 -18 -21 
-3 6 -1 
11 -46 33 
-33 -1 2 
-4 -35 -1 
67 -3 6 
21 -6 -25 
-3 2 6 
21 -77 8 
7 37 -1 
5 17 -64 
8 -9 -4 
-7 30 -13 
-1 -3 -70 
1 -2 20 
-33 -2 -4 
58 -72 -1 
1 -63 25 
-1 -69 4 
50 -65 24 
68 5 -2 
-1 -13 -6 
-1 54 -72 
-25 -3 5 
34 -2 -77 
1 -3 2 
-1 -4 -14 
-45 -4 1 
-66 7 -23 
1 -4 14 
28 -65 -61 
-42 1 3 
100 2 -7 
-48 -91 -4 
-49 21 -93 
-4 58 56 
55 14 -1 
-20 -4 16 
-9 -2 80 
-2 -34 50 
-17 4 46 
-1 -33 43 
-1 5 -91 
64 5 10 
1 5 -91 
-27 8 -2 
3 -1 -6 
21 -1 3 
-1 -6 -95 
11 3 -50 
17 -5 1 
-9 -8 100 
1 68 -34 
-6 -22 9 
4 -1 2 
-70 1 -2 
-2 1 5 
-23 -5 37 
80 -10 1 
32 -1 -40 
3 -2 -70 
-7 -1 -77 
-7 1 -2 
1 7 -2 
-3 77 4 
-4 -32 2 
2 7 -74 
