-14 -3 -88 
1 -92 3 
-18 1 2 
-30 -2 -5 
35 1 34 
-69 -9 5 
18 15 16 
-11 1 4 
-1 51 39 
-1 -9 -59 
-1 -30 -8 
-15 45 9 
1 -5 -34 
-7 12 -1 
6 -7 -14 
6 73 -7 
42 -3 -2 
-4 -29 5 
9 2 -1 
9 -27 -3 
-38 -19 89 
-66 93 -3 
1 -5 -33 
-71 -8 -2 
12 -14 -6 
-3 -15 -86 
95 -10 13 
1 -7 15 
-10 9 15 
-8 -2 -68 
-2 5 -24 
2 -52 -9 
-1 3 -2 
-4 1 -10 
-6 1 -4 
31 3 4 
-13 -46 2 
55 3 -27 
1 -4 -11 
-15 2 -77 
72 3 -21 
10 -32 -25 
-12 49 15 
52 -78 1 
1 53 -5 
-8 2 3 
2 -5 -17 
1 11 7 
-97 1 20 
31 5 7 
24 7 29 
-2 -13 91 
9 -10 3 
-88 -1 -70 
-5 8 10 
1 -9 28 
-7 3 -13 
-1 12 -8 
-1 -25 -39 
-15 -98 -2 
-1 -15 -4 
7 48 -17 
-6 2 17 
-63 7 -5 
4 3 -74 
-1 -3 -27 
-20 -17 1 
-56 4 -44 
-1 -3 82 
72 5 -3 
50 84 -1 
-3 1 -10 
3 -22 7 
78 30 1 
-2 -1 34 
-3 -1 2 
1 -2 -52 
-1 20 12 
3 -21 -16 
65 18 -9 
-35 46 95 
31 -1 -7 
51 -62 -1 
7 -46 -1 
62 5 3 
18 10 21 
-16 -49 1 
12 -70 18 
-2 -1 -53 
-11 28 -1 
-1 2 13 
-1 -51 -7 
1 -23 8 
-7 -37 58 
-33 6 1 
1 -54 -50 
-95 5 -1 
1 3 2 
6 37 5 
-14 1 3 
-30 -5 -2 
3 -1 -23 
4 -1 -25 
10 -1 29 
-98 -14 -32 
1 6 -2 
-18 -4 -3 
20 -1 28 
3 7 15 
1 -22 54 
99 14 2 
4 5 -99 
-7 1 -67 
-17 56 -9 
-17 -34 -36 
59 46 -6 
1 57 8 
2 4 6 
-1 2 -17 
1 40 -3 
-65 31 -10 
-2 -13 -18 
-5 -3 -98 
22 -2 1 
-1 -14 26 
-1 -10 -5 
-1 -29 14 
33 -1 -20 
37 1 10 
-5 23 -28 
-29 -3 -21 
-4 25 14 
17 -1 79 
6 -11 7 
2 12 7 
9 -1 5 
21 -62 -2 
1 -13 6 
1 -16 13 
-1 4 -3 
-1 3 -4 
5 -1 -24 
2 3 1 
18 -60 47 
10 -6 90 
-1 2 15 
-3 12 -4 
19 7 -1 
1 33 6 
4 44 -2 
4 -15 -3 
13 -4 7 
-6 -40 11 
48 -14 -2 
8 -20 -29 
2 -26 -9 
6 -3 11 
31 1 -95 
-100 69 -1 
-45 -1 33 
-6 22 -82 
-22 -2 30 
-6 -2 -61 
-27 -3 9 
2 1 -13 
-6 -1 31 
5 -2 4 
6 -32 -42 
-12 2 15 
-9 11 29 
3 4 -2 
8 -1 -95 
12 4 17 
-60 9 21 
-60 4 -1 
34 -2 17 
1 4 17 
2 -11 -1 
5 45 6 
-89 -1 -2 
1 64 -6 
13 72 -1 
-1 -42 -8 
-9 -72 -44 
31 2 -4 
-84 -71 60 
34 -30 14 
-59 3 12 
27 1 7 
-6 -15 1 
-1 -8 64 
81 2 -1 
-16 3 -93 
-60 95 72 
-14 -87 1 
-6 -48 85 
40 6 2 
36 1 -26 
-22 -18 -6 
17 -13 19 
18 -1 23 
-1 -47 -4 
-15 42 3 
2 -13 -36 
36 6 4 
1 -41 9 
11 -44 3 
1 3 -4 
-1 -7 -58 
5 -1 16 
-2 -1 -13 
-4 -1 -2 
31 -1 -3 
-1 -2 44 
-34 6 4 
-1 6 -46 
3 -17 -2 
-20 -55 -23 
3 -20 -63 
-6 -20 -11 
-2 46 -21 
-5 15 -6 
6 -15 -36 
2 -53 3 
29 40 -69 
-32 -20 -5 
-11 4 -5 
-1 -46 3 
-6 1 2 
4 -29 -64 
5 -7 1 
-2 -36 -54 
-10 3 -1 
3 40 28 
1 30 -7 
-8 9 -10 
-1 -2 -4 
-45 -1 10 
33 91 2 
2 12 -8 
-73 -4 -6 
-10 -1 46 
-12 -16 7 
-13 10 1 
-9 52 -1 
1 -49 -3 
8 57 12 
-5 -42 70 
-98 44 -2 
2 10 59 
-36 -76 -83 
19 1 60 
8 62 3 
25 89 19 
-8 -34 -23 
-18 30 5 
-3 -2 4 
-17 3 -8 
-44 -5 1 
1 38 -4 
8 -67 -2 
41 -4 -1 
-6 53 -9 
2 -1 -88 
-1 2 -5 
1 56 2 
28 -1 -6 
-97 -55 -2 
15 -2 79 
-83 24 -14 
-5 -1 4 
-5 1 4 
-6 -32 -12 
3 -35 1 
1 4 -16 
-26 -1 14 
10 -2 1 
-5 1 2 
8 35 -5 
30 -28 -1 
58 -82 -1 
4 55 -41 
3 -76 8 
-2 21 -19 
-21 -1 -2 
-17 1 -2 
-73 -4 -12 
31 -2 -5 
1 -26 3 
-1 18 -96 
3 -39 -15 
1 -10 25 
1 -4 -2 
34 3 10 
7 -12 2 
5 6 1 
-5 -4 1 
5 70 20 
-60 -1 -9 
1 21 -2 
-1 -36 -6 
-17 -5 -2 
3 -58 1 
7 -8 -1 
2 58 3 
-15 -3 -6 
-12 1 4 
-40 -23 5 
4 -2 -1 
1 2 -38 
-9 -39 -3 
-2 -6 3 
1 -21 -16 
-10 4 -1 
1 -4 2 
-2 -38 -7 
15 3 1 
-25 8 10 
-48 -91 -30 
-19 1 3 
4 2 17 
7 2 21 
3 -1 -75 
-1 -6 28 
-28 -24 1 
69 1 82 
52 -33 -11 
1 -53 4 
-59 1 11 
-5 10 -3 
9 12 1 
-1 -14 -49 
32 -1 46 
9 -19 21 
-3 98 -1 
-3 -1 -16 
-99 -4 -1 
-16 -14 13 
-67 -22 -93 
-8 -6 -1 
1 14 29 
-13 12 -1 
53 -24 1 
-3 -12 35 
5 20 -1 
-31 -96 -11 
1 7 88 
2 -1 3 
1 9 45 
-11 -44 24 
-36 -11 -1 
24 18 -21 
-7 -14 -12 
15 -55 5 
-1 -4 6 
4 -7 3 
-1 -15 -3 
14 9 1 
18 -4 2 
1 -3 -12 
75 -95 -94 
69 -9 -13 
41 -2 15 
-3 -10 2 
-14 -50 -55 
-2 -1 -28 
-11 4 62 
52 -2 -6 
-64 79 -1 
5 40 -35 
-4 -1 12 
1 3 -2 
26 15 -4 
-37 -41 8 
-49 -25 -3 
2 -1 28 
-8 3 1 
-1 9 47 
11 -6 51 
-4 47 2 
-1 89 -14 
-2 69 -91 
-17 10 100 
1 14 -59 
15 97 46 
-51 -6 46 
-1 4 10 
-29 20 26 
2 12 4 
4 31 71 
-82 -63 20 
8 2 69 
4 -1 -73 
10 2 -23 
-64 5 49 
52 -29 -1 
53 2 72 
-1 58 17 
44 31 8 
5 -18 2 
20 82 54 
-1 -11 -2 
76 -35 4 
-7 -2 9 
11 -1 -4 
4 -8 -3 
-53 -98 -87 
-2 13 -15 
13 -2 -20 
-6 -3 -4 
23 14 -3 
-2 -7 -36 
-1 36 -13 
-2 -8 -74 
2 82 -12 
18 41 -66 
-2 -15 -22 
-91 -1 -6 
-87 42 -56 
15 1 -2 
1 -12 7 
-6 3 43 
-1 -11 2 
-11 30 -1 
15 11 -1 
2 7 -40 
22 -1 -26 
