57 -1 -33 
1 -6 -69 
7 59 -74 
1 15 99 
3 -8 -1 
1 -16 35 
-2 -65 -22 
-1 -34 21 
-4 -3 -1 
-1 18 3 
3 4 1 
62 6 -14 
-27 -5 18 
-4 -1 -68 
1 -31 7 
-1 -39 2 
17 -1 81 
-2 -77 1 
-77 -19 2 
-14 -23 -1 
-1 5 -64 
1 16 -8 
-3 -37 -1 
2 -11 24 
24 -44 16 
-13 -14 -10 
30 -1 3 
-4 -68 42 
-32 2 57 
1 -88 -8 
-17 -28 9 
-37 -87 -64 
-2 5 7 
53 -42 -23 
1 70 -4 
1 5 -2 
-1 90 6 
3 -67 -28 
-3 2 -4 
-22 20 -1 
-5 -45 3 
71 63 -23 
-18 3 1 
-1 -3 23 
-17 4 35 
-3 -35 41 
-16 26 -3 
2 -1 -31 
1 -4 9 
-1 51 2 
-1 5 13 
-73 -3 -12 
-63 -26 7 
7 -92 -1 
-1 -49 -17 
2 -3 79 
5 1 9 
25 74 8 
1 -10 6 
-78 -49 -38 
-1 -10 -2 
9 12 -28 
4 -2 1 
-97 -1 18 
12 -6 1 
-1 -3 -76 
-80 9 -18 
-1 4 12 
-18 34 5 
39 -2 42 
10 18 41 
-43 15 7 
-2 73 8 
5 -72 92 
-23 -1 4 
-80 1 -89 
-2 5 -1 
-1 -3 -24 
40 1 -2 
-1 2 12 
-3 -10 82 
-2 28 -1 
-1 32 -17 
3 73 34 
-32 -88 -1 
-14 -11 -52 
-4 -1 13 
13 5 -19 
2 3 73 
-2 20 13 
-3 -16 -39 
1 6 37 
5 -4 -18 
57 37 -84 
40 14 -6 
-11 15 -1 
2 4 -78 
-1 -54 -4 
-56 -86 -20 
2 -18 10 
1 73 34 
-1 2 21 
42 63 10 
-62 4 1 
-12 -36 -38 
2 -4 -20 
4 -6 16 
57 2 4 
1 -4 -38 
86 48 -17 
-5 1 2 
-7 -1 -37 
-2 -6 -3 
-99 -6 68 
-1 72 -13 
44 -30 -26 
-35 -1 29 
7 9 3 
1 -6 2 
4 1 31 
-21 10 2 
-2 -19 -1 
-7 -17 -67 
1 22 -80 
-71 11 -1 
1 35 2 
-23 -4 70 
18 -9 1 
5 -1 6 
38 1 -62 
28 2 6 
-7 93 2 
-55 11 -95 
-1 50 31 
22 -12 -30 
80 -1 34 
66 68 76 
-4 -2 3 
94 53 -2 
-11 1 -2 
-1 -18 -19 
21 -37 -1 
-74 1 88 
-11 -9 59 
45 11 -1 
5 2 -57 
2 -1 -14 
-28 -1 14 
19 -1 -21 
9 -3 2 
28 -98 -15 
-2 1 -43 
57 50 -11 
-17 4 23 
16 32 -53 
-66 4 -1 
3 -5 -17 
25 -33 -50 
7 1 27 
2 -1 -14 
16 -43 4 
3 2 -22 
-29 -45 -32 
-3 14 -65 
-1 -85 73 
21 22 36 
6 -1 19 
-68 -58 -20 
-3 55 -4 
-1 3 -7 
1 -85 62 
1 82 -3 
-5 -42 -84 
1 -11 -6 
-3 -45 -1 
18 -83 2 
22 -5 10 
-30 40 -16 
31 1 4 
-6 2 24 
-12 -5 -36 
67 -1 -8 
-69 5 40 
13 1 29 
-28 57 29 
-3 -12 -19 
9 -63 -27 
-67 4 60 
-1 26 3 
1 30 20 
-7 -11 -3 
-8 5 -2 
1 -5 -85 
-9 38 1 
3 16 -43 
4 -6 3 
4 -5 9 
-14 4 44 
-70 53 1 
-9 -19 -75 
-2 77 4 
4 2 1 
-3 -18 2 
-4 -7 -8 
1 -16 26 
-5 62 34 
-39 -21 -2 
29 -14 3 
8 48 -2 
10 -2 1 
23 41 4 
5 -7 99 
-6 -18 -4 
55 -1 63 
-3 22 -12 
-16 8 -1 
-16 -31 -3 
-2 -70 11 
-6 -4 -13 
4 12 -2 
-13 -24 5 
-33 2 14 
1 35 32 
31 1 10 
3 -8 2 
-4 -12 1 
38 -4 -19 
48 -3 -79 
-8 -4 -1 
-31 -67 -1 
-26 -1 24 
-1 -16 70 
54 -2 9 
-77 76 25 
2 -3 71 
-6 -2 8 
3 -1 2 
4 1 50 
-80 7 -2 
-1 -48 6 
24 -4 -37 
-23 5 -9 
1 2 3 
4 10 7 
-2 1 -13 
-79 -21 -2 
2 -1 -7 
1 4 15 
9 2 71 
-34 35 4 
-41 1 -13 
-1 -20 10 
-76 -3 1 
16 1 73 
-3 48 10 
-14 1 -3 
10 -1 31 
34 1 2 
40 -4 5 
-1 -3 52 
20 8 18 
-57 33 -1 
6 -9 -43 
31 -5 1 
-34 41 67 
3 -78 -9 
-3 24 -1 
1 -32 -20 
-1 -5 22 
-1 -18 -3 
41 2 -9 
-22 -42 -77 
-2 25 13 
-1 -100 -24 
-1 3 -20 
28 1 -3 
-3 31 2 
11 -14 -5 
-1 4 -5 
-7 -28 73 
-3 -64 10 
-56 -69 4 
-34 14 -9 
-17 -21 2 
-66 3 2 
86 18 -1 
18 11 -7 
-2 -50 1 
-9 -4 12 
-90 8 -12 
11 4 12 
3 -29 1 
3 16 -31 
1 39 -14 
3 -22 -1 
-94 -2 4 
4 46 -3 
-11 -2 -1 
-9 -100 1 
-3 27 26 
66 -73 -27 
-7 16 1 
37 -2 -30 
42 -66 -5 
14 -38 3 
3 15 -1 
-9 25 -83 
2 -44 -25 
2 45 14 
-24 1 -2 
28 9 19 
3 -10 -12 
-14 -5 -30 
2 -1 -26 
-4 1 -10 
1 55 -24 
2 91 -5 
-10 12 4 
7 -23 -10 
-5 1 -3 
-46 1 -11 
1 -23 -2 
-11 40 17 
-42 1 -23 
-70 -57 22 
-1 84 5 
6 -2 4 
3 4 69 
3 4 1 
-100 94 3 
-1 -3 34 
5 15 -22 
-25 -42 -2 
-2 1 -15 
1 -10 8 
-19 10 -1 
-2 7 -3 
19 11 42 
-5 3 -1 
-5 12 6 
14 -35 62 
-86 2 1 
88 -6 -43 
-14 21 1 
48 -7 1 
-11 4 -3 
-2 -17 -1 
-79 5 11 
-8 -95 2 
56 30 2 
75 50 -27 
-1 2 -4 
-3 17 -18 
-8 -1 7 
-1 32 9 
-17 -1 -3 
18 -14 1 
-7 9 -3 
-1 7 61 
3 -75 33 
29 1 -2 
-64 -8 -1 
78 -1 6 
-3 -16 1 
16 7 -5 
-78 -1 2 
63 57 -23 
61 -2 47 
1 3 -12 
1 84 -8 
3 8 -80 
-3 4 25 
-15 -1 -88 
-90 -15 1 
2 1 -86 
1 -2 68 
2 4 60 
-1 -19 -4 
-51 2 -16 
-81 -13 4 
-7 3 -1 
6 8 10 
99 -3 -12 
3 12 1 
-15 9 -12 
1 -9 34 
-10 -1 -20 
-3 -2 31 
4 7 59 
-41 35 -82 
5 30 7 
-1 6 37 
-61 -5 -20 
8 -1 4 
32 -89 1 
-1 3 -5 
-61 -59 1 
-1 -38 41 
4 10 -2 
-1 9 23 
3 -60 -8 
8 1 4 
21 -40 2 
3 -22 5 
-19 1 22 
2 -11 -73 
-6 -10 -7 
24 -35 -17 
4 -32 -3 
-1 -2 -48 
2 -50 -3 
-13 -1 -14 
-6 -1 11 
35 1 -45 
3 -2 -87 
-3 31 -10 
-1 4 -28 
78 -1 -8 
4 68 -60 
-10 -26 1 
-1 5 -2 
1 3 8 
-43 -69 11 
-5 2 32 
11 5 -61 
5 92 52 
21 -3 -2 
