12 -1 19 
-10 -56 -1 
2 1 -20 
-14 -5 -72 
-7 37 -2 
13 -53 1 
8 -12 -13 
3 1 -13 
-19 -10 -13 
2 -4 -31 
-20 2 -48 
1 3 -29 
-1 -83 2 
38 1 -39 
9 -40 -1 
52 -2 -10 
37 42 1 
4 -12 5 
-3 5 18 
3 9 -12 
-7 2 -1 
1 -7 15 
-1 100 2 
1 3 30 
-3 1 2 
2 1 9 
-2 1 36 
91 -27 -3 
1 23 9 
-3 57 -35 
14 -24 44 
-4 7 -6 
1 -86 99 
12 -1 -27 
-14 1 31 
-27 -1 -8 
-1 2 -25 
1 38 23 
41 -28 -84 
-76 -1 -29 
-1 -55 30 
-9 7 -14 
4 -1 -74 
-65 48 -81 
5 -21 -2 
-10 25 5 
-2 -11 -7 
-49 5 -32 
2 -4 -1 
2 49 -85 
-22 -12 5 
87 -14 -9 
52 -1 -14 
1 18 -16 
-3 -1 -14 
1 9 -2 
13 -29 1 
3 -1 -5 
-49 1 -61 
1 5 4 
69 2 -51 
48 1 2 
12 -96 15 
-1 21 2 
46 2 15 
-82 -2 -84 
1 46 6 
-2 -28 -13 
-23 1 -3 
-26 55 2 
32 16 -3 
1 -2 23 
1 21 2 
-7 8 -2 
-3 -1 5 
-21 7 6 
-67 -15 42 
-4 -1 -24 
1 33 -26 
10 -28 -32 
-30 3 -7 
11 -46 -3 
4 -18 -72 
-19 -5 -4 
-39 -24 -50 
-23 4 -2 
9 -63 2 
-1 -3 4 
10 -64 -13 
1 40 60 
93 1 -3 
65 23 8 
-1 -5 -3 
-1 -84 3 
27 -1 -11 
4 60 54 
-52 -93 1 
4 -1 -15 
37 -1 17 
-6 -5 37 
-52 -2 -21 
-18 -19 -12 
-2 61 37 
-3 27 65 
-35 1 10 
1 10 74 
24 -6 2 
-42 -2 47 
4 7 1 
7 1 -3 
-9 78 -1 
6 14 3 
3 -6 -2 
2 -3 1 
54 -8 53 
3 1 -54 
-88 25 -2 
-12 4 7 
5 54 -1 
8 -13 -2 
3 2 1 
-1 -13 42 
2 -24 40 
3 -8 -2 
-6 56 -8 
-2 -11 1 
-6 -1 -5 
-2 28 1 
-10 6 -1 
10 1 5 
-18 23 -1 
1 6 -2 
6 -1 4 
-5 6 3 
1 4 6 
-4 57 -1 
-39 3 -1 
4 -18 1 
11 1 -19 
-3 13 12 
2 16 -1 
26 2 1 
59 -95 6 
1 -29 99 
-4 15 53 
-7 -58 -1 
7 -1 28 
-55 1 -9 
3 11 21 
1 35 4 
24 10 -12 
5 -10 1 
-46 -5 7 
39 96 -2 
2 18 99 
-85 -6 -24 
-2 -8 26 
-3 51 -69 
1 77 -5 
71 -98 -1 
-1 -5 4 
-7 1 -2 
-2 -72 -4 
1 -6 8 
-1 4 2 
3 -7 -2 
11 1 3 
1 19 33 
-4 2 26 
-13 2 -1 
4 -29 2 
-3 18 28 
13 2 -28 
3 5 -4 
-18 -1 4 
-8 -1 4 
-2 -18 6 
-5 -69 51 
6 -34 -1 
3 -14 -20 
4 -10 -8 
-40 16 11 
36 -7 -1 
41 86 98 
-52 26 2 
6 -1 -84 
-1 38 -2 
2 -36 4 
-1 3 -46 
2 -54 5 
-1 9 -30 
-1 2 7 
-3 11 -9 
94 51 16 
-1 86 26 
-14 5 -9 
20 -42 4 
-31 -24 6 
-9 2 -3 
2 39 -3 
11 16 -12 
-30 2 62 
-5 -2 1 
-70 3 -5 
2 -1 -96 
4 6 56 
74 -11 -80 
12 -3 5 
-2 -1 -8 
-71 -35 2 
1 -2 -4 
18 -2 -15 
-2 13 -3 
-2 6 27 
26 81 -47 
-5 1 -4 
16 19 7 
82 10 -3 
1 -87 -11 
19 5 -12 
-13 1 -68 
25 -1 -44 
-4 13 -75 
1 -2 -7 
-7 5 -1 
16 -1 14 
25 -4 -11 
2 51 94 
4 51 1 
4 49 40 
16 1 2 
3 18 1 
-2 1 15 
-17 -5 34 
3 -1 -20 
2 1 -3 
5 11 18 
3 -26 4 
3 -86 -1 
-1 35 -37 
6 1 4 
60 -3 -58 
2 -1 83 
-40 13 -17 
-1 32 -13 
-4 -2 -1 
-4 59 -17 
36 -16 2 
-3 66 71 
1 2 5 
-1 -12 -22 
9 1 40 
2 18 4 
26 -15 -2 
-15 18 3 
-35 4 16 
-2 -11 1 
88 -3 9 
3 35 -2 
3 18 -1 
-2 1 14 
-2 3 1 
-6 -2 -26 
53 1 25 
1 3 7 
-2 20 4 
-6 -17 87 
-24 1 -31 
38 -33 -8 
9 30 -28 
-17 -22 89 
4 19 3 
-11 45 -2 
57 14 -5 
1 -15 6 
-21 24 1 
-98 7 15 
-2 -10 -3 
2 -3 -19 
-9 2 -20 
-55 41 -3 
-32 29 -16 
93 -65 -2 
18 23 2 
-59 1 3 
-8 2 26 
3 38 4 
-1 22 98 
2 17 27 
84 -29 98 
-19 -26 -79 
-3 85 4 
-11 18 6 
-1 -62 -36 
-6 -63 35 
-1 -81 7 
-2 -11 29 
-2 17 3 
-1 14 -16 
6 3 -8 
10 -11 -2 
-1 -3 -28 
1 -63 -53 
-1 64 -3 
11 2 57 
2 -39 3 
24 -8 -31 
11 24 85 
1 2 -8 
-6 -31 -27 
-4 -7 92 
-4 1 -2 
-50 27 -55 
44 -2 -3 
1 -2 8 
2 -41 5 
13 29 -78 
2 1 -36 
6 -21 2 
62 3 56 
-9 -87 1 
2 -1 31 
-1 -34 -11 
54 6 -1 
8 92 72 
-6 30 1 
86 -5 -8 
-1 -54 -28 
-1 -7 -28 
-68 3 18 
39 55 -51 
-32 -5 -3 
13 -15 1 
-1 -60 47 
7 36 1 
1 97 -13 
2 11 -3 
6 1 2 
-6 1 11 
-2 4 -8 
-4 5 -19 
-3 -27 7 
65 -4 -1 
-89 99 93 
1 -4 2 
1 -10 8 
29 -3 -1 
16 9 10 
9 -2 6 
2 -6 -1 
-94 -1 -5 
-2 -5 -14 
-12 49 1 
1 2 26 
25 -4 18 
-6 -13 65 
-19 -6 16 
-5 42 14 
11 77 20 
-2 6 1 
-3 -1 -12 
-3 53 8 
-10 -34 53 
-42 15 3 
90 -1 50 
-42 18 -11 
64 33 -1 
-8 -13 1 
-41 -8 -10 
3 5 -46 
15 -71 1 
-58 -1 63 
-76 -2 4 
31 12 -2 
74 -78 -5 
30 -96 -23 
1 6 -7 
14 -26 2 
-57 1 -16 
-2 28 -1 
-3 1 35 
27 11 -28 
-1 29 19 
-11 -14 25 
1 -21 11 
-17 -9 27 
-1 5 -31 
1 7 8 
55 -7 1 
-1 18 31 
-5 -46 2 
29 8 -2 
-12 -87 -9 
-7 44 -29 
7 -15 51 
-4 10 -15 
1 8 -5 
-8 -1 82 
-1 3 16 
-90 -1 73 
59 -3 -2 
-1 -46 -30 
-37 -23 1 
-1 -3 52 
-1 75 8 
-3 2 1 
75 1 -3 
-14 -33 1 
-1 -57 30 
81 -1 29 
-2 -46 9 
42 54 -10 
28 -1 -40 
-2 25 52 
19 -6 -64 
37 6 -81 
92 5 -9 
-7 -1 2 
9 3 -5 
100 35 -1 
-22 -16 1 
2 -11 -5 
28 8 4 
26 -29 21 
-1 93 19 
8 -1 -7 
-27 19 -1 
