9 1 4 
-51 8 -1 
-4 14 1 
4 -6 2 
2 -21 5 
1 49 -13 
38 77 76 
-1 50 5 
-60 87 13 
-12 13 1 
5 -96 1 
39 -13 1 
48 -12 -34 
-1 13 77 
58 13 -86 
-5 -75 -52 
-1 3 11 
75 4 13 
-8 -1 2 
-23 2 -1 
44 3 -20 
-30 -1 -3 
3 52 -2 
-2 1 61 
-45 21 1 
7 20 -5 
85 -4 10 
33 8 -73 
-1 25 -27 
-1 25 -37 
-78 -30 -8 
-1 69 3 
-2 -58 -38 
20 -70 45 
13 -75 1 
-53 61 4 
-75 10 -28 
2 -1 -31 
-7 10 -1 
29 57 -1 
28 5 71 
-2 5 4 
6 1 -70 
-1 9 61 
85 27 -1 
9 -8 -2 
-3 6 1 
18 3 -53 
-20 -3 -4 
-1 -77 -2 
-76 -1 13 
73 -41 1 
-3 41 27 
-1 -4 -2 
2 -49 -10 
-1 -9 68 
2 1 -6 
-6 55 -78 
-1 -2 3 
68 89 -1 
-1 95 -2 
1 78 5 
12 -18 -2 
10 11 -43 
-4 54 -53 
-7 5 1 
-3 4 -16 
1 4 -71 
5 -45 74 
3 -5 1 
57 -5 25 
1 56 -11 
-2 -1 4 
84 -62 -1 
2 5 18 
-3 2 51 
22 -51 -16 
4 -11 -9 
1 -46 -4 
2 1 -9 
-63 -27 -42 
-46 -5 17 
-25 1 -11 
48 -10 2 
-3 -2 -8 
1 -80 35 
2 -30 -4 
6 -52 54 
-18 -47 -21 
-35 -6 -24 
92 28 -7 
11 -6 -15 
-38 -46 36 
-28 -1 3 
-43 3 8 
-1 -14 -8 
44 -7 4 
34 -36 -4 
-7 -14 -19 
2 -11 1 
-2 -3 -58 
-49 -1 -7 
-2 -4 1 
-2 -38 1 
53 -22 1 
7 -31 2 
23 6 1 
1 57 -19 
16 -3 -31 
-77 4 -3 
2 5 -87 
-44 -2 48 
-20 2 3 
-1 6 71 
-6 61 87 
1 -31 5 
-92 -4 3 
-33 69 3 
-81 -20 -2 
-3 100 -54 
-14 13 1 
-44 -1 -4 
7 -1 2 
34 -1 -5 
4 18 1 
-1 14 66 
-48 13 -14 
11 7 -22 
2 -1 15 
3 -55 -1 
76 -1 90 
7 -43 -20 
-28 -13 -89 
-34 -42 1 
1 -89 45 
5 8 17 
-15 25 -1 
-11 -10 -89 
-12 -19 -2 
-1 -49 9 
12 -1 -49 
4 -2 -1 
-2 -17 -96 
27 2 5 
50 -18 4 
-19 -1 -95 
-29 -97 -1 
-1 -8 2 
-47 -9 2 
2 1 16 
-1 6 4 
-25 -1 16 
1 -3 68 
13 -26 10 
21 -87 13 
-23 22 13 
14 1 23 
1 -26 -62 
49 48 -9 
2 1 -29 
-43 -3 14 
3 -20 1 
14 -9 2 
-3 31 -9 
-99 3 -31 
27 -2 -55 
-89 -3 -2 
1 18 8 
-68 1 -2 
5 1 -7 
-46 -1 -5 
30 1 29 
-82 -4 91 
17 -1 -55 
18 3 20 
-1 16 -2 
-13 -5 2 
-11 -35 2 
-74 2 -20 
31 8 -15 
-4 3 30 
1 12 -24 
-5 7 -1 
36 -71 3 
78 2 -41 
-2 -17 16 
2 18 11 
-23 24 2 
-53 -22 56 
32 6 -3 
1 35 7 
30 1 -84 
-27 3 1 
-1 -4 -6 
2 -1 7 
7 1 -10 
-14 13 8 
-17 -13 -2 
-16 2 1 
5 -71 2 
-2 -15 -5 
6 -49 2 
3 14 8 
-5 10 -84 
1 62 4 
3 -8 6 
1 -23 -55 
-6 -48 -38 
19 22 -66 
-90 -42 1 
-1 14 7 
-6 -12 18 
-1 -13 -76 
15 -34 -1 
-9 -2 -1 
1 9 -2 
2 -16 -1 
7 -1 2 
-55 56 -1 
-1 -2 -68 
4 14 -5 
1 5 52 
-84 -1 -19 
-22 -5 -27 
2 -39 6 
27 19 2 
49 1 -3 
-13 16 -26 
-7 -24 -5 
-48 2 1 
-49 -16 45 
53 2 1 
-31 3 2 
-1 -5 80 
10 -22 7 
4 2 -1 
4 7 -29 
-2 -48 14 
71 -2 -13 
1 -12 57 
2 16 -15 
-6 1 -17 
-55 1 2 
5 1 51 
-1 31 27 
72 -41 -9 
4 -93 2 
-16 -38 -23 
10 16 -38 
-15 -14 7 
1 -83 44 
-50 -4 5 
33 -1 2 
27 5 45 
-26 -1 11 
8 93 23 
2 -3 43 
-50 -33 -44 
89 50 -4 
-6 -36 -8 
82 24 -1 
58 -3 -28 
2 72 8 
1 -68 76 
-24 4 48 
-10 -2 -9 
-46 -90 16 
-8 -95 9 
56 97 2 
1 87 -4 
1 -2 -6 
-2 90 -11 
-1 -69 13 
2 -85 -27 
-1 16 2 
7 3 -16 
-76 6 -3 
53 -61 1 
-3 1 -12 
31 20 54 
-73 -2 -20 
-6 2 -19 
-14 52 19 
-16 19 22 
-1 -10 -5 
46 -5 -3 
27 2 56 
-1 -9 -2 
-6 -5 -1 
-8 56 7 
-2 -5 4 
1 44 76 
-41 -2 -35 
5 1 4 
4 2 -6 
-4 1 -22 
23 -4 51 
-6 -1 -29 
1 77 -2 
1 59 55 
3 -1 -43 
-2 83 3 
-3 -1 61 
-20 -3 4 
17 -16 -2 
-4 -47 5 
1 -2 8 
-13 2 -66 
4 22 3 
-9 -1 49 
-9 -58 -27 
-9 5 1 
-29 18 27 
43 -12 -59 
-13 5 60 
1 44 -19 
-15 38 8 
1 -13 89 
-81 -65 -14 
-1 -11 30 
-5 -31 -33 
-3 -22 26 
5 1 -51 
-20 17 9 
-3 -4 23 
-16 -12 38 
-6 -3 5 
14 -15 -11 
13 1 -6 
14 -5 -17 
-4 6 -1 
-1 16 27 
1 -13 15 
-5 38 14 
-1 -12 5 
-9 6 -1 
-3 -36 -4 
-77 1 -7 
5 -1 -50 
-2 64 -9 
1 2 3 
-20 3 1 
1 2 81 
27 -19 1 
56 -1 -20 
8 5 -6 
30 41 3 
6 -24 82 
25 4 7 
-7 1 14 
1 4 -2 
14 17 -2 
-1 -11 2 
53 1 13 
-1 -31 2 
-1 16 45 
23 3 17 
-65 5 4 
6 8 69 
20 16 -18 
4 76 -32 
1 66 3 
-4 -1 12 
8 38 -1 
-56 1 3 
-3 -5 -66 
3 11 -1 
6 -8 13 
2 1 3 
-2 11 -1 
18 -15 -1 
-1 3 8 
15 3 -13 
4 1 6 
-6 4 -1 
-90 1 29 
4 -23 -93 
4 65 3 
-2 34 -3 
3 87 40 
-1 -13 -3 
-1 4 -15 
1 2 -26 
5 34 -1 
-10 -3 1 
2 -5 1 
1 -2 21 
-3 -6 18 
-2 1 -3 
-1 28 -10 
3 1 -51 
-3 14 -12 
-30 -1 20 
11 -5 -10 
-30 2 -5 
10 19 -1 
1 -53 23 
-4 -3 -97 
-38 30 -1 
-27 12 -62 
1 4 -7 
6 100 -1 
1 -7 -81 
37 -72 27 
1 -37 -42 
-2 60 1 
-55 -9 42 
23 -1 2 
-7 -9 6 
2 4 -33 
28 6 -1 
-21 -1 -39 
27 69 1 
2 39 45 
-12 -7 45 
-1 27 4 
2 -62 -23 
1 6 -19 
25 -1 2 
-8 1 10 
3 1 -2 
-1 5 -4 
-19 -1 9 
10 -2 1 
3 -2 15 
-10 6 -84 
4 1 -2 
