-3 -1 -6 
-19 9 1 
13 40 1 
6 13 -16 
-1 2 -68 
-8 -18 2 
-6 -93 27 
1 -2 -9 
1 -20 -14 
-33 -38 -12 
1 -20 -52 
98 -11 -2 
-2 14 -4 
-43 2 12 
44 -5 -1 
-1 -15 -2 
83 -26 -45 
-4 1 2 
-4 2 -1 
-83 -81 -10 
-90 16 12 
2 -28 9 
29 -6 5 
-56 1 5 
-1 4 2 
27 -3 2 
-3 41 1 
-1 -45 -18 
25 4 3 
8 -1 51 
-2 -10 7 
-99 -1 2 
4 -5 1 
27 -1 14 
42 85 -64 
18 -10 21 
4 -1 6 
-2 -55 -21 
-1 42 -3 
-1 72 24 
-7 1 -9 
-19 -1 -8 
7 -1 12 
1 -95 54 
1 -25 -3 
-26 3 2 
51 -2 -3 
4 -34 11 
-2 3 -65 
-7 2 -3 
4 -21 13 
-1 -9 7 
-41 9 16 
4 96 -51 
12 -2 -53 
-50 1 3 
-5 -41 1 
7 -2 3 
-1 -4 2 
-63 1 5 
-25 -10 8 
-3 -20 -61 
1 6 -14 
-77 1 11 
-1 5 -11 
31 9 1 
-3 -1 27 
87 -9 17 
-1 -14 6 
1 -2 13 
-70 -24 3 
1 -5 3 
-1 34 31 
8 1 7 
1 2 10 
1 5 -14 
1 -6 2 
2 -50 -1 
-38 -10 6 
2 -51 -36 
7 -29 5 
20 -30 33 
-49 -6 -43 
-32 2 -97 
-4 7 14 
-47 -75 -58 
51 -37 -3 
98 -68 6 
14 -1 35 
8 -3 2 
-3 -14 2 
68 -1 -21 
-12 2 -47 
10 65 -93 
11 -28 3 
6 -1 -3 
52 -2 -6 
-3 -2 -5 
54 -1 -7 
-1 -2 71 
-29 23 8 
-17 3 -7 
61 -94 -21 
-18 -100 36 
10 2 -13 
6 -2 -16 
-1 -7 42 
6 31 72 
-2 -7 11 
17 -4 -70 
-9 1 21 
-2 -57 -54 
-1 -35 6 
8 1 19 
-10 -2 44 
-1 8 10 
10 -64 -3 
-25 -18 -5 
97 3 -8 
12 24 3 
-25 -1 82 
50 -7 -86 
7 2 -77 
42 26 39 
5 -1 11 
-12 -86 -1 
2 -1 9 
5 -99 29 
-8 -11 9 
22 -89 -28 
-6 26 -100 
-1 31 25 
-19 24 -8 
2 -22 27 
2 4 -19 
-67 -1 36 
2 4 -71 
3 12 -17 
-12 -7 -13 
3 -20 -1 
12 -1 22 
9 2 -7 
1 -2 -12 
75 -48 2 
-82 77 -8 
-35 -15 -8 
3 15 -1 
-8 -3 7 
1 -28 20 
-20 -35 3 
-34 1 10 
1 7 -9 
-1 -2 -16 
-48 7 76 
2 1 4 
-4 15 6 
-26 -2 5 
8 -2 33 
2 -6 1 
-8 28 -26 
8 -48 9 
12 -94 -4 
24 -45 -16 
17 -19 -2 
-9 -13 -30 
11 -4 1 
-5 -8 58 
20 31 -3 
-19 13 -9 
19 11 2 
-3 67 7 
4 -97 -80 
-1 27 -3 
4 1 -13 
2 3 1 
-85 -1 54 
-20 77 6 
66 3 14 
2 19 1 
-26 -24 -1 
1 62 -4 
1 5 3 
11 1 36 
36 6 -1 
-1 61 3 
1 14 -50 
-24 -97 4 
3 -4 -1 
43 2 8 
-13 3 45 
51 -1 -3 
-12 28 -96 
58 9 1 
44 26 -100 
79 1 -9 
-2 6 -3 
-1 -3 -24 
41 -28 6 
-45 1 2 
10 -3 -14 
1 -23 56 
9 17 -32 
-2 -1 -11 
-10 38 2 
-6 8 -42 
-23 1 4 
-1 -3 -59 
-36 -2 10 
3 1 16 
14 5 -43 
1 -13 46 
-9 -2 15 
-36 -1 46 
-1 -23 13 
-99 -13 10 
-2 -29 -19 
-88 -27 -22 
8 -1 45 
2 -3 4 
2 -63 49 
100 -9 -7 
-3 -1 2 
-52 1 14 
-1 2 9 
-20 51 -68 
58 -10 -26 
-28 -15 -3 
-14 -1 22 
3 5 1 
-1 20 -30 
-1 4 8 
25 -7 -13 
55 -1 32 
6 -8 9 
34 -1 2 
3 71 1 
13 -28 75 
-2 -12 -1 
-8 -2 13 
56 -1 5 
2 -17 -10 
-13 3 -16 
-9 7 3 
35 1 17 
1 61 -14 
82 3 -1 
-8 12 -1 
16 24 5 
16 -6 -15 
33 1 2 
-26 -5 8 
9 -5 -1 
14 32 5 
-16 -1 -2 
-19 -44 2 
-12 -2 48 
-1 23 -3 
30 4 34 
-2 6 7 
9 22 -16 
64 1 44 
5 3 38 
41 69 -5 
-15 93 1 
1 -51 92 
-54 10 -34 
11 -8 2 
8 -33 -73 
-3 18 4 
42 -69 1 
1 2 3 
1 -43 2 
25 -6 -27 
-1 18 -2 
-3 1 -45 
15 -2 3 
-68 6 2 
64 1 18 
-5 1 55 
53 84 -1 
-1 -14 -3 
12 2 -59 
-4 5 -3 
10 -1 3 
-75 -19 1 
37 -5 -1 
-4 80 60 
5 1 2 
19 54 4 
1 -2 7 
32 -40 -2 
-99 23 -8 
12 -1 21 
6 2 1 
-1 30 -50 
-15 -2 76 
-1 -65 -4 
-4 -58 45 
-1 -3 16 
26 69 -2 
70 1 21 
79 2 6 
4 -20 15 
-7 -54 1 
5 73 4 
39 8 5 
5 -52 -34 
-3 1 -76 
14 2 -98 
-46 25 -1 
-2 -18 3 
-22 3 -9 
-15 41 1 
11 -12 68 
44 7 -28 
7 -5 2 
-2 49 10 
2 -1 25 
4 1 16 
-1 -13 17 
-7 -49 -1 
-1 2 -22 
-1 -2 4 
1 6 16 
75 -1 -70 
1 40 -3 
-2 1 24 
-9 1 -16 
-3 30 12 
62 1 2 
-1 -9 7 
-23 -94 1 
-28 4 3 
7 1 -6 
-6 -1 -23 
51 3 -1 
-48 -11 30 
-2 -26 1 
-16 -9 26 
41 6 19 
-16 31 -21 
9 -4 6 
21 1 29 
9 -51 -38 
50 1 92 
-1 -83 18 
-3 1 -31 
-1 73 -33 
1 -8 -36 
49 92 -7 
2 1 3 
-19 2 -4 
4 9 1 
-2 1 15 
-38 -60 16 
-10 2 1 
46 -83 -2 
8 3 33 
-95 1 3 
-3 17 1 
4 -77 2 
-4 1 20 
1 46 47 
16 -1 34 
-75 81 1 
12 43 -7 
66 50 -4 
-29 5 1 
4 -43 2 
36 -8 -54 
2 3 80 
40 21 -1 
-1 -29 -86 
-43 -1 -2 
89 -95 1 
-8 10 -73 
-10 -80 6 
-50 13 -11 
35 -15 -19 
-69 9 -6 
2 -23 -25 
92 1 24 
4 2 24 
42 -10 -79 
16 -41 60 
-51 16 41 
14 -5 -3 
-80 27 -5 
-62 -2 -4 
-79 1 -5 
3 6 -43 
58 8 1 
2 17 -39 
-70 -95 93 
3 -1 -28 
-7 -48 2 
1 2 4 
10 -2 6 
25 -89 78 
16 -11 -2 
26 6 -5 
-1 -38 2 
-3 -21 -9 
-18 8 -20 
-14 -2 -3 
1 -4 3 
68 -9 -1 
-1 83 -5 
15 -1 -33 
5 -34 -3 
71 -3 11 
-3 -78 -15 
-1 -7 -3 
-13 -21 -1 
4 -1 -2 
-24 -14 46 
2 35 -1 
15 4 1 
13 1 2 
-2 -28 -1 
-7 -45 1 
-2 1 38 
1 14 2 
17 2 4 
85 -3 1 
-10 -33 21 
-2 96 -22 
