-5 -2 19 
46 -10 23 
-1 -8 -43 
14 -88 27 
-10 4 -9 
67 16 18 
3 -22 2 
-18 1 -15 
-50 -87 1 
-7 -50 -4 
8 -76 13 
-1 -71 4 
1 -6 -14 
-13 -1 -24 
-15 3 -1 
-40 -1 3 
-3 -2 19 
17 -18 -64 
1 -81 49 
48 2 3 
-1 -14 -3 
6 -1 -99 
3 1 93 
-4 -1 -27 
14 1 39 
2 68 1 
7 59 -75 
-18 1 27 
-2 3 1 
23 -39 35 
-10 1 -4 
10 -59 14 
2 -1 53 
-1 -3 11 
17 -3 1 
-1 -7 4 
-1 -2 16 
8 -12 -6 
44 2 -1 
1 2 50 
-13 -32 -47 
-79 -10 -7 
18 11 1 
3 47 16 
75 5 28 
7 91 -1 
5 -26 1 
2 1 -32 
-1 48 -75 
-7 -1 68 
28 48 -3 
-6 71 2 
-9 1 -12 
6 -39 -23 
25 -59 3 
1 -5 -13 
43 -1 -31 
98 -7 13 
25 -2 -1 
31 -1 -8 
2 -10 -3 
-3 -1 15 
-17 2 1 
10 -39 -41 
42 -1 -6 
20 1 -5 
-43 -59 1 
-1 -56 -80 
47 32 -15 
-5 -1 -2 
38 -2 1 
-76 -95 -42 
-1 -3 99 
-2 -58 12 
-26 -1 42 
-10 -6 29 
-55 1 42 
-8 3 -1 
-83 -1 56 
1 4 7 
-1 49 -3 
39 -7 -1 
-15 -1 6 
-24 40 7 
-4 24 -15 
-6 83 1 
11 -7 -14 
1 -6 -37 
-12 45 -4 
5 34 -24 
-61 -1 -34 
-9 -1 5 
-3 -10 -9 
1 -28 -73 
-30 1 19 
-5 61 -3 
-4 6 -13 
-30 -6 1 
-84 -2 4 
2 -5 -3 
2 73 -93 
1 52 13 
2 -1 32 
84 5 -13 
-4 -9 10 
9 -50 15 
4 -81 -47 
-71 -2 -29 
-22 2 1 
5 -1 81 
16 1 7 
-5 3 -12 
2 61 7 
1 -58 86 
6 1 19 
-1 39 -33 
-4 -1 -6 
14 8 -9 
15 -2 1 
-9 -27 -1 
1 7 41 
6 -3 -12 
-1 -80 5 
3 -8 47 
2 29 18 
-11 -3 28 
44 -4 1 
25 -1 3 
2 -4 20 
-2 3 -10 
-71 44 59 
12 -58 3 
6 9 37 
90 80 39 
14 -13 -16 
-16 -1 -28 
2 5 77 
20 -74 23 
-13 -1 7 
-21 -2 -9 
20 13 95 
52 36 -3 
-29 -70 9 
1 35 13 
70 67 1 
-57 4 -14 
1 47 38 
-1 -4 63 
-37 -2 -24 
-1 -2 80 
15 48 1 
-3 15 -1 
14 3 -18 
-57 1 91 
-7 15 79 
3 9 -7 
35 -73 1 
-32 -1 -8 
-1 -17 7 
-27 1 39 
42 -63 1 
22 -3 7 
-9 10 -7 
12 3 86 
1 -3 18 
-13 5 -1 
-40 -14 2 
-13 3 1 
-28 -14 13 
11 3 38 
-62 49 -1 
3 -79 -4 
4 -20 -3 
-6 60 3 
1 40 3 
-8 -3 -2 
21 1 13 
-1 -91 4 
4 18 45 
-18 -5 -10 
1 3 -9 
49 3 26 
31 59 34 
4 -3 -1 
-4 -25 -5 
-1 93 13 
1 -14 4 
-44 -35 3 
1 -36 -17 
2 -20 -7 
-19 2 -6 
12 -65 2 
6 -7 2 
-16 2 -11 
14 1 33 
18 -3 -6 
-4 57 -5 
3 -1 2 
13 -1 -19 
3 72 -50 
-25 -53 27 
-4 1 -3 
24 -7 60 
6 22 -49 
-1 -23 76 
-35 2 7 
-2 8 77 
-1 -3 -2 
-13 -1 -26 
-5 -4 -1 
15 -40 3 
6 -1 70 
-1 11 24 
23 1 2 
3 -12 1 
-4 -14 -1 
-1 -28 44 
9 -92 2 
-6 -4 -13 
5 -13 -1 
3 -81 -63 
9 -82 6 
10 -8 2 
-8 -2 10 
-24 17 2 
-28 4 96 
-6 20 1 
-1 33 73 
31 -61 -1 
2 20 1 
7 30 -2 
7 37 -22 
8 -6 4 
-28 8 -36 
2 -12 -18 
2 98 8 
-22 -10 -2 
6 2 -14 
-1 97 47 
12 45 -8 
-1 -2 -7 
-1 -66 2 
-5 -49 -66 
-2 70 45 
-8 -2 -1 
-75 31 13 
-1 -2 23 
1 37 100 
-6 46 -5 
-4 11 16 
1 26 -27 
83 -12 1 
56 -6 -3 
1 -7 41 
3 11 -1 
7 12 27 
-70 1 -11 
6 83 -14 
-5 17 -3 
44 67 -27 
1 -4 -86 
1 -54 -42 
1 -9 13 
45 -14 -2 
-6 -13 -24 
-11 7 -51 
-3 -44 -23 
3 -1 2 
-1 -8 -50 
2 1 6 
-64 6 -2 
2 -4 -7 
1 3 -29 
63 -86 44 
51 4 16 
-2 27 -1 
10 -46 1 
-5 1 12 
-3 -24 -1 
-3 -6 61 
-6 -15 81 
-8 16 81 
-17 3 -1 
15 -45 -4 
-1 7 -35 
2 -1 -26 
-7 3 10 
2 -19 8 
-2 -1 22 
-1 7 -81 
14 -2 -70 
76 -40 19 
62 -26 1 
-68 -36 -47 
12 -3 1 
8 -3 -7 
-1 68 59 
3 -36 -2 
95 3 5 
-38 -9 -12 
7 2 -55 
24 15 -1 
-1 -23 -83 
-7 1 -73 
18 -5 -17 
-42 3 5 
53 7 8 
5 -3 -7 
-2 24 25 
-8 46 58 
-86 36 -54 
8 28 -23 
-1 25 2 
2 -5 -39 
8 -33 -16 
2 -12 5 
-75 4 10 
-30 -13 -1 
-1 -3 -22 
-3 -10 34 
-1 4 75 
-73 3 -17 
1 -45 11 
65 1 -68 
18 2 -1 
-6 -4 82 
36 -4 9 
-4 -2 -1 
-15 -54 11 
-2 -39 -6 
-39 2 31 
1 -67 12 
8 1 13 
15 3 28 
-3 -6 51 
-1 3 82 
3 20 68 
6 -5 -1 
1 -56 -3 
-3 1 -4 
72 -78 27 
-1 16 11 
2 -9 -1 
44 2 -42 
-23 11 -1 
4 -51 3 
1 -41 -8 
-39 -51 -1 
31 -1 -30 
-30 -6 -2 
-1 -13 99 
7 8 -3 
1 -3 88 
46 -5 -51 
18 -64 -2 
-47 -1 -15 
-5 -61 78 
-18 6 49 
2 -50 27 
37 -1 29 
1 72 9 
98 1 8 
-2 -86 5 
19 -3 -71 
42 -13 7 
49 10 -6 
-23 9 -26 
1 -5 4 
-1 70 3 
4 5 75 
2 1 -10 
-2 8 1 
9 82 -1 
48 -5 14 
-9 -15 -1 
1 -12 24 
96 -3 22 
-4 1 -3 
-90 8 47 
-20 -1 -5 
2 15 -63 
50 -17 4 
-40 -51 6 
17 -1 7 
-36 11 -1 
38 -1 -5 
-2 85 -6 
12 -1 16 
1 12 -11 
36 12 1 
-2 38 47 
40 8 -10 
-4 -1 -38 
-3 15 -65 
1 2 6 
-10 1 -4 
-1 13 -84 
-90 -21 15 
1 43 8 
81 1 -2 
-1 3 -16 
3 -1 -62 
-1 -44 59 
2 9 4 
1 -5 16 
46 47 1 
-15 -4 -44 
92 63 -39 
1 19 -2 
7 -10 -6 
6 -2 85 
5 -1 -2 
-5 -2 -13 
75 96 1 
26 16 1 
8 1 -12 
-39 -9 1 
-1 2 49 
2 -1 -6 
2 -8 -9 
-4 -1 -33 
73 -1 -5 
-41 -3 2 
-46 6 5 
-10 7 42 
27 -3 93 
-1 9 6 
