-105 -23 30 
134 149 33 
107 -3 -10 
-51 168 -8 
-31 2 192 
-127 62 27 
133 -197 -13 
186 162 -2 
-199 81 44 
-94 -81 -9 
-106 117 1 
7 72 100 
-72 52 70 
-126 15 142 
143 70 -199 
146 153 117 
-54 -135 -194 
66 144 -27 
17 197 27 
186 124 -43 
29 -139 23 
23 159 26 
-37 21 -143 
-7 84 51 
145 -31 176 
200 4 76 
93 -97 37 
84 130 -1 
30 -152 -39 
-41 -48 106 
191 36 -1 
-71 -64 7 
184 6 128 
167 -56 44 
193 -102 -46 
-147 -110 -17 
119 5 -19 
-58 8 -176 
-4 -10 59 
-34 -120 166 
14 45 -49 
-26 -117 -59 
-23 -110 114 
-102 118 106 
-176 -131 -42 
25 -139 123 
-114 -115 93 
-148 30 89 
-125 165 -20 
-87 -181 146 
15 -78 -2 
-7 125 -65 
4 149 -83 
47 -166 -127 
97 -42 23 
193 -43 38 
-64 -69 -39 
-57 -6 -175 
-113 15 7 
-41 143 194 
-14 -9 39 
44 122 89 
197 155 -154 
-84 -93 -34 
-14 -150 -122 
-62 -51 3 
-15 167 107 
5 -66 152 
-85 -34 -4 
84 26 -62 
-33 48 41 
47 -128 198 
-189 -81 -156 
-103 83 -7 
184 197 33 
-40 58 -60 
-36 6 61 
-107 -96 21 
96 104 40 
49 -45 -122 
153 174 -45 
45 -46 -1 
44 2 -6 
29 -33 -1 
123 42 -79 
-96 111 22 
-178 -124 -103 
-66 -22 159 
-93 -113 -11 
18 -9 148 
-155 107 -152 
-48 -172 -6 
-128 178 -37 
-36 -167 21 
-64 -15 56 
-22 -113 147 
-43 -4 -113 
7 75 132 
23 126 123 
-54 -166 61 
-185 -131 -8 
-23 63 75 
-7 -159 -27 
164 -126 -62 
101 44 -1 
130 -94 -113 
-171 13 -2 
-18 60 157 
-50 17 25 
7 94 109 
18 -47 -46 
-41 -105 89 
-100 49 -36 
129 9 32 
185 5 -59 
-5 -29 24 
-23 84 41 
-135 132 -51 
-43 45 -7 
16 19 55 
69 -5 130 
116 -17 -199 
-109 110 197 
131 125 94 
-71 57 9 
36 -82 34 
-31 32 -37 
152 20 165 
86 -190 -44 
130 -39 -53 
-171 -67 28 
69 35 9 
-146 127 106 
-192 75 185 
-4 92 -135 
4 -1 71 
180 144 -89 
-185 28 -23 
-84 70 105 
-185 73 100 
107 82 11 
52 156 -34 
170 58 -71 
2 -62 -39 
-50 -81 -132 
143 -182 47 
-170 20 140 
104 97 -194 
-111 -106 -67 
7 36 148 
-91 124 -92 
159 -27 -12 
-95 -167 -23 
17 88 -68 
-82 36 33 
46 61 80 
115 104 -139 
139 -175 59 
-11 -173 10 
-90 126 195 
161 19 -49 
-115 60 170 
59 -7 -17 
-18 -58 -35 
120 17 -77 
-33 75 -86 
55 122 -191 
-146 108 46 
123 39 -34 
-97 -15 -127 
130 -47 -69 
5 -147 -74 
-64 113 -62 
-135 10 120 
-26 106 -71 
146 -36 73 
71 185 -159 
-34 61 -9 
-37 -130 -1 
137 70 -109 
-141 174 164 
-154 -36 -65 
85 133 -60 
44 -143 13 
-42 -179 -104 
69 -49 125 
-87 151 -152 
-52 -88 115 
36 3 -100 
26 -25 -182 
-155 39 8 
-129 -159 -47 
-125 -31 183 
19 -52 45 
-38 123 -109 
-68 -71 -174 
10 -43 -12 
94 132 68 
-33 6 -1 
-162 157 -49 
12 -160 121 
152 13 -74 
103 -32 -87 
-98 -191 136 
7 120 -11 
-135 173 -11 
-122 -28 171 
-131 -95 -8 
120 38 49 
60 -114 151 
143 200 -106 
117 136 -188 
-163 -4 130 
-124 122 182 
93 -90 47 
105 6 20 
141 3 190 
18 -153 -1 
39 -84 30 
-55 192 -27 
-8 -42 -11 
-155 -162 -168 
70 12 -174 
-109 2 123 
-26 100 102 
-111 -166 162 
69 -45 9 
142 129 33 
-189 -3 -39 
157 126 -89 
-112 -76 107 
86 -117 106 
-127 110 -192 
172 71 151 
-193 185 -107 
-44 199 -92 
23 -33 95 
-17 126 19 
-22 175 24 
23 30 143 
38 68 -147 
74 3 105 
69 183 161 
-13 161 -173 
-175 64 6 
-11 64 86 
-93 -174 12 
-108 -189 11 
-164 26 -126 
-175 -69 -24 
-197 6 -19 
-119 -154 -178 
179 -189 -102 
-139 52 108 
-70 7 -36 
156 148 32 
127 93 -44 
20 -40 -19 
-86 -94 96 
-151 -62 -112 
18 94 -180 
14 93 -134 
67 -150 -170 
-15 179 8 
-102 70 -52 
-41 43 -158 
37 -67 65 
135 1 -31 
156 -98 -141 
131 -129 -84 
-94 -20 -3 
-155 -12 46 
-9 156 -47 
-155 24 -87 
-10 56 42 
33 -23 35 
-49 -57 -24 
42 -162 81 
-63 101 -136 
-57 -101 31 
-10 74 -22 
82 107 81 
103 -2 -159 
-74 -50 5 
13 -118 87 
148 19 13 
190 -16 -4 
14 98 110 
104 -147 -133 
45 -93 56 
3 -54 -66 
7 -31 -89 
-194 -108 134 
63 151 -80 
-10 -23 90 
47 -90 5 
-62 -126 103 
171 -106 -95 
2 148 -174 
127 -175 -5 
-170 15 -192 
89 84 -179 
-111 -161 124 
-157 -62 -160 
-25 15 -131 
-20 -66 186 
81 80 -165 
-116 -13 -189 
82 74 109 
-26 -86 -138 
54 35 -144 
-176 -181 -114 
177 -22 -102 
127 -49 -69 
-130 -81 120 
-79 -11 21 
-36 -118 -43 
147 -109 -126 
9 63 47 
-38 9 180 
-1 73 37 
-6 84 -174 
79 -159 -20 
124 -61 12 
148 -95 -102 
58 -179 -160 
-132 -128 -93 
-133 -84 14 
190 14 109 
111 -163 25 
-21 75 58 
71 -199 6 
-9 -111 -36 
-56 41 -86 
-115 -28 -4 
-95 6 19 
151 -69 154 
-85 -40 83 
-7 -141 130 
4 -6 3 
-1 15 -180 
-22 -24 151 
-157 -156 -68 
-49 -15 1 
-147 61 -18 
-5 37 -102 
8 86 -133 
-189 2 194 
124 47 -28 
145 -189 -116 
-18 -79 40 
161 197 -107 
167 -59 -31 
98 -81 24 
-140 -6 -33 
-59 -63 -81 
164 102 85 
178 -8 120 
112 17 -190 
-157 24 -44 
128 160 -172 
-31 -3 20 
137 22 -114 
-83 66 184 
-127 49 135 
-7 -46 106 
-69 -148 -177 
185 112 9 
60 99 -104 
36 -121 31 
70 192 58 
4 -26 -63 
51 23 -61 
-142 132 103 
-2 -25 29 
-15 -140 67 
-175 -154 5 
-35 -16 15 
31 197 -120 
159 80 15 
-44 -167 84 
-106 -102 -105 
-170 100 49 
1 -10 184 
7 -142 -141 
-145 -34 53 
-159 135 67 
-20 48 -192 
-74 -48 156 
-84 -172 -120 
-156 42 95 
93 -156 154 
22 -192 60 
96 55 142 
95 -200 188 
-8 157 -78 
-116 10 144 
-8 23 181 
-140 -117 68 
63 -115 51 
-18 -175 6 
4 -43 -1 
-31 -83 27 
95 164 -166 
-127 -76 53 
28 75 -13 
-36 8 -40 
-14 -164 -115 
146 21 -40 
-81 -82 -119 
-153 -173 -68 
-113 -85 -63 
-61 79 -68 
-95 10 158 
-6 16 -13 
49 88 142 
-120 11 67 
30 79 4 
178 85 188 
102 -122 -3 
-177 100 -45 
-196 89 -127 
68 -15 -60 
-200 4 -169 
-182 -158 -57 
-45 193 44 
137 -98 36 
43 -119 -153 
-121 3 -8 
6 8 -184 
-58 -62 156 
-53 -48 -92 
11 8 139 
143 -6 -188 
95 55 116 
87 -34 -64 
110 -176 -16 
5 -74 -1 
197 77 -162 
-106 -60 48 
-175 163 78 
-176 -3 119 
81 -46 12 
-77 -111 -65 
71 -139 98 
154 -1 -99 
190 -85 87 
-197 75 136 
104 -52 -161 
91 -18 -4 
78 148 -7 
15 -163 18 
79 8 -73 
191 12 -30 
46 -35 138 
53 -200 -51 
-51 160 165 
33 -155 -48 
-33 -75 69 
120 63 -34 
99 -15 114 
91 -41 -34 
155 159 4 
44 123 -31 
5 102 99 
160 3 -24 
166 120 58 
-145 1 156 
38 123 48 
-160 -112 -180 
-149 80 -84 
-1 -108 124 
-29 25 -75 
-50 -30 11 
-57 33 -24 
-190 30 -100 
-129 -125 -52 
-71 -181 -148 
-16 -128 -142 
109 111 125 
-17 -145 -53 
-49 -82 102 
-53 89 -51 
-26 -155 57 
153 47 97 
137 11 62 
-75 92 142 
-86 -126 -87 
190 -35 96 
132 -124 2 
155 144 -1 
82 109 41 
165 152 -11 
-53 -20 -1 
154 -183 -6 
138 94 -67 
120 159 -16 
5 10 34 
76 75 124 
20 100 18 
-117 -105 -14 
-156 -169 160 
84 116 -94 
-163 -177 -61 
151 183 68 
149 -49 -77 
122 -24 38 
-62 65 -43 
-112 -168 -63 
83 -80 -37 
11 8 138 
-159 -156 89 
-188 -1 98 
101 -15 28 
74 32 -72 
-125 145 -72 
-76 -162 20 
196 -140 -20 
69 -130 72 
-117 8 33 
-89 106 -86 
-142 -94 -109 
181 94 -54 
-174 27 -157 
94 -138 -72 
92 -195 4 
-103 60 -59 
-1 -178 37 
-42 150 -72 
175 39 200 
-34 -153 -68 
105 -33 -31 
-60 133 36 
-2 99 131 
146 79 92 
194 -110 -58 
148 111 34 
-170 144 59 
-179 -100 166 
65 -4 -63 
148 -147 4 
-156 -51 15 
-23 -181 -12 
-163 -102 -20 
-67 -13 -30 
-144 -49 5 
-4 2 -104 
87 -79 164 
104 -46 132 
25 7 63 
70 180 -76 
190 -77 55 
-114 -15 91 
81 118 -174 
-10 1 -62 
-96 -89 7 
-46 -94 174 
-61 93 70 
-137 21 -86 
166 26 -175 
43 -80 -17 
19 167 111 
138 82 -75 
12 1 10 
128 -173 60 
159 -1 134 
129 24 -48 
-58 94 28 
188 -64 88 
183 -16 6 
-46 -139 2 
-152 3 -126 
171 -162 12 
-10 -111 -103 
6 117 22 
170 31 -164 
7 66 56 
-56 -29 24 
82 111 52 
-81 20 102 
-55 -193 54 
-33 64 198 
-69 -22 -3 
89 -83 128 
59 151 -6 
-164 -184 142 
59 171 -174 
74 113 -79 
114 -130 -128 
-110 -45 -44 
-27 196 -18 
-20 -36 -83 
1 -67 -28 
123 108 -174 
67 -80 15 
-18 64 -169 
-93 -160 -111 
-180 132 155 
-172 2 -62 
-16 109 33 
