-131 7 -138 
136 -110 109 
-47 110 -141 
178 37 54 
120 2 146 
-83 -88 143 
13 109 172 
-162 -67 14 
108 33 25 
-25 181 -112 
22 -5 -170 
142 70 -22 
170 -131 -186 
23 138 -135 
-172 32 121 
193 96 -184 
164 115 -114 
-129 -142 -11 
-36 -117 178 
58 89 -1 
-16 -78 -130 
-20 -137 -144 
-163 110 194 
71 178 -7 
-121 23 -86 
-97 51 145 
-178 48 -158 
-183 5 -148 
-110 -71 -145 
15 173 110 
121 -165 -39 
-129 -48 -143 
-123 1 -35 
-31 179 -138 
112 25 186 
140 84 -56 
-134 167 -12 
27 161 192 
-23 -92 -148 
26 94 16 
-150 -37 66 
99 -164 -110 
35 54 34 
40 53 -35 
-194 40 -137 
151 -198 -68 
184 176 -150 
9 -7 11 
-31 11 57 
113 193 64 
24 84 -106 
20 56 -57 
125 140 -21 
93 -38 85 
104 -111 -191 
-23 -39 -49 
-17 -56 101 
185 -163 -81 
98 -177 -17 
161 -25 8 
1 167 58 
39 51 -70 
-109 -70 49 
176 2 -145 
-10 111 3 
116 -15 -41 
-167 119 -133 
-83 115 -75 
31 161 -3 
-37 -13 166 
-15 42 -197 
-5 -8 -72 
-122 -29 -55 
168 100 17 
-200 71 -24 
97 -168 -6 
8 -42 127 
-71 -146 -114 
-53 -27 15 
-129 178 63 
182 -100 -70 
75 -134 90 
152 -31 75 
83 -100 77 
67 105 -173 
-136 143 120 
47 58 -138 
-106 134 189 
121 67 23 
10 124 -33 
-164 135 155 
95 -107 47 
4 42 -126 
-61 151 -6 
164 52 -17 
159 136 -157 
141 -45 62 
191 -102 -12 
-135 -33 187 
145 -14 157 
-1 187 -28 
-24 -29 116 
15 2 35 
-79 181 176 
117 -198 116 
-39 146 158 
193 -91 98 
21 -88 67 
3 -81 -148 
143 147 -109 
-44 73 -65 
-195 167 -48 
-9 -6 21 
-92 174 -23 
-162 90 -185 
-47 -175 94 
-1 29 -34 
-113 154 -199 
-173 121 -20 
67 -132 -163 
115 -159 -193 
200 47 42 
-76 -105 -30 
56 81 119 
-6 15 197 
-40 164 -2 
94 171 -57 
100 157 129 
-17 -46 -26 
168 -103 110 
-90 -158 129 
45 56 -76 
148 -61 140 
180 122 25 
19 54 -100 
9 191 -2 
-26 -2 187 
136 181 -58 
18 -182 -6 
137 40 -183 
-11 -77 4 
-8 71 -28 
55 173 23 
-192 87 39 
5 75 104 
6 13 -16 
130 4 -31 
185 68 -113 
78 -62 59 
175 61 -152 
-167 81 -46 
38 1 64 
138 150 -103 
-36 -161 176 
54 -91 -18 
7 14 -31 
-68 91 -162 
-154 110 -118 
91 -27 24 
158 171 200 
128 9 32 
1 151 93 
-56 -90 -193 
126 107 52 
-36 -77 117 
-141 -177 173 
128 180 3 
-15 133 -77 
-78 74 -157 
82 -69 142 
103 -67 197 
-146 36 80 
127 -188 -37 
-1 -192 -86 
166 -170 -79 
-54 -98 -145 
92 -169 10 
180 59 182 
-24 -53 -35 
188 86 48 
-71 136 1 
1 55 84 
-52 -16 116 
12 -53 -95 
-6 -40 -190 
131 -56 -119 
54 53 -174 
148 -121 -1 
-192 9 194 
123 85 -65 
-169 -89 37 
114 -117 -141 
91 -49 184 
-123 -45 -194 
19 22 8 
190 127 -61 
199 -135 -181 
56 -40 -160 
-177 -189 -124 
191 82 -107 
97 87 -32 
-87 -107 52 
-34 167 44 
-141 -180 16 
92 -185 -160 
179 141 113 
-17 -135 80 
10 192 33 
113 -95 -147 
33 -29 -50 
-19 -28 35 
57 -73 -39 
83 27 46 
65 12 -97 
173 1 138 
-43 141 80 
-82 -61 72 
127 82 192 
-183 -1 -13 
32 54 -141 
-57 112 -141 
-8 -15 139 
178 43 61 
-54 -33 -26 
-61 33 -182 
16 -191 -85 
-6 52 196 
-178 -136 -33 
166 170 -78 
-86 -135 -6 
115 -147 -72 
15 -97 -91 
2 -66 9 
114 158 -196 
17 3 104 
157 16 -114 
-187 192 -30 
86 -96 82 
189 -200 -154 
27 189 -131 
-28 -197 124 
62 -155 -28 
146 -52 -7 
-100 -198 -4 
-156 193 144 
-88 -113 70 
11 169 -6 
50 22 -77 
103 36 -114 
-50 -133 192 
28 -36 -115 
-20 -18 145 
-184 -9 -2 
-8 -5 -62 
-198 55 108 
-141 26 -4 
-30 -49 -77 
162 -54 182 
74 -75 -49 
158 19 40 
-160 199 104 
-102 -2 60 
71 66 -46 
-179 13 -152 
29 -101 192 
149 41 -132 
162 -117 29 
175 -90 5 
-24 -117 -176 
-128 -173 73 
-47 -129 -10 
62 -100 17 
106 9 -69 
179 7 135 
-104 -200 -3 
8 -17 -127 
-199 87 131 
100 -160 -170 
3 -171 -88 
-144 183 9 
-78 6 -92 
-13 3 190 
79 -113 -5 
7 -152 -2 
-199 -39 -51 
-34 185 -56 
77 -167 -82 
-20 -97 -176 
79 -94 154 
-51 77 -21 
69 -193 53 
-48 131 191 
51 21 148 
-14 -34 4 
-92 -128 100 
-132 -170 141 
-118 -62 -23 
110 92 24 
198 140 -81 
-186 55 24 
-9 -88 173 
-64 -89 179 
-66 -117 -104 
-1 -5 21 
162 -123 31 
-168 -81 -147 
-28 49 47 
200 1 21 
69 136 3 
3 -102 49 
76 162 -92 
47 133 146 
-172 43 82 
107 -167 84 
-99 104 -6 
133 31 -191 
-122 174 -143 
34 62 30 
-34 182 -90 
-127 161 173 
24 82 -116 
-101 4 122 
148 -66 -140 
146 -13 188 
-56 -149 -144 
7 26 -94 
-125 128 1 
167 21 179 
12 87 -11 
-95 138 -136 
-9 17 185 
174 110 -72 
1 78 99 
-18 -63 -116 
132 29 128 
-107 43 -25 
-15 -187 82 
5 -34 -78 
-152 30 46 
-17 -14 -103 
-174 -119 -14 
-157 171 66 
-165 45 -121 
162 -75 -127 
-117 -186 -10 
88 179 -31 
89 51 48 
-110 -74 28 
-66 176 -77 
-133 58 -36 
127 5 47 
90 -129 -180 
7 -70 -60 
77 134 155 
-3 -193 110 
-14 63 -177 
10 177 18 
4 -118 51 
82 -87 40 
70 135 -155 
-72 -101 -16 
174 141 -132 
-110 -114 11 
87 13 -49 
-134 123 -74 
-109 85 -161 
75 19 -39 
163 27 -3 
-53 100 108 
23 163 59 
94 10 -74 
24 122 -8 
172 -13 -130 
53 -23 81 
43 -35 34 
-69 -99 39 
-45 2 3 
79 77 -117 
198 19 -55 
-115 110 -7 
-131 -30 129 
-171 187 2 
100 17 -105 
-95 142 31 
75 48 7 
136 121 -58 
108 153 14 
-106 36 183 
71 -42 12 
-17 -92 -20 
54 -76 23 
80 182 -8 
178 190 -149 
48 -140 131 
40 31 -102 
-4 -116 126 
193 56 -197 
25 -41 -1 
119 53 189 
80 93 2 
179 91 -38 
23 98 35 
-113 -33 -122 
-17 -4 -81 
-147 -76 124 
-18 2 -186 
-140 163 31 
1 195 133 
198 15 -142 
50 155 110 
-39 -58 -33 
59 22 60 
-143 -26 -158 
-6 146 76 
-116 150 184 
15 -82 -8 
-99 -34 -62 
194 -5 108 
104 15 132 
-42 179 -107 
-30 -20 98 
34 -25 -129 
-109 4 106 
-146 -179 152 
-34 129 64 
52 -102 171 
-164 151 86 
74 47 -66 
-106 15 127 
-115 71 181 
130 -198 -76 
-166 -165 192 
9 72 -98 
37 -49 -57 
135 49 106 
175 113 153 
-98 -2 87 
-185 -162 -103 
-162 -39 -12 
-118 -47 -6 
-31 107 -7 
-44 -97 36 
12 6 -173 
-88 118 38 
148 80 54 
-10 -49 50 
160 76 -95 
-15 29 -12 
7 44 -157 
-199 152 -103 
61 -27 63 
-93 173 -83 
-77 50 55 
-32 3 -85 
-138 -124 -37 
34 -51 90 
21 -20 127 
38 67 65 
-79 30 -29 
1 -9 137 
-87 -179 16 
-45 152 -55 
-160 135 18 
-61 -133 27 
-28 -74 -18 
116 -161 21 
71 152 171 
-189 -191 20 
174 -153 147 
-55 -51 -41 
-3 -24 108 
-134 136 8 
83 187 -133 
33 -66 159 
-94 68 -140 
11 149 178 
-56 -19 108 
-16 -2 31 
191 22 -97 
-98 -71 170 
-19 -3 5 
1 103 159 
141 -99 -23 
-5 58 24 
76 -194 -32 
-41 95 131 
-192 131 13 
-33 -3 -113 
-65 34 171 
3 17 -144 
59 34 -52 
98 31 -145 
-79 -188 191 
8 -82 -176 
197 159 99 
49 156 133 
-197 -9 54 
192 165 -28 
-161 -99 44 
-75 8 168 
194 -75 68 
67 -140 56 
97 90 -162 
64 -192 55 
177 -23 -44 
-175 36 -114 
35 -155 84 
68 50 -172 
-89 10 3 
167 -1 133 
195 -193 16 
8 109 35 
101 -152 -33 
87 -143 69 
-46 150 1 
-179 161 78 
101 -68 148 
189 -25 -44 
58 -13 -67 
-90 -115 2 
-1 27 43 
-109 -87 -56 
16 50 -123 
-182 25 -41 
-167 52 -28 
-32 -79 51 
32 -21 113 
-138 14 64 
-15 -32 137 
24 -10 -140 
-124 -11 40 
23 -80 -15 
165 -22 19 
123 -2 -18 
-39 125 -113 
103 -127 -11 
-77 113 46 
-181 -2 14 
-139 -25 97 
58 -26 -193 
110 -40 -135 
60 41 3 
-99 148 -6 
-65 -5 -15 
-42 -171 -24 
-20 -59 -67 
3 1 -6 
129 -118 -182 
168 108 21 
-138 -148 24 
-25 62 -57 
100 200 -19 
-186 178 -43 
-10 -1 4 
89 -24 43 
-92 12 1 
6 -94 -2 
3 95 -7 
-17 53 -4 
24 -50 151 
-41 -1 172 
-126 90 154 
-2 81 -30 
50 43 61 
-166 -85 53 
-69 11 -116 
-8 5 -30 
-13 -115 16 
-92 -197 192 
-187 -15 44 
-76 -16 56 
22 -89 -132 
18 3 -196 
-64 -81 150 
163 -73 -18 
-98 24 -133 
-13 133 128 
-39 -134 -167 
-139 23 -77 
-172 35 65 
155 -124 108 
153 26 -119 
121 184 192 
85 -64 61 
-91 142 86 
26 76 188 
-25 21 -85 
-67 125 150 
-132 -21 -7 
98 63 110 
115 135 -4 
-124 -55 31 
-68 153 -32 
-170 -126 197 
-36 77 -120 
-46 -94 115 
76 77 43 
-58 -166 -131 
-50 18 66 
125 173 -13 
