-47 -92 -16 
77 184 42 
39 -171 -147 
116 9 168 
-18 174 -46 
4 -131 161 
86 7 39 
-9 56 16 
51 196 141 
56 -35 -142 
37 -73 74 
5 -195 57 
103 1 63 
25 -71 -178 
-75 -155 -138 
-43 -13 -24 
-152 -141 5 
29 115 7 
-5 -118 -74 
-33 128 -73 
140 147 -71 
197 35 -62 
153 -147 -49 
-52 -3 30 
-122 8 -95 
15 37 97 
-59 -64 -129 
-177 -172 -104 
60 -195 23 
67 -87 101 
62 -34 -167 
22 167 -177 
14 26 -184 
6 183 94 
-8 -49 52 
-121 193 25 
-36 -149 182 
-16 118 2 
-120 -38 53 
-42 61 8 
92 -74 -24 
165 -11 81 
-193 192 -95 
-32 -90 -2 
24 -135 -165 
126 162 105 
-108 68 58 
-174 -161 -163 
-115 197 62 
82 -107 188 
-15 -11 174 
29 88 -14 
64 145 79 
105 -171 -98 
7 54 125 
-26 136 185 
86 -23 -132 
-49 -25 23 
-63 -19 133 
1 -108 -42 
-90 -27 -94 
50 -52 -118 
-190 -154 -80 
-92 -165 -2 
-16 -36 23 
-84 11 108 
-62 -98 -39 
136 22 -181 
-161 -175 36 
-8 20 17 
-6 12 194 
57 177 -29 
29 129 43 
1 -71 -101 
-160 155 57 
-151 -32 7 
99 143 -38 
4 52 74 
4 33 -105 
84 71 -117 
-67 -38 -5 
-184 -18 -182 
25 171 -63 
-109 26 -4 
-21 -54 -16 
-12 151 143 
100 159 -31 
126 33 182 
63 119 -107 
4 11 -17 
191 -195 20 
-12 -168 161 
128 -15 62 
-32 7 54 
-16 -134 -111 
170 -63 -37 
-174 16 112 
54 53 -188 
-4 -45 129 
-64 39 147 
-96 -49 87 
-54 -173 -63 
-118 6 -125 
-170 51 -196 
-11 78 54 
-57 -67 31 
-85 41 155 
70 -19 121 
44 -3 -36 
47 107 -72 
58 -157 149 
61 -129 130 
-115 89 156 
49 -189 -32 
153 191 -52 
134 -56 -31 
-76 59 78 
-4 -61 147 
192 -10 -97 
-72 -63 124 
-57 17 63 
-172 -89 177 
-25 128 -123 
18 -189 -47 
-29 -177 -158 
43 -176 -65 
14 -50 -83 
12 174 -40 
106 -4 199 
-4 -16 28 
52 101 12 
124 6 85 
159 40 -175 
154 -49 72 
101 -18 127 
-64 -164 -13 
-78 53 61 
148 103 -10 
-101 -152 -78 
169 -2 11 
41 199 -15 
38 54 50 
102 8 81 
-7 91 16 
32 155 -97 
117 -29 51 
-75 77 8 
-124 24 -3 
121 -152 -153 
-196 -99 -33 
-77 198 164 
-27 -38 17 
-53 82 38 
156 -135 152 
-15 131 -174 
153 117 -2 
30 -11 17 
39 43 -9 
-17 56 36 
-115 6 -3 
144 -37 181 
132 -52 20 
-169 -5 -73 
39 1 -136 
171 105 39 
-189 158 1 
70 30 -141 
177 51 183 
52 199 -14 
89 -91 -156 
169 174 163 
-75 4 -189 
-68 -96 -156 
162 -11 -81 
109 -126 -152 
116 1 -193 
170 -100 -189 
-21 -63 -172 
-112 49 92 
-18 -117 131 
-4 -24 -74 
32 -161 70 
17 -27 -15 
36 -68 -18 
97 -184 83 
15 -126 -129 
101 63 -136 
1 124 -153 
-9 40 -4 
-60 29 89 
14 87 45 
41 -161 -80 
2 -49 -71 
78 -91 76 
155 50 56 
152 -181 -11 
-71 95 -116 
48 151 -180 
175 -161 34 
119 166 -14 
32 -169 -145 
-82 -59 -9 
31 -198 -17 
2 104 8 
-188 -122 -88 
131 -4 5 
-9 -164 -38 
4 -43 -68 
128 -49 68 
13 -155 92 
-63 100 -88 
-13 200 46 
-43 2 131 
61 -185 172 
-121 80 -119 
-124 -156 -6 
-24 20 -55 
-94 5 -156 
38 43 -32 
134 -23 -119 
-121 147 52 
-1 -146 -147 
140 -82 -13 
197 129 -56 
-88 10 -144 
-14 -81 75 
-134 -30 189 
43 58 33 
185 -25 60 
94 -120 -54 
60 28 200 
-93 -16 -12 
-90 91 50 
-32 31 -93 
123 117 -19 
-138 174 -143 
-47 -164 2 
154 -65 48 
-9 40 -34 
44 67 -200 
-124 -74 128 
-82 68 148 
64 3 -101 
81 66 -14 
106 120 -21 
-101 83 -12 
-27 -108 44 
-159 43 -181 
-52 -82 -1 
-181 -170 53 
105 185 -97 
-48 -34 -18 
-199 -120 -55 
-61 -127 -82 
-6 -153 156 
102 -41 -34 
-34 14 -112 
153 196 -57 
-95 -18 -77 
170 148 -126 
55 149 -30 
68 2 146 
166 74 68 
71 24 19 
182 -12 115 
144 -46 -113 
26 66 21 
58 -188 -21 
-200 12 132 
45 23 -134 
-189 139 14 
120 95 18 
97 26 23 
-52 -64 5 
-29 -184 101 
-69 -59 -115 
-64 149 -161 
-76 200 110 
-158 140 112 
-200 -52 145 
103 4 72 
-36 -158 -2 
-120 -109 -5 
133 42 84 
-24 196 -21 
-2 -20 181 
23 -185 -172 
182 -144 190 
-40 -14 78 
-71 7 -26 
121 -44 153 
25 -66 -43 
27 36 29 
-40 57 69 
-123 -87 -33 
-74 -45 -186 
-105 -100 165 
84 -114 118 
59 -2 -11 
27 -183 187 
-14 69 64 
26 84 -22 
17 -7 -47 
62 -23 -82 
19 -16 -12 
19 -97 -180 
-4 -53 -50 
-180 -136 11 
-109 162 24 
167 22 -15 
120 -13 -59 
82 190 44 
-1 108 99 
20 146 57 
-93 -165 -59 
-67 11 -91 
155 -39 41 
-190 -163 -116 
3 103 2 
-60 -175 -71 
-166 -57 99 
64 46 -68 
-54 -162 47 
-194 79 173 
-142 44 66 
165 4 10 
193 45 57 
-140 104 -30 
108 5 3 
-32 51 17 
-35 184 -12 
-34 -27 194 
-101 114 -128 
-65 -70 -190 
-119 11 -5 
103 3 61 
86 112 135 
-105 11 125 
-91 -1 -86 
1 127 115 
74 -138 5 
109 98 34 
54 58 -37 
46 38 -73 
-43 138 98 
-113 -37 -82 
-196 92 -190 
73 129 180 
124 -142 49 
-128 6 -1 
44 123 73 
76 -15 109 
-71 13 -85 
196 48 53 
21 -61 -1 
-137 5 181 
-73 -112 -179 
50 -29 142 
-26 47 -49 
-177 -178 176 
-40 63 -34 
-71 -102 53 
-116 7 -134 
118 193 91 
113 -69 -60 
-34 -79 -167 
42 -1 -55 
10 71 199 
65 -78 23 
42 -67 55 
41 165 -80 
-78 -31 41 
-120 132 65 
4 -17 -88 
144 -54 -67 
55 -152 -16 
-152 159 11 
37 151 200 
-92 -160 19 
123 153 19 
59 -88 29 
33 117 154 
-87 123 2 
175 -23 70 
-190 -113 17 
134 -9 186 
153 4 10 
-161 -9 -174 
128 3 -126 
103 105 -143 
-38 105 -95 
-47 79 109 
-4 -90 196 
127 23 71 
-14 127 -38 
54 -140 192 
-150 174 188 
-161 47 129 
-9 -157 49 
68 41 -110 
-174 -134 -74 
179 -115 137 
-46 118 20 
83 6 11 
80 89 -140 
16 -41 -14 
152 109 82 
-58 -123 -23 
103 80 170 
-199 -48 81 
-49 -85 73 
135 145 -28 
-59 79 3 
157 -160 127 
187 -2 -15 
-2 -148 -145 
136 188 156 
173 -117 2 
13 188 -1 
5 -143 189 
-88 132 -106 
1 196 52 
18 126 173 
149 -99 -6 
-35 28 -19 
-105 12 -179 
113 -86 73 
113 -173 -152 
57 -67 155 
78 75 153 
115 -162 72 
-174 68 126 
-149 108 -141 
86 169 93 
-115 51 -93 
-54 2 87 
-20 -42 68 
53 -75 145 
50 69 -14 
60 -121 61 
-67 -108 49 
-106 44 73 
-18 -194 -105 
-58 -64 -63 
79 47 -102 
196 27 12 
-50 -26 -124 
-111 -25 118 
-57 -51 31 
-113 150 -7 
175 -44 160 
161 198 -84 
142 111 -49 
199 1 181 
62 169 104 
74 -65 77 
-123 -81 -124 
70 -38 -107 
-175 -168 10 
15 -154 -66 
108 -183 90 
-3 -186 71 
145 -29 -13 
145 -140 -15 
28 8 54 
-170 19 39 
-5 2 -78 
194 -28 -186 
-38 16 26 
12 -23 103 
145 47 41 
-50 -192 -169 
-20 -22 119 
3 30 -89 
186 -187 29 
-109 -85 24 
75 167 180 
30 96 -186 
4 -94 -181 
-97 94 -1 
-158 -13 47 
31 36 64 
-119 -1 -194 
92 -137 -23 
-154 88 -10 
179 -2 17 
15 200 140 
146 -103 53 
-175 5 -92 
-30 -102 -163 
-62 -7 -1 
-73 170 -29 
-73 151 -94 
-24 64 -6 
-59 17 163 
15 -65 156 
148 70 -91 
186 -104 160 
50 -48 120 
-93 -35 140 
-90 8 29 
9 172 159 
35 96 93 
144 3 -56 
-30 180 -48 
30 128 147 
72 -155 -175 
80 178 -110 
69 -116 56 
57 -183 139 
-21 -28 -162 
155 -43 134 
69 -75 2 
37 78 62 
-50 -77 5 
33 -26 172 
100 2 27 
197 -115 102 
-188 -157 34 
66 -14 -4 
-153 -7 1 
128 -50 32 
-86 20 16 
39 -27 53 
-30 -58 77 
-197 70 60 
-167 -162 -129 
62 165 -47 
4 71 173 
-47 -27 -111 
-2 -122 36 
73 11 -1 
109 45 -120 
150 -119 50 
-119 -13 97 
182 65 23 
-47 142 46 
193 99 -155 
-90 177 -3 
-23 83 124 
-188 -26 -35 
-12 93 52 
166 -189 -122 
-74 -154 88 
-187 -1 16 
83 -60 -166 
30 13 4 
32 -25 -71 
54 -22 98 
-189 -28 -18 
-76 -27 13 
30 -38 -50 
6 -69 4 
-27 65 197 
-187 -3 -84 
-80 47 40 
92 -186 159 
1 47 200 
-7 -50 174 
-161 64 -7 
47 100 -78 
-8 -80 11 
53 169 -46 
-112 -103 -34 
-140 38 -131 
-68 151 -113 
48 -64 82 
34 107 -21 
1 123 -80 
-75 186 -33 
-172 129 -45 
114 53 37 
194 -179 123 
-21 187 -119 
-114 122 -149 
62 -150 -79 
31 14 -176 
-121 115 -149 
-89 -54 169 
-179 -53 158 
-10 176 65 
-35 -199 155 
153 90 133 
-149 -26 195 
-44 -16 -128 
-14 17 -2 
-90 -5 -176 
-135 -17 105 
-68 130 179 
133 120 -195 
30 -22 154 
188 -16 -176 
1 -86 137 
-1 -32 28 
11 -142 195 
51 -42 83 
-141 -87 116 
-5 112 -39 
185 -190 200 
80 81 -155 
