-118 -141 97 
59 155 118 
-143 -40 22 
-189 60 -78 
66 -170 1 
23 -74 193 
180 -19 -127 
-175 -12 156 
-30 74 179 
100 -121 -6 
-1 21 -65 
-67 66 -42 
122 11 -107 
13 120 -8 
5 -58 149 
-36 -104 -26 
85 28 189 
40 -14 -184 
-80 39 156 
92 7 80 
82 -145 102 
-1 47 -169 
-195 -95 15 
-155 188 192 
-1 -32 113 
-193 86 -123 
33 -11 80 
130 16 124 
109 53 60 
57 -11 -10 
-105 75 5 
185 88 -112 
-124 39 11 
14 -91 190 
-92 146 -123 
-103 -30 -148 
19 191 -1 
141 13 55 
148 -23 142 
188 -58 79 
-13 -75 104 
18 -83 -160 
194 134 154 
25 191 3 
155 7 157 
-158 -2 114 
183 -22 -70 
-135 -4 77 
-106 198 -32 
-4 50 -197 
152 36 44 
-8 107 -59 
-56 -63 -160 
160 -72 70 
79 -171 125 
-159 142 189 
-107 -7 9 
-112 3 9 
137 136 -11 
-115 97 -37 
93 183 73 
-195 -176 -76 
-188 105 -115 
-94 162 -13 
-94 -100 168 
5 -28 -109 
56 -3 138 
48 -13 -166 
-68 96 197 
49 -200 12 
-25 -88 -100 
41 -105 173 
64 -68 200 
60 100 77 
-113 -160 9 
17 15 65 
-91 -186 129 
-19 -169 5 
-51 -193 -76 
55 -2 -101 
37 -101 8 
79 78 40 
95 174 1 
-50 198 173 
19 -45 -57 
43 70 -9 
56 61 79 
2 -68 27 
85 162 61 
-31 -194 103 
-79 -192 -13 
-54 131 60 
185 28 8 
-29 3 -137 
158 -7 66 
142 -113 -179 
29 -183 165 
-109 183 90 
23 15 -111 
19 -9 38 
11 151 -28 
80 40 10 
11 -2 -10 
-72 116 80 
142 -175 -44 
39 155 4 
169 -32 -70 
19 -24 164 
151 51 1 
-21 -46 -11 
96 -38 -90 
-198 -38 -26 
-27 -78 148 
-6 -18 9 
188 161 119 
-172 80 -17 
-27 -3 25 
117 -190 20 
14 -150 -1 
171 121 -114 
-126 184 -105 
-149 -126 55 
-56 -200 -124 
-113 -88 -52 
2 3 4 
3 28 163 
-65 -133 35 
-158 160 -63 
50 88 33 
33 44 92 
-24 116 -73 
50 157 165 
8 -24 53 
-13 60 32 
-29 -64 49 
76 -122 -127 
-3 -138 -125 
1 198 -12 
-163 -19 81 
117 24 -14 
52 167 123 
-20 21 -73 
150 -112 -155 
48 30 56 
-36 -45 -44 
36 -29 190 
-3 58 1 
199 -181 151 
8 -10 -19 
8 -59 -187 
-45 27 172 
16 20 -119 
-34 49 -135 
15 36 -4 
-192 72 162 
4 86 -132 
85 -70 42 
-198 7 2 
-80 -99 -197 
-7 29 -83 
-4 -9 110 
170 47 -139 
-29 67 -26 
-27 -191 94 
9 -59 67 
-26 -195 160 
170 -56 31 
-1 -125 -12 
-185 -123 35 
-27 -76 -18 
17 191 -78 
-47 -191 -92 
-35 -24 47 
-99 -162 39 
-107 87 76 
-77 82 -43 
106 200 -84 
46 76 -141 
-49 -13 200 
-123 30 -117 
-161 -9 -25 
149 -78 -61 
195 -55 159 
-125 99 16 
86 -100 179 
26 154 -196 
60 -165 -23 
5 -101 -3 
-59 -121 -65 
-161 77 103 
-112 119 -57 
163 196 -54 
-111 -177 103 
-35 34 14 
-134 131 -189 
-40 62 158 
78 13 6 
-23 -86 68 
-120 6 112 
-31 6 -38 
158 40 -194 
-84 108 7 
-156 90 39 
-54 -41 198 
13 -132 -76 
-51 -171 33 
53 46 -44 
-65 195 -129 
-142 147 101 
48 22 38 
-80 -69 68 
144 104 83 
56 131 -4 
128 -95 111 
197 123 18 
100 37 11 
-197 -33 35 
136 -111 46 
-104 119 -120 
-4 42 -25 
-188 -157 58 
-108 -34 3 
41 -17 -81 
-95 -13 -1 
-17 9 19 
-161 81 18 
-104 -113 -199 
-71 155 -38 
-32 190 35 
-83 -45 -2 
-188 -166 111 
40 128 61 
-173 106 198 
-60 -155 179 
28 51 172 
-1 198 -90 
104 -58 -179 
-38 124 -165 
-151 66 61 
-113 41 -106 
-38 1 -98 
-139 96 -5 
45 172 185 
8 -5 -57 
75 -109 -24 
38 22 -40 
-65 22 -133 
-27 138 -130 
-177 -179 144 
-18 44 26 
133 -91 -43 
-4 102 2 
-157 29 -66 
194 -150 -82 
19 172 27 
53 141 -197 
174 73 -143 
-113 -180 -73 
-65 -71 87 
16 -118 -29 
-3 -2 188 
134 -116 -96 
174 -40 160 
164 168 -110 
-30 168 -148 
-11 -53 27 
-55 -49 28 
-31 137 9 
-113 197 -174 
1 194 106 
3 -189 -86 
197 36 63 
81 -119 -12 
156 -65 174 
180 -140 7 
-42 88 -157 
-57 119 35 
-82 -181 -127 
-164 -42 35 
149 -78 38 
151 -165 -57 
162 9 -25 
111 75 130 
-15 29 -55 
76 -43 114 
100 13 15 
-85 40 -172 
136 27 101 
-196 117 129 
161 12 -160 
-95 -174 147 
-80 -123 -7 
167 38 20 
123 -48 96 
194 42 -71 
-70 -172 -157 
-158 105 10 
20 58 -106 
34 27 -26 
-39 132 171 
-55 -112 -83 
-7 -2 56 
-182 -8 -76 
-199 -29 -198 
190 11 74 
-11 12 186 
-40 -115 63 
62 61 -66 
75 -8 111 
41 -61 185 
16 -19 86 
12 -68 -164 
-74 -50 -37 
-114 111 -74 
1 53 62 
-92 37 118 
169 -1 96 
15 160 -130 
-87 -111 -32 
7 -22 -81 
145 63 -146 
-53 175 193 
70 97 2 
-140 -99 169 
-165 -3 -2 
13 -29 77 
-137 -183 115 
-23 -139 -40 
-62 26 94 
-112 100 183 
-63 186 1 
-9 182 -45 
-114 123 -43 
-9 117 29 
25 63 -183 
-68 -181 63 
19 -12 13 
-61 -105 7 
62 -171 -159 
-97 -30 10 
-48 -112 72 
190 -194 -6 
186 -147 87 
102 173 101 
-67 77 76 
-39 184 171 
51 -67 101 
117 190 61 
96 -166 145 
2 136 -4 
-23 -187 -139 
14 -67 -75 
125 -11 194 
-95 51 102 
141 -27 -187 
-28 74 -170 
60 -29 -62 
40 -169 178 
-1 -105 107 
-170 -7 184 
-127 136 -58 
68 148 -14 
68 -156 134 
-51 -29 -35 
-160 68 -39 
89 -189 -122 
-51 -152 -112 
-167 -31 197 
-168 -131 -6 
-134 119 -39 
-110 134 87 
34 153 -18 
-2 55 81 
14 -146 -151 
121 124 145 
175 -98 -196 
-63 -79 1 
-56 -3 2 
-55 22 62 
72 -2 59 
-142 -53 97 
-125 -108 76 
70 30 -4 
93 117 -145 
-120 119 58 
-1 67 73 
-3 35 1 
-27 45 8 
-138 -164 94 
157 -15 -14 
50 181 39 
20 57 -119 
65 -10 -132 
-23 66 -7 
172 -99 197 
-23 42 96 
-50 -166 193 
-46 -148 3 
-10 22 -55 
-68 -161 -31 
67 165 29 
64 -16 67 
4 21 47 
3 -65 130 
33 13 -20 
-42 -82 135 
80 -102 -169 
131 52 -48 
2 51 -56 
43 -144 -120 
-94 174 -148 
2 135 -11 
-15 -136 -164 
144 97 -176 
155 -114 118 
-181 -1 175 
-100 -112 165 
33 -22 -69 
195 28 182 
-107 63 8 
-44 180 23 
-148 175 -22 
-16 -104 -98 
127 -123 184 
95 -17 26 
-36 -49 108 
-14 36 140 
42 -96 -101 
106 -118 170 
-164 -44 174 
-85 -25 -137 
44 -19 -99 
-177 112 -50 
94 -70 -8 
59 -126 -105 
-154 -132 23 
-183 156 -159 
-85 -153 34 
-118 -23 35 
-76 141 153 
-76 -9 157 
3 -93 -76 
151 19 105 
-24 20 -131 
-17 40 -22 
137 -93 -75 
57 -3 -161 
48 197 -3 
198 -3 152 
-151 -179 58 
83 -68 104 
70 -175 -11 
113 13 12 
-146 -173 188 
103 -21 38 
122 6 22 
197 152 81 
155 -187 54 
-188 26 -16 
-194 -131 100 
10 161 15 
-23 116 -17 
74 -28 -67 
3 16 143 
30 75 74 
39 20 -46 
175 -135 138 
-44 -36 12 
14 -7 -193 
-186 167 73 
100 57 -11 
-101 5 185 
20 7 80 
-193 31 60 
-157 -173 -9 
164 69 24 
-131 113 -162 
-55 -153 -7 
197 -160 1 
13 -49 127 
-59 -121 6 
-134 118 166 
140 193 173 
-157 69 109 
-11 71 186 
-174 -172 177 
37 -138 34 
-31 25 186 
162 -49 -71 
81 -50 3 
52 -176 177 
-52 193 -75 
120 169 101 
125 70 9 
187 -134 114 
-173 -38 137 
58 -20 -23 
-32 -60 -2 
-152 -61 -56 
-54 134 41 
182 28 161 
191 46 -171 
120 -196 188 
44 9 14 
-12 96 -99 
-62 164 -67 
-90 57 -23 
-29 11 14 
6 186 69 
72 127 1 
-3 -7 136 
-55 -186 101 
-61 38 -25 
-97 -100 125 
-94 -131 -29 
-3 176 140 
-45 145 175 
33 -17 -82 
-97 -66 -79 
38 71 -97 
-176 -126 145 
121 68 6 
72 -92 -38 
-146 -1 139 
48 -14 -194 
79 -184 13 
-30 39 61 
115 -139 185 
-81 57 -68 
-22 9 26 
130 -94 -60 
72 -170 78 
-172 -105 153 
195 -83 1 
-133 175 -193 
38 32 -144 
-99 -159 -45 
42 -12 196 
-129 -131 35 
34 -67 -93 
136 147 -109 
91 32 72 
-174 -2 -100 
3 -111 -44 
60 -43 -19 
22 160 -105 
5 -4 -83 
-13 -38 -182 
-70 -188 130 
-54 116 14 
188 -179 56 
16 -75 -120 
-2 -131 4 
165 -109 -29 
47 96 -52 
4 -91 -9 
-153 165 -59 
-124 -55 -14 
-69 167 3 
38 48 -4 
-12 -198 -164 
140 -2 102 
3 -148 -186 
-100 10 5 
28 -37 -125 
-55 -44 -3 
-23 -57 -8 
-151 139 4 
31 13 132 
-141 -104 70 
-12 4 -26 
-21 16 -3 
-117 -193 -25 
-1 -55 43 
-137 -8 25 
-133 177 -196 
-1 96 139 
-106 -45 -19 
99 190 -4 
-49 -11 168 
-32 174 113 
-74 37 -1 
43 1 200 
99 116 65 
79 8 -5 
176 20 -162 
122 55 -25 
-74 39 -15 
131 -8 177 
187 -24 147 
-52 7 30 
200 62 5 
189 91 174 
51 41 1 
-117 13 -6 
-14 96 -8 
-38 -11 -66 
32 -138 -51 
156 60 -108 
162 57 -111 
