16 -106 -36 
29 82 1 
-13 39 -110 
139 36 102 
6 -127 133 
57 3 -103 
-98 -116 -88 
-137 116 41 
-106 22 -128 
-108 -6 5 
108 -78 26 
-145 121 37 
-58 -128 -29 
119 -27 144 
22 112 8 
14 -1 -110 
139 -71 37 
-147 -75 17 
3 29 -83 
128 -78 -95 
-128 -123 67 
-42 -57 -129 
101 10 55 
128 29 -125 
-92 -2 112 
45 -13 108 
19 43 40 
-3 143 138 
45 -59 -4 
40 124 19 
-111 25 10 
-20 144 6 
-125 -91 -48 
-39 14 -28 
-89 -56 -5 
69 -23 -148 
-9 -35 122 
123 -23 18 
-62 133 -65 
10 -5 66 
-35 142 -148 
5 -49 9 
-70 25 54 
80 -39 -18 
-130 -44 113 
6 -30 -60 
104 135 -48 
108 27 -5 
28 -59 -7 
6 16 3 
-21 112 -35 
86 21 -98 
-4 34 -58 
-119 -8 -30 
-23 -48 24 
-68 148 47 
-128 -12 113 
75 17 87 
117 64 -20 
-70 72 -30 
139 -8 -87 
-7 -12 -40 
65 23 54 
2 81 106 
-31 104 -131 
112 29 -87 
106 11 69 
-102 97 -75 
-104 23 -27 
-39 142 148 
42 -78 -75 
73 81 -87 
-7 -16 -53 
10 -87 -121 
-136 148 115 
88 -18 -110 
-128 45 95 
-17 -1 -76 
47 82 127 
146 -24 102 
19 -4 -69 
3 103 -110 
-112 45 -58 
136 11 24 
-121 33 -25 
82 40 22 
-106 -33 9 
-1 39 -106 
-119 -49 -33 
-58 82 -90 
-96 -13 -135 
-145 112 11 
-60 128 -94 
-139 -50 57 
-77 -45 27 
-20 8 96 
-46 67 23 
-9 29 17 
-100 105 -11 
38 54 135 
-77 45 54 
-146 2 15 
-93 43 122 
-57 -14 -121 
62 86 -42 
-124 31 15 
-95 79 3 
26 -14 102 
127 -116 -20 
47 -7 43 
63 31 -119 
-22 9 -65 
120 -144 -111 
128 -69 -10 
108 73 -46 
-48 41 26 
-110 91 52 
1 50 -33 
-32 22 94 
4 -87 96 
103 104 93 
54 -26 9 
-87 31 54 
110 -27 -140 
-4 87 -116 
-2 7 -98 
-6 1 101 
15 -74 -114 
8 -59 -105 
93 2 -79 
-77 -2 52 
-132 -26 -105 
-97 -48 82 
11 -122 124 
-148 83 20 
115 -62 -133 
-60 -82 -84 
123 -121 -19 
27 140 1 
-135 126 -74 
69 132 -95 
-12 -37 -16 
-105 -113 20 
-4 20 146 
-93 -84 1 
79 39 31 
26 118 -15 
-113 -19 1 
-107 10 7 
57 144 -22 
-114 -101 -24 
127 -19 -31 
-65 -77 1 
-71 18 -57 
-94 80 73 
-74 45 -37 
60 129 139 
-114 38 -58 
68 14 -18 
-7 -137 -130 
10 -57 111 
-53 63 73 
62 3 -1 
-101 8 49 
72 43 -136 
25 113 103 
-109 47 123 
53 62 -40 
-85 111 34 
-20 15 104 
-95 -24 -43 
106 36 -7 
-98 -143 140 
-115 105 -134 
95 -49 131 
-16 72 101 
-53 90 -5 
-37 40 -19 
-95 -114 38 
87 -12 -74 
10 -105 -132 
-41 -118 48 
-14 34 -35 
-108 16 25 
-133 -124 -13 
57 -6 12 
150 121 -84 
-85 82 -84 
56 1 83 
-5 75 44 
29 -125 -108 
12 130 -116 
-2 -17 122 
121 -111 -74 
86 14 -87 
143 32 -40 
18 26 -108 
-108 -97 150 
-72 143 129 
114 32 -2 
-33 4 -55 
-14 -36 46 
69 54 18 
-102 134 -7 
2 11 16 
-16 -48 -89 
-72 143 146 
-42 128 73 
-118 -2 -134 
130 -44 14 
-65 -31 -29 
77 100 -86 
123 16 -5 
-103 -149 106 
-56 63 -144 
6 -143 24 
-74 20 -39 
112 -129 4 
-98 65 -114 
-8 -41 -59 
-59 31 138 
-73 -61 143 
4 -2 -37 
38 -101 -3 
43 -65 86 
103 5 16 
-31 63 -40 
-75 66 104 
73 134 90 
-132 105 -114 
-30 52 -2 
-62 -113 81 
-113 -122 -145 
-146 -73 50 
-12 75 -124 
78 -100 -146 
-120 -9 68 
42 -121 37 
-11 34 -146 
56 116 -22 
16 108 87 
92 19 31 
-84 -126 40 
25 103 37 
-27 -126 104 
3 145 120 
109 107 -103 
51 -106 -90 
-19 146 20 
-136 127 -20 
-21 -1 114 
1 -147 42 
141 -26 -59 
20 64 129 
40 115 -24 
1 6 -62 
110 63 -99 
-25 114 -48 
-65 -75 45 
-132 -60 -87 
137 -115 109 
-138 8 80 
138 -15 -1 
103 28 -14 
-94 -142 -11 
-15 -117 7 
23 -39 131 
80 -7 -34 
-26 41 43 
97 122 42 
12 69 -43 
26 104 -52 
140 139 -39 
35 1 47 
17 -40 70 
-136 -132 -137 
-37 -107 3 
-53 -84 -14 
3 59 94 
-1 -102 111 
-18 -12 -57 
-100 86 15 
-54 -31 119 
-19 6 26 
-77 -7 36 
-65 10 13 
120 -80 33 
12 52 67 
30 102 -108 
143 78 41 
-64 149 -41 
-3 64 123 
-4 -66 1 
68 -24 33 
57 -97 60 
79 -102 140 
-16 1 17 
-4 -89 28 
137 7 54 
-125 7 47 
-10 145 -35 
83 17 72 
24 56 -20 
59 132 -146 
-68 43 -28 
2 62 14 
-39 123 -69 
2 50 -16 
7 108 -147 
-136 -41 11 
-8 148 -1 
95 97 -87 
-90 -21 101 
-133 23 123 
-2 -27 140 
37 -5 -68 
-51 -4 -109 
15 -17 65 
51 -7 -43 
12 -89 37 
62 -28 12 
-72 -100 -95 
-45 -58 -140 
-88 109 139 
-65 -143 -81 
117 -128 109 
-39 -119 13 
65 50 -79 
27 26 -136 
-64 140 16 
-83 105 73 
-113 3 -130 
102 15 -139 
28 -110 103 
-14 -58 90 
-55 45 124 
-136 -70 93 
144 -1 -141 
10 29 -49 
3 1 -75 
-37 100 -38 
75 -130 10 
104 -149 86 
-112 -140 -2 
47 -72 -88 
-95 -41 -125 
-76 1 -6 
93 -141 2 
59 -114 119 
-121 114 87 
38 -1 -91 
-94 -44 30 
-9 25 -69 
-145 -134 116 
-4 -11 -15 
45 -93 84 
52 -25 75 
42 -6 -39 
-60 82 -47 
-75 45 85 
-67 -9 -78 
36 -14 117 
115 27 72 
-4 77 -8 
86 -48 -104 
62 -73 -145 
-145 61 86 
17 26 -53 
-12 -138 -55 
-4 -31 -33 
-36 98 -132 
-138 -85 101 
109 -61 125 
-52 72 67 
-56 -26 25 
-80 -102 40 
-101 149 -78 
-97 49 104 
-74 -123 143 
9 -133 33 
-16 5 -95 
-75 -107 -2 
-11 130 47 
6 72 67 
49 -46 3 
23 118 125 
9 29 96 
78 -11 60 
48 -124 83 
-128 88 -115 
5 4 57 
30 84 -11 
132 118 -148 
36 45 -145 
55 -6 -35 
-78 121 -9 
122 14 9 
18 -23 -33 
-56 120 72 
-49 -138 19 
-73 -117 49 
-62 4 -111 
-22 -90 77 
148 -106 -71 
-6 144 55 
-133 56 -27 
-125 15 131 
-127 -131 79 
23 -22 -120 
-58 144 -2 
49 -11 -74 
-99 -7 -74 
25 -11 -106 
35 10 93 
-12 -49 97 
-56 -110 102 
-32 -53 -41 
-112 35 -57 
-8 -70 -3 
-135 104 129 
99 89 136 
17 137 142 
-12 -132 116 
88 130 123 
46 50 79 
-148 7 16 
21 8 2 
142 134 50 
2 -40 -87 
46 34 125 
23 7 49 
-95 -128 73 
96 -85 -20 
5 93 116 
-62 -136 -141 
4 -142 -53 
70 -117 72 
65 -62 -130 
-117 64 -38 
131 42 148 
135 -5 26 
63 -117 -28 
-149 -86 8 
16 -11 63 
76 -14 -112 
-120 137 93 
-11 106 69 
-24 -64 -94 
78 96 26 
42 -32 44 
23 -134 -100 
-93 122 45 
23 -26 -13 
74 12 51 
-84 21 12 
62 141 -41 
140 -86 -104 
144 -6 -60 
-3 -82 -74 
142 66 97 
78 -2 51 
76 98 -144 
-49 -67 1 
-49 147 -145 
110 28 148 
-111 44 72 
-5 107 55 
131 115 -32 
26 66 52 
74 -134 126 
122 -92 -22 
-78 -90 57 
-102 121 -149 
-26 80 2 
145 130 13 
-141 -95 -23 
16 119 -34 
65 21 4 
-88 -6 -2 
-49 82 36 
2 -80 21 
-18 -79 -55 
-21 53 143 
95 103 47 
140 -134 -65 
-7 -129 -89 
91 80 -118 
23 -13 -5 
28 -143 -104 
52 -81 -104 
115 -17 30 
38 -52 -76 
17 5 10 
96 -39 -54 
23 -10 -118 
-26 -103 -68 
-27 -146 -8 
-36 69 47 
7 -90 3 
58 1 -114 
148 26 -45 
49 -65 -118 
46 13 -91 
-85 -90 -124 
38 -21 143 
-7 -148 1 
-18 -129 -139 
-98 92 -143 
23 1 118 
70 143 -87 
86 95 -78 
81 3 7 
20 -8 -150 
30 56 -148 
-30 41 -100 
-102 38 81 
10 -58 117 
90 128 48 
125 44 -85 
119 -6 124 
-74 -44 -110 
72 25 130 
-13 -109 126 
40 -120 -73 
-30 -22 2 
