17 145 126 
-122 -10 104 
60 -146 57 
-65 -149 -6 
26 -7 -42 
5 -30 -89 
77 80 -76 
-85 129 71 
-140 -98 2 
-9 142 68 
-123 -136 -90 
56 30 -117 
-32 69 -100 
117 101 -24 
-85 -134 48 
-101 52 -11 
26 -101 -97 
99 96 -53 
-100 7 5 
22 21 55 
-128 26 -102 
-76 -79 -36 
-113 -4 13 
-140 -116 41 
19 -63 -4 
-121 26 10 
-127 59 -109 
-80 -55 119 
124 -88 -41 
-79 18 71 
-117 -69 -95 
95 -11 -122 
106 -66 56 
47 -136 -51 
-91 7 -3 
58 57 140 
108 -7 78 
39 147 -59 
-26 117 -141 
17 2 -46 
149 72 38 
-110 1 -140 
-103 90 115 
-122 26 -20 
-2 64 11 
-43 106 -64 
-81 109 -22 
-73 39 -3 
-32 89 84 
3 128 53 
-136 133 95 
-121 -61 132 
95 -4 -87 
24 2 10 
-1 28 94 
17 53 120 
-137 11 -85 
144 4 -5 
34 -109 -71 
-21 18 -69 
1 53 10 
102 -54 26 
7 5 -34 
38 -113 37 
44 140 21 
45 -84 76 
119 -125 -140 
77 121 -150 
-122 75 26 
50 -99 138 
62 49 133 
-30 117 -34 
111 -95 24 
-3 -32 57 
-131 -116 -106 
27 23 -84 
-133 4 49 
-135 107 -113 
-52 -34 -123 
-80 144 -96 
-60 -19 -26 
43 125 1 
81 -50 131 
-5 51 101 
-70 36 -30 
-93 47 150 
16 -1 -139 
-36 -138 21 
41 107 -122 
23 48 -37 
7 -108 -24 
-34 -68 7 
142 86 116 
94 43 -86 
-24 128 134 
-118 56 -7 
-18 -26 -9 
29 -32 -6 
12 -93 116 
94 -4 -76 
-130 3 -128 
-54 19 -38 
6 46 130 
-72 -113 50 
-89 -5 147 
54 2 59 
-1 -90 -49 
-15 -140 91 
-60 -12 21 
-21 49 62 
129 24 35 
-68 96 -32 
-75 -7 55 
-54 34 -98 
-70 -23 38 
-69 -3 -133 
-43 -72 -5 
21 111 -28 
15 -74 86 
-63 -80 34 
100 -11 -145 
72 -95 34 
-71 -20 129 
129 51 147 
89 26 12 
10 -136 12 
136 97 147 
-54 -16 26 
-4 -112 -134 
-94 -61 127 
-74 55 117 
-34 133 6 
-150 -52 96 
72 141 -79 
-49 147 -14 
131 46 105 
16 -6 -70 
-97 -149 47 
34 120 18 
8 -113 -142 
16 9 -94 
10 -101 15 
62 -148 -127 
8 119 -135 
-10 -134 -60 
-132 -28 -106 
37 117 -65 
-81 -79 -40 
-9 -29 -147 
-2 11 79 
-12 100 74 
-57 75 -118 
119 52 98 
-7 -61 25 
91 41 102 
-18 -92 58 
119 -95 -124 
48 -141 89 
-93 -87 145 
-9 -35 61 
92 144 148 
131 17 2 
-25 55 7 
14 1 103 
95 69 -10 
-30 -85 81 
-31 -112 70 
-129 102 -98 
99 -96 44 
45 10 27 
-94 45 -70 
-149 119 -54 
28 -48 140 
51 121 -77 
108 26 8 
129 -75 28 
90 -16 30 
-133 -66 -35 
-4 -56 50 
-75 86 93 
15 114 66 
-24 -79 2 
-2 -9 127 
134 -55 75 
107 35 -43 
134 -18 3 
54 30 -6 
113 -21 -132 
135 -124 58 
1 10 61 
128 137 9 
-81 148 -17 
82 105 26 
146 55 104 
-52 -29 -60 
87 36 -66 
142 58 -114 
-146 -116 8 
75 126 82 
8 138 6 
-135 -71 49 
-104 136 80 
124 14 -38 
22 10 149 
-13 -8 -27 
-41 72 -129 
69 100 -101 
101 -2 63 
95 43 45 
-28 5 -139 
58 29 -78 
74 140 -1 
-21 -125 -22 
138 -146 44 
60 -19 139 
7 4 127 
-25 -129 -65 
-128 -1 -41 
-62 -76 -138 
-50 44 -102 
120 5 97 
2 -72 12 
-22 149 25 
44 115 -91 
-43 16 36 
29 -52 61 
105 -145 22 
-64 -78 -9 
-121 39 -54 
109 -79 -115 
-4 18 -135 
-11 -109 -13 
-19 63 35 
-6 -125 83 
123 105 -136 
81 12 43 
-103 14 145 
32 83 -76 
-130 87 147 
121 -138 59 
-27 2 30 
-51 84 -101 
83 127 60 
73 75 -93 
144 -118 60 
61 -87 83 
-92 46 -22 
54 -12 144 
-41 69 -40 
116 -13 10 
-102 19 -142 
81 -108 -115 
-118 9 35 
-14 26 -24 
11 -111 -19 
85 -69 -131 
-77 -71 59 
-133 -4 -111 
-24 48 78 
-47 68 150 
-20 107 146 
84 -51 -76 
26 -28 -90 
-8 61 -60 
22 6 -36 
67 54 -25 
-80 -127 -89 
-27 91 132 
46 19 -44 
10 34 101 
-105 13 -78 
99 -116 -54 
29 -119 88 
-79 113 1 
63 120 4 
-144 -7 -78 
100 52 -30 
78 34 49 
-131 -26 -70 
-7 44 -4 
11 -124 114 
-15 76 87 
-54 49 140 
55 -70 -46 
71 39 86 
-56 -41 42 
69 -63 -66 
85 32 37 
142 -139 -23 
-11 3 -150 
-23 22 127 
-123 72 -45 
-90 -62 -79 
-69 18 71 
120 144 1 
2 143 146 
46 -85 -82 
3 20 -29 
27 -23 38 
-110 -35 -46 
27 4 -134 
69 -138 -62 
58 -9 143 
92 2 -28 
126 -4 -60 
-17 -118 96 
80 25 -139 
28 132 48 
123 23 -28 
135 -29 47 
-63 1 -6 
1 111 80 
-148 -37 143 
93 -22 -28 
137 -93 -107 
42 -18 -114 
91 108 38 
-135 100 55 
140 -1 114 
1 -48 -10 
1 -58 126 
147 -69 36 
-80 135 6 
-9 31 81 
-44 15 -22 
-114 -74 93 
-90 44 -108 
145 1 -4 
-3 -97 32 
85 -39 78 
-24 60 -103 
10 -76 9 
-48 98 -24 
-28 52 -33 
-33 -114 98 
20 -47 138 
125 -37 79 
-39 -83 -131 
131 -43 37 
-10 34 137 
-3 -4 139 
17 -92 -56 
18 29 114 
-139 127 -79 
-41 -126 26 
-90 -136 -53 
-1 -64 -66 
-29 116 -62 
28 119 -7 
-127 89 44 
-86 -95 -124 
-145 45 57 
35 86 -31 
-2 -40 99 
87 93 25 
106 -78 -55 
-33 123 125 
121 -142 -120 
-136 44 47 
-134 27 -18 
65 -66 -110 
25 -108 17 
-149 38 -100 
76 -147 31 
87 81 8 
65 23 -54 
-141 -118 65 
-20 2 -144 
-39 -115 58 
8 -56 -68 
-37 -130 150 
-108 -26 -62 
-115 -110 39 
64 -134 12 
115 59 -90 
-104 132 -108 
72 37 76 
81 -139 -107 
1 131 60 
105 -97 -39 
45 -40 -36 
96 24 142 
34 -43 128 
77 -140 -38 
-53 98 77 
-49 31 133 
133 -85 -58 
76 -128 -108 
6 -9 77 
140 -116 -97 
-109 132 90 
53 -34 2 
3 -65 -22 
-67 96 -87 
-14 -46 -76 
-134 -143 145 
118 -42 104 
61 45 -50 
-42 97 -75 
-150 145 -113 
82 85 91 
-100 -146 44 
135 3 33 
23 95 79 
9 56 -75 
108 116 -64 
103 -1 -76 
111 4 -86 
-93 75 5 
5 -1 -17 
63 52 23 
-93 -71 117 
-8 13 81 
67 91 -1 
12 99 105 
126 12 21 
-10 148 41 
-26 -73 2 
69 30 -121 
-80 -134 55 
-37 -83 -3 
21 118 -148 
-81 -36 -139 
149 61 -32 
120 145 -80 
-20 95 28 
-73 -18 -93 
-84 -72 16 
54 -10 9 
-91 -17 -2 
-107 -6 18 
-96 -59 10 
10 82 36 
33 -120 -4 
-88 58 63 
-147 -14 -11 
-10 128 133 
-63 -89 52 
30 -4 25 
-70 5 84 
141 133 5 
13 90 104 
-104 -40 80 
123 -12 34 
36 98 87 
14 140 42 
-47 9 117 
-64 -60 -130 
-112 57 -13 
-124 28 -14 
-145 4 92 
28 114 -5 
-39 65 -38 
49 -14 -80 
-78 71 -145 
-30 -76 70 
120 149 58 
42 63 -53 
-139 128 4 
-11 -45 -107 
-101 -105 11 
117 149 -114 
-56 -90 -13 
85 -55 -23 
-1 -34 -6 
-110 -32 -50 
-30 82 -6 
66 92 -144 
-138 34 65 
69 -5 115 
-97 -54 -113 
134 22 -132 
63 -55 -130 
-59 -84 76 
-36 39 -73 
28 89 -56 
-26 72 34 
138 -17 -59 
30 -17 -63 
-8 -53 86 
77 91 -65 
-5 -24 97 
51 -78 -2 
-75 -92 20 
55 -103 -136 
102 -8 141 
89 51 -96 
45 -147 37 
-52 3 61 
-110 -56 -39 
-1 83 -62 
-88 -15 -27 
80 -56 41 
-100 -38 9 
-147 78 7 
64 -138 -15 
51 -31 8 
28 -95 8 
138 -40 71 
-104 40 -17 
75 -123 138 
41 47 -141 
73 -80 -145 
-20 -112 118 
2 -33 15 
1 114 -127 
50 -84 45 
-27 6 128 
141 -121 -110 
70 20 -55 
-16 99 -18 
43 45 44 
38 -91 14 
-55 127 21 
9 45 -30 
-22 -96 37 
83 144 131 
-144 -39 149 
-20 123 28 
-65 -7 -95 
73 -69 -21 
-23 -57 58 
8 135 -25 
126 66 150 
-129 71 1 
