66 -116 -9 
-10 150 26 
115 4 -116 
-57 28 -9 
38 67 39 
-88 -123 -84 
126 -27 -69 
114 119 4 
133 -92 -16 
79 134 150 
2 33 99 
68 -94 11 
-4 -72 -80 
-99 2 13 
-78 30 -19 
86 49 -9 
93 -44 120 
-4 75 -2 
-145 -21 92 
-136 111 125 
-117 -35 21 
127 -120 137 
9 -41 -84 
-81 -93 12 
-63 131 -21 
19 41 -96 
22 -93 90 
-10 -144 -57 
19 5 -148 
60 134 105 
-64 1 -139 
7 1 -35 
-87 21 -149 
149 87 -8 
21 128 -11 
15 -19 21 
3 -67 -144 
40 -47 -5 
-63 -144 -100 
-97 -90 -78 
117 -104 -144 
25 -42 -27 
-128 107 -68 
147 -103 -34 
100 49 -20 
-33 -17 -139 
95 -124 2 
16 -52 5 
48 -124 49 
-13 2 -99 
-109 41 -18 
-30 -50 27 
20 137 54 
-84 113 30 
136 129 -125 
42 65 82 
-66 -95 -75 
112 126 -25 
-35 48 26 
-94 14 -107 
122 25 -20 
48 -94 123 
-91 -80 -21 
-70 101 -35 
18 -126 -21 
146 -2 -22 
-108 2 28 
69 -139 -150 
-36 -6 -80 
9 89 -85 
4 48 45 
78 -105 12 
-136 -132 107 
7 83 -15 
-70 -23 5 
-112 -65 63 
64 1 24 
39 23 104 
86 59 1 
-107 -13 -104 
143 30 -137 
-11 -114 43 
-96 94 85 
51 -27 -67 
101 -28 87 
92 1 -2 
53 28 -4 
35 74 -58 
-9 -84 -26 
81 144 3 
-34 105 -1 
-16 -90 25 
-14 -94 -103 
-9 -4 20 
-112 124 106 
149 64 -86 
-148 6 111 
138 65 2 
48 101 -106 
-86 -88 72 
-136 -27 50 
-15 -34 -77 
6 125 23 
-56 -95 123 
57 -106 -46 
-7 -24 -125 
25 76 -36 
8 -41 -22 
-147 38 13 
100 -44 -2 
17 -30 137 
57 6 -37 
-64 126 -6 
141 -2 40 
-79 118 -28 
7 -127 34 
104 4 61 
-21 -119 -47 
-26 -120 13 
-4 139 33 
-54 -27 28 
-78 -23 50 
-31 13 -65 
102 134 127 
-63 39 -49 
61 30 55 
-50 -82 -84 
-38 -104 89 
127 -1 38 
-49 -13 -81 
3 -146 89 
-9 76 -12 
-18 63 144 
121 14 -36 
104 81 86 
63 54 -136 
46 -50 53 
39 -116 37 
16 -34 78 
-140 73 -116 
-8 53 126 
-101 -19 -47 
-90 71 1 
-75 7 -40 
78 88 36 
-27 41 -89 
54 -20 8 
-2 71 11 
77 19 86 
128 107 29 
110 22 -10 
-5 -32 -123 
-74 -122 -51 
104 131 -148 
-23 102 19 
-5 20 -19 
-16 -28 34 
53 116 149 
9 35 34 
60 58 -18 
-91 -109 -21 
-3 -4 131 
17 -53 64 
-22 -63 102 
32 -58 -23 
-23 -138 -45 
73 11 35 
25 88 150 
-89 -11 45 
-144 -52 -99 
-83 35 118 
-52 76 123 
-1 74 44 
43 -105 -45 
12 131 96 
-100 140 102 
-49 80 15 
98 134 -59 
-81 -92 3 
91 110 -10 
29 -94 97 
21 -104 38 
49 -44 55 
-111 -12 30 
44 47 -56 
-63 -34 19 
11 -34 -96 
-104 -128 16 
-106 113 -57 
-5 41 -69 
77 2 73 
-65 21 -127 
149 -3 67 
-111 34 -95 
-20 53 -1 
62 -85 -2 
-61 -13 115 
-144 26 -113 
42 -11 34 
51 117 144 
-67 -2 145 
121 -57 1 
71 123 -17 
101 -106 26 
3 -13 -44 
123 -23 51 
133 71 85 
28 43 101 
-91 14 -29 
21 101 -148 
-48 9 -143 
137 107 -2 
-55 130 -17 
42 54 129 
105 72 -25 
32 -86 41 
88 -24 -82 
-9 -46 113 
-50 -31 -43 
112 35 29 
-87 -140 115 
141 -2 -129 
-137 -111 28 
10 12 -46 
62 76 -117 
86 91 57 
73 -126 -131 
-34 135 -52 
-4 -23 118 
45 -38 -32 
-6 92 145 
83 -140 -136 
2 5 95 
105 33 -130 
53 -25 93 
-142 10 71 
111 16 136 
134 4 46 
-34 3 78 
30 128 -6 
-15 -93 -87 
-13 20 -64 
-66 -102 150 
-121 125 -3 
-51 111 131 
-32 -130 22 
25 -35 -65 
-62 -38 -55 
-147 -112 56 
-71 -132 94 
-10 139 -75 
110 84 -148 
-150 4 -112 
74 5 -58 
-124 136 -38 
42 79 57 
52 115 79 
86 6 3 
-73 69 72 
50 122 -145 
30 23 -7 
73 -45 115 
-86 145 -23 
-123 -95 27 
88 42 -111 
89 33 -27 
26 -25 -90 
10 -107 -55 
-28 138 -3 
-34 -67 127 
-31 -58 -21 
109 -79 -99 
-56 93 39 
-72 10 -1 
46 85 -83 
53 -136 1 
93 -71 -36 
81 -4 48 
-96 -33 -94 
-16 -37 36 
115 43 -8 
129 -140 147 
-49 -20 -149 
-149 99 -131 
142 -44 -11 
132 -100 -143 
39 -62 -28 
99 -140 -62 
63 3 120 
50 31 145 
-9 -29 146 
4 109 -68 
144 41 -54 
100 77 -142 
124 73 -77 
-133 112 -72 
-28 69 38 
35 -27 13 
53 -11 -54 
70 -105 29 
13 -6 58 
89 52 -13 
-133 -113 -90 
-102 -141 148 
20 101 -131 
120 -39 -143 
87 -26 23 
46 37 -123 
32 -20 -35 
-5 -131 32 
114 41 28 
13 35 32 
-134 -29 -63 
-9 -142 57 
103 -84 150 
105 -8 -17 
77 105 -141 
18 -119 -31 
24 -116 37 
-85 54 36 
83 115 80 
-63 -20 -73 
20 -117 50 
-52 -107 -102 
-124 103 -128 
73 22 129 
23 12 -113 
3 29 -62 
-39 -57 147 
133 36 129 
128 55 -9 
63 147 138 
52 -94 25 
-68 -145 10 
145 -50 -63 
5 -21 64 
120 -22 -36 
-40 16 -21 
-52 106 3 
54 2 28 
-146 150 148 
77 -82 13 
19 74 -36 
-10 -57 -103 
-56 2 74 
-136 31 89 
29 -15 108 
-109 -50 -33 
4 -71 64 
-2 -127 -104 
115 128 -125 
-11 -111 -73 
141 -33 36 
41 -92 43 
-107 123 44 
38 -89 15 
17 112 110 
-142 3 143 
55 -134 -1 
146 30 86 
-24 -48 37 
57 113 -60 
68 97 67 
-97 79 -43 
124 7 84 
67 71 -118 
-115 149 22 
122 5 21 
45 59 -8 
-40 88 -52 
-39 -138 -79 
-77 134 -76 
-11 125 133 
31 -44 4 
141 93 99 
83 31 146 
109 -2 -71 
120 -102 52 
-82 -9 3 
-110 127 -130 
-63 -69 32 
127 61 -64 
-138 7 -118 
47 50 121 
-55 -109 -21 
-5 133 83 
101 -97 -115 
-79 7 -117 
89 -72 -38 
13 -18 -108 
-45 7 -48 
107 58 -82 
-94 -92 -42 
-77 -111 79 
-112 114 -104 
-46 -142 138 
-52 -150 6 
-61 -140 145 
-75 -5 -87 
-41 -97 89 
56 22 10 
17 -55 -44 
18 -111 50 
12 97 8 
38 -21 41 
78 -2 53 
128 37 26 
86 -11 -2 
-3 -69 -121 
-82 -48 -121 
-30 82 150 
125 -42 70 
27 -13 49 
-99 -77 18 
-38 9 -63 
103 28 -44 
-125 -77 -117 
-14 130 -57 
-3 21 22 
102 97 -39 
66 -41 -19 
-135 -7 -31 
15 34 -16 
73 91 2 
99 -19 -49 
-129 -3 -41 
-88 -146 63 
49 146 -111 
-53 -8 36 
-64 -17 -88 
4 -138 81 
3 -2 -117 
-7 -51 41 
-58 -16 -13 
-76 -31 11 
148 -36 86 
129 51 -108 
-65 -72 22 
10 -82 76 
106 5 -134 
-103 12 141 
-8 -63 -21 
-46 33 -144 
-124 -63 125 
-127 91 41 
57 148 103 
56 -58 -9 
85 93 -14 
-29 -1 -28 
109 54 110 
-111 -10 -21 
1 89 -48 
-97 14 41 
-131 33 44 
79 87 -28 
11 -27 -19 
-27 28 48 
-56 -89 -68 
79 95 16 
149 22 -81 
13 99 71 
-45 135 -116 
-48 -93 -44 
130 -23 85 
43 6 -94 
-90 9 134 
135 65 84 
8 -71 132 
138 -27 -1 
57 19 -62 
-20 69 -139 
94 -9 -112 
-69 51 -57 
39 -17 -5 
-37 95 -65 
-103 118 -8 
-90 40 -29 
-14 35 -2 
3 -1 -113 
144 -38 -61 
72 -120 18 
31 -15 -105 
13 20 -111 
-19 63 -121 
28 8 -98 
53 149 -36 
27 -129 34 
-119 -130 68 
121 -127 27 
-53 36 -14 
-30 -49 -62 
-60 -122 -72 
94 110 50 
149 -129 93 
-48 45 143 
-10 -22 52 
46 -109 116 
62 116 -75 
16 56 -123 
150 34 53 
64 -74 31 
17 -138 68 
-95 13 92 
-9 41 11 
-116 -15 -55 
63 -7 58 
1 -45 -106 
-3 -127 47 
126 74 -78 
-129 -15 -131 
55 38 -147 
63 -121 145 
-25 -75 37 
-91 -120 64 
77 -97 15 
-109 35 -40 
3 112 10 
-55 8 135 
50 55 20 
-115 76 -95 
-23 -27 8 
1 50 127 
127 -70 33 
58 -12 -132 
63 -7 29 
