-72 -37 -17 
-68 16 141 
98 -14 -140 
118 136 -87 
19 60 53 
-91 32 81 
77 -115 -64 
45 146 -16 
138 148 -1 
81 -17 -46 
-67 59 -137 
-20 36 24 
74 47 -40 
8 60 22 
-16 62 -30 
61 149 72 
83 -65 61 
-106 -38 41 
-84 111 44 
114 -108 28 
-36 -94 -32 
-149 -15 122 
-17 -69 58 
-17 26 60 
-21 -25 129 
143 -65 -105 
40 -44 -134 
1 -20 74 
-39 -82 9 
-48 76 16 
143 -101 113 
147 -64 35 
144 -12 -49 
-145 95 -106 
-68 -140 -122 
-112 -41 -135 
-73 -118 1 
-125 148 -62 
116 3 -2 
-19 -28 -80 
-119 59 -45 
-81 -2 -68 
84 21 -102 
-25 -55 28 
-29 66 -56 
-75 141 40 
-112 -27 137 
-67 3 81 
7 -138 -75 
-1 31 -63 
-67 88 2 
-90 -123 140 
48 67 -90 
-49 -102 -65 
101 -53 1 
108 121 -36 
-89 -139 73 
-123 62 -109 
44 -83 -134 
52 -57 -2 
-38 8 -111 
29 -113 35 
-100 -104 -9 
105 -16 -55 
37 147 22 
-16 -84 1 
-99 63 -8 
44 -31 145 
-19 49 -7 
-35 -56 -117 
-107 45 82 
-39 16 47 
145 -127 -17 
147 -64 7 
-43 -143 -57 
66 -126 29 
50 117 99 
13 127 2 
-19 48 99 
-144 -132 42 
-25 63 39 
143 -93 -95 
59 -93 -51 
-102 26 62 
84 -20 39 
19 -114 -60 
-16 20 135 
-11 2 -91 
58 -36 14 
-8 124 -12 
118 -85 -98 
66 32 -106 
-44 60 35 
60 131 24 
27 11 -126 
-3 108 82 
-30 19 29 
8 -132 -24 
8 120 -86 
-45 21 59 
18 -19 97 
-28 133 -81 
-20 66 58 
143 -55 -22 
19 -68 148 
-120 37 81 
67 70 63 
-57 18 5 
-37 -101 115 
-77 19 -142 
14 67 34 
-66 138 102 
64 71 17 
-114 -145 -5 
138 -43 147 
8 -51 114 
54 127 -117 
-113 -69 96 
1 105 -97 
-45 -15 -105 
-74 -2 67 
31 136 146 
120 67 6 
-14 139 54 
118 107 2 
53 -52 -4 
141 -3 34 
97 12 141 
30 -57 21 
-1 110 137 
-24 133 -1 
19 34 -12 
-20 115 -67 
-53 -27 93 
-57 -29 32 
-139 -7 70 
-30 32 73 
-52 112 -36 
76 115 -72 
24 20 135 
-150 -69 94 
-127 -103 146 
-68 129 -4 
-131 -118 -55 
117 -12 45 
-115 96 -74 
-126 -90 47 
25 55 76 
-34 -130 121 
88 74 70 
-32 -1 -51 
12 144 49 
148 -55 -50 
-28 -90 52 
-58 21 -49 
-56 10 -97 
66 61 117 
117 -28 -34 
-2 52 -22 
-85 112 -96 
8 114 -22 
-10 -19 -85 
44 -132 110 
-80 46 4 
-111 -4 -30 
75 132 -142 
-1 -129 15 
-9 105 6 
-118 -6 -98 
21 78 126 
14 -75 -77 
13 26 -24 
51 83 -133 
103 -30 -13 
-6 -16 -111 
17 1 48 
-149 52 -18 
-131 61 -133 
56 -111 -53 
-78 -10 39 
-38 -106 62 
120 -97 58 
125 -136 -23 
19 1 -14 
60 24 -61 
-76 24 -29 
-73 66 94 
6 -52 -17 
-69 139 55 
126 -149 -43 
-18 -50 79 
83 -130 3 
59 86 85 
140 47 -12 
36 -68 -9 
66 -25 119 
-75 -125 -21 
-49 -22 9 
45 2 -25 
-30 -51 149 
-33 -127 101 
-146 19 -13 
-100 -101 98 
-21 150 -148 
70 5 131 
-119 -1 -58 
87 148 -89 
53 -26 100 
15 -133 -34 
14 132 -136 
65 -87 -14 
-3 26 35 
56 -81 19 
37 105 -46 
-100 -53 147 
-3 -1 -120 
-58 27 83 
76 -145 -48 
-71 -113 -33 
-131 43 -7 
32 122 130 
-77 46 -90 
-56 -34 78 
-14 -125 -134 
-79 78 -6 
150 45 -93 
-72 -144 -41 
-31 148 120 
-64 -73 71 
-114 43 21 
-82 -36 60 
5 -4 137 
-2 -57 18 
-25 38 -62 
-53 33 2 
-103 97 49 
-54 -22 -10 
93 89 76 
-110 -56 -96 
25 -71 127 
-5 31 126 
-20 113 75 
-142 2 27 
-19 75 132 
-37 -53 -59 
2 147 59 
140 10 127 
114 95 33 
39 93 60 
63 -145 -136 
106 -96 76 
-37 137 3 
50 59 120 
-39 -135 -99 
123 -74 -32 
-132 -30 85 
-53 -97 -38 
90 -10 9 
107 -2 -21 
-2 132 -148 
19 -9 6 
-144 109 147 
-75 133 26 
49 53 -72 
-87 -67 -27 
37 -128 -74 
90 -4 -3 
-16 -118 29 
106 83 103 
78 -119 -135 
-124 -111 -40 
-6 -73 57 
-143 11 86 
-44 -39 43 
-107 130 135 
-137 -134 75 
-21 -114 14 
50 -138 -78 
-28 41 44 
5 17 -75 
29 22 112 
136 -110 -76 
-24 -7 101 
-7 92 -128 
51 -11 -3 
16 14 126 
-54 121 -146 
-88 -130 47 
-8 -133 147 
9 16 104 
-14 61 -49 
-12 -19 5 
-104 65 57 
-21 -52 4 
62 -122 -45 
-75 -61 -79 
17 46 121 
11 -136 -128 
-5 -70 -78 
-100 23 -40 
79 41 95 
137 -43 128 
-2 72 29 
71 53 134 
-3 -9 -13 
-115 -94 89 
-15 88 -4 
-13 5 -138 
75 -74 90 
-135 -51 -99 
-132 -116 75 
-18 129 -132 
-76 -136 -6 
-24 -109 18 
62 -30 -1 
-1 2 3 
116 -74 -4 
-22 9 87 
-14 -44 -90 
115 18 57 
41 14 -129 
-94 52 -148 
1 -5 -32 
99 -1 10 
34 9 -47 
-80 145 -2 
2 117 59 
104 -97 9 
123 82 141 
-124 72 -121 
-60 -28 -52 
-9 98 6 
5 -48 -130 
109 19 70 
-39 87 -29 
-131 -23 -20 
42 -120 -23 
-58 14 -26 
103 69 41 
-47 -65 46 
46 110 45 
89 128 -22 
-116 -12 99 
-43 -12 136 
4 -6 -145 
-115 84 -74 
-5 18 -114 
141 -7 129 
-91 -62 29 
141 73 -105 
-3 86 -37 
-97 -92 86 
-76 124 66 
-98 -14 119 
140 87 125 
12 -64 -18 
33 117 -130 
7 74 2 
44 68 16 
44 -95 -51 
5 110 -12 
-64 -86 11 
-107 -147 131 
-91 14 -92 
119 -25 -112 
-26 -141 51 
-64 8 106 
59 -11 -54 
-112 -59 -58 
-4 -1 -17 
-9 -95 73 
-122 15 1 
-30 -10 130 
-102 -2 9 
86 7 -43 
-105 -47 -45 
-41 52 21 
-122 107 97 
-88 -39 24 
88 -51 -17 
147 -77 39 
124 117 -144 
105 -40 -8 
58 61 79 
-77 75 93 
57 94 -48 
43 9 71 
82 73 2 
-110 -42 83 
-18 -63 20 
-72 56 53 
-2 -8 -11 
-44 -17 -43 
13 -57 -19 
3 -33 -95 
-91 32 73 
47 96 146 
16 -76 -83 
118 38 1 
-112 2 -147 
-5 -7 89 
7 -19 -121 
87 -48 -1 
148 -5 -28 
56 68 71 
136 -39 29 
-90 61 -139 
-24 20 64 
27 78 -18 
145 15 90 
-4 46 -57 
-107 71 -22 
56 -141 -45 
-43 125 12 
52 42 -142 
10 126 78 
-42 -25 -29 
59 -28 -93 
67 -5 22 
-63 -127 -36 
-69 134 65 
-41 43 8 
13 93 -12 
-29 -1 -107 
31 12 -128 
-26 -21 -138 
-14 117 -65 
108 34 36 
36 3 9 
-71 -2 36 
20 8 95 
14 -89 -16 
36 19 -76 
135 46 -24 
38 -77 -66 
-113 -92 -111 
89 96 -56 
-2 52 -77 
137 111 -36 
-127 -1 -61 
52 71 29 
-10 47 -32 
-103 -9 124 
-130 134 -139 
1 -10 15 
60 42 119 
-34 130 -38 
22 21 -134 
-18 -3 -33 
47 -27 67 
56 -7 143 
-144 -100 -130 
103 -14 12 
44 77 -121 
-75 99 70 
-1 -24 -44 
72 -84 30 
-12 20 -38 
-27 6 31 
-136 -81 -12 
77 -9 12 
-21 50 -25 
98 -6 -54 
-13 -142 108 
-92 72 -123 
-4 136 131 
72 62 -108 
-60 -106 -5 
-110 -139 3 
-109 -75 40 
-127 -35 6 
-38 141 -107 
16 115 12 
-96 28 135 
93 -8 -106 
-41 -49 104 
-5 -107 -143 
-31 -62 -55 
-42 27 -22 
7 66 -103 
-103 -3 -26 
-113 -111 -102 
-75 -67 5 
137 -138 92 
11 132 98 
-131 -101 -14 
84 -76 -103 
27 43 138 
123 -127 -96 
-3 30 -20 
-117 19 149 
42 107 99 
63 -97 124 
15 -40 -9 
-16 -145 -14 
-101 -94 45 
144 106 -30 
109 -102 -65 
-59 36 -38 
-118 71 24 
-137 -1 -18 
-14 59 -88 
78 4 138 
93 31 3 
91 -129 -137 
-23 104 109 
-76 88 -111 
29 53 -65 
34 -4 7 
-11 -124 -7 
32 -45 -52 
-25 -121 -105 
-50 68 -59 
45 -83 -75 
-43 -72 5 
95 -77 -4 
-53 -24 8 
-144 -72 5 
-70 -28 4 
-108 -65 52 
126 -8 106 
-119 -36 86 
-97 132 -29 
34 -12 -47 
-11 49 55 
