-115 27 -57 
103 -50 26 
-9 19 -124 
-18 -114 -108 
-32 68 -18 
-146 -121 -76 
6 -127 133 
45 -94 64 
-93 -56 -1 
-104 -22 -10 
140 -66 103 
140 -1 -3 
44 109 113 
35 -24 65 
28 82 57 
109 -67 144 
-93 82 -72 
-12 89 18 
-59 -114 -54 
4 110 107 
-37 21 138 
21 57 61 
-43 -60 14 
16 -4 -32 
10 50 -45 
-57 -132 -6 
105 -57 91 
-19 74 -41 
35 45 137 
67 17 3 
27 -115 12 
-115 -24 3 
-79 116 -141 
66 -95 13 
-144 26 49 
-10 -26 -13 
-30 -67 31 
93 -11 50 
-147 -7 -95 
94 -16 -10 
-63 -137 -110 
138 63 130 
34 28 30 
32 -22 12 
-2 12 100 
-59 8 -65 
67 11 150 
29 54 -138 
39 -80 -94 
-145 102 105 
119 -108 -35 
41 88 -140 
141 21 -6 
85 68 -91 
-14 -18 130 
-73 127 7 
-84 19 -33 
142 -38 90 
34 -13 -8 
-40 -50 65 
-52 -82 -2 
-75 25 87 
-10 19 -9 
123 -127 -103 
16 20 2 
-123 41 -45 
-108 -51 111 
73 3 -120 
-96 42 127 
86 -113 71 
-68 -6 -18 
-97 -31 28 
-71 -105 -2 
-54 -3 -140 
25 -94 23 
-83 8 21 
103 53 -62 
-4 101 -14 
-129 -54 -61 
109 70 -92 
-70 -81 -121 
125 29 -26 
1 -54 85 
16 110 -101 
-77 81 -72 
1 -54 150 
-115 -43 -1 
55 89 -25 
55 3 -47 
-33 -76 -74 
2 -35 76 
-38 84 54 
111 57 88 
77 16 -5 
-52 90 -103 
-32 27 82 
1 65 30 
-71 -119 73 
14 -135 -120 
13 11 5 
104 -72 -142 
-3 74 33 
5 -46 109 
94 138 7 
-1 41 46 
-133 -97 73 
7 -58 73 
-26 91 -84 
-124 -4 -144 
-80 -79 -18 
-73 8 -93 
75 -7 34 
-106 73 141 
45 -141 23 
24 -12 6 
72 -23 -106 
-33 -93 134 
9 49 -121 
-103 29 -121 
5 -44 -69 
8 43 -92 
145 -5 26 
-92 9 -88 
5 -50 35 
-95 -17 -21 
-138 114 28 
57 18 80 
-46 -91 -14 
-51 97 11 
28 54 -105 
75 15 -59 
49 -19 -119 
28 -9 70 
-106 64 -96 
108 130 15 
-5 139 1 
-88 47 1 
-19 -91 -133 
-1 -10 -13 
83 -23 102 
28 -45 -123 
-103 -104 -77 
6 56 23 
120 53 139 
-8 59 -116 
-27 91 -18 
11 -5 -14 
65 -5 -70 
-79 -89 49 
101 -32 -138 
104 117 -115 
103 52 24 
-81 51 -20 
100 -133 -5 
-114 -95 -143 
-8 -114 -21 
-2 122 -134 
-42 122 3 
-147 78 -85 
-37 3 56 
131 12 -16 
119 -10 -121 
-53 -129 -102 
-146 -49 94 
109 -93 37 
-143 70 -138 
-21 -109 61 
39 74 -132 
-94 -70 -9 
42 -40 70 
-22 21 45 
32 1 103 
77 -19 -12 
-77 -11 55 
-39 -44 -42 
123 59 -51 
113 -81 21 
42 41 7 
-28 -83 98 
129 73 30 
-13 -19 39 
61 62 -29 
-5 15 -81 
99 27 7 
-81 31 80 
7 -124 46 
-120 -76 -66 
114 -134 67 
149 -48 -144 
-47 -38 -66 
89 -75 34 
-22 -61 55 
-15 -99 -92 
-51 32 -36 
-121 -118 12 
28 7 -18 
30 -133 -108 
-6 1 -60 
-62 100 -72 
54 -39 88 
-102 37 8 
78 65 15 
-64 -69 -32 
33 -4 -36 
24 -41 -78 
-72 16 140 
19 -75 51 
-27 132 -9 
-16 -101 -40 
-81 -74 -127 
9 66 138 
-3 22 61 
116 44 -17 
-138 4 31 
-128 -9 -1 
-73 55 94 
-116 23 4 
-112 91 -20 
57 -18 -1 
57 59 -21 
80 123 -40 
133 -21 100 
40 2 62 
-3 -100 4 
51 -146 -143 
-84 29 -143 
-89 -87 14 
-93 -3 126 
-7 -22 85 
-78 43 9 
24 63 -67 
130 -76 97 
147 -3 5 
84 -88 3 
142 -10 9 
-15 -38 -28 
-124 2 -47 
40 101 -91 
3 -70 33 
17 65 -74 
5 -9 -58 
75 140 -125 
-61 137 7 
-1 34 -47 
9 -86 -51 
139 -84 -45 
-70 -135 15 
-53 91 50 
93 -51 -33 
62 -50 90 
38 -121 -88 
-129 84 -93 
114 17 14 
42 -8 -140 
9 3 -52 
-11 68 4 
43 16 34 
-10 92 -108 
116 15 131 
86 -59 112 
-1 -106 -75 
-26 -14 45 
-70 37 2 
-61 -147 92 
-37 -86 35 
74 76 62 
102 87 -31 
-10 62 132 
-135 -39 -69 
146 -27 150 
-12 86 -64 
71 19 38 
56 -24 63 
51 29 100 
-122 -22 13 
-70 -69 -10 
-139 -53 11 
10 -73 -90 
41 67 -27 
-139 -88 -62 
-33 90 134 
-14 79 111 
-107 -11 10 
-58 7 -12 
-45 -20 -14 
138 7 62 
-94 16 99 
-11 -40 -37 
113 40 121 
105 -138 2 
-42 65 9 
1 -128 19 
69 39 -112 
19 -105 6 
11 -46 54 
44 -35 -28 
127 124 96 
-13 17 144 
125 1 3 
-11 -4 18 
6 -16 -148 
-11 43 -27 
13 -137 18 
90 17 -12 
-16 -49 -56 
-30 -22 -131 
-9 -116 -75 
102 106 2 
-136 -88 8 
12 7 -54 
70 26 37 
-137 -98 -4 
-6 84 -34 
-26 -38 -24 
103 -97 1 
121 101 -18 
34 57 -10 
-40 -82 122 
-36 5 -60 
-79 -71 115 
117 -3 11 
71 11 -93 
135 99 36 
-20 136 -3 
71 -80 -36 
-28 96 -118 
-6 -34 60 
62 5 144 
137 -54 -58 
-20 22 5 
-84 24 -53 
-88 -25 96 
48 16 -14 
-17 -31 -6 
-46 -7 24 
-88 -108 -1 
128 82 115 
130 100 78 
-62 4 -15 
118 -2 74 
-117 66 113 
-58 -29 4 
-126 -77 64 
92 -26 -125 
67 -80 70 
-37 -134 -60 
-54 12 -91 
18 149 34 
-142 -7 -40 
-64 35 -122 
96 33 133 
128 -59 70 
-20 46 83 
-39 120 -89 
-35 -84 -45 
-40 -60 35 
48 146 -106 
-126 -59 81 
-26 37 -66 
103 -7 99 
-71 118 -18 
-86 -52 71 
-40 -132 4 
-94 -100 139 
141 100 -117 
-6 -44 -114 
146 -85 -127 
-101 -53 -17 
-13 -40 -103 
39 -6 124 
107 139 120 
1 -122 127 
43 -53 83 
73 3 -38 
-147 95 -128 
-18 132 -6 
86 -10 -134 
125 -11 -76 
-60 -31 -22 
-4 -115 105 
-30 -37 25 
76 99 -59 
71 -34 96 
-25 1 -42 
-140 -91 84 
-13 64 63 
-78 -32 -131 
4 30 128 
21 124 -120 
-150 71 -76 
-70 -137 -32 
-72 -28 -102 
-149 -134 5 
-112 -49 121 
65 -62 99 
43 46 -74 
-8 62 -145 
66 -59 44 
3 137 -69 
-110 -86 -30 
-48 19 -80 
128 -121 -48 
24 60 -41 
69 104 -41 
31 106 -47 
78 10 -136 
-79 -145 -63 
142 103 -65 
-113 5 -139 
37 -102 -93 
-66 53 116 
13 -68 -70 
-137 -134 23 
-67 -1 -119 
150 -30 -123 
-3 -113 5 
45 -62 113 
61 62 -66 
-47 66 -44 
105 -127 78 
-61 5 -10 
-143 -90 71 
-19 -124 -111 
7 24 57 
-69 -17 80 
88 -48 -16 
3 -113 -78 
114 -101 -22 
-118 -94 80 
-119 -90 122 
-8 -11 142 
-149 -67 137 
80 -46 31 
-21 31 89 
10 76 -27 
-74 -39 51 
23 -30 73 
-132 9 -114 
81 11 70 
121 -110 -68 
-37 85 1 
-54 -146 -40 
99 115 18 
-13 -10 6 
107 -28 5 
-55 -6 69 
-2 133 127 
90 131 86 
-68 -92 -32 
-149 -77 -12 
133 32 -92 
-102 -62 -127 
-60 78 -129 
130 5 -44 
53 37 -61 
-75 -132 -20 
-1 84 61 
18 -45 55 
145 -73 -39 
-37 -134 -92 
-11 -82 -52 
-1 -11 87 
-114 -56 116 
-14 -130 112 
138 -13 -15 
-67 54 -129 
-44 105 136 
23 53 9 
-2 -47 -72 
-46 -87 -1 
-123 71 37 
84 -60 -56 
-15 71 -107 
-16 -11 -22 
-49 -13 85 
-31 39 -14 
117 -106 -113 
-33 136 9 
104 -96 123 
-75 32 -66 
-63 -145 7 
55 142 3 
97 -40 112 
76 81 89 
43 42 -27 
-65 -101 1 
-91 -9 -16 
1 -124 107 
2 -55 -61 
-66 -2 -22 
-46 54 39 
118 -83 9 
2 -90 137 
132 103 -54 
120 -139 -66 
102 89 74 
59 -95 -108 
-128 70 -121 
-5 -105 61 
-115 140 -89 
-9 -19 -134 
-112 81 59 
75 98 6 
14 -12 -10 
-11 -53 91 
-48 108 -56 
123 -55 -24 
-125 146 -7 
-32 49 89 
20 33 -1 
-75 -61 -43 
-23 -96 -81 
36 3 -98 
41 -53 -52 
-28 4 -67 
135 -63 79 
-47 -8 19 
102 -41 -150 
40 128 23 
-140 -149 103 
45 18 6 
-82 -38 41 
15 119 -25 
107 54 -1 
146 -21 -128 
