78 117 17 
20 -136 150 
-72 -28 120 
-37 31 -98 
54 78 -84 
42 -53 38 
-87 53 142 
80 141 -139 
-93 -92 -54 
134 81 82 
-4 -103 19 
10 96 28 
7 -78 -29 
-92 -81 -8 
23 -143 -142 
-68 105 -53 
-49 -18 -55 
-148 103 -9 
51 -128 13 
26 103 -33 
51 -9 -82 
-18 -146 86 
22 -40 26 
-4 22 -104 
76 143 -101 
12 22 45 
-121 -45 14 
68 -34 118 
3 149 111 
123 28 52 
10 136 -44 
-8 -141 131 
6 75 -3 
-84 -133 16 
12 -45 -74 
2 -16 118 
-38 -22 -71 
7 -29 95 
60 103 -3 
44 -1 15 
-8 91 -31 
-62 -13 -40 
142 124 79 
-12 138 98 
136 -4 106 
36 -136 -89 
14 -9 96 
49 -25 125 
94 19 47 
-91 -6 -62 
-80 106 50 
-15 -120 118 
65 -125 -142 
4 -3 39 
-116 38 -120 
-48 -142 -141 
-24 112 -131 
13 -67 -34 
-61 -34 -31 
-4 80 -144 
-80 107 65 
16 -51 -117 
-93 -132 -12 
-91 17 124 
33 -64 55 
32 -37 -1 
26 44 149 
56 -137 -99 
-125 17 -48 
103 3 9 
29 -39 -73 
-43 -9 119 
31 -115 -71 
9 111 -16 
148 11 -122 
6 60 -27 
33 -18 -40 
37 -125 15 
49 -81 -2 
-140 13 26 
-14 -107 -21 
26 69 64 
11 -1 57 
91 73 148 
62 -59 -73 
-81 -75 -32 
141 -131 38 
-80 56 1 
-38 136 -81 
-28 24 21 
13 57 11 
81 -115 -86 
-95 127 -1 
24 71 134 
26 92 -106 
-147 -87 34 
-119 57 -105 
-149 62 -35 
-59 -75 29 
109 -123 -55 
49 -109 28 
-123 136 -1 
7 -115 85 
-11 -17 -24 
-72 -23 95 
-73 -42 -58 
19 25 -20 
26 -130 -5 
76 -112 66 
11 29 103 
-6 87 -29 
-37 100 -5 
-128 -117 -111 
35 21 114 
86 -41 -137 
33 62 70 
-71 -21 120 
9 -35 66 
-115 -38 39 
-67 17 101 
11 88 -124 
-75 19 -34 
-37 -133 -85 
69 20 -78 
-24 21 127 
104 114 47 
-9 -1 4 
-74 -130 60 
-123 -42 103 
102 -74 -60 
-87 20 45 
-144 -9 125 
63 139 -84 
-59 -145 29 
137 72 -76 
21 -92 30 
100 37 77 
-3 -2 -76 
-37 9 -8 
66 -7 108 
-13 -96 -41 
-137 24 -95 
20 -48 -136 
-94 -78 18 
-91 12 -28 
-9 2 20 
-44 -24 -61 
-71 -103 -2 
25 72 13 
5 -93 -52 
-77 24 45 
-25 -142 -50 
1 -45 -58 
100 -66 74 
62 28 -46 
-27 -16 -80 
-64 -49 133 
-42 -2 20 
-65 -64 -33 
-3 -1 -114 
57 -112 -84 
-27 100 113 
-119 115 7 
92 -135 97 
-76 -33 45 
25 21 -1 
92 11 57 
83 55 11 
52 76 -148 
2 -101 -25 
48 91 73 
-40 71 -43 
3 -67 -79 
41 -49 -101 
-102 63 -21 
-106 -64 104 
27 55 9 
110 27 -56 
-142 -38 135 
27 41 -149 
17 -92 141 
23 -135 -20 
60 -144 -7 
58 -87 78 
54 -5 103 
-38 -101 -99 
81 21 90 
-13 -132 44 
-64 -2 71 
-6 135 31 
127 5 132 
-41 29 34 
-82 29 63 
55 -62 95 
-134 46 -109 
135 -92 -65 
-22 143 114 
79 103 5 
6 -5 117 
12 120 110 
-17 42 8 
139 149 127 
65 -45 -5 
119 27 -26 
-12 -1 -117 
47 5 -94 
13 -124 77 
78 -148 -133 
83 134 -112 
7 -121 53 
67 15 93 
56 -138 130 
70 17 30 
145 -109 -100 
-30 52 -33 
-134 128 -68 
-112 -20 68 
-21 -147 -24 
-150 -79 71 
-68 -15 3 
138 -8 -102 
36 17 86 
107 78 65 
-3 121 150 
-66 -60 -126 
-67 -26 82 
-111 123 30 
20 -99 -93 
19 -58 -3 
-57 142 83 
81 47 -48 
-107 99 -57 
-9 34 81 
104 10 -118 
19 -147 64 
95 29 -133 
124 -33 -16 
-80 29 -43 
-77 -80 -6 
41 125 -77 
3 49 36 
-12 28 -87 
-130 -88 41 
12 4 -7 
-12 73 19 
33 28 -63 
24 31 137 
67 2 131 
-2 129 -10 
-14 111 -35 
145 -9 -17 
-83 97 -10 
-71 110 -1 
26 41 -87 
30 -24 -76 
5 -68 58 
-81 -52 -72 
-38 143 30 
111 -90 -120 
-9 -128 69 
-5 85 -56 
22 19 -93 
123 -102 -51 
30 -135 39 
64 67 -51 
-83 106 43 
-10 54 -29 
21 -11 97 
140 83 -14 
20 -3 -8 
-110 118 -136 
-84 47 30 
7 -83 147 
-50 7 30 
24 67 95 
10 -32 88 
147 63 -109 
115 -27 52 
42 2 -125 
58 117 136 
-139 72 -61 
35 134 16 
120 126 144 
-89 -125 -1 
-56 -8 -21 
-96 133 74 
100 -56 -103 
45 -82 -139 
-14 -36 10 
-121 134 6 
-51 10 128 
71 -57 -78 
89 -7 11 
3 53 20 
-99 49 102 
80 -50 -7 
108 -117 -26 
71 -1 -14 
-150 97 -63 
18 4 52 
113 -49 -14 
23 32 -124 
99 4 -48 
-84 -20 140 
52 29 16 
78 -12 -53 
-45 142 131 
-140 -91 2 
-125 58 -16 
55 -15 -149 
121 -52 -79 
146 21 25 
36 -109 79 
-7 -4 -54 
140 3 -2 
27 -78 8 
-51 -13 -25 
-101 -73 11 
78 61 58 
52 17 91 
97 -122 58 
-69 83 -84 
140 -66 -117 
94 112 48 
145 38 -46 
1 70 -74 
-110 130 53 
18 -114 -19 
-79 99 -26 
47 94 -63 
50 -115 12 
-50 106 -53 
-83 22 -85 
27 -4 -78 
139 -104 -23 
4 -94 29 
101 -51 -64 
-1 -65 61 
-8 -30 41 
29 -120 69 
-43 -74 -54 
16 70 63 
59 8 -53 
-22 -125 -38 
-104 41 33 
17 56 84 
-56 -9 -14 
-46 1 -20 
-125 -115 -69 
-17 147 125 
80 105 14 
-75 34 103 
-44 53 -123 
-74 106 -19 
31 -13 66 
58 92 -20 
47 -64 23 
-65 100 35 
-13 105 68 
-21 93 -56 
132 5 57 
-32 44 -77 
-141 50 46 
-95 -33 -80 
13 -21 -94 
38 -114 -131 
-134 -10 122 
85 -91 20 
-40 -14 138 
-6 2 13 
-133 35 -114 
-101 16 -22 
-8 -3 -106 
131 -27 80 
-139 -1 -57 
-117 -92 -56 
-102 -7 14 
-113 20 -65 
69 125 126 
-104 66 116 
-115 49 -40 
-67 -9 -74 
139 -148 122 
115 -110 91 
-94 -99 44 
-95 -120 -100 
59 65 113 
147 9 99 
-19 -146 83 
82 -58 -12 
-149 -54 141 
1 -125 13 
-58 146 70 
42 30 99 
26 40 76 
-94 9 93 
118 -68 -141 
-146 -115 -73 
27 -8 29 
20 9 -18 
1 29 -33 
-117 -10 4 
-23 69 -76 
-101 81 -82 
-39 -66 -120 
129 -111 -103 
-89 24 3 
-62 71 -138 
70 -20 22 
-119 -9 -26 
-67 75 99 
-88 42 -6 
-71 -22 2 
2 -35 36 
81 -31 86 
-45 32 102 
-66 -20 -10 
53 -121 48 
-2 -110 -89 
61 -92 138 
-38 72 -14 
55 -49 83 
-5 -80 -104 
34 127 99 
2 -99 -81 
68 -86 81 
-31 22 112 
51 97 74 
-84 -57 -121 
-7 -31 -141 
5 82 128 
121 79 17 
-13 -42 -4 
-45 104 -18 
2 -48 -128 
-60 49 -29 
3 1 9 
-62 -5 -1 
133 41 -17 
-111 89 59 
-114 -78 111 
34 -87 -18 
-52 -26 -3 
-4 -82 -42 
-78 -53 41 
-51 -14 -20 
-76 -4 57 
-81 -92 20 
48 107 -90 
148 -136 98 
127 -4 -55 
90 62 -117 
-106 -21 2 
140 131 61 
112 -47 -148 
-138 -150 -10 
73 39 -95 
87 -68 18 
103 -12 -50 
-2 -109 32 
-47 -43 66 
37 7 46 
4 -101 33 
-111 85 -8 
-56 7 136 
46 37 -135 
48 -23 7 
118 -3 8 
4 -3 -59 
-149 -103 12 
54 -31 -77 
21 -43 58 
-24 68 -85 
1 133 -11 
125 -96 -51 
-48 -88 140 
-111 -124 -28 
150 24 -61 
-94 -82 -59 
37 -147 -110 
79 -101 116 
66 105 94 
-32 3 -105 
1 145 -74 
9 -5 67 
47 61 -1 
108 -114 -29 
-147 9 -59 
7 109 42 
59 54 91 
134 -123 77 
119 -45 7 
42 -86 -89 
-130 -61 -51 
-50 -46 36 
-14 -17 -90 
32 9 44 
8 -85 -71 
16 56 2 
-93 -34 25 
117 -4 -139 
-147 40 4 
72 -102 -145 
2 -104 127 
-131 135 -43 
92 -78 -54 
-84 -20 66 
-13 50 105 
141 -76 -32 
-134 72 -68 
130 -1 -35 
116 28 138 
93 31 -56 
-62 -27 -34 
-112 65 15 
-145 60 98 
91 -120 -76 
-129 85 -125 
150 51 63 
48 -78 43 
-12 36 122 
139 78 -67 
88 -146 99 
1 134 -20 
-49 78 -98 
