40 72 123 
-87 3 -32 
136 37 66 
107 -133 75 
-90 -27 6 
39 -95 -57 
-125 21 56 
5 48 -87 
-1 110 16 
-10 -23 -62 
21 -11 -123 
-30 -61 -62 
-30 -7 17 
-34 -85 -64 
-10 -115 -130 
141 -72 8 
50 134 64 
-45 -5 12 
-51 -90 8 
-51 -91 2 
-95 -46 60 
3 51 -11 
-47 23 60 
119 77 -92 
-2 -147 67 
-138 66 -26 
-127 8 6 
-48 -150 3 
-6 107 -5 
104 72 41 
-43 103 -74 
33 -44 -47 
87 33 -89 
-69 -34 145 
117 -137 -118 
-115 -40 -36 
28 83 -132 
-141 5 6 
-121 -132 -3 
59 143 -64 
-132 -1 -22 
-67 23 72 
-91 -133 80 
-9 108 -3 
-20 -108 -69 
-12 -148 57 
-49 148 58 
2 -66 -63 
65 -58 -83 
102 4 -56 
-1 -131 122 
35 -97 -2 
121 -23 24 
-88 -72 -73 
83 87 -61 
-22 82 -35 
147 -70 -129 
17 102 39 
-58 -42 60 
63 43 -112 
150 148 126 
-48 -65 80 
-79 -35 6 
-12 -116 -148 
-26 17 129 
111 90 -3 
-136 -19 75 
-6 67 60 
65 -33 -87 
82 -103 -109 
5 91 13 
-68 142 -18 
83 31 44 
-6 53 -24 
-111 120 1 
129 3 8 
-6 1 -102 
-104 145 146 
-143 22 -23 
-97 31 40 
-32 -136 60 
-43 25 -18 
-97 -94 -40 
-100 -38 -6 
-1 -20 -38 
41 4 -36 
-82 35 73 
82 68 -72 
37 -140 109 
-29 -37 112 
-6 -140 -8 
89 -7 -17 
97 70 89 
1 113 57 
-120 75 14 
-81 -78 84 
4 113 62 
40 122 3 
-84 -106 -65 
-52 -50 -145 
61 148 143 
-141 -76 51 
-119 -117 67 
-88 6 25 
-46 49 -33 
-88 -79 -11 
92 -18 29 
8 7 104 
113 137 51 
-117 -127 120 
112 -37 -58 
63 -60 -28 
-123 -133 -46 
-84 -126 -47 
63 87 -71 
-128 108 44 
-94 109 -54 
71 -104 -54 
147 -105 -15 
136 71 -41 
76 -12 21 
-107 -71 -82 
-57 -122 15 
56 25 -54 
-131 21 -118 
-141 -1 74 
52 -98 54 
-67 80 -65 
110 60 69 
79 -25 -23 
-32 113 -54 
-1 -134 28 
53 135 -58 
-45 100 27 
70 -146 3 
-2 75 99 
146 -82 -44 
-26 -115 -51 
131 30 150 
-77 45 -44 
112 84 26 
19 6 48 
-122 -77 -16 
-117 -39 12 
-3 1 -78 
-134 -76 125 
-108 -37 4 
65 -60 123 
49 -3 -47 
-50 -10 -23 
-17 -136 -10 
112 -111 4 
78 -35 99 
-8 1 -47 
104 62 -56 
-72 -67 6 
15 126 83 
124 20 -131 
61 88 -131 
-46 70 53 
9 1 8 
142 -58 42 
-35 -71 130 
32 -60 -13 
-103 16 -65 
-86 -11 69 
128 24 -123 
5 88 17 
-35 -105 2 
120 -1 101 
-7 -83 -77 
138 -12 5 
97 18 -37 
129 -122 9 
-44 71 21 
96 -130 45 
-114 2 -95 
141 -48 66 
-41 -145 -4 
-137 21 89 
-22 -4 70 
-92 91 -150 
14 36 110 
147 30 -29 
-110 -77 -6 
45 -17 46 
-61 -46 21 
53 13 -78 
-1 131 -71 
37 128 -4 
-25 -26 131 
60 -2 102 
-88 -2 -76 
-21 -13 -10 
141 -33 -146 
-97 101 -46 
-4 20 55 
-144 65 -45 
-137 -23 -14 
114 75 -136 
14 150 -83 
143 -90 -40 
-136 -16 19 
70 129 -56 
-143 80 -66 
-34 -3 -70 
-76 -141 -51 
-48 15 -54 
65 20 11 
41 143 -98 
40 118 98 
-143 3 68 
-6 12 127 
82 -98 1 
39 -128 -100 
-37 -65 -29 
-97 -76 -73 
41 103 73 
-23 -102 -48 
91 39 77 
-30 -44 6 
-54 1 37 
-67 -103 143 
-132 150 3 
-121 -107 -109 
68 -8 38 
-118 -85 43 
94 106 9 
-34 -49 -98 
5 23 -115 
96 70 -73 
28 -31 -37 
-15 63 98 
-1 -18 -83 
-35 138 5 
80 -111 -83 
86 -132 -99 
-32 -94 124 
-13 125 -42 
-1 143 27 
-15 -26 -91 
57 145 -77 
33 90 4 
62 115 -117 
-1 11 34 
46 -2 -104 
80 -111 23 
-7 104 50 
67 19 -104 
-45 11 -59 
124 -77 89 
-37 -3 -8 
93 -20 -88 
-28 -30 77 
44 -86 34 
56 -45 -10 
34 16 64 
-110 -98 -67 
58 99 -88 
13 9 -42 
-102 -59 -90 
68 4 47 
11 91 56 
-49 17 2 
4 118 139 
-133 60 -55 
82 -14 7 
88 72 -19 
24 29 -7 
141 48 -101 
103 59 -8 
149 -61 4 
-73 -24 45 
81 133 59 
-26 139 -128 
15 105 38 
-109 -90 -3 
33 -1 44 
-120 -98 -75 
-1 83 -28 
-3 109 86 
-81 -9 -95 
46 -96 134 
-19 87 -136 
89 69 -14 
3 60 25 
-5 -50 -17 
119 -41 -125 
-149 -46 -143 
-127 60 59 
-28 5 57 
-5 -1 148 
113 19 66 
-27 -23 -49 
87 -105 -86 
-13 -6 5 
8 81 70 
101 149 74 
-124 -17 -109 
9 104 -126 
58 -103 142 
-11 136 134 
17 96 70 
-73 4 48 
137 -16 29 
85 -75 -87 
-132 -150 33 
65 -112 -14 
-35 -38 13 
-1 5 71 
82 14 -36 
-85 -128 10 
19 -75 37 
118 97 7 
-21 52 -4 
-38 -24 -50 
-28 -13 46 
24 98 -71 
98 -102 99 
-2 -5 -119 
139 71 136 
71 -4 -22 
-6 12 15 
124 -18 64 
18 87 -13 
7 114 15 
31 -128 -50 
-150 -32 34 
42 -54 43 
75 -144 56 
21 -139 55 
-99 6 83 
148 98 94 
110 -45 138 
147 -34 55 
-73 -88 -10 
-68 88 82 
102 15 -78 
-1 -109 -112 
73 -56 -142 
126 85 113 
100 22 -51 
-15 29 -98 
34 146 138 
125 31 150 
1 -72 -39 
-53 124 -9 
106 3 56 
35 -33 66 
57 20 -133 
83 -125 -109 
-53 13 67 
-52 35 46 
60 -61 27 
25 -68 95 
-21 -24 -78 
-149 98 -26 
34 -11 94 
-7 53 139 
146 -9 -130 
-58 -87 45 
-104 90 13 
-65 4 -110 
-56 92 29 
-13 -25 57 
-27 87 78 
-25 -26 46 
45 -13 -43 
-37 104 -132 
128 44 -6 
8 121 15 
-47 -73 -11 
135 74 -100 
-110 -14 112 
57 46 36 
90 -20 80 
-119 -38 30 
-52 110 -27 
-96 98 -36 
-119 -101 7 
-143 -48 85 
4 -33 40 
-14 -29 -4 
-54 42 92 
102 15 -40 
34 7 -32 
-75 52 -37 
123 -116 29 
94 64 100 
-23 15 49 
-114 -39 -66 
2 67 -27 
6 27 2 
137 -74 -144 
-22 -106 130 
-45 -65 113 
86 -94 -23 
-37 -29 92 
51 115 10 
-9 78 -24 
-55 -52 -53 
-131 -25 4 
91 70 -68 
-82 71 99 
-1 10 -120 
36 45 -86 
-65 -121 118 
40 6 -106 
107 70 -117 
116 -56 -36 
-59 -15 36 
117 -6 118 
-90 71 -150 
141 -109 -26 
-106 -119 102 
108 -117 32 
50 -106 -88 
-144 -87 8 
72 -63 -130 
51 -14 -131 
-17 -18 114 
-87 -21 -3 
3 -5 -21 
-134 -86 -33 
-105 -19 111 
1 71 4 
-2 30 64 
7 -39 90 
-64 147 42 
22 129 -35 
-21 -108 -122 
74 5 7 
-143 -4 102 
15 -111 53 
-48 31 -4 
-86 -10 -58 
44 96 120 
-81 6 65 
73 72 148 
64 -14 -60 
-129 139 85 
-28 90 59 
-88 52 144 
-100 -45 -48 
-61 123 77 
7 28 -91 
-14 54 67 
-110 142 -24 
30 109 -142 
22 -127 75 
138 3 -20 
-48 -118 18 
79 -26 -12 
-33 -5 -35 
15 -52 -111 
23 45 74 
12 39 17 
-86 -96 37 
101 -63 49 
-133 103 17 
-46 -1 -19 
-78 -23 -2 
-79 -107 99 
11 1 -7 
50 -131 -115 
78 17 -144 
45 72 41 
37 24 148 
-90 119 60 
63 -80 -77 
138 -12 -105 
4 -33 -125 
-141 -99 -98 
-39 58 -48 
-8 107 150 
-36 -144 -39 
-1 -73 104 
-57 127 117 
41 36 -110 
23 -117 -17 
113 -102 130 
130 114 -8 
37 88 103 
-79 90 29 
-8 6 90 
79 56 3 
-20 -60 -70 
112 1 -8 
-51 -138 11 
-67 107 97 
-110 32 -132 
-141 -94 -52 
121 -6 -32 
7 65 -88 
62 1 74 
14 50 95 
-9 52 -34 
25 -83 -125 
-34 -76 55 
-137 124 96 
-144 18 23 
108 -145 139 
-78 99 112 
-81 28 51 
121 -33 149 
71 -13 95 
-110 52 137 
124 -111 31 
13 -3 -52 
-69 17 -25 
79 -95 82 
131 -28 -75 
92 123 -1 
51 -46 20 
12 135 80 
16 -66 4 
111 -121 -61 
-2 -106 140 
45 -112 28 
-4 58 -110 
-19 112 -7 
-37 -39 114 
-144 -8 -139 
-57 -117 139 
123 81 -1 
