-63 46 -48 
-100 -83 -3 
41 -39 -12 
73 9 -49 
-90 43 94 
-66 23 14 
9 58 51 
-89 81 -42 
-26 -60 -87 
-5 -7 63 
-13 62 67 
21 99 -55 
-81 -26 -14 
45 -77 32 
15 -2 96 
-74 9 64 
-35 -1 7 
-23 75 -18 
29 16 90 
-4 -2 61 
17 -33 -61 
-7 10 -42 
-55 56 2 
28 20 31 
35 32 25 
-25 -86 55 
6 36 68 
-72 -28 92 
77 67 59 
70 -100 -5 
3 34 -19 
85 -25 -79 
100 -77 91 
-10 -32 28 
-82 5 -47 
-92 49 -23 
-56 40 1 
36 -21 -45 
-7 67 -9 
12 24 21 
-11 28 56 
-87 -27 -4 
-40 -66 83 
30 22 -95 
12 -22 70 
-4 5 -72 
-100 -73 -24 
-7 -98 -89 
-38 42 -44 
-78 3 23 
75 2 -17 
-3 96 -80 
-94 -5 -56 
-2 -7 33 
-37 47 -5 
-95 -55 76 
68 81 41 
41 74 -37 
-64 51 -3 
94 20 36 
-28 -23 -10 
1 14 -59 
-31 -37 69 
14 -100 -2 
26 -59 95 
-91 40 -42 
-1 70 78 
-52 -71 25 
88 62 33 
-50 -55 -49 
50 36 94 
93 -57 -91 
-75 2 3 
37 38 74 
63 19 -36 
-4 50 -34 
-18 37 11 
-70 -7 74 
12 -97 -39 
78 4 -81 
9 -22 49 
-11 58 21 
46 81 13 
22 58 -79 
-11 95 -47 
30 -36 59 
-19 26 -53 
-41 -13 -83 
-44 17 19 
-46 32 11 
48 -82 -77 
77 -48 51 
49 78 -54 
8 38 24 
-36 -61 80 
13 86 -44 
-68 10 -86 
-89 -44 -8 
24 -43 -67 
15 -58 -43 
-82 -42 -11 
-82 18 -75 
-89 1 55 
-82 42 -5 
31 -62 3 
63 -6 -21 
89 97 99 
6 -25 39 
-62 26 -88 
3 30 -23 
70 -54 74 
7 -18 -57 
28 97 -72 
84 67 -72 
88 52 98 
-51 -69 96 
-17 4 -51 
66 -16 -20 
18 94 16 
65 34 -97 
-3 -52 28 
-30 81 -3 
-22 -8 2 
-59 50 65 
33 -27 -53 
-43 -31 57 
-69 76 2 
24 5 71 
-13 18 15 
81 -30 4 
38 -29 24 
-7 -70 58 
-8 -88 -59 
55 27 92 
-19 -27 -47 
-27 44 65 
62 76 89 
16 -82 -10 
10 -81 73 
-69 -17 -77 
-96 78 -82 
-84 -20 45 
52 36 100 
-49 8 -86 
39 -29 56 
-43 33 -29 
4 -49 -73 
-41 -81 -37 
-77 -18 -41 
-61 -67 -75 
-54 7 33 
-26 60 100 
10 58 5 
-62 4 -63 
42 12 72 
27 -88 -34 
21 70 -65 
-61 64 6 
7 -56 -100 
-45 44 37 
29 -43 -78 
-13 -6 -9 
-40 100 4 
-40 -77 -31 
12 -25 32 
-78 99 64 
28 3 64 
-44 -2 35 
-14 32 -78 
-96 -87 -58 
8 66 77 
-48 -7 -24 
58 77 -73 
-4 68 30 
-13 34 -8 
12 -50 -81 
-78 96 97 
91 79 38 
-15 28 -30 
11 77 -72 
2 39 -10 
-4 67 95 
-68 -38 41 
24 46 -34 
-12 -4 -39 
-92 -6 -43 
-97 98 73 
-87 -8 41 
-1 -48 30 
98 -38 65 
-40 9 -60 
91 -50 71 
-24 30 9 
5 -35 18 
-58 100 75 
-96 -79 -2 
85 86 11 
26 55 50 
34 -70 -17 
-95 99 -35 
69 74 -20 
-37 63 35 
24 43 -41 
-5 -19 40 
-1 -53 -98 
-93 23 -8 
-86 -7 -77 
-81 -7 -33 
-4 35 10 
-31 -5 38 
5 35 42 
-15 38 2 
15 62 5 
20 -64 63 
86 68 -62 
-16 88 -12 
-100 7 -1 
-67 35 -26 
54 95 -98 
-35 -89 -25 
-95 25 -7 
94 97 23 
-57 -65 -93 
-51 49 71 
-20 -97 -64 
-28 58 -91 
-16 -56 41 
57 -72 -3 
-16 -60 -56 
52 -30 89 
-1 -3 38 
80 22 -19 
-27 -16 -29 
-43 -89 69 
-67 -83 -93 
-3 93 5 
7 66 84 
26 -44 -66 
95 -16 -7 
-48 -97 5 
-41 98 -81 
-62 84 -32 
-2 24 5 
6 -12 26 
17 -79 23 
-26 46 45 
35 72 99 
-6 80 -31 
48 -81 -32 
-71 -60 -58 
-10 -40 74 
-40 66 72 
96 -51 -85 
13 -27 91 
-47 -39 -26 
83 -65 -5 
-8 40 -39 
94 21 -73 
31 12 -59 
39 -71 27 
78 -33 -37 
-86 -25 1 
39 -48 -22 
42 -97 21 
-20 -71 61 
20 36 -15 
21 40 -97 
-17 -51 39 
-55 -87 38 
-80 -16 62 
50 -76 -19 
18 25 -5 
-45 18 -77 
8 72 -1 
-33 -61 1 
61 23 11 
-12 -1 -52 
-83 -54 7 
49 24 -5 
56 -13 -16 
80 -96 6 
4 66 -24 
-36 -70 -9 
47 -20 10 
29 -58 -73 
96 -89 46 
-98 -27 -29 
-78 -48 42 
56 45 -32 
-61 -8 20 
63 29 -26 
95 -64 -28 
46 89 76 
21 -76 -27 
2 92 9 
-15 54 -1 
54 -58 -6 
-13 71 -35 
-94 11 56 
-98 32 78 
