15 72 -71 
34 49 -1 
-68 -74 -8 
-64 15 65 
99 63 98 
97 53 -93 
84 62 -61 
-93 4 -77 
-88 20 65 
-23 -63 91 
-13 -72 -75 
-20 91 -72 
-11 -44 -69 
-48 30 -8 
-84 59 97 
-19 -48 -46 
25 31 -22 
78 -99 -39 
-15 -51 -77 
22 32 21 
-71 86 -9 
27 29 23 
17 52 11 
-67 -20 5 
63 99 18 
73 47 -33 
64 29 -82 
54 -57 41 
24 22 83 
51 -23 47 
-19 8 33 
93 90 -78 
-78 -23 38 
-98 25 -72 
18 83 97 
54 -84 -60 
67 73 -14 
56 -60 -96 
61 97 37 
94 -84 -45 
6 -5 8 
16 47 -57 
-15 -24 -29 
-59 -40 29 
-86 63 -70 
83 -16 6 
54 -90 -12 
-11 -33 55 
-10 25 -99 
1 86 34 
62 -11 -25 
-65 -19 -33 
14 33 -34 
-4 -6 -41 
-23 -9 85 
38 57 -88 
92 -55 -40 
86 55 12 
-31 -17 10 
42 -71 50 
-46 62 -43 
46 -54 43 
-69 90 37 
-7 60 2 
24 30 -40 
90 2 -76 
19 83 -2 
-40 -76 41 
-71 75 64 
49 -57 43 
13 1 43 
6 -26 67 
80 -16 -53 
-40 8 36 
53 -86 -4 
-100 40 -15 
-31 -47 32 
79 -19 43 
55 45 11 
87 -93 -63 
-7 17 81 
-61 -57 -47 
94 27 -6 
-35 3 2 
63 -65 12 
-97 70 15 
-39 -72 -40 
24 -54 80 
80 -38 -8 
13 -85 17 
45 -88 -39 
-12 36 -46 
83 -3 -6 
89 -74 -90 
74 97 -17 
3 85 -12 
-5 -98 -76 
89 77 27 
-63 -27 -66 
70 -16 -3 
35 61 -92 
81 39 -73 
-53 74 -11 
-37 83 -97 
-91 -15 52 
33 -43 86 
9 -12 -91 
79 49 -6 
-95 -74 -71 
-3 9 49 
84 -2 27 
-41 -20 -66 
96 -2 -24 
-45 -40 -65 
38 56 65 
-1 95 6 
-52 -9 -34 
-8 42 52 
81 68 -12 
9 -11 71 
-36 34 72 
3 -20 12 
-82 68 91 
24 -93 4 
65 16 -5 
-36 74 55 
-28 -17 -50 
92 -34 69 
10 99 5 
-56 59 77 
-93 -4 44 
35 -79 -6 
10 -19 82 
39 -61 89 
41 -18 -22 
42 56 32 
88 15 -8 
48 24 94 
78 -56 23 
-44 3 -97 
-83 90 72 
1 37 -80 
59 -63 68 
7 20 5 
45 -28 32 
-3 -89 35 
78 51 -85 
-50 -12 67 
87 100 50 
-17 16 -39 
-50 -97 1 
-44 63 46 
50 -83 -33 
58 31 -22 
-40 74 68 
92 3 -10 
70 -44 66 
-37 99 -27 
-28 -53 54 
-2 66 -17 
-48 -90 -52 
-16 -2 -59 
19 -39 13 
91 100 -62 
87 -35 -4 
91 -92 -13 
-13 -57 85 
-65 -20 10 
-19 -61 60 
51 -12 -15 
-88 100 7 
-3 95 13 
77 57 -92 
82 -2 31 
-60 -32 88 
-12 -29 -95 
44 -26 69 
-66 98 90 
-83 -79 -51 
-22 58 87 
17 -25 -63 
10 43 24 
-60 51 -96 
-9 -45 -36 
76 8 75 
22 -25 -29 
-15 -22 88 
-64 72 90 
-26 -72 -20 
-71 -11 -53 
93 -43 74 
-70 -35 9 
-79 -19 -1 
40 11 -71 
59 94 25 
61 -52 -76 
-13 -18 22 
88 1 73 
-85 -91 -58 
67 46 97 
88 30 46 
33 -42 -24 
-12 -71 45 
-67 -91 11 
38 9 -53 
100 -71 -92 
7 97 20 
21 -18 -30 
-93 -1 -9 
-46 -36 41 
-35 21 -93 
-32 -21 -17 
-4 31 99 
62 -76 -41 
91 26 36 
-6 -10 73 
11 -96 -47 
-33 60 -74 
-90 -72 -20 
-26 74 45 
47 17 28 
-18 -99 66 
-48 -71 -4 
61 81 -98 
85 87 -44 
2 -38 7 
48 -53 46 
11 -53 -50 
-95 97 -19 
76 -31 -5 
-55 -99 -3 
11 2 57 
20 32 -74 
-99 32 58 
30 14 -43 
81 11 -61 
95 -100 -80 
-81 97 75 
-49 -61 40 
18 -22 -62 
-93 -7 -2 
17 96 -69 
-30 -70 97 
8 86 -4 
36 -80 -18 
-19 -29 -44 
-68 -88 42 
83 -63 19 
83 -32 92 
42 74 -56 
-6 -4 -36 
56 23 -61 
78 25 -70 
41 38 -28 
-15 -63 -90 
89 -50 4 
-74 17 -3 
-56 -2 35 
-13 -12 76 
6 -83 11 
86 -9 26 
22 -91 -72 
-96 -17 -19 
-1 -30 14 
-3 16 5 
86 -53 41 
-54 20 -82 
-61 -59 30 
-92 -61 -40 
3 74 -85 
-20 34 66 
35 43 -32 
6 95 100 
72 -73 39 
29 95 92 
-62 76 -55 
-40 99 -52 
52 -99 28 
-8 -80 45 
-50 57 -88 
-40 17 66 
-1 -53 51 
-42 13 26 
-25 -64 -9 
-46 -31 22 
-1 -12 -22 
-98 -51 -62 
26 76 78 
-98 -8 37 
1 14 -100 
49 91 -9 
-58 -42 -2 
76 14 18 
-80 13 -7 
82 83 86 
-68 -82 21 
-74 -35 6 
-21 2 -57 
13 12 61 
-1 -30 -34 
