-20 -66 12 
37 -76 32 
-15 -11 2 
-70 33 48 
5 -24 -38 
59 78 86 
-55 37 -85 
-74 -28 37 
-58 -49 -67 
22 -60 78 
22 92 88 
24 14 -40 
30 49 -55 
79 4 -80 
-9 100 22 
79 81 4 
-43 23 -8 
-28 36 63 
32 -55 37 
86 -22 -51 
48 -80 -9 
6 13 45 
-29 -40 80 
28 74 -30 
-16 -91 1 
40 42 8 
75 60 -30 
-65 -45 78 
-59 -97 -91 
-76 60 4 
-24 38 62 
-94 71 32 
-47 42 1 
-91 -19 -26 
-32 -58 41 
-77 -58 6 
78 -32 43 
-74 -65 17 
-57 9 25 
49 54 -1 
-56 70 -50 
-72 2 79 
65 -18 10 
82 15 -97 
68 58 -70 
-84 55 -2 
100 -30 88 
-42 14 68 
-52 -45 97 
-74 94 -55 
-95 1 13 
6 -39 -96 
-13 -11 92 
-47 -9 21 
-89 -32 -44 
47 -40 48 
75 -72 -1 
25 22 97 
-45 -11 -58 
-58 83 21 
34 56 -73 
-86 9 63 
-17 -65 -57 
-28 98 -2 
-19 -75 2 
10 -28 -5 
-18 16 -86 
-100 -68 66 
84 -52 71 
-18 37 -66 
-61 4 37 
23 51 -94 
1 -75 -12 
33 99 47 
47 48 1 
62 6 60 
-49 -51 -19 
-73 -10 -79 
61 39 -22 
72 96 24 
-13 -78 -48 
-93 62 44 
75 71 -23 
20 31 19 
5 -92 -90 
-2 -78 85 
77 -27 73 
17 -8 -60 
21 -12 -67 
-4 93 48 
2 -99 5 
-1 37 71 
3 28 54 
74 40 23 
-62 -14 -64 
-44 -9 -4 
-22 65 1 
-72 59 97 
-63 -65 -56 
38 -42 -67 
-40 -36 78 
84 -62 -60 
-78 5 51 
69 -42 24 
-74 -92 -22 
-14 -96 26 
40 58 30 
44 6 -30 
32 89 87 
-86 -99 15 
-18 89 78 
46 -56 -20 
27 -41 -22 
9 52 94 
-29 72 91 
87 -47 86 
-6 -57 81 
-48 95 -2 
27 6 -87 
32 43 6 
-81 -18 84 
23 -25 11 
-23 73 4 
27 -8 3 
-1 -8 6 
-64 -21 46 
-89 67 16 
-19 -53 10 
78 69 91 
2 -42 97 
21 17 32 
38 87 -1 
30 -47 -21 
-62 69 -5 
11 -13 70 
-40 88 -46 
-55 -66 69 
-15 82 51 
-53 -9 -26 
71 -90 22 
-16 29 33 
-33 -84 -65 
-57 -82 -41 
-57 -43 -14 
6 29 44 
-87 -5 -42 
2 -38 48 
55 -93 -8 
72 -47 -91 
-28 2 -1 
-73 -55 96 
33 23 93 
15 -51 28 
49 -41 -50 
54 66 11 
-100 -4 -45 
85 -92 -2 
-91 -80 -71 
-73 100 -29 
11 -43 90 
-40 73 -41 
-32 2 43 
95 -12 74 
-17 -1 13 
-10 20 -51 
6 -20 3 
98 -85 -12 
-97 8 16 
-26 -97 -36 
96 45 29 
51 33 -95 
23 -47 -6 
-87 12 34 
56 20 -74 
-58 61 18 
-55 -66 -24 
35 -31 23 
-88 -57 43 
-43 -72 -92 
-18 -12 46 
-96 -71 -77 
-3 -18 30 
-73 -2 91 
21 -62 65 
-59 -73 52 
49 83 -95 
63 38 99 
-36 64 66 
-74 -29 66 
48 -26 71 
1 64 28 
-23 -66 2 
100 -56 -20 
59 -26 -90 
31 43 -10 
97 40 70 
14 72 -3 
32 -83 -74 
-16 -75 -44 
47 -84 39 
71 -65 12 
-99 -37 8 
39 -50 -2 
-24 83 -43 
-96 -42 88 
-15 78 28 
97 71 -74 
-69 39 -49 
22 90 52 
24 -25 -58 
61 52 84 
-14 23 33 
1 18 71 
43 9 11 
88 61 65 
79 40 -21 
24 -38 -25 
-80 73 53 
-88 46 55 
-33 -93 -77 
32 95 -2 
-59 33 40 
23 63 -20 
78 -62 -94 
-35 26 -62 
-20 -8 -35 
92 91 4 
52 -27 92 
-89 35 -30 
-26 73 27 
56 53 -86 
67 59 -94 
81 -6 65 
66 -96 9 
-92 -27 3 
35 -4 -19 
97 -48 -71 
-39 2 5 
-88 77 14 
18 -11 17 
-48 -13 -66 
-41 24 87 
-3 -99 -78 
-48 53 -35 
79 40 80 
-62 -39 77 
100 -46 -30 
57 -53 50 
-6 -83 85 
89 -26 -88 
42 21 -28 
-77 35 61 
22 63 32 
53 24 19 
3 -84 -67 
-77 33 57 
-7 38 83 
43 77 60 
-99 -52 -90 
-55 -100 4 
-97 -9 94 
-43 -85 92 
-30 61 6 
67 54 5 
-19 -23 93 
-1 75 -57 
-3 -27 -49 
-64 -42 66 
-22 -53 9 
-60 64 27 
-42 -62 97 
-70 9 -75 
87 -25 -44 
-18 22 -21 
-100 79 33 
31 -37 -17 
-7 -100 70 
-66 30 -46 
-46 40 -92 
-96 88 -94 
-10 -14 -29 
-89 66 -52 
1 51 -73 
37 96 -34 
99 69 -94 
24 85 53 
-56 -23 51 
-23 58 -4 
28 90 -70 
-28 -68 -26 
12 38 25 
-41 28 -22 
-41 -90 78 
98 47 3 
-96 -8 -23 
-50 70 56 
82 97 32 
30 40 -10 
-53 63 40 
97 4 76 
