16 31 94 
4 54 83 
-16 86 -75 
-74 -81 -66 
-61 16 10 
86 81 91 
49 64 31 
-59 24 48 
44 -41 89 
-54 2 88 
-63 -51 73 
25 12 -46 
-7 52 -26 
-14 10 -35 
46 -44 -95 
-57 -59 -12 
-85 -64 14 
60 81 4 
64 -61 100 
-67 -24 47 
-13 -26 -85 
53 -97 86 
-6 -43 -11 
-94 43 -13 
52 -18 -29 
-71 59 22 
-62 -73 49 
-95 -12 -8 
-19 64 -79 
38 -59 15 
-36 -4 31 
19 20 37 
33 41 -39 
-92 -46 70 
-3 61 44 
-72 -83 -31 
13 -84 1 
-85 -13 -4 
-95 33 38 
75 -42 -84 
-20 -29 -34 
-71 49 -96 
19 -84 55 
89 -75 -15 
90 28 -69 
-32 -69 -9 
40 -15 61 
-56 24 -45 
21 91 7 
-17 82 36 
-10 -83 -47 
-90 -60 20 
-9 -3 -37 
-72 4 94 
1 46 76 
-94 39 93 
-71 32 -96 
21 -9 -65 
92 19 -41 
-68 7 -23 
4 -15 -75 
-15 62 76 
-14 61 64 
-12 -4 -39 
-72 92 -76 
56 44 -40 
-63 8 85 
31 -53 38 
46 -65 -52 
49 -92 -25 
50 28 -9 
-47 -11 7 
-21 -75 -96 
-50 -27 -66 
42 -44 35 
-57 52 100 
69 36 -58 
-53 -18 16 
95 33 5 
50 2 -9 
79 -60 -54 
-72 -48 65 
30 16 -19 
-21 28 69 
-54 27 -28 
30 -86 -69 
-73 -5 16 
10 -85 64 
46 -74 -97 
89 72 66 
69 21 -16 
30 -48 31 
-80 75 96 
-57 -98 45 
-12 -8 -13 
-7 55 -75 
29 40 -77 
-50 13 64 
85 -14 75 
52 -23 32 
72 -25 -65 
7 43 28 
-82 45 76 
14 -23 5 
-24 -60 -76 
20 -32 -99 
90 94 -24 
52 -2 -16 
10 -17 -96 
31 16 29 
96 -40 -55 
-21 -16 13 
44 40 -52 
66 -47 -87 
100 -31 16 
-15 4 7 
4 -1 -63 
-65 -31 -54 
84 89 67 
91 -27 -12 
43 80 2 
62 49 82 
95 46 65 
-72 24 2 
13 30 51 
-4 10 -35 
12 89 -4 
48 -29 65 
-82 -30 57 
-1 90 45 
19 56 -34 
-94 -97 -35 
96 -8 -38 
71 44 -27 
-95 -90 34 
84 -7 15 
2 -94 -90 
-56 31 -92 
-77 -13 -47 
-1 32 -64 
-99 -51 76 
-72 -31 -17 
42 -23 -68 
56 -61 72 
8 -32 -88 
-57 89 -93 
-25 65 -61 
92 -19 78 
69 26 17 
14 40 36 
7 -67 46 
73 22 88 
-55 63 2 
-83 13 7 
49 -12 -44 
-71 81 -40 
8 -29 5 
47 1 -54 
97 -60 -26 
99 -80 42 
-9 37 69 
-50 -93 76 
-63 -89 -82 
-28 -23 48 
-41 27 -77 
-27 -1 -56 
-70 100 -15 
-53 73 -3 
-4 -35 -10 
-47 29 98 
35 53 -83 
11 2 -43 
11 79 -50 
-92 -22 46 
-69 -59 -41 
48 3 -11 
-2 7 35 
-26 -30 -6 
-19 10 -38 
-12 -66 21 
11 -8 -5 
82 -7 23 
-5 -58 -92 
-9 -38 -1 
-71 -80 91 
-35 -36 -40 
33 -76 46 
-15 99 -65 
16 89 -76 
39 95 28 
45 5 -82 
86 87 -16 
-95 -84 14 
-11 100 83 
-72 93 -71 
-74 19 7 
-68 -42 4 
85 94 56 
-51 33 -1 
10 -16 -43 
-23 45 -99 
-2 83 73 
13 61 86 
81 -49 -50 
25 -52 -1 
-81 -99 -23 
74 25 -73 
20 33 -66 
30 60 84 
18 21 34 
50 -75 70 
28 1 -15 
68 61 -100 
42 -88 68 
-9 93 -11 
36 22 23 
-50 -33 30 
-7 37 -62 
-55 -64 2 
86 87 48 
-15 -26 91 
-89 -30 1 
23 -75 30 
-67 -5 -74 
-12 -35 -73 
33 87 -15 
28 27 20 
19 -32 -3 
-69 -23 82 
71 -48 3 
-70 58 -88 
62 -17 94 
-48 84 -80 
-20 -26 16 
-68 -31 -57 
17 31 -89 
-1 86 -60 
4 -10 -75 
28 -100 -37 
-88 80 -75 
-20 62 56 
14 -73 -55 
24 -26 -54 
-75 52 100 
-46 -78 -50 
9 91 -90 
-28 -14 37 
-89 -52 -27 
9 -2 -21 
30 -24 -16 
-50 -90 -77 
14 15 32 
36 6 17 
86 -28 -29 
75 -68 58 
1 64 48 
44 -27 -71 
1 -21 -20 
-49 -79 37 
21 -26 -86 
11 2 37 
-21 -74 -72 
-53 -46 67 
32 -93 -24 
86 -64 -34 
34 6 -68 
73 81 96 
3 -25 -87 
-5 -72 -20 
-17 -67 7 
-83 32 79 
-66 62 -17 
-31 -39 -5 
-58 -10 74 
37 -20 -45 
63 91 15 
53 -61 4 
-1 8 59 
51 41 -7 
79 -53 2 
29 73 77 
-9 -49 25 
34 40 -36 
55 -83 -74 
100 -15 35 
-71 -52 -10 
73 79 -2 
-5 -39 55 
49 -92 54 
-10 73 11 
-37 53 73 
-5 38 3 
-3 39 -38 
-29 20 48 
-93 56 97 
-45 59 -81 
77 -86 18 
-98 4 -85 
-42 3 38 
55 -66 -12 
