-72 -75 16 
9 32 95 
-34 70 -11 
67 77 -43 
12 -92 13 
23 54 -34 
-9 -53 -32 
22 -27 -16 
-52 -5 33 
-43 31 -4 
44 -43 -93 
-83 -24 -8 
-88 93 11 
66 41 -18 
-89 3 4 
-5 25 -53 
35 24 54 
-12 -73 26 
64 91 51 
17 -5 7 
63 -24 -33 
46 55 -92 
-16 99 -10 
-67 38 82 
40 67 -41 
-42 -57 -41 
-76 -31 -27 
-97 2 61 
-9 -95 -28 
65 -83 29 
-89 -35 7 
-81 -40 -26 
50 -100 -22 
-91 24 -51 
42 -29 -66 
-87 82 75 
-25 -83 66 
-100 4 -23 
-14 57 -60 
50 -4 -84 
25 44 46 
83 42 44 
-61 -82 -95 
-52 31 -36 
81 69 96 
68 81 2 
19 -49 -76 
-20 26 67 
-40 -98 -32 
49 -36 96 
-67 -97 -100 
-26 -6 37 
6 -89 -87 
-18 78 -27 
-15 39 54 
3 18 26 
84 -95 -36 
27 -26 -12 
-1 -2 -23 
52 -5 -37 
25 -58 76 
-57 -39 32 
58 84 -83 
78 10 20 
3 77 40 
64 99 66 
10 60 -22 
62 23 14 
8 -67 5 
99 10 -71 
21 98 -46 
81 75 -15 
71 7 -37 
-2 4 -90 
-74 -63 89 
23 98 99 
-38 -4 1 
-36 47 21 
-49 73 -89 
-10 -59 -44 
86 4 -21 
-53 68 51 
53 49 40 
-16 74 -35 
6 91 -87 
-70 48 -30 
11 6 -4 
1 49 -80 
69 -51 3 
-60 -3 35 
-26 -14 60 
89 23 72 
7 -50 4 
44 87 -72 
94 -88 -9 
-66 48 -73 
-55 -41 67 
72 -12 41 
-67 91 9 
-11 40 -12 
-42 -45 -63 
-40 -90 2 
-14 -27 84 
50 -10 65 
-96 -58 -11 
-6 52 24 
51 71 -27 
3 -31 -7 
25 -33 39 
14 -88 24 
-7 25 -44 
28 38 94 
-27 68 -19 
-25 8 -77 
-47 46 -87 
-34 45 11 
-44 -45 48 
78 85 38 
-5 -65 8 
-26 14 -63 
-56 -59 -83 
82 -79 -30 
-62 -77 72 
-61 6 -39 
12 -58 -8 
-2 -19 42 
-11 91 -98 
2 39 12 
-49 -88 29 
-13 45 -72 
-18 35 -86 
72 36 -24 
10 -68 45 
-70 14 68 
20 86 -97 
3 98 17 
19 42 98 
-64 -13 86 
62 18 20 
1 -33 42 
-48 -40 -76 
-29 48 2 
-93 46 6 
-68 30 -41 
35 11 -90 
-40 11 63 
6 76 86 
9 -99 67 
12 -63 39 
48 46 -66 
72 32 -15 
-24 56 -13 
56 28 -76 
64 -41 80 
65 -95 10 
19 -10 -49 
7 -65 12 
-83 67 20 
15 -82 -80 
-12 -82 74 
80 -67 76 
37 -14 50 
-43 29 25 
80 30 46 
-25 1 5 
23 -14 90 
-62 60 2 
-32 -10 -6 
-83 34 -85 
31 28 -80 
6 -2 40 
31 -66 -54 
55 3 -96 
76 7 -13 
83 70 20 
-8 -43 92 
-21 -90 12 
81 -80 -58 
22 54 -93 
-16 -29 -2 
59 -17 84 
-21 56 57 
70 100 -11 
99 49 96 
-90 23 -86 
-4 29 79 
-30 -17 -68 
-62 87 42 
-6 17 -69 
22 -61 41 
-46 -89 -100 
-51 47 57 
31 -25 53 
83 41 73 
-84 57 46 
31 -26 -87 
27 -8 14 
-67 73 93 
96 68 4 
-7 42 71 
-48 36 2 
-66 -13 -79 
9 93 17 
27 -43 52 
-45 -90 -26 
71 51 24 
87 29 79 
63 36 -92 
67 -35 15 
-34 7 -15 
9 43 -64 
-59 58 2 
62 23 27 
6 18 71 
-12 27 25 
-37 62 -87 
100 15 -54 
-31 -20 -15 
-23 80 65 
47 13 36 
-1 82 -94 
95 -87 -80 
12 6 2 
69 57 -88 
-11 -10 64 
72 -57 30 
55 -82 57 
-91 49 62 
-62 -35 -11 
32 -4 11 
-9 -60 -28 
92 29 -80 
-72 19 -7 
71 -28 -6 
49 38 39 
78 -11 43 
-67 -58 22 
69 47 51 
51 -67 -71 
-60 82 -10 
25 -6 16 
60 -64 -22 
15 -96 33 
57 25 71 
-30 -63 33 
-69 92 -8 
-30 -22 6 
33 -8 90 
-60 -65 -3 
-9 98 79 
-6 -50 -24 
44 -10 -7 
31 -34 91 
63 -89 -2 
-49 32 80 
-98 55 11 
-48 -85 14 
-9 -6 -15 
-52 -87 8 
87 -8 45 
-39 40 -59 
-13 25 -17 
-28 -66 81 
-62 36 -2 
49 -33 85 
-99 -1 -36 
-9 79 65 
-35 -7 -94 
-26 -16 -44 
-38 92 22 
-30 90 76 
-21 -89 -9 
77 -18 80 
-32 -100 -38 
12 2 -31 
82 3 -71 
97 -60 94 
47 42 -69 
82 -92 -46 
-29 2 60 
10 28 48 
-34 -51 -59 
-77 -18 -66 
6 75 -2 
99 -50 -62 
-10 60 19 
39 30 -31 
6 41 -76 
5 -74 -62 
25 -6 -98 
-68 -75 14 
-49 9 -16 
-73 90 -31 
72 36 -78 
-15 -66 -34 
-44 -34 -4 
-62 -41 84 
5 16 -42 
80 -99 79 
33 12 51 
