32 45 -27 
18 11 -6 
31 86 -78 
42 -33 -99 
-67 11 63 
4 30 13 
97 63 86 
-92 67 27 
75 2 89 
-45 -11 -86 
-45 87 70 
-6 94 17 
64 77 10 
-51 -34 52 
61 14 -4 
-30 18 37 
-50 -19 47 
96 -3 21 
1 -79 -6 
10 -97 51 
78 -79 -74 
57 -52 8 
-10 -5 50 
-54 1 -70 
-73 27 -32 
3 -82 77 
-1 8 -13 
-3 -8 12 
-26 -98 67 
-76 71 13 
-31 -11 60 
31 -12 16 
-5 65 -98 
46 -14 -1 
-64 -47 84 
29 -13 -69 
70 -11 -26 
-78 -76 -63 
-54 40 -14 
-12 14 29 
-77 52 -9 
-53 50 67 
-26 -74 -2 
43 -94 -79 
-26 73 3 
47 -79 14 
-9 80 -81 
-38 -35 75 
-69 18 -75 
-68 -14 90 
-17 -23 65 
-1 22 -24 
-29 -63 96 
-84 85 24 
-98 -58 -56 
25 14 -9 
-91 -2 7 
64 10 14 
99 75 -67 
-4 91 97 
-2 -18 -71 
-1 64 -25 
30 81 48 
97 60 -96 
18 -72 66 
28 40 -91 
-61 -71 31 
20 -99 4 
-27 -41 -68 
11 -68 4 
-99 -36 -30 
-91 5 -69 
-18 -15 29 
-16 -29 -27 
10 5 3 
-90 -93 -32 
-94 80 -5 
-23 21 -93 
-18 44 -68 
-20 -58 -91 
97 54 -85 
2 29 89 
50 67 -12 
-19 24 64 
70 56 43 
-68 9 -48 
8 -68 -15 
61 2 99 
16 84 23 
-16 98 -87 
-24 71 -45 
-94 -53 45 
38 4 -71 
74 -52 56 
89 -59 -80 
21 5 36 
52 -75 -31 
82 51 -77 
-11 23 36 
-71 -34 -13 
-17 -79 -53 
-65 100 -26 
3 -28 64 
43 -90 72 
98 79 51 
-73 -77 43 
-73 -72 69 
95 8 -43 
-79 -32 -29 
98 -77 10 
87 -88 6 
3 -71 11 
-30 -65 -13 
-63 -1 -26 
-87 -15 -48 
22 38 69 
-92 5 58 
-4 12 96 
-96 33 9 
36 1 87 
34 99 -42 
39 -100 -41 
12 22 -1 
-56 -3 -71 
-25 -13 64 
55 26 -84 
-7 -15 -80 
69 10 -55 
60 -100 -17 
-88 -42 2 
13 -4 19 
-88 43 1 
-27 66 -30 
-70 -55 -40 
24 2 56 
-25 -5 97 
-39 -78 93 
52 99 -84 
88 48 92 
-37 -72 -7 
-82 -83 -36 
-62 -50 -1 
-5 -22 -4 
-16 -7 -9 
-1 59 -83 
49 59 -39 
-25 -46 -23 
29 -15 57 
-50 10 34 
-49 -16 11 
9 -21 -83 
64 -100 55 
-28 38 -84 
6 23 91 
19 -26 57 
-32 9 29 
-34 67 80 
37 10 14 
16 39 -38 
67 79 10 
7 -57 -29 
26 -46 -92 
-65 -67 -27 
69 4 26 
68 -74 -67 
-52 40 -34 
32 -89 -94 
96 -44 94 
-88 58 -83 
86 -65 92 
50 -18 -16 
-86 -76 18 
-63 -39 -59 
-87 88 -18 
-29 17 54 
31 37 50 
-68 6 21 
85 -7 -71 
42 -47 -49 
35 -79 8 
14 -34 -43 
42 7 66 
-68 -14 56 
7 81 -34 
-10 -81 -6 
-31 -83 -51 
-86 -85 -6 
-30 -12 33 
-8 54 66 
91 100 44 
80 78 -29 
-34 33 -26 
99 -15 2 
-90 -57 -75 
71 92 75 
-23 -89 65 
-7 48 33 
72 59 4 
47 -78 -53 
-86 91 84 
62 20 -80 
64 75 -37 
-31 -22 99 
-23 -5 58 
34 -33 23 
-86 -31 -58 
24 -97 -64 
-6 -9 -14 
42 -32 89 
2 10 -86 
-67 -10 71 
64 74 23 
85 1 55 
86 50 -78 
-6 -29 -17 
23 -33 17 
-5 -66 43 
-7 -83 11 
66 -8 -82 
38 84 37 
87 -5 35 
-42 38 -1 
23 28 48 
-36 -82 -3 
-65 19 86 
50 -45 -65 
-99 12 -69 
-58 30 8 
53 -86 -34 
49 -69 27 
18 19 -22 
13 37 99 
-7 19 72 
-33 7 63 
11 -27 8 
-29 -21 -47 
67 -47 -8 
24 -80 84 
-23 -37 22 
40 -21 49 
-26 22 -14 
-58 56 -97 
-78 66 9 
6 -96 14 
-100 -10 -11 
76 -81 75 
15 67 42 
28 -92 -17 
44 -59 -40 
70 -61 25 
71 26 91 
-82 -17 83 
69 97 71 
-98 -64 83 
41 86 -42 
-8 98 -85 
-81 -8 28 
85 -43 56 
-80 63 -30 
6 -15 50 
-31 46 -40 
-11 56 -75 
8 -55 -1 
34 7 -36 
6 67 56 
18 -28 43 
-56 45 -89 
-30 -43 -85 
28 -17 91 
-23 31 68 
-93 -22 10 
75 58 10 
-72 -84 -16 
24 30 -46 
-27 15 -25 
-68 -37 16 
-94 -1 3 
53 -86 -29 
-95 42 -28 
15 -30 26 
6 -81 -7 
52 -5 77 
62 47 -94 
-21 -96 30 
-38 -15 -64 
26 -96 12 
-71 -78 1 
-84 62 -23 
-9 -10 17 
-9 4 -91 
-96 -12 17 
-24 85 27 
26 19 -21 
1 -43 -97 
38 57 11 
-13 -47 6 
-97 -71 -16 
-90 98 51 
20 -56 -48 
9 70 -4 
