-72 80 -76 
80 56 -69 
9 78 -43 
46 -52 -91 
-39 5 -23 
15 21 12 
33 -41 46 
-46 20 85 
-19 54 -14 
-15 9 -69 
-69 -70 59 
56 65 41 
-42 43 -20 
47 99 -29 
-58 -30 -97 
33 62 -27 
-1 -74 -48 
-1 85 80 
4 5 -64 
-92 -50 35 
-28 39 -35 
25 92 1 
83 90 62 
-79 31 35 
-30 60 -16 
-8 100 -95 
21 -29 1 
38 -69 -32 
66 7 13 
81 38 -46 
50 -42 -83 
4 14 54 
-11 -76 66 
1 -69 18 
-93 68 43 
-68 -2 88 
-34 85 65 
39 44 2 
4 -87 33 
-87 -95 75 
53 45 5 
86 -38 1 
-39 36 -98 
-10 29 34 
68 37 -97 
-65 2 79 
-33 -53 50 
85 59 21 
-37 -63 70 
24 62 -2 
26 -66 -55 
-70 -80 15 
45 73 -42 
-49 72 -23 
-57 98 50 
-3 -93 -14 
-52 28 -98 
54 -46 -8 
-75 -71 93 
84 -62 -36 
53 -93 -67 
47 51 -43 
-100 -24 45 
-59 -32 -60 
-12 -25 -80 
30 -57 93 
48 100 87 
-6 -75 -28 
39 -30 -87 
-57 -3 65 
-69 -39 9 
31 -83 -30 
-15 -64 -37 
-9 4 -95 
-81 49 82 
43 -13 -30 
-24 -9 6 
-75 66 -84 
14 66 37 
6 -29 99 
93 -18 29 
33 -69 43 
32 87 -42 
-28 -54 -15 
-34 -28 98 
98 -45 -21 
16 -33 59 
-28 23 8 
2 62 -41 
30 -2 -8 
-5 1 48 
-53 -64 -77 
-85 61 11 
96 87 -61 
-12 32 -52 
-74 -16 -34 
36 16 51 
20 73 -24 
59 -56 1 
-49 21 -88 
-21 -28 99 
87 65 -3 
-85 40 79 
-3 15 -67 
-16 -61 -86 
51 -56 38 
57 11 -70 
36 -53 72 
73 -63 -35 
-25 31 32 
-62 88 -48 
-49 -47 -14 
-91 74 -50 
10 88 -11 
64 -22 -69 
30 45 60 
30 -6 -68 
38 -9 99 
5 -66 21 
-77 -74 29 
89 -72 -15 
-19 42 -18 
50 33 4 
1 -35 -58 
23 99 86 
-50 -73 -24 
-7 -24 -94 
27 4 75 
33 88 -82 
90 5 27 
-1 -33 91 
62 95 7 
-39 27 42 
-5 -76 94 
-24 72 -84 
76 84 44 
31 30 52 
64 67 37 
50 97 -65 
-100 62 63 
-33 -72 96 
42 -13 20 
24 84 -29 
-33 -53 79 
11 22 1 
84 4 76 
4 -76 90 
32 -26 3 
-93 43 53 
74 -51 -70 
-72 -29 49 
-27 32 82 
-21 -4 25 
28 77 29 
59 24 30 
98 65 45 
23 -71 -50 
-68 -18 74 
-15 34 -60 
44 -30 55 
-34 51 -40 
1 57 -34 
64 -85 -83 
10 -35 -33 
-41 -20 42 
-13 53 46 
-65 -73 75 
-2 -12 -45 
-58 55 -49 
-52 5 -61 
84 -59 -24 
12 -99 -83 
19 36 71 
16 12 -56 
79 -2 -1 
-98 42 -32 
-1 66 -62 
84 47 2 
72 -60 43 
18 -25 52 
93 -43 14 
89 -4 61 
6 93 22 
-75 -87 88 
54 33 -27 
-26 72 -44 
90 -33 22 
-17 1 14 
76 13 28 
95 -7 58 
4 37 83 
42 -5 -81 
-46 -98 -12 
84 71 16 
97 69 100 
48 -35 10 
39 -11 -59 
-38 100 21 
12 47 -9 
54 70 27 
-38 -89 52 
19 33 -28 
1 13 73 
12 -98 89 
71 28 -34 
-5 -42 -1 
-78 17 37 
-2 5 38 
89 13 54 
-14 98 81 
55 44 -80 
-99 -96 73 
54 -55 28 
-70 86 90 
53 -82 30 
28 -62 -22 
-76 88 62 
-15 -82 65 
83 -24 41 
-13 -44 14 
74 -11 -25 
-40 5 24 
3 -81 49 
-54 -23 -26 
91 93 78 
-5 -43 92 
1 94 -67 
27 61 -71 
33 -28 56 
64 94 -92 
-11 19 14 
1 43 -8 
33 -12 -3 
-14 -17 -52 
-87 -29 -78 
48 94 54 
-45 35 -61 
31 37 -11 
-90 -94 -32 
-41 38 -43 
54 -61 7 
-78 -87 24 
52 31 -73 
96 98 50 
15 76 98 
22 4 99 
96 4 25 
-4 -1 27 
100 -77 -61 
-12 -48 -19 
-50 -15 55 
86 -9 74 
90 -57 -37 
-31 -10 7 
23 -3 -40 
65 -1 -6 
30 49 -91 
10 45 65 
50 -43 19 
-3 84 48 
81 29 -32 
-10 19 2 
24 -49 86 
61 -51 -2 
81 -32 -4 
-40 71 -23 
-100 -87 -19 
20 -16 -76 
2 88 16 
72 -15 -40 
-40 86 -49 
-82 -35 14 
-82 -80 2 
82 -59 24 
-63 74 35 
48 -92 -23 
-91 79 -33 
-8 87 -40 
-77 2 8 
33 -6 85 
44 -45 -8 
-38 12 -7 
-4 47 81 
-28 -51 -83 
30 -85 17 
2 20 32 
97 -21 5 
4 89 -91 
9 -3 100 
16 -6 -97 
-99 35 87 
6 75 50 
23 -52 35 
-62 -89 -51 
-20 -3 63 
85 -33 42 
-81 30 -94 
-27 -61 -68 
-2 78 67 
71 -67 -8 
