-31 -79 45 
-31 51 -4 
18 -66 39 
-56 57 3 
-83 -48 -82 
-8 19 48 
79 95 94 
1 85 -56 
-14 5 -13 
-27 -61 59 
-74 -53 -46 
-89 97 57 
-94 10 -95 
67 6 -3 
-34 50 -22 
-92 83 76 
70 -78 56 
90 33 -83 
46 -93 -12 
92 30 97 
1 -57 -26 
-74 -47 65 
9 89 -1 
-6 46 -81 
65 -38 -86 
31 -44 51 
16 -74 -19 
-23 42 1 
-93 -24 36 
-75 -65 -26 
-77 -91 14 
97 63 50 
-7 -40 87 
-11 74 88 
89 49 -46 
-10 23 -7 
-32 63 28 
-86 97 72 
23 -21 -19 
68 47 -50 
-21 -8 -33 
-95 -8 -56 
-17 -46 14 
72 -15 -16 
-71 -39 43 
57 -26 80 
29 19 13 
-3 -84 -42 
-95 -12 99 
-16 -94 -7 
34 -39 77 
23 48 10 
57 -36 -16 
95 8 46 
16 -3 -15 
-93 -32 87 
-52 13 6 
-86 -44 38 
-35 -55 26 
39 -89 31 
54 -49 -34 
3 38 -83 
55 40 -12 
94 97 -90 
-49 -28 -17 
-32 21 11 
-49 8 -5 
-8 -70 9 
-53 -83 -39 
-44 -90 -71 
-81 16 37 
64 84 -51 
-47 20 -74 
62 -28 20 
24 4 -95 
85 31 -53 
25 98 72 
-44 82 -45 
87 -64 63 
77 67 -86 
-35 53 -42 
24 -18 54 
-60 39 -86 
-76 1 9 
-69 77 -78 
-61 -72 -6 
34 -77 -40 
4 96 89 
-66 57 -94 
90 100 -71 
15 88 -65 
19 -53 5 
-82 -19 -24 
43 7 -47 
-35 8 86 
21 74 15 
-6 -44 -19 
-67 3 45 
41 4 -65 
-74 16 68 
21 25 60 
-25 -75 -95 
57 12 -99 
92 27 -82 
-31 28 65 
-69 22 -76 
-76 62 -3 
-25 -88 -39 
-3 -33 5 
38 -97 -18 
89 97 -96 
-65 -16 33 
64 9 -58 
33 -28 18 
24 11 -41 
5 -44 91 
-75 9 -73 
3 -18 100 
75 -83 81 
-54 -10 98 
-54 6 -29 
8 -96 -9 
-77 99 74 
-73 -69 -2 
20 91 -43 
67 80 59 
42 23 21 
78 26 -11 
-40 5 -7 
-76 -65 -74 
-90 32 -12 
-25 -90 -2 
24 5 4 
98 -72 -57 
85 -69 -66 
97 99 -13 
95 23 31 
-20 16 -4 
57 -25 90 
-50 69 -11 
-42 55 -6 
69 -70 -11 
-11 49 67 
-2 60 -14 
-70 -68 -56 
-64 -65 -4 
-85 -43 72 
60 57 -51 
-63 10 -2 
77 -94 35 
-58 -13 -51 
43 5 26 
18 -73 -10 
-71 -90 74 
6 -24 63 
29 65 -100 
-49 23 57 
7 -73 12 
9 73 -92 
28 -75 -83 
-71 51 23 
-3 -39 -96 
-25 92 58 
-34 98 -1 
83 -98 77 
5 54 7 
61 -17 37 
-37 21 -98 
80 3 -78 
63 46 62 
-17 -87 95 
-7 -96 -20 
17 -81 5 
27 50 -22 
9 -44 -56 
-14 -87 72 
-28 -19 7 
-4 -83 94 
-65 -86 -67 
61 -94 18 
83 88 -9 
88 -20 -59 
55 34 -62 
95 -2 9 
-23 -19 -98 
-52 74 12 
-50 -76 -74 
-97 -71 25 
13 18 -3 
16 76 -73 
-36 44 9 
-65 -80 -68 
86 -91 1 
32 -73 94 
54 98 -48 
74 -49 16 
2 -80 99 
-27 -81 60 
7 47 -56 
-31 -48 -92 
-66 37 43 
52 -84 -53 
-48 -22 69 
24 23 87 
73 -85 -4 
3 90 35 
19 -60 -5 
5 -1 -15 
-50 -21 -6 
-67 -37 -71 
8 -61 54 
60 -82 -94 
-57 60 -71 
22 -8 -23 
56 32 67 
59 -60 86 
10 96 -67 
-11 10 73 
64 95 -24 
61 -73 47 
-13 -22 -29 
-7 -43 -93 
23 -97 9 
67 100 57 
-34 -99 -29 
6 75 32 
31 -1 40 
-30 2 -47 
25 -37 95 
-2 1 -42 
17 5 48 
-64 61 31 
-37 15 -97 
-50 -37 -84 
66 -21 52 
-81 -1 23 
-59 -86 37 
-55 88 -12 
5 52 9 
7 33 12 
63 -66 64 
-48 -7 -68 
72 93 -81 
-50 88 -30 
-24 28 34 
-73 21 93 
-63 75 69 
64 -77 2 
-84 60 38 
39 -66 76 
-49 -61 -79 
-26 15 66 
21 -50 -16 
80 -25 50 
-69 32 -99 
90 5 82 
-77 52 -24 
9 -5 20 
-51 73 54 
-37 30 -69 
98 -52 14 
48 3 17 
44 15 59 
97 -31 16 
66 2 94 
-36 -59 -20 
-29 -30 26 
-3 37 56 
8 7 -61 
3 2 48 
10 14 -6 
42 -27 -7 
60 21 12 
-20 -41 -28 
88 -34 55 
25 -9 -31 
7 50 -36 
30 -61 -94 
25 -83 -29 
-52 -14 37 
-97 -72 44 
-31 58 13 
-94 27 30 
-24 -27 -65 
46 85 -33 
-21 -33 -1 
-86 -18 21 
3 42 -17 
-21 -34 68 
-19 -5 72 
69 -47 -3 
-6 42 -9 
21 -61 -6 
79 10 -30 
-69 92 -55 
-25 -23 11 
-86 95 -19 
-28 84 -11 
4 -23 24 
62 -60 -21 
