-64 69 -93 
-55 -57 -29 
18 69 -50 
-78 -4 12 
-71 39 -10 
-94 -80 32 
-61 -91 36 
80 -35 -34 
81 71 -20 
36 -32 -33 
-20 -35 -84 
-87 44 -76 
67 -10 -83 
-24 36 -54 
87 63 14 
-13 7 -3 
21 -28 51 
-83 21 9 
85 -62 -32 
65 42 4 
75 -7 57 
37 -36 99 
-24 -12 -29 
16 -47 -4 
-77 1 -94 
-53 30 -3 
31 98 -44 
-58 76 -18 
-33 74 -47 
-21 80 -95 
-26 63 60 
-83 21 -17 
67 -4 -62 
-72 64 80 
100 52 30 
14 2 -35 
-2 48 10 
7 18 -17 
-43 -41 46 
-70 -51 -53 
-75 -50 -81 
-38 -63 -95 
96 4 -85 
-18 15 -51 
-24 81 -27 
-46 -11 91 
8 -5 40 
84 -9 -7 
-1 95 -64 
38 -80 77 
-3 -26 43 
-83 55 22 
82 -85 -94 
34 95 17 
-89 -80 -74 
30 -78 29 
56 83 -100 
38 -69 93 
77 -67 20 
46 37 90 
34 -60 55 
7 5 -27 
-90 4 37 
-66 36 100 
-51 28 -25 
34 85 1 
-40 -27 -84 
-58 97 -68 
58 -38 89 
-28 -93 18 
14 -1 -94 
-45 -17 -21 
22 19 -60 
-5 39 71 
-92 74 -78 
-20 87 91 
32 75 -83 
-27 -50 7 
-15 -22 -8 
10 -66 80 
24 -26 -6 
-81 42 -7 
66 -4 -55 
-89 3 -87 
6 -75 -20 
67 34 -62 
96 61 80 
19 37 -29 
-6 -12 -84 
-12 -5 -55 
49 -6 -70 
43 -88 60 
-64 -63 70 
98 -60 67 
-21 2 -98 
-10 54 12 
-64 95 -97 
39 -69 9 
-2 -82 27 
-37 80 4 
-88 24 53 
81 -36 -29 
-40 -94 -84 
-2 -9 -47 
-38 -100 21 
-41 -53 -9 
-46 2 -4 
-20 -9 -17 
-88 72 -49 
1 75 -65 
82 -98 7 
-32 -27 94 
-96 67 22 
16 -88 -4 
-5 -95 -54 
-100 1 -90 
8 7 34 
4 -6 -25 
66 -35 -23 
-93 -83 -45 
-80 -61 6 
3 26 -35 
20 -38 -79 
-10 -40 -58 
91 -34 -24 
-68 -42 -56 
-90 -23 -74 
76 39 14 
46 -99 -87 
-72 -23 -99 
-43 22 80 
29 80 -48 
-43 54 -81 
8 82 -92 
-2 10 57 
-10 70 54 
-58 -57 -31 
-34 46 38 
9 -71 13 
37 -95 63 
65 97 99 
64 32 71 
12 2 72 
67 51 -9 
82 39 69 
-8 -28 46 
-15 -65 44 
82 -67 -85 
89 15 2 
-66 -62 97 
-6 -45 21 
-21 41 7 
75 22 7 
-25 -77 51 
39 83 -56 
-66 35 -51 
64 -14 24 
70 -67 34 
34 9 22 
-2 -9 87 
23 -37 94 
88 -55 23 
-24 -61 58 
-100 82 -41 
-88 72 -69 
91 -42 54 
92 -85 43 
-4 -42 38 
78 -18 -90 
-55 62 66 
-20 -57 2 
91 -15 3 
41 25 -6 
13 79 48 
74 28 -33 
-90 -49 -28 
7 93 6 
1 9 45 
85 13 -30 
-98 -80 7 
54 86 59 
96 43 -79 
87 93 8 
62 28 -49 
-58 99 -15 
-40 -24 -45 
98 41 73 
-91 -52 37 
59 73 22 
88 -36 27 
51 70 -71 
-73 92 58 
43 24 -56 
2 -13 1 
-11 -7 -22 
85 52 -6 
93 -98 34 
-18 -85 24 
99 -62 -40 
39 -84 -27 
45 -16 94 
-60 -85 84 
-39 16 40 
-40 6 100 
10 85 -54 
-6 86 88 
13 55 -87 
68 37 86 
-60 41 -50 
47 15 -30 
61 -53 -43 
-6 -53 36 
-81 -84 50 
-48 -13 -41 
-10 -4 96 
-72 -80 -57 
-79 -10 -76 
34 -22 2 
27 15 86 
59 -89 62 
98 -17 46 
28 -72 12 
24 -6 -86 
97 83 -93 
-12 58 11 
42 80 -27 
-95 -39 60 
97 -81 9 
28 53 54 
-88 -100 27 
-32 80 -12 
-71 96 -81 
-63 -59 10 
45 -89 1 
-66 60 86 
-91 41 -11 
9 -71 16 
44 -4 16 
37 93 51 
-89 -90 -4 
-20 -7 45 
44 -12 22 
-55 42 24 
-45 -20 36 
-29 61 -51 
-16 18 5 
98 -36 50 
-64 -56 -52 
100 21 -23 
-77 60 -38 
56 -17 74 
44 10 -77 
86 -84 -92 
43 22 -7 
-81 -48 -100 
-55 -25 -26 
-84 -28 -8 
-33 14 97 
-1 -59 -89 
52 44 -98 
-30 -23 7 
-99 -20 17 
-56 46 68 
-64 56 58 
-6 -61 88 
-3 54 -97 
-77 -38 18 
-64 -99 -18 
3 6 -71 
36 -42 82 
-34 28 -78 
4 -51 -45 
21 -11 42 
-86 -15 -82 
94 27 47 
-80 46 36 
-15 24 100 
-71 78 26 
-35 96 -94 
3 -73 79 
29 -7 34 
-19 -10 3 
37 61 26 
94 36 -61 
62 57 27 
79 41 -51 
-3 82 55 
61 -41 38 
-4 10 -85 
-100 52 31 
-48 -11 23 
53 -98 64 
36 32 -46 
-53 -54 -45 
98 -76 -28 
-70 41 51 
65 15 47 
-35 -84 53 
-59 2 96 
-35 -19 -23 
