31 26 -41 
-84 -18 -78 
18 56 -78 
-12 17 22 
-61 78 85 
-99 -53 -43 
-6 47 -49 
-5 9 -64 
90 -13 9 
69 -59 38 
32 80 -9 
56 3 -55 
-7 -28 -95 
49 30 94 
-40 -1 29 
-71 -84 34 
-6 -17 1 
-68 16 54 
-93 15 4 
-81 -4 -26 
-41 -19 98 
-76 -4 98 
68 -21 1 
32 -77 -27 
-13 12 11 
-74 4 27 
62 -33 -45 
-23 25 -48 
-19 -6 3 
71 41 -89 
57 55 31 
-54 2 11 
-55 62 3 
-4 -27 59 
53 64 98 
-30 83 -62 
-45 1 -30 
23 13 -15 
-32 69 59 
20 15 36 
-12 60 45 
-72 -96 5 
100 -1 16 
-44 -20 62 
85 79 -2 
-3 -6 -60 
60 -36 9 
69 -8 -54 
61 89 -40 
49 -86 -38 
26 19 69 
96 -41 7 
-50 45 -8 
-88 -22 54 
-6 -20 -44 
4 -49 29 
-6 -94 32 
-71 -59 74 
29 -10 27 
-48 9 18 
47 -77 -16 
54 -19 -62 
53 83 34 
19 -20 48 
-9 -13 -28 
-4 27 -13 
-43 1 -6 
-4 -8 12 
73 -65 58 
-17 -20 47 
4 -42 -91 
-8 9 -3 
53 -11 -4 
-5 4 9 
42 -37 -78 
81 21 54 
-56 -80 -18 
-18 71 55 
9 46 90 
-66 72 10 
87 1 -2 
-52 36 99 
-91 -90 21 
1 67 -94 
52 -36 90 
-32 44 54 
11 -61 -19 
-25 26 -85 
-97 -17 -52 
14 -76 -16 
20 -94 1 
-1 -60 27 
-49 12 53 
38 24 -86 
1 37 26 
1 61 49 
-14 55 -63 
69 -2 -63 
61 58 99 
-37 -38 -51 
-1 -37 -56 
25 -2 -88 
15 -87 1 
83 62 12 
75 5 43 
-29 16 12 
8 -89 -14 
43 17 45 
60 32 52 
-12 24 14 
6 74 -9 
-69 -13 42 
66 -53 -64 
-30 -81 -1 
66 -21 13 
94 55 6 
72 -22 -18 
-49 -2 66 
-99 -96 88 
-32 56 100 
-60 75 -53 
44 -37 2 
-19 13 15 
62 -40 35 
-86 -90 -4 
1 50 7 
81 -41 -42 
-15 -76 -48 
-63 67 -81 
-73 2 -65 
-36 60 -76 
1 6 94 
-36 -6 3 
77 55 67 
-95 30 -80 
37 5 -19 
-69 89 -49 
3 -93 -22 
53 -94 -12 
-86 -9 -24 
-11 -86 9 
44 72 -28 
57 22 99 
-86 -62 -85 
80 33 -94 
-92 49 90 
12 -63 -99 
-21 -87 22 
8 -15 9 
36 60 -70 
-15 8 43 
-40 -50 -36 
-12 -36 -23 
-97 71 -2 
84 -23 62 
-11 32 -78 
-71 -30 43 
-10 -49 -31 
50 100 36 
55 -38 98 
-23 -70 100 
15 56 70 
1 -69 -53 
12 60 62 
-36 -67 10 
-64 -4 97 
31 -34 35 
-89 76 39 
19 -76 -26 
-4 79 -54 
67 3 70 
34 -29 -14 
-14 -19 -29 
48 57 77 
-16 52 -64 
64 70 -68 
-19 -5 -82 
-21 4 28 
79 64 70 
85 69 -22 
-25 -79 -37 
-52 99 98 
-11 98 -83 
36 -8 -66 
-42 52 6 
29 -46 81 
-21 -27 -33 
-3 -4 -44 
3 72 66 
-72 63 31 
24 37 -79 
23 64 -36 
7 -27 -85 
-12 -8 -55 
89 84 41 
-52 -60 23 
-37 -58 -7 
29 4 77 
-43 -8 17 
-48 -94 -64 
-1 47 23 
68 -40 58 
88 72 -9 
81 97 -9 
56 20 -54 
-30 34 53 
11 -22 -32 
63 -18 -21 
65 -1 42 
18 53 -8 
83 -78 34 
61 29 12 
-93 -6 -8 
-9 -42 -82 
62 2 -15 
77 7 1 
-83 82 -76 
32 21 73 
88 -9 -11 
-64 -41 -11 
34 62 -25 
36 -61 3 
81 -75 41 
50 -47 -90 
-45 -26 -16 
-76 84 98 
89 97 47 
81 -3 -58 
-15 29 1 
94 -1 56 
-4 -13 -69 
49 17 -98 
29 52 27 
-5 -26 -1 
-56 -86 15 
69 -32 4 
54 -89 3 
25 -71 -44 
47 34 -4 
2 -67 26 
-32 -21 -33 
25 -45 -18 
-87 41 30 
-21 62 31 
-57 64 -14 
-4 -36 63 
44 -28 9 
60 -1 -9 
93 4 33 
21 -79 100 
-78 -75 12 
7 -70 23 
-26 8 56 
-85 18 24 
3 36 54 
-84 15 -49 
62 -17 -71 
-69 60 96 
-20 64 47 
-24 -5 71 
-54 -36 34 
23 60 -99 
-73 84 -66 
-47 -2 -25 
-30 55 -12 
-42 -33 -20 
-80 63 17 
-92 93 -18 
-38 96 -80 
86 23 -15 
-38 77 -45 
53 64 87 
84 -53 -67 
94 33 43 
28 -16 -95 
-58 17 -3 
13 -55 -40 
-91 -17 96 
52 -14 51 
34 -50 89 
42 -66 18 
51 3 -74 
-4 -82 76 
45 57 1 
-78 -24 7 
-13 58 22 
92 -50 -46 
3 8 -97 
66 -8 -38 
-22 39 56 
58 78 44 
3 84 -82 
-57 -70 -2 
75 -80 -63 
-61 40 10 
36 8 63 
16 -53 23 
7 -80 78 
-13 70 -65 
37 -25 67 
