-36 23 83 
3 -91 21 
10 -3 29 
-32 -71 73 
61 -10 -81 
63 -88 24 
67 4 58 
-58 -46 61 
-4 -24 30 
-18 -11 -79 
77 14 -49 
-66 -43 -72 
-44 40 -18 
44 -76 -30 
-45 5 19 
-15 -35 36 
20 62 36 
-18 -52 81 
-81 -59 8 
-25 -30 -10 
-95 49 -5 
-33 -54 -43 
-26 -20 -37 
57 16 -9 
2 -68 31 
33 -88 -25 
31 -5 73 
63 -40 -3 
46 -92 -43 
27 38 -39 
28 26 80 
-56 27 -38 
96 11 30 
-46 -97 -18 
85 54 -35 
38 -31 9 
11 37 -14 
-19 -2 -29 
37 41 -60 
53 50 -8 
-50 -8 -46 
52 -2 70 
18 72 37 
-11 61 -2 
84 83 -19 
19 -78 -29 
27 -63 43 
46 64 20 
-26 95 90 
9 -43 63 
38 28 -78 
100 -46 -79 
44 -1 83 
16 -72 26 
-48 24 21 
-36 2 -24 
-57 -68 49 
-17 61 -87 
-45 21 -3 
94 -68 60 
66 -70 76 
-33 -53 99 
-59 6 -69 
-29 9 -2 
-11 -69 42 
22 20 2 
-18 -28 -87 
-55 -41 -9 
-5 57 -19 
-32 -44 -60 
-19 10 62 
-97 -67 -26 
27 18 5 
43 2 50 
-10 -15 72 
-97 53 84 
87 65 99 
-85 54 57 
30 92 63 
-100 4 -45 
-11 -17 55 
-94 -56 7 
-16 48 -10 
84 63 6 
60 80 69 
-25 -47 58 
21 67 3 
16 -32 31 
-1 63 -40 
59 -3 -13 
33 -14 61 
87 -12 74 
38 -41 11 
-46 42 2 
-33 1 -72 
-63 19 -37 
90 -99 -95 
-99 41 -67 
94 76 -12 
44 76 -2 
-85 -58 -24 
-80 19 -14 
-28 -54 86 
-41 26 95 
-19 5 -11 
-25 93 27 
-65 45 16 
39 20 -4 
3 -13 -7 
48 -3 -19 
-29 -62 63 
2 -6 94 
-57 93 -25 
-14 54 -49 
43 -23 -40 
95 -69 28 
-83 79 -24 
-28 -53 -4 
4 63 -18 
-72 8 -4 
-10 -72 6 
63 40 -4 
-78 -28 34 
50 100 43 
54 38 -9 
69 -28 1 
52 -96 -40 
44 -60 34 
55 -43 -84 
23 52 -96 
30 -96 -4 
-88 17 -8 
27 -77 50 
10 7 21 
54 21 -63 
-1 -8 -42 
29 -20 -37 
19 34 -73 
-66 -83 65 
75 6 -11 
-59 74 18 
-10 36 -85 
-2 43 18 
-1 -65 -21 
67 -7 3 
71 -88 18 
-1 25 54 
-32 15 -86 
23 -21 -63 
-43 -53 -1 
-32 -2 44 
2 12 26 
-9 -2 79 
-67 9 57 
5 3 89 
94 8 -60 
10 -69 67 
3 -6 -92 
-18 -22 1 
46 -9 -30 
42 9 3 
-12 8 -85 
-63 55 81 
-69 -72 -89 
-79 32 49 
-37 72 25 
-5 55 -82 
2 -3 -91 
-78 67 -73 
-15 -50 -86 
85 -8 -73 
-80 37 71 
-60 46 -84 
26 -15 80 
92 55 -36 
-34 -27 -60 
-79 -19 22 
22 -67 7 
-73 28 -13 
-65 37 -42 
-1 -11 -62 
85 -6 -13 
-15 -9 -94 
-47 -14 65 
-82 -30 -63 
34 -28 -19 
1 29 15 
16 53 -45 
42 -37 90 
-49 52 61 
35 3 7 
19 89 43 
82 69 76 
-40 -36 -43 
-57 47 91 
91 16 -56 
14 35 37 
-90 -6 18 
-28 46 -66 
-35 -40 -12 
5 -36 -73 
-78 38 -12 
21 90 75 
-91 -54 -52 
25 47 -95 
79 -60 32 
-16 -27 2 
9 79 6 
30 9 69 
12 51 -62 
-1 -96 -55 
75 72 83 
23 68 7 
-47 5 -20 
-18 -100 -32 
65 -21 18 
38 -15 -88 
-11 -29 -24 
-13 -47 -75 
68 -73 20 
20 97 41 
-23 63 8 
61 -52 -19 
-83 -84 51 
-47 74 -8 
38 -17 -7 
-42 -4 86 
-71 2 90 
-9 44 41 
89 -8 61 
20 -44 -78 
39 28 -31 
34 -28 -46 
-51 -12 -10 
1 -55 4 
28 -13 31 
14 -35 8 
80 -71 9 
40 1 -12 
56 -14 8 
55 41 78 
-59 33 -5 
-2 70 75 
-22 10 46 
-28 54 94 
-29 -97 -24 
70 -71 88 
-1 33 48 
-72 -11 -44 
-88 -17 16 
-36 16 98 
-63 20 97 
65 74 73 
97 -17 -49 
-22 3 -87 
97 -28 34 
94 54 -95 
-47 45 20 
57 -1 -65 
-75 -35 59 
-70 -84 -82 
-89 74 4 
-29 18 19 
23 -70 -10 
-51 89 -18 
47 20 -28 
-30 35 -33 
9 -33 99 
23 -39 51 
1 63 44 
6 14 -77 
-51 78 -59 
23 -98 41 
30 18 27 
-10 82 87 
5 52 -41 
53 35 12 
-68 75 -3 
-4 53 94 
-15 85 -3 
4 -13 52 
13 -50 -7 
4 -26 79 
-83 -53 81 
-12 -99 19 
10 -21 8 
31 -34 -47 
-80 2 77 
25 14 17 
16 -48 -1 
44 -81 -55 
-48 14 80 
44 -7 -96 
-4 -83 84 
-32 11 -66 
-1 -50 -97 
-24 84 -88 
-4 39 -64 
-31 -6 27 
96 60 49 
