-45 -19 -48 
-68 38 8 
-95 80 -48 
47 -28 -31 
-21 100 98 
61 -25 -93 
-2 20 53 
-25 -83 23 
92 49 -13 
40 -49 -55 
90 -3 86 
69 -58 -47 
51 20 -82 
54 61 -32 
-53 32 -56 
-94 15 -12 
-26 -34 -7 
11 -23 27 
-81 -4 41 
80 71 -8 
34 -58 -11 
-25 -90 -10 
-66 38 -5 
-57 24 17 
-77 -20 44 
4 87 13 
44 -63 -68 
-27 24 -38 
62 -67 -3 
100 -71 -1 
14 92 -54 
19 -28 -14 
41 20 2 
-17 -9 22 
-2 -88 11 
-31 -21 11 
-91 -3 -94 
-61 86 -41 
31 -26 66 
36 -25 -3 
-26 91 -4 
-9 3 -90 
-68 -66 3 
90 -6 -3 
38 37 5 
-84 52 27 
97 19 -16 
96 -21 42 
87 -67 29 
-2 -57 -39 
91 -11 1 
-17 -34 -56 
1 52 -48 
-1 100 -77 
-29 2 -49 
-99 10 97 
56 41 20 
63 82 -58 
56 -100 34 
3 58 10 
-12 -6 -80 
-1 -4 2 
-13 -3 -37 
8 -3 -20 
-51 -58 14 
77 21 -5 
40 -10 11 
2 5 -19 
-11 24 87 
-4 13 100 
-25 67 5 
-93 -83 7 
-54 1 -16 
1 41 -11 
90 83 -94 
-22 99 -78 
88 30 1 
-29 -90 2 
-19 -100 -93 
7 -46 -25 
-40 1 -21 
13 99 89 
-1 4 -54 
-95 -83 -26 
-57 41 9 
82 -87 69 
69 -37 27 
61 -83 -42 
-1 43 14 
28 -75 -3 
7 27 -8 
23 -37 -6 
-43 1 77 
-22 -30 39 
-1 -7 -46 
-26 59 99 
-11 61 4 
-14 82 85 
24 71 56 
-66 13 18 
33 -54 -28 
72 70 27 
64 -86 -85 
-37 48 -6 
-74 -15 -33 
-59 36 100 
30 56 -9 
-97 -35 71 
54 -1 77 
67 -61 57 
-91 32 36 
69 12 -96 
-26 10 -17 
20 41 24 
-58 -6 -8 
-24 -49 -4 
39 -26 14 
-15 1 -83 
-3 56 83 
-24 9 -81 
27 4 52 
-44 25 66 
50 -18 84 
12 62 57 
44 41 -66 
93 -3 -18 
-3 60 58 
25 10 31 
43 76 -28 
-26 62 10 
-21 -13 -84 
-18 27 -13 
-96 -24 18 
2 -47 96 
-76 5 -39 
-15 50 -10 
-92 -29 -100 
-90 -35 22 
-47 8 21 
-42 -57 21 
-41 -68 63 
80 -58 -38 
14 53 -4 
-42 -4 -67 
-27 -23 56 
-78 37 -12 
-50 -95 75 
-24 -64 -83 
59 87 43 
92 1 87 
-45 -64 60 
-43 28 -78 
-30 4 86 
18 -65 15 
-75 -45 3 
81 -87 -44 
-36 -55 -37 
-24 -64 2 
26 -20 22 
-29 -88 17 
-77 -46 -4 
-52 17 65 
-53 70 -97 
45 -89 71 
-42 -71 -2 
-40 73 -35 
-5 86 -54 
15 56 22 
94 14 -89 
-16 -22 -5 
92 79 -19 
-7 46 -71 
25 -7 34 
92 14 9 
25 -50 -40 
1 -85 -27 
67 -56 -32 
26 21 98 
-10 -68 22 
-46 23 37 
-31 58 -5 
-49 -38 -97 
8 62 -44 
-45 -56 72 
-16 -75 17 
-65 -23 -64 
-7 3 69 
-48 -6 30 
71 -13 -53 
68 -3 17 
-3 9 78 
-30 34 -60 
73 -19 15 
78 -14 -32 
-86 66 -13 
-21 -75 -38 
60 26 -18 
-89 68 3 
-20 71 46 
-86 -17 64 
10 20 -43 
30 50 -21 
36 -16 -78 
-100 60 -64 
-85 59 48 
-12 -43 -64 
60 43 -7 
-82 44 -52 
-25 11 34 
42 -4 -59 
12 -3 -47 
93 6 56 
76 65 97 
-26 -85 13 
60 -3 35 
21 -35 -15 
-74 20 86 
5 100 45 
96 74 28 
31 28 7 
15 41 -20 
-74 -62 -9 
-18 -11 -87 
-98 67 -27 
28 20 -62 
35 -2 -14 
13 17 -6 
-7 -1 26 
-50 64 -45 
23 -53 52 
-72 90 41 
-6 -1 60 
-23 -24 -56 
92 26 47 
80 35 -15 
61 -49 -41 
-95 -94 32 
47 74 -72 
13 -75 -43 
-82 -19 4 
-1 -9 -16 
19 -45 -27 
-37 -44 -26 
98 -89 -26 
1 66 10 
76 84 51 
-16 11 -54 
86 8 -97 
11 1 -80 
44 56 -84 
-31 7 -28 
-29 -97 24 
91 31 -81 
-55 35 15 
-93 -56 -39 
6 -82 60 
76 12 -35 
35 -73 -47 
-52 51 78 
-7 28 15 
-81 33 5 
-6 42 -5 
-11 58 -70 
-67 -44 59 
81 70 -78 
-5 8 95 
-71 -77 40 
-43 -62 -16 
82 36 -3 
-74 -85 -5 
9 -96 -61 
9 35 46 
-35 11 -74 
43 -64 -18 
-51 -35 15 
59 -51 69 
-24 16 -14 
10 -34 4 
-88 -60 47 
-11 70 57 
-82 -46 90 
21 35 25 
52 -65 76 
-31 -70 12 
6 38 30 
-30 -62 -63 
67 -22 -71 
38 -70 -30 
-6 77 -33 
12 20 52 
-68 -1 16 
-45 11 54 
42 34 -2 
-16 -30 36 
11 -18 80 
91 -89 22 
-12 -36 27 
15 -44 77 
-6 10 64 
51 23 16 
