-16 46 -13 
147 -101 34 
125 -40 111 
131 34 100 
60 -139 2 
103 46 -37 
-113 109 -11 
-91 -53 -148 
-58 -23 -33 
-39 145 -3 
-93 -139 -117 
-29 -1 -144 
29 3 -113 
-17 -84 131 
30 -103 -41 
147 -148 67 
15 -146 62 
-2 98 -23 
94 14 -71 
-102 124 148 
-29 -135 21 
144 87 67 
-95 -27 -43 
-109 -82 -129 
-107 39 2 
-50 45 -140 
4 132 51 
-21 -84 -145 
-100 -87 -44 
65 -34 -124 
3 -16 -61 
21 -86 -26 
-24 -80 -144 
81 -115 89 
83 -69 63 
31 74 105 
-98 -83 -70 
-91 -76 -24 
-19 -26 -23 
-45 -4 -36 
140 -56 -97 
31 -141 87 
88 -37 148 
-23 -124 -43 
-32 145 84 
68 -13 22 
75 -109 34 
-8 -128 53 
-53 -147 15 
40 -134 -114 
-44 -1 -47 
-30 -31 54 
148 -13 149 
127 46 145 
14 30 87 
-111 -95 36 
94 -103 35 
97 -51 12 
-131 146 5 
-36 59 70 
60 126 39 
88 41 91 
-139 -90 35 
-39 -69 145 
-92 -23 1 
36 66 99 
-71 120 91 
111 91 143 
-50 56 4 
70 102 -38 
143 -13 29 
-54 -4 -112 
36 -98 -35 
-43 36 44 
-84 -14 61 
-81 5 4 
-55 109 -65 
48 130 120 
-140 -80 139 
-99 19 121 
-33 58 30 
20 17 9 
-75 -47 -140 
-58 71 15 
-108 -115 126 
43 -85 -49 
1 73 100 
-113 -70 29 
-92 23 -71 
-79 40 -48 
-137 -19 106 
33 -10 -95 
38 79 -125 
31 140 120 
-24 34 136 
-20 -77 -87 
74 -14 138 
60 -113 -16 
-2 -10 75 
2 -40 140 
-90 -70 -2 
-128 -24 7 
114 99 -141 
-138 -113 -32 
49 -13 -84 
-85 99 -60 
-15 -65 110 
68 66 117 
104 -40 23 
-105 68 -71 
-136 -19 -40 
59 55 93 
98 132 -139 
-10 -17 -138 
-52 17 -135 
-46 14 -27 
-35 -2 130 
-139 -122 10 
-103 11 -46 
27 -137 64 
86 128 -136 
-142 109 -136 
136 -91 -50 
38 -105 -43 
-40 23 -16 
5 137 56 
-59 115 -32 
-134 5 -43 
15 136 -36 
-53 144 -29 
1 -39 107 
-1 -139 58 
67 145 -122 
-66 -96 82 
2 114 91 
1 135 -17 
-81 128 18 
148 -96 -16 
80 -103 -141 
-59 -115 -124 
-7 -99 140 
-108 6 -53 
-72 -69 150 
99 -15 39 
42 -7 -60 
3 137 -115 
134 -123 57 
66 -17 33 
15 115 -39 
-120 -78 -86 
-56 -17 -75 
34 -7 -42 
81 -82 -107 
-24 98 95 
-67 -18 117 
-65 7 -29 
42 -30 -138 
139 91 137 
5 134 17 
-36 7 54 
142 48 -114 
112 -6 22 
-113 33 28 
-123 -3 42 
66 -140 -41 
143 -76 23 
-45 58 120 
-150 -22 -2 
116 -82 -18 
-118 -63 13 
16 -38 104 
-46 4 97 
-84 12 92 
-100 -84 -32 
-72 44 61 
-78 16 -26 
-2 -90 -27 
96 8 -14 
9 149 48 
-22 35 -112 
-30 119 -93 
-41 -147 -141 
-15 89 19 
-150 -21 -146 
26 -100 134 
-22 -20 34 
-38 93 6 
-108 120 24 
55 50 -61 
-60 -44 -10 
-107 -66 -32 
-69 126 -93 
1 -139 5 
-31 58 -12 
-28 144 -6 
22 -111 110 
77 110 -9 
56 -11 -138 
65 28 60 
-58 -13 98 
79 -58 42 
80 -12 58 
57 93 -85 
-24 -57 7 
-88 139 -106 
136 1 -57 
65 12 40 
65 32 42 
10 2 -66 
56 27 116 
-25 13 4 
-10 -103 115 
53 19 -135 
-49 5 -62 
7 -41 -75 
37 -87 -31 
-23 -61 -71 
71 9 -57 
-75 119 147 
-71 128 -76 
23 83 -106 
27 114 -133 
-76 48 35 
3 66 -6 
-4 -35 120 
-46 -144 17 
46 9 -73 
-29 33 61 
67 -41 -85 
-85 -77 139 
2 50 23 
-93 -26 131 
-78 -55 23 
40 63 -62 
98 87 113 
147 -27 -37 
79 65 -145 
-35 12 -8 
64 -127 -101 
-59 -16 -38 
-15 3 83 
78 15 -53 
-47 -27 -12 
40 67 -111 
16 -15 27 
-81 75 -35 
2 -9 -24 
60 66 45 
100 -26 141 
-120 97 -30 
36 75 20 
-28 -80 131 
92 -46 140 
128 4 63 
84 -92 115 
112 -25 -43 
12 69 -6 
65 86 -46 
-71 -76 -136 
92 -46 70 
121 -104 -148 
137 127 -42 
35 -66 -103 
130 144 -51 
12 84 114 
-11 -24 120 
117 49 63 
96 133 -9 
38 -89 -122 
-27 101 20 
17 142 43 
125 88 105 
120 93 141 
-74 16 81 
129 -41 37 
-46 121 -20 
118 3 -37 
134 -48 4 
24 -122 109 
-40 43 13 
-59 -12 -70 
-14 38 93 
-6 117 85 
-4 -50 89 
-59 -122 80 
-43 -7 131 
-77 49 -37 
81 127 -78 
125 -62 13 
63 -144 22 
51 -43 -66 
-66 -95 -25 
-25 -30 99 
-55 120 -83 
42 108 148 
81 130 71 
35 3 42 
-144 82 14 
65 2 144 
114 124 -54 
-48 99 54 
8 -50 3 
-37 -139 -60 
61 -2 -124 
-16 147 80 
-77 -119 -101 
50 44 78 
-83 -80 -84 
19 110 -10 
120 -101 -74 
-32 -35 69 
48 -25 19 
-104 32 -45 
55 -108 -10 
133 -51 -37 
15 -32 3 
-39 -69 -6 
52 2 -22 
92 -138 10 
-124 -9 14 
-47 -132 30 
127 21 5 
42 -140 -128 
63 -38 29 
59 -13 1 
-130 42 -6 
88 -34 -29 
132 23 -129 
-104 6 61 
41 -1 74 
126 31 83 
-101 45 -61 
133 84 -15 
-85 -22 -17 
86 141 88 
-15 24 -111 
91 -17 -18 
-102 -22 105 
-123 44 -88 
16 59 32 
109 134 65 
11 -93 -76 
-4 95 76 
139 -96 26 
-133 27 18 
70 95 135 
135 15 -13 
101 2 -48 
-90 -2 -31 
-125 110 76 
-7 77 -66 
115 112 101 
27 132 12 
15 -40 34 
-147 39 -54 
7 -84 -19 
108 3 57 
2 -10 37 
-103 -80 -96 
-92 -86 42 
-15 -31 54 
74 107 12 
-145 -2 111 
-59 -102 116 
118 19 -14 
20 -142 135 
-6 18 -12 
13 -36 72 
117 -136 -37 
-145 37 86 
-29 17 -9 
66 -92 11 
74 -1 -26 
-4 -3 -134 
-81 -9 94 
-3 99 36 
-7 -24 54 
-102 -23 -136 
-123 -11 46 
-123 -139 118 
-31 22 130 
-102 86 -95 
98 120 -72 
-2 63 52 
-89 -71 8 
4 -125 2 
-6 -45 71 
-66 -37 35 
-88 1 -105 
-23 89 53 
26 -139 53 
-149 31 36 
146 107 14 
114 -94 -134 
63 48 16 
-127 -45 -58 
81 -92 -45 
-83 4 38 
-8 15 83 
-23 6 113 
-101 -75 -1 
121 -29 -119 
-51 20 24 
-12 5 138 
119 -131 -36 
-60 136 -149 
61 -33 -57 
18 64 121 
-12 -14 13 
-128 -134 -106 
88 31 -119 
102 93 -91 
-7 102 -104 
-136 -16 70 
27 -3 -18 
32 -36 42 
-10 -18 26 
-132 82 140 
-133 -52 -39 
-39 -133 -58 
-33 115 -102 
-146 -147 2 
4 -33 32 
113 70 12 
-53 70 58 
-74 98 115 
130 105 13 
102 -7 -68 
109 3 28 
22 -147 82 
119 63 27 
108 -71 63 
42 142 111 
-27 -2 -82 
78 80 101 
71 68 14 
120 -111 -65 
116 77 145 
-123 28 -11 
63 145 3 
38 139 -71 
-90 18 -9 
117 -49 131 
51 50 9 
66 122 -99 
-42 -34 -13 
-139 -150 79 
137 86 84 
65 -122 -3 
149 97 -125 
-17 67 -32 
-2 -122 -90 
-13 -45 -81 
-54 -103 40 
-44 146 64 
-54 -124 -106 
-106 -60 -68 
-70 105 -126 
30 -98 -137 
-125 -141 33 
123 -130 61 
63 18 -32 
-9 106 30 
-16 150 -85 
-18 41 35 
22 -114 19 
-19 -61 46 
-65 -116 35 
-133 -107 -118 
108 -50 -39 
143 -57 -138 
-58 -21 -132 
-105 136 97 
-31 102 136 
-22 93 -149 
79 -21 110 
45 -64 38 
-55 123 -41 
7 95 -110 
-90 -2 37 
65 -83 -8 
38 80 -145 
-47 35 -5 
-61 -19 47 
-38 13 -132 
10 106 -30 
85 76 -109 
6 -98 -92 
-3 -115 70 
-87 -36 -147 
149 -33 -130 
129 -54 20 
32 57 113 
-132 -40 48 
-26 65 -96 
-81 126 -50 
118 6 24 
15 -51 -71 
58 -66 42 
150 48 126 
47 -81 18 
-13 6 121 
-129 48 70 
57 -47 -30 
-112 -140 21 
-13 -44 -102 
-106 -97 28 
-146 110 109 
141 -18 -59 
-20 48 126 
-117 38 -30 
119 -47 -107 
-27 -131 -68 
-15 123 149 
-47 -38 -124 
-49 -3 22 
28 123 -22 
-103 45 -30 
35 60 105 
2 10 50 
81 106 124 
118 -128 77 
123 -124 -23 
107 -15 68 
-21 38 42 
