-133 146 85 
-19 118 50 
-90 -58 -4 
127 54 -128 
71 -4 75 
89 24 -47 
26 27 -31 
-127 -59 -84 
134 49 -124 
105 -117 84 
21 53 -49 
87 16 49 
-63 31 -5 
97 -57 -129 
-138 124 114 
69 -140 -17 
-47 -118 67 
-141 15 -142 
-111 -71 97 
99 9 -5 
138 45 145 
23 -110 -28 
-139 -36 54 
-115 -136 20 
1 -85 -39 
-51 75 -32 
-9 68 -121 
134 73 -68 
-16 110 132 
46 -66 76 
-15 35 -10 
146 93 74 
13 134 -1 
-34 63 1 
107 -22 -23 
-32 -11 -49 
-112 -98 -39 
-129 145 108 
85 -38 120 
-47 94 41 
-142 -18 149 
-10 -60 131 
43 29 19 
-5 -126 -62 
-23 -141 -10 
34 -31 -29 
101 69 -75 
51 -58 115 
-24 -69 21 
-78 19 9 
-53 -82 39 
-143 -12 -83 
81 -73 -50 
142 12 68 
-106 -58 65 
58 -133 46 
35 72 14 
23 -5 -22 
83 59 -17 
85 -53 -23 
4 57 -124 
140 144 -135 
128 46 -79 
-74 -41 -26 
-48 31 16 
-139 -47 130 
-129 -66 56 
-70 30 -110 
-79 -125 -58 
93 -42 30 
-73 11 -7 
-11 -105 13 
8 6 -143 
-66 123 -67 
-54 77 -108 
-105 107 -124 
-104 115 -117 
-65 -66 128 
-91 -108 -8 
50 -116 -60 
-89 59 -129 
116 100 -128 
130 -95 94 
37 147 108 
-51 79 -63 
22 131 -96 
-101 4 67 
-114 2 13 
-9 -65 -28 
36 -26 80 
29 -79 7 
-52 12 129 
-99 85 -140 
-123 -28 -36 
6 144 133 
135 150 -106 
64 11 -70 
32 110 22 
62 5 -97 
95 13 -87 
-38 -132 -59 
57 -146 -27 
134 146 -143 
-111 23 102 
-46 41 -42 
31 37 90 
85 18 -148 
-37 -112 -142 
150 -130 63 
-97 -23 48 
49 -42 26 
-4 -50 7 
100 119 89 
7 -66 136 
36 16 -61 
-81 -15 147 
-81 8 -44 
-112 14 -110 
-22 -6 135 
112 -125 121 
61 40 -123 
5 -26 150 
63 34 31 
12 -144 -13 
-109 -103 -2 
29 137 -65 
-115 148 111 
36 8 5 
143 35 46 
-114 -98 -111 
146 148 -19 
127 -104 -99 
-59 7 -11 
85 -37 135 
147 -108 -85 
-37 -135 -2 
-6 -68 89 
-134 43 111 
117 38 -17 
-75 103 -16 
89 86 -77 
-135 48 -18 
-62 -63 80 
125 139 84 
75 -5 16 
-17 74 100 
-30 23 -6 
-94 14 -3 
130 113 21 
-52 -115 121 
69 148 -97 
85 127 126 
-57 91 3 
120 -25 -51 
113 84 -21 
-76 -73 -9 
-72 -103 101 
14 -79 -40 
-73 87 17 
-8 29 67 
-29 -3 102 
17 137 -102 
-124 94 -107 
11 -34 146 
34 86 -103 
-25 -96 108 
25 -121 8 
-11 -144 -30 
-54 118 -121 
58 8 -14 
-97 -105 -111 
13 46 -55 
86 -77 -21 
-25 -130 142 
150 3 136 
142 -3 13 
-5 -124 141 
124 131 -13 
120 4 -117 
-78 111 18 
41 75 -33 
131 -29 -88 
-97 -129 -100 
23 113 -110 
-75 -114 -111 
83 51 -92 
91 -140 27 
-53 66 13 
-34 -28 -147 
-72 -33 103 
81 146 -72 
111 -72 23 
-144 -107 37 
3 -120 148 
-99 56 64 
47 -109 141 
10 71 -84 
19 26 -4 
36 33 130 
-97 -120 -102 
83 47 100 
129 -136 1 
110 -127 -5 
-74 -31 -8 
4 134 52 
-40 -122 89 
-46 -71 -138 
33 -11 -35 
-100 -56 -107 
14 144 -100 
89 -122 -141 
78 -126 -80 
87 -90 128 
100 149 85 
-3 1 -62 
35 -145 13 
12 -90 81 
-85 90 -106 
6 -2 -21 
38 -55 142 
-19 -32 -44 
-50 -149 -43 
8 113 47 
-45 3 -71 
28 -90 -7 
96 142 -36 
-89 -129 55 
-71 -10 -102 
46 -1 60 
91 -109 70 
-16 15 110 
-96 91 47 
-11 -65 -140 
-83 132 -17 
25 7 71 
-55 21 -146 
-121 -2 34 
94 -99 96 
-75 -56 -126 
-126 90 57 
120 -37 75 
-103 48 -148 
-39 22 99 
8 78 14 
57 -98 113 
-73 -91 -118 
95 -116 3 
-94 113 103 
108 139 -121 
10 49 17 
99 -31 78 
31 -75 -24 
135 8 122 
71 4 25 
-36 42 51 
65 21 88 
-76 110 81 
-74 132 -45 
13 -6 29 
-109 31 139 
-44 -45 39 
98 3 141 
-53 -88 -29 
-56 44 -103 
146 -47 24 
44 -90 -141 
132 -51 82 
-4 55 84 
147 -78 21 
4 3 72 
-115 78 -35 
62 -40 -11 
12 10 -92 
-145 -107 65 
90 30 18 
-30 -61 -41 
15 21 -9 
38 -13 -47 
9 75 -54 
-141 41 44 
68 128 -48 
-36 -40 -97 
-128 -26 30 
-8 62 -13 
37 -124 -43 
-31 -49 -1 
-46 87 19 
-31 -51 102 
4 63 -26 
-77 -20 56 
-59 -17 -110 
-103 137 -82 
6 -34 36 
-28 -7 107 
93 -90 -31 
118 15 -45 
-38 -34 16 
-97 -43 46 
31 -91 -9 
-128 142 -28 
6 133 130 
104 -70 -4 
-42 126 -16 
41 -6 -123 
-145 8 -25 
45 4 25 
86 61 -28 
-69 118 -74 
37 128 -101 
82 -43 -76 
78 37 139 
-75 5 -48 
113 48 -109 
-3 104 16 
-121 -30 -24 
-113 -12 -40 
84 78 -61 
12 35 30 
-2 -5 119 
-23 -127 57 
-130 -68 29 
1 101 -23 
82 36 -113 
-15 35 -60 
-118 11 139 
-81 53 5 
21 -138 95 
-37 -84 40 
-74 -40 -116 
-25 9 -58 
-127 22 36 
83 -112 49 
-66 55 -11 
47 -129 -90 
107 -74 62 
-50 -142 1 
143 10 28 
-5 -32 135 
39 2 -85 
130 116 13 
85 89 91 
-135 6 -87 
110 121 40 
-52 28 -31 
-13 -82 54 
-53 118 87 
-15 137 -19 
-20 90 -19 
-47 60 -22 
38 -55 -30 
77 -117 9 
53 35 -123 
108 -96 11 
-3 122 57 
-29 133 85 
-80 115 58 
8 -114 124 
129 -60 101 
-120 -24 35 
34 -50 43 
-112 14 -147 
110 72 27 
147 -98 -6 
-60 90 -58 
-129 98 -16 
-40 96 146 
143 126 110 
-52 -96 89 
62 -6 2 
67 -77 90 
44 -125 -97 
149 -1 -71 
37 43 98 
70 90 88 
88 -6 133 
100 6 -53 
-145 2 114 
-26 73 28 
91 -5 39 
-27 -8 -119 
129 -19 -3 
100 -30 75 
120 150 -64 
68 118 -127 
-149 148 134 
-15 -43 44 
-21 128 -17 
-85 137 -91 
-62 66 -3 
105 -132 75 
-70 -45 73 
132 10 123 
82 -134 17 
86 -38 -2 
18 -128 -39 
23 -106 -111 
67 14 -3 
119 99 38 
47 -90 18 
97 -15 12 
116 74 43 
-16 98 14 
48 -66 -118 
111 -17 -108 
-129 103 77 
-117 -121 19 
111 130 -139 
12 99 76 
130 10 22 
-115 -86 109 
-65 -67 40 
-143 57 -111 
35 -139 -94 
39 34 -51 
-51 43 -89 
104 -143 -4 
131 3 128 
-99 -66 -144 
-102 26 -119 
115 -59 32 
52 5 -55 
-9 -1 -12 
77 26 -134 
-19 123 -21 
136 -130 -11 
145 52 75 
147 -100 -128 
50 43 89 
-51 -146 -8 
74 -89 7 
130 24 -31 
45 -60 9 
102 -25 -130 
68 -115 146 
106 -47 61 
136 -59 -39 
108 -8 -10 
74 66 -146 
-27 45 46 
-4 -73 -44 
132 16 -60 
9 141 -21 
47 -121 -130 
99 -86 -81 
-145 13 -39 
-113 -21 47 
-23 -24 73 
-4 -124 -121 
15 -148 -92 
148 139 83 
142 75 -2 
99 -71 -48 
-140 -92 53 
141 -3 91 
-29 5 9 
5 -21 -7 
-97 -145 17 
126 -59 57 
-72 -93 -140 
7 34 145 
-66 -125 112 
-10 -34 -106 
-15 98 70 
-4 -24 -117 
-79 -25 -45 
103 -120 -135 
97 144 90 
147 140 38 
72 -129 30 
131 -144 -100 
-30 135 61 
-103 -21 -79 
31 -148 104 
-113 -141 105 
-77 64 -60 
54 -135 -51 
-130 12 -41 
21 15 -111 
17 66 -130 
-99 -127 77 
-37 -48 -115 
-107 124 122 
107 146 -120 
-37 146 92 
150 1 19 
70 132 11 
142 140 -45 
15 -10 -71 
10 11 -124 
-15 107 24 
61 126 -7 
-47 -92 -116 
33 21 38 
-8 -46 4 
-40 -128 -141 
-13 81 -133 
1 -55 95 
-144 117 -56 
-147 80 133 
-63 -150 107 
24 48 135 
-83 33 -85 
-5 133 120 
7 15 6 
-42 -147 33 
-117 108 -65 
47 92 67 
16 150 111 
149 131 11 
59 -34 90 
42 39 -121 
-7 71 30 
-4 -26 12 
-24 96 117 
73 -120 1 
-98 -133 82 
-23 -96 32 
89 127 141 
21 -47 8 
38 -25 -8 
-42 -2 -131 
131 -67 123 
-32 -121 42 
43 24 -135 
-99 53 141 
