4 -6 -26 
-93 -26 -4 
1 77 5 
-21 -23 117 
-92 -13 -65 
-55 37 -6 
109 72 14 
76 70 -96 
-98 -118 24 
107 -64 46 
-130 109 -147 
-119 86 -128 
-46 -114 -39 
-35 -106 27 
-24 -1 45 
-39 -42 128 
-87 -62 -130 
-59 6 105 
-127 15 14 
9 -46 96 
-26 -112 -125 
80 6 9 
-18 61 74 
27 131 -42 
-109 -24 115 
-3 36 71 
-71 148 48 
19 -116 60 
-136 -91 -39 
-34 96 66 
-114 143 -30 
-144 -5 107 
79 78 148 
37 113 -143 
-131 140 90 
10 33 -97 
29 52 81 
-68 126 83 
-87 9 71 
-93 59 145 
51 101 124 
-84 -29 -3 
-105 -51 -54 
71 -18 -67 
-92 -101 43 
-96 123 67 
-40 -7 -41 
86 -32 -16 
-54 -121 23 
16 45 22 
43 29 148 
20 -59 -115 
139 5 -25 
-53 -2 -24 
106 -69 56 
28 -130 82 
-135 108 22 
52 79 48 
-85 -111 104 
121 -8 -33 
139 -15 -109 
111 76 -120 
-35 147 -106 
15 1 -10 
6 -39 -128 
84 22 -145 
119 -63 -43 
71 -78 15 
57 -133 -119 
70 -86 -83 
-112 -11 76 
-143 -70 -130 
50 15 33 
54 4 -51 
-134 42 -59 
-42 65 -70 
21 -108 -26 
-141 147 -99 
-60 -92 -75 
93 -27 -110 
-145 94 -39 
-146 62 115 
-84 91 145 
-47 -146 -91 
-71 -8 -64 
-5 53 -46 
100 11 35 
-86 -64 18 
-112 -82 131 
36 -103 137 
-49 99 -2 
-116 -120 42 
-97 4 128 
-42 -36 -75 
-43 77 40 
102 -22 -24 
52 134 -120 
-19 -83 -69 
24 7 100 
-141 15 -6 
49 -39 64 
67 21 140 
119 -148 -103 
15 -141 54 
-27 26 1 
37 19 -17 
-76 121 32 
-66 -122 69 
-72 41 -99 
-64 -47 123 
-71 18 109 
-29 65 67 
-125 5 135 
103 16 31 
11 3 143 
25 -2 106 
-48 149 -44 
119 117 -29 
-145 -34 -69 
-3 31 -109 
-69 -132 60 
13 60 -109 
-32 31 -120 
127 66 115 
-17 -6 48 
-42 15 -126 
43 68 -41 
95 119 -1 
108 66 9 
18 -45 124 
-8 41 -32 
80 96 54 
110 78 -127 
-81 -86 -52 
50 -114 1 
-45 75 -18 
81 123 3 
-4 144 12 
-29 5 83 
-28 -2 -88 
92 85 -46 
98 127 96 
-124 -31 -63 
59 46 -150 
121 -44 -28 
11 40 98 
-62 81 -15 
-115 -63 76 
-137 120 123 
-31 107 11 
-47 119 42 
54 -60 -138 
79 -102 -100 
5 -116 67 
43 75 -37 
-70 -27 24 
111 -43 -68 
-63 34 98 
-23 -124 -90 
83 -17 -114 
-11 144 -32 
-79 -1 -25 
67 88 74 
-23 -144 28 
-58 -47 -19 
50 120 -139 
-46 -50 31 
-44 -25 -120 
-28 -38 -137 
-1 64 63 
99 127 118 
-7 109 77 
18 11 9 
79 96 122 
-52 117 139 
-72 6 10 
58 116 -43 
37 20 82 
-1 104 -99 
-39 -93 -85 
-16 -72 -100 
-65 -53 56 
109 -126 -135 
31 120 113 
2 69 88 
-34 -94 8 
-88 -73 86 
35 -90 -129 
-54 -121 -129 
27 -142 -1 
81 -64 -125 
123 70 93 
74 97 -23 
31 -111 -77 
-72 82 -15 
-14 -123 -121 
-77 69 -67 
20 -133 26 
-51 -1 -135 
-50 -38 117 
61 -130 113 
-20 138 78 
4 146 -88 
34 133 36 
-122 -99 113 
-48 77 -109 
-61 63 30 
-61 59 -103 
-61 148 -110 
51 76 -147 
-61 -84 52 
-58 -2 81 
128 24 8 
54 -125 -83 
32 85 -30 
-64 -136 -82 
150 -32 -119 
6 -57 -14 
-29 -52 105 
-20 -112 -44 
76 116 90 
-28 84 -41 
33 60 137 
104 114 67 
-54 -22 -138 
15 116 -115 
8 127 25 
10 -79 -74 
-134 -41 -77 
-84 72 -66 
133 67 94 
-133 -11 2 
104 -121 -45 
126 56 -4 
5 -4 2 
-13 12 1 
-71 109 68 
-43 102 -132 
-17 -108 21 
75 -10 -89 
59 39 -67 
52 -41 -109 
2 130 29 
-83 -50 77 
48 -92 -15 
-63 19 128 
27 102 23 
89 143 -65 
-54 -53 77 
22 123 -1 
83 -30 55 
-100 131 -125 
-126 7 93 
73 139 -16 
6 -118 3 
47 7 57 
49 -68 20 
106 142 -55 
12 -48 -146 
149 63 91 
-67 -59 -21 
-4 -49 -27 
15 -18 55 
23 68 90 
101 -126 -139 
-90 -26 147 
-130 -20 -33 
-53 -76 -123 
-7 74 -69 
111 51 131 
-133 92 -103 
120 -132 3 
-18 57 -67 
-101 -137 104 
46 52 118 
-133 1 -57 
-2 -29 71 
39 141 125 
-52 88 -103 
-69 -16 88 
-58 72 25 
-39 98 88 
30 -89 -40 
-77 -54 19 
-61 45 -131 
15 -40 -4 
-26 -149 68 
1 -82 -142 
-105 -8 15 
-35 -143 4 
49 48 108 
44 -121 -91 
-103 96 46 
84 74 -10 
74 -102 -82 
103 -43 -72 
130 47 144 
-79 99 110 
-103 46 121 
12 -41 -56 
-89 -17 128 
-43 86 -115 
-29 134 -23 
-113 -28 -107 
144 -61 1 
100 -13 44 
43 -124 -112 
15 -13 34 
37 119 77 
79 -74 -108 
28 -39 -75 
40 143 -112 
-79 34 -37 
5 -19 70 
103 -1 144 
-89 92 -134 
-96 127 -83 
-109 98 -25 
-104 -38 -99 
-49 40 95 
33 -2 -22 
94 86 -115 
28 74 24 
-94 -51 15 
127 -20 -32 
-66 -2 14 
-138 114 148 
54 88 -19 
-24 17 12 
83 69 119 
120 -10 109 
-10 51 -92 
9 14 97 
63 94 78 
40 -43 -4 
-48 40 20 
57 -34 -36 
-121 74 6 
-92 76 -72 
71 -114 -103 
-93 -106 -66 
51 149 -67 
-4 -32 141 
-131 -80 -29 
-74 -135 67 
140 -114 -96 
52 19 110 
-62 29 35 
3 5 121 
-96 -56 22 
44 39 -2 
-10 65 104 
-144 -87 -12 
-106 107 65 
31 95 75 
-34 -124 -103 
-10 -149 -53 
5 -4 113 
-18 117 24 
66 -1 89 
-100 -24 92 
-82 142 55 
92 88 135 
-138 4 66 
143 -14 137 
-127 53 -101 
136 93 -109 
-21 123 -47 
65 -32 -28 
-113 139 -21 
35 11 87 
63 -8 -1 
73 -130 66 
136 -34 7 
-56 -7 -57 
77 65 -108 
148 -127 -22 
55 -134 -150 
78 88 18 
7 91 -81 
-42 -41 -44 
77 -80 6 
81 12 108 
44 -33 -17 
52 122 102 
-92 -17 -9 
17 24 -82 
134 47 8 
-93 106 149 
-129 22 101 
35 98 78 
-128 -14 -26 
104 -45 -29 
30 -34 33 
34 -116 -28 
-69 32 -88 
13 -2 -7 
9 30 103 
-88 -45 69 
-122 -26 59 
-5 103 -107 
18 21 -133 
-77 -91 -131 
-67 -26 -96 
-105 106 17 
-12 -117 -11 
-78 49 66 
90 -34 29 
61 -93 -53 
-79 -82 141 
-74 -31 76 
-24 118 96 
-75 -24 85 
103 130 145 
-144 16 -72 
-129 95 148 
-146 -65 -106 
90 94 -95 
112 22 -64 
-112 84 134 
-13 54 120 
-150 115 -17 
-141 124 -13 
126 32 -46 
50 2 28 
-105 8 -65 
-95 -72 -63 
62 53 113 
-2 13 -76 
32 -4 -111 
-29 -127 -99 
77 101 134 
-142 -136 -49 
-62 -22 -46 
-17 -149 31 
90 1 149 
3 33 -111 
95 65 2 
91 106 36 
36 137 81 
11 44 -79 
-33 -114 -18 
-42 -59 114 
116 -122 -45 
-105 6 -39 
42 -29 19 
-5 64 53 
56 3 73 
-33 -28 -111 
47 -18 -35 
-15 -101 103 
121 -43 -35 
-46 40 10 
3 -82 59 
-145 107 19 
-73 92 -99 
-29 139 -80 
-30 -72 -125 
-43 99 71 
35 8 33 
105 -52 -72 
133 126 -120 
-38 -13 84 
117 -118 -46 
132 -11 8 
35 43 94 
6 -1 13 
98 -88 77 
96 -11 112 
-60 -133 -30 
14 -62 -58 
-74 42 52 
-91 117 -107 
104 58 118 
-123 97 76 
107 -142 -104 
150 -86 96 
-125 -129 36 
2 98 -49 
-54 -42 -144 
-70 28 60 
-114 -1 -79 
-119 -2 -120 
-46 48 43 
-11 -64 130 
145 -25 -143 
-103 -45 65 
109 133 118 
-3 -36 18 
120 29 -88 
-127 124 -9 
-38 -12 59 
4 85 -101 
88 -145 23 
139 124 -40 
-40 9 72 
58 -114 59 
13 -133 121 
-93 86 63 
100 -73 111 
28 112 -145 
141 -87 34 
102 31 -89 
-114 97 126 
101 -2 -111 
116 127 -115 
149 -76 22 
-30 78 -17 
62 -139 127 
142 58 -53 
-58 -84 104 
100 17 -4 
37 -40 -82 
25 -6 65 
-2 -145 -11 
-140 20 -72 
77 -137 -37 
34 133 18 
118 16 137 
59 -46 19 
39 -122 -83 
-67 52 -116 
-9 115 -124 
6 -43 -46 
86 -23 116 
