-84 -88 -124 
-9 37 -66 
-70 69 -130 
-39 20 -94 
-37 12 -115 
-66 33 75 
53 -123 74 
123 -118 -45 
41 56 140 
-41 102 -29 
-75 -34 133 
-8 -97 12 
106 -130 -96 
143 53 -14 
-29 136 13 
133 -127 100 
-66 146 37 
-148 19 -58 
-21 -7 -58 
2 -10 -1 
31 95 -62 
-36 147 110 
-66 -118 15 
89 118 -30 
-33 -96 97 
105 -17 18 
83 -62 -53 
25 31 91 
32 -96 36 
-106 122 -99 
66 -140 40 
41 28 -103 
-90 -1 -55 
95 10 -58 
-137 16 -120 
-33 85 132 
-106 -94 -8 
-21 -141 97 
132 11 -87 
-58 -112 -47 
-108 149 75 
-78 -84 -56 
-5 -49 62 
90 -4 8 
127 91 -27 
-108 -27 -42 
3 -110 -12 
-41 -135 79 
-138 142 -48 
45 125 -32 
107 -74 -90 
60 89 58 
-90 2 -70 
-97 -28 -9 
88 91 -145 
40 17 -138 
77 -43 98 
77 -22 47 
91 92 -62 
-137 50 -130 
-56 81 -120 
14 -2 -47 
75 37 76 
-80 19 87 
121 -120 -86 
-31 84 86 
1 101 17 
124 105 30 
-12 -64 138 
89 -25 125 
40 -11 20 
46 -38 -131 
-135 35 -129 
105 150 -16 
-6 43 119 
148 74 144 
-100 109 139 
46 -37 79 
-15 -1 6 
-9 25 -103 
-93 130 62 
32 33 82 
37 90 70 
124 62 109 
-117 -77 -29 
85 128 150 
116 133 -20 
-68 -133 -150 
43 50 110 
111 -83 -57 
100 -52 21 
-67 -135 -39 
130 43 119 
8 27 106 
-98 -20 -119 
106 76 36 
13 140 25 
149 23 -81 
93 54 -137 
-46 -29 -22 
40 -65 77 
-18 40 37 
13 65 -96 
-1 123 -141 
-65 46 -6 
32 -41 -24 
-88 87 3 
34 81 -51 
71 18 54 
100 115 -63 
142 -130 -120 
93 34 40 
-51 105 -16 
65 -64 -140 
-55 92 -130 
-35 120 97 
13 47 142 
106 -42 -9 
-14 -80 -48 
17 -137 20 
-78 -7 49 
-13 -90 -42 
107 -85 44 
81 -123 85 
73 56 58 
138 42 -120 
-124 -35 -11 
-107 -112 24 
103 70 76 
50 -11 135 
-17 -15 95 
-100 -86 32 
76 -101 -105 
47 -6 17 
-108 28 -10 
-93 -52 -15 
103 85 -132 
-45 -33 8 
117 -16 64 
-136 72 93 
17 9 3 
-45 -94 49 
90 -95 -33 
-90 123 -14 
47 -51 136 
-72 -128 21 
85 38 106 
-103 138 -11 
21 -144 49 
-147 83 16 
37 -8 24 
65 -14 -10 
-13 147 119 
-58 59 -88 
-13 -8 -21 
-77 -130 12 
130 -12 67 
-38 -23 -65 
-148 -2 -53 
94 -133 -3 
-41 -99 120 
-44 134 114 
-73 48 120 
-9 -75 -36 
-52 -10 -140 
115 -27 119 
-89 -98 -4 
-19 37 -25 
-31 -133 -13 
-48 -150 -56 
-116 -27 -99 
15 14 -112 
-56 138 33 
73 -49 127 
-106 -110 -40 
-121 73 -57 
-13 118 98 
-61 -134 5 
-92 53 -3 
-55 -3 -138 
1 -137 -76 
-128 99 -31 
93 77 -33 
-42 113 -111 
55 123 -74 
97 -1 34 
-32 141 94 
5 55 59 
68 -36 128 
-14 -102 -4 
19 -52 42 
77 -66 127 
39 -77 -23 
104 109 -87 
-114 -59 134 
-24 70 22 
9 -147 25 
-95 -43 105 
138 -135 11 
-51 -35 52 
144 16 -72 
44 -82 73 
-118 19 35 
-80 48 4 
53 146 -129 
5 -120 56 
-37 38 -88 
-107 -56 64 
20 23 -9 
68 128 -10 
137 6 -19 
28 139 95 
106 49 -63 
130 88 -42 
47 -26 16 
-79 -116 134 
-42 -28 130 
-130 122 72 
61 95 -8 
-17 32 -135 
51 121 -26 
35 15 11 
120 -44 73 
54 -8 -3 
-101 -86 26 
60 -32 -114 
-107 21 -25 
12 -61 -78 
40 -59 -25 
-7 -120 -88 
-130 50 -110 
140 84 6 
8 -100 -12 
-10 30 4 
-98 -134 -71 
99 -139 -102 
35 -22 -130 
-124 139 -23 
77 -83 30 
147 60 -105 
-2 -36 -144 
-62 50 120 
-54 17 -12 
-38 98 -27 
60 54 50 
100 108 -103 
-83 -114 2 
5 34 82 
-62 -4 57 
46 -32 -105 
-138 36 143 
-15 22 -59 
-7 58 -125 
-112 -39 -142 
45 -100 62 
56 37 -94 
-138 -14 -90 
-80 26 4 
45 -75 42 
39 -4 -21 
-35 -143 -148 
28 22 -140 
143 14 -79 
6 -32 121 
-127 138 79 
-11 64 -8 
-86 -49 -90 
-16 -37 -5 
-55 -95 -61 
-72 -48 -102 
-92 76 -68 
107 130 -7 
-122 4 131 
-10 -74 7 
-24 11 -39 
-39 17 40 
-123 -74 127 
14 -63 27 
99 -87 -40 
-23 -85 -92 
-66 42 -62 
118 78 57 
50 -91 15 
-127 -2 6 
-142 16 -128 
139 103 -74 
-114 50 17 
57 138 -35 
78 126 -22 
-84 89 -39 
-4 94 112 
76 -25 -52 
89 -77 -134 
-62 -26 107 
-143 -121 -81 
133 130 -108 
-18 -13 107 
31 79 86 
-55 -19 -3 
-25 -63 -14 
111 -82 -66 
127 5 28 
88 29 46 
41 -149 106 
72 31 -84 
-96 59 9 
-11 102 -54 
-140 66 -97 
3 122 19 
-130 -15 -131 
111 -86 123 
111 43 -60 
-74 -45 30 
78 -39 77 
127 133 66 
138 -89 46 
-99 50 68 
71 -66 -83 
-26 -16 -17 
-112 -31 90 
10 38 67 
-57 -84 150 
-86 -101 23 
7 32 11 
5 34 -98 
-102 -87 49 
97 -49 -107 
10 -107 53 
53 -106 1 
-145 46 -53 
-98 -11 -7 
14 -120 -37 
84 125 -5 
-51 120 111 
-61 101 -110 
56 -126 -117 
-10 12 90 
83 -68 -28 
-119 -48 125 
-42 84 29 
142 136 110 
-93 -130 102 
-148 102 2 
127 21 66 
36 11 75 
7 39 -35 
-35 30 -34 
18 63 106 
-24 18 78 
60 62 -137 
-103 33 72 
-129 -9 140 
78 62 -129 
46 -40 66 
6 97 -90 
37 -97 123 
-38 53 42 
-141 51 -111 
19 143 22 
74 128 8 
11 27 65 
99 2 -58 
143 132 -52 
114 110 -5 
-118 -53 54 
147 146 104 
-124 93 -48 
121 88 12 
-7 95 -52 
-127 113 -37 
122 49 45 
-2 144 82 
-36 146 -41 
107 -89 77 
-29 -101 -60 
48 -50 -106 
140 108 -137 
76 -29 139 
-36 -123 -94 
19 18 86 
-43 87 -62 
142 -9 -75 
146 -75 -22 
-70 11 -119 
-47 -8 -27 
5 119 -53 
107 -64 18 
-15 -2 57 
-77 2 -141 
27 -37 62 
-43 64 54 
-40 117 -114 
93 -52 26 
136 101 -48 
-129 76 -55 
-14 11 -121 
-43 112 -35 
1 -49 30 
23 87 123 
80 -9 -20 
-99 -24 -40 
-20 -28 87 
-91 104 44 
-34 26 -5 
9 -13 74 
120 -141 -140 
-113 -111 19 
136 18 90 
-8 36 -79 
-133 4 6 
53 35 81 
-63 -85 -61 
25 -7 10 
-18 -109 39 
99 61 -26 
-134 -52 10 
94 -35 -49 
-114 -47 -40 
-132 139 16 
59 101 -61 
96 136 77 
-136 35 -76 
-101 56 123 
-146 2 92 
37 65 68 
-121 -59 -38 
125 63 66 
69 83 -138 
121 104 143 
-21 85 -90 
-130 123 112 
98 -124 43 
-24 149 -15 
-13 -142 -42 
102 122 3 
-26 116 -40 
63 -44 -99 
-36 -124 99 
-92 -122 -143 
-100 -146 -150 
-29 38 99 
74 -150 -32 
-150 5 -34 
-77 46 -53 
40 -39 -18 
75 -6 -126 
28 -74 -113 
96 148 99 
-60 -147 -48 
5 27 38 
116 14 30 
37 -86 114 
-2 -3 -34 
-22 57 81 
-39 -8 55 
-86 -58 47 
15 89 -33 
8 -133 -131 
73 -54 144 
125 -142 -54 
148 14 -106 
121 113 -23 
-74 110 -133 
31 146 -69 
11 -101 8 
-3 6 -135 
128 6 -31 
5 116 59 
86 126 -124 
105 10 -55 
92 34 21 
-110 -95 133 
78 -7 -55 
34 147 148 
-105 72 -44 
-57 -6 1 
-90 -4 52 
66 130 -107 
133 34 108 
79 73 60 
17 9 -5 
-54 70 32 
-14 -89 -66 
103 -76 4 
-80 101 77 
-24 111 -52 
141 -132 -14 
-59 -134 3 
1 74 -120 
37 -49 58 
-63 -67 -94 
-100 136 14 
-99 71 -109 
107 -18 61 
9 137 -131 
-38 -20 89 
9 -75 5 
-9 78 35 
-83 -61 99 
-17 59 -18 
-21 -40 125 
-51 68 16 
20 -132 35 
117 127 57 
-143 -87 -17 
76 106 -40 
4 -46 -10 
75 -15 97 
77 -20 -129 
124 -2 19 
-5 -29 -79 
117 -41 -11 
-55 -67 137 
-107 146 55 
-16 -66 101 
63 -38 62 
77 117 8 
-106 -121 92 
50 19 -4 
124 -28 -142 
-78 -147 -58 
-136 98 127 
111 -103 93 
62 -60 -56 
24 -40 42 
