102 -105 141 
107 26 -108 
-14 -2 136 
62 -115 -15 
5 97 114 
-34 -99 3 
-66 -70 -40 
24 51 54 
72 -38 106 
45 55 -51 
-63 35 -100 
89 -39 -135 
36 -87 -97 
-69 28 -62 
-48 38 -82 
-25 101 -4 
47 -82 55 
-41 53 94 
-39 -103 31 
42 111 -45 
-47 -48 10 
9 19 68 
-43 -59 119 
-113 90 6 
4 -103 -148 
119 6 -138 
-85 14 37 
-83 104 -75 
-24 -136 2 
-110 -98 25 
-48 -87 61 
-98 -67 117 
-88 -145 -136 
-35 56 93 
-140 107 48 
-137 -28 -38 
112 89 -45 
-70 63 1 
60 63 12 
-70 -13 31 
102 87 -104 
9 -58 -144 
-107 3 118 
-62 21 102 
-126 82 -3 
112 -107 -1 
150 -44 132 
74 81 -1 
123 21 -145 
117 -48 65 
-116 -86 9 
97 -27 15 
-111 141 -82 
70 -60 72 
-18 -16 137 
37 33 146 
-78 -67 146 
-101 33 -55 
-142 1 20 
-101 -84 -96 
-67 -17 -86 
-133 -48 -66 
-15 -69 24 
-2 -81 -129 
-87 -86 -76 
27 15 -81 
56 -68 -105 
8 18 144 
-134 138 32 
77 -119 126 
-27 -91 -10 
117 107 123 
-53 -127 20 
-33 -106 141 
-138 117 -6 
133 -31 -64 
-31 -103 -41 
-139 73 -29 
39 -28 -63 
106 121 -16 
-144 -106 112 
-71 26 94 
-72 -31 -75 
-11 -64 -59 
129 -20 -4 
5 -13 -52 
105 48 -38 
-86 -101 64 
-136 -80 113 
-144 -61 90 
-133 -99 20 
-32 47 -8 
119 143 -118 
-147 -64 114 
92 -88 24 
50 -69 14 
-91 49 -130 
-124 113 31 
-16 103 -100 
-146 -41 -36 
110 82 -89 
-137 -45 -89 
-106 -10 -114 
-88 41 50 
131 70 145 
127 -51 19 
7 -47 89 
-28 -113 -100 
54 -5 -116 
140 -44 -134 
-13 -55 15 
-22 -116 2 
80 -128 140 
-29 148 -102 
56 -139 74 
-52 -76 -141 
-96 103 5 
-128 11 -47 
40 -61 -33 
34 -37 17 
-27 30 83 
17 -6 140 
40 9 -130 
-2 -27 -122 
22 -9 -29 
149 121 93 
-53 -32 -124 
-43 105 -51 
-82 16 -124 
94 -57 -88 
-90 69 61 
47 64 9 
68 -84 -29 
130 -70 129 
-71 142 -2 
-44 107 136 
-34 109 5 
-8 -85 121 
44 -70 45 
57 130 -1 
-56 -44 -108 
-94 20 -40 
-43 109 88 
-87 124 18 
-137 -12 82 
14 -96 78 
91 68 36 
84 83 24 
-16 -23 70 
145 4 -146 
95 -56 -16 
62 -33 47 
1 53 -57 
92 -3 78 
60 45 -119 
21 -72 -68 
89 129 53 
-132 -4 104 
77 75 35 
43 -11 60 
58 -108 27 
131 -22 14 
-76 14 -130 
-93 54 -106 
116 48 -49 
53 61 -49 
-11 49 17 
17 1 -73 
26 -68 -144 
109 -36 7 
-53 -4 -56 
-39 -133 51 
-54 129 -67 
-12 -16 -52 
-134 -119 -34 
2 -91 -108 
-122 -121 148 
125 105 -62 
-132 -7 12 
-10 -116 29 
-129 -23 137 
53 -68 -33 
-3 -140 -41 
61 -123 18 
26 107 84 
19 -108 -131 
-44 105 83 
-3 133 86 
-19 -42 112 
20 103 136 
58 -74 -3 
47 -124 -111 
47 65 -15 
35 -38 -87 
146 59 105 
150 -84 -30 
-23 -112 -66 
-111 -44 98 
-103 59 -73 
69 -126 58 
-54 96 99 
1 95 41 
20 108 -5 
-35 124 -64 
-144 -62 132 
32 135 78 
145 106 -111 
-22 116 42 
-21 33 50 
-148 -55 12 
91 78 126 
35 -57 -37 
-50 -139 -115 
106 -97 18 
1 27 106 
34 94 -30 
-59 3 7 
-88 49 60 
-52 38 -92 
63 14 16 
117 -92 -141 
131 92 97 
-131 69 82 
-120 110 79 
119 59 -30 
47 142 -3 
-30 -12 -52 
99 -143 13 
77 -41 137 
-138 -40 4 
137 136 5 
145 -72 -106 
150 -68 -44 
-39 109 40 
52 -6 -29 
84 79 -129 
-61 36 131 
-133 52 -45 
122 -8 97 
-132 115 21 
100 89 -141 
101 -141 -146 
-72 -19 -99 
-93 -58 115 
-35 14 24 
-71 79 -52 
119 59 -40 
-8 -124 127 
27 -17 25 
45 -145 -16 
-5 -148 -116 
133 -38 -132 
-122 -20 -2 
63 31 -42 
90 -148 -78 
7 -65 -127 
-101 33 94 
40 -33 -79 
-85 -104 14 
137 -44 92 
13 -1 113 
-134 100 81 
9 4 -126 
89 38 115 
-58 24 -40 
90 -89 95 
48 -116 52 
-31 -96 -63 
50 -11 -149 
-25 -149 118 
-69 -34 87 
98 46 -55 
146 -29 -34 
-112 -62 -92 
-73 130 -37 
-65 -27 32 
104 -133 99 
-77 -42 -102 
139 -4 -41 
-39 -99 45 
-137 1 76 
-6 55 143 
-33 17 56 
76 45 60 
-51 -15 -20 
-141 148 104 
-110 35 127 
79 -83 -34 
-43 42 134 
-105 -144 131 
37 145 6 
-14 -61 42 
-141 -69 60 
4 123 145 
48 -61 -135 
116 -79 95 
41 38 118 
-142 148 -136 
-35 -69 25 
-117 -96 -107 
113 -74 105 
59 -16 -135 
106 -133 17 
83 -143 -12 
-35 146 69 
-26 -80 110 
119 86 -91 
-26 -42 -7 
43 -126 38 
-134 38 123 
-46 -144 108 
-90 150 89 
-8 65 53 
48 33 93 
-11 -21 22 
-31 28 17 
-122 -37 79 
60 42 -69 
-26 71 123 
-121 57 -127 
-145 14 135 
42 131 28 
-64 147 -74 
-143 64 84 
21 -27 7 
27 132 30 
-112 -107 25 
110 -142 -58 
-119 43 -12 
108 -130 -46 
15 -117 -46 
35 -68 -59 
-57 -70 -137 
-88 17 -14 
-99 31 4 
-64 -108 35 
-19 112 119 
-27 -42 59 
131 -128 -113 
147 139 145 
37 95 -2 
111 5 130 
-130 -109 84 
62 -13 69 
-115 -80 5 
-136 -1 21 
116 114 75 
80 -42 -63 
-57 -39 -15 
2 80 64 
4 34 -146 
117 -67 142 
-39 42 47 
-98 49 44 
-94 19 62 
-77 71 61 
150 148 24 
36 91 -111 
4 144 146 
-51 5 125 
102 74 -143 
-55 43 -102 
85 -50 -119 
7 26 -46 
126 51 -30 
150 27 37 
-140 -86 52 
66 -11 142 
99 104 -46 
136 -83 126 
-3 -78 -114 
10 -121 95 
-78 -45 129 
68 -70 -85 
37 147 -15 
129 -132 -6 
9 90 74 
78 -122 89 
135 89 -139 
10 -121 -70 
127 135 114 
94 -59 -84 
10 -55 -81 
-102 -119 -62 
-143 139 -52 
56 124 106 
-107 59 -88 
-150 8 -99 
-23 -112 -53 
-113 -26 123 
-75 38 54 
-7 -92 -59 
-97 -48 -83 
-115 85 -116 
-12 4 17 
-48 76 -88 
-83 23 84 
-141 145 63 
-62 -51 -68 
-115 57 -48 
-17 56 16 
-103 95 112 
65 -88 128 
27 13 23 
-55 -124 33 
103 11 44 
-26 47 -104 
118 -109 22 
97 3 104 
-15 -3 -4 
-48 -24 -128 
102 -45 -4 
44 32 91 
34 -50 73 
-76 -124 -36 
-83 -120 107 
12 -70 108 
26 27 56 
-3 60 131 
146 -115 79 
88 150 -44 
132 -63 -72 
7 -135 -83 
-37 15 -60 
41 -20 -137 
-79 28 5 
-24 -55 20 
-11 42 -70 
-9 -37 -132 
15 142 111 
-140 87 -108 
-147 70 -18 
-5 -47 -94 
-3 -4 111 
36 74 13 
149 108 -35 
61 114 -130 
98 -19 -115 
-88 83 131 
96 48 91 
-34 -62 126 
58 -112 64 
18 48 113 
-58 47 4 
-21 -94 -9 
-2 -34 -102 
43 78 -116 
-106 -60 -133 
-147 -34 51 
-4 -74 10 
39 12 34 
95 -55 -53 
-13 -27 2 
39 40 115 
-143 -9 -144 
78 62 7 
103 27 -143 
39 -145 -133 
-78 60 -50 
101 -72 -18 
-99 -51 -76 
39 -1 22 
47 -35 -44 
41 -2 64 
-13 38 57 
-85 -133 -20 
-22 -7 -96 
58 -64 99 
-12 -116 46 
123 40 143 
-46 94 -122 
76 -16 -55 
-106 3 82 
-115 8 56 
-44 -68 -107 
146 -95 -59 
24 -124 145 
-69 28 -87 
24 -69 4 
-2 -117 139 
-26 -22 -52 
77 112 127 
-33 -1 145 
122 -11 1 
91 18 -98 
1 -3 -87 
21 18 83 
66 109 -41 
32 -39 -27 
-92 -135 43 
5 29 -50 
-37 60 93 
-77 -23 1 
110 -30 21 
-14 145 13 
-4 -104 -33 
-34 118 -120 
-69 -23 -38 
-146 -46 139 
15 -123 -136 
-149 125 -39 
38 65 81 
121 -84 124 
47 71 -75 
-41 57 -62 
-13 -109 62 
106 3 25 
-60 -109 -73 
2 71 9 
80 -43 -8 
130 122 93 
33 23 -102 
13 92 52 
-26 -18 25 
90 -121 -71 
-50 -61 -58 
101 16 -12 
-113 117 103 
-47 148 144 
-86 18 67 
21 9 18 
-5 144 -70 
-65 51 -26 
-9 4 8 
-54 34 -60 
