26 16 -9 
-100 15 94 
62 -49 -148 
-67 130 105 
-76 -50 78 
47 67 -40 
-44 26 55 
-81 1 -105 
45 128 -116 
145 95 129 
91 20 -6 
-9 141 25 
113 3 134 
95 115 15 
-138 100 40 
-67 -16 -128 
-75 -28 70 
5 44 19 
-15 -7 75 
117 -118 -111 
4 -122 115 
144 -4 31 
2 -118 -8 
-110 40 -47 
-8 97 -147 
-4 -11 17 
86 -78 12 
-115 77 -13 
-1 11 -18 
15 -145 77 
43 -20 -104 
105 -16 -38 
-43 -94 144 
-114 107 19 
64 -140 -118 
69 -21 -1 
46 -18 24 
-38 -146 100 
-81 59 -21 
-102 -20 135 
-95 -70 125 
-117 -114 -94 
-46 -16 90 
-17 21 43 
-13 -14 11 
-56 -53 112 
21 31 -14 
70 -119 20 
-121 43 91 
-39 110 4 
-80 75 101 
13 139 -50 
-126 128 36 
23 -1 -20 
24 -95 91 
-39 -110 -3 
-75 -119 43 
-117 -67 -16 
57 101 -3 
75 121 -62 
-3 46 -97 
103 -117 -97 
-36 -52 -88 
139 -119 -48 
-84 -124 -77 
-109 -96 111 
14 -30 33 
-8 -63 -23 
-1 -46 41 
-83 -84 -18 
73 -27 86 
124 36 -61 
-19 86 -79 
-140 -48 -91 
-106 47 30 
57 101 -104 
60 67 -72 
-32 4 -135 
-148 5 91 
36 96 74 
2 149 -28 
68 19 -114 
100 -18 -29 
13 -71 145 
-79 67 3 
126 34 -141 
81 -127 24 
83 64 12 
-86 -136 -101 
147 -131 105 
-50 -19 4 
44 133 -24 
-42 96 146 
-102 -22 -36 
107 -67 -106 
76 -116 -16 
11 -64 32 
57 104 -109 
6 -106 64 
-89 -120 30 
150 -39 57 
-78 84 133 
-112 -46 -25 
8 54 77 
-135 108 123 
-118 -80 142 
119 77 -97 
34 54 110 
-106 16 -94 
-108 104 -5 
-115 14 -45 
-1 -2 -113 
105 37 29 
-30 -133 -18 
82 -127 -137 
-98 -19 4 
-47 -43 147 
-132 9 -119 
18 144 130 
110 -113 87 
1 89 -135 
-3 111 127 
142 -1 75 
41 17 -87 
-32 17 101 
41 74 -9 
-83 33 -72 
-73 -21 -142 
-98 -118 -97 
-119 -123 -2 
-50 98 -41 
133 -51 106 
-117 5 -16 
40 129 -24 
66 -56 -102 
-1 -7 -107 
104 -77 -120 
90 -70 41 
-3 -47 147 
-55 111 -112 
-41 -16 -68 
-94 138 23 
66 -52 6 
-79 66 42 
-140 80 43 
-6 -5 139 
-100 -40 11 
-85 -44 23 
-149 82 9 
89 -59 -37 
-11 -13 74 
5 39 -97 
15 51 38 
-69 -137 103 
-68 -34 -74 
34 136 -24 
-24 16 -42 
-22 85 -73 
57 -126 96 
30 20 -117 
14 43 -77 
-124 -24 -65 
-43 -33 -147 
122 64 -149 
58 -56 -47 
138 -65 -39 
-91 -33 -127 
-144 -50 -82 
60 78 -92 
55 -63 91 
1 16 -89 
-75 -7 121 
26 97 -85 
-42 -16 -116 
-8 -106 24 
-26 83 107 
-99 -34 -2 
-35 -53 -39 
-13 44 -95 
98 4 104 
13 -31 -86 
58 108 -54 
27 -111 -97 
116 33 55 
-37 -31 45 
-28 -76 -10 
134 -15 50 
12 -55 -132 
-103 -10 91 
97 -87 -16 
68 17 16 
-128 -115 -94 
27 26 -15 
-129 -112 149 
134 -110 60 
-80 107 137 
54 -118 -20 
45 99 74 
87 -46 -33 
34 62 -48 
-96 -9 -13 
-112 -10 71 
50 51 79 
113 -34 -7 
61 144 20 
2 35 -145 
149 -135 -85 
44 117 110 
17 -7 -52 
-21 95 110 
106 -10 -124 
-98 57 126 
133 -101 -14 
-117 127 2 
16 -9 -43 
64 34 -50 
-26 2 15 
-128 129 74 
52 74 -68 
-87 130 -8 
56 80 -129 
25 -129 -47 
83 -7 -98 
41 -87 44 
-2 -97 29 
-5 74 -103 
-103 35 42 
11 -117 98 
13 -11 29 
-32 20 55 
149 -35 -55 
108 26 27 
72 -63 57 
129 -53 -122 
-123 -148 18 
-51 98 -12 
74 -43 -30 
-21 -50 11 
-127 -150 -15 
-70 -86 83 
113 41 -138 
-16 22 101 
95 114 -122 
33 17 -41 
11 100 -70 
125 -39 33 
-25 -11 146 
-145 36 -119 
-11 59 -32 
125 104 -91 
-72 -97 143 
136 -16 83 
38 107 101 
-60 103 145 
63 66 -88 
-62 -147 -95 
64 96 -150 
107 61 128 
-116 144 -79 
80 150 31 
124 -123 -26 
44 -43 104 
-2 50 11 
-53 -121 -11 
-10 -143 62 
41 -34 46 
-42 -40 22 
-127 -47 69 
83 9 101 
-59 11 -82 
-112 128 -64 
84 26 -42 
63 -44 -64 
101 9 -122 
45 -144 -18 
-44 22 -45 
-24 -102 -55 
-68 -141 -2 
24 112 87 
26 -36 128 
39 77 -7 
41 1 -65 
15 35 45 
-37 -139 -33 
15 -108 -125 
4 80 -128 
116 -31 -144 
-34 -106 -117 
-140 -57 -22 
-114 42 34 
-146 38 -144 
82 30 -60 
28 -67 58 
-96 39 29 
17 92 71 
13 -18 115 
133 4 -94 
26 -126 93 
1 -13 6 
-32 -14 -15 
142 -6 12 
57 -134 19 
-51 -29 -123 
45 74 -66 
39 -61 -22 
-15 67 -16 
-62 -31 -44 
104 9 -43 
-88 141 99 
-98 -114 34 
47 -77 -109 
98 103 -114 
-88 137 55 
148 109 -83 
119 -110 62 
80 -18 -76 
137 124 18 
55 -75 81 
-107 10 -27 
69 -41 91 
22 101 37 
85 -88 -72 
-81 -71 72 
-84 -147 38 
103 67 -20 
19 65 51 
11 -28 108 
52 -104 -146 
72 -50 98 
-3 80 122 
75 4 103 
-28 2 -137 
67 17 2 
148 147 -91 
-125 5 -16 
-54 2 126 
60 95 -44 
-63 -144 9 
25 127 -123 
-36 -21 123 
74 -52 50 
-19 -148 -103 
-58 -57 -144 
-148 101 86 
-128 101 116 
31 16 99 
67 -31 40 
-83 41 82 
-29 -56 149 
-93 -40 15 
-101 42 132 
78 62 15 
-2 92 52 
-80 43 -24 
138 75 13 
-106 98 22 
8 92 -134 
18 72 -142 
9 35 -105 
-53 -106 -109 
53 -135 65 
-21 125 51 
11 79 -10 
121 -142 -15 
-35 94 44 
-78 69 -65 
-109 66 -65 
-91 -138 31 
26 18 37 
134 78 -22 
85 13 26 
55 -45 87 
102 -74 -21 
13 68 141 
-120 -5 -20 
15 147 -6 
-58 104 -119 
-32 -6 -35 
-6 108 -83 
82 133 23 
-91 -84 -121 
-91 -25 88 
-72 48 30 
57 -11 -4 
-135 -84 -140 
26 63 -46 
-81 98 -28 
14 -125 53 
103 -18 101 
21 52 128 
-18 -121 76 
33 -17 40 
-75 143 -117 
-42 130 -30 
-91 -82 -88 
75 101 -46 
-121 59 76 
79 109 144 
-25 75 100 
31 -97 -85 
-33 123 -86 
15 118 -36 
-61 72 -58 
-137 -148 -54 
49 82 50 
-70 105 10 
137 -36 -28 
-149 -97 93 
-48 -11 72 
-145 92 -73 
-67 -139 150 
-18 132 128 
-21 57 -54 
43 108 -90 
145 107 114 
-80 127 136 
54 -92 -4 
-10 -6 20 
41 -50 -58 
-39 101 -10 
-62 -37 -98 
58 51 -41 
67 -122 46 
3 138 141 
107 -4 -48 
-70 80 77 
45 118 107 
-61 -81 84 
-38 2 114 
-9 36 62 
-46 108 -134 
37 93 -71 
51 63 120 
-80 52 70 
115 148 -26 
73 86 145 
10 113 -33 
-66 112 -30 
7 67 -45 
-12 -31 104 
-92 -88 18 
83 -19 92 
-26 -14 -9 
-49 96 -142 
-5 26 140 
42 -54 125 
4 -35 47 
-15 53 31 
-91 -131 88 
-20 -38 68 
-108 85 -18 
-1 -92 -69 
-36 -88 -96 
140 -18 107 
14 -42 150 
124 48 60 
-28 -64 -44 
124 24 26 
43 -1 -54 
44 71 31 
26 -129 -22 
-24 122 94 
33 27 -41 
51 -124 7 
69 -143 -134 
1 -133 70 
67 -56 21 
137 39 61 
123 -139 13 
-107 -58 131 
-124 147 82 
107 84 -140 
-10 -26 -25 
-70 -118 -11 
100 108 93 
142 79 -42 
7 -32 14 
108 51 55 
-8 16 -54 
88 -84 74 
103 135 87 
-5 138 133 
-122 -128 101 
117 -101 -29 
-64 -101 -55 
104 -138 130 
133 -98 71 
-39 -65 139 
-65 78 -117 
-15 55 -30 
-138 62 20 
71 29 -79 
37 -36 -21 
-90 20 57 
35 -134 -14 
-66 111 -63 
-108 21 45 
-104 71 58 
53 31 105 
136 41 118 
46 -80 -85 
-53 -107 30 
-124 34 5 
126 -99 -74 
-83 21 10 
-117 -147 -84 
-30 -141 -44 
16 -58 111 
128 -24 -36 
74 128 -18 
33 -2 148 
94 -34 96 
95 -91 24 
150 37 137 
150 105 64 
149 -122 -95 
-39 96 -11 
-67 -63 -29 
-101 135 -112 
126 99 62 
48 92 -39 
-15 -50 12 
-9 -104 68 
93 57 -126 
5 38 59 
