19 82 -130 
-122 -126 74 
-47 135 75 
-71 -19 -61 
92 -79 -64 
70 23 -45 
15 128 -80 
-9 -79 -8 
134 -133 112 
-57 23 60 
102 55 129 
-90 61 -75 
-89 -127 125 
-141 -120 48 
-91 -136 54 
27 26 61 
104 101 -60 
-105 9 6 
31 -106 -103 
110 -73 63 
-86 -62 122 
-117 -6 17 
-106 59 -14 
121 106 -29 
-130 31 -107 
-83 -85 -43 
-86 22 77 
-124 32 13 
112 -10 85 
-108 96 119 
97 62 6 
64 -53 148 
149 78 44 
23 -70 -5 
100 -14 -125 
-36 53 -81 
-130 66 -113 
-38 94 90 
-19 10 -4 
127 -93 -48 
-79 45 -4 
-2 71 15 
-87 114 -27 
100 -5 -93 
-32 120 -142 
144 6 -127 
-125 31 -25 
45 147 -66 
-115 1 -141 
-50 111 -70 
-112 -75 -121 
21 3 -52 
-104 -76 -79 
-68 -17 136 
11 27 -25 
-1 143 -96 
-64 -62 68 
-56 -95 -142 
57 -120 115 
-36 121 -41 
-125 82 32 
12 -7 60 
-26 23 -76 
115 -101 30 
125 -13 -11 
10 7 -40 
-59 -41 -126 
-133 -120 -111 
45 -117 44 
51 -90 83 
57 -104 139 
50 142 26 
83 125 -150 
-76 42 -36 
69 56 135 
-7 58 106 
-4 -38 64 
123 -128 -141 
50 128 1 
-42 -140 26 
-137 111 -117 
-135 5 55 
21 -2 -141 
15 -98 119 
32 29 -90 
87 -57 133 
9 -112 -30 
-121 62 -9 
-99 53 150 
-86 145 -102 
-67 -24 -32 
99 -6 -83 
35 -38 -9 
28 54 -43 
-133 5 -131 
-29 131 136 
100 50 -92 
143 92 119 
-22 -32 -12 
-95 -6 148 
9 53 132 
-74 101 -38 
-40 -75 10 
47 112 -125 
-79 -117 57 
105 -15 -146 
-1 -96 -56 
-66 -16 26 
131 29 41 
-27 56 68 
-19 -142 96 
-70 -87 40 
131 58 147 
-61 24 -45 
-82 -9 62 
61 3 66 
20 -81 92 
95 32 16 
26 115 -34 
137 102 147 
-60 41 -103 
-77 -25 132 
-76 -4 -135 
13 -138 15 
-50 -79 -7 
-77 -28 44 
78 -100 40 
79 142 -86 
20 -9 -76 
-150 -59 101 
-55 148 -18 
-14 -136 -67 
40 123 23 
134 53 109 
-99 -68 130 
10 -117 -143 
-60 -21 32 
-6 -116 -136 
-40 135 8 
21 13 -99 
-103 -149 54 
-81 62 121 
133 22 3 
-87 -85 -47 
100 76 -13 
-12 -35 -148 
43 120 -71 
-2 15 85 
-64 81 -121 
-31 62 10 
-15 105 80 
-134 -34 -110 
11 123 -137 
68 -148 -130 
13 -106 20 
58 124 -84 
122 59 103 
96 48 106 
123 -100 -127 
-23 -98 65 
-149 122 -61 
-9 -68 31 
54 -142 95 
18 2 107 
-12 -42 68 
-98 -93 146 
98 145 148 
104 -101 50 
-36 -91 87 
-3 -13 130 
112 32 11 
51 14 33 
34 -55 141 
-132 107 -103 
117 -26 -134 
19 118 72 
-99 52 -76 
-37 -116 76 
95 -21 36 
131 -82 34 
61 37 -9 
-146 -120 10 
136 -22 4 
93 42 -73 
1 13 68 
-135 -73 -41 
-30 -85 2 
135 -62 81 
-82 92 98 
11 140 8 
111 42 -50 
-5 -63 57 
137 -127 65 
-17 -11 -33 
-87 149 -22 
81 129 88 
127 19 -45 
88 110 32 
-94 -21 115 
131 139 12 
146 62 109 
75 105 -116 
-109 138 86 
-137 -78 56 
-59 -35 -67 
143 65 -118 
9 -87 8 
-9 129 132 
127 78 -9 
58 -126 -41 
3 -19 1 
131 -53 39 
-60 9 149 
149 -92 -60 
-24 139 81 
-145 -42 35 
-100 -77 32 
54 -107 38 
-146 -96 -4 
-128 -90 78 
-64 -39 22 
-77 -40 -142 
12 142 114 
8 31 147 
39 -135 -131 
-56 -117 40 
-13 42 -131 
28 109 -13 
-67 80 16 
-58 90 -106 
-55 -3 1 
144 -121 66 
-133 1 -131 
139 76 -47 
-18 32 -29 
119 -17 13 
-88 15 55 
-150 40 -94 
-107 23 -143 
-129 130 120 
-30 -107 115 
-11 68 -67 
-83 -77 66 
32 -34 -96 
63 36 -121 
-135 -6 -115 
-53 74 150 
15 -115 -23 
27 8 -43 
-72 -149 -8 
-25 111 147 
91 -75 -133 
-30 54 84 
89 -57 -82 
-91 131 78 
66 -147 64 
21 146 128 
-110 17 -85 
84 86 -82 
-125 -14 109 
-38 76 -105 
-126 -138 -95 
7 -36 -95 
-87 -129 -94 
32 -9 -49 
-141 -103 3 
-12 143 74 
-85 117 2 
-63 -47 48 
76 -70 -73 
13 41 106 
35 -122 94 
104 -119 -61 
70 123 5 
73 61 -31 
-145 -10 -84 
105 59 -36 
53 24 -51 
-33 96 134 
-133 -31 -76 
84 40 56 
53 -91 -88 
77 45 92 
3 144 146 
-14 4 -150 
61 -76 -53 
14 -127 118 
91 39 44 
143 -140 -28 
-19 82 93 
-10 51 -6 
-61 56 141 
-114 -41 -52 
-28 -35 97 
-81 -67 -66 
34 -6 51 
83 -30 -45 
75 -94 -123 
-56 -10 103 
-147 95 -72 
-35 109 20 
-126 79 -52 
-16 34 -105 
60 76 53 
22 70 79 
48 -69 -79 
71 24 15 
-33 -137 -134 
-139 -82 -9 
80 -15 -115 
135 73 71 
84 -93 -28 
-132 -82 134 
-103 -38 88 
-141 5 67 
-13 -81 8 
73 78 -99 
137 6 -133 
25 41 -128 
-24 134 -94 
-38 91 6 
-42 -119 -143 
-41 103 1 
140 -45 -89 
42 -51 19 
3 128 94 
-133 -53 10 
100 148 -76 
119 -32 69 
-99 -103 148 
-28 25 -53 
-52 146 -67 
-99 106 -32 
147 -48 135 
-130 -139 -104 
-14 75 -138 
-15 -28 -104 
119 54 132 
4 -16 52 
133 56 -35 
5 60 -12 
26 36 -114 
30 -103 116 
-49 102 89 
148 -127 -75 
-72 -81 -53 
13 -109 -52 
100 147 -121 
-146 -35 70 
-88 124 -112 
61 -37 -16 
29 -149 16 
-39 107 3 
-27 -40 33 
138 126 -11 
-36 34 42 
-70 -146 108 
61 -133 10 
38 -11 -79 
-15 58 107 
139 91 33 
70 -79 -135 
15 44 111 
-108 1 -117 
47 -14 11 
95 49 134 
-34 -53 67 
-108 -26 49 
-66 -29 13 
-42 116 105 
37 86 82 
119 20 -82 
10 -43 80 
22 -117 65 
101 116 -102 
-133 -127 -10 
-134 -64 -54 
-90 63 72 
-129 79 -10 
-27 2 -64 
-97 61 -125 
98 -138 -124 
86 55 34 
89 85 31 
-122 56 -82 
-105 -75 17 
-127 -87 115 
-72 -111 50 
-136 150 -75 
23 45 -142 
60 2 -113 
64 123 54 
-120 -86 149 
108 -147 99 
30 -72 67 
133 -31 -33 
35 -46 -132 
50 -141 -48 
-62 65 47 
81 -49 -112 
-28 -95 -125 
-8 82 116 
115 -48 100 
16 -50 -9 
81 -88 -35 
13 -99 -82 
81 -109 38 
63 -107 -5 
128 113 85 
91 -136 28 
-49 -115 24 
-83 -98 -114 
-93 -41 -91 
114 -109 137 
-70 -2 72 
105 79 88 
-62 -1 -44 
-137 117 61 
92 141 -25 
-141 -24 119 
-116 53 -66 
68 -38 36 
101 34 -43 
-19 -15 -109 
-22 -2 76 
-13 12 -96 
36 -124 26 
-6 30 -148 
-46 86 -77 
-23 -98 61 
7 90 142 
-89 -4 -111 
-9 23 -79 
121 -148 149 
28 -88 -2 
-88 -35 118 
135 6 17 
65 70 -94 
14 47 36 
72 7 -108 
-73 24 -14 
96 109 39 
-123 -6 13 
86 121 106 
88 42 -94 
53 26 18 
113 83 66 
-5 80 129 
-34 -145 45 
-4 -81 11 
