-105 22 33 
11 -2 -53 
149 97 10 
58 -124 18 
139 53 76 
67 13 -32 
-68 -36 89 
120 87 -16 
-144 147 145 
-41 7 -30 
20 93 -136 
24 140 -122 
-19 21 -53 
94 118 -87 
1 10 42 
43 77 -21 
-65 -27 -21 
117 110 118 
144 48 76 
-58 43 -47 
-97 -16 77 
-32 8 -9 
132 33 -105 
-96 -36 28 
-97 6 -69 
20 23 -39 
116 147 98 
93 -103 -145 
29 -111 115 
-141 133 -36 
-76 122 125 
83 -137 111 
-38 42 123 
-49 -39 60 
83 41 30 
98 -64 -19 
22 -104 -132 
-129 -92 8 
-51 -56 -81 
-113 87 -130 
-2 -32 -141 
39 47 -126 
88 -12 -98 
-125 -42 -84 
140 1 -25 
149 -7 -59 
-88 -6 -48 
86 -141 -80 
-94 146 -25 
-148 -71 78 
-121 -89 34 
-116 31 112 
4 103 105 
-50 5 -145 
36 49 73 
-4 70 52 
-3 66 51 
74 70 29 
-67 38 -117 
-84 150 65 
106 21 -142 
76 77 -84 
-102 91 12 
-24 64 -102 
-43 19 -133 
-125 79 73 
-1 -103 -18 
-30 -86 23 
31 49 1 
-4 122 12 
-124 -135 55 
-104 88 -81 
-147 127 -24 
8 -55 -92 
-46 29 38 
-129 79 108 
-136 -101 111 
-35 -124 -72 
91 31 -93 
-60 -48 21 
129 3 -78 
4 17 -5 
-25 -89 -124 
12 23 -1 
-13 -87 -77 
-78 -10 -29 
-134 -74 -53 
-39 -147 117 
-74 122 62 
84 135 97 
-6 80 46 
-140 -76 63 
-111 -60 -57 
58 134 67 
-124 69 -70 
117 -71 -26 
-26 -78 -9 
-87 69 -5 
-26 84 -89 
-76 23 79 
95 -118 23 
28 -147 -71 
39 -91 120 
31 -3 -49 
-77 139 60 
75 73 21 
94 31 -15 
-144 -45 -40 
-19 -17 -125 
127 -18 110 
133 15 -120 
99 -9 7 
-1 -119 -5 
21 -73 -28 
55 -80 -63 
-129 36 -37 
-147 73 1 
-38 -43 111 
-8 22 -121 
15 -135 -107 
-140 -34 13 
-111 99 24 
60 12 -58 
132 -98 -130 
-55 -30 -65 
70 -14 -1 
-46 44 -63 
-5 47 -37 
-33 -5 145 
-124 -119 59 
-89 -44 15 
135 146 -60 
-46 94 35 
9 22 -98 
43 -49 -65 
35 27 60 
-22 95 74 
150 -1 29 
129 121 -4 
-73 -36 97 
-6 -11 -95 
-113 -145 10 
40 24 -28 
95 -61 16 
-54 108 93 
108 -14 -87 
96 135 -66 
-11 -142 54 
-11 -36 -72 
-134 -38 86 
144 -67 13 
46 33 108 
-78 17 32 
-81 74 -16 
49 -19 47 
7 -80 49 
80 -131 -63 
-110 -94 115 
145 34 -31 
-29 24 -121 
87 -33 -98 
-30 -36 76 
-8 -16 23 
-2 -36 117 
6 -140 12 
35 81 55 
-71 2 -12 
86 77 15 
7 -69 -137 
19 -80 -5 
56 -107 57 
85 -20 -9 
-138 -136 37 
-78 73 80 
-104 112 19 
19 32 16 
2 104 -142 
-90 -123 -33 
84 -60 136 
7 -26 25 
-109 -8 -119 
69 107 -62 
69 -61 -121 
36 -142 2 
2 96 80 
108 -4 -99 
-25 88 -100 
-1 -95 46 
26 -117 -29 
-54 73 87 
63 42 -131 
-44 46 -130 
-146 -31 -84 
20 -96 -34 
3 61 44 
-80 23 85 
44 -3 -134 
-63 -64 -82 
127 98 22 
-49 29 21 
16 -135 -26 
70 31 74 
95 55 84 
11 115 -18 
-23 43 25 
117 9 71 
96 92 148 
27 -133 2 
-2 -62 -89 
-149 -145 133 
-95 116 -86 
-80 -3 104 
-54 89 149 
142 87 11 
-108 -24 69 
111 -38 -32 
104 -37 24 
103 -85 -100 
-51 -124 -1 
72 -61 3 
-33 24 27 
98 -66 59 
119 88 105 
2 81 13 
22 -99 -149 
-99 106 -124 
-132 -136 -8 
-26 -117 -78 
-61 -12 5 
-143 52 -122 
62 9 -33 
-113 4 -103 
1 12 142 
-60 95 -117 
124 -68 -69 
-36 -132 39 
123 56 -142 
73 112 -47 
-132 -17 -41 
14 -28 17 
-20 -131 17 
5 -140 -39 
85 -142 -22 
-131 -98 -130 
-139 79 137 
-107 135 -79 
91 39 149 
87 -64 147 
27 89 109 
-28 16 71 
-66 -81 -61 
-111 -52 71 
-146 110 -3 
60 95 -109 
-19 -79 -52 
81 150 60 
-23 -60 -41 
128 -40 98 
-20 55 -120 
-41 -109 149 
1 -107 -86 
-8 122 -86 
-136 118 65 
-28 84 -102 
78 91 118 
22 95 98 
57 -49 -26 
-101 -7 146 
53 -57 59 
-60 -105 19 
104 5 109 
34 -117 -45 
-26 -34 -49 
-37 -46 -56 
148 -55 139 
130 108 -39 
-103 -32 2 
-69 84 12 
-5 -8 -72 
43 -53 -25 
-83 148 147 
-28 -70 4 
60 -15 -103 
-43 -122 -62 
-38 8 48 
50 -76 -75 
21 36 14 
-49 -21 86 
-140 123 95 
-144 74 126 
-29 10 38 
63 -53 129 
82 44 -32 
60 61 142 
123 -87 8 
141 10 -124 
57 19 111 
-86 4 59 
34 1 46 
122 133 30 
-58 126 -64 
2 18 115 
55 7 -69 
-136 53 -11 
-58 -1 -9 
-147 -72 -126 
42 7 -118 
132 37 77 
-91 16 20 
61 115 1 
-26 99 37 
-2 57 44 
-110 -44 -78 
-64 85 51 
62 -43 -19 
-121 124 95 
22 30 59 
100 -108 -98 
-10 -66 -42 
89 -51 -91 
77 70 -112 
-71 -48 -90 
-85 -102 37 
127 -89 -6 
44 -110 -72 
50 83 47 
74 -63 92 
66 6 -142 
-89 -131 28 
125 -66 137 
135 146 76 
79 31 -147 
-12 -81 36 
-10 -45 -1 
124 -6 -92 
-148 85 -18 
94 49 1 
36 -122 150 
4 -106 45 
-121 -116 22 
72 -48 16 
141 8 56 
-8 -60 100 
-133 68 50 
-91 101 -26 
-36 98 52 
-54 -38 -55 
13 -110 41 
44 -74 -32 
95 -1 -16 
6 60 86 
40 95 -149 
-92 31 -5 
-35 101 76 
-129 32 42 
-41 -9 110 
99 -31 -111 
-128 27 -79 
-108 95 145 
-114 129 -104 
-45 15 89 
-86 -61 57 
-77 -4 -43 
-52 87 -22 
142 56 70 
-63 144 -123 
-63 119 -74 
-139 140 -32 
-123 100 30 
128 -85 -105 
24 -87 -66 
86 101 133 
-70 -56 -36 
47 -29 -143 
130 40 -27 
58 -82 136 
-24 93 38 
6 14 -145 
-120 -42 14 
139 -81 -75 
-137 -30 145 
-8 -126 117 
82 6 -115 
-39 65 90 
69 -103 33 
84 -26 83 
73 91 1 
104 -15 -63 
5 128 -125 
13 -123 120 
108 -94 64 
-25 110 -103 
60 15 99 
89 6 -88 
28 -86 41 
-96 66 19 
93 121 72 
-91 -110 -3 
-97 120 130 
62 -43 104 
116 -124 -100 
32 89 -120 
54 123 -17 
-67 -1 50 
-149 -85 -71 
-13 -48 -143 
-22 30 39 
-129 -32 -121 
-68 -34 147 
137 -24 17 
-12 77 -79 
-9 17 -101 
53 46 -68 
-24 23 21 
98 -55 -74 
-107 30 87 
-141 28 8 
55 -119 -47 
107 -36 1 
-114 7 47 
91 88 53 
79 51 142 
-117 -7 147 
-12 -30 1 
-124 -8 -45 
-110 -128 57 
-40 43 -78 
-52 127 -97 
-46 93 -83 
79 106 18 
-74 3 73 
-8 -47 93 
-139 110 -137 
111 68 -135 
102 75 55 
70 146 -73 
95 -96 18 
135 -122 88 
-150 35 8 
13 -10 50 
-3 -126 42 
66 -36 -31 
-123 -39 125 
71 52 -70 
42 61 106 
-112 84 22 
83 3 -4 
-126 118 -4 
-37 40 -53 
112 116 83 
