-90 -58 -4 
-133 146 85 
-19 118 50 
26 27 -31 
127 54 -128 
89 24 -47 
-127 -59 -84 
71 -4 75 
21 53 -49 
87 16 49 
69 -140 -17 
-47 -118 67 
105 -117 84 
134 49 -124 
138 45 145 
-51 75 -32 
-141 15 -142 
99 9 -5 
-63 31 -5 
-138 124 114 
97 -57 -129 
13 134 -1 
-111 -71 97 
-9 68 -121 
-115 -136 20 
146 93 74 
46 -66 76 
134 73 -68 
-15 35 -10 
-139 -36 54 
-16 110 132 
23 -110 -28 
-112 -98 -39 
-34 63 1 
1 -85 -39 
-10 -60 131 
101 69 -75 
-143 -12 -83 
-47 94 41 
-32 -11 -49 
-142 -18 149 
-23 -141 -10 
107 -22 -23 
43 29 19 
34 -31 -29 
-129 145 108 
85 -38 120 
-5 -126 -62 
142 12 68 
-53 -82 39 
83 59 -17 
-106 -58 65 
58 -133 46 
85 -53 -23 
-78 19 9 
-24 -69 21 
35 72 14 
81 -73 -50 
51 -58 115 
-139 -47 130 
23 -5 -22 
4 57 -124 
-79 -125 -58 
140 144 -135 
93 -42 30 
-74 -41 -26 
-48 31 16 
-73 11 -7 
-65 -66 128 
-70 30 -110 
-105 107 -124 
-129 -66 56 
-11 -105 13 
128 46 -79 
-91 -108 -8 
50 -116 -60 
116 100 -128 
-54 77 -108 
37 147 108 
8 6 -143 
-104 115 -117 
-51 79 -63 
-89 59 -129 
36 -26 80 
6 144 133 
-66 123 -67 
130 -95 94 
-99 85 -140 
-52 12 129 
-111 23 102 
-101 4 67 
-123 -28 -36 
22 131 -96 
-114 2 13 
64 11 -70 
32 110 22 
29 -79 7 
-9 -65 -28 
135 150 -106 
150 -130 63 
49 -42 26 
-46 41 -42 
57 -146 -27 
-37 -112 -142 
134 146 -143 
95 13 -87 
85 18 -148 
31 37 90 
-38 -132 -59 
-22 -6 135 
62 5 -97 
-97 -23 48 
29 137 -65 
112 -125 121 
-81 -15 147 
100 119 89 
-4 -50 7 
-112 14 -110 
36 16 -61 
61 40 -123 
-81 8 -44 
12 -144 -13 
5 -26 150 
7 -66 136 
63 34 31 
-115 148 111 
143 35 46 
-75 103 -16 
-59 7 -11 
-109 -103 -2 
146 148 -19 
85 -37 135 
-37 -135 -2 
-30 23 -6 
36 8 5 
-114 -98 -111 
127 -104 -99 
147 -108 -85 
-72 -103 101 
89 86 -77 
-17 74 100 
-134 43 111 
-94 14 -3 
-6 -68 89 
75 -5 16 
-135 48 -18 
130 113 21 
-62 -63 80 
85 127 126 
117 38 -17 
125 139 84 
17 137 -102 
-52 -115 121 
-76 -73 -9 
14 -79 -40 
113 84 -21 
-29 -3 102 
-73 87 17 
-8 29 67 
13 46 -55 
69 148 -97 
-57 91 3 
120 -25 -51 
58 8 -14 
41 75 -33 
-25 -130 142 
-54 118 -121 
86 -77 -21 
25 -121 8 
11 -34 146 
34 86 -103 
-97 -105 -111 
-11 -144 -30 
-124 94 -107 
150 3 136 
-25 -96 108 
124 131 -13 
142 -3 13 
120 4 -117 
-97 -129 -100 
-5 -124 141 
91 -140 27 
131 -29 -88 
-53 66 13 
83 51 -92 
-78 111 18 
23 113 -110 
-144 -107 37 
-75 -114 -111 
-34 -28 -147 
10 71 -84 
19 26 -4 
47 -109 141 
-99 56 64 
111 -72 23 
-40 -122 89 
-97 -120 -102 
129 -136 1 
-72 -33 103 
3 -120 148 
81 146 -72 
36 33 130 
-46 -71 -138 
-100 -56 -107 
28 -90 -7 
-85 90 -106 
14 144 -100 
78 -126 -80 
33 -11 -35 
83 47 100 
87 -90 128 
110 -127 -5 
-74 -31 -8 
89 -122 -141 
4 134 52 
-50 -149 -43 
35 -145 13 
-45 3 -71 
96 142 -36 
6 -2 -21 
100 149 85 
12 -90 81 
-3 1 -62 
-19 -32 -44 
8 113 47 
46 -1 60 
38 -55 142 
-11 -65 -140 
-121 -2 34 
-55 21 -146 
-71 -10 -102 
-89 -129 55 
-16 15 110 
25 7 71 
94 -99 96 
-96 91 47 
99 -31 78 
-75 -56 -126 
91 -109 70 
-83 132 -17 
10 49 17 
-103 48 -148 
108 139 -121 
57 -98 113 
120 -37 75 
95 -116 3 
-73 -91 -118 
-126 90 57 
-94 113 103 
-39 22 99 
8 78 14 
71 4 25 
-44 -45 39 
135 8 122 
31 -75 -24 
-74 132 -45 
13 -6 29 
-109 31 139 
65 21 88 
-76 110 81 
98 3 141 
-36 42 51 
-53 -88 -29 
-145 -107 65 
90 30 18 
12 10 -92 
-56 44 -103 
-30 -61 -41 
4 3 72 
-4 55 84 
44 -90 -141 
62 -40 -11 
146 -47 24 
15 21 -9 
-115 78 -35 
147 -78 21 
-31 -49 -1 
38 -13 -47 
-128 -26 30 
-77 -20 56 
37 -124 -43 
-31 -51 102 
-141 41 44 
132 -51 82 
68 128 -48 
-46 87 19 
-8 62 -13 
-36 -40 -97 
9 75 -54 
-28 -7 107 
93 -90 -31 
118 15 -45 
6 133 130 
4 63 -26 
-103 137 -82 
104 -70 -4 
31 -91 -9 
-38 -34 16 
-42 126 -16 
-128 142 -28 
-97 -43 46 
6 -34 36 
41 -6 -123 
-145 8 -25 
86 61 -28 
-3 104 16 
-121 -30 -24 
-75 5 -48 
82 -43 -76 
78 37 139 
-59 -17 -110 
-69 118 -74 
37 128 -101 
-113 -12 -40 
45 4 25 
-15 35 -60 
-81 53 5 
-2 -5 119 
21 -138 95 
-118 11 139 
-37 -84 40 
113 48 -109 
82 36 -113 
84 78 -61 
12 35 30 
1 101 -23 
-130 -68 29 
130 116 13 
47 -129 -90 
-50 -142 1 
-5 -32 135 
-127 22 36 
-23 -127 57 
83 -112 49 
-25 9 -58 
107 -74 62 
-74 -40 -116 
-66 55 -11 
143 10 28 
85 89 91 
-47 60 -22 
-53 118 87 
77 -117 9 
39 2 -85 
-20 90 -19 
-52 28 -31 
108 -96 11 
110 121 40 
-3 122 57 
-15 137 -19 
-135 6 -87 
-13 -82 54 
38 -55 -30 
8 -114 124 
147 -98 -6 
-112 14 -147 
129 -60 101 
-40 96 146 
-60 90 -58 
-29 133 85 
-129 98 -16 
110 72 27 
143 126 110 
-120 -24 35 
53 35 -123 
-80 115 58 
34 -50 43 
88 -6 133 
91 -5 39 
-27 -8 -119 
149 -1 -71 
-145 2 114 
-52 -96 89 
-26 73 28 
70 90 88 
37 43 98 
62 -6 2 
67 -77 90 
44 -125 -97 
-70 -45 73 
100 6 -53 
-15 -43 44 
-62 66 -3 
132 10 123 
105 -132 75 
-149 148 134 
129 -19 -3 
100 -30 75 
120 150 -64 
-85 137 -91 
-21 128 -17 
111 -17 -108 
-16 98 14 
97 -15 12 
68 118 -127 
119 99 38 
116 74 43 
47 -90 18 
86 -38 -2 
67 14 -3 
23 -106 -111 
-129 103 77 
18 -128 -39 
48 -66 -118 
-51 43 -89 
130 10 22 
12 99 76 
35 -139 -94 
-117 -121 19 
39 34 -51 
82 -134 17 
-65 -67 40 
104 -143 -4 
111 130 -139 
-115 -86 109 
-143 57 -111 
52 5 -55 
-9 -1 -12 
77 26 -134 
-19 123 -21 
-102 26 -119 
145 52 75 
102 -25 -130 
147 -100 -128 
74 66 -146 
-99 -66 -144 
136 -130 -11 
50 43 89 
115 -59 32 
131 3 128 
108 -8 -10 
132 16 -60 
-4 -73 -44 
68 -115 146 
136 -59 -39 
106 -47 61 
-51 -146 -8 
74 -89 7 
45 -60 9 
-27 45 46 
148 139 83 
130 24 -31 
9 141 -21 
47 -121 -130 
99 -86 -81 
141 -3 91 
-23 -24 73 
-113 -21 47 
142 75 -2 
-140 -92 53 
