119 6 -138 
-113 90 6 
-39 -103 31 
-47 -48 10 
-43 -59 119 
-25 101 -4 
-69 28 -62 
42 111 -45 
-48 38 -82 
-41 53 94 
47 -82 55 
9 19 68 
4 -103 -148 
-35 56 93 
-83 104 -75 
112 89 -45 
-85 14 37 
-98 -67 117 
-110 -98 25 
60 63 12 
-70 63 1 
-137 -28 -38 
-24 -136 2 
-140 107 48 
-88 -145 -136 
-48 -87 61 
-126 82 -3 
-62 21 102 
-107 3 118 
102 87 -104 
150 -44 132 
117 -48 65 
123 21 -145 
-116 -86 9 
97 -27 15 
74 81 -1 
-78 -67 146 
-87 -86 -76 
-67 -17 -86 
-101 33 -55 
-70 -13 31 
112 -107 -1 
-133 -48 -66 
-18 -16 137 
70 -60 72 
9 -58 -144 
-142 1 20 
37 33 146 
-111 141 -82 
-27 -91 -10 
-134 138 32 
-15 -69 24 
77 -119 126 
-101 -84 -96 
-2 -81 -129 
-53 -127 20 
117 107 123 
56 -68 -105 
-33 -106 141 
-138 117 -6 
-31 -103 -41 
133 -31 -64 
-72 -31 -75 
-71 26 94 
27 15 -81 
-86 -101 64 
5 -13 -52 
-144 -106 112 
8 18 144 
-139 73 -29 
129 -20 -4 
-11 -64 -59 
39 -28 -63 
105 48 -38 
-136 -80 113 
-91 49 -130 
-16 103 -100 
110 82 -89 
-147 -64 114 
-106 -10 -114 
-133 -99 20 
-32 47 -8 
106 121 -16 
-146 -41 -36 
119 143 -118 
-144 -61 90 
-124 113 31 
56 -139 74 
-88 41 50 
7 -47 89 
131 70 145 
50 -69 14 
-52 -76 -141 
54 -5 -116 
-22 -116 2 
127 -51 19 
92 -88 24 
-28 -113 -100 
-137 -45 -89 
140 -44 -134 
17 -6 140 
-43 105 -51 
-13 -55 15 
-2 -27 -122 
-96 103 5 
-27 30 83 
22 -9 -29 
80 -128 140 
-29 148 -102 
-128 11 -47 
-53 -32 -124 
-82 16 -124 
149 121 93 
47 64 9 
57 130 -1 
-44 107 136 
44 -70 45 
34 -37 17 
40 9 -130 
-71 142 -2 
130 -70 129 
-34 109 5 
-56 -44 -108 
-8 -85 121 
40 -61 -33 
68 -84 -29 
-43 109 88 
-90 69 61 
-16 -23 70 
91 68 36 
62 -33 47 
-94 20 -40 
84 83 24 
-87 124 18 
95 -56 -16 
145 4 -146 
94 -57 -88 
-137 -12 82 
-11 49 17 
53 61 -49 
14 -96 78 
89 129 53 
116 48 -49 
-76 14 -130 
43 -11 60 
1 53 -57 
21 -72 -68 
-132 -4 104 
60 45 -119 
92 -3 78 
131 -22 14 
-93 54 -106 
-54 129 -67 
109 -36 7 
-132 -7 12 
125 105 -62 
-10 -116 29 
-39 -133 51 
-122 -121 148 
77 75 35 
2 -91 -108 
58 -108 27 
-12 -16 -52 
-134 -119 -34 
26 107 84 
61 -123 18 
-44 105 83 
-3 133 86 
19 -108 -131 
20 103 136 
-19 -42 112 
-53 -4 -56 
17 1 -73 
26 -68 -144 
53 -68 -33 
-129 -23 137 
-3 -140 -41 
107 26 -108 
-34 -99 3 
89 -39 -135 
5 97 114 
62 -115 -15 
24 51 54 
72 -38 106 
36 -87 -97 
-63 35 -100 
102 -105 141 
45 55 -51 
-14 -2 136 
-66 -70 -40 
20 108 -5 
-23 -112 -66 
150 -84 -30 
47 -124 -111 
-103 59 -73 
35 -38 -87 
1 95 41 
47 65 -15 
-111 -44 98 
146 59 105 
-54 96 99 
69 -126 58 
35 -57 -37 
-148 -55 12 
-21 33 50 
-50 -139 -115 
-35 124 -64 
91 78 126 
145 106 -111 
106 -97 18 
32 135 78 
-144 -62 132 
58 -74 -3 
-22 116 42 
1 27 106 
-88 49 60 
-120 110 79 
63 14 16 
131 92 97 
47 142 -3 
-131 69 82 
117 -92 -141 
-52 38 -92 
119 59 -30 
34 94 -30 
99 -143 13 
77 -41 137 
-30 -12 -52 
52 -6 -29 
145 -72 -106 
137 136 5 
-39 109 40 
150 -68 -44 
84 79 -129 
100 89 -141 
-132 115 21 
-61 36 131 
122 -8 97 
-138 -40 4 
-133 52 -45 
-59 3 7 
-72 -19 -99 
133 -38 -132 
27 -17 25 
101 -141 -146 
119 59 -40 
-35 14 24 
-122 -20 -2 
45 -145 -16 
-5 -148 -116 
-71 79 -52 
-8 -124 127 
63 31 -42 
-93 -58 115 
89 38 115 
-134 100 81 
137 -44 92 
-101 33 94 
90 -89 95 
13 -1 113 
40 -33 -79 
-58 24 -40 
48 -116 52 
9 4 -126 
90 -148 -78 
7 -65 -127 
-112 -62 -92 
98 46 -55 
50 -11 -149 
-25 -149 118 
-77 -42 -102 
-39 -99 45 
139 -4 -41 
146 -29 -34 
-85 -104 14 
104 -133 99 
-31 -96 -63 
-65 -27 32 
-73 130 -37 
-69 -34 87 
-141 148 104 
-14 -61 42 
79 -83 -34 
-137 1 76 
-51 -15 -20 
-33 17 56 
-110 35 127 
-43 42 134 
-105 -144 131 
-141 -69 60 
76 45 60 
-6 55 143 
-142 148 -136 
37 145 6 
4 123 145 
-35 -69 25 
106 -133 17 
-117 -96 -107 
41 38 118 
59 -16 -135 
83 -143 -12 
48 -61 -135 
-35 146 69 
116 -79 95 
113 -74 105 
-31 28 17 
-26 -42 -7 
-46 -144 108 
119 86 -91 
60 42 -69 
-26 -80 110 
43 -126 38 
-11 -21 22 
-122 -37 79 
48 33 93 
-8 65 53 
-134 38 123 
-90 150 89 
110 -142 -58 
42 131 28 
15 -117 -46 
21 -27 7 
-119 43 -12 
27 132 30 
-112 -107 25 
-121 57 -127 
-143 64 84 
-145 14 135 
-64 147 -74 
108 -130 -46 
35 -68 -59 
-27 -42 59 
37 95 -2 
-88 17 -14 
-99 31 4 
62 -13 69 
-19 112 119 
-26 71 123 
147 139 145 
-57 -70 -137 
-64 -108 35 
-130 -109 84 
111 5 130 
-77 71 61 
-39 42 47 
-98 49 44 
-94 19 62 
-57 -39 -15 
131 -128 -113 
4 34 -146 
150 148 24 
-115 -80 5 
117 -67 142 
2 80 64 
-136 -1 21 
80 -42 -63 
4 144 146 
150 27 37 
116 114 75 
99 104 -46 
102 74 -143 
7 26 -46 
126 51 -30 
66 -11 142 
-140 -86 52 
-55 43 -102 
85 -50 -119 
-51 5 125 
36 91 -111 
135 89 -139 
9 90 74 
129 -132 -6 
94 -59 -84 
-78 -45 129 
68 -70 -85 
136 -83 126 
10 -121 -70 
37 147 -15 
10 -121 95 
127 135 114 
-3 -78 -114 
78 -122 89 
-143 139 -52 
-75 38 54 
-23 -112 -53 
-150 8 -99 
-7 -92 -59 
-113 -26 123 
-102 -119 -62 
-12 4 17 
56 124 106 
10 -55 -81 
-97 -48 -83 
-107 59 -88 
-55 -124 33 
118 -109 22 
103 11 44 
-26 47 -104 
-48 76 -88 
27 13 23 
-17 56 16 
-115 85 -116 
-103 95 112 
-141 145 63 
-115 57 -48 
65 -88 128 
-62 -51 -68 
-83 -120 107 
102 -45 -4 
26 27 56 
-76 -124 -36 
44 32 91 
-15 -3 -4 
12 -70 108 
34 -50 73 
88 150 -44 
146 -115 79 
-3 60 131 
-83 23 84 
-48 -24 -128 
-5 -47 -94 
132 -63 -72 
-9 -37 -132 
-79 28 5 
-140 87 -108 
15 142 111 
7 -135 -83 
-24 -55 20 
-37 15 -60 
-11 42 -70 
97 3 104 
41 -20 -137 
-147 70 -18 
98 -19 -115 
-34 -62 126 
-2 -34 -102 
96 48 91 
36 74 13 
58 -112 64 
18 48 113 
61 114 -130 
-21 -94 -9 
-88 83 131 
-3 -4 111 
-58 47 4 
149 108 -35 
39 40 115 
39 -145 -133 
-13 -27 2 
95 -55 -53 
