-129 -105 -77 
-7 -18 6 
78 82 -31 
88 -144 149 
26 -22 -28 
130 30 6 
77 49 -34 
106 3 -138 
-79 -141 18 
-25 -120 68 
55 2 5 
69 -135 5 
60 85 -90 
-44 37 -103 
-93 60 143 
13 102 34 
48 -59 45 
-6 -107 23 
85 120 21 
136 87 88 
86 142 -140 
25 -138 150 
15 27 52 
-99 -97 -61 
-75 110 -60 
58 -131 16 
58 -12 -88 
-97 -88 -11 
-148 108 -12 
-78 -34 123 
-56 -23 -62 
-23 -147 92 
10 -84 -35 
29 -144 -143 
74 -41 121 
67 108 -5 
-124 -52 18 
2 -20 121 
82 144 -106 
126 34 58 
16 -52 -80 
32 108 -40 
27 -46 31 
-6 27 -109 
-45 -28 -77 
8 81 -4 
9 -35 100 
14 138 -51 
-10 96 97 
51 -1 19 
-16 139 104 
-76 -136 20 
4 149 115 
-11 -142 133 
99 24 53 
-90 -135 20 
-46 148 26 
-147 -95 -137 
43 -137 -95 
-15 47 -112 
-99 85 -121 
34 -37 66 
-113 12 57 
26 -24 -90 
2 -13 35 
39 -19 2 
-117 35 -65 
-1 83 46 
72 90 -64 
143 61 -28 
-16 26 -18 
131 -39 64 
25 123 -60 
-13 -37 4 
-63 6 3 
-21 7 88 
-16 10 150 
-85 -89 72 
126 137 -77 
17 99 -16 
-131 -99 64 
25 -127 -6 
-108 -62 34 
-93 -147 -44 
-3 -121 146 
-43 -70 127 
53 -4 -114 
-79 125 -72 
106 -59 -149 
114 -15 -58 
126 3 -129 
115 -95 73 
81 5 -146 
50 130 45 
29 2 -97 
62 -136 127 
48 29 -38 
147 -10 -126 
79 -30 -57 
45 -22 -2 
26 -36 15 
-94 -150 116 
-37 149 43 
-135 69 -28 
128 -5 -21 
91 26 -137 
-91 -14 122 
20 -88 75 
1 -2 -122 
-47 27 -10 
-116 59 69 
-23 -132 -130 
-62 1 -28 
76 -136 -43 
39 -116 -14 
128 -27 -62 
-13 -6 -149 
52 122 62 
34 72 -70 
111 139 -10 
-74 2 100 
-26 -66 79 
104 44 149 
-150 110 -106 
-28 -91 122 
2 96 63 
-80 73 101 
-95 -53 -70 
-2 144 66 
24 -142 83 
106 119 55 
-146 -109 -105 
40 -68 58 
-21 5 15 
-97 -140 -150 
-121 57 87 
78 -121 145 
-127 -22 21 
-96 104 -68 
-56 -71 131 
-7 116 119 
-137 -14 116 
-45 34 -135 
34 -146 -96 
-111 8 -99 
-138 -63 -102 
43 134 -82 
-95 -67 -61 
-125 110 18 
8 38 58 
4 55 20 
-32 -3 45 
-31 87 -71 
-7 -11 131 
43 -95 1 
83 -20 9 
73 15 17 
43 -98 -12 
110 -68 24 
106 63 133 
82 -148 -46 
118 9 31 
26 -2 47 
78 -50 5 
61 14 59 
-104 -150 -129 
-101 135 -123 
-108 71 118 
148 -82 -135 
-56 -106 33 
62 12 89 
-84 8 -73 
-93 147 -65 
-145 -9 130 
-71 109 -106 
35 40 21 
-98 142 61 
48 -149 -143 
70 -26 114 
-7 108 -45 
33 -63 3 
-45 137 67 
-74 -85 -111 
-106 -31 54 
96 79 32 
7 134 -48 
-106 -104 -8 
-93 84 -89 
144 118 -22 
-69 100 71 
53 -113 62 
35 69 -71 
137 38 87 
-137 -26 -17 
-2 78 -27 
27 96 29 
-134 50 64 
49 11 -136 
33 -32 54 
-98 -72 140 
149 129 -15 
-127 84 76 
-140 132 84 
7 -100 16 
123 114 137 
-52 -7 122 
108 7 8 
-6 120 74 
22 36 63 
-1 -120 85 
19 98 17 
-147 -29 145 
136 -116 -27 
148 124 -96 
64 73 -24 
-113 -105 9 
-21 -107 -48 
127 -103 66 
-57 -136 61 
-1 63 -27 
131 -74 89 
-67 48 82 
-148 -135 -136 
-124 -9 41 
41 87 -132 
-93 47 4 
56 43 108 
124 150 -73 
84 71 -4 
13 -121 -86 
145 87 -64 
143 89 24 
-93 -1 82 
-65 -4 140 
-11 -107 112 
-67 -129 16 
6 -10 -13 
35 -50 48 
-148 71 -111 
-86 -8 100 
-39 -20 -15 
31 -1 7 
-22 45 -37 
15 -111 -17 
34 -92 31 
116 -85 94 
-94 -92 128 
104 -63 -83 
128 -83 24 
35 -135 127 
-16 55 84 
134 -87 -59 
-78 36 -137 
45 -14 60 
-18 27 24 
22 92 -69 
-108 141 115 
-47 -94 145 
-35 141 89 
-69 74 3 
45 -91 60 
-28 85 -84 
94 48 2 
-123 26 -15 
75 -114 121 
148 14 -38 
-98 26 -4 
-58 -7 91 
-63 -89 111 
-10 126 -106 
50 115 -96 
103 -44 144 
-138 9 -89 
37 -12 -130 
-58 71 74 
37 119 -32 
59 65 121 
-128 148 70 
100 -90 54 
13 -124 136 
8 94 -10 
-68 30 73 
36 42 135 
20 123 129 
138 -57 10 
15 4 60 
144 -18 -42 
-113 -140 78 
25 52 -88 
106 -63 -11 
133 -141 -97 
-18 59 34 
130 -150 103 
-84 -102 135 
-2 -104 56 
-140 77 -64 
-108 -58 13 
-70 -51 143 
81 -95 -128 
3 117 -55 
-26 105 -63 
-55 29 38 
20 23 6 
132 85 116 
-9 104 6 
147 -109 12 
42 -144 137 
-13 -33 -78 
97 48 -11 
59 86 -56 
12 86 38 
-99 -35 111 
-29 -53 -11 
-1 56 -80 
-30 -95 45 
-50 -132 124 
-89 120 2 
67 -54 24 
38 44 124 
-22 -136 -49 
106 138 -33 
119 68 54 
-12 29 -78 
-45 18 -141 
-111 81 -149 
8 -54 -34 
-125 105 -2 
-48 -141 -102 
78 -82 137 
-23 127 75 
125 -94 48 
-11 20 148 
-101 38 -73 
-10 24 -101 
-65 -127 -21 
30 -7 105 
51 17 91 
-133 128 102 
75 -31 76 
141 -108 -28 
65 11 -60 
-10 -36 47 
54 -71 29 
-50 -81 -61 
-72 105 42 
-81 40 108 
22 63 90 
6 -99 35 
-27 -128 -44 
-109 48 39 
-1 -72 67 
-63 -11 -18 
42 23 -44 
17 110 -49 
3 -19 -9 
116 -137 65 
65 97 -25 
122 89 -30 
86 110 19 
-83 115 11 
-78 -35 -23 
-128 -119 127 
-16 110 74 
4 112 -91 
-53 1 -25 
-44 92 17 
-149 7 43 
117 -68 -130 
-16 80 22 
120 100 -5 
-124 141 -55 
-76 33 13 
128 120 66 
28 -128 123 
10 -70 -116 
47 72 10 
127 147 -64 
94 8 -113 
82 122 -65 
-48 21 98 
136 128 -47 
-110 55 4 
31 -11 -34 
46 -122 30 
47 33 -108 
-18 -110 -145 
2 125 -148 
-6 -115 117 
123 -33 83 
-93 124 102 
-123 115 2 
140 -85 148 
-76 1 -119 
-128 91 121 
-141 -82 71 
23 -54 -2 
146 -149 5 
116 -88 -96 
23 -102 -30 
-127 83 -79 
91 -121 133 
94 -24 59 
33 98 48 
-140 -48 55 
92 -8 21 
-12 -150 -29 
145 36 -67 
62 -148 -15 
34 133 130 
-5 -106 147 
1 111 -98 
106 -100 -14 
95 -140 33 
57 -93 -64 
-17 -39 116 
-51 -70 -6 
-3 112 59 
40 -129 45 
109 -28 120 
-79 22 -119 
-6 -51 -99 
31 41 109 
-141 77 131 
-149 26 68 
-116 -36 84 
121 -39 -102 
-18 -6 -49 
31 -37 -100 
-62 -77 1 
73 -57 129 
50 -47 -42 
-18 -7 -134 
-113 -112 36 
44 46 -36 
93 23 47 
-84 -99 -9 
48 -16 4 
90 49 11 
6 87 26 
-129 -142 23 
-34 -108 -17 
-31 14 119 
-109 54 20 
58 28 -79 
-92 -41 21 
8 -44 -59 
-24 116 -53 
141 11 -21 
107 26 25 
14 16 1 
