21 60 88 
119 -103 -64 
112 134 -108 
64 126 -148 
-131 -132 87 
-98 -95 -93 
129 67 -80 
33 -122 65 
91 -19 72 
77 95 -32 
102 83 33 
-23 94 28 
-10 33 -110 
-74 -61 89 
-77 -52 -141 
-5 44 -145 
105 -2 -117 
-70 138 101 
-93 -37 -5 
52 28 48 
70 -62 112 
-104 52 141 
29 -101 146 
-5 -59 -77 
116 94 -78 
69 89 131 
117 -105 56 
-8 -21 -106 
-130 -4 -127 
-58 -50 147 
-136 149 -13 
31 96 -117 
-49 -145 7 
-144 -71 -39 
-77 70 -127 
-62 52 113 
93 12 135 
-116 94 -10 
15 146 31 
-98 44 142 
-127 115 -142 
-100 -58 -93 
110 5 50 
114 -24 91 
4 -16 74 
62 -128 -22 
101 8 13 
2 -112 19 
8 50 49 
120 68 -132 
-129 109 67 
80 31 114 
97 -103 143 
11 -86 -7 
38 -87 -24 
-6 -65 -29 
-18 96 118 
-134 -6 -150 
-38 111 136 
20 133 117 
118 -4 -109 
-120 39 147 
5 17 42 
-39 -2 38 
7 -119 17 
-97 89 -139 
37 49 -133 
75 -66 67 
-105 138 -123 
-45 93 41 
24 -140 76 
94 -33 80 
-5 -133 -48 
52 102 12 
-133 -72 -80 
82 -84 128 
93 36 -85 
-126 81 97 
109 105 -138 
-143 99 18 
139 -96 93 
-64 5 -41 
128 129 10 
-43 4 -47 
11 -15 116 
-100 106 5 
115 -149 -60 
-5 -1 -24 
-137 27 73 
74 -4 94 
-87 -98 116 
-134 -1 10 
38 125 -134 
20 61 96 
80 -47 -86 
128 -39 104 
-55 27 97 
2 6 -45 
39 -66 -99 
53 118 144 
-118 -34 150 
-45 84 -91 
-76 90 125 
-132 147 54 
-9 84 -85 
13 -103 -3 
-47 143 -4 
117 -26 13 
-99 86 94 
-2 75 -91 
120 127 77 
-119 87 -105 
-82 -84 104 
35 47 -23 
-113 71 -63 
-20 -118 -96 
77 7 -147 
71 -96 -99 
-113 83 -121 
-65 -2 122 
103 75 120 
-53 22 68 
-111 -57 -3 
-81 -45 -58 
-15 31 84 
-16 130 123 
-4 -96 7 
-134 28 -73 
15 130 13 
16 -87 133 
20 102 43 
-95 39 22 
-109 -126 59 
104 49 89 
-1 55 115 
17 -15 76 
-105 -90 -47 
75 -16 8 
88 105 38 
-8 16 67 
-72 90 62 
102 -98 -76 
-74 86 -6 
47 69 -16 
20 -112 -150 
-47 150 2 
-139 149 -47 
133 11 -64 
15 -125 -7 
-142 124 -7 
-110 150 55 
150 128 -112 
20 -65 -71 
-15 -49 17 
-124 13 144 
5 -144 23 
80 -6 -135 
-89 -6 -24 
19 114 97 
4 -148 -49 
88 -50 20 
-48 -93 88 
52 -3 -16 
74 -11 73 
-36 -11 45 
-102 -98 -4 
24 -46 -91 
115 61 75 
-10 -14 -82 
-36 59 -64 
76 13 128 
99 -47 26 
-145 -142 -42 
-22 75 -39 
58 -46 -89 
117 -60 -127 
108 91 126 
96 12 -107 
64 -148 52 
124 123 15 
139 76 -51 
116 119 115 
88 126 148 
-119 -64 147 
-133 -68 101 
-15 -111 13 
66 -12 -39 
113 33 53 
145 -11 90 
-97 9 135 
-48 -68 5 
-3 -135 52 
4 -60 36 
-112 11 -144 
-144 149 -48 
121 -40 93 
94 -12 38 
-40 122 67 
133 -85 -18 
101 -44 -7 
29 75 -63 
37 -79 -31 
9 83 17 
135 75 58 
16 53 -94 
-2 101 6 
-115 -61 12 
143 3 108 
15 -101 -26 
89 -82 -2 
-91 125 -8 
-8 111 73 
114 -12 127 
-131 18 55 
-93 -16 -13 
-38 -23 -109 
-10 25 51 
-6 -41 -113 
65 94 -53 
119 -40 28 
143 149 -12 
-136 -16 -120 
55 26 131 
67 -53 -70 
-42 104 55 
-8 -100 81 
-150 46 -14 
-90 66 -131 
17 91 -75 
20 120 -31 
-49 1 9 
-58 -61 14 
122 38 35 
99 37 -78 
-25 -32 -95 
75 -1 112 
109 -44 -6 
-11 22 2 
110 41 -107 
39 12 -97 
-139 -72 -150 
59 97 -103 
-86 -109 -19 
-15 77 -7 
1 31 108 
80 32 -127 
-126 -31 -2 
44 136 -47 
118 52 -139 
-21 -114 -109 
-33 118 77 
-70 -69 -35 
6 99 -18 
-18 -112 -89 
95 5 -10 
114 118 -111 
44 -109 -147 
-65 -130 -95 
142 33 10 
-106 123 59 
61 52 16 
-4 -150 -7 
147 136 -112 
34 147 50 
-20 145 -121 
-32 -38 -117 
107 -45 20 
3 37 68 
-21 19 139 
-107 18 -14 
148 48 -77 
70 133 -130 
101 -126 129 
-59 93 80 
-33 -45 -84 
-88 101 113 
34 -72 137 
130 9 -114 
-118 82 41 
142 -116 133 
-17 -100 112 
61 85 42 
-115 -72 -135 
78 -64 62 
-6 -141 -109 
1 90 109 
-102 33 -42 
-124 -150 -36 
115 -27 -1 
-86 -142 -53 
80 130 24 
-11 32 61 
-147 -82 123 
94 148 -150 
15 -56 -16 
67 -17 -75 
31 -83 89 
26 34 81 
17 7 1 
14 -103 91 
-116 -88 -37 
-28 77 -76 
-17 121 3 
24 -51 -41 
43 73 106 
-34 -74 -3 
58 115 -71 
-37 -72 120 
83 62 30 
106 112 -115 
30 13 82 
104 1 -34 
135 -61 58 
103 -6 -95 
-141 23 46 
-33 19 52 
30 60 -124 
75 6 37 
97 -41 -108 
-13 -65 -66 
120 -9 67 
96 47 -63 
-44 85 -17 
86 8 57 
71 -118 -109 
62 -29 123 
-134 -99 115 
45 -97 -33 
101 5 -26 
-146 124 -89 
65 -49 -79 
6 79 80 
43 113 131 
-132 46 -55 
-48 -124 9 
29 69 42 
-93 106 -48 
-38 -61 1 
-107 127 2 
9 97 -12 
65 15 -27 
17 2 -109 
130 -78 -20 
3 67 -96 
-51 70 94 
85 2 -89 
122 141 138 
-106 46 -113 
-109 95 143 
-39 112 -81 
-40 -47 -10 
-14 51 37 
21 129 30 
22 34 6 
56 5 -110 
93 69 -80 
135 45 -114 
81 -127 90 
48 -50 121 
93 59 -31 
144 45 149 
-28 103 -127 
-88 -130 -128 
130 54 -95 
-32 -19 -95 
-114 10 -22 
-49 -62 137 
33 120 -130 
24 23 125 
53 -22 -30 
-71 78 -60 
58 149 71 
-59 -102 -73 
101 -136 113 
-127 -150 -131 
-13 141 -3 
-104 -23 -31 
47 -28 -118 
-69 -32 -22 
-17 -21 -94 
-141 -17 49 
1 -66 9 
94 -52 70 
150 -27 -148 
7 150 -64 
41 -24 -1 
135 -78 37 
-25 86 33 
-70 -44 4 
43 103 45 
15 89 -121 
72 -2 123 
-28 139 44 
-107 117 95 
133 144 -67 
91 -82 21 
42 -16 -13 
-121 -50 118 
-115 38 -44 
-45 103 96 
-18 -8 -68 
113 -2 10 
35 -107 -87 
89 75 -8 
-122 142 -10 
96 -12 4 
66 130 -124 
44 -22 -73 
-115 100 59 
-24 48 121 
26 -14 -100 
26 82 91 
2 -93 -123 
-9 -128 114 
101 36 -9 
84 2 4 
-66 -49 3 
-47 -11 16 
-56 106 150 
124 7 -130 
62 68 86 
4 72 -11 
-4 6 63 
52 -49 -51 
110 -70 16 
17 8 76 
63 41 113 
-140 127 109 
-24 112 10 
56 -93 -4 
140 -11 25 
33 -62 40 
69 89 27 
-5 144 70 
-78 -23 106 
65 -30 -70 
-107 -123 -79 
115 107 11 
104 7 -19 
45 -139 -18 
-118 -139 32 
-135 -41 -39 
-24 109 -122 
143 -140 91 
-54 55 103 
-95 53 120 
-32 -2 -72 
139 146 -19 
57 115 -10 
21 -75 12 
