-23 -118 -112 
-99 -63 -2 
-38 75 -23 
108 -56 32 
-147 -124 -83 
-119 33 -64 
8 -130 135 
51 -100 71 
141 -73 108 
-12 24 -127 
-15 95 23 
50 113 117 
26 64 68 
20 -5 -38 
33 88 64 
6 114 111 
-108 -27 -13 
113 -73 144 
-49 -66 18 
41 -30 71 
-98 88 -78 
141 -2 -4 
-44 26 139 
74 21 4 
-145 32 55 
-118 -30 4 
72 -101 17 
13 57 -51 
110 -63 97 
-24 81 -48 
-86 120 -142 
-66 -117 -61 
-14 -31 -17 
42 52 138 
-36 -74 37 
32 -118 15 
140 70 132 
-146 107 109 
41 34 36 
-66 10 -72 
100 -21 -14 
38 -28 16 
98 -14 57 
73 15 150 
-64 -134 -9 
46 -86 -99 
-70 -138 -114 
35 61 -140 
-147 -9 -101 
142 26 -8 
143 -44 95 
-2 15 105 
-79 130 9 
-90 24 -39 
122 -112 -41 
-81 30 93 
-47 -57 72 
-59 -88 -2 
91 74 -97 
-18 -23 132 
40 -17 -11 
126 -130 -108 
-74 -8 -23 
47 94 -141 
-61 -4 -141 
-126 48 -52 
-101 49 130 
80 4 -124 
-14 24 -12 
21 25 3 
-112 -58 115 
92 -117 78 
-102 -37 34 
31 -100 28 
-118 -49 -2 
1 -61 91 
1 -61 150 
-77 -87 -124 
-132 -60 -68 
-5 105 -18 
-78 -110 -3 
107 60 -69 
-84 87 -78 
62 94 -30 
127 35 -32 
113 77 -98 
20 115 -106 
18 -137 -123 
1 72 36 
-77 -122 80 
115 64 93 
-40 -82 -80 
-89 10 26 
-44 90 61 
-59 95 -108 
-38 32 88 
17 14 7 
3 -41 82 
61 4 -54 
84 21 -6 
52 -142 28 
-80 11 -99 
-4 80 39 
99 140 10 
-135 -102 79 
-2 48 52 
81 -9 40 
7 -53 114 
-111 79 142 
109 -79 -143 
-86 -85 -23 
10 -65 79 
-32 97 -90 
-127 -5 -145 
-107 35 -124 
78 -29 -111 
7 -51 -75 
-98 12 -94 
-39 -98 136 
146 -7 32 
-140 118 33 
29 -16 8 
-101 -22 -27 
12 56 -125 
7 -57 42 
-58 102 15 
-53 -97 -18 
-94 54 1 
64 23 86 
55 -24 -122 
34 -12 76 
81 20 -65 
11 50 -98 
33 61 -109 
-7 140 2 
-1 -13 -17 
-24 -97 -135 
-110 70 -102 
34 -51 -126 
-11 66 -119 
72 -7 -76 
-85 -94 56 
9 63 29 
124 60 141 
14 -6 -18 
113 132 19 
109 121 -119 
-32 96 -23 
108 58 30 
106 -38 -139 
89 -29 107 
-49 125 4 
133 16 -20 
113 -99 43 
122 -13 -124 
-44 5 63 
-60 -132 -107 
-3 125 -135 
-148 84 -91 
105 -135 -7 
-108 -109 -83 
-147 -55 99 
-11 -118 -26 
-118 -101 -144 
45 81 -134 
84 -24 -15 
39 1 108 
48 -47 77 
-45 -50 -49 
49 48 9 
-144 76 -139 
-26 -113 67 
126 66 -58 
-28 26 52 
-87 58 -25 
-83 -15 62 
117 -87 26 
-34 -89 103 
68 69 -35 
149 -54 -145 
-99 -77 -13 
104 33 10 
-124 -82 -72 
-7 19 -87 
118 -136 74 
-87 37 86 
131 80 36 
-17 -24 46 
-54 -44 -72 
-70 -75 -38 
-8 1 -67 
9 -127 53 
-58 39 -43 
95 -81 40 
36 -135 -112 
-107 43 11 
-19 -104 -97 
-69 105 -78 
-125 -121 16 
61 -46 94 
-28 -68 62 
84 72 20 
24 -81 58 
-87 -81 -130 
12 73 139 
-130 -12 -1 
40 -6 -42 
-4 27 68 
-33 134 -12 
-139 6 37 
-79 62 100 
-79 21 141 
34 9 -23 
29 -48 -85 
-21 -105 -46 
-116 97 -25 
135 -26 105 
120 51 -21 
-99 -4 129 
58 -147 -144 
-90 35 -144 
-95 -92 18 
-9 -28 91 
64 66 -26 
47 3 68 
64 -22 -1 
-4 -105 5 
86 126 -46 
81 141 -128 
-127 3 -54 
90 -93 5 
133 -82 102 
4 -76 39 
143 -14 12 
7 -12 -65 
30 70 -73 
-85 49 13 
46 106 -96 
-120 29 5 
-19 -45 -34 
21 72 -80 
-1 40 -54 
69 -57 95 
-77 -137 20 
-68 138 10 
99 -58 -40 
140 -90 -52 
48 -11 -141 
45 -124 -94 
-60 96 57 
147 -4 7 
118 22 18 
11 -92 -58 
50 20 41 
-32 -18 51 
-44 -92 42 
-76 44 2 
92 -65 116 
-13 97 -112 
-2 -111 -82 
-68 -147 98 
120 19 133 
-131 90 -98 
12 5 -58 
107 93 -37 
-15 74 6 
63 -29 70 
-125 -27 17 
58 34 105 
-140 -60 14 
-59 65 83 
14 -79 -96 
148 -15 -12 
-15 92 -71 
81 82 69 
47 74 -32 
-140 -93 -69 
-77 -76 -28 
-13 69 134 
109 44 35 
-6 -101 33 
-114 123 13 
-48 72 35 
-141 24 134 
-113 -77 -59 
47 124 76 
-27 3 -99 
-15 -7 27 
31 -111 -43 
-54 -57 -13 
97 107 84 
20 104 117 
127 101 96 
-42 -34 -15 
49 -33 -20 
95 136 15 
-20 -149 50 
2 4 129 
-28 -134 24 
-6 23 8 
-109 8 -18 
22 -16 -14 
-53 60 128 
-56 -62 -36 
46 -116 -39 
-42 -112 124 
110 3 -138 
-138 23 107 
74 28 111 
-43 -126 -91 
-57 -73 -100 
32 43 -56 
113 -4 -128 
56 18 104 
-104 -5 76 
22 145 17 
30 -59 124 
-48 -7 71 
-131 74 -79 
1 -34 -4 
94 99 -11 
12 72 150 
-114 100 -127 
77 69 -65 
-58 136 -40 
139 121 -108 
-58 109 79 
-92 66 -130 
122 73 -14 
88 6 87 
118 83 114 
80 66 -59 
-141 48 -56 
42 -92 -74 
48 142 38 
6 94 -96 
-8 -54 75 
-55 -50 81 
113 -134 -29 
11 122 65 
6 -120 -21 
-113 -7 24 
-135 150 46 
-1 16 106 
148 51 -29 
-125 109 69 
-56 118 143 
-128 -145 60 
-22 -20 -49 
-91 4 -69 
-123 -150 -91 
-1 -6 -113 
23 -101 -31 
-2 10 -109 
-134 -102 -93 
-150 -23 -8 
-12 93 138 
-49 37 140 
-122 -115 59 
113 -116 55 
126 49 20 
46 1 -82 
-128 97 -48 
102 -10 -87 
-19 -85 11 
-89 52 -76 
-149 -63 94 
11 114 -147 
62 133 -97 
111 -42 -118 
8 -92 -112 
-10 -150 -144 
-131 8 61 
-90 48 -12 
30 107 -35 
115 -128 -75 
20 -16 137 
-33 26 74 
26 58 -22 
-45 -14 85 
35 47 97 
-103 34 -72 
92 -15 -77 
-85 -74 -62 
97 -57 -99 
55 -15 27 
106 -17 -110 
-55 45 -59 
25 30 112 
1 -117 -110 
127 116 113 
93 -50 19 
-60 86 36 
-23 -89 -93 
6 -102 132 
132 -89 -54 
22 -59 -96 
-150 116 6 
-71 10 149 
109 -144 37 
-7 -147 70 
-140 -55 17 
84 33 25 
21 -18 97 
-46 81 106 
-77 -2 -22 
121 146 32 
144 75 -131 
1 108 50 
93 -98 -7 
83 20 4 
-19 -20 26 
-93 -88 94 
69 116 67 
-39 135 115 
132 45 41 
16 62 51 
110 -84 -83 
12 70 -122 
-54 87 63 
-94 142 29 
-109 60 20 
23 -13 20 
84 -64 10 
70 -22 -111 
34 -89 117 
130 84 118 
119 37 -9 
-107 -51 -76 
-50 115 4 
138 -17 -67 
-131 3 -21 
6 -32 -112 
144 -116 -91 
104 -81 -58 
-65 -22 -117 
-12 15 114 
67 3 118 
-90 148 -91 
61 47 92 
126 -56 -82 
-95 -140 -46 
-137 23 62 
18 -120 -131 
-59 -21 -109 
-121 32 136 
96 -37 -32 
131 -130 -52 
7 -123 20 
148 143 8 
