-25 -101 10 
55 -29 -67 
5 80 125 
76 62 -10 
-11 77 -38 
-24 129 -112 
-111 -121 -98 
-94 -76 110 
74 95 46 
94 136 23 
-1 12 88 
-87 -14 110 
-46 -58 -7 
-98 -124 -47 
118 -79 -80 
-12 -125 26 
36 -94 -65 
-52 127 144 
79 -92 5 
105 47 -80 
112 148 144 
-83 -87 42 
-42 -105 63 
-66 -37 -117 
-7 39 -13 
1 -37 -67 
65 -68 -60 
123 46 35 
-3 31 -126 
90 -66 -10 
37 -56 -22 
85 -112 137 
10 73 83 
-89 69 31 
-53 -22 -129 
44 -142 139 
-8 21 124 
103 -94 -45 
107 12 -109 
-103 -69 -116 
-41 29 104 
118 149 103 
-127 -150 -105 
16 123 -94 
-89 -36 140 
81 -3 -40 
-50 -29 87 
-26 76 -22 
5 -10 -130 
-86 81 -75 
-93 -72 -66 
149 -24 -11 
-110 -74 34 
-69 55 -71 
140 51 -118 
59 -143 137 
-86 104 -122 
-135 84 137 
-15 92 -121 
-145 27 -37 
-107 72 -1 
-55 116 -77 
-148 82 -112 
52 139 32 
16 68 -53 
-70 -40 -49 
139 -123 26 
-144 -22 26 
-128 78 107 
-118 97 -4 
118 3 130 
48 -41 4 
-2 67 -93 
-52 -126 -82 
-93 61 35 
146 115 81 
-142 25 111 
59 54 97 
-36 -16 -68 
109 57 -51 
-136 23 -56 
147 -121 99 
115 -140 87 
150 100 -6 
-31 -104 -83 
139 31 8 
-72 66 5 
38 -121 -64 
-144 6 74 
54 -137 2 
-126 99 61 
67 -2 140 
133 52 -31 
-24 61 27 
-15 -66 -35 
-25 -63 -72 
-2 -115 -68 
-27 -117 11 
60 -32 54 
75 150 78 
71 103 -9 
-33 -108 -65 
72 36 -38 
-9 -129 77 
-94 -78 58 
27 23 -31 
138 -71 -70 
74 -31 121 
-111 -129 147 
22 34 61 
146 78 70 
87 39 -59 
92 114 142 
146 41 97 
55 -91 123 
-106 -96 -58 
113 149 -94 
42 -131 -59 
-22 -111 102 
31 -108 25 
-103 67 -49 
-65 35 86 
104 -16 24 
-64 -65 -71 
-123 83 60 
-16 45 29 
-111 60 84 
89 52 50 
15 34 -66 
-25 10 -26 
59 62 -17 
-48 -71 -94 
22 59 2 
-51 -108 87 
115 -119 -20 
-42 -82 -37 
-55 51 -109 
-81 145 -44 
42 -131 119 
-6 -7 -36 
-47 78 98 
-5 -116 88 
-6 96 -107 
129 10 -102 
89 -8 -18 
91 143 -129 
135 -68 -66 
-96 -34 119 
35 145 -106 
-7 139 -134 
-108 -5 124 
142 -16 144 
126 49 77 
39 148 143 
-125 122 108 
-53 -4 -81 
43 84 -83 
132 53 -75 
-8 26 115 
-98 20 100 
-46 69 -42 
-119 -56 -44 
-4 73 82 
11 38 -109 
-129 25 -20 
91 134 66 
84 -23 88 
-24 -94 123 
131 -32 -1 
-58 74 -65 
26 127 -119 
-26 -19 -51 
-87 -63 -16 
53 51 133 
37 -20 40 
125 28 148 
81 50 -75 
38 -30 45 
-90 105 133 
-109 -22 -101 
-38 92 85 
63 -57 95 
62 -126 -66 
150 -69 -137 
-131 150 -144 
-112 27 16 
-82 -134 66 
129 120 137 
50 9 -102 
24 46 141 
37 18 -68 
-91 24 14 
-81 3 131 
48 -140 -36 
-89 36 72 
129 -96 -50 
32 -39 -129 
66 -61 133 
110 121 144 
17 3 55 
-8 -64 -17 
-142 -17 -11 
-141 64 -19 
77 -26 -42 
-128 -96 21 
-19 -39 -127 
-92 -109 73 
80 -145 128 
-20 14 -52 
69 -66 -143 
-100 -36 71 
-142 50 57 
20 -125 2 
-107 88 32 
95 -92 150 
-30 -42 -50 
-108 -124 -46 
112 -63 -126 
89 122 6 
-54 -5 46 
-128 -19 -5 
-85 -89 -18 
-4 92 65 
48 92 25 
-28 96 -118 
-147 81 125 
-138 -69 104 
28 29 55 
57 -88 22 
-4 -67 -69 
-47 -48 101 
20 -119 -82 
49 62 -57 
-1 -106 19 
110 -119 61 
-19 77 140 
14 -15 69 
7 80 -8 
83 119 -62 
-69 -3 50 
-6 67 -18 
48 6 -24 
-42 -132 -24 
66 140 -91 
-70 20 -132 
-58 -147 134 
-69 -4 79 
64 132 147 
-39 -61 92 
-142 -61 18 
119 -36 107 
12 -56 29 
53 54 -2 
-11 -7 39 
-81 -74 1 
-3 49 148 
41 -111 -45 
-31 -56 57 
-15 -28 147 
22 -36 -138 
8 -97 -11 
31 -23 -109 
-71 47 -81 
-80 57 -79 
3 -13 45 
86 -7 -102 
-129 -104 103 
-7 23 -31 
-114 48 138 
-97 -77 74 
40 -42 15 
-26 24 68 
53 -86 47 
-128 96 45 
24 -29 119 
-20 112 -74 
20 95 -123 
66 114 -11 
82 -112 78 
-12 -20 -119 
-72 97 69 
42 103 44 
-90 -81 -108 
-111 -145 133 
107 98 -18 
112 144 127 
104 -32 -12 
104 -72 -25 
65 42 43 
-37 -97 10 
-35 7 108 
-147 66 63 
72 1 147 
-28 -67 -142 
-34 48 21 
-20 120 -142 
-90 -113 -86 
60 -116 -36 
102 -54 117 
126 134 101 
143 -59 -82 
19 44 76 
-31 -24 18 
-4 -17 -35 
78 -2 -24 
-6 15 -52 
17 134 -6 
150 -46 24 
-98 -46 -80 
143 68 97 
-2 134 68 
93 72 123 
106 65 -40 
-108 35 2 
3 -141 -135 
62 -35 -101 
64 120 3 
-84 47 -138 
-116 -19 -69 
143 -11 -56 
-123 -44 86 
28 84 -50 
-1 47 -96 
71 -43 97 
136 -40 -17 
-108 -47 -25 
74 -17 -66 
12 -48 -132 
-141 -145 -52 
126 -10 21 
110 32 132 
83 -91 107 
11 -100 68 
-124 19 10 
-142 -135 50 
-82 95 3 
138 -28 117 
-148 -76 114 
20 60 53 
-105 150 -22 
-38 97 -91 
-60 40 -115 
-106 122 -59 
-85 133 -139 
149 -120 62 
-75 -139 114 
-95 -133 -122 
103 38 25 
-6 -52 -14 
70 1 -80 
146 -90 -39 
-40 -2 -84 
-78 110 -4 
52 79 -124 
12 -44 7 
-29 15 -56 
-70 43 147 
-14 55 103 
-17 -98 31 
16 118 -75 
-42 -34 72 
-39 -44 -9 
-103 -88 -61 
58 143 42 
16 3 -64 
-138 -32 68 
72 4 -17 
-8 -87 -138 
-106 -119 136 
67 8 -122 
123 -11 35 
-22 148 -97 
-2 10 53 
16 -12 -7 
129 130 -23 
24 133 -114 
-17 150 124 
37 -78 -2 
122 -73 -75 
110 38 -109 
-13 -57 -1 
-121 -149 -35 
-52 -54 -60 
49 -113 68 
-3 124 109 
-110 28 11 
15 -24 -65 
-75 49 -1 
-142 -125 21 
-74 -49 45 
-14 139 -17 
53 33 35 
74 -112 105 
-34 67 -149 
-82 -96 2 
128 141 83 
45 90 125 
-108 139 -107 
-10 55 -93 
-101 -62 5 
19 91 128 
30 49 -99 
129 130 72 
26 30 51 
35 -112 44 
-17 -53 -109 
50 131 -22 
107 -71 4 
101 91 -149 
-72 126 -120 
62 -132 101 
-104 87 -131 
41 1 -22 
-104 -33 122 
20 -109 -82 
-132 120 -113 
41 -150 -56 
-21 -39 136 
36 -39 -81 
-113 78 150 
93 -25 141 
-102 -46 -85 
28 -48 -4 
-101 -7 -111 
-133 -44 1 
-1 129 -90 
42 41 29 
-69 -117 -75 
-42 -21 55 
54 9 25 
44 -36 -24 
25 46 -134 
66 -40 -107 
113 -101 87 
-30 -38 23 
6 -15 -112 
-30 93 83 
13 136 -135 
128 -42 -44 
1 -32 -30 
-7 -108 -30 
-8 118 72 
145 -148 123 
-74 -135 -115 
20 21 42 
-94 74 101 
83 -23 -147 
4 -37 -130 
-16 -73 133 
1 96 72 
