-88 70 -51 
3 101 -127 
-72 -19 59 
87 -24 14 
37 65 41 
-41 24 14 
108 -28 2 
106 59 -30 
-80 1 104 
-62 -94 33 
120 -77 -27 
-14 120 -129 
15 -109 -28 
-95 68 -72 
110 13 -73 
-91 -69 -143 
-133 121 134 
-99 35 21 
-150 -125 -4 
13 87 76 
-19 93 100 
-134 65 141 
61 -58 -17 
-15 80 -42 
-122 -38 -20 
25 -48 -92 
67 -116 47 
41 30 46 
94 70 -145 
-52 -2 11 
31 149 -82 
-6 -2 91 
43 24 135 
-34 112 -26 
-54 92 2 
-10 14 -63 
-108 -42 138 
-37 -129 82 
23 -3 143 
9 54 101 
150 -115 136 
-84 59 1 
-137 74 -34 
116 100 88 
5 50 -29 
127 -38 -119 
105 -150 -8 
-14 -48 41 
53 48 37 
18 36 31 
-10 100 -13 
-16 42 84 
69 96 62 
-131 -40 -6 
18 -32 -17 
-123 7 -70 
79 -120 50 
-9 -146 -133 
54 -32 -67 
-60 -99 125 
64 -27 19 
56 -95 -90 
70 -73 -113 
-91 -103 53 
-145 150 -13 
-97 30 56 
-116 -104 95 
133 60 -21 
-141 -93 96 
-91 147 -19 
-80 -40 65 
61 18 49 
47 44 -53 
-102 108 -94 
-55 -84 88 
77 -60 -18 
28 -54 -112 
-107 37 139 
-33 84 128 
102 75 -39 
-88 142 -78 
-85 -136 94 
148 14 122 
105 117 -74 
-19 49 38 
3 4 -1 
30 -7 62 
-145 -59 14 
-83 -73 74 
-32 73 44 
-53 88 32 
53 141 117 
86 32 -61 
-19 -124 -6 
75 -51 69 
-10 110 18 
55 16 -17 
121 19 -105 
86 -118 -27 
6 -121 -16 
-63 -16 72 
-64 -100 -65 
26 28 115 
128 -66 -123 
142 -69 -29 
-65 -12 22 
-72 76 11 
116 -81 19 
-86 -64 -54 
15 -129 -134 
39 -80 -102 
-122 -116 35 
-92 120 74 
-29 4 -141 
57 36 -69 
-6 -100 44 
55 -77 -115 
26 123 69 
62 -7 10 
-19 -46 -150 
146 148 -122 
-27 -85 -93 
48 16 -122 
141 2 -17 
39 -131 133 
-134 -100 -7 
-101 49 87 
-34 79 -40 
-26 137 122 
114 -23 11 
126 133 54 
-14 50 -22 
-14 -41 -83 
9 -60 61 
21 -3 44 
87 146 -68 
-25 -122 9 
16 62 -7 
140 128 -61 
-113 33 67 
82 108 56 
-83 -89 45 
135 -86 -109 
128 26 115 
29 22 102 
49 -53 -40 
-132 -92 -90 
80 123 -114 
-6 115 -63 
30 45 -61 
82 -62 119 
-123 49 57 
19 116 10 
82 68 -39 
-104 140 -37 
104 -57 -82 
-113 5 -60 
-49 -42 -123 
63 -2 -30 
-133 112 101 
124 -13 -38 
-16 -36 -99 
-83 -26 -105 
138 -7 59 
2 82 92 
149 -122 91 
4 -123 44 
85 91 -8 
93 -81 -149 
-77 141 -51 
-131 -95 57 
118 106 -76 
60 -96 -10 
118 150 30 
-88 113 24 
-98 22 -50 
111 25 81 
52 -15 58 
14 -117 96 
-109 17 -75 
-121 -20 51 
81 -74 100 
96 42 4 
115 -116 144 
146 86 115 
96 -66 -2 
44 12 99 
-12 -20 48 
-116 -117 148 
-35 -6 100 
-87 -71 -10 
52 -144 -130 
98 2 58 
-15 -102 -56 
-58 -145 147 
57 -138 -9 
-64 -130 -11 
142 16 115 
-107 147 -57 
61 35 68 
-51 -17 -6 
109 137 118 
-2 128 129 
-45 39 82 
45 -21 42 
52 103 110 
-26 -87 150 
-29 51 -104 
-90 35 64 
-61 -36 44 
-53 -55 94 
12 -142 148 
16 -60 13 
61 -1 -72 
75 -144 -118 
-58 -14 65 
27 129 101 
109 50 -143 
-85 81 115 
106 7 -52 
111 136 -75 
57 -24 132 
48 108 77 
-18 -2 -79 
2 -47 -7 
120 -103 20 
-92 -22 57 
-1 71 -79 
-92 49 -98 
30 -148 -108 
35 76 -109 
-64 -89 -75 
-5 -24 -89 
27 -88 14 
5 30 -48 
-41 -130 -96 
116 -11 -143 
-29 -58 108 
12 -99 -127 
-140 85 -108 
-83 -30 -146 
-94 -104 55 
62 31 -121 
10 -3 16 
82 -143 -50 
-51 -59 3 
118 41 35 
139 113 138 
143 64 145 
-115 -129 -145 
5 -56 130 
-65 -96 34 
-129 105 -82 
-99 -98 56 
-67 -123 -122 
-94 10 -39 
-97 104 141 
13 -18 102 
-35 -9 18 
-61 -109 3 
85 58 -2 
132 63 111 
-88 123 -119 
68 -9 -99 
-123 55 -77 
5 140 73 
40 -69 -58 
-58 -36 -118 
-52 -31 68 
-22 -129 -36 
-32 125 -97 
1 58 -72 
-58 63 -146 
31 47 18 
-56 30 54 
-89 117 -50 
-7 -30 -106 
-38 -12 59 
34 57 -105 
16 -50 -91 
2 26 36 
-7 -124 -80 
-146 141 32 
10 74 35 
-6 -25 -77 
-78 91 35 
90 31 60 
58 -67 26 
-1 75 -113 
-28 -18 -1 
-24 11 108 
-109 83 -20 
63 -146 -40 
-36 -54 -104 
-14 70 -30 
-149 -66 -41 
-44 94 146 
-144 -58 -49 
-115 -82 -131 
-109 6 98 
-41 -116 -71 
-71 109 17 
93 142 -96 
57 -120 -24 
9 43 -86 
-9 -22 81 
84 -146 48 
117 -91 -46 
-52 -141 16 
15 -92 -12 
30 144 -134 
-40 3 137 
13 -20 106 
-1 31 -113 
69 81 -87 
-149 25 112 
105 145 60 
-97 -92 94 
-1 -13 100 
-144 -120 9 
110 -121 -76 
-63 29 -76 
-15 -28 11 
-26 -48 -11 
-49 -78 106 
32 108 137 
116 -58 123 
-25 -72 65 
-86 -75 -96 
-143 -71 -3 
-45 -117 -82 
-7 44 -22 
-102 -18 -116 
101 -126 -74 
77 -19 -45 
12 -45 -43 
-55 -25 -31 
-86 27 -8 
-27 -88 -126 
-6 -67 -63 
2 -49 -79 
-38 -75 5 
133 77 79 
102 -25 17 
89 78 -20 
8 45 -125 
45 128 98 
96 -48 49 
12 -3 59 
-104 10 -66 
61 5 95 
-55 -129 73 
-142 100 -144 
-54 104 147 
87 -39 -98 
-8 54 87 
15 -44 70 
-125 26 -32 
-101 68 -148 
87 107 -69 
16 46 9 
33 39 75 
68 -67 100 
136 -49 149 
-126 110 111 
10 3 -70 
-33 93 -11 
-140 -122 -36 
-130 88 -5 
-104 119 99 
-63 18 -80 
38 17 107 
86 -104 8 
23 5 66 
70 88 27 
-68 -109 27 
108 -62 50 
-61 71 45 
76 -32 131 
83 104 102 
30 -92 -125 
-79 127 -40 
76 -51 -140 
-43 -36 -21 
24 9 -6 
-42 -97 99 
-119 120 -99 
125 -35 146 
16 115 134 
4 -92 58 
-65 39 -135 
-82 -47 -31 
-135 76 -103 
25 95 -122 
-62 138 101 
69 102 -60 
32 66 34 
16 137 73 
-87 -38 56 
74 -82 -126 
-54 -138 -94 
-41 -30 -34 
83 137 -102 
131 4 -64 
131 88 90 
72 -80 -60 
-117 43 -82 
-22 12 87 
-72 52 16 
113 -134 -136 
-27 85 48 
-71 -12 -88 
-16 -39 6 
-12 -131 26 
-1 118 19 
-86 73 70 
44 -45 3 
-51 -111 2 
49 61 -12 
-6 -36 -82 
55 44 -33 
-54 -3 -47 
-132 -60 -43 
37 88 -98 
81 74 21 
-28 -19 89 
42 40 6 
10 139 55 
128 -27 40 
144 -52 105 
-134 69 10 
-4 63 43 
140 79 -40 
59 -51 102 
13 -80 -76 
-133 106 -92 
-3 -50 -68 
2 -57 -33 
27 57 122 
137 54 -5 
-85 -94 127 
130 -29 118 
-78 -59 144 
-92 -60 -71 
-80 93 -95 
-26 -91 -48 
113 -52 -97 
25 -45 20 
55 -51 -7 
13 -50 70 
