17 112 137 
115 -126 91 
-55 28 6 
89 -144 -49 
147 144 -24 
122 -112 -36 
-103 -50 116 
65 66 -81 
-95 -117 44 
146 94 116 
10 -107 34 
-26 -100 -41 
10 -129 -113 
-82 -84 -124 
91 37 144 
-109 -55 -22 
-58 -11 94 
8 -91 -122 
20 15 -85 
-89 92 -55 
30 -43 93 
61 15 -86 
27 141 60 
-113 103 -16 
79 89 -11 
-16 -147 -116 
64 72 -51 
-17 33 -36 
-40 98 93 
-14 65 40 
22 76 -121 
-113 -48 2 
-6 -106 59 
37 -54 130 
30 52 79 
71 -137 138 
-136 98 -127 
132 59 -147 
123 -146 63 
-1 15 123 
-76 92 -41 
-53 -147 60 
5 -146 -28 
-46 108 71 
57 -11 -79 
43 2 -62 
-73 -11 45 
44 85 -3 
-63 -93 -50 
-143 52 -84 
-19 124 -54 
-150 -134 -19 
-133 11 132 
86 127 -105 
94 16 -109 
68 80 -149 
129 -56 22 
61 26 28 
31 143 3 
-21 -125 96 
134 -82 -71 
-96 -133 63 
18 -49 -26 
6 -39 -146 
-76 25 26 
-106 -145 -31 
81 25 -29 
-45 -113 -64 
-81 107 70 
-1 -48 -57 
22 14 11 
35 -21 -65 
-7 -138 122 
17 -14 140 
-107 134 108 
-67 -125 -112 
-114 43 61 
-142 102 -88 
-21 -52 -123 
-49 69 6 
-81 132 23 
-42 -38 -28 
-57 -77 49 
79 -144 -54 
17 -31 95 
41 104 -73 
34 82 -38 
-61 -97 125 
-25 -112 -21 
39 -55 91 
138 -116 -63 
-61 129 134 
6 28 123 
138 -85 -128 
35 -41 143 
15 -74 -135 
63 42 3 
80 18 119 
-32 -107 143 
114 69 -17 
29 -1 143 
10 -52 140 
59 -2 -124 
-68 -126 -11 
-89 -70 -67 
-119 50 -134 
113 8 -94 
-36 106 47 
88 49 41 
28 50 -105 
122 -66 48 
-80 -15 -66 
2 -91 -31 
-29 -68 38 
86 -49 54 
-47 -5 60 
-14 31 -66 
-45 68 -24 
15 60 85 
-59 70 -106 
39 132 108 
34 53 -131 
144 -145 147 
72 101 -96 
89 1 3 
42 -127 -133 
-82 -26 -76 
18 99 -84 
-96 34 35 
128 45 -100 
80 -74 142 
80 59 -17 
20 -30 38 
-58 47 -30 
28 83 -122 
128 49 -74 
-134 -35 -98 
-99 -62 -54 
137 -68 -3 
131 86 53 
3 -11 149 
96 145 13 
-2 -59 69 
-53 29 -57 
150 -60 89 
-12 -139 -124 
61 -57 15 
-133 -102 -38 
43 -110 -30 
-1 -63 145 
58 7 22 
-32 112 57 
33 -131 13 
-42 24 85 
93 82 53 
106 -72 -100 
-87 29 148 
-122 53 -102 
-120 -95 73 
83 -52 25 
-52 -57 93 
-6 63 -61 
3 -11 -132 
-73 -143 -47 
46 -70 -103 
-145 -126 -65 
-97 133 -11 
53 -6 -44 
-27 -73 -11 
1 147 -126 
47 -90 32 
108 19 -132 
-24 -34 125 
-19 -81 1 
-145 -117 75 
-128 -98 136 
-55 -33 -4 
-102 -72 -8 
-17 7 -48 
77 131 -18 
80 9 -146 
87 -9 -13 
149 132 115 
-61 -133 48 
-41 -53 104 
-37 23 113 
95 65 1 
-28 26 107 
-53 -78 35 
13 -85 51 
54 100 -101 
-11 -113 -8 
-47 43 -112 
58 56 -9 
102 61 -12 
18 -137 -131 
46 -73 -118 
75 130 -79 
45 -26 102 
-88 -43 -64 
-18 104 -89 
66 20 -7 
17 -24 66 
-65 -14 -140 
-59 33 -136 
-3 136 -70 
48 46 106 
80 44 79 
116 95 -106 
-6 -10 -127 
140 21 -19 
25 80 136 
-93 78 133 
-150 -59 -41 
86 104 144 
-26 -91 -42 
-78 9 -128 
5 -36 49 
110 -55 -99 
77 100 129 
-42 70 -28 
30 -52 68 
13 12 -125 
-43 -115 -26 
65 109 -131 
-115 -137 16 
-81 -120 139 
134 21 59 
40 -66 -7 
-58 111 -3 
-146 -36 -59 
-150 63 36 
-108 107 90 
1 139 -5 
-92 44 145 
-99 66 114 
4 -28 -133 
150 -45 -7 
81 128 -61 
21 -3 -14 
33 130 -16 
-91 103 -36 
60 -104 33 
-28 99 -11 
15 124 -129 
-10 -55 72 
90 1 -3 
-72 145 13 
51 136 18 
-37 118 121 
-69 7 -145 
22 -14 -33 
16 -150 -86 
-112 -71 -79 
14 -7 -11 
-78 71 -54 
-2 65 -96 
28 -138 -102 
54 42 79 
90 -32 -147 
-52 29 -45 
-141 -27 42 
-111 89 -91 
1 -108 13 
132 -4 -82 
134 -39 -125 
-30 88 -47 
141 -60 115 
-116 -114 -121 
58 132 46 
84 -48 1 
-124 -91 -103 
-91 -94 112 
123 -137 -67 
-87 44 -97 
-84 141 104 
-52 -109 -131 
-138 -134 24 
17 6 148 
-119 -95 48 
1 88 7 
11 50 -119 
-66 106 -99 
-117 -38 -70 
-56 51 -9 
4 11 114 
61 -10 78 
-143 -4 -55 
-111 -13 100 
-1 13 -148 
-106 136 -23 
-89 20 85 
61 150 147 
28 -114 -64 
-90 131 134 
-87 -38 76 
-14 16 -48 
-150 29 37 
14 -96 -69 
11 -98 102 
-42 51 124 
-90 -20 -27 
-47 2 128 
130 -115 149 
64 33 11 
127 -92 -5 
-94 -28 72 
127 -121 -143 
41 77 9 
111 -102 -74 
-46 -49 8 
127 -35 113 
104 111 -118 
-127 9 65 
34 -4 -129 
-138 -32 3 
-73 74 -94 
-20 -118 143 
-80 -61 -4 
90 86 -18 
-142 70 -20 
-93 -97 -117 
17 -54 141 
138 -15 -43 
-136 7 -72 
-36 -69 101 
-93 -135 131 
110 -57 24 
33 32 -129 
-108 -7 -141 
-115 135 17 
15 -16 -5 
8 122 40 
-5 40 144 
-133 -14 95 
-90 -18 41 
-61 114 -96 
-33 -38 23 
46 -148 -133 
-6 61 -143 
-145 -95 -85 
50 -23 -146 
-39 -73 147 
-28 -44 27 
18 16 21 
-12 103 97 
125 -106 -114 
-68 -149 -81 
5 65 44 
-136 3 -54 
-39 -46 -114 
-72 108 -32 
-111 51 147 
-17 51 50 
117 82 38 
-103 48 2 
138 1 -13 
15 94 -48 
132 -122 124 
24 2 -63 
-28 69 108 
-61 -136 76 
113 99 126 
-60 -12 116 
-30 -110 -141 
125 84 -49 
119 7 -147 
9 -22 74 
42 129 -26 
34 -74 -11 
-78 -67 133 
55 49 141 
24 71 -25 
-57 -56 -125 
-21 138 143 
125 -12 -60 
114 86 79 
-111 58 17 
85 19 -30 
-40 -1 -13 
-107 -138 19 
-1 -43 76 
76 4 -1 
64 -92 63 
8 126 75 
3 -39 -67 
-47 -111 -80 
-82 9 91 
50 70 -18 
87 -100 140 
-29 33 117 
35 20 -56 
47 143 -99 
-114 113 -93 
34 -23 -94 
93 -23 -21 
-148 143 -147 
61 -27 111 
-21 -18 -113 
44 22 -124 
130 88 119 
-77 141 75 
33 -44 31 
-69 40 -33 
-127 -69 83 
68 -82 -129 
-107 -36 76 
-85 -146 84 
-85 -26 132 
71 -148 45 
13 -140 4 
-6 -61 115 
-43 71 -83 
103 109 121 
-136 -46 61 
41 149 -138 
37 61 -146 
112 -86 -70 
83 -122 42 
127 -11 119 
137 -7 100 
1 101 -66 
-40 138 -33 
-49 -80 -4 
-41 -36 139 
-19 -18 -22 
28 -73 -46 
-138 -94 -124 
73 150 83 
144 6 91 
131 22 2 
99 5 12 
-102 -82 -14 
14 124 -19 
38 123 -19 
-46 71 138 
60 17 120 
-23 -76 -147 
103 8 68 
34 -96 -64 
-38 113 62 
-147 -21 -13 
99 25 103 
21 93 -143 
-48 33 66 
-128 -105 90 
-46 -73 20 
-125 -42 -7 
17 64 -111 
112 -79 -82 
