-95 -110 79 
-1 20 -56 
97 11 -86 
56 -130 1 
82 -97 -7 
52 120 94 
1 65 -3 
136 -59 -29 
-78 -31 -3 
149 87 82 
15 -75 -145 
-29 -5 124 
69 -100 28 
44 -66 50 
-83 63 -122 
91 -73 -106 
92 17 -29 
-57 121 111 
111 -130 54 
19 43 149 
42 14 3 
5 -75 -57 
-2 110 5 
53 -90 -5 
15 -68 17 
-150 -131 -78 
-63 29 33 
-14 -40 -109 
84 -3 132 
-100 144 -129 
106 84 125 
52 16 -125 
117 -113 -86 
106 -100 -138 
102 -124 -59 
-118 110 82 
-59 -110 -17 
135 11 -33 
42 -123 26 
65 145 -121 
-22 -25 -97 
67 13 -70 
-113 26 90 
-66 -140 -3 
-40 139 103 
90 105 -22 
143 88 17 
76 133 -71 
-11 -57 -115 
46 -103 -56 
-10 -97 -34 
-112 12 38 
139 22 -83 
45 -4 -129 
17 -63 -24 
30 10 -94 
-37 -26 -51 
-32 150 -11 
-70 -79 121 
22 15 84 
-124 83 25 
-129 -5 -29 
-72 124 115 
-50 -142 -44 
-112 25 -64 
-43 56 -144 
29 -70 -64 
-103 65 -117 
4 -10 135 
50 3 -102 
150 28 13 
-111 32 61 
-23 -77 147 
83 109 89 
-29 10 -38 
-148 51 86 
-94 -46 43 
4 -52 111 
-129 -47 19 
9 -34 115 
-26 3 6 
143 96 93 
59 -75 92 
-64 105 58 
15 -31 -64 
-123 -109 48 
-136 140 27 
-20 98 3 
-85 -31 133 
9 11 -2 
8 -61 3 
98 68 113 
146 -1 -50 
22 -133 -91 
2 73 -25 
-104 -18 103 
11 122 -7 
2 142 124 
-108 11 117 
-11 -47 103 
-25 117 45 
127 -28 3 
-27 67 36 
52 27 -139 
57 79 -34 
-74 18 -23 
126 111 -133 
-40 -149 -35 
67 35 120 
114 111 66 
95 -25 -66 
-46 -15 -49 
13 -46 -105 
-59 -20 -41 
80 -40 45 
9 130 -30 
-10 -22 14 
115 -7 -18 
-11 -131 67 
-17 -61 93 
5 3 67 
119 -19 -91 
-129 29 -150 
-126 -121 12 
66 -32 102 
77 67 14 
28 -148 -89 
138 32 76 
-53 -84 61 
-120 -65 12 
136 -49 22 
-1 -26 -18 
80 89 -71 
150 -32 41 
97 -12 -5 
-18 141 16 
98 55 58 
50 93 -77 
67 39 62 
104 9 -129 
34 57 46 
41 129 58 
-7 -150 -50 
86 -44 141 
122 17 -43 
44 1 -72 
58 -143 -82 
-28 144 -93 
26 133 -92 
-112 23 95 
125 -18 -142 
-74 -146 -90 
-72 100 8 
4 -65 -110 
10 18 -141 
63 70 47 
34 5 -23 
134 -54 -31 
13 44 31 
45 106 69 
-110 -56 116 
-7 61 -53 
63 -69 48 
24 21 26 
135 -29 111 
150 -139 -20 
54 26 83 
6 8 -81 
-125 33 88 
50 136 -97 
-13 -115 12 
-149 -6 84 
-81 -116 74 
-113 -88 115 
-62 -68 -72 
-86 69 -62 
-57 98 -71 
34 -126 -17 
27 -123 -119 
75 145 -3 
73 137 -76 
-4 -17 -102 
89 7 92 
-127 87 27 
111 -43 41 
-44 -120 31 
-62 -19 -75 
38 11 24 
110 25 17 
-72 51 135 
-114 69 30 
132 -2 44 
96 -140 -126 
113 -3 88 
31 60 123 
-135 110 50 
-109 -3 17 
28 41 77 
-118 96 20 
1 -64 -78 
-50 73 127 
-74 43 -10 
112 60 80 
90 -16 125 
-82 104 44 
-68 18 -12 
-6 -26 99 
17 -43 -47 
-23 -50 40 
25 -26 5 
129 4 -11 
-50 105 -4 
-101 -117 1 
137 27 -65 
95 -13 -69 
-144 95 -41 
-135 -16 -75 
90 59 -104 
-98 -138 67 
-81 143 -119 
-119 90 62 
-7 -18 -47 
-7 -71 -60 
106 -16 14 
37 -86 26 
1 -80 -132 
140 98 141 
68 18 36 
-47 -144 150 
102 53 -91 
107 -43 27 
45 132 -52 
-120 136 85 
116 70 -31 
142 76 -124 
-50 -136 -34 
79 -5 9 
-75 -39 133 
-5 -50 47 
62 -112 -4 
22 -105 -135 
-136 112 147 
98 -127 -1 
57 53 40 
149 -75 -117 
131 140 -109 
86 149 -35 
110 -148 105 
83 2 -56 
55 139 118 
-74 19 138 
99 -32 -47 
-56 -16 -24 
27 -57 19 
5 53 69 
-24 -47 -50 
-116 -69 -121 
132 25 -86 
-95 48 120 
13 19 -145 
-91 107 44 
43 -11 51 
-121 53 -100 
43 67 8 
-9 -19 -29 
9 -125 60 
76 -40 116 
126 21 -98 
-43 102 -12 
-124 48 -16 
98 -59 -101 
-88 -42 125 
86 142 -13 
-23 71 -123 
136 -150 33 
59 -100 69 
-143 -33 -65 
21 -12 142 
-11 -21 4 
84 71 -123 
9 74 35 
-90 38 -109 
19 -142 -29 
71 32 105 
-68 96 -92 
-116 -121 -9 
-67 -59 26 
111 -40 51 
-99 -150 148 
-32 74 19 
37 -59 1 
68 -146 31 
-146 126 71 
32 20 -71 
-136 43 -84 
77 108 -62 
-42 -114 69 
-50 -67 -56 
-113 -78 -103 
128 -48 15 
-4 115 83 
98 -144 48 
-119 70 80 
11 -84 112 
132 8 -6 
-12 47 45 
118 61 148 
-18 90 72 
52 -74 21 
-38 -84 -60 
-44 -32 -119 
-37 -120 111 
113 64 114 
-38 72 32 
10 52 85 
-119 126 -18 
-49 -39 86 
75 7 -148 
8 120 -105 
-99 -3 -39 
-42 114 50 
-102 134 -78 
-87 121 92 
-77 70 56 
128 -33 -31 
-138 -73 37 
-125 92 29 
89 -18 -75 
-34 127 -19 
55 -44 -76 
42 58 -41 
-25 -91 -67 
142 1 -84 
37 73 -10 
-77 -139 -66 
37 68 99 
92 110 101 
128 19 -36 
130 -14 -139 
18 61 -1 
-9 123 38 
-130 -101 47 
-4 45 54 
-88 114 14 
-137 135 56 
-48 -70 -105 
22 -102 -13 
-84 114 85 
7 -28 53 
84 -92 57 
-68 95 -10 
16 30 -101 
-41 -62 103 
34 6 -58 
-132 94 146 
82 -7 -122 
-54 -3 76 
45 -119 -67 
1 -2 40 
23 86 18 
12 -71 -144 
114 97 -122 
-76 -93 -136 
99 118 -90 
55 37 127 
72 -112 38 
-17 120 -130 
-54 -132 -9 
85 -8 -19 
128 -141 -12 
71 50 74 
-79 147 -118 
-2 -108 -12 
149 52 -4 
10 88 125 
-36 -72 -61 
-13 -127 -58 
3 -56 67 
148 -90 -68 
8 -110 -108 
-92 25 -114 
2 41 43 
7 35 114 
-13 -129 88 
50 -122 -48 
-18 1 16 
146 -97 56 
14 -115 -15 
73 112 -135 
72 -36 18 
-7 -52 16 
58 -29 10 
-111 -149 51 
-75 129 -21 
-144 -2 48 
-22 -12 -93 
124 95 80 
18 7 -106 
-88 -61 107 
136 -19 -103 
-104 -82 21 
4 81 78 
-20 113 22 
24 -4 97 
-36 2 -98 
149 -45 59 
-38 -94 115 
-45 -79 41 
51 64 -112 
96 147 68 
82 47 -81 
-43 32 3 
-9 -147 69 
121 -89 116 
-16 1 15 
-30 38 -34 
-105 -10 -5 
123 135 -103 
35 -4 110 
-40 83 24 
37 129 32 
95 -119 84 
-122 -84 -9 
-7 45 145 
-133 38 72 
-137 -92 -105 
21 -88 -119 
-21 22 80 
-143 63 93 
-64 111 119 
-145 126 34 
3 -76 -64 
9 -60 -114 
-76 114 66 
-108 -16 -117 
-138 121 -123 
-64 -9 121 
108 -77 -63 
-106 14 128 
98 6 22 
-23 20 -104 
-117 -137 51 
149 -4 118 
52 -100 -85 
-119 -104 22 
-70 -119 31 
-142 24 -16 
-95 -22 32 
118 19 85 
84 -21 34 
