-76 -101 82 
-141 48 23 
-26 44 42 
-45 65 -20 
-56 -94 -85 
-55 -74 136 
65 -128 -69 
-104 -130 110 
-95 -53 -22 
-1 -5 20 
89 76 23 
125 -98 29 
149 110 -68 
-102 -111 -11 
-33 -94 135 
-16 -65 -103 
50 74 -1 
126 92 -91 
22 108 -106 
-71 44 -12 
40 43 34 
35 33 124 
145 79 -139 
-139 5 -115 
149 94 146 
-125 89 146 
-29 136 -108 
-131 29 97 
-96 22 97 
-28 -72 -69 
94 148 27 
-19 -108 -112 
34 46 -22 
96 95 12 
-79 -106 15 
-99 1 -43 
129 -58 126 
-11 68 -77 
66 67 88 
-76 -114 -107 
-140 -6 11 
-150 -28 -54 
80 -85 61 
-100 -30 7 
-148 64 -21 
-30 31 -22 
-67 42 77 
20 -9 -110 
-11 145 134 
-132 -23 118 
73 -128 10 
44 53 95 
22 15 -80 
78 51 -37 
-140 134 43 
13 17 114 
78 -53 -66 
-103 -116 127 
-119 13 128 
134 -140 21 
141 115 120 
-21 113 131 
94 69 86 
-82 -19 -26 
60 2 -24 
-91 -38 -8 
88 -91 -14 
141 11 -1 
-98 149 -14 
-110 -105 -87 
8 33 46 
-112 42 -47 
140 -20 -137 
-49 7 87 
-22 -6 98 
-26 22 -71 
-66 38 97 
-85 68 -6 
23 -149 -1 
37 -89 -143 
-130 16 -2 
55 118 -53 
6 27 -20 
91 -108 78 
-20 9 -44 
-20 -2 -104 
58 -26 129 
118 102 17 
-76 -63 -88 
-17 13 120 
-86 42 97 
-145 76 9 
45 -46 87 
-38 78 -117 
-28 87 82 
-82 -27 -17 
115 -88 -23 
46 -17 144 
128 -42 20 
107 120 16 
-27 93 -39 
57 23 126 
3 32 -1 
-83 -12 -126 
-68 -115 112 
-14 121 3 
142 -27 113 
62 -56 -147 
133 -22 -42 
114 122 145 
137 134 94 
-134 77 150 
28 -32 49 
68 95 -91 
-73 58 -66 
-149 93 -36 
-85 -28 -76 
120 -150 -132 
97 -20 58 
-75 80 -64 
42 38 -1 
-123 -146 -10 
-7 20 -125 
-8 -129 36 
75 -141 77 
47 -82 -25 
25 -102 5 
42 8 130 
-104 -126 92 
-53 55 33 
-119 45 -114 
-40 149 4 
12 43 -73 
131 -50 19 
-20 5 32 
-62 22 -11 
5 20 -74 
-46 -34 -57 
-56 5 -71 
-7 -61 -137 
114 -98 -105 
56 43 72 
53 70 96 
-65 4 -145 
-150 -55 46 
90 -141 -22 
29 -101 -63 
-26 23 -58 
75 -125 -49 
72 35 140 
53 -118 -9 
1 55 -120 
14 -29 122 
-124 134 108 
10 30 7 
131 150 75 
117 -83 34 
89 -94 101 
58 -91 134 
61 -26 -33 
87 46 -33 
-74 -146 1 
-75 -18 100 
117 76 -128 
67 -41 47 
137 3 -15 
105 -65 99 
-65 94 69 
-23 -2 -87 
28 -59 19 
-59 111 101 
-5 -134 52 
65 -39 103 
-42 -79 81 
136 -138 -19 
-2 99 -26 
26 -38 -94 
-97 -29 15 
-55 148 -41 
130 -53 -5 
-72 -134 -78 
-28 -91 90 
137 150 -93 
-18 -85 127 
-89 -48 131 
-124 -118 -75 
-98 147 135 
-105 -53 13 
123 -2 47 
-131 149 10 
-95 108 135 
-22 -32 132 
-4 142 20 
116 85 -138 
15 65 35 
-17 -43 -142 
76 -17 -23 
-32 87 130 
113 12 112 
139 -65 111 
88 141 37 
-13 -67 -53 
32 -37 -44 
-127 -137 -86 
-118 -28 -1 
-101 -137 16 
-39 -108 -30 
-106 -16 -79 
132 44 69 
60 16 -107 
-90 77 -144 
-139 -1 -13 
150 -106 -137 
101 68 145 
91 -78 -114 
132 1 109 
-17 -107 67 
69 26 41 
10 145 30 
56 13 -80 
-19 -26 32 
-39 110 67 
50 -62 -36 
31 -27 -44 
16 -144 -71 
-47 -30 -25 
-6 46 148 
-50 90 -110 
128 130 -65 
30 47 -110 
-53 31 -139 
-68 -53 61 
-135 -107 -30 
92 -114 -61 
136 38 53 
-9 -15 109 
-71 -106 -6 
72 -78 69 
16 -80 -75 
-27 -148 98 
122 16 -92 
-142 145 -28 
114 -46 -7 
2 -56 10 
17 3 85 
92 122 -147 
-81 -149 -5 
143 -150 -119 
53 -120 -26 
-110 25 -5 
84 34 -91 
-121 146 112 
-139 -10 -2 
-9 -5 -54 
11 129 -6 
-44 -105 145 
-149 48 87 
26 -33 -92 
44 21 -65 
25 143 -104 
-73 -91 60 
-28 -44 -65 
62 -63 -43 
116 37 -104 
134 -75 6 
-19 -18 114 
125 -48 138 
-102 -132 62 
122 18 36 
61 57 -41 
-23 -94 -134 
-123 150 84 
-137 14 -118 
125 -94 28 
-83 -3 52 
27 -82 145 
66 -91 -5 
3 -131 -73 
-113 139 10 
82 -124 -130 
-65 7 -76 
-42 -102 -10 
8 -17 -101 
136 8 106 
-85 -150 -3 
86 9 -59 
-149 72 103 
54 -82 17 
-32 140 -49 
45 21 115 
-150 -35 -45 
-43 103 144 
59 -146 47 
-14 -31 4 
8 -118 -2 
-19 -80 -134 
66 -78 119 
-13 3 143 
-101 124 132 
105 29 -144 
-129 -68 -114 
23 68 -93 
-81 84 -6 
150 1 20 
3 -83 44 
86 -128 70 
59 107 3 
31 54 28 
42 105 114 
-10 -73 132 
-99 101 1 
128 20 137 
-82 4 97 
-78 108 -107 
133 88 -61 
-49 -116 -112 
-131 38 69 
1 66 81 
64 125 -76 
-10 17 140 
114 -13 142 
-97 133 -112 
-31 138 -75 
-118 28 41 
-18 -54 -93 
115 -57 -110 
73 45 43 
-127 40 -96 
104 28 102 
-133 -95 -14 
7 24 -77 
-87 38 -24 
13 73 -12 
73 136 -29 
125 -64 -101 
-94 -141 -11 
-57 134 -65 
8 -59 -52 
-15 -142 69 
-122 131 57 
-17 -14 -84 
-105 51 -33 
4 -95 45 
11 135 18 
101 6 42 
69 -72 37 
5 -32 -65 
-14 54 -135 
-89 -63 27 
-3 -145 88 
22 126 51 
65 106 120 
23 97 -8 
-89 -92 12 
72 13 -44 
133 111 -104 
126 25 -3 
74 -102 -137 
-88 71 -124 
77 11 -62 
-61 -82 -16 
-47 81 87 
63 19 -35 
59 107 -120 
131 -13 -103 
82 17 -85 
39 -33 32 
-59 -81 36 
-105 98 -63 
-78 111 29 
-40 3 -21 
46 -22 68 
149 19 -48 
63 43 8 
41 96 -32 
-149 95 76 
-90 113 129 
149 -35 -31 
-124 -15 1 
39 -55 -3 
18 -77 10 
104 -1 -70 
11 -94 149 
141 9 83 
-72 9 71 
128 106 140 
-45 13 -33 
91 -20 103 
-150 9 -7 
-1 -105 -121 
-3 137 31 
69 -4 22 
28 -78 -87 
-50 -132 -145 
33 -116 99 
-9 -69 -61 
-60 40 27 
-64 110 -87 
-56 99 -86 
-14 118 34 
-112 14 54 
-127 -26 32 
-52 -12 -38 
20 -127 27 
31 -2 11 
17 81 -94 
117 -66 -96 
94 93 -52 
120 -73 -116 
23 64 -128 
5 -60 126 
-112 -83 16 
129 -43 -127 
-147 35 -57 
-84 112 60 
145 -127 137 
81 110 -105 
-1 -120 -15 
62 -140 109 
25 -72 -6 
42 -89 -21 
19 28 6 
-1 -23 112 
148 -120 18 
-79 -105 -11 
-148 133 56 
54 -110 9 
-18 -3 -129 
20 70 -55 
58 143 101 
-136 -133 -62 
89 -108 -91 
-38 10 -113 
24 -41 -36 
-77 33 6 
90 17 -11 
-108 -62 -19 
10 70 76 
25 73 150 
-149 5 -44 
43 -115 -20 
62 -133 -149 
23 113 119 
-26 -5 -19 
60 -116 72 
40 31 135 
-11 114 81 
-4 140 55 
91 85 4 
-54 -98 127 
