-59 -12 -70 
125 88 105 
-27 101 20 
118 3 -37 
-6 117 85 
-40 43 13 
38 -89 -122 
17 142 43 
-74 16 81 
-14 38 93 
81 130 71 
120 93 141 
-46 121 -20 
24 -122 109 
35 3 42 
-59 -122 80 
-77 49 -37 
-4 -50 89 
51 -43 -66 
129 -41 37 
134 -48 4 
-55 120 -83 
-66 -95 -25 
19 110 -10 
81 127 -78 
42 108 148 
-16 147 80 
50 44 78 
-48 99 54 
-43 -7 131 
-77 -119 -101 
125 -62 13 
-144 82 14 
63 -144 22 
-25 -30 99 
92 -138 10 
114 124 -54 
65 2 144 
8 -50 3 
133 -51 -37 
55 -108 -10 
48 -25 19 
-37 -139 -60 
61 -2 -124 
-32 -35 69 
-47 -132 30 
-83 -80 -84 
15 -32 3 
88 -34 -29 
132 23 -129 
-104 6 61 
-101 45 -61 
86 141 88 
120 -101 -74 
-39 -69 -6 
126 31 83 
-124 -9 14 
-104 32 -45 
52 2 -22 
127 21 5 
109 134 65 
-15 24 -111 
42 -140 -128 
101 2 -48 
63 -38 29 
16 59 32 
91 -17 -18 
59 -13 1 
133 84 -15 
-85 -22 -17 
41 -1 74 
-4 95 76 
-130 42 -6 
139 -96 26 
-123 44 -88 
-7 77 -66 
70 95 135 
-133 27 18 
15 -40 34 
-92 -86 42 
-103 -80 -96 
7 -84 -19 
-102 -22 105 
135 15 -13 
11 -93 -76 
2 -10 37 
-145 37 86 
-59 -102 116 
66 -92 11 
13 -36 72 
115 112 101 
27 132 12 
-147 39 -54 
-125 110 76 
20 -142 135 
74 -1 -26 
108 3 57 
-15 -31 54 
-90 -2 -31 
-123 -11 46 
98 120 -72 
4 -125 2 
-145 -2 111 
-4 -3 -134 
-6 18 -12 
-31 22 130 
-29 17 -9 
-102 -23 -136 
117 -136 -37 
74 107 12 
118 19 -14 
-3 99 36 
-2 63 52 
-123 -139 118 
146 107 14 
-89 -71 8 
-81 -9 94 
-23 89 53 
-7 -24 54 
-66 -37 35 
-102 86 -95 
-6 -45 71 
63 48 16 
-88 1 -105 
-101 -75 -1 
114 -94 -134 
-149 31 36 
26 -139 53 
-51 20 24 
18 64 121 
-127 -45 -58 
-23 6 113 
81 -92 -45 
-8 15 83 
-83 4 38 
-10 -18 26 
102 93 -91 
121 -29 -119 
-128 -134 -106 
-12 5 138 
61 -33 -57 
-133 -52 -39 
119 -131 -36 
32 -36 42 
88 31 -119 
-60 136 -149 
-12 -14 13 
4 -33 32 
-7 102 -104 
27 -3 -18 
-132 82 140 
-136 -16 70 
109 3 28 
-33 115 -102 
113 70 12 
22 -147 82 
-39 -133 -58 
-53 70 58 
130 105 13 
-146 -147 2 
38 139 -71 
51 50 9 
65 -122 -3 
-74 98 115 
102 -7 -68 
78 80 101 
149 97 -125 
-27 -2 -82 
119 63 27 
42 142 111 
71 68 14 
108 -71 63 
120 -111 -65 
-90 18 -9 
117 -49 131 
-139 -150 79 
-42 -34 -13 
-44 146 64 
-125 -141 33 
66 122 -99 
137 86 84 
-13 -45 -81 
-123 28 -11 
30 -98 -137 
116 77 145 
63 145 3 
-106 -60 -68 
-22 93 -149 
108 -50 -39 
22 -114 19 
-9 106 30 
-54 -103 40 
-105 136 97 
-54 -124 -106 
63 18 -32 
123 -130 61 
-17 67 -32 
-2 -122 -90 
-70 105 -126 
-19 -61 46 
-38 13 -132 
-16 150 -85 
-90 -2 37 
-58 -21 -132 
-65 -116 35 
-55 123 -41 
79 -21 110 
-18 41 35 
143 -57 -138 
-133 -107 -118 
-31 102 136 
85 76 -109 
45 -64 38 
38 80 -145 
149 -33 -130 
-47 35 -5 
7 95 -110 
65 -83 -8 
-61 -19 47 
-3 -115 70 
6 -98 -92 
118 6 24 
150 48 126 
10 106 -30 
58 -66 42 
-27 -131 -68 
-117 38 -30 
15 -51 -71 
-87 -36 -147 
47 -81 18 
32 57 113 
-132 -40 48 
-13 6 121 
129 -54 20 
-81 126 -50 
-129 48 70 
-26 65 -96 
-13 -44 -102 
-112 -140 21 
-146 110 109 
28 123 -22 
81 106 124 
-47 -38 -124 
141 -18 -59 
-20 48 126 
57 -47 -30 
-106 -97 28 
119 -47 -107 
-103 45 -30 
-15 123 149 
2 10 50 
123 -124 -23 
12 69 -6 
35 -66 -103 
137 127 -42 
-11 -24 120 
-21 38 42 
118 -128 77 
35 60 105 
121 -104 -148 
107 -15 68 
117 49 63 
-49 -3 22 
130 144 -51 
-71 -76 -136 
147 -101 34 
96 133 -9 
-29 -1 -144 
-91 -53 -148 
12 84 114 
-16 46 -13 
-113 109 -11 
92 -46 70 
65 86 -46 
-58 -23 -33 
103 46 -37 
125 -40 111 
-102 124 148 
-50 45 -140 
60 -139 2 
29 3 -113 
131 34 100 
-95 -27 -43 
-39 145 -3 
94 14 -71 
-29 -135 21 
147 -148 67 
-93 -139 -117 
-98 -83 -70 
31 74 105 
15 -146 62 
-107 39 2 
81 -115 89 
30 -103 -41 
-17 -84 131 
-91 -76 -24 
144 87 67 
-2 98 -23 
-109 -82 -129 
-24 -80 -144 
-19 -26 -23 
4 132 51 
-21 -84 -145 
-30 -31 54 
83 -69 63 
-100 -87 -44 
-44 -1 -47 
-53 -147 15 
65 -34 -124 
75 -109 34 
21 -86 -26 
40 -134 -114 
3 -16 -61 
-45 -4 -36 
127 46 145 
148 -13 149 
97 -51 12 
-8 -128 53 
140 -56 -97 
14 30 87 
-32 145 84 
31 -141 87 
-139 -90 35 
-111 -95 36 
88 -37 148 
68 -13 22 
-23 -124 -43 
143 -13 29 
-39 -69 145 
-84 -14 61 
-71 120 91 
-131 146 5 
-55 109 -65 
-36 59 70 
111 91 143 
88 41 91 
94 -103 35 
60 126 39 
-50 56 4 
-54 -4 -112 
-92 -23 1 
-79 40 -48 
36 66 99 
-43 36 44 
-108 -115 126 
70 102 -38 
-81 5 4 
-58 71 15 
43 -85 -49 
-33 58 30 
36 -98 -35 
20 17 9 
1 73 100 
-99 19 121 
-2 -10 75 
74 -14 138 
-128 -24 7 
-20 -77 -87 
-140 -80 139 
-75 -47 -140 
48 130 120 
31 140 120 
-92 23 -71 
-24 34 136 
-113 -70 29 
60 -113 -16 
-137 -19 106 
-90 -70 -2 
-105 68 -71 
-85 99 -60 
-15 -65 110 
114 99 -141 
38 79 -125 
-52 17 -135 
68 66 117 
104 -40 23 
33 -10 -95 
2 -40 140 
98 132 -139 
-142 109 -136 
-134 5 -43 
-136 -19 -40 
27 -137 64 
-10 -17 -138 
-59 115 -32 
-103 11 -46 
86 128 -136 
59 55 93 
-46 14 -27 
49 -13 -84 
-138 -113 -32 
148 -96 -16 
38 -105 -43 
-1 -139 58 
-66 -96 82 
67 145 -122 
-7 -99 140 
-35 -2 130 
5 137 56 
-40 23 -16 
1 135 -17 
-139 -122 10 
-53 144 -29 
136 -91 -50 
-108 6 -53 
-81 128 18 
2 114 91 
15 115 -39 
1 -39 107 
34 -7 -42 
-56 -17 -75 
80 -103 -141 
15 136 -36 
-120 -78 -86 
-59 -115 -124 
-24 98 95 
-65 7 -29 
-36 7 54 
143 -76 23 
42 -7 -60 
134 -123 57 
-72 -69 150 
42 -30 -138 
99 -15 39 
112 -6 22 
-67 -18 117 
66 -17 33 
81 -82 -107 
3 137 -115 
96 8 -14 
9 149 48 
-123 -3 42 
66 -140 -41 
-2 -90 -27 
-72 44 61 
-113 33 28 
139 91 137 
142 48 -114 
-118 -63 13 
16 -38 104 
5 134 17 
-45 58 120 
-46 4 97 
-84 12 92 
-150 -21 -146 
-22 35 -112 
-78 16 -26 
-100 -84 -32 
-150 -22 -2 
116 -82 -18 
