-84 -75 -6 
-13 83 73 
85 -16 -33 
-21 48 77 
9 -13 147 
-57 -30 -32 
8 -11 -83 
-19 41 59 
106 -127 46 
-13 -150 -49 
-19 -107 92 
-17 140 134 
44 -121 24 
-15 6 -139 
3 -117 104 
-95 -135 -42 
-135 -101 -118 
-76 132 20 
-68 -122 -120 
64 122 -90 
-148 97 -132 
-94 6 -43 
-30 17 -132 
-91 22 -72 
42 -129 -14 
-9 119 149 
-25 133 -122 
-131 -126 -94 
107 -56 24 
-108 39 -2 
-31 -40 -47 
-83 -24 77 
-11 -2 13 
-64 95 -124 
-80 14 -131 
-148 30 81 
-63 -27 -109 
-7 106 8 
12 31 -49 
-28 -8 109 
-48 -114 24 
-13 124 -60 
-45 116 8 
10 -49 -146 
-93 66 44 
-27 -86 34 
-1 143 -44 
53 140 115 
77 17 -47 
-113 43 41 
-71 -125 29 
57 111 99 
17 85 -23 
107 -44 -65 
5 107 -45 
52 -101 140 
24 -116 133 
24 122 -120 
103 -146 -44 
3 -91 95 
-57 2 131 
8 -111 -74 
116 8 -55 
20 4 -51 
43 -149 -102 
77 -22 -121 
-111 34 -148 
115 -22 133 
-102 66 -68 
120 -126 -35 
72 36 73 
34 -137 43 
-96 33 148 
15 -95 -121 
-123 -138 145 
-15 105 -67 
81 97 143 
35 -11 -7 
-96 -6 -141 
-44 -85 -133 
96 53 68 
-9 1 91 
69 -58 -56 
-145 -18 19 
-18 67 -70 
-11 61 -113 
-70 143 114 
-42 62 -77 
59 -52 147 
-107 14 53 
17 121 -88 
104 -89 8 
93 -149 25 
45 -21 -52 
-61 -117 -130 
-1 -115 29 
10 -3 -68 
-59 23 -134 
-108 -140 -110 
63 -85 14 
96 -83 124 
-86 -8 85 
-50 23 -14 
113 -48 -72 
49 -106 -33 
-25 104 113 
74 -103 -48 
-58 -32 -101 
76 145 56 
9 -65 -91 
40 -139 -42 
32 8 -148 
50 61 -54 
-89 -43 108 
-120 23 -114 
53 -32 67 
-23 30 28 
107 -5 10 
18 147 78 
-139 116 63 
-73 -72 -39 
-112 91 64 
-122 -74 135 
19 -150 -34 
136 110 94 
4 96 -74 
36 130 42 
-72 -129 84 
-140 -7 69 
66 -59 -112 
-3 43 -2 
75 50 64 
21 -10 35 
-111 -136 124 
-64 67 -77 
-139 -76 27 
-78 -90 -8 
13 31 62 
-13 81 -138 
-115 -13 -94 
92 62 -47 
106 53 -71 
-26 -67 40 
-63 -77 67 
-109 29 -24 
-116 140 39 
139 22 122 
-101 -14 -34 
-83 81 -3 
1 27 149 
-9 -110 132 
25 115 2 
-136 -76 56 
25 -64 117 
90 75 53 
-13 -127 116 
-115 47 -45 
112 -48 -71 
77 33 -55 
122 -135 3 
72 -66 1 
9 125 118 
122 -13 70 
-99 -39 93 
139 119 135 
131 -79 136 
83 -95 60 
-23 -28 40 
-42 15 21 
-112 -15 -13 
100 -45 67 
-42 145 37 
-142 -31 -3 
-114 -122 44 
130 -86 -129 
146 -125 20 
-73 85 103 
122 22 78 
-92 -17 35 
-122 -88 -67 
73 29 112 
37 12 -23 
-60 18 -69 
-93 -26 -122 
-126 -117 -35 
5 53 -4 
57 104 -112 
-140 74 9 
-23 -96 1 
-13 -109 -107 
-94 1 -48 
-54 113 -34 
-146 -95 119 
52 74 24 
143 101 -30 
-110 149 -116 
-136 26 98 
-74 -70 64 
-25 125 34 
120 -80 -95 
102 -86 57 
-65 133 -96 
-129 -88 -90 
3 114 85 
-131 28 15 
61 30 41 
70 -35 -130 
-18 -96 -46 
34 -80 88 
10 -40 103 
70 -64 -125 
26 -63 -2 
-81 9 102 
7 25 62 
-102 141 -115 
31 64 -83 
100 -126 42 
-11 138 -1 
70 142 -20 
80 10 -9 
-120 37 62 
-37 -30 89 
-11 -107 -26 
-40 118 63 
-68 58 14 
7 80 111 
71 -28 -9 
-68 135 71 
27 122 -54 
-16 62 -126 
-6 -149 26 
-23 -42 62 
73 5 94 
-74 73 138 
85 -112 -32 
-114 -17 73 
66 -75 -136 
108 12 -96 
-89 6 74 
101 -85 -62 
-15 3 62 
-56 30 149 
125 24 -82 
42 -20 -28 
32 98 -104 
104 58 93 
131 4 49 
104 -38 -48 
7 12 -23 
148 -59 -25 
-61 43 9 
-26 8 117 
150 131 -60 
-147 -15 4 
149 -136 28 
-5 -115 -20 
-95 66 111 
-67 127 10 
88 91 25 
4 37 53 
-37 -141 112 
85 6 106 
-125 118 33 
-69 -28 -2 
-45 -102 -49 
-96 -117 -119 
-130 -121 21 
-19 141 -127 
140 95 -87 
-79 65 64 
-133 -144 77 
-28 139 124 
41 78 -15 
-17 -70 71 
142 132 -21 
-36 -34 50 
-19 31 -53 
35 -34 -22 
109 -7 -46 
1 -69 89 
128 31 -102 
-46 148 20 
142 114 67 
96 146 107 
109 -22 -117 
32 131 130 
-5 112 135 
135 -106 11 
87 -33 -138 
90 -124 -48 
91 -98 27 
-69 90 143 
-11 113 -53 
-64 43 76 
-92 39 -21 
-74 88 -137 
24 -9 -107 
-60 -90 143 
20 -25 11 
113 -75 -29 
15 -5 119 
42 -88 60 
1 63 -149 
62 -35 104 
-54 -46 119 
2 92 -19 
-112 -132 81 
135 -27 9 
139 148 -16 
-18 66 64 
-33 -19 101 
16 136 50 
-21 -73 5 
42 -126 97 
-117 36 -9 
-19 82 -132 
-132 10 92 
-49 146 -76 
-84 117 55 
-129 -123 56 
31 -30 145 
76 -70 56 
-21 3 -128 
105 103 38 
79 74 -36 
-42 92 -130 
-49 148 -30 
-15 -4 -128 
-74 56 81 
37 124 14 
-122 6 -60 
116 149 19 
119 -3 26 
43 85 -93 
10 -14 -3 
138 23 -81 
-37 85 -140 
-74 63 -60 
-72 -45 58 
16 -130 -4 
40 109 -38 
-56 -16 12 
-39 -74 89 
-59 128 -9 
-131 -39 88 
90 78 26 
19 85 61 
-92 -101 68 
103 -50 139 
-74 -18 -39 
-78 132 98 
26 -122 -6 
-60 33 84 
38 144 11 
-51 -140 -81 
134 -13 145 
-26 141 -7 
-111 -116 71 
17 -49 123 
-123 5 141 
-137 -10 -129 
-36 11 -8 
23 -2 10 
97 -32 118 
94 -136 -26 
124 -55 -128 
-94 61 126 
-55 -134 142 
-3 139 40 
127 78 -60 
50 -128 38 
21 -49 150 
13 -121 -70 
-38 -13 -12 
122 -83 67 
150 7 69 
30 -127 107 
-72 -89 -2 
127 -93 52 
23 89 -135 
96 -43 -139 
-36 -145 55 
19 -82 104 
9 140 73 
118 -10 109 
-102 74 -106 
15 -53 52 
75 -38 47 
-51 98 -32 
126 -54 87 
-116 -59 -64 
4 -147 25 
72 29 -70 
63 87 -73 
-29 150 -69 
-86 5 36 
-135 1 -136 
36 10 1 
-63 117 27 
-104 -81 -86 
-30 -91 14 
90 -3 42 
80 -122 -37 
-59 -126 31 
-63 9 33 
63 118 -13 
21 -23 -83 
-144 75 145 
122 -38 150 
-90 -23 -21 
5 81 -14 
-53 -120 -128 
59 117 82 
39 -122 -147 
-138 -63 -95 
143 18 -31 
2 9 -50 
60 -28 145 
94 -123 -20 
-76 7 -48 
61 64 -11 
-58 -28 -84 
142 7 -28 
5 -11 34 
-92 -115 69 
-29 12 -76 
71 70 -72 
-25 11 130 
-95 -34 -93 
149 30 107 
-17 -43 -1 
-98 -106 68 
53 -14 -25 
47 15 145 
141 149 19 
108 -6 110 
17 11 110 
-1 -6 62 
-119 -72 22 
-21 99 -61 
-18 -118 44 
112 78 -85 
49 -73 -25 
-79 -110 43 
-102 -132 -44 
-99 -131 -72 
-49 41 -137 
-87 -65 -127 
-105 132 -97 
56 25 -132 
