131 -12 -114 
65 133 -140 
-19 95 13 
113 -109 -54 
7 -62 -138 
-40 -127 102 
105 68 -46 
143 -36 -142 
-2 -85 -87 
11 -47 -36 
96 115 -120 
-84 69 -148 
-65 53 -59 
47 33 105 
18 92 -4 
-149 111 -26 
-8 4 36 
65 116 -5 
-31 124 -129 
-106 -139 -57 
77 -107 -40 
61 71 20 
122 3 91 
-8 87 -38 
-70 111 -4 
40 25 -80 
-10 45 -44 
88 -38 135 
67 18 -60 
-75 -48 -137 
-101 -2 -149 
-4 -91 107 
-64 -22 6 
84 -95 44 
-143 -46 5 
1 16 -137 
-2 147 84 
-21 -60 115 
54 55 66 
139 135 -102 
-91 -97 31 
-30 -57 9 
-87 135 36 
18 49 133 
28 41 22 
55 28 34 
36 -42 142 
-44 -116 121 
-84 -81 72 
105 140 69 
-130 -39 -3 
-70 79 -7 
28 -31 -75 
-55 16 -6 
67 -63 -20 
-140 -36 -81 
-16 -38 -141 
49 -34 4 
73 81 -109 
67 -147 -20 
-143 73 -94 
-149 -6 94 
-94 115 53 
-91 107 -45 
-142 -126 -118 
75 95 121 
-3 -76 -29 
120 -35 122 
-13 50 81 
120 6 -34 
-102 -21 52 
-122 88 64 
-2 113 -92 
-27 140 71 
37 140 115 
-35 109 -18 
57 -139 147 
-3 -36 -104 
4 -78 60 
81 -60 13 
-143 17 -146 
-40 -76 144 
-113 -146 -10 
132 117 -144 
23 44 140 
-25 97 85 
84 53 -97 
-28 53 -17 
-88 -81 -129 
-45 -90 -120 
-13 26 83 
57 -49 -95 
-51 -5 85 
120 87 -60 
-1 -130 15 
-119 71 34 
39 -92 -1 
136 -15 3 
-149 -30 3 
31 47 -142 
4 61 118 
-80 89 -22 
49 -59 90 
29 -51 -98 
-6 -133 -55 
87 -7 -4 
13 112 -141 
137 -24 -132 
80 68 21 
-24 4 128 
16 -94 -102 
120 -23 92 
142 -29 -18 
37 144 -11 
22 39 15 
105 111 -79 
-2 -71 -54 
-34 68 35 
68 -84 -73 
110 4 116 
-149 94 -74 
24 -131 79 
29 49 -106 
-37 43 -116 
-47 139 -61 
35 -116 -2 
13 109 31 
-44 -32 -95 
-20 -99 76 
-28 46 124 
-41 8 84 
-2 13 -125 
109 140 57 
9 -53 -11 
-3 -119 -94 
-120 66 -26 
12 -93 22 
-49 -59 -45 
63 -37 -88 
-22 -86 -138 
-9 -129 -75 
-1 124 -29 
103 -39 -34 
128 37 -120 
98 -103 -67 
121 21 -10 
9 -56 -6 
-139 45 -80 
-60 -16 -96 
14 90 -87 
41 43 -89 
-128 -93 55 
42 -37 -50 
115 -122 -26 
104 -30 7 
54 -9 126 
-97 -140 -70 
-96 -150 77 
24 87 -112 
-8 91 75 
60 -139 130 
-74 -23 -137 
100 125 28 
103 106 120 
137 85 122 
130 46 -16 
80 -104 -50 
-13 42 99 
-62 45 -5 
71 54 53 
68 -64 -82 
132 110 -83 
120 -90 -60 
30 104 137 
-19 -70 111 
-127 -66 39 
55 120 -109 
6 55 59 
-4 96 -138 
26 -101 -110 
-124 -113 60 
-55 -117 -111 
-124 -15 14 
-144 25 -42 
-54 74 -137 
111 99 -87 
-53 78 95 
-83 -42 43 
55 -33 -66 
22 46 101 
62 -34 20 
-80 -63 -40 
49 123 46 
45 134 -68 
-135 -107 -139 
88 86 -82 
26 121 -82 
-79 -42 2 
13 -96 87 
91 -122 -22 
118 14 43 
129 9 -72 
-60 40 -119 
106 45 49 
-100 -34 55 
-54 -145 73 
-64 150 20 
146 15 84 
-14 1 -42 
9 12 48 
57 -77 79 
141 -98 131 
-13 57 100 
-67 126 -64 
149 -80 124 
-138 -126 93 
30 37 -66 
116 127 -120 
-37 10 -98 
-59 44 -106 
-10 26 129 
-97 60 -53 
-95 13 83 
-100 36 123 
115 3 10 
-2 56 92 
71 -106 -2 
-41 -90 24 
103 -69 -47 
-28 -29 62 
28 -59 -31 
-1 113 -116 
-16 -150 -40 
73 -141 138 
4 -36 52 
28 -10 -65 
86 115 3 
-142 -99 -35 
-11 130 -29 
5 24 38 
-95 -43 139 
4 -9 1 
-105 -5 149 
-102 58 -73 
-4 -126 59 
-55 -108 85 
-143 66 -28 
104 -52 -118 
72 24 139 
51 1 127 
-78 88 -6 
-27 14 -85 
52 75 67 
77 19 -58 
22 48 88 
-22 -39 129 
120 -47 51 
-115 116 49 
137 78 128 
-72 -118 -109 
-18 49 91 
126 -70 116 
51 -19 -114 
-29 2 -104 
-4 -19 146 
47 72 26 
2 1 -130 
149 -138 56 
-55 133 -139 
-98 87 -100 
139 -136 46 
20 -146 -89 
49 -106 -75 
76 -8 56 
50 -148 34 
-39 52 -144 
35 -98 108 
73 50 95 
65 -121 -89 
-132 -102 16 
-57 8 -51 
17 -87 61 
14 21 -60 
120 -57 99 
136 -83 119 
128 -42 -104 
59 -49 25 
144 62 -21 
-117 99 90 
9 -13 51 
-150 -27 -93 
3 -116 -22 
3 -104 -112 
84 -120 -42 
-9 127 119 
127 -20 46 
-142 37 -11 
82 46 125 
107 -33 -109 
-147 69 -81 
4 79 51 
-47 -113 64 
-66 90 9 
124 -123 -109 
48 -70 -127 
-72 -150 22 
-14 9 -145 
-18 100 -2 
11 114 -5 
32 -123 -26 
-16 -133 -49 
7 136 -66 
-137 -58 32 
-51 -106 -74 
-28 -33 123 
35 29 -143 
112 -35 43 
33 30 -64 
59 134 118 
-123 -79 48 
88 -10 121 
-91 -50 -148 
-102 -31 63 
-2 30 11 
-61 43 134 
133 -122 -80 
-26 50 -79 
-8 6 -74 
-12 -51 7 
18 33 96 
-49 -71 98 
-103 -9 109 
-20 46 -129 
12 -42 29 
-16 -18 -123 
-136 99 -13 
53 44 25 
-73 65 13 
39 -131 -100 
-21 -55 109 
12 -30 102 
19 24 -123 
120 92 5 
64 -42 -17 
-43 -41 -130 
89 -101 -32 
99 -126 -149 
-78 70 53 
103 84 -5 
-71 101 46 
28 -110 137 
-17 -146 31 
-95 -33 -93 
28 141 127 
80 -39 93 
-19 131 111 
-84 16 94 
-50 -143 56 
-108 87 -116 
22 27 -129 
23 -69 -149 
-116 -130 -3 
62 -72 114 
53 16 -17 
-48 113 -24 
112 48 116 
112 124 -106 
-54 -34 101 
-83 59 -128 
69 59 88 
134 -145 30 
19 -66 73 
-40 -5 17 
-104 69 -114 
-147 -88 17 
19 39 -83 
34 50 133 
-142 -14 27 
33 20 -145 
23 -30 138 
135 132 -102 
38 71 -143 
-41 48 105 
134 -27 126 
-2 -30 66 
18 144 -71 
-77 -13 -4 
62 70 78 
147 -34 13 
-143 -83 48 
52 -104 -53 
-39 -83 37 
-89 -9 -146 
-45 -23 112 
57 110 67 
-4 -97 -49 
-117 -47 -131 
-88 72 -83 
10 -72 115 
-105 -49 -4 
-133 -134 1 
74 103 -134 
9 79 105 
-61 -22 8 
-40 -38 -7 
77 -58 115 
-36 -63 117 
116 -144 -18 
-31 82 -22 
35 -90 -121 
99 127 41 
83 22 -128 
-11 -19 5 
65 -124 -22 
132 -43 -72 
80 40 -98 
-17 16 -33 
-145 -129 2 
-25 -49 -32 
-72 -114 126 
43 -101 57 
-67 106 39 
100 -120 36 
5 97 -128 
-50 46 -55 
23 120 -48 
120 -35 -82 
11 46 136 
82 -81 103 
-9 37 113 
56 71 -51 
-12 -59 1 
13 81 7 
140 -110 -52 
-87 31 114 
-26 8 6 
-37 83 44 
-149 -12 -7 
-120 64 -41 
144 -96 -9 
-116 -41 90 
14 99 109 
26 16 124 
-17 13 99 
-115 -82 140 
21 -147 94 
142 98 13 
-146 -148 -17 
60 -36 -11 
-80 -140 124 
