16 49 27 
-127 192 119 
53 48 182 
-4 -7 171 
-93 19 -41 
96 -61 -10 
144 -190 -120 
-59 -180 46 
53 -27 -163 
-72 125 139 
-72 -83 -48 
32 -23 -197 
38 -6 77 
145 137 143 
-171 27 120 
-9 -106 -8 
38 -80 52 
159 -90 7 
-99 118 171 
-107 -129 -15 
35 64 6 
-88 171 -120 
-143 -156 -195 
-49 9 121 
-185 -45 -47 
190 173 -68 
-27 -190 -32 
112 50 126 
-6 158 -8 
104 -15 95 
49 -98 116 
-55 93 -1 
-172 -119 -10 
-197 -55 180 
-189 147 -136 
125 -186 114 
-50 10 12 
-75 -160 -53 
1 -146 198 
-59 112 145 
-11 -197 25 
40 -73 12 
72 126 84 
-7 -72 4 
-147 65 30 
32 -113 150 
-3 25 -71 
-88 -63 8 
-11 -183 -6 
-171 -27 -83 
-118 154 -91 
-66 53 80 
194 -37 -60 
162 103 167 
184 39 14 
-40 21 -20 
-71 -146 -192 
-25 -128 4 
-4 162 -191 
-107 -108 40 
-141 51 -162 
105 121 8 
78 -184 -6 
103 110 7 
92 163 197 
-171 106 102 
-99 -47 104 
12 23 -71 
-87 -170 3 
158 99 -160 
-17 -186 9 
25 38 -55 
-151 -161 -116 
40 39 -194 
168 -107 -57 
-67 56 5 
-44 84 -61 
31 18 173 
72 37 128 
190 -86 22 
2 1 14 
-142 108 48 
144 140 -197 
-138 47 -12 
-63 -1 138 
144 171 107 
133 -116 172 
93 127 -16 
-47 -33 -2 
13 -38 -50 
2 157 191 
-7 23 27 
-124 -192 -20 
67 3 17 
51 -14 -142 
-161 -72 -4 
1 -19 -10 
49 -159 -42 
-184 33 107 
-98 -195 -60 
117 -40 84 
-101 33 -17 
89 -70 -23 
-133 11 159 
-93 187 -5 
-173 -84 -87 
128 -76 -127 
-12 163 183 
153 47 67 
-98 -11 106 
86 -1 -23 
-8 -7 178 
-52 -156 82 
126 147 186 
-174 -7 190 
31 -144 -11 
-188 -151 39 
-38 -57 141 
39 23 -106 
-79 -107 52 
-67 -78 -89 
-77 154 116 
-91 -34 -97 
104 167 65 
-90 178 -173 
145 137 -4 
5 -24 -133 
130 191 -20 
19 9 194 
-78 -128 -39 
-42 53 -2 
43 -42 47 
-38 78 39 
-88 64 -38 
47 -68 -166 
49 92 24 
82 -197 89 
137 185 -92 
-176 -49 2 
93 -78 -74 
-147 96 165 
-47 145 44 
21 5 -108 
144 -104 -115 
-60 102 15 
-44 -198 199 
-56 2 -191 
-56 62 -192 
-193 6 -186 
-99 103 -184 
-106 -35 -84 
-198 -47 -42 
119 -77 -150 
5 188 -73 
130 -12 40 
62 23 -32 
-139 63 -101 
-3 163 102 
-90 -134 118 
21 -183 -19 
-12 -127 23 
188 -104 -2 
17 -152 120 
-65 6 23 
-175 -46 2 
9 31 -170 
-80 180 -135 
-32 -80 6 
-79 -101 -131 
100 -24 94 
-110 16 -1 
-90 -131 -56 
109 -146 -72 
-3 147 137 
2 -113 -78 
37 51 38 
140 132 -128 
182 -170 145 
22 39 15 
3 5 151 
49 72 -153 
36 -12 8 
-35 -192 17 
-172 -106 -27 
43 -177 17 
6 84 -58 
-112 -150 -153 
-183 -115 168 
-112 -71 29 
-22 -12 199 
64 102 -13 
-84 5 -71 
145 14 -68 
-54 57 -193 
49 73 66 
-3 -48 27 
18 200 -9 
97 23 -1 
129 66 -160 
72 -2 -19 
-88 -23 39 
-55 22 -31 
-8 -169 -100 
-154 -15 -65 
21 110 -38 
-19 -73 -34 
-45 -1 63 
-2 18 -122 
181 10 103 
62 127 -180 
42 22 -9 
-53 -5 141 
-187 -55 110 
30 -12 10 
-200 -116 -117 
-168 24 -7 
99 197 -42 
-82 148 -34 
146 24 29 
-85 196 46 
-21 6 47 
-42 139 62 
-49 64 -47 
134 -26 9 
-8 -106 -7 
-115 12 -133 
94 -21 -63 
-53 -117 51 
156 182 4 
-86 -196 -70 
131 -22 -37 
-31 -108 37 
-14 72 -194 
8 42 -96 
89 34 -131 
-142 -133 -191 
104 163 196 
115 161 -148 
18 13 173 
-54 -27 162 
174 34 142 
132 -68 -92 
-16 -141 -86 
34 -68 -51 
-80 -109 -36 
132 -39 22 
-5 150 13 
-123 -130 18 
48 143 19 
-17 -6 -155 
161 -116 57 
-17 140 -40 
7 174 190 
103 -65 -8 
13 35 -86 
-33 153 57 
-27 -146 -15 
75 -109 -3 
-28 -178 160 
77 -98 -2 
-45 -47 153 
-31 -14 80 
-30 -170 -10 
-67 -138 -24 
152 82 -187 
-124 -173 -121 
-88 -86 -16 
3 -200 182 
-177 137 -109 
-31 76 63 
28 -83 138 
93 53 89 
54 97 198 
35 -197 9 
-23 17 39 
-154 -58 -198 
25 -191 145 
175 -28 -64 
20 -145 120 
41 -59 -4 
199 -74 200 
111 -191 200 
129 134 3 
-1 -89 -21 
94 -162 143 
154 -38 15 
-155 -60 -71 
8 188 189 
-40 -88 113 
84 122 164 
-200 -79 -25 
-51 30 -100 
172 -15 -20 
-13 44 -55 
-46 -109 -10 
20 193 -5 
17 -129 -99 
148 -191 -139 
-88 118 -35 
138 -11 171 
-18 146 49 
-156 14 98 
-181 7 42 
151 200 126 
68 7 93 
-80 6 54 
2 103 97 
-41 -94 -13 
55 -46 -21 
158 37 16 
-91 189 84 
-127 -145 -132 
-125 79 168 
34 163 11 
-144 -75 76 
-45 -165 49 
90 6 -92 
-136 -54 142 
-33 -172 104 
-92 38 -49 
-88 69 165 
100 -186 -78 
108 168 35 
163 -47 -7 
7 46 -168 
83 -72 58 
54 99 -40 
-147 -104 14 
-77 -118 126 
30 40 -165 
-4 113 -80 
-189 -69 -107 
-101 124 -10 
162 44 -134 
33 -40 -91 
-135 -25 -116 
116 11 -80 
-172 -190 99 
1 14 -156 
-131 -125 -11 
-196 185 130 
-179 11 -25 
45 106 -3 
-72 -166 -132 
-20 111 -105 
-137 60 8 
-173 132 61 
-159 183 -135 
112 -21 86 
-46 -65 74 
159 -112 45 
56 8 88 
-20 156 -15 
103 -182 146 
26 125 101 
96 -92 -94 
-103 -16 123 
24 -35 15 
-118 65 -114 
179 -173 172 
149 -98 40 
36 30 72 
-58 145 26 
-182 -32 119 
195 -94 12 
-18 119 3 
35 173 -12 
168 5 -149 
-6 109 105 
139 -94 183 
-91 -115 155 
99 32 179 
6 -60 -183 
24 17 122 
-21 114 -2 
86 138 -114 
-13 140 -67 
9 196 17 
69 109 -107 
-96 67 -63 
154 40 3 
-121 -145 -27 
54 -176 -81 
-50 -129 134 
-160 11 61 
-57 4 74 
161 -73 -25 
37 -7 47 
128 -30 36 
49 164 -60 
18 118 -185 
-139 33 -133 
-51 139 -6 
16 -83 63 
-78 159 33 
-52 -140 -128 
18 25 129 
97 167 63 
108 170 136 
-55 127 26 
22 88 74 
-16 2 23 
-197 24 -171 
-44 175 -77 
103 195 -184 
65 8 48 
122 31 -45 
-43 46 -101 
-4 88 -12 
-130 -95 27 
-109 -159 3 
161 9 104 
-193 87 -162 
154 61 -68 
-176 -63 21 
167 31 -96 
-1 -46 168 
52 -165 -106 
160 -2 -98 
-81 -135 149 
-191 -7 -166 
-89 9 36 
87 -150 -59 
-29 -68 72 
-189 96 -9 
114 31 -16 
40 124 71 
91 -184 -86 
55 51 159 
-161 -117 15 
52 74 -77 
-35 -103 162 
-65 -108 -86 
125 -79 -5 
-51 -39 -72 
64 -176 -50 
61 -10 145 
76 -60 17 
-20 122 -3 
-92 -194 -35 
22 73 -27 
-112 52 -75 
102 -4 140 
4 -135 61 
-36 -4 -58 
104 100 -14 
-50 -60 -20 
34 143 72 
-98 -15 -90 
73 80 -120 
199 -92 -157 
91 127 38 
53 -124 85 
191 20 59 
168 165 -38 
17 -85 125 
169 108 -69 
-71 3 -46 
-114 -134 97 
-52 190 179 
-95 47 42 
32 -142 51 
87 -1 165 
-109 -80 -17 
42 40 4 
-65 -105 198 
-34 -55 -173 
76 55 -156 
130 -140 152 
-58 17 -3 
-21 -138 83 
186 -135 119 
-117 11 -138 
-32 121 -173 
38 -155 -57 
4 7 -83 
-22 -32 110 
-19 -28 -20 
-159 190 -41 
-191 140 31 
85 3 99 
-193 -133 -52 
37 17 -198 
182 -123 -86 
-90 40 -6 
-169 108 112 
-10 113 -37 
173 129 197 
173 -23 148 
167 125 10 
-64 1 -143 
-50 -93 116 
41 134 6 
118 159 137 
65 -27 122 
75 -82 20 
-1 7 -89 
-91 83 3 
-31 96 -19 
117 -5 -24 
-193 105 167 
-49 185 53 
-197 81 -132 
-128 89 -90 
-61 29 93 
51 9 12 
-174 93 -20 
76 38 -6 
-1 173 -41 
-37 8 -22 
-1 125 -79 
-150 -173 38 
31 -64 60 
-160 37 -27 
-29 5 53 
14 -42 -9 
113 -158 186 
-28 -176 -31 
125 185 -2 
45 70 104 
33 -156 -94 
-63 178 -86 
-26 -87 58 
-59 -30 44 
-63 26 183 
15 197 -23 
-33 -184 32 
78 7 -2 
34 149 -54 
-182 -56 65 
4 21 -189 
155 150 198 
33 -190 -86 
-61 -89 67 
13 14 -1 
-54 -109 -178 
111 183 -65 
153 -99 22 
-181 -99 -29 
11 -22 19 
12 40 57 
78 -7 141 
-176 35 -2 
71 -170 -131 
-130 -41 37 
-57 30 -14 
-14 -83 148 
68 -145 -1 
40 -125 -3 
-38 -72 -18 
-137 67 126 
-164 129 107 
-13 5 -118 
-138 133 -132 
16 114 5 
34 131 -107 
-4 86 188 
-3 157 18 
85 36 132 
148 35 -84 
5 177 -63 
15 -119 -16 
-11 6 -33 
-40 -125 9 
-105 -2 45 
-48 -84 -64 
93 163 -144 
-86 32 -75 
-46 -153 -118 
19 -64 -96 
1 -30 -146 
-15 125 111 
49 188 -18 
109 154 -195 
-15 -33 82 
95 -18 8 
-115 43 3 
18 197 179 
-156 -121 -21 
-57 -12 109 
73 36 130 
-161 154 27 
-97 -87 79 
47 85 18 
96 -46 12 
192 88 55 
85 -151 60 
49 -88 -69 
59 120 -19 
-158 -7 -47 
16 153 31 
-171 170 -16 
-145 -67 -53 
-24 -145 55 
-43 55 132 
132 -177 83 
199 -150 -154 
-35 -28 -99 
-119 -129 72 
-141 44 5 
184 -97 6 
-83 170 -11 
-26 183 109 
-59 -63 -173 
133 156 -167 
13 183 -90 
-162 -108 117 
-6 4 -30 
71 194 -168 
72 110 41 
11 -19 39 
-35 22 -113 
-190 -142 -96 
-49 35 -75 
159 -149 -196 
-67 -25 140 
-37 111 62 
-60 141 -29 
59 -61 111 
184 -16 -174 
-55 -153 8 
112 150 -198 
34 51 -71 
142 66 -125 
-155 92 -39 
-45 145 -135 
79 -33 188 
102 144 166 
-90 -43 82 
132 -6 24 
-34 46 -135 
-5 -121 130 
-79 103 50 
64 -76 -83 
27 3 -131 
180 -11 47 
2 -21 52 
-5 -63 -9 
-42 115 55 
196 173 -55 
-1 126 -51 
140 135 111 
94 17 47 
4 155 -32 
-145 152 -13 
189 -24 32 
-67 -92 69 
42 -67 -54 
-19 -29 -142 
143 -171 64 
43 -109 -20 
-199 154 13 
-13 -124 36 
110 -187 -95 
102 2 9 
-23 -102 -22 
8 -2 140 
15 -54 106 
-90 2 -108 
18 108 81 
155 -116 65 
91 110 -26 
187 -56 -194 
-48 78 2 
15 -44 18 
149 159 -140 
-9 28 -68 
32 139 -141 
-18 55 -26 
-129 193 -32 
-189 193 -55 
67 -144 -21 
-173 -125 38 
-88 -2 64 
61 129 147 
194 -174 -33 
40 -44 5 
144 114 -1 
-97 -94 89 
176 188 107 
-64 45 -78 
196 11 26 
36 -60 69 
-29 191 143 
-152 17 -65 
87 -57 36 
-36 93 40 
76 119 -51 
196 -101 177 
-56 -149 -70 
117 1 124 
95 -70 31 
101 -60 -143 
-15 -42 138 
86 95 -196 
-77 2 -85 
4 183 127 
156 59 35 
-125 -36 170 
-33 2 49 
-176 46 55 
81 6 -50 
2 -105 -38 
-4 -33 -131 
-124 -152 129 
7 184 -85 
-133 -161 46 
-3 176 150 
56 -145 137 
-154 75 129 
-197 65 -49 
-74 54 34 
-167 -178 -160 
-45 1 -87 
63 163 -56 
112 -1 19 
121 79 17 
152 -190 -131 
-132 -137 -199 
200 -67 -98 
95 82 2 
123 167 14 
-47 -64 -180 
172 -115 61 
-83 97 -123 
103 -127 80 
65 118 -67 
121 -99 178 
-36 -6 129 
72 137 46 
5 39 -23 
-96 134 15 
30 142 146 
-47 8 -7 
177 61 -88 
145 79 -3 
-10 -84 -137 
48 -121 -124 
-76 13 25 
-123 1 38 
9 78 -13 
-135 88 -34 
-157 -32 185 
-138 20 90 
-22 67 -164 
17 140 -13 
1 80 177 
-32 58 -22 
1 42 -136 
-150 144 50 
149 43 -170 
-143 -127 99 
-53 -94 -22 
-12 127 68 
-93 -71 61 
26 -16 29 
115 126 -59 
-10 100 -78 
65 -151 175 
-186 14 30 
153 -91 34 
-44 102 155 
-29 -179 -168 
10 -3 190 
-36 108 56 
-157 -48 -81 
-140 103 56 
136 115 114 
123 197 68 
-158 -112 -115 
-197 16 -131 
-151 75 156 
140 173 -45 
25 134 153 
-53 -43 -87 
102 -112 -2 
-15 46 18 
-42 22 -36 
-163 -119 -113 
-159 1 -114 
95 55 189 
-7 54 58 
-98 27 -137 
165 -63 73 
-152 34 -30 
-32 -9 -47 
-155 73 7 
-184 191 76 
82 181 154 
-171 6 -67 
39 19 77 
-153 -116 99 
17 -153 97 
-55 166 57 
54 -51 77 
69 -134 -57 
-171 -158 135 
80 -5 -102 
67 -166 -184 
-17 2 -11 
