84 -79 47 
9 81 153 
-40 -193 152 
3 78 -4 
56 197 188 
23 198 97 
-195 -68 61 
-127 105 -75 
2 -75 -101 
198 8 48 
-27 56 30 
-61 -7 -81 
75 -26 -42 
4 191 -77 
142 27 -93 
-130 125 41 
17 8 -110 
-196 -1 -61 
-13 70 101 
-25 -80 92 
-135 12 -7 
-94 -9 160 
-10 105 115 
-148 -71 -92 
80 63 -143 
-64 -148 -5 
88 40 12 
-150 -56 -10 
-20 7 85 
-149 127 75 
25 -191 -98 
83 186 -158 
-81 -148 71 
-92 -1 94 
-68 56 118 
-89 30 85 
-16 88 97 
183 5 -56 
-144 -81 58 
-71 -32 -4 
-137 -81 -199 
-3 22 88 
132 23 117 
37 -26 -18 
-102 110 195 
55 19 -6 
-16 -122 -124 
100 -137 -79 
75 145 82 
-123 -89 11 
10 147 151 
-65 -31 91 
-105 161 120 
158 8 -170 
-99 160 63 
-52 7 67 
-42 200 20 
155 19 76 
-24 -1 7 
80 -3 1 
4 -43 -137 
78 119 -58 
-86 129 -82 
-79 -17 66 
62 190 7 
27 -187 52 
34 28 22 
83 -63 124 
128 160 148 
-192 -137 -181 
126 161 -10 
161 116 -166 
76 -47 -157 
194 183 167 
58 -99 -36 
6 77 -42 
-145 -17 -38 
112 -14 -132 
-141 -95 -169 
117 -153 40 
5 75 -171 
192 -3 -177 
74 -35 -7 
-186 91 27 
-6 -46 7 
20 175 -77 
192 73 65 
-174 105 31 
-28 -160 -166 
-9 -98 197 
6 -147 -29 
-120 102 33 
-176 155 -10 
-14 -141 23 
173 164 -75 
-155 65 -83 
182 189 116 
-14 -98 -97 
-65 128 -42 
-70 -55 61 
-93 -3 -16 
67 105 47 
-147 135 -16 
9 65 128 
-113 -26 92 
124 154 190 
12 123 -180 
178 66 2 
46 -76 30 
-156 95 -82 
9 21 28 
10 2 7 
-181 -188 5 
-190 -70 -197 
138 171 131 
118 181 -149 
-170 97 30 
-115 10 104 
-19 -149 -32 
-82 -173 60 
-6 35 -14 
-52 -116 86 
182 123 179 
45 167 -126 
85 -51 -159 
128 35 -155 
-179 -134 -198 
141 91 101 
-84 -125 174 
56 197 -5 
43 199 75 
-150 -175 75 
-53 -165 -127 
-200 94 -34 
185 33 132 
36 130 -162 
-146 67 -195 
-109 -30 90 
-12 -22 -181 
-77 -12 -24 
162 117 -1 
59 -93 186 
-20 142 -7 
-131 48 151 
181 -97 114 
-29 -23 -150 
-73 -31 -83 
-54 -173 111 
-100 -158 -54 
-37 -5 16 
42 105 -36 
-105 -15 104 
-3 -8 139 
16 -170 -139 
17 -116 -134 
-136 -127 -90 
-164 37 196 
161 -68 -24 
97 140 3 
-129 14 -114 
10 -27 -38 
98 95 -72 
-14 -135 190 
196 -190 -103 
-138 24 -88 
-116 -141 -190 
-49 66 18 
85 72 8 
-171 -39 -15 
76 -193 -102 
48 99 -105 
160 -44 178 
134 144 -159 
1 32 -91 
-74 31 196 
138 -165 30 
98 9 141 
-4 -159 188 
-90 137 130 
131 -2 -61 
-187 -90 -145 
148 -147 -190 
-14 42 -157 
-140 -170 -168 
-124 18 62 
-73 15 80 
115 -44 -70 
-58 -31 -143 
65 52 45 
37 63 99 
-161 172 -178 
-70 159 -151 
76 -113 -5 
32 -158 -77 
52 117 -66 
-105 -108 24 
-155 -97 -104 
-131 167 -50 
129 -63 95 
80 -7 -61 
17 156 -155 
-58 4 -97 
45 66 6 
81 -60 51 
49 174 -33 
-7 116 95 
-190 -194 175 
17 90 -170 
48 135 21 
63 -72 -87 
-104 35 -193 
4 -137 185 
161 49 7 
69 -188 -21 
-158 -38 76 
-37 -3 73 
-78 -40 148 
86 71 -63 
-94 48 59 
-16 144 -122 
-103 -127 -171 
-141 -48 -130 
-154 -117 170 
38 -167 29 
-3 149 159 
-76 -171 170 
13 73 4 
38 -111 -55 
-163 88 185 
149 10 -196 
-100 23 135 
-2 -146 -26 
192 8 -51 
33 -98 127 
-78 -79 10 
-30 -197 -11 
-30 23 -4 
153 -113 122 
-35 192 18 
90 -95 17 
18 -37 92 
190 184 59 
-47 162 25 
57 52 164 
5 -6 -12 
14 65 17 
78 -154 146 
-40 4 -59 
183 -108 12 
-22 -21 -191 
-195 4 -122 
-14 -149 200 
196 117 147 
41 -39 62 
29 -194 -26 
33 -64 24 
124 83 -6 
114 -146 158 
10 111 19 
-2 -7 200 
60 118 -120 
-110 64 72 
151 -17 13 
130 -7 167 
-152 98 -135 
-169 133 -62 
5 111 -173 
-147 -51 79 
181 -51 -4 
197 153 -9 
-24 -146 98 
189 197 -41 
139 -174 56 
-18 -35 -182 
60 127 150 
-21 -71 -171 
38 -116 117 
14 92 12 
-104 -99 142 
146 -18 -126 
183 -18 76 
107 -116 -52 
-9 157 34 
-74 -25 -9 
-36 39 31 
-10 -188 -196 
-116 -161 -136 
-9 -68 -37 
-35 165 -10 
-51 -80 -168 
179 -8 183 
65 92 -186 
129 -100 -1 
-45 106 16 
1 -5 -110 
-189 -96 -20 
66 -4 -134 
25 -188 52 
-4 164 77 
-110 -127 -122 
3 34 78 
-36 -15 1 
-75 -73 -70 
-133 102 -35 
79 15 -110 
-36 -75 -21 
-59 115 131 
146 186 -179 
15 38 -165 
86 42 76 
104 113 9 
144 29 -34 
-62 -10 51 
-122 -70 35 
161 137 -3 
-133 -10 -19 
12 -45 53 
-91 173 -125 
-94 147 -49 
90 141 -123 
-30 -184 -187 
193 -50 -33 
-84 -9 82 
-141 194 -122 
-95 -128 48 
-51 173 -23 
-61 96 -35 
-38 81 112 
100 6 -71 
51 -111 77 
34 86 -14 
48 -88 164 
-153 37 -7 
-109 45 -144 
148 128 -51 
-180 116 -197 
-1 -4 10 
-176 -12 193 
87 -63 -56 
91 -25 -3 
92 64 -133 
-1 -34 -153 
74 -122 69 
87 -54 -114 
167 2 -101 
177 46 -53 
-109 66 -80 
-134 125 -4 
94 -33 126 
42 118 -117 
-59 -78 -126 
-14 -123 -108 
-66 -144 95 
-6 -52 -36 
-110 105 42 
-107 41 -47 
48 -192 61 
8 198 24 
29 -83 -116 
179 -74 9 
-95 -76 -84 
153 60 -148 
-27 -23 33 
-3 -47 -100 
47 -35 195 
92 58 -1 
-16 -138 64 
-33 72 -2 
197 22 19 
181 47 146 
70 -174 -101 
-56 144 -190 
148 -109 94 
124 -8 -117 
-48 45 -49 
20 -127 177 
3 -13 141 
-153 -6 -71 
-131 5 -115 
159 -117 76 
44 -157 166 
5 -91 -140 
-106 -7 4 
176 125 -25 
-3 -147 173 
-21 -3 -200 
-46 -174 -81 
-54 -106 -8 
191 155 112 
-181 -159 115 
-91 -124 69 
-144 -30 16 
60 -153 80 
-49 -164 69 
-129 -193 75 
-92 62 140 
8 18 -59 
85 -135 191 
-129 -37 -63 
33 85 10 
-74 140 -198 
-171 -30 114 
50 -15 4 
-80 163 135 
-169 -1 -160 
-107 83 -172 
19 -95 -178 
-1 -22 -110 
-10 -54 -24 
143 127 -57 
-88 -8 -37 
-188 -21 141 
32 -96 1 
-81 -136 86 
18 62 170 
184 -59 177 
-194 -178 188 
-116 123 -169 
-127 67 -27 
-88 -5 104 
-142 13 9 
105 52 41 
169 -26 -41 
-123 -111 1 
75 191 -29 
34 158 -20 
-5 26 195 
-94 23 -76 
-152 -135 -32 
-125 106 98 
-86 -102 2 
-150 -25 1 
-98 60 -49 
32 150 137 
-134 10 65 
71 82 -53 
95 57 -181 
-70 83 96 
-145 62 163 
13 -76 148 
79 172 186 
91 18 -23 
-112 148 45 
-152 50 -77 
83 3 -1 
-126 -151 50 
-131 -190 186 
-8 -183 -173 
142 48 -9 
-153 139 -178 
-70 120 -6 
-127 -32 -57 
14 -140 -176 
-27 20 139 
116 -15 -98 
-54 -157 64 
-20 96 135 
-49 53 -25 
-18 45 -46 
200 161 -112 
137 66 152 
-28 62 -27 
-144 21 32 
182 -13 66 
16 173 -154 
76 -8 15 
126 -66 175 
-6 100 58 
-112 109 -197 
74 1 110 
38 -167 -143 
-18 -47 61 
-21 -63 -118 
-136 178 -9 
190 43 -54 
-96 190 171 
-144 -129 200 
-55 170 97 
91 72 23 
24 34 -144 
115 57 195 
2 14 21 
152 42 -3 
19 -6 142 
-99 26 -52 
102 133 -115 
-131 86 -152 
-10 -55 -78 
-74 84 -192 
-87 -41 -39 
164 21 -7 
173 -58 18 
7 -190 31 
149 -172 6 
-137 -199 141 
-43 5 -73 
-157 -3 -178 
-151 -162 -193 
56 -87 114 
-82 -151 108 
-96 -81 190 
-41 -84 -69 
-42 84 41 
-161 173 -98 
-78 41 184 
-174 -115 -14 
137 6 20 
157 24 -101 
-8 99 -3 
132 142 108 
164 33 23 
6 -2 -4 
171 -10 -12 
1 -65 -27 
62 -117 -23 
-94 20 7 
-23 22 169 
79 -183 -154 
-31 -65 159 
55 2 -74 
-38 -76 -8 
44 70 98 
142 175 -5 
-13 65 -55 
-189 121 45 
-10 -138 14 
157 56 -135 
111 -151 116 
3 -32 -182 
177 189 -62 
129 -19 -184 
82 42 9 
-109 -186 -16 
87 121 -138 
-34 -1 -174 
55 52 -129 
-184 -73 -140 
92 -57 -125 
91 -46 16 
-189 -15 -19 
-20 -2 35 
-101 -197 -8 
-199 8 49 
-156 9 184 
-189 -188 18 
-139 69 -18 
138 -69 182 
-29 -157 -143 
-15 -76 46 
-53 93 4 
-136 148 -23 
-51 174 -134 
-112 -18 -181 
1 62 -25 
-176 -183 -1 
-153 146 30 
186 -52 -49 
-41 159 187 
-143 3 -71 
114 20 22 
78 125 -71 
1 22 16 
-129 80 90 
-88 1 105 
-58 32 -63 
84 164 -21 
69 89 40 
-31 44 -87 
103 55 107 
136 -144 190 
8 34 -5 
-136 186 75 
13 17 -3 
-18 37 13 
103 5 37 
85 -198 -37 
103 -102 -51 
49 -65 -183 
140 -100 -167 
-40 -69 -177 
162 -176 -58 
42 -31 -118 
-66 24 -12 
-1 -3 154 
26 -194 -4 
-20 -159 106 
-7 22 -28 
-37 -160 49 
-61 -91 96 
-112 106 166 
-12 21 144 
34 -57 164 
-160 47 -17 
-39 -72 182 
84 157 -122 
-34 -50 -62 
-140 44 136 
60 15 29 
75 -60 87 
3 -52 -11 
149 43 1 
180 -80 23 
137 132 -20 
-120 -144 -57 
-66 -117 86 
25 40 -189 
-32 -39 193 
-118 97 61 
54 81 33 
-83 -134 10 
34 -13 -166 
176 -6 -61 
33 92 20 
55 26 -87 
-183 -62 118 
158 133 -91 
-99 -40 52 
158 6 114 
147 -54 128 
7 -138 4 
-146 50 -104 
-4 -189 -37 
95 97 -4 
-2 -105 3 
3 38 146 
129 66 174 
18 -17 -12 
-150 -163 -36 
55 -142 -115 
-35 184 171 
46 156 -100 
-80 29 -34 
-50 -181 -107 
19 -72 87 
72 108 73 
-182 86 142 
-150 192 -194 
113 -7 -35 
73 -113 48 
-130 -165 138 
-90 8 -40 
31 130 -91 
-2 -50 -8 
-160 155 14 
-98 130 37 
-68 -37 168 
-196 -44 102 
-47 3 -90 
66 -127 -13 
-90 -123 128 
97 144 62 
-58 33 197 
76 -83 -34 
-37 -122 57 
18 13 -100 
6 126 8 
-123 189 118 
72 155 126 
188 78 -83 
90 163 -181 
-2 95 -155 
188 -78 142 
199 109 113 
118 -2 -104 
-141 81 147 
65 -13 16 
12 -4 -168 
-165 24 115 
107 120 -60 
16 132 23 
192 42 53 
-66 140 -82 
56 -44 114 
99 55 148 
-17 25 -127 
-144 -7 -46 
-199 -15 -115 
146 -4 46 
-37 3 104 
-162 187 164 
16 -127 113 
-46 66 -77 
-160 53 -104 
-166 -6 -188 
111 -76 53 
93 -138 -18 
-189 -180 -5 
-82 -14 -171 
114 -17 68 
-42 66 -1 
75 107 -178 
-166 -120 27 
-158 102 123 
-132 40 20 
-75 -115 160 
107 -87 24 
134 -100 26 
-169 -84 175 
97 54 -46 
-159 -76 73 
-158 -135 -152 
-65 -21 10 
119 3 91 
66 159 191 
-132 14 118 
141 136 -20 
165 127 199 
-135 192 47 
78 -166 67 
-162 -85 65 
41 175 152 
-178 -20 79 
-93 -48 11 
110 -90 116 
-61 109 -107 
-34 175 4 
-5 -6 -117 
171 -71 160 
194 -160 -154 
-67 -27 -32 
46 -139 -195 
144 -138 95 
143 64 6 
-182 68 -42 
-79 -138 6 
-115 -199 -124 
53 -63 126 
1 33 53 
11 48 155 
101 127 9 
-185 -192 -32 
55 96 68 
137 40 188 
53 126 -131 
163 130 -120 
13 44 121 
-42 -194 -38 
1 147 172 
102 110 144 
86 -2 8 
84 -144 -131 
-1 -79 -16 
-70 -85 65 
-192 -133 129 
146 -20 -141 
71 48 68 
145 -51 5 
47 -30 -132 
-2 -92 -49 
42 121 22 
67 -159 51 
200 -141 -37 
53 -118 150 
-174 -17 -107 
-34 196 1 
-51 98 152 
-139 -45 -110 
-13 146 26 
-147 38 164 
-127 33 -146 
79 -173 109 
174 -96 -12 
-60 5 -61 
95 1 -85 
-6 23 -182 
-62 -144 -143 
27 -17 114 
48 -104 -18 
4 -60 -134 
-158 40 194 
79 -51 -121 
56 -132 -163 
58 -63 36 
-200 151 140 
-64 30 -115 
106 -93 105 
102 -2 1 
85 12 63 
-41 135 -144 
73 38 -114 
-16 -171 -72 
-50 -183 187 
157 -135 24 
9 70 25 
-9 -47 -48 
-64 39 86 
51 6 -60 
-112 -14 -48 
114 -128 -59 
-20 78 7 
161 -189 -6 
12 32 -58 
120 -24 -65 
119 197 176 
155 64 -147 
131 9 -23 
-3 -4 121 
-90 61 -142 
29 15 199 
3 2 73 
