-20 -149 42 
114 -30 -167 
136 33 36 
123 106 10 
-104 -157 186 
-95 11 -199 
-87 78 194 
-166 -135 129 
80 -2 -174 
-94 -126 8 
1 140 88 
54 157 1 
42 -95 -179 
154 52 -39 
157 -198 -66 
-100 17 -183 
-116 -153 -70 
-26 132 -101 
190 51 50 
-187 -41 120 
-48 20 67 
-43 190 -17 
-102 3 149 
162 196 75 
127 186 71 
-32 72 23 
11 53 -156 
109 -160 140 
-11 -160 -121 
78 -94 42 
80 98 157 
-25 -199 -17 
-9 177 -84 
-150 -98 -3 
-29 -4 -74 
79 -193 10 
-65 -30 -138 
-69 160 -32 
-131 91 92 
97 -142 107 
108 -3 53 
-61 -64 -35 
29 134 -100 
-31 17 -160 
47 28 -105 
14 101 13 
-2 -33 -81 
-55 152 41 
-15 -184 -85 
-24 -3 98 
43 9 -78 
-3 -67 -43 
-177 -198 -89 
-7 -74 -52 
-51 17 -90 
180 -39 186 
-61 174 -48 
178 -120 -149 
170 18 -29 
-94 13 -92 
179 142 29 
51 -77 91 
-96 115 30 
-2 -112 119 
171 -38 -91 
64 -166 21 
-2 17 8 
37 29 93 
170 -70 -14 
56 -101 108 
136 2 -24 
-181 -49 7 
14 30 -131 
57 8 15 
-89 198 133 
-174 -33 -2 
-108 -10 167 
151 -27 37 
194 76 -58 
-23 11 -22 
-21 118 1 
-60 -168 -28 
-66 -143 125 
35 -17 82 
-19 61 144 
150 -56 146 
76 193 174 
3 -183 16 
-6 -195 -191 
57 171 33 
-8 -44 184 
24 -128 9 
-86 20 -141 
4 167 100 
36 117 24 
144 53 177 
72 82 40 
128 22 -176 
-193 -69 -62 
-110 85 23 
53 -4 -196 
-196 186 193 
199 -155 -38 
-49 56 -174 
-58 -15 51 
26 -16 -50 
166 97 175 
-162 136 66 
33 -194 -70 
78 -68 -125 
-93 -12 198 
99 -176 43 
1 137 -28 
-145 81 164 
-76 48 87 
-63 -192 -7 
19 -107 131 
-101 -87 -18 
41 106 9 
36 9 -160 
-50 -87 172 
82 -39 -37 
-111 131 151 
-165 61 104 
87 20 72 
-178 89 -107 
-25 52 -63 
97 40 81 
-100 45 -162 
133 -96 119 
-132 -122 -68 
49 11 -83 
1 -80 -136 
-156 16 -20 
-52 117 40 
-81 73 -8 
43 -48 37 
9 -23 -170 
-12 -1 -96 
-91 -43 -29 
-177 -144 -84 
148 90 -105 
-6 -100 -4 
-17 94 -145 
-99 -169 11 
-19 122 -7 
87 183 179 
-91 13 -126 
-17 -84 72 
21 186 -107 
47 148 53 
70 -150 67 
-6 94 -67 
-1 -164 49 
57 7 198 
93 176 162 
60 -24 98 
-5 -116 -167 
-44 189 25 
122 107 35 
-104 -116 -192 
117 -104 -91 
66 86 78 
10 55 117 
-94 -22 -194 
-86 -98 -110 
155 -162 54 
-93 43 32 
-59 4 -19 
87 -98 6 
-12 -77 100 
84 -88 196 
2 -63 3 
12 157 33 
187 -167 -165 
-4 7 55 
-51 -37 174 
52 -148 50 
-101 129 22 
90 5 -92 
-115 -68 82 
-161 -118 -81 
-180 20 151 
22 19 51 
-112 -60 -171 
45 -63 11 
-66 119 -93 
112 -124 -14 
120 66 124 
-10 -186 -1 
-68 -44 184 
182 9 -71 
49 2 -81 
-196 123 136 
-141 -100 -34 
21 45 114 
-78 150 -13 
-18 59 -49 
122 -143 99 
4 -68 57 
100 82 74 
-32 84 -163 
19 174 11 
-114 47 154 
116 -41 -2 
114 -85 -185 
-70 14 -15 
-93 -30 -69 
89 -35 -185 
83 176 68 
38 133 13 
77 102 197 
-96 -120 -94 
-117 -83 -13 
87 39 -63 
-14 -12 -55 
-29 17 54 
132 150 53 
-142 -48 -29 
159 13 34 
-127 36 -185 
161 92 52 
136 104 -6 
2 -125 21 
-149 -43 119 
-7 29 138 
-94 -69 -14 
-67 -13 122 
50 39 -145 
25 175 -144 
8 -18 23 
71 167 2 
24 7 -21 
128 120 23 
178 15 -62 
-16 -14 -6 
-74 -40 -30 
192 17 -182 
4 169 165 
-35 -20 -65 
-37 -14 57 
-198 58 -47 
-175 25 -139 
-45 161 135 
24 136 140 
-23 137 -129 
1 45 75 
-5 93 34 
11 -54 -109 
-32 -12 -154 
-13 95 14 
-99 15 9 
163 -8 111 
49 -34 -50 
3 -182 -131 
-72 -181 -117 
6 -111 32 
-3 182 -71 
153 94 -106 
-48 179 131 
-71 -106 -94 
-79 82 6 
15 -26 181 
-158 -47 6 
48 -8 -45 
191 156 -4 
80 173 133 
-77 -27 29 
-124 -37 127 
-190 -45 159 
-42 124 -170 
-67 -191 83 
-3 -64 88 
150 -61 -8 
30 29 -84 
122 -113 84 
-2 -85 -64 
110 123 -198 
32 -116 10 
-110 74 -119 
104 -156 88 
23 5 43 
185 -121 30 
91 -10 -4 
20 -163 138 
-7 32 197 
-67 95 -181 
-110 190 -111 
45 173 97 
-10 4 136 
-52 3 69 
3 -94 106 
37 102 22 
155 113 -86 
-29 -9 -149 
-112 -192 107 
131 -113 122 
58 143 10 
5 21 105 
28 -159 -18 
9 -145 -104 
17 -73 -170 
14 -12 79 
13 -101 -85 
-9 164 -133 
104 166 -12 
-23 -193 14 
-166 -91 141 
-57 20 64 
-47 -151 116 
54 -11 -171 
-4 -41 -33 
84 -154 -63 
-123 -191 -112 
-14 28 -64 
-63 113 -153 
137 -39 148 
68 -23 33 
-186 119 145 
8 72 28 
-17 -140 -6 
32 143 1 
37 -87 115 
-151 -140 122 
-64 17 138 
-195 83 -185 
-15 -94 -104 
51 -70 27 
-129 173 23 
-191 41 6 
149 144 -130 
-66 -124 165 
-89 -73 134 
-110 -116 22 
-69 -120 -24 
21 3 -94 
-1 -23 -105 
9 198 101 
-110 -63 -85 
100 135 -71 
-193 -84 200 
-18 122 -52 
35 26 -200 
150 6 172 
106 39 103 
-179 30 -92 
-151 6 190 
82 -87 49 
-136 -124 -87 
-39 -164 17 
-150 -104 152 
137 -86 -90 
-1 -158 -151 
-64 -21 3 
70 155 -4 
6 -186 -182 
-23 107 117 
-91 -94 81 
-61 41 30 
-39 97 -176 
-120 94 -62 
-165 -148 -10 
6 -13 -158 
87 -58 139 
-169 103 -25 
32 76 -157 
-120 163 106 
-14 189 -82 
12 -151 -49 
-125 107 -191 
-134 -29 9 
-116 -41 -123 
-96 187 23 
6 35 56 
-13 -49 -52 
127 20 -172 
4 30 -199 
113 2 13 
134 7 -50 
-168 116 -12 
-4 -116 33 
-120 -70 -43 
73 -92 -114 
-147 -24 169 
-74 -23 -111 
-30 56 -70 
178 88 36 
15 84 -41 
20 102 6 
-181 143 -89 
-30 -15 -156 
-62 66 79 
-11 191 54 
107 25 -6 
131 -7 -191 
-30 -1 139 
140 182 -63 
113 -176 50 
171 -157 168 
-75 -13 -95 
-187 -70 49 
-7 179 -120 
-137 -36 -128 
102 68 -17 
10 22 126 
144 -64 -133 
-77 21 15 
59 -125 85 
8 -169 177 
186 -88 137 
-153 36 -76 
-23 -151 -143 
-12 25 -165 
-49 28 183 
-124 -75 -1 
-138 -29 -12 
5 146 142 
-42 91 -24 
137 -66 34 
-195 -161 -101 
-191 34 64 
-56 -79 18 
20 -5 -43 
145 -89 191 
-78 -151 -72 
58 145 150 
186 -2 -3 
46 -32 86 
-40 -89 198 
-15 119 24 
-123 109 -96 
36 108 76 
28 76 81 
103 57 19 
-161 99 145 
141 136 4 
122 57 175 
63 -4 -153 
-124 82 41 
43 117 -33 
111 137 59 
-101 -2 183 
-48 -141 -133 
190 81 137 
87 -96 168 
-168 -66 -163 
127 -2 135 
23 184 -187 
-48 190 -45 
45 129 58 
-200 137 126 
191 74 -77 
-184 109 148 
33 183 -77 
-84 -85 82 
-62 -4 -9 
-29 -96 -82 
1 57 68 
-37 -33 -45 
80 2 -54 
168 199 -160 
98 8 -79 
63 179 156 
195 117 159 
-14 -84 141 
14 12 52 
-103 1 -16 
-81 51 28 
179 -97 -130 
9 -43 -132 
-45 36 -156 
-132 -181 49 
-21 -122 34 
110 49 -94 
2 -89 83 
-95 43 72 
52 55 -131 
-95 113 27 
8 -84 91 
68 -100 -129 
-155 181 47 
9 -93 12 
-81 -121 -12 
142 -88 -3 
191 -164 -120 
-21 1 -165 
22 45 -6 
-72 101 107 
51 129 -53 
149 158 -110 
119 57 55 
-29 -15 -70 
-35 2 -72 
-37 -43 -86 
12 176 137 
99 19 -16 
-178 78 -126 
78 100 131 
8 -64 144 
-13 -149 108 
-118 163 -74 
-161 -11 -25 
121 -153 186 
-9 -6 -140 
-75 -167 195 
-31 -171 93 
81 -186 -198 
-144 136 118 
-107 -100 -81 
119 48 4 
137 26 43 
7 55 -70 
-57 60 24 
-131 52 171 
-69 -62 -10 
-199 179 -84 
105 -43 65 
30 -31 -128 
-89 136 -54 
-2 -37 6 
-169 -25 46 
-150 108 94 
-97 142 -76 
-1 -174 -90 
90 -72 -7 
-170 142 71 
124 -145 -6 
55 194 -27 
3 86 55 
-4 -7 -67 
-33 -110 -50 
26 19 159 
5 154 77 
162 35 -14 
-103 -173 155 
-150 7 -88 
-13 127 9 
113 171 -173 
44 64 -51 
34 163 -14 
4 88 7 
39 -80 -164 
61 -121 -199 
4 107 -63 
121 61 -55 
-95 -137 86 
-42 -144 30 
20 -5 -18 
72 -86 16 
-1 -14 -8 
-5 -37 -196 
-119 -197 -181 
-99 -36 2 
-54 166 136 
-113 -167 -57 
-172 -132 6 
-45 96 -177 
-15 93 -37 
-2 47 -51 
21 -124 78 
186 179 96 
167 -68 158 
179 145 -155 
15 -123 -151 
-132 24 184 
-84 94 -165 
-41 44 -71 
159 -178 -88 
3 155 96 
-9 -91 -107 
-88 -75 24 
154 17 114 
-173 101 103 
44 -160 -133 
-127 -138 -84 
-162 -75 52 
-91 -45 88 
-71 -39 -47 
-13 119 166 
-129 -2 -37 
56 61 130 
-125 -130 127 
-132 -194 16 
-132 -51 -121 
23 40 133 
115 14 -2 
-192 -12 8 
47 -125 -109 
-181 -66 -187 
3 18 -85 
16 128 -197 
-13 91 -53 
62 4 -33 
-174 167 -27 
-3 83 186 
-3 -126 -36 
53 94 167 
72 30 118 
-193 -38 101 
-3 -162 -48 
67 7 194 
73 119 -178 
16 -55 -195 
-2 5 -41 
180 -184 -31 
176 20 13 
57 13 15 
181 45 -112 
157 118 -2 
-3 -16 188 
-34 -70 128 
74 -183 34 
173 -39 129 
-164 158 -104 
-112 178 -47 
-149 -2 7 
117 95 13 
34 -45 -134 
-107 80 17 
65 176 -103 
-47 93 105 
-175 13 7 
-118 92 -7 
137 2 -105 
124 166 150 
112 29 134 
151 -77 68 
19 -38 182 
-84 148 100 
178 48 -79 
-197 -121 -175 
-88 136 6 
-139 -95 8 
94 -22 -134 
-161 50 -72 
188 -30 8 
126 128 -34 
66 -157 -176 
41 170 74 
114 34 -28 
41 7 72 
-9 158 -170 
26 88 199 
-133 -29 -177 
-79 -126 -1 
-117 -78 -128 
-92 139 -165 
-148 85 -76 
-147 -54 157 
155 28 106 
-57 172 -14 
87 100 8 
1 -43 -79 
192 1 -155 
3 115 70 
56 -46 36 
-92 -96 -40 
-132 174 -69 
-183 160 -35 
-189 66 -45 
-60 -46 143 
21 3 150 
60 -89 32 
109 7 164 
-54 111 -176 
-5 -47 -174 
-129 -193 -86 
7 18 -180 
-66 188 -179 
135 -106 87 
-89 16 -92 
-151 -117 -163 
-1 -125 41 
35 4 -185 
126 -109 146 
-102 15 5 
94 -163 53 
-52 4 18 
-85 -166 114 
-6 -107 103 
-114 -142 64 
-106 73 -35 
-87 159 -11 
116 -124 -56 
126 -119 -130 
136 163 37 
-200 3 -108 
-56 -109 2 
-170 -95 -61 
30 38 -122 
16 -107 -152 
101 -89 57 
51 103 -81 
18 -43 146 
99 -20 -7 
-105 117 -53 
-150 -61 -67 
-64 146 -189 
32 187 40 
106 2 19 
155 154 -130 
139 -63 -74 
25 -75 44 
6 -144 -81 
-15 -6 -148 
-4 -78 27 
-44 -137 -160 
-10 -126 -62 
-171 -3 176 
-105 108 128 
89 -105 66 
56 29 -7 
-159 48 81 
182 156 72 
167 -171 39 
99 77 155 
-35 101 38 
11 200 10 
46 -185 -76 
-38 -4 -19 
23 125 -70 
-1 -35 183 
161 -3 -7 
79 -9 -166 
-71 -73 2 
93 96 -109 
82 125 -7 
-71 148 -29 
-194 170 49 
121 -34 -135 
-116 189 187 
24 -139 133 
-60 -81 40 
-7 122 -166 
121 30 -5 
125 -109 54 
-43 135 -115 
-86 119 36 
-77 1 130 
-27 125 148 
199 154 -189 
-12 -132 112 
18 52 -61 
-156 57 -173 
-20 181 -32 
175 48 -93 
-1 95 -48 
1 -23 -98 
72 -1 -29 
7 -1 -64 
145 14 -2 
-134 -135 61 
40 -6 111 
21 -183 73 
-115 -51 -105 
97 181 -9 
-53 -19 -59 
101 -165 -160 
-180 163 -2 
-52 56 6 
-1 -181 112 
115 166 -62 
15 3 11 
-83 -2 159 
-168 88 162 
27 -128 84 
6 30 27 
-195 147 76 
-189 55 -64 
-71 195 198 
35 -140 101 
129 82 80 
90 -195 -145 
-142 -72 -27 
179 -30 -3 
114 133 170 
95 -146 -172 
17 55 51 
86 -47 35 
-58 -16 13 
-139 188 164 
21 67 -188 
-171 -77 167 
-140 -32 -163 
-185 35 -30 
145 -11 -156 
-129 -54 -107 
-103 -54 98 
-116 72 33 
29 180 -154 
-108 17 -167 
47 93 -63 
146 -51 103 
12 -6 -168 
45 94 -35 
159 -126 100 
1 136 -43 
-160 159 28 
18 -182 -33 
3 -83 -87 
