118 69 -16 
116 -34 30 
17 -7 77 
17 46 42 
42 -27 -47 
-136 -188 197 
152 54 36 
192 55 -72 
-177 149 -96 
61 48 -163 
26 135 -174 
-179 -39 -83 
-176 -150 -120 
168 -35 -92 
153 5 -154 
-13 200 35 
87 -155 -12 
151 158 4 
-75 37 -12 
-117 -164 -112 
-155 -47 28 
91 -125 14 
50 89 51 
105 179 199 
-5 -96 -106 
-132 3 17 
-181 147 167 
-6 100 -3 
177 -122 -21 
2 43 132 
124 -59 160 
-194 -27 122 
-84 174 -27 
-104 39 -25 
-107 -123 16 
9 1 -46 
-84 1 -185 
170 -160 183 
29 -123 120 
199 116 -10 
-116 27 -199 
114 64 -12 
24 54 -127 
12 -54 -112 
20 -25 28 
-84 -192 -133 
-13 -192 -75 
196 -137 -45 
156 -138 -191 
-43 -23 -186 
127 -165 2 
33 -55 -35 
53 -62 -7 
-130 -120 -103 
3 -89 -192 
79 179 140 
25 7 -197 
-171 142 -91 
-36 34 164 
133 64 -26 
28 171 -15 
-33 29 -16 
26 183 71 
-190 62 -124 
-192 -186 -1 
64 -165 2 
-185 -179 164 
-140 164 8 
33 44 47 
-88 -126 -100 
-44 15 -122 
1 156 -59 
-6 -64 186 
-195 164 172 
59 -108 6 
-149 45 -103 
100 -198 110 
1 5 -7 
-33 185 -112 
-8 -184 110 
152 35 -192 
4 -103 101 
-4 125 35 
-138 -105 -129 
17 -46 145 
84 -29 6 
-8 67 -190 
162 73 -180 
114 -45 -77 
125 38 -124 
77 69 -46 
-37 -192 86 
-109 157 -134 
-34 130 20 
-177 34 93 
171 27 -34 
47 -81 92 
-161 -41 -3 
-64 -60 97 
155 175 -153 
-132 -166 -56 
65 -183 89 
-119 -184 -130 
-40 53 5 
-1 -131 58 
-177 -104 -120 
55 -32 -142 
-138 -145 53 
199 156 116 
-121 130 5 
98 -166 184 
62 -4 -149 
23 22 -145 
89 -120 32 
165 -59 19 
172 84 191 
-60 -93 -185 
-31 197 -129 
-12 -63 15 
7 -54 111 
-101 16 -161 
5 -74 -48 
-147 121 81 
-76 -14 52 
156 -30 53 
77 6 -11 
21 23 192 
143 -101 -152 
135 19 -107 
-2 -7 83 
-59 21 170 
101 -94 38 
-136 101 39 
44 -8 -156 
-9 6 37 
171 -81 -31 
115 -13 -62 
170 -34 -70 
126 24 -116 
-94 58 1 
-11 8 150 
130 179 -121 
20 55 -154 
27 55 2 
-33 83 -174 
-97 14 34 
-74 192 -1 
33 -119 91 
174 186 -11 
-29 -18 -7 
-49 -99 168 
4 -10 -9 
16 7 52 
169 -164 125 
-186 97 -155 
-161 -51 -101 
115 8 -156 
-134 -25 -62 
-100 9 -53 
7 -85 94 
139 174 -198 
80 77 -23 
-7 -42 -164 
70 154 198 
104 117 47 
-6 26 -25 
12 46 45 
-99 -162 -67 
147 28 -12 
-21 -37 44 
72 -26 11 
-30 136 25 
-1 98 58 
-111 47 157 
16 175 128 
-29 -84 135 
23 -70 86 
97 15 47 
-121 -145 -28 
42 -77 -31 
-69 101 164 
-3 -5 175 
-31 -184 -60 
-192 -69 -132 
170 142 39 
57 -139 -59 
-133 186 136 
-118 -14 59 
64 -59 73 
-84 -45 25 
59 63 -74 
32 118 200 
27 -138 50 
-138 -171 21 
-148 -15 40 
38 -126 129 
-64 107 20 
131 178 -79 
122 146 -14 
14 -45 -127 
199 -4 88 
103 2 97 
-6 54 -92 
-81 -17 153 
-147 44 -126 
82 -113 -2 
67 156 192 
-141 150 -76 
-26 70 -1 
-108 -122 4 
-86 28 -169 
177 95 113 
183 142 -2 
-191 34 -150 
135 -141 35 
164 -31 68 
-122 18 -39 
161 -76 1 
4 -17 -59 
95 163 -22 
-89 -2 193 
36 57 134 
28 135 -197 
55 -14 45 
56 71 172 
13 16 -61 
114 121 75 
-74 173 -23 
117 -32 -109 
188 -2 -171 
83 100 -155 
-64 11 -190 
149 47 39 
-183 -148 37 
42 -115 54 
-66 -41 -57 
110 -186 -181 
139 44 -173 
-45 180 -69 
2 6 127 
-45 4 103 
148 21 181 
140 96 -32 
-115 -186 153 
60 -50 -43 
97 -168 -174 
70 -33 124 
-12 -61 150 
-189 13 94 
-17 27 -86 
-161 166 -4 
-6 -31 157 
39 171 -7 
-7 122 193 
-19 -124 -116 
-82 -50 -72 
-87 -135 199 
-68 148 174 
-196 -149 75 
178 5 60 
33 -47 -87 
-42 -173 28 
-97 91 96 
147 112 -197 
99 6 -77 
56 105 75 
39 30 -9 
69 153 105 
-95 -176 126 
-165 181 -50 
67 162 -194 
-200 6 -149 
114 8 3 
-13 185 -100 
97 -59 153 
145 -105 -132 
-40 -77 -28 
-45 -88 169 
13 -143 -73 
-37 184 -4 
-74 123 52 
-164 -127 36 
60 112 -111 
35 -34 -120 
-96 12 -1 
119 44 -36 
-114 193 -31 
117 55 -148 
-64 -26 -199 
107 -6 64 
190 -58 -15 
-21 -49 47 
153 57 -10 
-199 132 -174 
-128 -43 -125 
131 -187 -82 
51 -82 -37 
124 -94 -48 
176 -133 -190 
171 -186 196 
166 97 -102 
66 41 193 
93 -140 39 
-37 92 51 
47 -36 18 
132 103 -189 
-12 -38 194 
71 -14 -72 
71 -181 1 
83 4 160 
5 145 -90 
-198 2 89 
38 1 -148 
-19 -53 16 
-59 -74 -20 
40 -197 -120 
-108 -16 -134 
-89 -15 102 
142 156 159 
7 33 48 
-21 161 28 
-187 171 -37 
-1 19 21 
-6 -175 43 
140 -11 -22 
159 -52 -191 
-83 -27 -97 
137 -112 200 
32 -154 49 
-112 71 47 
110 153 106 
-11 -190 76 
23 -159 -40 
97 29 172 
103 140 -188 
-69 -143 -136 
7 -27 85 
4 38 -82 
-52 21 -28 
160 -29 -47 
-52 -76 196 
69 -125 33 
177 47 171 
-69 141 4 
26 -156 66 
-90 -193 13 
-165 137 -170 
30 15 -150 
-14 -76 -138 
72 3 37 
-15 -148 -97 
193 -66 -84 
-181 41 118 
83 196 184 
-144 -66 -43 
153 171 -167 
38 -19 143 
103 -109 17 
5 -94 86 
170 74 -12 
-2 -170 -138 
91 129 89 
194 39 114 
54 -123 57 
50 -118 19 
-189 4 191 
73 -178 -1 
-74 2 98 
25 98 -47 
22 149 147 
-142 164 58 
-194 200 197 
76 150 -80 
188 -43 48 
162 6 27 
60 78 -10 
41 -58 5 
-52 -184 -106 
-32 -64 48 
-153 199 29 
-53 117 -69 
-103 179 -101 
89 94 -158 
-129 105 -57 
111 41 195 
187 124 132 
164 9 112 
-84 -91 42 
134 -129 -154 
169 81 -85 
-104 9 -156 
62 66 161 
-74 -145 -27 
146 -3 -95 
-6 177 110 
-14 166 178 
-183 10 -157 
-147 169 -173 
119 -95 -50 
23 -73 -59 
17 -23 -144 
-102 -148 105 
-61 -190 183 
-125 -122 -55 
-60 9 -63 
-69 -200 8 
-100 -7 -115 
-81 -186 193 
-149 151 -138 
75 29 13 
-109 -11 3 
160 -136 69 
50 -27 54 
-55 -130 119 
104 -2 70 
-132 -102 24 
171 50 34 
-109 -64 -161 
114 -15 -2 
16 130 11 
-4 -92 -161 
24 -148 66 
143 77 -109 
36 -18 65 
167 -55 93 
-4 28 81 
151 142 190 
-39 110 200 
-50 11 -84 
-150 -141 67 
-134 18 -182 
36 -76 163 
137 37 -58 
88 -55 -25 
-153 -3 -45 
-167 -102 -155 
-103 -154 67 
135 129 -51 
-56 123 131 
14 122 -70 
-77 -21 -17 
-91 138 84 
129 -159 -92 
54 196 62 
200 -76 -155 
197 -48 114 
-12 9 64 
-88 -128 -113 
140 157 170 
-178 -29 -161 
87 32 -34 
1 119 -64 
-61 43 -192 
-129 18 54 
144 72 147 
171 67 -143 
-170 121 54 
113 124 -19 
-174 43 44 
-147 -12 -28 
13 -109 102 
75 198 137 
-38 -2 -37 
173 -30 113 
37 -195 -108 
148 -189 -9 
-119 12 178 
57 7 -126 
-149 44 12 
180 86 112 
105 115 -37 
-74 -119 -90 
15 -36 -25 
-35 37 64 
-60 179 -155 
-191 49 95 
17 132 95 
184 -35 -1 
-49 127 -86 
76 25 -82 
125 -11 -148 
-19 46 -2 
192 -50 -81 
104 126 21 
52 -22 -6 
-63 -124 -58 
-92 68 -76 
-120 54 -38 
3 -1 -151 
-25 83 -161 
-39 -65 -82 
36 -171 44 
-80 -163 -96 
37 10 -130 
-71 47 -19 
40 -20 -139 
16 27 -148 
70 198 -47 
-137 157 -10 
-26 92 -185 
10 -95 176 
96 -160 23 
22 -184 90 
61 -145 155 
161 -169 35 
126 146 67 
-127 17 123 
-64 59 191 
199 -172 124 
-11 54 15 
82 154 -99 
84 -98 41 
-159 -173 91 
-13 -29 69 
-155 -19 -73 
84 -9 77 
168 99 -103 
-145 46 -53 
-73 10 179 
-172 -19 -175 
4 149 12 
1 -59 -141 
102 -130 19 
21 74 -164 
200 45 70 
84 -161 193 
-3 -169 62 
145 -96 110 
-33 -100 50 
78 -16 -176 
72 50 -196 
-121 -160 85 
168 -93 44 
-56 93 -64 
66 73 26 
-31 -36 11 
84 -9 39 
-155 -175 -9 
1 66 169 
-153 101 -126 
-186 -39 68 
90 -106 -14 
140 -14 138 
94 19 55 
110 -25 -130 
2 24 30 
110 -58 171 
26 66 138 
35 45 93 
186 122 -12 
-18 77 31 
143 182 169 
36 -50 92 
75 122 159 
175 177 98 
-84 -58 -55 
-197 157 -158 
21 34 -150 
51 34 -26 
146 -87 -93 
174 107 151 
74 -44 169 
92 143 -182 
75 -139 -158 
37 -123 38 
-156 -101 -129 
-45 61 57 
-116 45 140 
-183 -46 20 
155 178 -167 
14 -23 -191 
6 -134 -182 
195 99 -143 
-90 91 173 
192 -50 147 
3 -121 21 
-153 90 182 
-91 8 65 
-56 -11 -121 
-19 128 -24 
1 89 143 
-99 -165 -57 
179 39 178 
191 -35 2 
79 -98 -2 
-70 11 -89 
-171 -111 -147 
68 -154 -192 
22 -37 -68 
63 -190 -74 
9 -171 165 
137 -105 86 
-59 2 -186 
-146 -18 -131 
33 -57 55 
39 -144 -68 
-2 -169 -53 
80 -41 -189 
-85 97 24 
179 160 133 
-60 -25 -6 
200 -103 -55 
80 -165 10 
-117 -33 37 
-76 5 -50 
112 62 -79 
71 34 -66 
-106 -71 -42 
-24 129 -11 
-64 -22 -156 
-45 -68 181 
-125 70 130 
86 -42 73 
24 95 4 
34 7 -131 
92 108 10 
-108 112 64 
-139 20 9 
-106 49 113 
-133 -176 196 
88 -15 39 
-10 184 -37 
86 199 198 
-92 101 185 
-33 162 -73 
-158 70 -51 
105 1 7 
148 -102 50 
114 -158 192 
-197 -179 -101 
-145 148 -116 
196 11 113 
85 185 169 
-72 22 -2 
-139 163 -6 
150 -88 -82 
-122 187 139 
-1 186 21 
-121 18 116 
-60 -16 -21 
-158 -9 93 
-183 74 36 
-158 118 91 
199 -56 -169 
-31 -132 150 
82 -182 61 
11 -71 67 
41 -86 130 
-167 159 -193 
-141 22 -30 
26 -87 2 
60 -1 -93 
-108 -67 120 
5 191 -94 
-34 143 109 
92 118 -131 
74 -82 34 
166 -12 -88 
-90 160 60 
64 174 -2 
144 4 187 
190 31 5 
177 199 -46 
-159 -135 -4 
-72 41 -101 
33 184 -185 
-135 -72 -33 
-53 5 9 
96 123 13 
-114 -26 -29 
19 44 1 
-127 5 144 
198 16 174 
-33 136 178 
-62 1 98 
20 -2 -8 
62 -18 -155 
167 -60 -50 
-71 21 88 
-20 -33 -90 
-103 -179 -120 
106 184 28 
40 -164 -13 
-15 13 114 
-119 -63 -4 
84 -56 90 
-107 -53 -19 
54 133 -130 
17 -131 132 
17 21 159 
-92 -51 105 
171 147 -40 
92 91 34 
144 -26 200 
71 57 -154 
84 35 -106 
123 -46 -94 
44 50 104 
193 -35 156 
-75 4 107 
-103 195 176 
169 23 141 
87 7 123 
15 -141 133 
14 186 8 
-158 -171 -86 
-123 10 -197 
112 -98 45 
148 25 -2 
77 47 32 
48 1 16 
-116 106 188 
-124 -143 -188 
-75 29 -58 
-81 188 136 
1 -146 196 
28 76 -146 
-123 -138 -190 
-163 31 54 
-124 -86 -126 
162 127 63 
-107 -14 -116 
-113 -105 -2 
-88 -30 23 
186 185 178 
71 112 76 
87 -197 60 
87 152 -199 
-47 181 27 
56 -125 138 
125 -37 162 
-159 26 -7 
47 -94 26 
-136 -102 110 
47 5 3 
-141 34 -68 
138 37 -186 
-41 -9 59 
144 168 -55 
120 -59 -176 
-161 5 154 
-91 -179 103 
-102 -19 44 
20 72 -114 
-185 -35 46 
-43 145 -84 
22 -77 19 
-92 5 -115 
16 29 15 
18 -13 37 
4 -2 -14 
32 -17 21 
-15 -183 127 
-6 -180 -141 
175 43 159 
-152 -80 125 
-196 120 -53 
4 -110 138 
-13 -11 -156 
-177 73 -196 
-15 10 -158 
-57 54 -32 
-34 85 -110 
37 61 53 
-137 -101 -26 
-48 -18 106 
-11 138 116 
51 -18 -162 
-69 144 52 
-159 168 -104 
37 -43 1 
-54 69 2 
131 -17 21 
46 -50 -116 
-36 167 55 
133 2 -72 
-80 -184 -14 
-50 162 187 
52 67 -69 
22 -199 167 
-47 135 149 
-188 3 55 
44 -161 -56 
-10 -150 -15 
52 83 48 
-130 117 191 
-7 -113 -45 
1 -157 -87 
-27 -75 -36 
50 180 -185 
173 102 12 
-130 -23 161 
55 -75 71 
126 67 10 
173 149 19 
44 -88 -81 
-42 -15 108 
29 109 135 
40 -80 130 
-167 -149 -87 
