48 -54 2 
79 143 -126 
-11 -115 79 
-107 -44 171 
-6 -45 175 
-113 90 45 
17 25 42 
198 -82 -2 
-13 87 -26 
-15 -7 -34 
-61 -88 96 
-8 122 27 
83 184 35 
-101 -103 -161 
113 41 191 
76 87 -59 
28 186 70 
-145 130 -16 
-68 -11 118 
-16 -195 -150 
72 15 -106 
32 -49 115 
-144 -54 1 
20 14 -104 
7 -113 -158 
-139 -63 -23 
-110 115 -63 
96 110 -11 
-17 36 -40 
41 -63 170 
-13 77 45 
86 -180 182 
159 -193 74 
-189 59 -104 
172 70 -195 
33 60 96 
-44 124 116 
-1 15 160 
22 92 -157 
-5 -135 69 
-179 124 -166 
-62 -196 71 
50 104 -3 
-20 161 -63 
-89 -11 51 
-174 10 172 
-200 -176 -19 
5 -194 -30 
66 -11 -96 
-75 -116 -57 
-53 137 85 
49 2 -73 
-92 115 -45 
5 -44 -194 
-92 26 28 
81 97 -198 
117 16 -139 
-120 -174 74 
168 -65 23 
72 27 30 
106 165 -133 
-135 -193 -34 
34 189 2 
-22 -163 121 
176 -100 -85 
18 -55 -27 
-104 190 -169 
17 -14 185 
36 16 -41 
99 83 -195 
185 -78 168 
-191 39 -11 
-161 -107 -194 
-17 197 -80 
83 195 165 
-21 -60 -159 
93 -118 196 
-100 137 84 
-137 175 133 
-93 -88 -114 
8 -143 -15 
-8 -120 32 
-22 9 -125 
-161 35 -7 
37 15 -72 
50 176 -53 
-188 -1 43 
15 -76 -35 
138 -165 -10 
129 -8 -170 
-86 124 -67 
98 -21 -3 
-188 -72 -107 
59 23 -89 
19 -43 -72 
162 43 -52 
-14 -17 23 
-11 10 -71 
-155 199 -19 
98 -72 -9 
9 -106 86 
-66 -90 28 
98 -139 133 
-110 6 70 
-131 10 123 
-142 -1 196 
40 122 -32 
127 70 -157 
123 -179 -170 
-151 -198 44 
-194 -4 -19 
181 65 -66 
-15 55 121 
-197 125 -41 
60 30 -184 
21 41 159 
32 -11 172 
-42 55 -93 
174 -98 37 
-185 2 192 
-169 17 3 
192 -5 47 
-135 -185 -91 
127 -7 119 
7 91 -17 
-186 26 -111 
11 83 121 
193 33 -127 
64 -56 -57 
55 -3 -48 
-58 94 19 
-124 131 -1 
-81 -90 180 
39 -180 11 
-169 -15 -90 
102 -177 -17 
-1 26 -11 
-125 122 48 
-68 53 -33 
-9 18 -49 
71 100 -178 
180 -69 57 
9 156 108 
-12 -184 -161 
48 -141 -32 
-61 31 -67 
102 -60 27 
67 6 22 
200 -70 111 
36 -172 12 
-35 143 67 
-1 -75 193 
-47 25 104 
72 -67 15 
-174 -129 -43 
115 100 61 
-192 -164 -77 
-29 -89 -28 
-122 174 -10 
134 -87 -126 
-107 32 197 
61 -6 -50 
-155 -119 89 
-158 62 -129 
-88 -190 -54 
-6 75 -72 
-60 -67 116 
3 -11 -172 
52 -85 -130 
170 104 82 
-10 -169 24 
92 80 84 
158 182 184 
-145 -58 -3 
2 -7 -29 
-140 -72 -56 
169 66 33 
-19 -177 -72 
-86 -60 -4 
-137 22 20 
48 67 -42 
142 118 40 
-33 65 169 
6 -120 -89 
30 -27 105 
-170 -175 -56 
97 72 -118 
20 -130 71 
160 132 -18 
-4 -182 -56 
-32 -184 194 
102 -189 -103 
26 160 194 
-1 -32 -29 
-164 18 -104 
-49 -76 17 
6 -26 -9 
-136 -120 1 
117 -111 -2 
178 -84 129 
-25 79 53 
72 -12 91 
-88 -152 -70 
170 -97 55 
52 134 18 
-180 -171 -77 
-14 -184 -109 
9 -166 140 
131 191 -28 
-113 -48 -99 
97 179 184 
49 97 -116 
95 175 106 
-9 -165 98 
118 -134 -200 
-40 56 148 
21 -19 -6 
-64 -125 27 
36 -178 4 
-69 -46 -95 
-79 -7 175 
-180 15 93 
21 69 -200 
74 40 -147 
-154 183 -47 
84 -29 32 
-60 82 -48 
142 -3 -30 
-148 -28 -194 
-40 -69 77 
138 -172 13 
125 168 -67 
12 -163 45 
130 -40 36 
-29 -174 1 
-51 -7 -113 
-132 36 -114 
-3 -14 99 
136 111 15 
79 146 -138 
161 -168 199 
166 -72 -125 
182 -4 22 
124 -10 4 
169 -16 71 
-6 -11 -86 
192 13 -41 
77 -120 30 
151 156 -143 
85 -63 16 
178 19 13 
-182 -129 -10 
6 -191 112 
1 -3 23 
50 192 -1 
-200 -106 59 
-14 -36 -94 
-64 86 -83 
173 52 112 
-138 13 173 
-70 147 -186 
109 -53 103 
-43 -162 -32 
47 97 187 
-28 47 -60 
-85 -97 68 
31 -51 -142 
-35 -195 176 
-54 1 63 
-147 -156 1 
110 -113 -150 
-139 -172 -107 
109 6 17 
186 132 -181 
-114 -130 -153 
-181 -79 -78 
58 -154 1 
50 -122 10 
-119 55 -113 
-118 144 -60 
5 196 -1 
135 -125 -103 
-3 -100 160 
-176 25 -162 
-42 92 75 
13 -197 72 
20 105 -151 
179 -24 72 
-42 -83 30 
-147 -76 -189 
-3 -64 -134 
200 195 -112 
-13 126 -65 
-10 95 -142 
171 175 3 
10 146 -107 
58 -9 -110 
-120 -83 10 
-123 128 -112 
-114 -4 46 
93 8 -117 
59 161 166 
31 41 14 
-157 -190 -199 
36 11 -14 
-148 199 -53 
-20 -28 170 
2 167 166 
16 -55 -47 
84 -20 -116 
148 -96 143 
86 135 -143 
-84 179 126 
141 -153 39 
-34 3 -187 
-66 -69 75 
-122 -150 -52 
-56 8 131 
150 -17 182 
-30 87 -182 
-84 77 157 
-196 -140 -12 
-24 -137 -2 
184 -39 -175 
-191 -77 55 
-172 142 113 
148 -97 -170 
99 -174 -59 
43 -177 -133 
-97 -4 73 
83 -104 -187 
-120 -116 -33 
180 -93 138 
170 81 -142 
-61 1 63 
17 -70 23 
-70 45 -129 
-11 182 -7 
-147 -134 -183 
44 -84 -16 
-154 100 109 
-11 -41 142 
80 13 -149 
51 -17 200 
-161 -14 -140 
80 84 76 
66 -155 -50 
-10 36 129 
155 179 -22 
-7 189 67 
-84 45 -37 
186 65 -115 
-57 60 170 
100 -31 -200 
-136 130 -31 
6 156 133 
-51 -15 112 
4 -138 142 
43 -184 -1 
-188 38 -197 
138 117 3 
150 3 85 
151 -62 -18 
147 -22 125 
139 -119 -186 
-50 -103 133 
73 190 -71 
-120 -66 78 
31 -162 -94 
61 14 20 
-102 111 -188 
56 186 -45 
-181 20 162 
-80 175 92 
-12 -71 2 
-32 93 -142 
19 -33 -95 
154 100 -4 
3 -1 64 
-1 -13 26 
-58 -157 -4 
86 -26 -21 
67 17 105 
181 189 -136 
-126 184 76 
-24 -21 57 
-44 -79 -100 
190 -125 37 
-24 -117 107 
-115 74 38 
36 151 117 
20 -65 7 
8 113 -31 
84 -18 53 
163 90 -54 
-141 -142 28 
-94 -93 122 
6 -168 -10 
-77 68 -42 
192 98 -46 
-152 191 137 
1 -38 109 
108 31 155 
-192 -1 109 
154 -70 -146 
177 -82 193 
-10 159 160 
180 44 -6 
1 124 -83 
-50 -71 -189 
63 60 -17 
-189 -18 93 
105 125 -12 
-45 -117 12 
142 159 -188 
152 -3 -129 
-137 37 -91 
-13 -77 -18 
-100 -104 -178 
9 119 16 
-89 69 10 
61 12 -15 
-7 145 39 
-91 -191 -43 
-139 17 44 
-43 106 -66 
183 79 157 
-34 98 -31 
-196 110 -13 
-72 -23 106 
1 163 -186 
80 132 13 
-15 -177 -23 
143 89 128 
169 10 41 
-123 185 -138 
66 -59 4 
-176 17 -49 
15 -193 12 
-17 77 -97 
-28 -20 -35 
11 -21 157 
-76 -54 104 
-92 -151 -19 
-84 -106 16 
-41 -64 49 
168 -159 63 
-88 73 24 
-51 56 91 
150 -62 -140 
-155 61 -196 
-112 144 -153 
-20 21 -102 
-42 183 -197 
40 -51 -10 
-160 -59 17 
153 131 -148 
1 -15 -88 
89 -3 103 
122 84 -9 
20 127 106 
8 -177 198 
52 -118 -31 
1 -154 16 
30 23 -40 
-30 175 91 
-30 -126 59 
-52 -135 -63 
-82 180 -63 
-162 -51 -127 
31 34 93 
-113 88 -192 
-198 180 -11 
-2 -60 -162 
189 -57 -190 
13 12 75 
-147 -135 -63 
-13 117 105 
52 -166 105 
1 178 -44 
-89 119 -161 
-116 194 -27 
-131 149 -45 
56 -196 191 
135 -45 -104 
117 -4 -35 
-73 -199 -133 
-34 -92 108 
-185 -64 7 
-31 -47 155 
-105 58 189 
-155 74 -88 
12 -97 -49 
29 150 -30 
115 191 -51 
-4 172 -177 
15 -191 -14 
162 -118 -71 
38 -118 192 
-139 14 -101 
-34 -195 185 
-8 -190 -25 
155 -50 -151 
64 -163 -107 
193 70 -187 
77 46 85 
131 -99 44 
77 -39 21 
57 -54 -24 
177 100 -50 
129 149 143 
96 58 38 
-39 30 -3 
4 198 73 
-108 71 16 
128 12 32 
-127 9 -59 
65 -13 169 
198 155 10 
-138 9 182 
108 -1 -14 
77 72 -46 
144 132 -76 
11 70 142 
196 -186 -1 
-132 -105 20 
144 -104 13 
-60 -30 -75 
-135 195 157 
150 3 35 
53 30 -171 
-35 -17 -137 
112 53 81 
-102 -23 -176 
33 125 49 
87 15 100 
38 51 69 
-100 17 169 
78 -8 181 
-166 91 -66 
19 -14 -88 
136 10 18 
-23 -56 -75 
3 37 -8 
-31 3 184 
93 -72 83 
-170 3 48 
53 134 62 
141 74 1 
-155 113 -130 
-98 13 78 
69 110 -42 
-131 -22 162 
18 88 139 
-98 45 141 
57 -173 4 
-73 25 28 
-64 92 186 
13 118 50 
-18 24 -113 
-88 87 39 
16 27 118 
38 23 150 
22 -104 -106 
62 -95 -186 
98 -86 48 
196 55 52 
75 -8 -60 
35 -9 41 
32 -172 -40 
39 11 -129 
54 28 -151 
-59 -13 -132 
125 -149 -44 
-50 73 -11 
99 -88 -176 
70 -66 89 
117 71 200 
-13 -149 -17 
13 -135 195 
-2 105 88 
-29 -148 104 
-148 7 42 
10 8 -120 
-106 7 -80 
71 -161 92 
-122 -163 -82 
161 69 71 
81 94 103 
-185 -14 -11 
63 20 70 
-48 -135 -14 
-98 -105 188 
179 138 3 
96 -2 -67 
-49 -17 8 
82 49 -106 
83 179 26 
130 -26 34 
81 156 133 
71 -115 -159 
28 178 38 
139 36 155 
-32 -155 30 
14 -188 -181 
-17 108 25 
13 105 -109 
13 116 -183 
-15 10 -13 
-200 -71 156 
-29 -22 -114 
193 -31 -54 
8 -51 48 
-158 -15 19 
4 -142 82 
12 147 -52 
2 -113 71 
159 1 131 
4 27 -11 
114 56 138 
-126 163 -59 
4 11 -39 
85 -110 -27 
-192 154 -89 
-101 -143 126 
-171 175 126 
166 12 54 
160 138 126 
60 -7 14 
182 43 -7 
-24 103 -32 
-101 150 -13 
-174 42 96 
166 -7 -29 
-142 -38 -72 
-98 24 36 
116 -94 183 
27 37 25 
-40 -198 -12 
-185 -51 97 
44 140 54 
-9 130 -150 
-11 114 -75 
-1 -34 95 
161 69 21 
-72 -147 125 
68 180 47 
-4 -96 116 
35 -33 -98 
-15 -98 -106 
-188 192 -17 
-152 -22 151 
-40 -109 194 
185 -14 -10 
154 13 90 
-13 8 -83 
139 -123 -70 
-94 -10 -155 
190 168 10 
93 39 1 
-196 -41 -108 
-144 166 60 
-185 -150 -153 
15 -47 -150 
82 140 94 
98 -73 -38 
123 62 17 
6 76 34 
14 42 53 
22 -152 6 
9 13 -61 
173 62 -100 
-63 -59 -134 
122 6 168 
66 142 -81 
82 99 133 
-125 193 -178 
-154 82 6 
47 -156 -45 
70 -159 39 
4 159 -165 
111 27 79 
150 -17 -124 
-4 -148 -11 
-63 -3 9 
200 62 96 
-5 19 137 
31 86 22 
192 -145 -39 
76 -34 184 
8 -98 -181 
-159 -59 -93 
195 72 -183 
139 47 95 
-19 49 157 
127 44 113 
-164 -161 97 
-21 -75 -67 
31 -32 -59 
14 58 19 
125 -10 -59 
-191 119 -11 
-96 -185 -148 
139 102 -13 
130 70 -110 
-114 -94 26 
37 -31 198 
51 166 136 
52 31 140 
-55 -140 1 
-149 -56 -75 
30 111 177 
-64 -192 -21 
99 -169 -8 
14 25 -90 
-106 37 -194 
-92 -194 -23 
-183 -123 -1 
8 -80 -1 
4 136 -191 
-18 197 77 
153 168 192 
143 -71 -134 
-73 -11 20 
-57 -43 95 
4 69 100 
-200 -190 -47 
176 18 127 
-45 -28 165 
54 -16 -58 
188 114 -117 
-153 156 41 
-81 101 -26 
-80 -171 54 
-61 9 -111 
41 64 -1 
178 -106 7 
19 -125 -195 
143 -108 118 
-164 45 48 
94 20 -162 
-183 -79 1 
48 -168 55 
-40 -3 161 
-4 -173 -170 
90 -46 -92 
-6 94 128 
-161 -104 190 
10 -116 145 
133 -24 -43 
129 -156 -9 
82 -91 14 
-121 -23 74 
-126 152 -142 
-2 14 67 
-164 23 -2 
101 -75 -6 
194 131 42 
73 -147 -1 
40 -136 135 
-23 102 -20 
160 -64 -37 
122 -131 -145 
189 21 -84 
-22 -65 48 
35 165 154 
111 -31 -109 
-198 163 1 
162 105 -143 
-54 -25 7 
156 -66 -4 
110 -171 4 
147 -14 156 
-122 -62 -179 
-4 56 -105 
51 -1 40 
23 157 -180 
189 -79 20 
131 142 68 
-65 79 9 
128 -20 130 
-144 37 11 
-181 -2 -125 
21 -148 150 
-42 -94 -139 
121 -44 159 
-97 184 -173 
-145 125 140 
-11 -127 -113 
-148 24 -38 
136 64 -24 
5 183 -145 
-190 -16 -73 
-75 85 157 
-62 -56 185 
105 -48 -62 
-128 -160 20 
-93 194 117 
-122 2 144 
-43 -49 -117 
