Walsh model started...
 92  91  97  57  94  78  43  18  68  82  98  13  66  12  89  31  17  35  81  15  4  56  93  25  90  72 
 86  45  85  72  57  68  59  16  54  60  52  75  58  39  29  84  13  83  24  81  80  82  18  32 
 87  75  11  93  10  48  15  65  20  27  49  16  44  52  68  38  98 
 15  90  41  7  56  10  76  34  71  5  88  92  45  36  70  12  95  40  29 
 12  52  99  18  64  89  41  21  23  10  27  34  74  87  55  28  0  56  39  66  78  90 
 90  54  56  66  46  20  32  49  77  52  51  30  26  47  60  84  45  40  87  71  3  80  7 
 94  38  25  54  72  74  39  50  96  43  53  15  63  80  44  13  45  32  86  14  40  98  90  41 
 14  31  41  3  33  89  84  35  20  16  52  85  91  73  80  5 
 35  90  55  24  76  93  25  96  28  71  19  12  27  9 
 85  57  62  36  80  51  47  60  39  29  86  70  53  13  19  33  58  66  92  30  40  67  94  76  41  16  42  25  72  27  8 
 80  31  48  81  2  3  56  23  4  43  60  71  18  22  92  39  83  91  73  33 
 30  41  29  73  60  90  67  39  2  93  78  46  15  79  66  64  94  75  80  61  48  57  14  50  89  26  54  77 
 52  4  36  45  80  30  27  72  0  66  85  97  92  29  78  35  43  13  89  19  8  3  95  39  53 
 77  54  35  31  58  85  96  19  9  98  0  21  44  6  81  82  97  18  12  89  15  29  93  57  83  1  73  69  74  88  72 
 44  80  31  88  67  22  65  69  7  79  93  90  15  52  62  16  70  99  60  86  6  45  48  11  50  94  92  68 
 3  90  41  71  52  91  14  11  79  2  63  6  92  60  93  25  28  55  36  76  69  30  83  66  0  99  13  29  78  72  70  43  17  56 
 66  63  19  57  98  7  20  71  78  38  17  14  70  59  1  75  94  56  65  49  2  28  82  26  41  77  60  42  9  92  93  35 
 22  51  69  35  38  16  0  27  20  62  88  84  80  37  81  96  52  78  36  95  29  93  48  15 
 99  4  24  71  87  34  43  0  97  13  81  22  10  41  48  55  50  61  52  29  37  83  32  1 
 63  16  49  34  13  9  21  70  8  12  77  93  55  30  44  99  22  36  47  97  74  62 
 44  45  48  29  70  38  46  5  7  16  81  30  65  2  27  17  64  80  71 
 72  91  31  87  4  41  19  13  59  63  27  52  57  64  79  45  81  89  84  98  99  60 
 51  17  14  67  90  27  88  36  37  58  59  77  49  60  64  33  30  23  66  69  48  18  10  99  19  65  43 
 34  46  77  26  64  94  4  10  54  33  22  66  99  92  29  28  89 
 86  66  18  71  8  55  65  78  94  34  90  42  68  44  49  26  92  88  97  1  81 
 54  6  93  8  15  74  46  42  0  72  9 
 97  47  50  96  58  79  23  77  91  62  5  46  49  86  61  67  75  24  92  16  41  57  39  89  11 
 90  22  97  30  37  12  72  84  89  92  20  17  2  49  71  78  63  21  35  64  66  56  4  34  61  82  74  46  39  73  52  58  95  9  8 
 35  44  38  92  68  84  96  73  15  55  82  16  36  71  8  4  29  23  78  56  49  45  50  86 
 77  52  20  48  11  73  84  61  99  93  9  39  49  33  66  69  34  12  78  55  53  1  95  17  23  28  37  18  15  13  62  51  3  40 
 41  11  62  81  97  27  80  12  79  60  20  46  5  9  40  33  22  47  69  15  53  19  44 
 80  10  14  88  13  35  7  75  70  50  40  87  21  92  72  52  73  77  96  56  76  62  89  0  43  64  81  71  61  54  66 
 99  72  40  33  97  50  46  5  45  6  48  95  73  57  44  18  1 
 40  32  67  66  89  7  29  49  37  34  9  58  68  90  23  54  22  30  57  63  10 
 24  94  19  49  46  23  18  87  37  41  33  3  76  73  83  69  29  27  4  66  68  99 
 13  31  8  90  17  69  95  50  28  44  92  38  84  7  76  0  88  60  27  64  43  12  73  53  71  16  93 
 38  45  12  53  22  88  96  86  62  9  69  50  52  82  28  71  15  76  78  17  75  43  3  39  47  19  63 
 48  84  64  74  22  27  72  77  83  54  41  34  33  65  17  81  61  71  99  29  18  49  46  68  67  93 
 36  45  6  94  20  70  42  72  97  82  92  35  17  16  28  2  98 
 77  88  11  67  74  6  78  86  9  29  40  66  42  61  53  52  58  75  1  80  46  27  92  10  57  26  76  70  64  12  36  4  56  60 
 65  76  33  32  50  31  66  39  88  72  9  30  6  98  56  5  87  3  29 
 30  11  15  71  52  7  3  37  34  4  21  48  18  26  16  76  9  63  91  90  6 
 71  86  45  38  72  77  54  62  50  90  24  61  39  68  85  76  73  83  74  25  16  9 
 82  81  91  53  18  0  6  49  90  60  54  10  31  35  12  75  36  15  70  65  22  63 
 14  80  20  45  49  35  28  24  68  13  6  94  52  2  57  32  56  54  30  19  97 
 36  38  20  44  12  49  53  86  42  1  63  64  82  32  6  5  84  76  14  48  3  94  79  21  28  59  57 
 98  77  34  23  20  5  74  50  78  11  32  30  26  25  37  49  27  39 
 97  26  74  64  86  91  62  73  9  60  72  61  5  30  66  71  96  83  36  19 
 20  29  37  84  10  81  2  11  57  90  89  32  95  64  22  41  18  14  45  17 
 45  44  95  86  19  34  74  66  5  77  29  33  22  90  43  50  26  27  2  16  24  68  37  46  28 
 54  94  26  96  95  35  40  31  97  32  74  46  6  62  42  52  36  49  80  73  55  18  69  64  11  14  87  78  72  28  86 
 22  17  80  9  52  5  66  67  62  29 
 29  77  89  63  12  4  41  15  76  54  14  7  5  51  73  31  50  36  69  53  39  1  96  17  44  2  61  18  21  57  84  27 
 36  45  86  92  43  91  6  70  9  52  39  74  71  55  29  63  35  30  69  12  95 
 94  50  77  13  90  5  76  52  25  6  42  72  83  37  60  43  1  57  59  23  33  81  93  31  56  44  89  11 
 8  24  75  90  99  92  64  91  28  15  29  53  4  18  50  63  71  93  19 
 66  5  31  76  3  10  40  65  27  16  54  73  89  44  0  4  87  78  28  39  60  81  69  15 
 85  9  63  69  16  98  0  97  1  72  11  48  54  59  33  21  52  32  44  26  39  93  13  45 
 13  85  96  26  79  22  59  33  9  88  39  75  1  62  89  95  27 
 63  78  1  68  58  22  16  91  21  54  57  75  89  45 
 11  90  63  93  79  30  9  47  5  43  54  92  15  14  99  1  35  88  22  64  10  71  68  83  69  16  66  39  56  21 
 82  81  84  29  92  65  11  80  72  47  42  39  37  27  86  26  67  71  31  52  18 
 81  30  87  95  36  9  69  47  73  50  42  91  26  14  31  17  88  58  89  74  85  29  51  76  72  19 
 66  16  52  89  57  69  60  93  19  59  78  97  72  76  64  45  94  79  15  6  27  21  33  90  92  53  55  41  91  43  36 
 37  74  47  63  45  55  91  94  23  11  89  4  35  27  22  60  31  81  48  69  50  21  79  20  80  70  39 
 76  40  14  69  24  78  92  61  20  2  37  74  98  94  56  16  22  43  81 
 16  63  86  24  56  5  67  33  74  49  11  29  40  39  51  0  12  9  92  77  27  23  22  83  15  71  47  34  87  4  85  88  60  75  31 
 14  22  93  73  11  39  66  33  51  71  75  77  9  94  82  61  26  68  37 
 82  0  1  59  76  98  24  44  28  84  33  90  42  85  60  83  49  2  37  67  34  99  80  14 
 14  65  63  57  17  35  62  36  52  34  29  60  22  50  64  30  15  84  96  83  53  13  73  56 
 20  38  31  75  9  86  53  14  16  19  3  92  39  64  15  43 
 41  15  86  42  18  24  88  87  16  78  93  67  27  74  53  60  10  37  99  3  5  28  36  31  61  55  8  66  47  35  20  80 
 99  32  21  91  38  42  6  54  37  77  12  27  80  76  85  1  97  63  92  31  84  94  57  40  88  61  47  78  50  25  15  62  9  13  0 
 11  29  93  67  47  62  52  31  96  28  34  83  42  32  50  89  56  35  7  27  13  69  91  10 
 37  64  84  85  47  39  6  46  50  49  66  65  53  71  82  27  25  87  4  42  62  88  13  19 
 87  2  31  70  55  90  67  11  94  16  58  1  39  26  43  36  89  59  92  66 
 65  40  52  54  72  80  63  89  35  8  98  68  56  31  3  34  42  45  15  36  9  41  39  62 
 29  52  39  88  46  98  54  13  94  96  42  72  37  5  49  23  26  31  22  66  67  19  16  93  11 
 24  65  63  59  11  46  0  94  39  86  71  16  83  79  27  12  29  36  17  80  15  99  72  50  28  56  4 
 93  14  30  60  26  58  11  15  83  78  63  94  64  21  45  92  96 
 14  44  31  10  30  12  72  76  9  51  11  61  6  50  17  84  94  39  78  7  5  64  20  1  82  71  68 
 82  61  10  48  62  30  43  20  13  17  37  18  0  31  64  54  93  89  21  24  1  65  56 
 81  61  43  97  38  68  0  36  45  13  27  74  28  16  67  94  1  80 
 54  37  78  79  73  34  68  60  42  96  69  66  15  47  13  1  18  10 
 29  61  37  48  74  85  7  35  27  89  72  94  28  68  17  80  5  45  1  52  69  21  98 
 9  57  58  13  84  74  72  1  7  91  12  97  68  42  62  66  88 
 66  24  71  42  45  95  49  47  91  36  96  53  92  1  78  39  9  70  6  14  61  26  50  28 
 2  75  71  88  62  95  18  34  31  21  74  4  40  5  50  56  66 
 39  77  14  31  22  36  71  87  40  72  62  17  35  60  58  3  92  24  97  74  13  85  66 
 52  63  33  7  76  27  84  64  4  31  0  90  48  13  12  58  62  73  56  81  21  11  26  75  59  54  23 
 15  3  60  11  54  5  8  35  91  22  27  14  55  75  42  24  49  43  33  68  48  89  63  92  41  6  0  4 
 92  0  15  90  21  72  47  86  43  53  26  62  64  55  85  7  59  63  41  10  73 
 91  0  61  65  53  86  35  38  72  31  99  55  28  27  12  9  66  60  15  63  90  24  26  3  88  23  70  39  10  14  75  16  79  96 
 79  14  99  29  63  60  73  67  2  11  25  8  71  15  81  54  0  13  57  19  55  95  17  37  77  16  35 
 54  50  6  38  77  96  24  34  0  78  64  23  72  84  11  63  79  9  67  75  16  98  65  80  44  82  45  14 
 50  35  86  49  87  62  32  48  17  29  3  12  93  58  27  53 
 94  77  26  50  36  86  58  13  6  31  28  73  17  52  8  83  69  47  92  79 
 47  26  27  30  50  32  82  38  0  57  63  72  12  85  18  13  88  24  44  19 
 46  77  57  16  76  68  13  0  65  94  6  40  38  2  84  21 
 32  72  4  18  93  29  92  55  14  60  71  37  23  34  68  15  78  22  19  21 
-->CDecomWalshPart::vInitTrueLinkage-->GLBs: 1163
(Length: 4)  0  4  12  66 
(Length: 4)  0  15  17  93 
(Length: 4)  0  12  13  35 
(Length: 4)  0  15  17  78 
(Length: 3)  0  4  18 
(Length: 4)  0  72  78  94 
(Length: 4)  0  31  66  92 
(Length: 4)  0  18  43  81 
(Length: 4)  0  17  35  93 
(Length: 4)  0  4  56  66 
(Length: 4)  0  15  66  92 
(Length: 3)  0  68  82 
(Length: 4)  0  31  35  92 
(Length: 4)  0  4  12  78 
(Length: 4)  0  35  90  92 
(Length: 4)  0  4  89  90 
(Length: 4)  0  4  12  89 
(Length: 4)  0  12  66  92 
(Length: 4)  0  12  72  78 
(Length: 3)  0  68  98 
(Length: 3)  0  82  94 
(Length: 4)  0  31  56  66 
(Length: 3)  0  68  90 
(Length: 4)  0  4  56  78 
(Length: 3)  0  94  98 
(Length: 4)  0  43  81  82 
(Length: 4)  0  4  56  89 
(Length: 4)  0  31  43  81 
(Length: 5)  0  31  56  81  89 
(Length: 4)  0  15  72  78 
(Length: 4)  0  13  57  93 
(Length: 5)  0  15  72  91  92 
(Length: 4)  0  13  15  72 
(Length: 4)  0  13  18  81 
(Length: 4)  0  13  15  93 
(Length: 4)  0  13  81  82 
(Length: 4)  0  13  31  35 
(Length: 5)  0  13  31  81  89 
(Length: 4)  0  12  35  43 
(Length: 4)  0  13  81  93 
(Length: 5)  0  13  57  72  97 
(Length: 4)  0  13  18  97 
(Length: 5)  0  12  13  72  97 
(Length: 4)  0  12  13  89 
(Length: 4)  0  12  35  92 
(Length: 4)  0  13  35  93 
(Length: 4)  0  31  72  92 
(Length: 4)  0  13  57  98 
(Length: 4)  0  15  56  78 
(Length: 5)  0  15  90  91  92 
(Length: 4)  0  15  25  93 
(Length: 4)  0  15  25  72 
(Length: 4)  0  12  72  92 
(Length: 4)  0  31  35  43 
(Length: 5)  0  15  43  90  91 
(Length: 4)  0  15  56  66 
(Length: 4)  0  35  43  90 
(Length: 4)  0  13  82  97 
(Length: 4)  0  17  81  93 
(Length: 4)  0  13  31  72 
(Length: 4)  1  13  81  82 
(Length: 3)  1  24  86 
(Length: 4)  1  45  57  59 
(Length: 4)  1  16  57  59 
(Length: 3)  1  45  84 
(Length: 4)  1  13  18  81 
(Length: 4)  1  54  60  83 
(Length: 4)  1  13  58  85 
(Length: 4)  1  18  29  52 
(Length: 4)  1  16  59  75 
(Length: 3)  1  16  60 
(Length: 5)  1  13  57  72  85 
(Length: 4)  1  39  52  57 
(Length: 4)  1  18  24  81 
(Length: 4)  1  13  54  83 
(Length: 4)  1  29  39  52 
(Length: 4)  1  39  58  75 
(Length: 3)  1  39  60 
(Length: 4)  1  54  57  59 
(Length: 3)  1  39  80 
(Length: 3)  1  39  86 
(Length: 4)  1  32  57  72 
(Length: 4)  1  13  54  81 
(Length: 5)  1  13  54  57  72 
(Length: 3)  1  16  82 
(Length: 4)  1  32  45  57 
(Length: 4)  1  72  80  84 
(Length: 4)  1  68  84  85 
(Length: 4)  1  68  80  82 
(Length: 4)  1  58  59  75 
(Length: 4)  1  13  18  83 
(Length: 3)  1  59  68 
(Length: 3)  1  45  86 
(Length: 3)  1  45  82 
(Length: 4)  1  60  68  83 
(Length: 4)  1  52  54  57 
(Length: 4)  1  72  84  85 
(Length: 4)  1  68  80  84 
(Length: 4)  1  29  52  84 
(Length: 4)  1  13  18  29 
(Length: 3)  1  18  32 
(Length: 3)  1  24  68 
(Length: 4)  2  16  65  98 
(Length: 3)  2  44  52 
(Length: 3)  2  16  49 
(Length: 4)  2  16  38  98 
(Length: 4)  2  16  20  65 
(Length: 3)  2  16  93 
(Length: 3)  2  10  48 
(Length: 3)  2  20  48 
(Length: 3)  2  16  75 
(Length: 3)  2  75  87 
(Length: 4)  2  11  15  93 
(Length: 3)  2  15  52 
(Length: 3)  2  20  44 
(Length: 3)  2  20  27 
(Length: 3)  2  11  75 
(Length: 3)  2  11  48 
(Length: 3)  2  68  98 
(Length: 4)  2  16  20  38 
(Length: 3)  2  27  52 
(Length: 4)  2  44  49  68 
(Length: 3)  2  27  49 
(Length: 3)  3  5  7 
(Length: 4)  3  15  36  76 
(Length: 4)  3  15  70  92 
(Length: 3)  3  88  92 
(Length: 4)  3  15  56  76 
(Length: 4)  3  15  41  90 
(Length: 3)  3  12  92 
(Length: 4)  3  15  36  71 
(Length: 4)  3  36  45  76 
(Length: 4)  3  12  36  45 
(Length: 3)  3  10  71 
(Length: 4)  3  12  29  95 
(Length: 4)  3  15  41  71 
(Length: 4)  3  36  71  88 
(Length: 4)  3  15  90  92 
(Length: 4)  3  34  41  76 
(Length: 3)  3  10  56 
(Length: 4)  3  5  40  56 
(Length: 4)  3  15  41  76 
(Length: 3)  3  10  92 
(Length: 4)  3  40  56  76 
(Length: 3)  3  29  34 
(Length: 3)  3  29  40 
(Length: 3)  3  5  90 
(Length: 3)  3  5  45 
(Length: 3)  3  7  41 
(Length: 3)  3  5  71 
(Length: 3)  3  15  29 
(Length: 3)  3  40  88 
(Length: 5)  4  21  27  52  89 
(Length: 5)  4  12  27  39  52 
(Length: 3)  4  23  28 
(Length: 5)  4  27  39  66  74 
(Length: 3)  4  10  23 
(Length: 4)  4  18  34  41 
(Length: 4)  4  10  39  56 
(Length: 4)  4  18  55  99 
(Length: 5)  4  27  39  56  78 
(Length: 4)  4  34  66  87 
(Length: 4)  4  23  34  99 
(Length: 4)  4  21  41  52 
(Length: 5)  4  21  27  64  89 
(Length: 3)  4  21  87 
(Length: 4)  4  27  89  90 
(Length: 3)  4  21  99 
(Length: 5)  4  12  27  39  66 
(Length: 5)  4  12  27  39  78 
(Length: 5)  4  12  27  52  89 
(Length: 4)  4  23  34  66 
(Length: 3)  4  28  55 
(Length: 4)  4  28  56  78 
(Length: 5)  4  27  39  64  74 
(Length: 4)  4  27  56  89 
(Length: 3)  4  78  99 
(Length: 3)  4  41  90 
(Length: 3)  4  55  90 
(Length: 3)  4  55  64 
(Length: 4)  4  56  66  87 
(Length: 4)  4  18  41  52 
(Length: 4)  4  18  34  87 
(Length: 4)  4  18  34  99 
(Length: 4)  4  66  74  87 
(Length: 4)  4  27  34  66 
(Length: 3)  4  10  18 
(Length: 4)  4  23  64  89 
(Length: 5)  4  27  39  56  66 
(Length: 5)  5  26  46  49  77 
(Length: 3)  5  32  46 
(Length: 3)  5  30  40 
(Length: 4)  5  7  52  84 
(Length: 4)  5  7  20  80 
(Length: 3)  5  32  45 
(Length: 4)  5  66  71  87 
(Length: 4)  5  49  66  77 
(Length: 3)  5  49  90 
(Length: 4)  5  54  56  60 
(Length: 3)  5  45  49 
(Length: 3)  5  51  66 
(Length: 3)  5  51  52 
(Length: 3)  5  26  47 
(Length: 5)  5  40  56  66  87 
(Length: 4)  5  20  71  80 
(Length: 3)  5  20  45 
(Length: 4)  5  7  80  84 
(Length: 4)  5  20  30  80 
(Length: 5)  5  47  60  66  71 
(Length: 4)  5  56  60  66 
(Length: 4)  5  52  54  77 
(Length: 4)  5  20  30  46 
(Length: 3)  5  45  84 
(Length: 4)  5  30  47  60 
(Length: 3)  5  51  80 
(Length: 3)  5  32  40 
(Length: 4)  5  54  60  90 
(Length: 4)  6  43  53  63 
(Length: 4)  6  43  54  90 
(Length: 5)  6  50  54  72  94 
(Length: 3)  6  25  74 
(Length: 4)  6  38  45  94 
(Length: 4)  6  63  72  94 
(Length: 4)  6  50  94  96 
(Length: 4)  6  45  53  63 
(Length: 3)  6  50  74 
(Length: 4)  6  39  53  86 
(Length: 4)  6  25  54  72 
(Length: 4)  6  38  94  98 
(Length: 4)  6  14  15  90 
(Length: 4)  6  32  44  45 
(Length: 4)  6  14  50  86 
(Length: 5)  6  14  44  80  94 
(Length: 4)  6  14  45  86 
(Length: 3)  6  39  80 
(Length: 4)  6  44  54  94 
(Length: 4)  6  13  15  72 
(Length: 3)  6  39  40 
(Length: 3)  6  40  98 
(Length: 4)  6  50  86  96 
(Length: 5)  6  32  40  50  72 
(Length: 4)  6  15  63  72 
(Length: 5)  6  50  72  80  94 
(Length: 5)  6  14  44  45  94 
(Length: 4)  6  15  25  72 
(Length: 4)  6  38  72  94 
(Length: 5)  6  15  41  63  90 
(Length: 5)  6  15  43  63  90 
(Length: 4)  6  13  54  72 
(Length: 3)  6  13  74 
(Length: 4)  6  39  53  74 
(Length: 5)  6  14  50  80  94 
(Length: 3)  6  13  96 
(Length: 3)  6  13  98 
(Length: 4)  6  45  53  86 
(Length: 4)  6  45  63  94 
(Length: 4)  6  13  44  54 
(Length: 3)  7  73  91 
(Length: 4)  7  14  31  52 
(Length: 3)  7  41  91 
(Length: 3)  7  16  41 
(Length: 4)  7  52  84  89 
(Length: 3)  7  14  16 
(Length: 5)  7  31  52  73  89 
(Length: 4)  7  14  31  80 
(Length: 3)  7  85  91 
(Length: 3)  7  33  89 
(Length: 3)  7  41  52 
(Length: 4)  7  31  35  73 
(Length: 3)  7  84  85 
(Length: 3)  7  16  20 
(Length: 3)  7  16  35 
(Length: 3)  7  35  84 
(Length: 4)  8  28  35  71 
(Length: 4)  8  27  35  71 
(Length: 3)  8  28  96 
(Length: 3)  8  25  93 
(Length: 4)  8  35  71  93 
(Length: 4)  8  24  55  71 
(Length: 4)  8  19  55  93 
(Length: 4)  8  27  35  90 
(Length: 3)  8  9  25 
(Length: 3)  8  9  76 
(Length: 4)  8  12  27  35 
(Length: 3)  8  9  19 
(Length: 4)  8  28  55  71 
(Length: 3)  8  35  76 
(Length: 4)  8  24  55  90 
(Length: 4)  8  55  71  93 
(Length: 3)  8  9  27 
(Length: 3)  8  12  19 
(Length: 3)  9  13  19 
(Length: 4)  9  33  66  67 
(Length: 3)  9  13  29 
(Length: 4)  9  25  42  72 
(Length: 3)  9  27  30 
(Length: 4)  9  36  39  76 
(Length: 4)  9  40  72  76 
(Length: 4)  9  72  76  80 
(Length: 4)  9  29  39  53 
(Length: 4)  9  16  19  70 
(Length: 4)  9  39  40  76 
(Length: 4)  9  39  42  76 
(Length: 4)  9  29  51  66 
(Length: 3)  9  16  94 
(Length: 5)  9  39  60  66  92 
(Length: 5)  9  39  66  86  92 
(Length: 4)  9  30  33  40 
(Length: 4)  9  16  70  92 
(Length: 5)  9  42  62  72  85 
(Length: 4)  9  47  66  86 
(Length: 3)  9  39  57 
(Length: 4)  9  39  76  80 
(Length: 4)  9  27  39  58 
(Length: 3)  9  30  80 
(Length: 4)  9  29  51  62 
(Length: 3)  9  41  76 
(Length: 3)  9  51  80 
(Length: 4)  9  27  72  92 
(Length: 5)  9  36  39  53  86 
(Length: 4)  9  58  62  85 
(Length: 3)  9  30  41 
(Length: 6)  9  39  53  70  86  92 
(Length: 4)  9  72  80  94 
(Length: 4)  9  39  42  86 
(Length: 3)  9  16  57 
(Length: 4)  9  13  58  85 
(Length: 5)  9  13  57  72  85 
(Length: 5)  9  27  39  66  92 
(Length: 3)  9  16  42 
(Length: 3)  9  16  41 
(Length: 5)  9  29  39  40  66 
(Length: 5)  9  16  60  66  92 
(Length: 5)  9  42  62  72  76 
(Length: 5)  9  29  33  40  66 
(Length: 4)  9  39  66  67 
(Length: 4)  9  47  60  66 
(Length: 4)  9  51  66  67 
(Length: 3)  9  33  57 
(Length: 3)  9  33  58 
(Length: 5)  9  19  36  47  62 
(Length: 3)  9  30  53 
(Length: 5)  9  19  30  47  62 
(Length: 3)  9  66  85 
(Length: 3)  9  67  94 
(Length: 4)  9  36  47  86 
(Length: 4)  9  36  62  76 
(Length: 4)  9  47  62  72 
(Length: 4)  9  30  47  60 
(Length: 4)  10  22  43  60 
(Length: 4)  10  39  60  92 
(Length: 4)  10  18  22  43 
(Length: 4)  10  31  43  81 
(Length: 3)  10  18  71 
(Length: 3)  10  18  83 
(Length: 4)  10  18  43  81 
(Length: 3)  10  43  91 
(Length: 3)  10  23  92 
(Length: 4)  10  31  71  80 
(Length: 3)  10  31  92 
(Length: 4)  10  39  56  60 
(Length: 3)  10  39  80 
(Length: 3)  10  73  91 
(Length: 4)  10  31  56  81 
(Length: 3)  10  60  71 
(Length: 3)  10  60  83 
(Length: 3)  10  73  83 
(Length: 3)  10  91  92 
(Length: 4)  10  18  48  81 
(Length: 4)  10  31  56  73 
(Length: 4)  10  22  23  33 
(Length: 4)  10  18  22  48 
(Length: 4)  11  48  64  89 
(Length: 4)  11  60  64  79 
(Length: 3)  11  48  57 
(Length: 4)  11  15  41  90 
(Length: 3)  11  30  80 
(Length: 4)  11  50  54  94 
(Length: 3)  11  30  46 
(Length: 4)  11  75  89  90 
(Length: 4)  11  15  78  79 
(Length: 4)  11  26  46  50 
(Length: 4)  11  26  39  57 
(Length: 4)  11  29  39  61 
(Length: 4)  11  54  60  90 
(Length: 4)  11  54  77  93 
(Length: 4)  11  41  48  90 
(Length: 4)  11  26  75  89 
(Length: 4)  11  14  48  90 
(Length: 3)  11  50  73 
(Length: 3)  11  26  79 
(Length: 4)  11  67  77  93 
(Length: 4)  11  15  29  93 
(Length: 4)  11  39  60  64 
(Length: 4)  11  29  73  93 
(Length: 3)  11  73  89 
(Length: 4)  11  14  67  93 
(Length: 4)  11  15  60  66 
(Length: 3)  11  29  48 
(Length: 4)  11  39  60  66 
(Length: 4)  11  15  29  78 
(Length: 5)  11  15  30  60  79 
(Length: 4)  11  54  77  94 
(Length: 5)  11  26  39  61  67 
(Length: 4)  11  67  77  94 
(Length: 4)  11  54  60  93 
(Length: 6)  11  14  15  60  79  93 
(Length: 4)  11  39  61  80 
(Length: 4)  11  39  46  78 
(Length: 4)  11  78  79  94 
(Length: 4)  11  67  73  93 
(Length: 5)  11  50  78  80  94 
(Length: 5)  11  39  66  67  77 
(Length: 4)  11  15  29  66 
(Length: 5)  11  29  39  66  77 
(Length: 4)  11  15  30  41 
(Length: 4)  11  29  39  78 
(Length: 4)  11  39  64  80 
(Length: 5)  11  26  39  67  77 
(Length: 5)  11  26  39  67  75 
(Length: 4)  11  14  67  94 
(Length: 4)  11  54  89  90 
(Length: 5)  11  26  39  46  77 
(Length: 5)  11  39  66  67  75 
(Length: 3)  11  26  41 
(Length: 4)  11  54  57  93 
(Length: 5)  11  50  64  80  94 
(Length: 5)  11  14  50  80  94 
(Length: 4)  11  29  77  93 
(Length: 4)  11  64  79  94 
(Length: 4)  11  39  78  80 
(Length: 4)  11  46  50  78 
(Length: 4)  11  67  75  94 
(Length: 4)  11  14  79  94 
(Length: 4)  11  48  89  90 
(Length: 5)  11  14  15  60  90 
(Length: 3)  12  66  85 
(Length: 4)  12  13  19  97 
(Length: 3)  12  13  29 
(Length: 5)  12  13  72  85  97 
(Length: 4)  12  27  35  95 
(Length: 4)  12  35  53  95 
(Length: 4)  12  27  72  92 
(Length: 4)  12  27  72  97 
(Length: 5)  12  27  39  66  92 
(Length: 4)  12  36  39  78 
(Length: 4)  12  39  78  80 
(Length: 4)  12  72  78  80 
(Length: 4)  12  35  43  53 
(Length: 4)  12  35  53  92 
(Length: 4)  12  36  43  53 
(Length: 3)  12  19  36 
(Length: 4)  12  19  30  97 
(Length: 4)  12  29  39  66 
(Length: 5)  12  36  39  52  53 
(Length: 3)  12  30  53 
(Length: 3)  12  30  80 
(Length: 4)  12  29  53  95 
(Length: 4)  12  27  30  97 
(Length: 4)  12  27  72  78 
(Length: 4)  12  29  39  78 
(Length: 4)  12  39  53  92 
(Length: 5)  12  29  39  52  53 
(Length: 4)  12  36  45  53 
(Length: 4)  12  27  35  92 
(Length: 4)  13  58  85  88 
(Length: 5)  13  57  72  85  97 
(Length: 5)  13  72  85  88  97 
(Length: 3)  13  58  96 
(Length: 4)  13  31  77  96 
(Length: 4)  13  54  77  93 
(Length: 5)  13  31  72  77  88 
(Length: 4)  13  44  54  57 
(Length: 4)  13  15  29  93 
(Length: 4)  13  29  69  73 
(Length: 4)  13  15  69  83 
(Length: 4)  13  44  57  97 
(Length: 4)  13  15  29  69 
(Length: 5)  13  31  54  72  77 
(Length: 3)  13  19  21 
(Length: 4)  13  19  44  97 
(Length: 3)  13  19  74 
(Length: 4)  13  19  77  93 
(Length: 4)  13  29  77  93 
(Length: 4)  13  21  31  72 
(Length: 4)  13  31  35  73 
(Length: 4)  13  31  35  88 
(Length: 4)  13  21  57  72 
(Length: 3)  13  57  69 
(Length: 5)  13  69  73  83  96 
(Length: 4)  13  35  73  93 
(Length: 3)  13  74  82 
(Length: 4)  13  74  85  88 
(Length: 4)  13  29  73  93 
(Length: 3)  13  58  89 
(Length: 4)  13  21  57  98 
(Length: 4)  13  54  57  93 
(Length: 3)  13  77  98 
(Length: 3)  13  35  44 
(Length: 4)  13  35  69  73 
(Length: 5)  13  21  31  81  89 
(Length: 4)  13  31  73  96 
(Length: 4)  13  54  81  93 
(Length: 4)  13  31  73  89 
(Length: 5)  13  31  54  81  89 
(Length: 4)  14  15  52  69 
(Length: 4)  14  31  70  92 
(Length: 3)  14  22  67 
(Length: 5)  14  15  60  79  92 
(Length: 4)  14  22  60  99 
(Length: 3)  14  44  52 
(Length: 4)  14  45  79  94 
(Length: 5)  14  15  60  93  99 
(Length: 4)  14  15  70  92 
(Length: 4)  14  60  68  99 
(Length: 4)  14  60  88  92 
(Length: 5)  14  15  60  92  99 
(Length: 4)  14  31  88  92 
(Length: 4)  14  50  62  69 
(Length: 4)  14  22  48  90 
(Length: 4)  14  31  50  80 
(Length: 4)  14  50  52  69 
(Length: 4)  14  31  50  62 
(Length: 5)  14  15  60  90  92 
(Length: 4)  14  22  60  69 
(Length: 4)  14  60  68  90 
(Length: 4)  14  22  60  88 
(Length: 4)  14  22  60  90 
(Length: 4)  14  16  65  92 
(Length: 4)  14  16  65  94 
(Length: 4)  14  16  60  92 
(Length: 3)  14  45  48 
(Length: 4)  14  31  62  88 
(Length: 4)  14  44  68  80 
(Length: 3)  14  67  68 
(Length: 4)  14  31  50  52 
(Length: 4)  14  22  65  69 
(Length: 4)  14  70  86  92 
(Length: 4)  14  16  70  92 
(Length: 4)  14  15  60  69 
(Length: 4)  14  16  60  93 
(Length: 5)  15  41  52  63  76 
(Length: 5)  15  41  63  90  91 
(Length: 5)  15  43  63  90  91 
(Length: 4)  15  60  79  83 
(Length: 4)  15  60  66  71 
(Length: 4)  15  63  78  79 
(Length: 4)  15  78  79  83 
(Length: 4)  15  60  69  83 
(Length: 4)  15  60  63  69 
(Length: 5)  15  60  63  66  92 
(Length: 4)  15  56  60  69 
(Length: 4)  15  30  60  69 
(Length: 4)  15  63  72  78 
(Length: 5)  15  63  72  91  92 
(Length: 4)  15  71  78  99 
(Length: 4)  15  72  78  99 
(Length: 4)  15  72  92  99 
(Length: 5)  15  60  63  79  92 
(Length: 5)  15  36  52  63  76 
(Length: 4)  15  36  63  78 
(Length: 4)  15  28  56  78 
(Length: 6)  15  55  63  90  91  92 
(Length: 5)  15  55  71  93  99 
(Length: 4)  15  63  72  76 
(Length: 4)  15  29  78  99 
(Length: 4)  15  55  63  93 
(Length: 4)  15  28  55  71 
(Length: 5)  15  17  36  52  69 
(Length: 5)  15  17  29  52  69 
(Length: 4)  15  28  29  78 
(Length: 4)  15  28  29  55 
(Length: 4)  15  28  55  92 
(Length: 5)  15  29  55  93  99 
(Length: 4)  15  60  66  83 
(Length: 5)  15  60  63  79  93 
(Length: 5)  15  60  63  90  92 
(Length: 4)  15  17  29  93 
(Length: 4)  15  17  29  78 
(Length: 5)  15  60  71  93  99 
(Length: 5)  15  28  36  71  78 
(Length: 3)  15  43  70 
(Length: 4)  15  36  43  63 
(Length: 5)  15  43  60  63  90 
(Length: 5)  15  36  52  63  69 
(Length: 4)  15  17  36  78 
(Length: 4)  15  56  60  66 
(Length: 4)  15  55  92  99 
(Length: 4)  16  56  65  78 
(Length: 4)  16  19  49  77 
(Length: 4)  16  19  63  93 
(Length: 4)  16  70  75  92 
(Length: 3)  16  28  49 
(Length: 4)  16  28  35  71 
(Length: 4)  16  28  38  82 
(Length: 3)  16  42  71 
(Length: 3)  16  42  77 
(Length: 4)  16  35  60  92 
(Length: 4)  16  17  35  38 
(Length: 4)  16  38  70  92 
(Length: 4)  16  59  63  78 
(Length: 4)  16  38  82  94 
(Length: 4)  16  60  63  93 
(Length: 4)  16  66  75  92 
(Length: 4)  16  57  63  93 
(Length: 4)  16  63  78  94 
(Length: 4)  16  57  59  63 
(Length: 4)  16  17  35  93 
(Length: 3)  16  17  78 
(Length: 3)  16  26  57 
(Length: 4)  16  26  75  92 
(Length: 4)  16  17  20  38 
(Length: 3)  16  41  71 
(Length: 5)  16  28  35  38  92 
(Length: 4)  16  56  60  66 
(Length: 4)  16  28  56  78 
(Length: 3)  16  57  98 
(Length: 3)  16  41  63 
(Length: 4)  16  65  78  94 
(Length: 3)  16  38  42 
(Length: 4)  16  38  94  98 
(Length: 4)  16  77  94  98 
(Length: 4)  16  26  49  77 
(Length: 3)  16  26  41 
(Length: 4)  16  28  71  78 
(Length: 4)  16  20  38  70 
(Length: 3)  16  20  71 
(Length: 3)  16  75  94 
(Length: 4)  16  19  77  93 
(Length: 4)  16  49  66  77 
(Length: 5)  16  60  63  66  92 
(Length: 4)  16  60  66  71 
(Length: 5)  16  35  60  71  93 
(Length: 4)  16  65  94  98 
(Length: 4)  17  22  37  48 
(Length: 4)  17  22  27  37 
(Length: 3)  17  78  80 
(Length: 3)  17  22  51 
(Length: 3)  17  27  78 
(Length: 4)  17  27  37  84 
(Length: 4)  17  29  37  93 
(Length: 4)  17  20  29  48 
(Length: 5)  17  29  52  69  84 
(Length: 4)  17  36  62  69 
(Length: 5)  17  36  52  69  96 
(Length: 4)  17  29  48  95 
(Length: 3)  17  20  80 
(Length: 3)  17  51  80 
(Length: 3)  17  80  84 
(Length: 3)  17  62  81 
(Length: 4)  17  27  52  84 
(Length: 4)  17  29  51  52 
(Length: 5)  17  29  37  48  84 
(Length: 4)  17  29  62  95 
(Length: 4)  17  29  93  95 
(Length: 3)  17  20  27 
(Length: 4)  17  27  35  95 
(Length: 4)  17  35  93  95 
(Length: 4)  17  22  36  88 
(Length: 4)  17  37  48  81 
(Length: 4)  17  37  81  93 
(Length: 4)  17  20  48  81 
(Length: 4)  17  29  51  62 
(Length: 4)  17  29  62  69 
(Length: 4)  17  36  62  88 
(Length: 4)  17  27  35  84 
(Length: 3)  17  36  38 
(Length: 4)  17  35  69  84 
(Length: 3)  17  35  88 
(Length: 4)  17  22  36  69 
(Length: 4)  18  32  50  97 
(Length: 4)  18  29  37  61 
(Length: 4)  18  29  37  48 
(Length: 4)  18  34  37  41 
(Length: 4)  18  22  37  48 
(Length: 3)  18  24  97 
(Length: 3)  18  32  99 
(Length: 3)  18  50  87 
(Length: 3)  18  24  34 
(Length: 4)  18  24  55  71 
(Length: 4)  18  55  71  99 
(Length: 4)  18  22  37  99 
(Length: 5)  18  29  34  37  99 
(Length: 4)  18  37  41  48 
(Length: 3)  18  71  87 
(Length: 3)  18  50  55 
(Length: 4)  18  29  55  99 
(Length: 3)  18  32  48 
(Length: 4)  18  37  48  81 
(Length: 3)  18  50  52 
(Length: 4)  18  37  61  71 
(Length: 4)  18  34  37  83 
(Length: 4)  18  29  52  61 
(Length: 4)  18  37  41  71 
(Length: 4)  18  37  61  81 
(Length: 4)  18  37  71  99 
(Length: 3)  19  63  97 
(Length: 3)  19  22  30 
(Length: 3)  19  34  49 
(Length: 3)  19  49  74 
(Length: 3)  19  22  99 
(Length: 3)  19  36  63 
(Length: 4)  19  47  62  74 
(Length: 4)  19  55  93  99 
(Length: 4)  19  30  44  97 
(Length: 3)  19  21  63 
(Length: 3)  19  44  49 
(Length: 3)  19  21  99 
(Length: 4)  19  55  63  93 
(Length: 4)  19  22  49  77 
(Length: 3)  19  34  99 
(Length: 4)  19  30  47  97 
(Length: 3)  19  22  36 
(Length: 3)  20  44  45 
(Length: 4)  20  48  64  81 
(Length: 4)  20  45  48  64 
(Length: 3)  20  64  70 
(Length: 4)  20  30  44  80 
(Length: 4)  20  27  30  46 
(Length: 3)  20  30  81 
(Length: 3)  20  27  71 
(Length: 3)  20  38  45 
(Length: 3)  20  65  81 
(Length: 3)  20  27  64 
(Length: 3)  20  64  80 
(Length: 5)  21  45  57  59  63 
(Length: 4)  21  52  57  63 
(Length: 5)  21  60  63  64  79 
(Length: 5)  21  27  52  63  89 
(Length: 3)  21  31  87 
(Length: 5)  21  27  52  84  89 
(Length: 4)  21  57  63  72 
(Length: 3)  21  45  84 
(Length: 4)  21  63  72  91 
(Length: 4)  21  41  63  91 
(Length: 4)  21  31  52  89 
(Length: 3)  21  72  99 
(Length: 4)  21  41  52  63 
(Length: 4)  21  59  63  89 
(Length: 4)  21  27  63  72 
(Length: 5)  21  45  63  64  79 
(Length: 5)  21  31  64  81  89 
(Length: 4)  21  59  63  91 
(Length: 3)  21  84  98 
(Length: 5)  21  27  63  64  89 
(Length: 4)  21  63  64  91 
(Length: 3)  21  60  99 
(Length: 4)  21  27  72  84 
(Length: 4)  22  66  77  88 
(Length: 3)  22  23  64 
(Length: 4)  22  49  66  77 
(Length: 4)  22  37  67  77 
(Length: 3)  22  43  65 
(Length: 4)  22  60  64  69 
(Length: 4)  22  30  60  69 
(Length: 3)  22  27  30 
(Length: 3)  22  36  43 
(Length: 3)  22  58  59 
(Length: 4)  22  66  67  77 
(Length: 3)  22  30  33 
(Length: 4)  22  60  66  88 
(Length: 4)  22  27  49  66 
(Length: 3)  22  33  58 
(Length: 4)  22  23  33  66 
(Length: 4)  22  27  49  90 
(Length: 3)  22  23  99 
(Length: 4)  22  37  48  64 
(Length: 4)  22  51  66  67 
(Length: 3)  22  58  88 
(Length: 4)  22  33  49  66 
(Length: 4)  22  43  60  90 
(Length: 4)  22  37  49  77 
(Length: 4)  22  33  37  49 
(Length: 4)  22  33  37  67 
(Length: 4)  22  23  66  77 
(Length: 3)  22  37  65 
(Length: 4)  22  43  49  90 
(Length: 4)  22  27  37  64 
(Length: 4)  22  33  66  67 
(Length: 3)  22  27  58 
(Length: 4)  22  27  37  49 
(Length: 4)  22  33  49  90 
(Length: 3)  23  64  94 
(Length: 3)  23  92  99 
(Length: 3)  23  26  89 
(Length: 3)  23  26  92 
(Length: 4)  23  29  34  99 
(Length: 4)  23  54  77  94 
(Length: 4)  23  26  46  77 
(Length: 4)  23  33  54  89 
(Length: 3)  23  28  29 
(Length: 3)  23  34  94 
(Length: 3)  23  28  92 
(Length: 3)  23  34  46 
(Length: 3)  23  66  92 
(Length: 4)  23  29  66  77 
(Length: 5)  23  29  33  34  66 
(Length: 4)  24  66  71  86 
(Length: 3)  24  34  94 
(Length: 3)  24  65  81 
(Length: 4)  24  42  71  86 
(Length: 4)  24  26  49  86 
(Length: 4)  24  42  68  90 
(Length: 3)  24  26  97 
(Length: 3)  24  44  97 
(Length: 3)  24  88  97 
(Length: 4)  24  49  68  90 
(Length: 4)  24  34  49  66 
(Length: 4)  24  71  78  86 
(Length: 4)  24  44  49  68 
(Length: 4)  24  49  66  86 
(Length: 3)  24  65  92 
(Length: 3)  24  44  94 
(Length: 4)  24  55  90  92 
(Length: 4)  24  34  49  68 
(Length: 4)  24  66  86  92 
(Length: 4)  24  66  71  88 
(Length: 4)  24  65  78  94 
(Length: 4)  24  66  88  92 
(Length: 4)  24  26  86  92 
(Length: 4)  25  42  54  72 
(Length: 3)  25  42  74 
(Length: 3)  25  46  74 
(Length: 3)  25  54  93 
(Length: 4)  26  47  86  91 
(Length: 4)  26  58  75  89 
(Length: 4)  26  39  75  92 
(Length: 5)  26  39  61  86  92 
(Length: 4)  26  58  79  96 
(Length: 4)  26  86  92  96 
(Length: 4)  26  50  86  96 
(Length: 4)  26  39  58  75 
(Length: 3)  26  47  97 
(Length: 4)  26  58  62  89 
(Length: 4)  26  79  92  96 
(Length: 4)  26  49  50  86 
(Length: 3)  26  41  91 
(Length: 4)  26  47  61  86 
(Length: 4)  26  47  62  91 
(Length: 4)  26  86  91  92 
(Length: 3)  26  57  97 
(Length: 3)  26  77  96 
(Length: 4)  26  47  86  96 
(Length: 4)  26  46  49  50 
(Length: 3)  26  50  62 
(Length: 3)  26  50  97 
(Length: 4)  27  52  73  89 
(Length: 4)  27  39  52  61 
(Length: 4)  27  37  71  74 
(Length: 3)  27  71  78 
(Length: 4)  27  52  61  84 
(Length: 4)  27  37  74  84 
(Length: 3)  27  82  97 
(Length: 4)  27  34  49  66 
(Length: 3)  27  35  73 
(Length: 4)  27  39  46  78 
(Length: 3)  27  58  89 
(Length: 5)  27  37  46  49  74 
(Length: 4)  27  56  73  89 
(Length: 4)  27  39  46  74 
(Length: 4)  27  61  72  92 
(Length: 4)  27  49  66  74 
(Length: 4)  27  63  66  92 
(Length: 4)  27  66  71  74 
(Length: 3)  27  74  82 
(Length: 4)  27  63  72  92 
(Length: 4)  27  37  64  74 
(Length: 4)  27  39  61  92 
(Length: 5)  27  37  61  72  84 
(Length: 3)  27  49  95 
(Length: 3)  27  58  95 
(Length: 3)  27  35  64 
(Length: 4)  27  37  61  71 
(Length: 4)  27  35  90  92 
(Length: 3)  27  61  82 
(Length: 3)  27  34  73 
(Length: 4)  27  63  72  78 
(Length: 4)  27  63  72  97 
(Length: 4)  27  63  90  92 
(Length: 5)  27  34  37  46  49 
(Length: 4)  27  63  89  90 
(Length: 5)  28  36  38  45  82 
(Length: 4)  28  44  49  68 
(Length: 4)  28  50  73  96 
(Length: 4)  28  49  50  86 
(Length: 5)  28  36  50  86  96 
(Length: 3)  28  68  82 
(Length: 3)  28  29  49 
(Length: 3)  28  29  73 
(Length: 5)  28  36  71  78  86 
(Length: 3)  28  35  84 
(Length: 3)  28  35  44 
(Length: 4)  28  36  45  86 
(Length: 3)  28  45  84 
(Length: 4)  28  86  92  96 
(Length: 5)  28  36  50  78  86 
(Length: 3)  28  29  84 
(Length: 4)  28  44  45  49 
(Length: 4)  28  45  49  86 
(Length: 3)  28  56  73 
(Length: 3)  28  44  56 
(Length: 4)  28  35  50  73 
(Length: 3)  28  50  55 
(Length: 3)  28  68  84 
(Length: 3)  29  49  95 
(Length: 4)  29  49  66  77 
(Length: 4)  29  52  61  84 
(Length: 5)  29  33  34  37  49 
(Length: 4)  29  52  69  73 
(Length: 4)  29  37  77  93 
(Length: 4)  29  37  61  84 
(Length: 4)  29  37  93  99 
(Length: 4)  29  34  69  73 
(Length: 4)  29  62  69  73 
(Length: 4)  29  39  52  77 
(Length: 4)  29  52  53  69 
(Length: 3)  29  53  55 
(Length: 5)  29  33  34  49  66 
(Length: 4)  29  39  52  61 
(Length: 4)  29  37  49  77 
(Length: 3)  30  62  69 
(Length: 3)  30  53  69 
(Length: 3)  30  62  81 
(Length: 4)  31  40  50  72 
(Length: 3)  31  35  76 
(Length: 4)  31  62  76  89 
(Length: 4)  31  35  71  88 
(Length: 4)  31  52  54  77 
(Length: 5)  31  54  56  81  89 
(Length: 4)  31  62  73  89 
(Length: 5)  31  52  54  76  89 
(Length: 3)  31  52  61 
(Length: 4)  31  66  75  87 
(Length: 4)  31  43  54  81 
(Length: 4)  31  35  50  64 
(Length: 5)  31  50  52  73  96 
(Length: 4)  31  50  54  72 
(Length: 4)  31  62  72  76 
(Length: 4)  31  40  50  87 
(Length: 4)  31  72  88  92 
(Length: 5)  31  40  66  87  88 
(Length: 4)  31  40  56  76 
(Length: 4)  31  62  87  88 
(Length: 4)  31  62  72  88 
(Length: 4)  31  56  73  89 
(Length: 4)  31  72  76  80 
(Length: 4)  31  50  62  87 
(Length: 4)  31  50  62  73 
(Length: 3)  31  64  70 
(Length: 4)  31  52  77  96 
(Length: 4)  31  62  81  89 
(Length: 4)  31  70  75  92 
(Length: 4)  31  61  71  80 
(Length: 3)  31  61  81 
(Length: 4)  31  35  88  92 
(Length: 4)  31  50  64  80 
(Length: 4)  31  35  50  73 
(Length: 4)  31  50  52  54 
(Length: 4)  31  50  62  72 
(Length: 4)  31  40  72  88 
(Length: 5)  31  54  56  76  89 
(Length: 4)  31  66  77  88 
(Length: 4)  31  50  72  80 
(Length: 3)  31  92  96 
(Length: 4)  31  40  72  76 
(Length: 4)  31  54  72  76 
(Length: 5)  31  40  56  66  87 
(Length: 4)  31  61  72  92 
(Length: 4)  31  66  75  92 
(Length: 3)  31  75  89 
(Length: 4)  31  43  70  75 
(Length: 5)  31  66  71  87  88 
(Length: 4)  31  66  88  92 
(Length: 4)  31  61  72  80 
(Length: 4)  32  44  45  57 
(Length: 3)  32  46  50 
(Length: 3)  32  50  73 
(Length: 4)  32  45  48  57 
(Length: 3)  32  72  99 
(Length: 4)  32  50  72  97 
(Length: 4)  32  44  57  97 
(Length: 3)  32  48  95 
(Length: 3)  32  33  57 
(Length: 3)  32  33  40 
(Length: 4)  32  57  72  97 
(Length: 3)  32  50  95 
(Length: 3)  33  63  66 
(Length: 4)  33  37  67  68 
(Length: 3)  33  58  89 
(Length: 4)  33  63  89  90 
(Length: 3)  33  54  57 
(Length: 3)  33  57  63 
(Length: 4)  33  49  68  90 
(Length: 4)  33  54  89  90 
(Length: 3)  33  37  54 
(Length: 5)  33  34  37  49  68 
(Length: 3)  34  68  76 
(Length: 3)  34  66  83 
(Length: 4)  34  37  68  83 
(Length: 4)  34  37  68  99 
(Length: 4)  34  69  73  83 
(Length: 4)  35  50  69  73 
(Length: 4)  35  60  71  88 
(Length: 4)  35  50  64  69 
(Length: 4)  35  60  90  92 
(Length: 3)  35  50  95 
(Length: 4)  35  60  64  69 
(Length: 3)  35  53  71 
(Length: 3)  35  53  69 
(Length: 4)  35  43  60  90 
(Length: 4)  35  60  88  92 
(Length: 4)  36  39  52  76 
(Length: 4)  36  43  53  63 
(Length: 3)  36  43  82 
(Length: 4)  36  45  53  86 
(Length: 4)  36  47  71  86 
(Length: 3)  36  43  75 
(Length: 3)  36  39  88 
(Length: 4)  36  39  78  86 
(Length: 4)  36  45  53  63 
(Length: 5)  36  52  53  63  69 
(Length: 5)  36  50  52  69  96 
(Length: 4)  36  45  63  76 
(Length: 4)  36  53  71  86 
(Length: 4)  36  50  62  69 
(Length: 3)  36  39  75 
(Length: 4)  36  47  86  96 
(Length: 3)  37  65  74 
(Length: 4)  37  67  71  93 
(Length: 4)  37  54  81  93 
(Length: 4)  37  48  64  81 
(Length: 4)  37  54  72  77 
(Length: 4)  37  67  77  93 
(Length: 4)  37  71  93  99 
(Length: 4)  37  46  49  77 
(Length: 3)  37  68  84 
(Length: 4)  37  61  65  81 
(Length: 3)  37  72  99 
(Length: 4)  37  61  67  71 
(Length: 3)  37  54  83 
(Length: 4)  37  54  77  93 
(Length: 3)  38  42  72 
(Length: 3)  38  72  97 
(Length: 3)  38  82  97 
(Length: 4)  38  45  82  94 
(Length: 3)  38  72  92 
(Length: 3)  38  42  45 
(Length: 4)  39  56  60  66 
(Length: 4)  39  40  56  66 
(Length: 4)  39  70  75  92 
(Length: 3)  39  42  74 
(Length: 4)  39  42  61  86 
(Length: 4)  39  66  74  88 
(Length: 4)  39  66  75  92 
(Length: 4)  39  40  56  76 
(Length: 5)  39  60  66  88  92 
(Length: 4)  39  40  66  88 
(Length: 3)  39  64  70 
(Length: 3)  39  58  88 
(Length: 4)  39  66  77  88 
(Length: 3)  39  42  77 
(Length: 4)  40  56  65  76 
(Length: 4)  40  65  76  98 
(Length: 4)  42  54  72  76 
(Length: 4)  42  50  62  73 
(Length: 4)  42  54  72  77 
(Length: 3)  42  61  72 
(Length: 3)  42  54  83 
(Length: 4)  42  50  54  72 
(Length: 4)  42  62  74  85 
(Length: 3)  42  54  90 
(Length: 3)  42  68  85 
(Length: 4)  42  61  71  86 
(Length: 3)  42  71  74 
(Length: 3)  42  45  76 
(Length: 3)  42  73  83 
(Length: 4)  42  50  62  72 
(Length: 3)  42  68  83 
(Length: 3)  42  68  76 
(Length: 4)  42  50  62  74 
(Length: 3)  42  45  86 
(Length: 3)  42  50  86 
(Length: 3)  43  53  70 
(Length: 4)  43  53  63  91 
(Length: 4)  43  54  60  90 
(Length: 3)  43  75  90 
(Length: 3)  43  65  81 
(Length: 4)  44  52  54  57 
(Length: 3)  44  54  56 
(Length: 3)  45  48  84 
(Length: 3)  45  84  94 
(Length: 5)  45  63  64  79  94 
(Length: 4)  46  49  50  74 
(Length: 3)  46  77  98 
(Length: 3)  47  61  72 
(Length: 4)  47  66  71  74 
(Length: 4)  47  62  72  91 
(Length: 4)  47  73  83  96 
(Length: 4)  47  66  71  86 
(Length: 3)  47  64  91 
(Length: 3)  47  64  74 
(Length: 4)  47  62  73  91 
(Length: 4)  47  60  66  83 
(Length: 3)  47  72  97 
(Length: 4)  47  61  71  86 
(Length: 3)  47  60  64 
(Length: 4)  48  64  81  89 
(Length: 3)  48  84  89 
(Length: 4)  49  50  86  95 
(Length: 3)  50  55  64 
(Length: 4)  50  62  69  73 
(Length: 5)  50  52  69  73  96 
(Length: 4)  50  62  87  95 
(Length: 5)  50  72  78  80  94 
(Length: 3)  50  64  74 
(Length: 4)  50  62  74  87 
(Length: 4)  52  57  63  69 
(Length: 4)  52  63  76  89 
(Length: 3)  53  71  74 
(Length: 3)  53  86  95 
(Length: 5)  53  55  63  91  92 
(Length: 4)  53  86  91  92 
(Length: 3)  53  55  71 
(Length: 3)  54  59  89 
(Length: 4)  54  72  77  94 
(Length: 4)  55  63  64  91 
(Length: 4)  55  75  90  92 
(Length: 3)  56  65  69 
(Length: 3)  56  65  81 
(Length: 3)  56  69  73 
(Length: 4)  57  63  72  97 
(Length: 4)  58  59  75  89 
(Length: 3)  58  62  95 
(Length: 4)  58  62  85  88 
(Length: 4)  60  63  64  69 
(Length: 4)  60  66  71  88 
(Length: 4)  61  72  80  84 
(Length: 3)  61  80  82 
(Length: 3)  61  65  92 
(Length: 3)  61  81  82 
(Length: 3)  61  67  82 
(Length: 4)  62  72  85  91 
(Length: 4)  62  74  87  88 
(Length: 4)  62  74  85  88 
(Length: 4)  62  72  85  88 
(Length: 4)  63  78  79  94 
(Length: 4)  63  72  78  94 
(Length: 5)  66  71  74  87  88 
(Length: 4)  66  74  85  88 
(Length: 3)  66  67  71 
(Length: 3)  67  82  94 
(Length: 3)  67  68  82 
(Length: 3)  68  76  98 
(Length: 3)  68  84  98 
(Length: 3)  68  76  80 
(Length: 3)  71  78  80 
(Length: 4)  72  80  84  94 
(Length: 3)  74  84  85 
(Length: 3)  77  94  96 
(Length: 3)  79  83  96 
(Length: 3)  79  94  96 
(Length: 3)  80  82  94 
(Length: 3)  84  94  98 
...model cost: 1.06 seconds  50109 FFE
 (opt) 447.00000000 == 447.00000000 (sur)  OPTIMALITY TEST PASSED!
   BESTimpr 398.00000000 -> 433.00000000
11111***1****1**11*1**1**11111111***1*11*11***111**11*11*1****11**1**11111111*1****11*11**1*1**111*1

   BESTimpr 433.00000000 -> 434.00000000
11***1**1**1****11*11*111111*1***1*11111**1*****11*1*1**11****11***1******11*1**1111**11111**1111*1*

   BESTimpr 434.00000000 -> 435.00000000
1*1**1*11*1**1**1*11*111*1111111**1**1*1*11***11*1*11**111*111*1****1*11*11**1**11111*11**111*1111**


1111****11**11**11*1****111*11**1**11*1*1*11****111*11*111****1****1*1****1111****1*1*1*1**1*11*****

