Walsh model started...
 28  98  25  64  82  35  31  68  40  89  96  12  7  16  76  88  99  5  29  22  3  60 
 16  86  28  12  39  79  91  6  24  25  41  7  4  53  62  96  5  37  85  67  55  90  51  77  68  30  82  93  21  11  26  29  78 
 98  75  41  54  23  65  88  57  34  27  50  83  79  35  93  77  6  5  92  55  21  28 
 27  15  34  96  80  71  30  39  19  99  98  85  0  60  47  21  93  91  22  58  67  64  61 
 55  22  44  56  36  80  67  91  97  26  1  53  16  52  48  58  71  37  35 
 98  32  69  88  94  95  28  85  63  92  43  74  1  37  2  36  68  29  0  79  90  57  30  89  86  23 
 12  8  96  67  58  50  81  64  52  20  91  1  77  2  85  55  27  71  28 
 77  88  59  32  44  29  9  73  1  12  95  49  0  99  90 
 12  6  84  52  26  98  94  9  43  71  60  55  36  68  59  41  65  82  30  62  19 
 83  43  94  8  36  57  7  73  19  54  79  24  80  48  34  65  52  39  33  64  29  40  99  66  47  72  25  60  44 
 57  37  75  97  49  45  58  74  40  13  66  93  42  19  80  91  21  36  53  65  22 
 50  29  95  73  49  88  60  97  99  21  51  74  42  27  77  59  65  16  18  35  1  26  19  56 
 6  8  51  14  28  1  47  70  23  53  7  91  58  43  0  27 
 23  17  21  66  10  15  59  46  98  81  50  91  83  22  88  79  14 
 20  74  35  39  51  12  53  73  34  84  24  81  29  13  79  47  69 
 3  27  44  60  40  21  13  59  72  65  39  92  42  47  95  67  73  96  94  37  51  81  93 
 34  87  44  42  63  50  1  86  70  61  69  89  66  76  0  18  11  60  77  4  52  94  67  95 
 23  13  71  40  41  72  21  78  61  31  95  18  34  28  24  82  47  56  53 
 90  99  57  35  75  81  51  26  79  95  17  16  11  94  86  53 
 9  54  28  21  84  61  3  99  10  66  90  81  46  43  97  56  8  30  68  36  11 
 45  43  23  76  74  14  72  84  93  6  52  88  27  41  21  60  40  56  30  58  53  33  69  83  86  57  98  66 
 13  17  40  15  29  85  20  41  99  11  50  27  94  30  63  28  19  90  77  10  55  2  47  3  93  1 
 25  59  55  4  36  94  86  58  40  68  64  0  13  88  3  39  65  10 
 43  95  42  34  65  85  20  76  17  13  67  86  2  53  12  94  84  62  69  46  35  80  89  24  96  5  90 
 37  95  82  25  58  46  91  1  52  81  32  31  64  79  34  54  57  9  66  51  84  14  88  26  17  36  89  23 
 79  48  22  59  0  64  24  82  1  41  60  38  51  47  52  34  9  36  74  98 
 98  8  66  54  97  4  77  52  18  51  39  63  36  47  60  88  24  91  29  11  1 
 3  15  89  51  57  88  52  40  72  96  20  46  56  2  34  11  77  21  50  92  53  38  39  71  69  91  74  98  48  94  12  6  80  36  68  29  28 
 0  98  1  12  72  31  5  85  59  94  21  19  61  40  82  17  67  80  95  70  91  2  65  71  6  29  27 
 50  11  71  57  92  44  7  58  80  85  21  88  61  9  40  70  37  5  0  47  76  81  14  31  26  91  1  78  28  27 
 96  62  78  83  3  39  81  72  85  33  64  69  21  63  20  58  44  93  92  5  57  1  68  91  82  8  19  88  66 
 48  81  32  53  72  76  68  0  87  39  79  40  28  24  55  17  78  34  89  67  29  96  56  69  35 
 5  98  31  53  89  62  57  91  7  59  63  37  74  39  86  24  79  90  50  95  56  76  72  93 
 47  67  86  75  85  30  9  64  20  69  57 
 87  16  43  80  42  23  44  90  36  94  3  96  69  2  27  68  24  54  97  38  9  65  52  25  72  17  31  73  14  71  41  86 
 71  39  74  76  14  84  91  82  0  67  96  57  18  58  52  53  50  93  2  51  42  23  80  11  99  56  4  69  31 
 4  22  34  94  57  9  66  76  69  72  81  97  90  87  70  85  5  68  26  8  25  24  53  10  27  19 
 57  10  95  24  32  63  74  92  75  78  67  48  5  1  29  70  71  4  40  15  66  77 
 95  92  93  55  71  99  25  60  97  34  27  56  83  75 
 53  65  35  71  14  82  66  79  1  87  31  3  30  74  32  59  58  15  92  84  70  73  52  9  50  27  63  26  22  56 
 54  65  71  17  42  88  72  70  27  52  10  74  97  99  58  15  21  31  0  20  60  29  9  28  82  37  22  68  91  43  61 
 2  54  17  72  25  1  20  21  89  90  46  53  34  86  64  52  79  65  8  47  99  62 
 44  16  23  34  40  88  80  93  74  11  15  47  10  89  71  35  53  99  69 
 83  9  23  95  80  34  20  45  66  50  71  8  85  5  12  91  46  19  97  40  96 
 42  16  56  4  66  68  90  34  53  60  65  95  91  15  29  7  61  47  93  97  30  70  9 
 20  43  10  58  95  46  93  47  61 
 83  79  24  58  67  50  27  56  98  13  23  69  41  53  95  45  19  43  93 
 33  67  12  70  61  44  25  51  42  15  9  72  60  26  29  76  45  21  3  17  56  99  41  14  69 
 79  25  31  81  73  80  9  95  37  58  4  78  77  60  61  92  87  27  94 
 10  97  88  11  7  95  66  58  50 
 63  16  73  74  58  6  11  29  43  71  67  46  2  83  51  21  27  53  35  39  66  49  13  81  32 
 89  27  76  95  14  12  11  50  25  47  96  85  18  26  52  24  35  93  1  90  15  81  86  79  84 
 84  8  6  20  27  40  70  99  24  81  58  35  96  26  77  25  34  39  9  16  4  51  55  98  64  41 
 39  65  31  32  60  44  88  64  97  23  12  35  50  92  27  4  1  14  20  46  41  42  96  55  69  85  80  36  10  18  17 
 40  65  2  41  73  70  74  86  26  66  9  19  24  34  68 
 22  4  58  64  93  38  31  76  8  60  52  6  67  1  53  69  21  2 
 44  4  27  46  95  84  72  20  38  71  70  91  57  94  47  17  19  97  35  32  76  31  39  11 
 37  10  71  82  32  91  29  27  88  92  35  18  36  9  2  24  61  62  70  80  85  98  66  5  30  94  56  63  20  33 
 50  6  10  45  24  46  99  40  29  80  59  39  55  64  52  35  12  91  66  49  30  20  86  22  48  4  67  3  61 
 22  25  7  32  98  72  13  15  39  58  81  94  28  64  89  11  65  96  99  8  68 
 53  44  15  97  11  25  38  20  40  16  77  8  55  47  26  48  61  0  3  9 
 86  91  16  70  78  17  47  44  29  88  71  57  94  28  85  84  19  60  48  45  40  58  64  3 
 96  30  89  32  84  78  67  95  85  23  1  70  57  41  8 
 16  50  32  37  92  5  89  30  21  39  26  88  77  95  85  57 
 88  53  81  6  25  0  55  58  89  65  59  24  79  30  69  80  92  33  9  22  52  41  74  71  61  3 
 39  53  40  54  23  85  44  97  2  15  72  64  89  59  11  34  9  99  28  22  10  41  8 
 43  83  44  68  26  54  82  39  13  10  49  58  36  76  16  70  19  24  9  98  57  50  37  77  88  30  20 
 96  6  33  47  80  4  23  86  95  62  93  83  46  50  35  37  78  87  94  15  68  16  89  31  55  1  28  58  3  91  90 
 44  66  95  31  0  91  84  80  34  83  72  94  67  86  54  36  5  22  40  8  59  1  30  82  27  19 
 5  88  34  16  64  30  36  72  75  96  84  23  46  70  86  27  91  76  85  53  55  20  33  99  42  47  14  35  31 
 73  54  40  72  97  52  99  47  12  16  61  84  39  66  62  57  36  85  69  86  76  29  37  56  91  28  95  44 
 35  39  82  57  50  43  17  40  3  80  29  8  99  38  61  56  27  42  34  37  4  64  74  28  6 
 20  84  76  31  40  70  59  98  41  17  81  30  28  15  65  27  96  83  68  56  69  36  34  47  9  32  93 
 54  70  74  50  48  81  11  95  90  9  7  98  87  39  15  34  14 
 35  76  20  14  78  84  73  50  37  92  93  54  86  10  40  32  39  11  42  85  5  27  98  25  79  64  71 
 2  98  37  10  86  33  18  81  79  69  96  38  83 
 23  20  74  35  51  95  72  31  55  36  66  16  0  70  97  29  47  69  85  56  32  88  81 
 7  88  11  27  26  52  96  86  90  21  2  6  16  60  1  48  78  63  37  66  80  95 
 74  84  62  83  30  37  67  17  61  31  86  48  77  1  29 
 48  25  46  83  91  82  39  1  81  31  90  32  24  64  94  9  75  2  18  5  92  74  41  86  51  13  14 
 43  34  4  67  3  71  42  93  58  29  68  9  48  64  92  57  85  91  10  28  23  35  53  27  77 
 48  31  73  6  64  79  30  72  52  24  90  59  13  18  75  36  97  19  50  29  14  51  15  88  76 
 71  57  91  79  35  0  24  25  39  66  40  28  17  68  1  8  30 
 43  9  46  79  66  93  67  78  30  50  2  72  68  13  91  38  75  86  20 
 72  20  78  74  52  8  62  35  91  94  23  56  95  68  39  70  69  88  61  19  24  14  90  51 
 23  65  29  21  30  33  5  28  43  62  94  74  96  51  61  57  80  70  36  1  6  92  3  98  76  69  53  63 
 61  91  1  16  23  67  54  74  32  33  75  78  68  77  96  69  70  58  22  18  94  41  34  83  20  79  51  89  5 
 34  16  94  98  31  39  67  73  90  36  88  89  92  48 
 77  7  64  53  5  69  57  27  40  42  20  2  49  11  29  61  84  94  99  0  90  93  96  89  87  24  26  63  13  22  76  81  30  66 
 62  32  27  51  64  65  59  16  63  41  90  0  96  88  42  87  31  67  24  23  5  86 
 44  34  18  99  91  98  81  73  79  32  41  89  87  36  77  21  88  7  19  5  1  51  67  84  23 
 79  82  32  57  86  61  35  84  4  44  1  6  24  90  98  12  58  43  68  80  10  13  83  70  56  69  27  28  40  26  29  3  30  67 
 38  95  74  37  57  29  63  5  39  15  96  98  53  27  80  64  85  30  2  79  87  48 
 74  20  67  83  80  42  38  55  44  97  10  35  2  30  88  96  51  45  21  1  3  15  32  72  95  46 
 36  34  22  87  98  9  8  95  5  67  23  84  59  28  79  21  85  68  88  61  15  96  16  18  86  57  56  48  27 
 23  43  38  92  37  24  51  76  68  44  67  62  11  73  94  5  56  84  7  49  15  48  18  17  45  46  28  70  63  32  77  16  93 
 6  67  62  30  3  34  35  72  27  52  99  92  98  89  0  51  85  75  69  1  77  86  88  93  15  94  59  31  53  23  43 
 10  49  65  53  70  40  26  4  60  11  93  44  81  36  34  38  76  43  19  56 
 5  32  2  75  28  0  87  94  26  8  59  72  91  90  46  13  73  92  96  57  66  3  85  27  74  52  25  20 
 90  18  70  52  40  58  96  71  38  21  11  88  0  9  7  3  19  59  65  42  69  35  47  41 
-->CDecomWalshPart::vInitTrueLinkage-->GLBs: 1203
(Length: 4)  0  3  22  64 
(Length: 4)  0  5  28  29 
(Length: 3)  0  7  12 
(Length: 3)  0  16  89 
(Length: 3)  0  16  60 
(Length: 4)  0  64  88  89 
(Length: 4)  0  22  25  64 
(Length: 4)  0  31  35  76 
(Length: 4)  0  29  40  88 
(Length: 4)  0  22  40  68 
(Length: 4)  0  7  88  99 
(Length: 3)  0  3  60 
(Length: 3)  0  5  68 
(Length: 3)  0  16  76 
(Length: 4)  0  29  31  76 
(Length: 4)  0  22  64  88 
(Length: 4)  0  3  96  98 
(Length: 4)  0  5  29  88 
(Length: 3)  0  12  28 
(Length: 5)  0  28  29  31  40 
(Length: 4)  0  5  28  98 
(Length: 3)  0  25  82 
(Length: 4)  0  31  40  68 
(Length: 4)  0  88  89  96 
(Length: 4)  0  88  96  99 
(Length: 4)  0  35  96  99 
(Length: 3)  0  25  60 
(Length: 3)  0  25  98 
(Length: 4)  0  5  88  89 
(Length: 4)  0  29  76  88 
(Length: 4)  0  7  29  88 
(Length: 4)  0  28  40  82 
(Length: 3)  0  35  82 
(Length: 4)  0  31  89  96 
(Length: 4)  0  31  35  96 
(Length: 4)  0  3  96  99 
(Length: 3)  0  40  60 
(Length: 4)  0  40  68  82 
(Length: 4)  0  22  40  88 
(Length: 4)  0  40  88  99 
(Length: 4)  1  6  77  96 
(Length: 4)  1  51  79  90 
(Length: 5)  1  24  25  79  82 
(Length: 4)  1  51  79  86 
(Length: 4)  1  28  29  91 
(Length: 4)  1  51  85  96 
(Length: 4)  1  21  41  90 
(Length: 4)  1  25  41  79 
(Length: 4)  1  28  82  91 
(Length: 4)  1  11  26  77 
(Length: 4)  1  5  79  86 
(Length: 3)  1  41  53 
(Length: 4)  1  11  26  51 
(Length: 4)  1  4  16  67 
(Length: 4)  1  21  55  93 
(Length: 3)  1  41  62 
(Length: 4)  1  67  90  91 
(Length: 5)  1  30  68  82  91 
(Length: 4)  1  5  30  85 
(Length: 5)  1  6  28  67  91 
(Length: 4)  1  5  68  86 
(Length: 4)  1  5  29  37 
(Length: 3)  1  24  37 
(Length: 4)  1  21  30  93 
(Length: 4)  1  67  93  96 
(Length: 4)  1  51  93  96 
(Length: 5)  1  24  25  51  79 
(Length: 4)  1  30  62  78 
(Length: 4)  1  11  21  29 
(Length: 4)  1  37  77  78 
(Length: 4)  1  6  67  96 
(Length: 4)  1  55  67  93 
(Length: 4)  1  5  79  90 
(Length: 4)  1  24  26  51 
(Length: 3)  1  39  53 
(Length: 4)  1  7  77  90 
(Length: 3)  1  12  53 
(Length: 4)  1  5  30  68 
(Length: 4)  1  21  30  85 
(Length: 4)  1  29  37  78 
(Length: 3)  1  12  51 
(Length: 4)  1  79  86  91 
(Length: 4)  1  30  39  82 
(Length: 3)  1  7  29 
(Length: 5)  1  5  28  29  85 
(Length: 4)  1  24  26  91 
(Length: 4)  1  11  21  77 
(Length: 5)  1  21  28  29  85 
(Length: 4)  1  39  79  82 
(Length: 4)  1  21  77  90 
(Length: 4)  1  53  85  96 
(Length: 4)  1  51  86  96 
(Length: 4)  1  4  37  67 
(Length: 5)  1  30  62  85  96 
(Length: 4)  1  6  85  96 
(Length: 4)  1  62  67  96 
(Length: 4)  1  41  79  86 
(Length: 5)  1  24  79  82  91 
(Length: 3)  1  26  39 
(Length: 4)  1  41  79  90 
(Length: 5)  1  67  68  86  91 
(Length: 4)  1  79  90  91 
(Length: 4)  1  77  86  96 
(Length: 4)  1  4  26  91 
(Length: 4)  1  16  77  86 
(Length: 4)  1  11  26  29 
(Length: 4)  1  4  55  67 
(Length: 3)  1  7  12 
(Length: 5)  1  6  12  28  91 
(Length: 4)  1  62  67  78 
(Length: 4)  1  6  55  67 
(Length: 4)  1  77  78  86 
(Length: 4)  1  30  93  96 
(Length: 4)  1  6  28  85 
(Length: 4)  1  11  16  77 
(Length: 4)  1  67  78  86 
(Length: 4)  1  4  67  91 
(Length: 4)  1  26  29  91 
(Length: 4)  1  16  67  86 
(Length: 4)  1  4  53  55 
(Length: 4)  1  67  86  96 
(Length: 4)  1  37  67  78 
(Length: 3)  2  6  55 
(Length: 4)  2  21  27  77 
(Length: 4)  2  21  27  50 
(Length: 5)  2  5  57  92  98 
(Length: 4)  2  21  27  28 
(Length: 3)  2  50  83 
(Length: 3)  2  5  23 
(Length: 4)  2  6  27  77 
(Length: 4)  2  6  27  50 
(Length: 3)  2  75  98 
(Length: 4)  2  23  34  65 
(Length: 3)  2  23  35 
(Length: 4)  2  5  57  88 
(Length: 4)  2  5  79  92 
(Length: 3)  2  83  93 
(Length: 4)  2  27  57  88 
(Length: 4)  2  6  27  28 
(Length: 3)  2  21  41 
(Length: 4)  2  27  28  98 
(Length: 5)  2  34  41  54  65 
(Length: 4)  2  5  28  98 
(Length: 4)  2  27  77  88 
(Length: 3)  2  41  79 
(Length: 3)  2  27  34 
(Length: 4)  2  75  79  83 
(Length: 3)  2  88  93 
(Length: 3)  2  35  93 
(Length: 3)  2  35  57 
(Length: 3)  2  35  50 
(Length: 3)  2  28  65 
(Length: 5)  2  27  57  92  98 
(Length: 4)  2  21  55  93 
(Length: 4)  3  15  21  27 
(Length: 4)  3  19  21  30 
(Length: 4)  3  22  39  58 
(Length: 3)  3  71  99 
(Length: 4)  3  27  80  91 
(Length: 4)  3  61  64  71 
(Length: 4)  3  27  34  96 
(Length: 3)  3  19  61 
(Length: 4)  3  30  58  91 
(Length: 4)  3  27  96  98 
(Length: 4)  3  30  93  96 
(Length: 5)  3  15  67  93  96 
(Length: 4)  3  47  60  61 
(Length: 4)  3  30  39  58 
(Length: 3)  3  58  99 
(Length: 3)  3  61  85 
(Length: 4)  3  30  85  96 
(Length: 4)  3  15  27  39 
(Length: 5)  3  58  67  80  91 
(Length: 4)  3  15  21  47 
(Length: 4)  3  22  58  64 
(Length: 4)  3  15  21  93 
(Length: 4)  3  15  27  96 
(Length: 4)  3  27  39  71 
(Length: 4)  3  64  71  80 
(Length: 4)  3  67  80  93 
(Length: 4)  3  58  61  91 
(Length: 4)  3  58  64  80 
(Length: 5)  3  27  34  71  80 
(Length: 4)  3  21  47  99 
(Length: 4)  3  15  47  67 
(Length: 4)  3  19  21  99 
(Length: 4)  3  58  61  64 
(Length: 4)  3  21  30  93 
(Length: 3)  3  80  85 
(Length: 4)  3  15  47  60 
(Length: 4)  3  21  30  85 
(Length: 4)  3  85  96  98 
(Length: 4)  3  30  58  64 
(Length: 4)  3  27  91  98 
(Length: 4)  4  22  55  58 
(Length: 3)  4  37  48 
(Length: 4)  4  26  36  97 
(Length: 4)  4  48  58  80 
(Length: 6)  4  35  58  67  80  91 
(Length: 4)  4  44  56  97 
(Length: 3)  4  26  52 
(Length: 4)  4  35  71  80 
(Length: 4)  4  36  53  97 
(Length: 4)  4  35  56  91 
(Length: 3)  4  22  36 
(Length: 4)  4  55  58  67 
(Length: 4)  4  35  52  58 
(Length: 3)  4  16  44 
(Length: 3)  4  16  52 
(Length: 4)  4  52  55  58 
(Length: 3)  4  37  71 
(Length: 4)  4  35  56  71 
(Length: 4)  4  35  53  80 
(Length: 4)  4  44  53  97 
(Length: 4)  4  44  56  91 
(Length: 4)  5  23  94  95 
(Length: 5)  5  29  57  85  92 
(Length: 5)  5  28  85  94  98 
(Length: 4)  5  79  86  94 
(Length: 4)  5  23  43  85 
(Length: 5)  5  74  85  92  98 
(Length: 4)  5  23  69  85 
(Length: 4)  5  23  86  89 
(Length: 4)  5  74  79  92 
(Length: 4)  5  32  79  90 
(Length: 4)  5  68  86  94 
(Length: 4)  5  23  85  94 
(Length: 4)  5  29  57  88 
(Length: 6)  5  30  57  63  85  92 
(Length: 5)  5  32  37  57  63 
(Length: 4)  5  68  94  95 
(Length: 4)  5  32  86  89 
(Length: 4)  5  32  90  98 
(Length: 5)  5  36  57  85  94 
(Length: 4)  5  32  89  90 
(Length: 4)  5  32  37  74 
(Length: 4)  5  23  69  86 
(Length: 5)  5  30  57  63  88 
(Length: 4)  5  32  63  89 
(Length: 4)  5  23  89  90 
(Length: 5)  5  37  57  63  92 
(Length: 5)  5  32  37  63  95 
(Length: 4)  5  32  57  98 
(Length: 4)  5  36  68  94 
(Length: 4)  5  36  69  85 
(Length: 5)  5  37  63  92  95 
(Length: 4)  5  23  86  94 
(Length: 5)  5  57  85  94  98 
(Length: 5)  5  29  37  57  92 
(Length: 5)  5  57  85  92  98 
(Length: 4)  5  88  89  90 
(Length: 4)  5  28  94  95 
(Length: 3)  5  36  90 
(Length: 4)  5  30  69  88 
(Length: 4)  5  37  74  92 
(Length: 4)  5  30  69  85 
(Length: 4)  5  32  74  98 
(Length: 4)  5  23  43  95 
(Length: 5)  5  32  74  79  86 
(Length: 4)  5  63  88  89 
(Length: 4)  5  57  88  94 
(Length: 4)  6  20  52  58 
(Length: 4)  6  20  27  52 
(Length: 4)  6  12  58  91 
(Length: 4)  6  27  28  71 
(Length: 5)  6  12  27  28  91 
(Length: 4)  6  58  67  91 
(Length: 3)  6  8  71 
(Length: 4)  6  52  64  81 
(Length: 3)  6  64  71 
(Length: 4)  6  27  50  71 
(Length: 5)  6  52  55  58  64 
(Length: 3)  6  50  81 
(Length: 5)  6  27  52  77  96 
(Length: 4)  6  55  58  67 
(Length: 3)  6  8  12 
(Length: 4)  6  50  58  67 
(Length: 4)  6  8  52  55 
(Length: 3)  7  73  95 
(Length: 3)  7  44  95 
(Length: 3)  7  32  95 
(Length: 3)  7  49  88 
(Length: 3)  7  32  59 
(Length: 3)  7  9  99 
(Length: 3)  7  59  99 
(Length: 3)  7  73  90 
(Length: 3)  7  44  90 
(Length: 3)  7  9  73 
(Length: 4)  7  9  29  44 
(Length: 3)  7  32  90 
(Length: 4)  7  77  88  90 
(Length: 4)  7  88  90  99 
(Length: 3)  7  49  95 
(Length: 3)  7  77  95 
(Length: 3)  8  26  36 
(Length: 4)  8  9  19  36 
(Length: 3)  8  52  84 
(Length: 3)  8  26  60 
(Length: 3)  8  41  52 
(Length: 3)  8  41  62 
(Length: 4)  8  36  68  94 
(Length: 3)  8  12  43 
(Length: 3)  8  55  60 
(Length: 3)  8  9  52 
(Length: 3)  8  59  65 
(Length: 3)  8  30  62 
(Length: 4)  8  30  68  82 
(Length: 4)  8  19  68  84 
(Length: 3)  8  9  60 
(Length: 3)  8  9  65 
(Length: 4)  8  19  36  68 
(Length: 4)  8  59  68  94 
(Length: 4)  8  19  30  68 
(Length: 4)  8  68  84  94 
(Length: 3)  8  71  82 
(Length: 3)  8  62  84 
(Length: 4)  8  9  19  43 
(Length: 4)  8  59  94  98 
(Length: 3)  8  43  71 
(Length: 4)  8  26  52  98 
(Length: 3)  8  41  65 
(Length: 4)  8  9  36  94 
(Length: 4)  9  40  65  72 
(Length: 3)  9  64  80 
(Length: 3)  9  48  73 
(Length: 4)  9  48  79  94 
(Length: 3)  9  47  72 
(Length: 4)  9  44  47  60 
(Length: 4)  9  34  65  72 
(Length: 3)  9  29  40 
(Length: 4)  9  34  44  65 
(Length: 4)  9  29  44  47 
(Length: 4)  9  29  57  80 
(Length: 3)  9  44  66 
(Length: 4)  9  40  54  65 
(Length: 4)  9  19  54  66 
(Length: 4)  9  19  36  66 
(Length: 3)  9  19  99 
(Length: 3)  9  47  99 
(Length: 4)  9  34  43  80 
(Length: 4)  9  25  47  60 
(Length: 4)  9  25  48  60 
(Length: 5)  9  24  25  34  52 
(Length: 4)  9  24  34  54 
(Length: 5)  9  24  36  57  66 
(Length: 4)  9  34  36  72 
(Length: 5)  9  24  25  64  79 
(Length: 5)  9  24  25  34  36 
(Length: 4)  9  34  36  94 
(Length: 3)  9  48  80 
(Length: 3)  9  33  57 
(Length: 3)  9  33  47 
(Length: 3)  9  39  65 
(Length: 3)  9  39  66 
(Length: 3)  9  39  73 
(Length: 3)  9  39  79 
(Length: 4)  9  40  52  99 
(Length: 3)  9  40  60 
(Length: 4)  9  43  66  83 
(Length: 3)  9  33  64 
(Length: 4)  9  34  54  65 
(Length: 3)  9  39  52 
(Length: 4)  9  19  43  66 
(Length: 3)  9  72  83 
(Length: 4)  9  36  57  94 
(Length: 3)  9  40  43 
(Length: 4)  9  25  48  79 
(Length: 5)  9  24  25  52  64 
(Length: 4)  9  24  54  66 
(Length: 4)  9  34  54  73 
(Length: 3)  9  79  83 
(Length: 3)  9  64  65 
(Length: 4)  9  40  65  99 
(Length: 4)  10  19  36  66 
(Length: 3)  10  13  22 
(Length: 4)  10  37  57  66 
(Length: 4)  10  57  80  91 
(Length: 3)  10  37  75 
(Length: 3)  10  21  40 
(Length: 4)  10  22  40  58 
(Length: 4)  10  42  53  80 
(Length: 3)  10  22  36 
(Length: 4)  10  36  57  66 
(Length: 4)  10  58  80  91 
(Length: 3)  10  45  58 
(Length: 4)  10  42  80  93 
(Length: 3)  10  13  66 
(Length: 4)  10  40  65  97 
(Length: 3)  10  49  97 
(Length: 3)  10  19  21 
(Length: 4)  10  19  36  97 
(Length: 3)  10  13  91 
(Length: 4)  10  42  74  93 
(Length: 3)  10  45  93 
(Length: 4)  10  49  58  66 
(Length: 4)  10  22  40  65 
(Length: 4)  10  40  58  91 
(Length: 4)  10  53  65  97 
(Length: 3)  10  21  93 
(Length: 4)  10  36  53  97 
(Length: 3)  10  93  97 
(Length: 4)  10  37  40  74 
(Length: 3)  10  13  21 
(Length: 4)  10  40  42  74 
(Length: 3)  11  73  95 
(Length: 4)  11  16  60  77 
(Length: 4)  11  19  21  99 
(Length: 3)  11  56  95 
(Length: 3)  11  49  97 
(Length: 3)  11  49  95 
(Length: 4)  11  27  50  51 
(Length: 4)  11  16  77  95 
(Length: 3)  11  49  88 
(Length: 3)  11  16  50 
(Length: 4)  11  35  50  51 
(Length: 4)  11  35  50  74 
(Length: 4)  11  35  42  74 
(Length: 4)  11  26  29  88 
(Length: 4)  11  59  65  99 
(Length: 4)  11  27  77  88 
(Length: 4)  11  18  26  51 
(Length: 4)  11  18  35  99 
(Length: 4)  11  18  35  51 
(Length: 4)  11  19  56  97 
(Length: 3)  11  65  97 
(Length: 3)  11  16  42 
(Length: 4)  11  26  60  97 
(Length: 4)  11  26  77  88 
(Length: 4)  11  27  50  74 
(Length: 4)  11  26  60  77 
(Length: 4)  11  27  29  88 
(Length: 5)  11  21  27  29  50 
(Length: 4)  11  21  27  77 
(Length: 4)  11  18  51  95 
(Length: 4)  11  50  73  74 
(Length: 4)  11  16  18  95 
(Length: 4)  11  35  42  99 
(Length: 3)  11  49  50 
(Length: 4)  11  42  88  99 
(Length: 3)  11  35  56 
(Length: 3)  11  27  56 
(Length: 3)  12  23  53 
(Length: 3)  12  23  43 
(Length: 4)  12  14  47  51 
(Length: 3)  12  43  91 
(Length: 3)  12  14  53 
(Length: 3)  12  47  70 
(Length: 4)  12  28  70  91 
(Length: 3)  12  27  51 
(Length: 3)  12  27  53 
(Length: 3)  13  17  21 
(Length: 3)  13  17  23 
(Length: 4)  13  15  59  81 
(Length: 4)  13  50  66  83 
(Length: 4)  13  46  79  83 
(Length: 3)  13  22  59 
(Length: 3)  13  59  98 
(Length: 3)  13  15  21 
(Length: 3)  13  22  88 
(Length: 3)  13  46  98 
(Length: 3)  13  81  88 
(Length: 4)  13  46  50  83 
(Length: 4)  13  79  83  91 
(Length: 4)  13  14  79  81 
(Length: 3)  13  66  88 
(Length: 3)  13  50  81 
(Length: 3)  13  91  98 
(Length: 3)  13  23  46 
(Length: 3)  13  21  50 
(Length: 3)  13  66  98 
(Length: 4)  14  20  69  84 
(Length: 5)  14  24  51  79  81 
(Length: 3)  14  47  69 
(Length: 4)  14  20  74  84 
(Length: 4)  14  35  69  84 
(Length: 4)  14  39  74  79 
(Length: 3)  14  73  81 
(Length: 4)  14  20  53  69 
(Length: 3)  14  29  47 
(Length: 3)  14  24  34 
(Length: 4)  14  35  39  53 
(Length: 3)  14  29  81 
(Length: 4)  14  35  51  84 
(Length: 3)  14  34  69 
(Length: 3)  14  34  73 
(Length: 4)  14  35  53  69 
(Length: 4)  14  39  73  74 
(Length: 5)  14  35  39  74  84 
(Length: 4)  14  24  51  84 
(Length: 4)  15  40  65  72 
(Length: 3)  15  37  40 
(Length: 4)  15  21  27  40 
(Length: 4)  15  42  44  47 
(Length: 4)  15  27  51  96 
(Length: 4)  15  21  27  94 
(Length: 4)  15  27  94  96 
(Length: 4)  15  59  94  96 
(Length: 4)  15  37  92  95 
(Length: 4)  15  44  93  95 
(Length: 3)  15  73  81 
(Length: 4)  15  67  93  95 
(Length: 3)  15  73  95 
(Length: 4)  15  37  67  95 
(Length: 4)  15  39  59  65 
(Length: 3)  15  39  73 
(Length: 4)  15  27  39  92 
(Length: 4)  15  27  72  96 
(Length: 4)  15  59  72  81 
(Length: 4)  15  27  40  72 
(Length: 4)  15  44  47  60 
(Length: 4)  15  67  94  96 
(Length: 3)  15  47  51 
(Length: 3)  15  44  65 
(Length: 3)  15  47  72 
(Length: 4)  15  42  44  93 
(Length: 3)  15  51  81 
(Length: 4)  15  27  92  96 
(Length: 4)  15  51  93  95 
(Length: 4)  15  67  94  95 
(Length: 4)  15  51  93  96 
(Length: 4)  15  72  93  96 
(Length: 3)  15  40  60 
(Length: 4)  15  59  65  72 
(Length: 4)  15  59  72  96 
(Length: 3)  15  40  42 
(Length: 4)  16  34  42  44 
(Length: 4)  16  66  70  76 
(Length: 4)  16  44  70  95 
(Length: 4)  16  44  60  61 
(Length: 4)  16  61  70  86 
(Length: 4)  16  34  69  86 
(Length: 3)  16  34  52 
(Length: 4)  16  67  86  89 
(Length: 4)  16  70  76  95 
(Length: 4)  16  67  86  94 
(Length: 4)  16  67  87  94 
(Length: 4)  16  69  70  76 
(Length: 3)  16  50  66 
(Length: 4)  16  61  86  94 
(Length: 4)  16  44  61  70 
(Length: 4)  16  69  70  86 
(Length: 4)  16  34  86  94 
(Length: 3)  16  42  89 
(Length: 4)  16  18  94  95 
(Length: 3)  16  52  70 
(Length: 3)  16  52  77 
(Length: 4)  16  34  42  69 
(Length: 3)  16  66  77 
(Length: 4)  16  34  87  94 
(Length: 4)  16  67  87  89 
(Length: 4)  16  44  66  70 
(Length: 3)  16  50  67 
(Length: 4)  16  67  94  95 
(Length: 4)  16  63  77  95 
(Length: 3)  16  63  89 
(Length: 4)  16  18  86  94 
(Length: 3)  16  50  63 
(Length: 4)  17  23  24  95 
(Length: 4)  17  31  34  72 
(Length: 4)  17  41  47  72 
(Length: 4)  17  21  41  47 
(Length: 3)  17  31  78 
(Length: 4)  17  23  24  34 
(Length: 3)  17  28  95 
(Length: 3)  17  31  53 
(Length: 4)  17  31  56  72 
(Length: 3)  17  24  82 
(Length: 4)  17  21  28  40 
(Length: 4)  17  34  41  72 
(Length: 4)  17  47  56  72 
(Length: 3)  17  41  53 
(Length: 3)  17  47  61 
(Length: 3)  17  61  78 
(Length: 3)  17  56  71 
(Length: 4)  17  24  31  34 
(Length: 5)  17  28  40  61  71 
(Length: 5)  17  28  31  40  72 
(Length: 3)  17  56  95 
(Length: 3)  17  23  53 
(Length: 3)  17  34  71 
(Length: 5)  17  28  40  71  82 
(Length: 3)  17  18  95 
(Length: 3)  17  18  53 
(Length: 4)  18  79  86  94 
(Length: 3)  18  35  57 
(Length: 5)  18  51  79  81  90 
(Length: 4)  18  51  79  86 
(Length: 3)  18  90  99 
(Length: 4)  18  75  79  86 
(Length: 3)  18  57  94 
(Length: 3)  18  35  53 
(Length: 4)  18  75  79  81 
(Length: 3)  19  21  28 
(Length: 3)  19  43  46 
(Length: 4)  19  30  66  68 
(Length: 3)  19  30  81 
(Length: 4)  19  21  90  99 
(Length: 3)  19  46  56 
(Length: 3)  19  43  97 
(Length: 3)  19  61  84 
(Length: 3)  19  84  90 
(Length: 4)  19  36  81  90 
(Length: 3)  19  28  61 
(Length: 4)  19  54  66  68 
(Length: 4)  19  36  66  68 
(Length: 4)  19  36  81  97 
(Length: 3)  19  56  84 
(Length: 4)  20  27  69  72 
(Length: 3)  20  52  84 
(Length: 4)  20  27  52  98 
(Length: 4)  20  30  33  69 
(Length: 3)  20  41  72 
(Length: 4)  20  69  72  76 
(Length: 5)  20  30  72  83  93 
(Length: 4)  20  27  40  52 
(Length: 4)  20  27  40  72 
(Length: 4)  20  27  40  74 
(Length: 4)  20  27  40  88 
(Length: 4)  20  69  72  84 
(Length: 4)  20  21  27  40 
(Length: 4)  20  27  57  88 
(Length: 4)  20  56  72  76 
(Length: 3)  20  41  52 
(Length: 3)  20  41  53 
(Length: 3)  20  41  86 
(Length: 4)  20  30  58  66 
(Length: 3)  20  21  41 
(Length: 4)  20  43  66  83 
(Length: 4)  20  30  69  88 
(Length: 3)  20  23  43 
(Length: 4)  20  30  66  83 
(Length: 4)  20  23  53  69 
(Length: 4)  20  40  52  58 
(Length: 3)  20  40  60 
(Length: 4)  20  27  56  57 
(Length: 3)  20  53  60 
(Length: 4)  20  56  72  84 
(Length: 4)  20  27  72  98 
(Length: 4)  20  69  76  88 
(Length: 3)  20  83  86 
(Length: 3)  20  40  43 
(Length: 3)  20  74  93 
(Length: 3)  20  43  45 
(Length: 4)  20  27  57  98 
(Length: 3)  20  74  76 
(Length: 3)  20  74  86 
(Length: 4)  20  27  56  72 
(Length: 3)  20  58  86 
(Length: 4)  20  66  76  88 
(Length: 5)  20  27  53  69  88 
(Length: 4)  20  30  88  93 
(Length: 4)  20  23  69  76 
(Length: 4)  20  23  69  84 
(Length: 4)  20  23  69  86 
(Length: 4)  20  69  84  88 
(Length: 4)  20  57  66  98 
(Length: 3)  20  45  93 
(Length: 4)  20  33  69  86 
(Length: 4)  20  27  74  98 
(Length: 4)  20  30  69  72 
(Length: 3)  20  45  58 
(Length: 4)  20  30  33  57 
(Length: 4)  20  21  30  93 
(Length: 5)  20  30  57  66  88 
(Length: 3)  21  63  77 
(Length: 3)  21  50  63 
(Length: 4)  21  30  63  85 
(Length: 5)  21  27  28  29  40 
(Length: 4)  21  41  47  99 
(Length: 3)  21  29  47 
(Length: 4)  21  28  85  94 
(Length: 4)  21  41  90  99 
(Length: 3)  21  40  99 
(Length: 4)  21  27  28  94 
(Length: 4)  22  59  64  65 
(Length: 4)  22  25  59  64 
(Length: 4)  22  68  86  94 
(Length: 4)  22  58  59  64 
(Length: 4)  22  39  58  59 
(Length: 4)  22  55  58  64 
(Length: 3)  22  88  94 
(Length: 4)  22  59  68  94 
(Length: 3)  22  58  86 
(Length: 3)  22  25  36 
(Length: 4)  22  36  68  94 
(Length: 4)  22  39  59  65 
(Length: 5)  23  34  69  86  96 
(Length: 3)  23  24  89 
(Length: 4)  23  62  85  96 
(Length: 4)  23  85  94  96 
(Length: 4)  23  34  42  69 
(Length: 4)  23  62  84  95 
(Length: 4)  23  43  85  96 
(Length: 4)  23  69  76  85 
(Length: 4)  23  24  84  95 
(Length: 4)  23  67  89  90 
(Length: 3)  23  84  90 
(Length: 3)  23  76  95 
(Length: 3)  23  42  89 
(Length: 4)  23  35  67  80 
(Length: 4)  23  43  46  95 
(Length: 5)  23  62  67  89  96 
(Length: 4)  23  34  43  80 
(Length: 4)  23  84  94  95 
(Length: 4)  23  53  80  85 
(Length: 5)  23  35  42  53  69 
(Length: 4)  23  24  46  95 
(Length: 4)  23  53  65  85 
(Length: 3)  23  34  90 
(Length: 4)  23  35  69  76 
(Length: 5)  23  35  42  53  80 
(Length: 5)  23  35  53  69  96 
(Length: 4)  23  35  69  84 
(Length: 4)  23  62  67  95 
(Length: 4)  23  46  67  95 
(Length: 5)  23  53  69  85  96 
(Length: 5)  23  67  86  89  96 
(Length: 4)  23  35  67  96 
(Length: 5)  23  67  86  94  96 
(Length: 4)  23  46  53  69 
(Length: 4)  23  34  42  80 
(Length: 4)  23  67  94  95 
(Length: 4)  23  43  80  85 
(Length: 3)  23  65  89 
(Length: 4)  23  34  43  96 
(Length: 5)  23  34  86  94  96 
(Length: 4)  24  32  79  91 
(Length: 4)  24  57  82  91 
(Length: 4)  24  31  32  79 
(Length: 3)  24  84  91 
(Length: 3)  24  51  89 
(Length: 3)  24  36  81 
(Length: 4)  24  26  54  66 
(Length: 4)  24  32  57  91 
(Length: 4)  24  32  37  95 
(Length: 3)  24  58  66 
(Length: 4)  24  32  37  57 
(Length: 4)  24  25  51  52 
(Length: 4)  24  26  66  88 
(Length: 4)  24  57  66  82 
(Length: 4)  24  57  66  88 
(Length: 4)  24  26  51  52 
(Length: 4)  24  26  36  66 
(Length: 3)  24  46  79 
(Length: 4)  24  64  81  88 
(Length: 3)  24  46  58 
(Length: 4)  24  64  79  81 
(Length: 4)  24  51  52  81 
(Length: 3)  24  58  91 
(Length: 3)  24  84  88 
(Length: 4)  24  52  58  64 
(Length: 4)  24  64  88  89 
(Length: 4)  24  31  79  81 
(Length: 4)  24  51  52  84 
(Length: 4)  24  51  84  95 
(Length: 4)  24  37  57  66 
(Length: 4)  24  31  32  89 
(Length: 4)  24  52  64  81 
(Length: 4)  25  41  64  79 
(Length: 3)  25  41  47 
(Length: 4)  25  34  41  52 
(Length: 3)  25  59  98 
(Length: 3)  25  38  60 
(Length: 4)  25  41  52  64 
(Length: 3)  25  47  51 
(Length: 4)  25  64  74  79 
(Length: 3)  25  34  38 
(Length: 3)  25  74  98 
(Length: 3)  25  52  98 
(Length: 4)  26  63  77  88 
(Length: 3)  26  29  47 
(Length: 3)  26  39  52 
(Length: 3)  26  39  63 
(Length: 3)  26  39  66 
(Length: 3)  26  47  51 
(Length: 4)  26  66  77  88 
(Length: 3)  26  47  60 
(Length: 3)  26  66  98 
(Length: 3)  26  52  77 
(Length: 3)  26  91  98 
(Length: 4)  27  77  88  96 
(Length: 3)  27  69  91 
(Length: 4)  27  28  40  72 
(Length: 4)  27  53  80  92 
(Length: 5)  27  29  57  71  80 
(Length: 4)  27  38  56  71 
(Length: 4)  27  28  94  98 
(Length: 4)  27  28  91  98 
(Length: 4)  27  56  57  71 
(Length: 4)  27  34  68  80 
(Length: 4)  27  88  89  96 
(Length: 4)  27  57  91  98 
(Length: 3)  27  38  92 
(Length: 4)  27  48  80  92 
(Length: 5)  27  28  29  80  91 
(Length: 4)  27  29  57  88 
(Length: 4)  27  53  92  96 
(Length: 4)  27  40  68  72 
(Length: 5)  27  53  69  88  96 
(Length: 4)  27  29  50  71 
(Length: 4)  27  34  38  71 
(Length: 5)  27  29  57  80  91 
(Length: 4)  27  46  50  53 
(Length: 4)  27  39  50  53 
(Length: 4)  27  28  72  98 
(Length: 5)  27  29  57  80  92 
(Length: 4)  27  68  80  91 
(Length: 5)  27  28  29  71  80 
(Length: 3)  27  48  94 
(Length: 4)  27  57  88  94 
(Length: 4)  27  36  57  94 
(Length: 4)  27  34  52  96 
(Length: 4)  27  39  74  92 
(Length: 5)  27  34  36  69  72 
(Length: 4)  27  34  94  96 
(Length: 3)  27  39  52 
(Length: 4)  27  36  53  69 
(Length: 4)  27  39  56  71 
(Length: 4)  27  88  94  96 
(Length: 4)  27  51  52  96 
(Length: 3)  27  46  98 
(Length: 4)  27  57  94  98 
(Length: 5)  27  34  69  72  96 
(Length: 4)  27  29  40  88 
(Length: 4)  27  51  89  96 
(Length: 5)  27  28  29  40  71 
(Length: 5)  27  28  29  40  91 
(Length: 4)  27  52  96  98 
(Length: 4)  27  74  92  98 
(Length: 4)  27  56  57  91 
(Length: 5)  27  34  36  68  94 
(Length: 4)  27  40  71  74 
(Length: 4)  27  40  68  91 
(Length: 4)  27  92  96  98 
(Length: 4)  27  72  96  98 
(Length: 4)  27  94  96  98 
(Length: 5)  27  34  36  68  72 
(Length: 4)  27  48  77  80 
(Length: 5)  27  39  50  71  74 
(Length: 4)  27  39  53  92 
(Length: 3)  27  46  56 
(Length: 4)  27  46  53  69 
(Length: 4)  27  56  57  94 
(Length: 4)  28  40  82  91 
(Length: 3)  28  31  67 
(Length: 6)  28  29  40  61  70  91 
(Length: 4)  28  29  80  85 
(Length: 4)  28  61  85  94 
(Length: 4)  28  59  72  98 
(Length: 4)  28  59  94  98 
(Length: 3)  28  65  85 
(Length: 4)  28  67  80  91 
(Length: 4)  28  67  94  95 
(Length: 4)  28  40  65  72 
(Length: 4)  28  40  70  72 
(Length: 3)  28  70  95 
(Length: 5)  28  29  40  61  71 
(Length: 4)  28  59  65  72 
(Length: 5)  28  29  61  70  85 
(Length: 4)  29  70  76  85 
(Length: 4)  29  47  70  76 
(Length: 3)  29  61  78 
(Length: 4)  29  37  57  71 
(Length: 4)  29  37  57  70 
(Length: 3)  29  50  81 
(Length: 3)  29  50  58 
(Length: 5)  29  44  61  70  91 
(Length: 3)  29  31  78 
(Length: 5)  29  57  80  85  92 
(Length: 5)  29  40  58  61  91 
(Length: 4)  29  31  76  81 
(Length: 4)  29  57  61  88 
(Length: 4)  29  58  80  91 
(Length: 5)  29  57  61  70  91 
(Length: 4)  29  40  61  88 
(Length: 5)  29  44  47  61  70 
(Length: 4)  29  57  61  71 
(Length: 4)  29  37  40  71 
(Length: 4)  29  37  40  70 
(Length: 5)  29  57  61  70  85 
(Length: 4)  29  76  81  88 
(Length: 4)  30  44  68  91 
(Length: 3)  30  64  92 
(Length: 3)  30  69  91 
(Length: 4)  30  64  69  88 
(Length: 4)  30  33  69  85 
(Length: 4)  30  64  81  88 
(Length: 3)  30  44  93 
(Length: 4)  30  57  62  85 
(Length: 3)  30  78  83 
(Length: 4)  30  57  82  91 
(Length: 4)  30  44  66  68 
(Length: 4)  30  88  93  96 
(Length: 4)  30  33  64  69 
(Length: 4)  30  72  93  96 
(Length: 4)  30  85  92  96 
(Length: 4)  30  57  66  82 
(Length: 4)  30  68  83  91 
(Length: 3)  30  72  81 
(Length: 4)  30  39  66  82 
(Length: 4)  30  69  85  96 
(Length: 4)  30  33  57  85 
(Length: 4)  30  69  72  96 
(Length: 4)  30  69  88  96 
(Length: 4)  30  68  72  83 
(Length: 4)  30  39  58  66 
(Length: 4)  30  39  63  92 
(Length: 4)  30  66  68  82 
(Length: 4)  30  66  68  83 
(Length: 4)  31  72  76  81 
(Length: 4)  31  32  39  53 
(Length: 4)  31  34  68  72 
(Length: 4)  31  32  39  79 
(Length: 4)  31  69  72  76 
(Length: 4)  31  32  39  56 
(Length: 4)  31  35  69  76 
(Length: 5)  31  34  69  72  96 
(Length: 3)  31  55  67 
(Length: 3)  31  67  68 
(Length: 4)  31  48  79  81 
(Length: 3)  31  48  87 
(Length: 3)  31  48  78 
(Length: 4)  31  55  69  76 
(Length: 4)  31  35  67  96 
(Length: 5)  31  35  53  69  96 
(Length: 4)  31  67  89  96 
(Length: 4)  31  35  39  56 
(Length: 4)  31  35  39  53 
(Length: 4)  31  53  55  69 
(Length: 5)  31  32  56  72  76 
(Length: 3)  31  39  87 
(Length: 4)  31  67  87  89 
(Length: 3)  31  67  78 
(Length: 4)  31  40  68  72 
(Length: 3)  31  34  87 
(Length: 4)  31  35  56  76 
(Length: 3)  32  72  93 
(Length: 4)  32  39  50  74 
(Length: 3)  32  62  89 
(Length: 3)  32  62  95 
(Length: 4)  32  79  90  91 
(Length: 3)  32  74  76 
(Length: 4)  32  90  91  98 
(Length: 4)  32  56  57  91 
(Length: 4)  32  57  91  98 
(Length: 3)  32  59  89 
(Length: 3)  32  57  62 
(Length: 4)  32  59  72  98 
(Length: 4)  32  39  50  63 
(Length: 4)  32  79  86  91 
(Length: 3)  32  39  59 
(Length: 4)  32  56  76  95 
(Length: 3)  32  93  95 
(Length: 4)  32  39  50  53 
(Length: 3)  32  74  93 
(Length: 4)  32  39  74  79 
(Length: 3)  33  47  69 
(Length: 3)  33  47  67 
(Length: 4)  33  69  75  86 
(Length: 3)  33  67  86 
(Length: 4)  34  54  68  86 
(Length: 4)  34  73  87  90 
(Length: 3)  34  38  97 
(Length: 3)  34  44  90 
(Length: 4)  34  41  54  86 
(Length: 3)  34  41  90 
(Length: 4)  34  41  65  72 
(Length: 3)  34  44  68 
(Length: 3)  34  36  97 
(Length: 4)  34  42  71  80 
(Length: 4)  34  36  87  90 
(Length: 3)  34  43  97 
(Length: 4)  34  44  65  97 
(Length: 4)  34  43  71  80 
(Length: 4)  34  36  87  94 
(Length: 4)  34  68  86  94 
(Length: 4)  35  51  93  96 
(Length: 4)  35  39  52  58 
(Length: 4)  35  39  56  84 
(Length: 4)  35  57  82  91 
(Length: 4)  35  39  52  84 
(Length: 4)  35  51  52  96 
(Length: 4)  35  52  58  99 
(Length: 4)  35  39  50  53 
(Length: 4)  35  69  84  91 
(Length: 4)  35  56  57  71 
(Length: 4)  35  42  74  93 
(Length: 3)  35  74  76 
(Length: 4)  35  42  71  74 
(Length: 4)  35  39  71  82 
(Length: 4)  35  39  50  58 
(Length: 5)  35  39  50  71  74 
(Length: 4)  35  39  56  71 
(Length: 4)  35  42  69  99 
(Length: 4)  35  42  71  80 
(Length: 4)  35  42  71  99 
(Length: 4)  35  42  80  93 
(Length: 4)  35  57  71  80 
(Length: 4)  35  57  71  82 
(Length: 4)  35  56  57  91 
(Length: 4)  35  57  80  91 
(Length: 4)  35  56  84  91 
(Length: 4)  35  52  96  99 
(Length: 4)  35  69  96  99 
(Length: 3)  35  51  76 
(Length: 4)  35  50  58  67 
(Length: 4)  35  67  80  93 
(Length: 4)  35  51  52  84 
(Length: 4)  35  67  93  96 
(Length: 4)  36  76  81  97 
(Length: 4)  36  66  70  76 
(Length: 4)  36  53  69  85 
(Length: 5)  36  69  70  72  76 
(Length: 4)  36  57  66  70 
(Length: 4)  36  72  76  81 
(Length: 4)  36  57  70  85 
(Length: 4)  36  70  76  97 
(Length: 5)  36  69  70  76  85 
(Length: 4)  37  48  77  78 
(Length: 4)  37  57  66  70 
(Length: 3)  37  66  77 
(Length: 4)  37  63  77  95 
(Length: 3)  37  70  95 
(Length: 3)  37  74  78 
(Length: 4)  37  48  92  95 
(Length: 4)  37  48  77  95 
(Length: 4)  37  40  71  74 
(Length: 3)  38  56  97 
(Length: 3)  38  71  99 
(Length: 3)  38  75  83 
(Length: 3)  38  55  60 
(Length: 3)  38  93  95 
(Length: 3)  38  92  95 
(Length: 3)  38  55  93 
(Length: 3)  38  60  97 
(Length: 3)  38  83  93 
(Length: 3)  38  56  95 
(Length: 3)  38  93  97 
(Length: 3)  39  73  87 
(Length: 3)  39  66  70 
(Length: 3)  39  70  73 
(Length: 4)  39  74  79  92 
(Length: 3)  39  53  65 
(Length: 4)  39  50  73  74 
(Length: 3)  39  87  92 
(Length: 4)  39  56  70  84 
(Length: 4)  39  52  70  84 
(Length: 4)  39  50  58  66 
(Length: 3)  40  43  91 
(Length: 3)  40  54  70 
(Length: 4)  40  52  70  99 
(Length: 4)  40  42  88  99 
(Length: 3)  40  43  71 
(Length: 3)  40  43  97 
(Length: 3)  40  60  97 
(Length: 4)  40  68  82  91 
(Length: 4)  40  42  71  74 
(Length: 3)  40  54  74 
(Length: 4)  40  52  58  99 
(Length: 3)  40  54  68 
(Length: 3)  40  60  61 
(Length: 3)  40  70  97 
(Length: 4)  40  42  71  99 
(Length: 3)  41  46  53 
(Length: 3)  41  89  90 
(Length: 3)  41  86  89 
(Length: 3)  41  65  99 
(Length: 4)  41  53  64  65 
(Length: 3)  41  52  99 
(Length: 4)  41  64  65  89 
(Length: 3)  41  62  89 
(Length: 3)  41  46  79 
(Length: 3)  42  88  93 
(Length: 4)  42  69  88  99 
(Length: 4)  42  53  69  88 
(Length: 3)  42  88  89 
(Length: 4)  42  47  69  99 
(Length: 3)  42  44  53 
(Length: 3)  43  80  91 
(Length: 4)  43  50  66  83 
(Length: 3)  43  50  71 
(Length: 3)  43  83  91 
(Length: 4)  43  45  46  95 
(Length: 4)  43  46  50  83 
(Length: 4)  44  56  70  95 
(Length: 3)  44  90  91 
(Length: 4)  44  56  70  91 
(Length: 4)  44  53  65  97 
(Length: 3)  44  68  95 
(Length: 4)  44  47  56  70 
(Length: 4)  44  53  60  97 
(Length: 4)  44  47  60  61 
(Length: 3)  44  93  97 
(Length: 4)  44  56  70  97 
(Length: 3)  45  46  58 
(Length: 3)  45  47  61 
(Length: 3)  45  58  61 
(Length: 4)  45  46  93  95 
(Length: 4)  46  50  58  67 
(Length: 3)  46  56  95 
(Length: 4)  46  50  67  83 
(Length: 4)  46  67  83  93 
(Length: 4)  46  67  93  95 
(Length: 3)  47  51  76 
(Length: 4)  47  69  70  99 
(Length: 5)  47  56  70  72  76 
(Length: 5)  47  69  70  72  76 
(Length: 3)  48  87  94 
(Length: 3)  48  61  78 
(Length: 3)  48  73  87 
(Length: 3)  48  79  92 
(Length: 3)  48  73  81 
(Length: 3)  48  58  61 
(Length: 3)  48  60  77 
(Length: 3)  48  94  95 
(Length: 3)  48  73  95 
(Length: 3)  48  60  61 
(Length: 3)  48  61  94 
(Length: 3)  48  87  92 
(Length: 4)  49  50  58  66 
(Length: 3)  49  66  88 
(Length: 3)  50  73  81 
(Length: 3)  50  51  81 
(Length: 3)  51  76  95 
(Length: 3)  51  76  85 
(Length: 4)  51  86  89  96 
(Length: 3)  51  89  90 
(Length: 3)  51  76  81 
(Length: 3)  51  84  90 
(Length: 4)  53  64  80  92 
(Length: 3)  53  55  60 
(Length: 4)  53  64  69  88 
(Length: 4)  53  85  92  96 
(Length: 4)  53  80  85  92 
(Length: 4)  53  55  64  69 
(Length: 3)  54  70  86 
(Length: 3)  54  73  74 
(Length: 3)  54  74  86 
(Length: 3)  54  70  73 
(Length: 3)  54  66  70 
(Length: 4)  56  70  76  97 
(Length: 4)  56  70  76  95 
(Length: 4)  56  70  84  95 
(Length: 4)  56  84  94  95 
(Length: 4)  56  70  84  91 
(Length: 4)  56  70  72  84 
(Length: 4)  56  57  70  91 
(Length: 4)  57  62  70  85 
(Length: 4)  57  61  88  94 
(Length: 4)  57  61  85  94 
(Length: 3)  58  59  99 
(Length: 4)  58  61  86  91 
(Length: 4)  58  67  86  91 
(Length: 3)  59  64  81 
(Length: 4)  59  94  96  98 
(Length: 3)  59  96  99 
(Length: 3)  59  68  72 
(Length: 4)  59  64  65  89 
(Length: 4)  59  72  96  98 
(Length: 3)  59  89  96 
(Length: 4)  61  84  88  94 
(Length: 3)  61  78  86 
(Length: 3)  61  78  84 
(Length: 4)  61  70  84  91 
(Length: 3)  61  64  88 
(Length: 4)  61  70  86  91 
(Length: 4)  62  70  84  95 
(Length: 3)  62  78  84 
(Length: 4)  64  74  79  92 
(Length: 3)  64  71  74 
(Length: 4)  67  68  86  94 
(Length: 4)  67  87  89  90 
(Length: 4)  67  68  80  91 
(Length: 5)  67  68  83  86  91 
(Length: 4)  67  78  83  86 
(Length: 4)  67  68  94  95 
(Length: 3)  68  72  84 
(Length: 4)  68  84  94  95 
(Length: 3)  68  84  91 
(Length: 4)  69  70  86  91 
(Length: 4)  69  70  84  91 
(Length: 4)  69  70  72  84 
(Length: 4)  69  88  96  99 
(Length: 4)  69  75  86  96 
(Length: 3)  70  73  95 
(Length: 3)  73  81  90 
(Length: 4)  73  87  90  98 
(Length: 3)  73  74  98 
(Length: 3)  74  78  86 
(Length: 3)  74  78  84 
(Length: 3)  74  76  85 
(Length: 4)  75  79  83  86 
(Length: 3)  75  96  98 
(Length: 4)  79  83  86  91 
(Length: 3)  81  88  90 
(Length: 3)  84  90  91 
(Length: 3)  84  88  90 
(Length: 4)  85  94  96  98 
(Length: 4)  85  92  96  98 
(Length: 4)  87  88  89  90 
(Length: 3)  87  94  98 
(Length: 3)  87  88  94 
(Length: 3)  87  92  98 
...model cost: 1.05 seconds  46693 FFE
 (opt) 447.00000000 == 447.00000000 (sur)  OPTIMALITY TEST PASSED!
   BESTimpr 401.00000000 -> 439.00000000
*1****1**11**1*1**1111**11**1*11*1***1***111*111**1*111****11**111**11**11*1*1111**1**1*11**11*11***


1*11111*11**1*11****1**11111*1*11**11**1111*11*1**1*1111*1*11***1*1111*1*11**1111*1**1***1*1*111**11


11******1***1*********11******11**1111**111*1*1**11*1*1*****1**1*1*111**11**1*1***1*111*11*1**111***


*11***11****1*11***111111*****1*1111*1***111*****11***1*1*1*****11*111***1*1**11**111*1*1*1**111****

