Walsh model started...
 32  12  49  56  34  78  4  86  64  94  11  60  47  48  50  97  91  26 
 86  3  23  53  80  15  10  25  76  34  62  44  14  46  48  71  69  17  6  39  18  4  73  5 
 54  91  48  97  47  17  71  89  82  23  74  41  11  72  81  83  15  99  49  79  53  98  30  51  52  33  20  65 
 86  1  56  71  31  72  57  73  17  96  22  87  23  91  29  35  54  89  12  97  45 
 74  80  99  29  59  15  30  35  33  70  13  24  25  18  0  86  94  17  85  69  1  73  19  87 
 33  98  72  96  79  65  99  9  35  6  46  38  23  49  67  57  91  78  31  62  22  53  84  54  1  80 
 60  28  13  96  64  10  5  35  45  76  32  12  57  46  7  17  1  34  23  66  59  71  47  68  20 
 68  18  87  79  49  47  12  37  98  81  38  9  59  6  46  73  30  33  76  78  15  51  44 
 56  72  77  81  57  34  91  87  41  96  37  26  63  71  25  85  47  16  84  36  15  50  13  42  76  65  78  48  46  32  61 
 61  42  99  5  59  88  43  83  7  38  20  27  57  64  53  10  33  34  35  36  89  94 
 71  72  1  25  88  81  6  64  12  15  66  83  24  23  75  57  91  28  86  53  9 
 30  81  36  17  71  93  55  82  48  26  12  28  13  2  78  95  0  60  16  61  29  19  18  46  44 
 30  55  0  32  34  51  11  26  23  99  7  37  43  50  15  10  65  21  57  6  83  56  19  91  3  36  74  53  16 
 77  95  79  57  97  44  96  6  38  25  28  11  4  24  45  47  64  15  66  35  16  8  42  51  68  29  65  50 
 84  96  73  33  61  30  57  26  55  44  1  62  42  56  43  66  95  23  64  85  69 
 20  39  56  59  4  1  80  58  49  12  10  46  70  54  73  92  26  17  2  71  77  64  13  38  22  8  50  18  7  51 
 24  72  98  35  49  59  45  75  78  44  19  74  47  8  55  94  60  11  13  66  84  32  38  23  12 
 11  36  57  83  42  47  2  3  96  26  88  98  52  92  15  94  4  95  1  6  30  25  38  68  86  85 
 68  7  47  22  49  52  86  78  59  4  25  73  96  99  39  1  74  37  87  79  15  11  19  70 
 75  52  49  85  76  40  73  16  74  53  59  78  23  33  34  51  57  67  65  12  56  11  18  87  31  69  36  4 
 15  39  56  69  53  71  40  83  55  97  31  9  27  33  2  6  68 
 37  86  22  55  83  85  28  97  46  39  64  96  76  90  71  88  65  12  63  79  93  45  40 
 21  55  51  80  47  18  96  77  71  90  3  87  67  43  24  56  26  38  15  5  62  78  37  58  98  75  61  35 
 94  66  27  38  1  53  61  84  99  12  2  82  3  91  65  54  76  52  24  77  95  14  10  33  19  69  34  30  63  83  6  5  16  36 
 76  71  78  51  26  88  16  72  75  28  22  43  13  4  23  77  10  58  84 
 90  85  34  66  46  33  1  10  13  38  8  71  35  77  95  97  74  72  4  18  31  44  82  73  17 
 88  24  17  11  12  37  8  56  22  14  55  49  38  78  75  59  43  86  15  95  33  0  91  84  70 
 23  38  33  72  53  75  56  65  54  98  68  94  96  39  20  9  79 
 24  75  6  60  21  97  86  92  13  11  91  10  34  32 
 99  4  34  56  39  61  92  93  86  97  77  85  95  33  3  35  46  89  31  48  11  73  57  68  13  90 
 81  11  55  12  54  79  88  59  35  4  61  14  33  73  7  2  17  34  23  32 
 3  72  78  64  42  89  44  25  38  53  20  97  82  29  48  83  85  5  67  74  54  87  19  73 
 46  84  0  12  76  77  92  44  61  6  98  86  16  38  62  35  40  33  8  42  75  28  30  55 
 98  5  55  92  73  14  27  72  25  34  4  70  35  30  95  26  29  23  19  7  76  63  68  40  32  9  20  2  43  37  96  94  44 
 63  80  8  57  51  12  25  66  46  77  37  29  56  33  1  76  62  78  0  19  55  69  30  23  28  6  40  9  50  99  96  93 
 98  16  30  4  5  6  77  25  33  60  3  29  13  66  62  32  42  90  55  39  9  36  61  22 
 11  17  71  45  43  64  84  8  44  70  69  39  73  85  74  12  35  9  82  79  19  23 
 86  21  95  58  77  34  12  7  26  8  79  48  76  88  74  18  22  78  38  43  33  63  75  73 
 23  27  13  25  26  49  7  9  69  79  76  40  31  53  5  46  15  22  55  77  17  32  16  45  99  95  37 
 15  20  61  29  21  46  78  96  27  18  1  73  36  55  35  40 
 20  71  53  55  88  67  43  75  76  19  38  90  60  70  72  34  80  32  33  62  97  21  39 
 8  96  45  51  74  2  82  84  73  60  88  68 
 99  60  61  9  57  17  89  31  14  56  58  54  84  67  77  13  8  35  90  69  72  32 
 77  81  45  36  22  24  49  90  40  75  83  9  12  50  26  86  14  66  76  79  48  33  37 
 56  48  94  49  13  97  78  16  14  1  31  25  32  61  47  66  36  70  7  33  46  11 
 66  76  51  41  36  43  75  16  87  86  6  13  90  73  38  99  68  21  93  55  3  97 
 32  84  34  25  72  96  21  39  56  63  1  15  99  6  7  5  38  29  61  54  48  8  44  11 
 87  50  22  18  49  63  17  2  7  92  8  85  77  13  16  84  62  91  93  95  66  44  58  82  51  86  54  0  48  78  6  71 
 56  44  97  2  82  11  37  79  71  1  54  69  29  31  0  47  51  66  43  62  75  46  8  87  65  73 
 94  44  47  63  7  19  85  90  43  52  18  16  59  0  56  26  38  15  58  99  2  5  67 
 87  47  12  43  64  69  97  0  8  15  65  13  99  34 
 95  52  78  24  22  80  34  12  45  41  62  65  19  47  66  2  13  97  48  7  15 
 95  51  75  19  82  56  98  17  49  18  68  99  76  23  91  78  77  87  2 
 86  80  69  20  23  1  75  27  40  55  19  59  76  87  31  38  2  98  5  84  9  10  12 
 2  91  72  90  79  30  56  77  27  98  65  23  15  70  58  42  48  69  80  47  86  3  89  5  46  74  31  82  97  78  85 
 92  33  22  21  30  12  93  11  20  83  40  53  14  26  16  72  34  90  65  71  62  77  38  35  39  45  99  32 
 8  72  3  71  44  48  15  20  52  82  81  60  61  97  29  34  22  26  27  65  0  49  54  77  46  63  14  42  91  12  19  69 
 8  34  17  83  42  73  3  13  79  14  84  61  99  62  12  6  10  75  19  67  5  9  29  87  60 
 95  37  15  49  77  54  42  47  82  24  84  86  60  73  88  87  72  98  22 
 60  87  4  15  30  88  9  72  67  49  16  75  26  18  7  19  53  6  66  74 
 99  42  87  59  76  77  6  28  81  56  35  98  40  90  79  86  88  41  78  16  11  0  58  57 
 9  42  56  97  87  23  84  30  14  39  29  57  99  44  32  46  11  91  67  72  8  35  22 
 65  51  34  1  14  57  95  89  47  84  71  55  5  22  32  35  97  40  48  66  75 
 34  80  49  47  77  8  56  46  33  68  83  23  64  69  21  79  37  88  81  75 
 6  10  31  78  96  21  36  84  50  69  0  94  85  14  65  83  15  13  86  9  99  63  66  73 
 79  5  62  51  56  27  54  23  12  21  64  83  55  90  19  85  76  8  13  50  87  48  86  2 
 94  23  76  45  25  34  83  10  43  14  47  44  13  35  51  16  84  77  71  6  59  86  64  48  62 
 40  88  87  22  72  59  57  19  73  68  5  49  42  77  31  70  78  61  91 
 7  18  99  52  27  94  90  98  33  63  73  67  17  86  41  45  13  29  6  20 
 20  53  79  38  50  64  54  48  23  1  34  78  96  14  36  63  4  85  42  56  73  19 
 33  4  15  54  36  44  40  72  26  84  67  78  18  87  93  74 
 24  76  3  56  36  11  22  90  20  40  10  72  89  2  8  25  15  48  1  21  88  55  62  73  66  77  6  47 
 8  56  96  86  5  24  16  3  31  27  33  54  90  10  71  59  67  46  2  81  99  74  25  55  70  40  79  77  89  42  58  61 
 14  33  57  3  75  19  92  15  96  18  84  41  7  30  67  68  25  71  39  36  45  90  4  1  29  77  58  69  48  87  37  95  64  31 
 99  84  80  4  91  96  2  41  16  19  72  25  94  18  37  36  12  54  31  93  70  59 
 52  19  24  28  80  79  53  27  43  40  45  16  73  59  26  78  10  57  48  62  32  81  63  22  37 
 24  71  77  60  66  45  32  1  34  92  19  40  37  88  21  90  23  52  6  38  43  87  53  7  33  65  8 
 13  95  76  60  81  8  96  22  32  37  34  43  63  54  56  35  25  85  29  47  92  87  23  24  93  15  58  89  55  38  42  67  52  66  71  73  72 
 24  51  31  64  86  18  16  44  11  26  34  0  75  19  91  52  39  96  69  60  47  5  70  67  22  37  8  7  54  85 
 5  65  83  84  87  7  75  80  54  30  13  57  37  48  69  38  2  86  60  88  18  63  21  43  72  27  82  36 
 74  4  63  34  51  22  86  53  75  79  1  15  98  54  40  5 
 30  11  77  8  56  60  43  88  10  7  98  72  2  75  63 
 52  56  11  48  2  23  41  96  31  25  58  47  85  95  91  36  79  54  97 
 79  84  17  57  85  21  20  55  43  9  97  2  66  10  64  65  63  23  31  12 
 46  32  99  74  96  14  83  79  23  61  57  36  64  47  62  8  91  41  73  89  42  16  66  24  58  5  53  26  70 
 25  90  83  21  49  19  77  29  8  47  64  14  82  95  65  31  4  69  36  17  78  54 
 1  3  72  96  37  21  53  80  28  92  18  78  29  97  45  87  26  43  4  0  32  98  99  79  60  47  54  10  64  58  17  68  66  65  90 
 50  47  60  59  79  7  91  8  61  97  22  3  67  45  86  77  92  76  53  88  52  18  58  19  31  70  4  65  48  73  57 
 26  24  30  59  17  40  67  9  81  10  76  37  71  21  60  41  87  79  58  63 
 71  2  42  31  95  62  84  77  29  54  3  72  9  94 
 25  85  22  71  54  72  49  43  76  21  68  98  40  60  55  65  45  73  42  35  86  29 
 54  2  87  8  96  74  23  3  84  47  52  78  28  10  56  82  5  0  26  12  61  67 
 55  33  32  76  28  86  29  93  17  47  77  87  73  15 
 55  11  29  92  95  47  77  21  45  70  74  96  34 
 66  23  44  49  27  68  0  64  17  4  74  16  96  33  89  9 
 13  77  52  51  37  58  25  97  89  62  33  26  29  11  93  14  23  47  17  82  85  38  73 
 72  86  5  84  14  8  41  22  77  17  3  13  6  91  74  46  64  21  82  78  39  73  18  27  69  94  33  34  93 
 48  2  61  56  87  13  44  21  28  29  86  95  25  83  20  31  50  0  51  62  40  82  54  3  45 
 33  5  16  35  17  52  7  81  27  54  32  86  60  53  2  90  68  80  58  22 
 42  60  84  74  29  4  5  9  23  12  57  61  68  52  46  72  2  49  86  18  64  38  45  55  50  34 
-->CDecomWalshPart::vInitTrueLinkage-->GLBs: 1201
(Length: 3)  0  4  86 
(Length: 4)  0  11  12  26 
(Length: 3)  0  32  86 
(Length: 3)  0  47  49 
(Length: 3)  0  47  50 
(Length: 3)  0  47  48 
(Length: 3)  0  50  64 
(Length: 4)  0  48  56  97 
(Length: 3)  0  56  60 
(Length: 3)  0  4  94 
(Length: 3)  0  86  97 
(Length: 4)  0  12  34  56 
(Length: 4)  0  64  78  86 
(Length: 3)  0  34  78 
(Length: 3)  0  64  94 
(Length: 3)  0  50  97 
(Length: 4)  0  26  78  91 
(Length: 3)  0  49  94 
(Length: 3)  0  12  32 
(Length: 4)  0  26  78  86 
(Length: 4)  0  12  34  50 
(Length: 4)  0  60  78  86 
(Length: 3)  0  11  48 
(Length: 4)  0  26  49  56 
(Length: 4)  0  47  78  86 
(Length: 5)  0  12  26  56  91 
(Length: 4)  0  11  60  78 
(Length: 4)  0  11  26  78 
(Length: 4)  0  47  78  91 
(Length: 4)  1  14  69  73 
(Length: 3)  1  5  62 
(Length: 5)  1  4  18  25  73 
(Length: 4)  1  10  53  86 
(Length: 4)  1  14  23  69 
(Length: 4)  1  4  18  86 
(Length: 4)  1  44  46  48 
(Length: 4)  1  5  6  46 
(Length: 4)  1  5  53  80 
(Length: 4)  1  5  23  53 
(Length: 4)  1  10  25  71 
(Length: 4)  1  4  15  17 
(Length: 3)  1  3  23 
(Length: 4)  1  25  71  73 
(Length: 4)  1  25  34  46 
(Length: 4)  1  25  44  46 
(Length: 5)  1  6  23  34  76 
(Length: 4)  1  53  80  86 
(Length: 4)  1  6  10  23 
(Length: 4)  1  3  71  73 
(Length: 4)  1  15  71  73 
(Length: 4)  1  4  17  86 
(Length: 4)  1  4  15  80 
(Length: 4)  1  4  69  73 
(Length: 3)  1  34  62 
(Length: 4)  1  48  71  73 
(Length: 4)  1  23  53  76 
(Length: 4)  1  15  39  46 
(Length: 4)  1  4  17  25 
(Length: 5)  1  4  15  18  73 
(Length: 4)  1  10  15  71 
(Length: 4)  1  23  53  69 
(Length: 3)  1  6  17 
(Length: 4)  1  3  17  86 
(Length: 5)  1  15  18  39  73 
(Length: 4)  1  48  69  73 
(Length: 4)  1  5  6  23 
(Length: 3)  1  34  80 
(Length: 4)  1  4  80  86 
(Length: 4)  1  23  34  69 
(Length: 3)  1  14  44 
(Length: 4)  1  6  71  76 
(Length: 4)  1  48  62  71 
(Length: 4)  1  6  34  46 
(Length: 4)  1  6  10  71 
(Length: 3)  1  14  62 
(Length: 4)  1  10  23  53 
(Length: 4)  2  47  48  51 
(Length: 4)  2  65  79  83 
(Length: 4)  2  23  54  65 
(Length: 4)  2  54  72  79 
(Length: 5)  2  48  54  65  79 
(Length: 3)  2  15  51 
(Length: 3)  2  15  49 
(Length: 4)  2  54  72  74 
(Length: 4)  2  11  48  82 
(Length: 3)  2  41  51 
(Length: 3)  2  20  33 
(Length: 4)  2  23  65  83 
(Length: 4)  2  23  52  99 
(Length: 5)  2  48  54  82  97 
(Length: 4)  2  15  20  71 
(Length: 4)  2  17  52  98 
(Length: 3)  2  33  72 
(Length: 4)  2  23  30  54 
(Length: 3)  2  23  53 
(Length: 4)  2  72  74  99 
(Length: 4)  2  23  30  33 
(Length: 3)  2  17  47 
(Length: 4)  2  11  48  71 
(Length: 3)  2  81  98 
(Length: 4)  2  49  52  99 
(Length: 3)  2  54  98 
(Length: 3)  2  53  98 
(Length: 3)  2  33  98 
(Length: 4)  2  30  54  79 
(Length: 4)  2  11  30  81 
(Length: 3)  2  17  83 
(Length: 3)  2  41  74 
(Length: 5)  2  23  52  82  91 
(Length: 4)  2  48  51  97 
(Length: 4)  2  47  48  71 
(Length: 3)  2  15  17 
(Length: 4)  2  48  51  65 
(Length: 3)  2  47  49 
(Length: 5)  2  47  48  54  82 
(Length: 5)  2  23  54  82  91 
(Length: 3)  2  51  52 
(Length: 4)  2  20  83  97 
(Length: 3)  2  41  82 
(Length: 3)  2  72  81 
(Length: 4)  2  71  72  89 
(Length: 3)  2  15  54 
(Length: 5)  2  48  54  79  82 
(Length: 4)  2  11  17  30 
(Length: 3)  2  20  53 
(Length: 4)  2  54  74  91 
(Length: 4)  2  54  72  89 
(Length: 5)  2  47  54  82  91 
(Length: 4)  3  54  56  97 
(Length: 3)  3  29  35 
(Length: 3)  3  17  57 
(Length: 4)  3  29  57  73 
(Length: 5)  3  31  54  72  89 
(Length: 4)  3  31  73  87 
(Length: 4)  3  29  31  89 
(Length: 3)  3  73  96 
(Length: 4)  3  29  31  97 
(Length: 4)  3  56  71  72 
(Length: 4)  3  54  72  86 
(Length: 4)  3  54  56  72 
(Length: 4)  3  57  73  87 
(Length: 3)  3  12  57 
(Length: 4)  3  29  56  97 
(Length: 4)  3  54  86  97 
(Length: 4)  3  72  86  96 
(Length: 4)  3  31  54  97 
(Length: 4)  3  12  56  91 
(Length: 3)  3  87  91 
(Length: 4)  3  45  73  87 
(Length: 4)  3  22  56  71 
(Length: 4)  3  71  72  89 
(Length: 3)  3  22  87 
(Length: 3)  3  22  96 
(Length: 4)  3  17  86  96 
(Length: 4)  3  23  54  91 
(Length: 4)  3  12  23  91 
(Length: 3)  3  91  96 
(Length: 4)  3  31  87  97 
(Length: 4)  3  29  31  73 
(Length: 3)  3  22  35 
(Length: 5)  3  45  86  87  97 
(Length: 4)  3  54  56  91 
(Length: 4)  3  29  86  97 
(Length: 3)  4  13  15 
(Length: 5)  4  18  19  59  74 
(Length: 3)  4  17  30 
(Length: 4)  4  18  86  87 
(Length: 4)  4  29  86  99 
(Length: 3)  4  30  59 
(Length: 4)  4  18  70  87 
(Length: 4)  4  18  70  74 
(Length: 4)  4  17  25  85 
(Length: 4)  4  30  33  73 
(Length: 4)  4  18  86  99 
(Length: 3)  4  33  94 
(Length: 3)  4  33  70 
(Length: 4)  4  29  33  73 
(Length: 3)  4  17  94 
(Length: 3)  4  13  24 
(Length: 4)  4  13  25  35 
(Length: 4)  4  13  29  35 
(Length: 4)  4  18  25  74 
(Length: 4)  4  15  18  59 
(Length: 4)  4  15  18  70 
(Length: 4)  4  19  33  73 
(Length: 5)  4  18  19  59  87 
(Length: 4)  4  25  33  73 
(Length: 3)  4  74  94 
(Length: 4)  4  19  69  73 
(Length: 5)  4  18  19  73  87 
(Length: 3)  4  74  80 
(Length: 4)  4  18  74  99 
(Length: 3)  4  29  85 
(Length: 4)  4  29  33  35 
(Length: 4)  4  30  33  35 
(Length: 4)  4  19  69  85 
(Length: 4)  4  25  33  35 
(Length: 4)  5  67  78  91 
(Length: 4)  5  31  38  53 
(Length: 4)  5  22  78  96 
(Length: 4)  5  23  54  91 
(Length: 4)  5  54  79  80 
(Length: 4)  5  22  67  78 
(Length: 4)  5  46  72  99 
(Length: 4)  5  53  80  98 
(Length: 4)  5  38  49  99 
(Length: 3)  5  6  57 
(Length: 4)  5  54  72  79 
(Length: 4)  5  23  84  99 
(Length: 4)  5  9  33  35 
(Length: 4)  5  57  79  84 
(Length: 4)  5  31  54  78 
(Length: 3)  5  62  65 
(Length: 3)  5  22  38 
(Length: 4)  5  57  62  84 
(Length: 4)  5  31  67  72 
(Length: 4)  5  22  80  98 
(Length: 3)  5  6  35 
(Length: 4)  5  23  38  53 
(Length: 4)  5  9  38  53 
(Length: 4)  5  38  46  99 
(Length: 3)  5  49  67 
(Length: 3)  5  38  79 
(Length: 4)  5  22  35  98 
(Length: 4)  5  54  65  79 
(Length: 4)  5  23  84  91 
(Length: 4)  5  31  67  78 
(Length: 4)  5  57  84  99 
(Length: 4)  5  23  54  65 
(Length: 4)  5  46  54  72 
(Length: 3)  5  23  33 
(Length: 4)  5  31  54  72 
(Length: 4)  5  9  57  99 
(Length: 4)  5  22  35  62 
(Length: 4)  5  33  72  96 
(Length: 4)  5  54  78  91 
(Length: 4)  5  23  53  84 
(Length: 4)  5  23  38  99 
(Length: 4)  5  46  84  99 
(Length: 3)  5  57  67 
(Length: 4)  5  78  91  96 
(Length: 4)  5  9  38  99 
(Length: 4)  5  46  72  96 
(Length: 4)  5  54  80  98 
(Length: 4)  5  84  91  96 
(Length: 4)  5  6  46  96 
(Length: 4)  5  33  35  98 
(Length: 4)  5  46  84  96 
(Length: 3)  6  59  60 
(Length: 3)  6  7  68 
(Length: 3)  6  20  68 
(Length: 3)  6  17  47 
(Length: 3)  6  17  57 
(Length: 3)  6  32  76 
(Length: 3)  6  32  46 
(Length: 3)  6  17  96 
(Length: 3)  6  13  28 
(Length: 3)  6  28  32 
(Length: 3)  6  7  46 
(Length: 3)  6  32  35 
(Length: 3)  6  12  32 
(Length: 3)  6  35  60 
(Length: 3)  6  7  59 
(Length: 3)  6  7  47 
(Length: 4)  6  10  66  71 
(Length: 3)  6  17  68 
(Length: 4)  6  10  64  66 
(Length: 3)  6  28  34 
(Length: 3)  6  60  76 
(Length: 3)  6  59  66 
(Length: 3)  6  57  60 
(Length: 3)  6  20  71 
(Length: 4)  6  10  12  57 
(Length: 4)  6  13  64  96 
(Length: 4)  6  47  66  71 
(Length: 4)  6  45  66  76 
(Length: 4)  6  13  45  68 
(Length: 3)  6  10  28 
(Length: 4)  6  13  35  66 
(Length: 4)  6  13  45  66 
(Length: 4)  6  13  47  66 
(Length: 3)  6  13  57 
(Length: 3)  6  28  60 
(Length: 4)  6  13  64  66 
(Length: 4)  6  66  71  76 
(Length: 4)  6  10  23  66 
(Length: 3)  6  7  12 
(Length: 3)  6  7  76 
(Length: 4)  6  10  12  23 
(Length: 4)  6  34  46  96 
(Length: 5)  6  23  34  66  76 
(Length: 4)  6  12  34  57 
(Length: 4)  6  12  23  34 
(Length: 4)  7  44  47  49 
(Length: 4)  7  18  47  78 
(Length: 4)  7  33  37  73 
(Length: 4)  7  18  47  49 
(Length: 4)  7  47  51  78 
(Length: 3)  7  12  30 
(Length: 4)  7  18  68  73 
(Length: 3)  7  12  37 
(Length: 4)  7  15  38  46 
(Length: 5)  7  15  18  49  59 
(Length: 3)  7  9  33 
(Length: 4)  7  18  37  78 
(Length: 4)  7  33  37  76 
(Length: 4)  7  15  18  73 
(Length: 4)  7  18  37  79 
(Length: 3)  7  81  98 
(Length: 4)  7  18  73  87 
(Length: 4)  7  30  33  73 
(Length: 4)  7  15  38  49 
(Length: 4)  7  18  37  73 
(Length: 4)  7  44  47  78 
(Length: 4)  7  18  79  87 
(Length: 4)  7  18  47  87 
(Length: 4)  7  18  59  87 
(Length: 3)  7  30  59 
(Length: 3)  7  9  59 
(Length: 4)  7  33  68  98 
(Length: 3)  7  30  79 
(Length: 3)  7  76  87 
(Length: 3)  7  30  81 
(Length: 4)  7  37  38  79 
(Length: 4)  7  12  15  51 
(Length: 3)  7  33  44 
(Length: 3)  7  9  38 
(Length: 3)  7  44  46 
(Length: 4)  7  37  38  76 
(Length: 4)  7  33  68  73 
(Length: 4)  8  26  84  91 
(Length: 4)  8  34  77  96 
(Length: 4)  8  48  56  65 
(Length: 4)  8  48  56  71 
(Length: 5)  8  34  56  63  77 
(Length: 4)  8  72  77  96 
(Length: 4)  8  46  72  96 
(Length: 4)  8  34  78  96 
(Length: 4)  8  13  25  77 
(Length: 4)  8  13  42  57 
(Length: 4)  8  13  15  50 
(Length: 4)  8  15  46  56 
(Length: 4)  8  61  87  91 
(Length: 4)  8  13  50  65 
(Length: 4)  8  13  15  77 
(Length: 4)  8  47  77  85 
(Length: 4)  8  65  76  87 
(Length: 4)  8  47  71  77 
(Length: 5)  8  56  71  72  77 
(Length: 5)  8  56  72  77  81 
(Length: 4)  8  71  76  77 
(Length: 5)  8  42  57  61  84 
(Length: 4)  8  78  91  96 
(Length: 5)  8  32  46  61  84 
(Length: 3)  8  16  72 
(Length: 4)  8  32  76  77 
(Length: 4)  8  16  32  84 
(Length: 4)  8  16  47  78 
(Length: 4)  8  25  34  46 
(Length: 4)  8  47  48  87 
(Length: 5)  8  34  37  63  77 
(Length: 4)  8  46  48  56 
(Length: 3)  8  34  50 
(Length: 5)  8  42  56  61  72 
(Length: 5)  8  34  46  56  63 
(Length: 3)  8  34  57 
(Length: 5)  8  25  71  72  77 
(Length: 4)  8  25  46  72 
(Length: 4)  8  25  34  77 
(Length: 4)  8  34  46  96 
(Length: 3)  8  37  48 
(Length: 4)  8  47  50  87 
(Length: 4)  8  57  61  87 
(Length: 4)  8  47  63  77 
(Length: 4)  8  48  65  87 
(Length: 4)  8  47  48  71 
(Length: 4)  8  47  77  87 
(Length: 4)  8  47  87  91 
(Length: 5)  8  42  56  72  77 
(Length: 4)  8  56  61  91 
(Length: 5)  8  32  42  61  84 
(Length: 4)  8  13  16  47 
(Length: 5)  8  34  37  76  77 
(Length: 3)  8  36  71 
(Length: 3)  8  36  84 
(Length: 3)  8  36  85 
(Length: 4)  8  26  78  91 
(Length: 4)  8  26  56  91 
(Length: 4)  8  15  26  56 
(Length: 4)  8  26  37  78 
(Length: 4)  8  41  84  96 
(Length: 4)  8  47  84  91 
(Length: 4)  8  61  84  91 
(Length: 4)  8  84  91  96 
(Length: 4)  8  25  77  85 
(Length: 4)  8  13  77  96 
(Length: 4)  8  13  42  77 
(Length: 5)  8  46  56  61  72 
(Length: 5)  8  15  56  71  77 
(Length: 4)  8  13  47  50 
(Length: 3)  8  65  85 
(Length: 4)  8  50  65  87 
(Length: 4)  8  13  47  77 
(Length: 4)  8  32  42  77 
(Length: 4)  8  46  84  96 
(Length: 4)  8  76  77  87 
(Length: 4)  8  16  47  84 
(Length: 4)  8  47  78  85 
(Length: 4)  8  47  78  91 
(Length: 4)  8  34  37  78 
(Length: 5)  8  56  63  77  81 
(Length: 4)  9  10  64  83 
(Length: 3)  9  10  53 
(Length: 3)  9  42  89 
(Length: 4)  9  10  57  83 
(Length: 4)  9  20  27  53 
(Length: 5)  9  42  57  61  99 
(Length: 3)  9  43  83 
(Length: 3)  9  10  88 
(Length: 4)  9  27  33  94 
(Length: 4)  9  34  57  99 
(Length: 3)  9  33  43 
(Length: 3)  9  35  36 
(Length: 3)  9  53  59 
(Length: 3)  9  64  94 
(Length: 3)  9  20  83 
(Length: 3)  9  64  99 
(Length: 3)  9  33  34 
(Length: 4)  9  35  42  61 
(Length: 3)  9  89  94 
(Length: 4)  9  27  38  53 
(Length: 3)  9  36  64 
(Length: 3)  9  36  43 
(Length: 3)  9  59  88 
(Length: 4)  9  20  27  33 
(Length: 3)  10  15  64 
(Length: 4)  10  25  66  71 
(Length: 4)  10  12  57  83 
(Length: 3)  10  28  86 
(Length: 4)  10  24  28  75 
(Length: 4)  10  12  23  83 
(Length: 4)  10  24  71  72 
(Length: 4)  10  64  66  83 
(Length: 4)  10  12  23  91 
(Length: 4)  10  64  66  86 
(Length: 4)  10  12  23  53 
(Length: 3)  10  72  81 
(Length: 3)  10  81  88 
(Length: 3)  10  28  91 
(Length: 4)  10  24  71  88 
(Length: 4)  10  25  71  72 
(Length: 4)  10  23  66  83 
(Length: 3)  10  23  24 
(Length: 3)  10  53  75 
(Length: 3)  10  57  75 
(Length: 3)  10  75  81 
(Length: 3)  10  12  15 
(Length: 3)  10  72  86 
(Length: 4)  11  13  16  44 
(Length: 4)  11  12  16  19 
(Length: 4)  11  18  19  78 
(Length: 3)  11  17  36 
(Length: 4)  11  12  30  55 
(Length: 3)  11  30  61 
(Length: 4)  11  12  26  55 
(Length: 4)  11  17  26  95 
(Length: 4)  11  29  93  95 
(Length: 3)  11  82  95 
(Length: 3)  11  36  71 
(Length: 3)  11  28  60 
(Length: 3)  11  13  28 
(Length: 4)  11  13  29  95 
(Length: 4)  11  29  46  48 
(Length: 4)  11  44  46  48 
(Length: 4)  11  16  60  78 
(Length: 4)  11  44  46  61 
(Length: 4)  11  16  44  78 
(Length: 3)  11  36  82 
(Length: 4)  11  29  46  61 
(Length: 4)  11  12  19  36 
(Length: 3)  11  36  44 
(Length: 4)  11  12  16  55 
(Length: 3)  11  60  81 
(Length: 4)  11  16  19  78 
(Length: 3)  11  55  71 
(Length: 3)  11  55  93 
(Length: 3)  12  21  37 
(Length: 4)  12  26  37  43 
(Length: 3)  12  74  91 
(Length: 4)  12  15  26  56 
(Length: 3)  12  53  55 
(Length: 3)  12  34  37 
(Length: 3)  12  50  65 
(Length: 4)  12  34  50  99 
(Length: 4)  12  19  23  65 
(Length: 4)  12  34  57  99 
(Length: 3)  12  74  99 
(Length: 4)  12  19  23  36 
(Length: 4)  12  30  34  55 
(Length: 4)  12  19  34  56 
(Length: 4)  12  19  36  74 
(Length: 4)  12  23  34  99 
(Length: 4)  12  19  23  53 
(Length: 4)  12  16  32  55 
(Length: 3)  12  36  43 
(Length: 3)  12  43  50 
(Length: 4)  12  19  34  57 
(Length: 3)  12  43  83 
(Length: 3)  12  15  50 
(Length: 4)  12  19  56  65 
(Length: 5)  12  21  55  65  83 
(Length: 4)  12  19  34  51 
(Length: 3)  12  37  74 
(Length: 4)  12  23  65  83 
(Length: 4)  12  23  30  34 
(Length: 4)  12  30  32  55 
(Length: 4)  12  19  51  65 
(Length: 4)  12  19  23  34 
(Length: 4)  12  34  55  99 
(Length: 4)  12  16  19  23 
(Length: 4)  12  16  19  74 
(Length: 4)  13  29  35  77 
(Length: 4)  13  15  38  77 
(Length: 3)  13  15  51 
(Length: 3)  13  38  79 
(Length: 4)  13  45  51  66 
(Length: 4)  13  47  51  66 
(Length: 3)  13  51  65 
(Length: 4)  13  29  95  97 
(Length: 3)  13  65  79 
(Length: 4)  13  25  95  97 
(Length: 4)  13  25  44  66 
(Length: 3)  13  57  79 
(Length: 4)  13  47  66  77 
(Length: 4)  13  16  45  66 
(Length: 4)  13  50  64  65 
(Length: 4)  13  47  51  95 
(Length: 4)  13  45  51  97 
(Length: 4)  13  51  95  97 
(Length: 4)  13  47  77  95 
(Length: 4)  13  29  77  95 
(Length: 3)  13  16  24 
(Length: 4)  13  16  35  66 
(Length: 4)  13  16  38  45 
(Length: 5)  13  16  44  47  66 
(Length: 4)  13  25  44  97 
(Length: 4)  13  35  42  77 
(Length: 3)  13  28  97 
(Length: 4)  13  15  50  64 
(Length: 3)  13  50  97 
(Length: 3)  13  24  28 
(Length: 3)  13  24  51 
(Length: 3)  13  24  77 
(Length: 5)  13  25  38  77  95 
(Length: 5)  13  25  35  66  77 
(Length: 3)  13  29  57 
(Length: 3)  13  29  68 
(Length: 4)  14  26  33  43 
(Length: 3)  14  85  95 
(Length: 4)  14  26  33  55 
(Length: 4)  14  26  33  95 
(Length: 3)  14  26  84 
(Length: 5)  14  64  73  84  96 
(Length: 5)  14  64  69  73  96 
(Length: 3)  14  26  56 
(Length: 3)  14  43  66 
(Length: 4)  14  42  56  69 
(Length: 4)  14  64  66  84 
(Length: 4)  14  33  73  95 
(Length: 4)  14  33  73  96 
(Length: 4)  14  42  56  61 
(Length: 4)  14  62  66  84 
(Length: 3)  14  62  95 
(Length: 4)  14  57  73  84 
(Length: 3)  14  33  44 
(Length: 4)  14  57  62  84 
(Length: 5)  14  42  57  61  84 
(Length: 4)  14  23  66  84 
(Length: 3)  14  55  62 
(Length: 4)  14  23  33  95 
(Length: 4)  14  64  69  85 
(Length: 4)  14  30  33  73 
(Length: 4)  14  23  30  61 
(Length: 4)  14  30  33  55 
(Length: 4)  14  23  30  33 
(Length: 3)  14  44  66 
(Length: 4)  14  44  56  61 
(Length: 4)  14  23  61  84 
(Length: 4)  15  54  56  77 
(Length: 4)  15  73  77  92 
(Length: 3)  15  54  80 
(Length: 4)  15  22  26  56 
(Length: 3)  15  26  70 
(Length: 4)  15  22  38  77 
(Length: 4)  15  71  73  77 
(Length: 4)  15  26  38  49 
(Length: 3)  15  49  58 
(Length: 4)  15  54  58  77 
(Length: 3)  15  17  92 
(Length: 4)  15  58  73  77 
(Length: 3)  15  18  22 
(Length: 3)  15  20  39 
(Length: 4)  15  20  56  71 
(Length: 4)  15  26  49  59 
(Length: 3)  15  64  73 
(Length: 5)  15  22  56  71  77 
(Length: 4)  15  26  49  56 
(Length: 4)  15  22  51  80 
(Length: 3)  15  54  70 
(Length: 4)  15  46  54  56 
(Length: 4)  15  22  58  77 
(Length: 4)  15  22  26  38 
(Length: 4)  15  17  26  38 
(Length: 4)  16  19  49  59 
(Length: 3)  16  32  44 
(Length: 3)  16  24  72 
(Length: 4)  16  32  38  55 
(Length: 4)  16  32  35  55 
(Length: 4)  16  23  66  94 
(Length: 4)  16  32  35  98 
(Length: 3)  16  59  60 
(Length: 4)  16  24  75  78 
(Length: 3)  16  32  75 
(Length: 3)  16  45  75 
(Length: 3)  16  59  66 
(Length: 3)  16  74  94 
(Length: 4)  16  35  60  98 
(Length: 4)  16  19  59  75 
(Length: 3)  16  55  72 
(Length: 4)  16  44  66  94 
(Length: 3)  16  74  84 
(Length: 4)  16  47  66  84 
(Length: 4)  16  44  47  78 
(Length: 4)  16  59  72  74 
(Length: 4)  16  44  47  49 
(Length: 4)  16  23  24  84 
(Length: 3)  16  23  38 
(Length: 4)  16  44  49  94 
(Length: 4)  16  19  75  78 
(Length: 4)  16  23  66  84 
(Length: 4)  16  19  59  74 
(Length: 4)  16  38  45  55 
(Length: 3)  16  38  49 
(Length: 4)  17  26  38  95 
(Length: 3)  17  52  95 
(Length: 3)  17  42  57 
(Length: 4)  17  47  86  92 
(Length: 3)  17  94  96 
(Length: 3)  17  26  88 
(Length: 4)  17  47  85  95 
(Length: 3)  17  68  94 
(Length: 3)  17  26  86 
(Length: 3)  17  30  88 
(Length: 4)  17  25  85  95 
(Length: 3)  17  83  85 
(Length: 3)  17  36  85 
(Length: 4)  17  52  68  98 
(Length: 4)  17  68  86  98 
(Length: 3)  17  57  83 
(Length: 4)  17  25  38  95 
(Length: 4)  18  19  49  59 
(Length: 4)  18  47  86  87 
(Length: 4)  18  37  78  86 
(Length: 4)  18  22  47  87 
(Length: 4)  18  52  68  99 
(Length: 3)  18  37  74 
(Length: 4)  18  22  78  96 
(Length: 4)  18  78  86  96 
(Length: 4)  18  37  79  86 
(Length: 3)  18  74  96 
(Length: 4)  18  22  47  78 
(Length: 4)  18  19  49  52 
(Length: 4)  18  22  37  78 
(Length: 4)  18  49  52  99 
(Length: 4)  18  19  52  87 
(Length: 3)  18  70  78 
(Length: 4)  18  79  86  87 
(Length: 4)  18  39  78  96 
(Length: 4)  18  19  52  78 
(Length: 4)  18  68  86  99 
(Length: 4)  18  47  78  86 
(Length: 4)  18  39  73  96 
(Length: 4)  19  49  59  67 
(Length: 4)  19  31  78  85 
(Length: 4)  19  23  53  69 
(Length: 5)  19  31  67  73  87 
(Length: 3)  19  31  74 
(Length: 5)  19  23  33  34  76 
(Length: 4)  19  57  73  75 
(Length: 4)  19  49  52  56 
(Length: 4)  19  52  75  78 
(Length: 4)  19  23  52  76 
(Length: 3)  19  49  85 
(Length: 3)  19  40  67 
(Length: 4)  19  59  67  87 
(Length: 4)  19  34  56  69 
(Length: 4)  19  36  69  73 
(Length: 4)  19  40  53  75 
(Length: 4)  19  53  76  87 
(Length: 4)  19  31  67  78 
(Length: 4)  19  69  78  85 
(Length: 4)  19  23  34  69 
(Length: 4)  19  23  36  69 
(Length: 4)  19  23  53  76 
(Length: 5)  19  33  34  40  76 
(Length: 5)  19  57  67  73  87 
(Length: 4)  19  23  65  76 
(Length: 4)  19  52  76  87 
(Length: 4)  19  51  52  78 
(Length: 4)  19  34  69  78 
(Length: 4)  19  36  69  85 
(Length: 4)  19  40  53  76 
(Length: 4)  19  65  76  87 
(Length: 4)  19  53  59  87 
(Length: 3)  19  65  85 
(Length: 4)  19  34  51  78 
(Length: 4)  19  31  53  87 
(Length: 4)  19  53  59  75 
(Length: 4)  20  40  55  71 
(Length: 3)  20  31  53 
(Length: 4)  20  33  40  55 
(Length: 3)  20  40  97 
(Length: 4)  20  27  33  68 
(Length: 4)  20  39  40  55 
(Length: 4)  20  31  83  97 
(Length: 3)  20  56  69 
(Length: 4)  20  40  53  55 
(Length: 3)  20  55  83 
(Length: 3)  20  56  97 
(Length: 3)  20  53  69 
(Length: 3)  20  27  39 
(Length: 3)  20  27  56 
(Length: 4)  21  64  86  96 
(Length: 4)  21  65  79  86 
(Length: 5)  21  64  65  83  85 
(Length: 4)  21  63  64  83 
(Length: 4)  21  63  79  83 
(Length: 4)  21  45  55  93 
(Length: 5)  21  40  71  76  88 
(Length: 4)  21  37  76  88 
(Length: 3)  21  46  63 
(Length: 3)  21  93  96 
(Length: 3)  21  40  97 
(Length: 4)  21  39  46  96 
(Length: 4)  21  45  86  90 
(Length: 3)  21  22  37 
(Length: 4)  21  65  79  83 
(Length: 5)  21  40  71  76  90 
(Length: 5)  21  37  63  79  88 
(Length: 5)  21  40  55  71  90 
(Length: 4)  21  28  86  97 
(Length: 4)  21  55  65  90 
(Length: 3)  21  83  97 
(Length: 5)  21  22  55  71  90 
(Length: 4)  21  45  76  90 
(Length: 4)  21  37  79  86 
(Length: 4)  21  39  40  55 
(Length: 4)  21  45  86  97 
(Length: 4)  21  45  55  90 
(Length: 4)  21  64  65  86 
(Length: 4)  21  65  85  90 
(Length: 4)  21  65  86  90 
(Length: 4)  21  65  76  90 
(Length: 3)  21  22  96 
(Length: 4)  22  35  55  77 
(Length: 4)  22  35  90  98 
(Length: 4)  22  55  62  71 
(Length: 4)  22  38  55  77 
(Length: 4)  22  24  71  77 
(Length: 3)  22  62  75 
(Length: 3)  22  58  98 
(Length: 3)  22  77  96 
(Length: 5)  22  47  58  77  87 
(Length: 4)  22  37  58  77 
(Length: 5)  22  26  37  75  78 
(Length: 5)  22  24  26  43  75 
(Length: 4)  22  37  38  77 
(Length: 5)  22  24  26  75  78 
(Length: 4)  22  26  38  55 
(Length: 3)  22  43  90 
(Length: 3)  22  35  61 
(Length: 5)  22  26  37  43  75 
(Length: 4)  22  26  37  38 
(Length: 4)  22  47  62  71 
(Length: 4)  22  24  51  78 
(Length: 4)  22  67  77  87 
(Length: 4)  22  35  55  62 
(Length: 4)  22  37  43  77 
(Length: 4)  22  35  55  90 
(Length: 4)  22  47  51  78 
(Length: 4)  22  24  58  77 
(Length: 3)  22  56  61 
(Length: 4)  22  61  67  87 
(Length: 4)  22  55  71  77 
(Length: 4)  22  47  51  62 
(Length: 3)  22  75  80 
(Length: 4)  22  24  43  77 
(Length: 4)  22  47  71  77 
(Length: 4)  23  61  84  91 
(Length: 3)  23  36  82 
(Length: 4)  23  33  34  63 
(Length: 3)  23  36  84 
(Length: 5)  23  34  66  76  77 
(Length: 4)  23  34  63  77 
(Length: 4)  23  27  33  94 
(Length: 4)  23  34  63  69 
(Length: 4)  23  24  76  77 
(Length: 4)  23  52  77  95 
(Length: 4)  23  52  76  77 
(Length: 3)  23  54  69 
(Length: 4)  23  38  53  76 
(Length: 4)  23  38  76  77 
(Length: 4)  23  30  33  34 
(Length: 4)  23  38  53  69 
(Length: 4)  23  66  83  84 
(Length: 4)  23  27  54  65 
(Length: 3)  23  63  83 
(Length: 4)  23  38  77  95 
(Length: 4)  23  52  82  95 
(Length: 4)  23  61  84  99 
(Length: 4)  23  27  38  53 
(Length: 3)  23  54  77 
(Length: 3)  24  58  88 
(Length: 4)  24  71  72  77 
(Length: 4)  24  58  72  77 
(Length: 3)  24  58  84 
(Length: 3)  24  26  84 
(Length: 4)  24  43  76  77 
(Length: 4)  24  71  76  88 
(Length: 4)  24  71  76  77 
(Length: 3)  24  26  88 
(Length: 4)  25  31  44  97 
(Length: 4)  25  82  95  97 
(Length: 4)  25  31  82  97 
(Length: 3)  25  33  44 
(Length: 3)  25  33  72 
(Length: 4)  25  77  85  95 
(Length: 3)  25  33  34 
(Length: 4)  25  71  73  77 
(Length: 4)  25  82  85  95 
(Length: 3)  25  38  46 
(Length: 4)  25  71  73  90 
(Length: 4)  25  73  77  95 
(Length: 4)  25  33  73  95 
(Length: 4)  25  31  72  74 
(Length: 4)  25  71  72  90 
(Length: 3)  25  31  73 
(Length: 3)  25  31  38 
(Length: 4)  25  66  71  77 
(Length: 4)  25  31  82  85 
(Length: 4)  25  34  66  77 
(Length: 3)  25  85  90 
(Length: 3)  25  35  90 
(Length: 4)  26  33  37  95 
(Length: 3)  26  70  84 
(Length: 4)  26  37  38  95 
(Length: 3)  26  70  78 
(Length: 4)  26  37  78  86 
(Length: 3)  26  37  88 
(Length: 4)  26  37  43  86 
(Length: 3)  26  33  70 
(Length: 3)  26  43  49 
(Length: 4)  26  33  37  43 
(Length: 3)  26  59  75 
(Length: 3)  26  59  88 
(Length: 3)  27  53  98 
(Length: 4)  27  54  72  79 
(Length: 3)  27  39  96 
(Length: 4)  27  33  68  94 
(Length: 3)  27  75  79 
(Length: 4)  27  54  56  65 
(Length: 4)  27  33  94  96 
(Length: 4)  27  33  68  98 
(Length: 4)  27  33  72  96 
(Length: 3)  27  38  79 
(Length: 4)  27  54  56  72 
(Length: 4)  27  54  65  79 
(Length: 3)  27  54  98 
(Length: 3)  27  53  75 
(Length: 3)  28  32  75 
(Length: 3)  28  60  86 
(Length: 4)  28  32  86  92 
(Length: 3)  29  33  34 
(Length: 4)  29  73  77  95 
(Length: 4)  29  77  89  95 
(Length: 4)  29  39  46  61 
(Length: 4)  29  31  48  97 
(Length: 4)  29  57  61  99 
(Length: 3)  29  39  73 
(Length: 4)  29  77  93  95 
(Length: 4)  29  46  61  99 
(Length: 4)  29  77  92  93 
(Length: 4)  29  33  73  92 
(Length: 4)  29  33  68  73 
(Length: 4)  29  46  48  56 
(Length: 4)  29  35  39  61 
(Length: 3)  29  31  85 
(Length: 4)  29  31  48  73 
(Length: 3)  29  86  92 
(Length: 4)  29  33  73  95 
(Length: 4)  29  73  77  92 
(Length: 3)  29  35  90 
(Length: 4)  29  34  77  93 
(Length: 4)  29  34  57  99 
(Length: 4)  29  68  86  99 
(Length: 3)  29  85  90 
(Length: 4)  29  34  46  56 
(Length: 4)  29  68  73  90 
(Length: 4)  29  77  85  95 
(Length: 4)  29  56  61  97 
(Length: 4)  29  34  46  99 
(Length: 4)  29  34  56  77 
(Length: 4)  29  68  86  90 
(Length: 4)  29  46  56  61 
(Length: 4)  29  48  56  97 
(Length: 3)  30  81  88 
(Length: 4)  30  32  35  61 
(Length: 3)  30  79  88 
(Length: 5)  30  32  33  35  55 
(Length: 4)  30  33  34  55 
(Length: 3)  30  59  88 
(Length: 4)  31  64  78  85 
(Length: 4)  31  54  72  74 
(Length: 3)  31  64  73 
(Length: 4)  31  44  48  97 
(Length: 4)  31  48  73  87 
(Length: 4)  31  42  67  72 
(Length: 4)  31  54  78  85 
(Length: 5)  31  42  54  72  89 
(Length: 5)  31  48  54  82  97 
(Length: 4)  31  64  83  85 
(Length: 4)  31  48  87  97 
(Length: 4)  31  54  82  85 
(Length: 3)  31  44  78 
(Length: 4)  32  35  55  62 
(Length: 4)  32  35  55  77 
(Length: 4)  32  33  35  98 
(Length: 3)  32  33  44 
(Length: 4)  32  38  55  77 
(Length: 4)  32  33  76  92 
(Length: 4)  32  44  46  61 
(Length: 4)  32  33  55  92 
(Length: 4)  32  40  62  75 
(Length: 3)  32  38  46 
(Length: 4)  32  40  55  62 
(Length: 4)  32  55  77  92 
(Length: 3)  32  86  98 
(Length: 4)  32  38  40  55 
(Length: 4)  32  35  42  61 
(Length: 4)  32  33  40  76 
(Length: 4)  32  33  40  55 
(Length: 4)  32  35  42  77 
(Length: 4)  32  38  40  76 
(Length: 4)  32  76  77  92 
(Length: 4)  32  38  76  77 
(Length: 3)  32  62  84 
(Length: 4)  33  40  70  72 
(Length: 3)  33  44  70 
(Length: 4)  33  37  43  76 
(Length: 4)  33  40  43  76 
(Length: 4)  33  34  37  63 
(Length: 4)  33  34  37  76 
(Length: 3)  33  63  68 
(Length: 3)  33  34  96 
(Length: 4)  33  37  73  95 
(Length: 3)  33  44  94 
(Length: 4)  33  40  55  72 
(Length: 4)  33  34  40  55 
(Length: 4)  34  69  78  96 
(Length: 4)  34  55  77  93 
(Length: 4)  34  40  55  62 
(Length: 3)  34  40  80 
(Length: 3)  34  63  80 
(Length: 4)  34  51  62  66 
(Length: 3)  34  57  62 
(Length: 3)  34  51  80 
(Length: 3)  34  50  69 
(Length: 4)  34  77  93  96 
(Length: 4)  34  56  63  69 
(Length: 4)  35  42  60  77 
(Length: 4)  35  60  90  98 
(Length: 4)  35  42  60  90 
(Length: 3)  35  62  66 
(Length: 3)  35  36  39 
(Length: 3)  35  39  55 
(Length: 3)  36  71  73 
(Length: 3)  36  39  73 
(Length: 3)  36  43  45 
(Length: 3)  36  43  79 
(Length: 3)  36  79  82 
(Length: 3)  36  69  79 
(Length: 3)  36  82  85 
(Length: 3)  36  44  70 
(Length: 3)  36  79  84 
(Length: 3)  36  45  73 
(Length: 4)  36  64  69  73 
(Length: 4)  36  64  73  84 
(Length: 4)  36  70  74  84 
(Length: 4)  36  64  69  85 
(Length: 5)  37  58  73  77  95 
(Length: 4)  37  38  77  95 
(Length: 4)  37  38  76  77 
(Length: 5)  37  43  48  75  79 
(Length: 3)  37  58  88 
(Length: 3)  37  58  86 
(Length: 4)  37  43  76  77 
(Length: 4)  37  43  79  86 
(Length: 4)  37  48  73  75 
(Length: 4)  37  63  75  79 
(Length: 4)  38  45  55  99 
(Length: 3)  38  69  79 
(Length: 3)  38  45  76 
(Length: 4)  38  40  53  76 
(Length: 4)  38  40  53  55 
(Length: 4)  40  67  70  72 
(Length: 5)  40  55  71  72  90 
(Length: 4)  40  53  75  80 
(Length: 4)  40  43  76  90 
(Length: 4)  40  60  76  88 
(Length: 4)  40  55  62  71 
(Length: 3)  40  43  75 
(Length: 3)  40  62  97 
(Length: 3)  40  67  88 
(Length: 4)  40  60  76  90 
(Length: 4)  41  45  68  73 
(Length: 3)  41  60  88 
(Length: 4)  41  74  84  96 
(Length: 4)  41  73  84  96 
(Length: 3)  41  82  96 
(Length: 3)  41  45  51 
(Length: 5)  42  57  61  84  99 
(Length: 5)  42  54  58  72  77 
(Length: 4)  42  57  60  99 
(Length: 5)  42  54  56  72  77 
(Length: 4)  42  54  56  69 
(Length: 4)  42  67  72  77 
(Length: 4)  42  61  67  72 
(Length: 3)  42  58  84 
(Length: 4)  42  58  60  77 
(Length: 4)  42  61  72  99 
(Length: 4)  42  56  60  77 
(Length: 4)  42  54  72  90 
(Length: 4)  42  57  61  67 
(Length: 3)  42  84  89 
(Length: 5)  42  54  72  77  89 
(Length: 4)  43  45  86  90 
(Length: 3)  43  49  90 
(Length: 3)  43  48  66 
(Length: 3)  43  77  81 
(Length: 3)  43  45  75 
(Length: 4)  43  45  76  90 
(Length: 4)  43  45  66  76 
(Length: 3)  43  66  83 
(Length: 3)  43  75  81 
(Length: 3)  43  79  83 
(Length: 4)  43  45  66  86 
(Length: 4)  43  66  76  77 
(Length: 4)  44  47  48  66 
(Length: 3)  44  70  78 
(Length: 4)  44  46  48  56 
(Length: 3)  44  49  56 
(Length: 4)  44  56  61  97 
(Length: 4)  44  48  56  97 
(Length: 4)  44  46  56  61 
(Length: 4)  45  68  86  90 
(Length: 3)  45  76  87 
(Length: 4)  45  68  86  99 
(Length: 3)  45  73  75 
(Length: 4)  45  68  73  90 
(Length: 4)  46  54  56  72 
(Length: 4)  46  61  72  99 
(Length: 4)  46  61  84  99 
(Length: 4)  46  48  54  56 
(Length: 4)  47  58  86  87 
(Length: 4)  47  77  92  93 
(Length: 4)  47  54  77  85 
(Length: 3)  47  58  84 
(Length: 4)  47  77  85  95 
(Length: 3)  47  49  85 
(Length: 5)  47  48  51  62  66 
(Length: 4)  47  86  87  92 
(Length: 4)  47  54  78  85 
(Length: 3)  47  49  63 
(Length: 4)  47  82  85  95 
(Length: 3)  47  49  58 
(Length: 4)  47  54  78  86 
(Length: 3)  47  66  86 
(Length: 4)  47  51  62  95 
(Length: 4)  47  54  82  85 
(Length: 4)  47  66  71  77 
(Length: 4)  47  54  58  82 
(Length: 4)  47  54  58  77 
(Length: 5)  47  48  62  66  71 
(Length: 4)  47  77  93  95 
(Length: 4)  47  62  66  84 
(Length: 4)  47  58  82  95 
(Length: 4)  47  54  58  86 
(Length: 4)  47  77  87  92 
(Length: 4)  47  54  78  91 
(Length: 4)  47  58  77  95 
(Length: 5)  48  54  56  82  97 
(Length: 4)  48  51  62  65 
(Length: 4)  48  65  79  87 
(Length: 4)  48  54  56  65 
(Length: 4)  48  54  56  69 
(Length: 4)  48  54  69  79 
(Length: 4)  48  51  62  97 
(Length: 3)  48  62  75 
(Length: 3)  49  56  63 
(Length: 3)  49  85  90 
(Length: 3)  50  87  97 
(Length: 3)  50  64  69 
(Length: 3)  50  64  99 
(Length: 3)  51  52  95 
(Length: 4)  51  62  95  97 
(Length: 3)  52  87  91 
(Length: 3)  52  78  91 
(Length: 3)  52  56  77 
(Length: 4)  52  56  82  91 
(Length: 4)  52  76  77  87 
(Length: 4)  53  80  86  98 
(Length: 3)  53  86  87 
(Length: 4)  54  65  79  86 
(Length: 4)  54  72  86  90 
(Length: 4)  54  86  90  98 
(Length: 4)  54  58  72  86 
(Length: 4)  54  65  86  90 
(Length: 4)  54  79  80  86 
(Length: 4)  54  70  72  74 
(Length: 4)  54  65  85  90 
(Length: 4)  54  80  86  98 
(Length: 4)  54  72  79  86 
(Length: 3)  54  74  80 
(Length: 4)  54  58  86  98 
(Length: 3)  54  70  78 
(Length: 4)  54  56  82  91 
(Length: 4)  54  69  78  85 
(Length: 3)  55  72  99 
(Length: 4)  55  71  72  77 
(Length: 4)  55  77  92  93 
(Length: 3)  55  62  65 
(Length: 4)  56  60  77  81 
(Length: 3)  57  75  79 
(Length: 4)  57  60  79  87 
(Length: 4)  57  61  67  87 
(Length: 4)  57  79  83  84 
(Length: 3)  57  62  75 
(Length: 4)  58  60  86  98 
(Length: 4)  58  60  77  87 
(Length: 4)  58  60  87  88 
(Length: 3)  58  73  84 
(Length: 4)  58  60  86  87 
(Length: 4)  58  73  77  87 
(Length: 3)  59  67  72 
(Length: 4)  59  60  87  88 
(Length: 4)  59  67  87  88 
(Length: 3)  60  81  98 
(Length: 3)  60  81  88 
(Length: 4)  60  76  77  87 
(Length: 4)  60  79  86  87 
(Length: 3)  60  86  99 
(Length: 4)  60  86  90  98 
(Length: 4)  60  76  87  88 
(Length: 4)  60  79  87  88 
(Length: 3)  61  87  97 
(Length: 4)  61  67  87  91 
(Length: 3)  62  89  95 
(Length: 3)  62  84  89 
(Length: 3)  62  71  89 
(Length: 3)  63  64  69 
(Length: 3)  63  75  81 
(Length: 3)  63  69  79 
(Length: 4)  63  75  79  80 
(Length: 3)  63  81  88 
(Length: 4)  64  66  83  84 
(Length: 4)  64  69  78  96 
(Length: 3)  64  66  94 
(Length: 4)  64  78  86  96 
(Length: 4)  64  69  78  85 
(Length: 3)  64  84  99 
(Length: 3)  64  86  99 
(Length: 3)  64  94  96 
(Length: 4)  65  79  86  87 
(Length: 4)  66  71  76  77 
(Length: 3)  67  68  73 
(Length: 3)  67  70  78 
(Length: 4)  67  73  77  87 
(Length: 3)  67  70  87 
(Length: 4)  68  86  90  98 
(Length: 3)  70  74  93 
(Length: 4)  71  72  77  89 
(Length: 3)  72  86  99 
(Length: 3)  72  74  96 
(Length: 3)  73  77  96 
(Length: 4)  73  77  87  92 
(Length: 4)  74  84  91  96 
(Length: 3)  74  94  96 
(Length: 3)  74  93  96 
(Length: 3)  74  84  99 
(Length: 4)  76  77  87  92 
(Length: 3)  82  91  96 
...model cost: 1.03 seconds  44061 FFE
 (opt) 447.00000000 == 447.00000000 (sur)  OPTIMALITY TEST PASSED!
   BESTimpr 392.00000000 -> 433.00000000
11*11*11*1**111*****1**11*1****1*****111*1****11**111*1**11*1**1**111*1***1*111*11**1*****11**1*****

   BESTimpr 433.00000000 -> 439.00000000
*1*1***111*11**11***11****11***11****11*111**11*****111**1***1***1*11*1*******1*11**1**11*1111**1*1*


11*1*111**1*11***1*1**11**1*1111***11111**11**1*1*11*1*1*****111**11*****1*111*1***11*1***1*1*111111

