Walsh model started...
 44  98  54  2  27  70  7  77  37  8  58  25  40  42  48  78  20  47  15  10 
 8  89  43  64  47  96  2  69  23  74  4  29  33  90  11  61  48  17  77  26  46  95  98  19 
 78  62  71  82  24  54  97  46  91  18  0  69  1  17  90  77  41  87  13  6  73  83  94  68  30  50  38  19  8  58 
 38  41  50  47  44  72  56  51  24  75  39  10  16  66  97  9  89  71  59  35  70  81  99  79  18  64  96 
 91  64  87  66  74  1  32  46  99  77  11  70  15  33  41  43  49  40  47  7 
 62  84  8  26  75  12  44  11  53  35  90  15  65  50  7  85  40  42  19  82  16 
 62  17  80  55  48  72  74  69  77  83  81  53  2  73  16  31  36  34  92  87  8 
 86  19  77  0  5  50  23  97  16  67  47  4 
 1  89  5  26  14  22  0  37  58  64  2  87  6 
 11  71  56  67  59  96  16  28  61  75  78  64  94  63  74  17  55  40  19  58  48  89  27  82  91  14  3  54  92  39  97  72  98  95 
 56  90  25  36  47  94  82  68  3  39  64  29  53  58  97  35  31  15  0  45  65 
 9  71  14  91  70  20  5  44  65  39  90  1  27  37  84  43  77  4  52  50  57  98  87  24 
 33  32  95  59  75  5  38  72  70  39  64  36  45 
 38  91  53  64  34  21  87  74  2  63  32  60  43  15  55  52  99  65  19  97  94  40 
 64  60  66  88  11  91  72  55  42  56  28  20  22  8  40  27  9  98  83  70  37  31 
 63  72  60  50  23  75  83  49  20  42  5  65  32  73  57  96  85  69  70  4  55  13  10  0 
 37  23  9  28  92  64  58  24  81  95  29  3  66  83  51  61  45  99  25  7  67  5  82  55  6  84  47 
 83  60  6  62  21  37  2  90  74  9  82  89  75  36  1  77  93 
 91  2  82  54  51  73  74  63  38  69  62  39  92  79  3  80 
 41  46  40  45  65  25  74  23  86  7  9  58  22  80  5  42  30  62  64  73  68  38  2  13  97  29  1 
 58  67  11  70  28  14  95  26  93  83  21  42  15  71  44  84  82  62  36  40  86  0  47 
 73  87  85  46  90  54  17  37  34  13  83  20  79  43  45  75  30  95 
 43  29  92  28  26  38  14  8  88  85  80  19  31  72  47  59  37  83  36  86 
 16  37  55  65  68  1  89  74  19  15  75  90  59  81  63  93  36  7  97  91  61  40  38  28 
 29  81  68  86  2  54  52  78  28  75  3  58  16  47  31  35  50  95  57  85  39  66  69  94  87  11 
 31  34  65  19  78  30  10  36  76  37  57  81  93  54  60  33  0  58  69  51  74  61  80  99  16  48  87  46 
 45  63  8  5  22  38  95  20  85  56  53  1  46  86  84  40  44  92  35  78  94  79  58 
 79  99  70  0  82  9  11  37  35  46  14  92  28  59  32  41  52 
 64  85  92  22  97  76  9  16  68  24  20  14  61  40  48  90  44  77  47  67  99  49  27  51  36  60  71  31  59  73  38  23  52 
 24  81  48  22  43  69  1  33  16  95  45  77  64  10  82  66  19  40  57 
 93  36  78  25  57  38  76  65  75  52  91  61  95  64  50  90  54  62  35  19  21  68  2 
 25  34  48  60  36  98  32  58  24  47  56  88  67  22  72  96  52  10  35  71  28  42  14  89  39  6 
 89  79  83  40  50  78  33  12  60  46  43  69  66  4  58  31  15  73  80  63  13  85  76  71  41  27 
 86  81  88  38  12  32  1  29  65  25  4  41  46 
 25  31  21  13  63  67  45  89  79  44  56  41  69  49  73  94  72  93  55  6  92 
 42  77  37  88  47  86  71  68  5  90  52  91  58  24  46  27  30  78  10  31  38  80  3  70  26  94  74 
 88  62  93  30  10  25  98  31  76  89  67  59  57  83  79  74  20  75  17  23  90  85  60  28  6  45  12  22  86  51  49 
 16  23  21  17  68  35  88  25  57  49  73  62  47  66  86  69  56  42  79  53  27  11  0  8  71  55  70  43  40  89  14  22  44  51  52  97  38 
 13  91  88  33  3  41  79  39  57  30  26  22  92  98  77  96  72  12  70  63  18  42  35  80  50  89  37  97  19  2  23  28 
 79  38  45  46  65  11  92  57  84  88  3  10  55  82  62  18  12  64  24  66  89  31  9 
 32  83  19  45  55  9  14  28  41  52  63  96  64  65  85  5  56  89  42  0  37  26  20  73  51  98  60  49  4  61  23  29  94  13 
 46  19  3  38  88  67  92  90  77  2  43  52  56  34  40  63  70  48  95  59  82  33  4  32  27 
 35  77  14  56  20  15  37  91  84  65  45  5  19  40  0  38  88  31  60  99 
 22  29  1  64  69  32  41  52  67  60  79  21  11  84  37  55  78  13  77  4  49  88  56  46 
 0  98  3  72  5  11  71  20  79  34  28  77  97  26  92  70  37  52 
 26  63  19  40  39  46  95  88  91  81  34  89  47  77  29  65  69  42  55  61  16  87  75  21  85  96  98  36  12  57  10 
 41  19  21  85  97  2  80  61  45  39  58  56  78  32  60  47  84  94  99  4  1  26  35  27  98  87  81  33  43  25 
 50  3  96  1  59  75  78  87  10  94  35  86  45  46  37  66  55  74  24  31  67  89  68  98  28  80  22  85  16  84  0  20  52  7  4 
 81  29  31  60  72  6  9  89  61  1  90  28  95  41  0  78  25  93 
 98  51  73  37  83  15  62  34  84  28  99  88  43  40  4  36 
 3  47  78  32  60  15  97  93  30  90  74  24  95  5  7  52  11  2  57  38 
 66  89  98  49  93  97  3  56  76  70  83  16  25  74  77  28  18  73  37  40  36 
 96  84  78  81  24  75  30  41  43  91  35  40  85  94  60  31  11  50  37  44  13  55  47  67  28  27 
 13  64  6  81  83  60  26  5  37  79  58  10  72 
 90  21  2  24  0  98  78  82  18  25  60  30  62  9  58  99  83 
 14  72  23  65  80  6  57  60  9  40  47  78  45  39  70  37  93  34  43  15  13  52  16  91 
 9  67  42  14  90  10  58  46  86  69  3  51  89  84  26  85  68  34  41  37  88  31  71  87  75  40  60  43 
 63  75  38  30  55  60  25  37  39  92  93  36  15  96  69  11  90  85  24  50  73  45  29 
 20  67  94  63  46  56  73  81  9  19  32  31  24  16  83  95  35  0  25  53  10  64  8  54  72  90  80  2  26  79  96 
 79  75  9  96  12  95  47  67  36  90  23  63  82  41  88  22  27  28  71  3  99  93 
 64  14  17  83  81  78  48  31  63  32  46  55  57  15  50  25  54  70  53  52  43  36  28  13  42  84  56  98  40 
 97  95  80  46  9  75  91  30  28  92  81  48  1  16  45  25  40  23 
 78  2  88  36  5  84  6  17  49  37  20  30  54  19  82  39  69  18 
 57  75  26  45  94  58  78  60  72  15  34  67  9  70  73  92  40  96  41  32  13  59  23  74  38  18  91  90 
 60  14  53  13  28  85  91  4  43  1  92  16  78  9  95  30  40  29  10  58  8  19  80  39  12  96  3 
 25  19  23  55  76  30  39  11  33  5  15  45  40  42  99  13  10 
 51  89  14  88  87  4  32  47  37  3  16  98  29  82  24  39  80  90 
 58  20  56  9  88  41  63  34  36  59  91  43  69  47  31  28  86  16  7  52 
 24  86  23  37  28  82  10  35  71  90  56  73  69  76  91  47  89  2  19  30  95  78  74 
 86  56  2  1  74  6  43  32  29  73  68  57  37  67  25  34  91  45  96  15  78  18  62  24  94  71 
 11  20  93  27  0  63  60  97  89  41  51  76  55  37  15  4  12  38  83  14  44  75  82  35  3 
 11  9  2  82  78  81  95  79  94  75  73  20  44  35  68  74  56  37  28  31  76  32  59  3  69 
 14  55  3  44  48  6  63  15  38  12  34  94  78  89  22  31  74  53  58  97  9  83  88 
 87  21  49  37  58  81  75  71  77  80  15  32  68  69  92  63  2  6  34  18  51  19  40  28  57 
 23  19  6  69  93  97  87  13  17  9  4  1  71  81  47  50  79  36  98  75  51  25  63  72  18  82  78  68  94  35 
 57  63  59  79  52  30  12  5  47  9  61  15  23  24  3  71  73  36  17  98  74  87  56  45  21  70  82 
 97  28  65  30  25  36  89  83  91  68  51  70  32  71 
 42  35  83  6  96  38  2  41  7  0  73  80  45  29  4  11  17  1  44  28  51  43 
 62  2  81  60  71  25  30  52  50  32  24  46  97  63  54  98  9  64  47  87  94  95  55  89  72  35  48  0  43  69  82  26  74  68 
 89  32  59  75  27  99  39  38  71  95  34  44  74  36  37  53  21  43  18  3  80  26  58  96 
 46  61  6  55  77  73  85  93  22  19  32  89  47  64  25  90  58  35  38  18  79  66 
 86  33  29  24  60  78  48  71  52  91  45  93  25  6  53  73  58  94  97  61  74  23  16  46  3  99 
 71  2  54  18  68  10  27  9  20  84  89  17  59  41  62  39  74  70  75  78  95  29  66  5  16  98 
 17  60  32  40  77  6  21  87  20  15  49  53  36  76  94  91  58  95  16  51  2  14  70  99  54  22  72  88 
 62  5  96  52  56  89  39  88  46  94  20  82  11  43  42  91  49  98  86  26  60  16  47 
 21  46  64  28  26  56  88  22  80  93  94  52  5  40  32  15  36  90  57  24  45  47 
 81  33  68  24  56  69  19  7  35  47  88  37  84  26  20  67  22  36 
 73  21  83  13  74  47  78  66  4  2  56  75  46  45  11  24  25  8  6 
 66  14  62  36  38  33  67  41  95  45  37  35  39  84  85  22  86  56  31  59  42  49  43  72  83 
 66  51  32  79  8  1  23  56  84  76  36  45  34  48  9  97  70  80  47  68  82  17  78  72  40  3  37  38  98  31  39 
 21  54  56  10  41  92  17  2  59  23  1  11  50  30  68  5  35  48  28  36  85  57  58  80  66  63  91 
 13  38  11  14  4  64  2  18  61  30  45  81  52  35  94  83  9  67  76  68  42  84  69  23  55  63  90 
 22  28  16  64  38  98  41  90  39  57  61  73  63  27  26  44  18  9  6  34 
 36  30  97  51  70  20  74  81  25  57  50  85  80  17  23  55  34  59  99  48 
 63  58  47  10  9  71  81  46  84  78  95  91  83  85  52  34  72  2  69  24  74  35  40  13  26 
 97  61  12  59  45  88  26  20  30  64  71  79  94  78  58  83  24  50  16  29  48  41  1  21  68  82  9  98 
 52  84  59  9  47  1  77  38  57  15  40  63  69  31  98  45  64  3  79  58 
 95  61  76  28  46  2  78  93  51  74  50  81  70  89  10  3  44  7  23  37  38  13  19  9  72 
 44  0  49  51  38  92  54  78  36  31  74  75  84  46  47  14  66  96  45  11  1  89  60  40  82  9  95 
 27  79  46  4  28  49  25  16  65  42  13  81  3  59  93  54  83 
-->CDecomWalshPart::vInitTrueLinkage-->GLBs: 1128
(Length: 4)  0  2  8  58 
(Length: 3)  0  7  77 
(Length: 3)  0  7  47 
(Length: 3)  0  10  15 
(Length: 4)  0  47  78  98 
(Length: 3)  0  20  47 
(Length: 4)  0  15  20  42 
(Length: 4)  0  54  78  98 
(Length: 4)  0  27  37  70 
(Length: 3)  0  8  37 
(Length: 4)  0  25  48  78 
(Length: 4)  0  2  54  58 
(Length: 4)  0  10  25  58 
(Length: 4)  0  2  54  78 
(Length: 4)  0  25  54  58 
(Length: 3)  0  40  98 
(Length: 3)  0  2  77 
(Length: 3)  0  10  47 
(Length: 3)  0  25  37 
(Length: 3)  0  37  47 
(Length: 3)  0  42  77 
(Length: 3)  0  44  77 
(Length: 4)  0  37  44  70 
(Length: 4)  0  37  40  42 
(Length: 3)  0  44  98 
(Length: 4)  0  20  40  42 
(Length: 4)  0  20  44  70 
(Length: 3)  0  20  58 
(Length: 4)  0  15  20  70 
(Length: 4)  0  25  54  78 
(Length: 3)  1  95  98 
(Length: 3)  1  23  90 
(Length: 3)  1  23  61 
(Length: 3)  1  46  61 
(Length: 4)  1  29  64  95 
(Length: 3)  1  8  64 
(Length: 4)  1  4  47  74 
(Length: 4)  1  2  19  46 
(Length: 4)  1  19  29  64 
(Length: 4)  1  2  17  90 
(Length: 4)  1  4  43  64 
(Length: 3)  1  77  96 
(Length: 3)  1  64  96 
(Length: 4)  1  4  33  46 
(Length: 3)  1  69  74 
(Length: 3)  1  2  8 
(Length: 3)  1  26  46 
(Length: 3)  1  69  96 
(Length: 3)  1  11  98 
(Length: 3)  1  8  89 
(Length: 3)  1  23  89 
(Length: 4)  1  29  48  95 
(Length: 3)  1  17  89 
(Length: 5)  1  4  11  43  77 
(Length: 3)  1  17  74 
(Length: 3)  1  2  69 
(Length: 3)  1  26  95 
(Length: 4)  1  2  17  77 
(Length: 3)  1  11  90 
(Length: 4)  1  19  23  74 
(Length: 4)  1  47  74  98 
(Length: 3)  1  8  26 
(Length: 4)  1  29  43  69 
(Length: 4)  1  47  89  98 
(Length: 4)  1  4  46  47 
(Length: 4)  1  29  43  77 
(Length: 4)  1  4  43  46 
(Length: 4)  1  47  96  98 
(Length: 4)  1  46  47  98 
(Length: 4)  1  29  43  64 
(Length: 4)  1  48  61  95 
(Length: 3)  1  48  89 
(Length: 3)  1  48  90 
(Length: 3)  1  29  33 
(Length: 4)  2  6  8  87 
(Length: 5)  2  13  19  38  97 
(Length: 4)  2  30  54  90 
(Length: 4)  2  18  38  91 
(Length: 4)  2  24  50  78 
(Length: 3)  2  41  90 
(Length: 5)  2  68  69  71  73 
(Length: 4)  2  19  58  73 
(Length: 4)  2  24  58  94 
(Length: 4)  2  6  17  62 
(Length: 4)  2  24  54  78 
(Length: 4)  2  6  69  73 
(Length: 5)  2  68  69  71  78 
(Length: 4)  2  17  62  82 
(Length: 4)  2  68  69  91 
(Length: 4)  2  46  78  87 
(Length: 4)  2  18  62  69 
(Length: 4)  2  19  46  58 
(Length: 4)  2  19  68  73 
(Length: 4)  2  18  69  73 
(Length: 4)  2  6  62  69 
(Length: 4)  2  30  38  91 
(Length: 5)  2  54  62  78  82 
(Length: 4)  2  13  91  94 
(Length: 4)  2  58  83  94 
(Length: 4)  2  6  73  87 
(Length: 4)  2  6  73  77 
(Length: 4)  2  6  83  87 
(Length: 4)  2  19  30  68 
(Length: 4)  2  38  41  77 
(Length: 4)  2  19  41  46 
(Length: 4)  2  18  69  91 
(Length: 4)  2  19  30  62 
(Length: 4)  2  30  38  50 
(Length: 4)  2  30  68  78 
(Length: 4)  2  62  69  78 
(Length: 4)  2  24  54  58 
(Length: 5)  2  24  68  69  78 
(Length: 5)  2  68  71  78  82 
(Length: 5)  2  69  71  78  94 
(Length: 5)  2  24  69  78  94 
(Length: 4)  2  24  78  87 
(Length: 4)  2  46  78  97 
(Length: 4)  2  13  38  91 
(Length: 4)  2  38  50  97 
(Length: 4)  2  30  50  90 
(Length: 4)  2  19  46  97 
(Length: 5)  2  18  54  62  82 
(Length: 3)  2  13  87 
(Length: 4)  2  54  58  83 
(Length: 4)  2  54  58  90 
(Length: 4)  2  46  78  94 
(Length: 4)  2  50  78  97 
(Length: 3)  2  41  82 
(Length: 4)  2  30  50  78 
(Length: 4)  2  46  58  94 
(Length: 5)  2  30  68  90  91 
(Length: 5)  2  6  17  77  83 
(Length: 4)  2  19  38  41 
(Length: 4)  2  69  91  94 
(Length: 4)  2  19  30  38 
(Length: 5)  2  30  54  62  78 
(Length: 4)  2  83  91  94 
(Length: 5)  3  59  71  75  79 
(Length: 4)  3  24  47  75 
(Length: 4)  3  24  35  47 
(Length: 3)  3  81  97 
(Length: 4)  3  24  47  50 
(Length: 5)  3  16  24  47  66 
(Length: 5)  3  9  59  71  75 
(Length: 3)  3  41  59 
(Length: 4)  3  47  66  89 
(Length: 4)  3  47  59  96 
(Length: 3)  3  71  81 
(Length: 4)  3  47  59  75 
(Length: 4)  3  35  38  70 
(Length: 4)  3  10  39  64 
(Length: 3)  3  10  56 
(Length: 3)  3  35  71 
(Length: 3)  3  10  97 
(Length: 4)  3  10  35  47 
(Length: 5)  3  9  56  71  75 
(Length: 4)  3  9  16  64 
(Length: 5)  3  38  72  89  97 
(Length: 4)  3  9  39  64 
(Length: 4)  3  38  41  70 
(Length: 4)  3  51  66  89 
(Length: 4)  3  38  50  97 
(Length: 4)  3  9  56  89 
(Length: 4)  3  9  64  96 
(Length: 5)  3  9  72  89  97 
(Length: 5)  3  51  70  89  97 
(Length: 4)  3  16  24  81 
(Length: 4)  3  16  51  66 
(Length: 4)  3  9  39  89 
(Length: 4)  3  39  66  89 
(Length: 5)  3  18  38  39  79 
(Length: 3)  3  70  75 
(Length: 4)  3  51  56  89 
(Length: 4)  3  44  72  97 
(Length: 4)  3  44  71  79 
(Length: 5)  3  38  70  89  97 
(Length: 4)  3  44  70  97 
(Length: 3)  3  18  51 
(Length: 4)  3  24  39  66 
(Length: 5)  3  38  39  79  89 
(Length: 4)  3  38  79  96 
(Length: 4)  3  59  79  99 
(Length: 4)  3  59  79  96 
(Length: 3)  3  41  56 
(Length: 4)  3  16  81  99 
(Length: 4)  3  9  59  96 
(Length: 3)  4  11  87 
(Length: 3)  4  15  70 
(Length: 4)  4  41  43  77 
(Length: 3)  4  43  49 
(Length: 4)  4  47  74  87 
(Length: 5)  4  32  41  43  46 
(Length: 3)  4  11  91 
(Length: 3)  4  7  47 
(Length: 3)  4  32  66 
(Length: 4)  4  46  47  87 
(Length: 4)  4  32  40  41 
(Length: 5)  4  32  33  41  46 
(Length: 3)  4  41  70 
(Length: 3)  4  7  77 
(Length: 3)  4  40  64 
(Length: 3)  4  15  32 
(Length: 3)  4  15  49 
(Length: 3)  4  64  91 
(Length: 3)  4  46  99 
(Length: 3)  4  11  70 
(Length: 4)  4  47  66  87 
(Length: 3)  4  49  99 
(Length: 3)  4  40  49 
(Length: 3)  5  15  85 
(Length: 3)  5  26  35 
(Length: 3)  5  7  16 
(Length: 3)  5  26  44 
(Length: 3)  5  26  53 
(Length: 4)  5  15  42  65 
(Length: 3)  5  26  84 
(Length: 3)  5  11  65 
(Length: 3)  5  8  26 
(Length: 3)  5  11  84 
(Length: 3)  5  75  82 
(Length: 3)  5  15  50 
(Length: 3)  5  11  44 
(Length: 3)  5  12  75 
(Length: 3)  5  7  19 
(Length: 3)  5  7  50 
(Length: 4)  5  16  82  84 
(Length: 4)  5  26  40  85 
(Length: 4)  5  62  82  84 
(Length: 3)  5  35  90 
(Length: 3)  5  42  84 
(Length: 3)  5  19  62 
(Length: 5)  5  19  40  42  65 
(Length: 3)  5  85  90 
(Length: 3)  5  35  42 
(Length: 3)  5  15  75 
(Length: 4)  5  11  50  90 
(Length: 4)  6  73  77  80 
(Length: 4)  6  31  48  72 
(Length: 3)  6  16  81 
(Length: 3)  6  16  83 
(Length: 3)  6  16  92 
(Length: 4)  6  17  36  62 
(Length: 3)  6  69  74 
(Length: 4)  6  17  36  83 
(Length: 3)  6  53  81 
(Length: 4)  6  34  73  92 
(Length: 4)  6  53  72  83 
(Length: 3)  6  74  87 
(Length: 3)  6  55  80 
(Length: 4)  6  17  36  74 
(Length: 3)  6  74  81 
(Length: 3)  6  73  81 
(Length: 3)  6  31  36 
(Length: 4)  6  31  34  72 
(Length: 3)  6  16  55 
(Length: 3)  6  48  81 
(Length: 3)  6  72  74 
(Length: 4)  6  34  55  72 
(Length: 4)  6  34  69  73 
(Length: 4)  7  16  47  67 
(Length: 3)  7  50  97 
(Length: 3)  7  47  50 
(Length: 4)  7  47  67  86 
(Length: 3)  7  16  23 
(Length: 3)  7  19  86 
(Length: 4)  7  19  23  97 
(Length: 4)  8  14  22  37 
(Length: 3)  8  58  64 
(Length: 3)  8  14  64 
(Length: 3)  8  37  89 
(Length: 3)  8  22  26 
(Length: 3)  8  26  58 
(Length: 4)  9  58  63  67 
(Length: 5)  9  71  74  78  94 
(Length: 5)  9  71  74  78  82 
(Length: 5)  9  71  74  75  82 
(Length: 4)  9  14  27  28 
(Length: 3)  9  11  39 
(Length: 3)  9  11  71 
(Length: 4)  9  27  59  82 
(Length: 4)  9  11  14  91 
(Length: 5)  9  71  78  94  95 
(Length: 5)  9  16  28  64  92 
(Length: 4)  9  11  14  98 
(Length: 4)  9  28  59  71 
(Length: 3)  9  61  75 
(Length: 5)  9  14  28  40  64 
(Length: 4)  9  40  96  98 
(Length: 4)  9  39  64  92 
(Length: 5)  9  59  71  75  82 
(Length: 4)  9  40  89  98 
(Length: 4)  9  78  95  97 
(Length: 5)  9  78  82  95  98 
(Length: 5)  9  72  74  78  97 
(Length: 4)  9  17  82  89 
(Length: 5)  9  74  78  82  98 
(Length: 5)  9  48  72  78  89 
(Length: 4)  9  61  95  97 
(Length: 5)  9  16  58  64  95 
(Length: 4)  9  19  58  64 
(Length: 4)  9  16  61  95 
(Length: 4)  9  28  59  67 
(Length: 4)  9  40  63  94 
(Length: 3)  9  54  58 
(Length: 4)  9  48  61  95 
(Length: 4)  9  28  61  97 
(Length: 5)  9  78  82  89  98 
(Length: 4)  9  56  58  67 
(Length: 4)  9  28  40  61 
(Length: 4)  9  11  14  27 
(Length: 3)  9  92  98 
(Length: 4)  9  63  91  94 
(Length: 4)  9  58  94  95 
(Length: 4)  9  59  63  96 
(Length: 4)  9  59  63  75 
(Length: 4)  9  64  78  95 
(Length: 4)  9  59  63  67 
(Length: 4)  9  40  63  96 
(Length: 4)  9  58  64  96 
(Length: 4)  9  16  82  95 
(Length: 4)  9  16  58  67 
(Length: 3)  9  16  55 
(Length: 5)  9  58  63  72  94 
(Length: 4)  9  63  67  91 
(Length: 3)  9  61  91 
(Length: 4)  9  14  40  55 
(Length: 5)  9  72  78  89  97 
(Length: 4)  9  19  74  97 
(Length: 4)  9  48  78  95 
(Length: 6)  9  63  72  74  78  94 
(Length: 3)  9  63  92 
(Length: 4)  9  40  64  96 
(Length: 4)  9  58  63  96 
(Length: 4)  9  27  28  59 
(Length: 4)  9  27  28  92 
(Length: 3)  9  39  55 
(Length: 4)  9  14  40  56 
(Length: 4)  9  14  55  72 
(Length: 4)  9  14  55  91 
(Length: 5)  9  71  78  82  95 
(Length: 4)  9  19  40  64 
(Length: 4)  9  14  40  98 
(Length: 4)  9  14  64  91 
(Length: 5)  9  17  74  75  82 
(Length: 5)  9  74  75  82  98 
(Length: 4)  9  16  28  67 
(Length: 4)  9  28  48  61 
(Length: 4)  9  40  56  89 
(Length: 5)  9  59  71  82  95 
(Length: 4)  9  39  82  89 
(Length: 5)  9  54  78  82  98 
(Length: 4)  9  63  74  75 
(Length: 4)  9  55  72  78 
(Length: 5)  9  16  28  61  92 
(Length: 3)  10  29  45 
(Length: 4)  10  53  58  64 
(Length: 3)  10  15  65 
(Length: 3)  10  29  82 
(Length: 3)  10  68  82 
(Length: 3)  10  39  82 
(Length: 3)  10  45  47 
(Length: 3)  10  25  65 
(Length: 4)  10  25  31  36 
(Length: 4)  10  25  31  58 
(Length: 3)  10  36  45 
(Length: 4)  10  31  35  47 
(Length: 3)  10  31  39 
(Length: 4)  10  35  47  68 
(Length: 4)  10  35  47  94 
(Length: 3)  10  29  64 
(Length: 4)  10  31  35  58 
(Length: 4)  10  31  56  58 
(Length: 4)  10  35  68  90 
(Length: 3)  10  36  90 
(Length: 4)  10  35  58  94 
(Length: 4)  10  56  68  90 
(Length: 4)  10  56  58  90 
(Length: 4)  10  39  45  65 
(Length: 4)  10  35  58  90 
(Length: 4)  11  37  44  52 
(Length: 4)  11  37  44  71 
(Length: 4)  11  37  43  52 
(Length: 4)  11  14  20  70 
(Length: 4)  11  37  44  70 
(Length: 4)  11  27  37  52 
(Length: 3)  11  39  65 
(Length: 4)  11  24  39  57 
(Length: 3)  11  39  84 
(Length: 4)  11  24  50  52 
(Length: 3)  11  24  87 
(Length: 4)  11  50  57  90 
(Length: 4)  11  24  50  57 
(Length: 4)  11  52  84  91 
(Length: 3)  11  37  57 
(Length: 3)  11  44  77 
(Length: 3)  11  90  91 
(Length: 3)  11  44  98 
(Length: 3)  11  84  98 
(Length: 3)  11  20  84 
(Length: 4)  11  20  44  71 
(Length: 4)  11  43  52  84 
(Length: 5)  11  14  27  37  70 
(Length: 4)  11  20  44  70 
(Length: 3)  12  38  70 
(Length: 3)  12  59  95 
(Length: 3)  12  45  95 
(Length: 3)  12  38  72 
(Length: 3)  12  39  64 
(Length: 3)  12  33  38 
(Length: 3)  12  70  75 
(Length: 3)  12  39  45 
(Length: 3)  12  38  39 
(Length: 3)  12  64  95 
(Length: 4)  12  36  59  75 
(Length: 3)  12  32  33 
(Length: 4)  12  36  45  75 
(Length: 4)  13  63  74  94 
(Length: 4)  13  63  91  94 
(Length: 3)  13  64  91 
(Length: 4)  13  43  60  64 
(Length: 3)  13  21  34 
(Length: 4)  13  40  63  94 
(Length: 4)  13  19  40  64 
(Length: 4)  13  40  55  65 
(Length: 4)  13  53  60  64 
(Length: 4)  13  38  63  91 
(Length: 4)  13  19  74  97 
(Length: 5)  13  43  52  55  60 
(Length: 3)  13  65  99 
(Length: 5)  13  32  40  60  63 
(Length: 3)  13  74  87 
(Length: 4)  13  52  91  94 
(Length: 4)  13  40  52  94 
(Length: 4)  13  15  55  60 
(Length: 4)  13  52  55  91 
(Length: 4)  13  32  43  60 
(Length: 4)  13  40  60  64 
(Length: 5)  13  15  32  60  63 
(Length: 4)  13  15  55  65 
(Length: 3)  13  21  43 
(Length: 3)  13  34  55 
(Length: 4)  13  34  63  94 
(Length: 3)  13  21  87 
(Length: 5)  13  40  52  55  60 
(Length: 4)  13  19  40  65 
(Length: 5)  14  22  72  83  88 
(Length: 4)  14  28  31  60 
(Length: 4)  14  31  60  98 
(Length: 4)  14  20  28  40 
(Length: 4)  14  37  55  70 
(Length: 5)  14  28  40  60  64 
(Length: 4)  14  22  28  31 
(Length: 4)  14  40  55  60 
(Length: 5)  14  37  40  42  56 
(Length: 4)  14  60  70  83 
(Length: 4)  14  37  66  88 
(Length: 4)  14  40  60  83 
(Length: 4)  14  22  37  88 
(Length: 4)  14  40  60  98 
(Length: 4)  14  20  40  83 
(Length: 5)  14  31  42  56  60 
(Length: 3)  14  42  91 
(Length: 5)  14  37  42  56  88 
(Length: 5)  14  31  42  56  88 
(Length: 3)  14  83  91 
(Length: 5)  14  22  31  72  88 
(Length: 4)  14  37  40  55 
(Length: 4)  14  20  70  83 
(Length: 5)  14  40  42  56  60 
(Length: 4)  14  55  60  70 
(Length: 3)  14  66  98 
(Length: 4)  14  20  40  42 
(Length: 4)  15  57  69  96 
(Length: 4)  15  23  55  65 
(Length: 4)  15  57  63  96 
(Length: 3)  15  63  72 
(Length: 4)  15  57  69  73 
(Length: 5)  15  57  63  73  75 
(Length: 3)  15  57  85 
(Length: 4)  15  60  63  70 
(Length: 4)  15  60  70  83 
(Length: 4)  15  50  57  60 
(Length: 3)  15  55  72 
(Length: 4)  15  23  63  75 
(Length: 4)  15  55  57  60 
(Length: 4)  15  55  60  70 
(Length: 4)  15  57  60  63 
(Length: 4)  15  20  70  83 
(Length: 3)  15  49  73 
(Length: 3)  15  72  83 
(Length: 3)  15  42  60 
(Length: 4)  15  32  63  73 
(Length: 3)  15  49  83 
(Length: 4)  15  32  50  60 
(Length: 4)  15  32  69  73 
(Length: 3)  15  32  85 
(Length: 4)  15  32  60  83 
(Length: 4)  15  63  70  75 
(Length: 4)  16  24  29  95 
(Length: 4)  16  58  83  95 
(Length: 4)  16  23  37  55 
(Length: 4)  16  29  64  95 
(Length: 4)  16  24  58  95 
(Length: 4)  16  45  47  55 
(Length: 4)  16  24  28  47 
(Length: 3)  16  47  84 
(Length: 4)  16  25  37  51 
(Length: 4)  16  25  58  81 
(Length: 4)  16  25  61  81 
(Length: 4)  16  45  61  81 
(Length: 3)  16  28  99 
(Length: 4)  16  45  61  95 
(Length: 4)  16  24  29  81 
(Length: 4)  16  37  47  66 
(Length: 4)  16  23  28  61 
(Length: 3)  16  83  99 
(Length: 4)  16  29  82  95 
(Length: 4)  16  29  45  95 
(Length: 4)  16  24  29  66 
(Length: 4)  16  23  61  81 
(Length: 4)  16  29  66  82 
(Length: 4)  16  25  81  99 
(Length: 3)  16  28  51 
(Length: 3)  16  51  83 
(Length: 4)  16  37  51  66 
(Length: 4)  16  37  47  55 
(Length: 4)  16  24  58  81 
(Length: 4)  16  29  45  81 
(Length: 4)  16  28  47  67 
(Length: 3)  17  37  62 
(Length: 4)  17  36  60  83 
(Length: 3)  17  21  37 
(Length: 3)  17  36  90 
(Length: 3)  17  37  89 
(Length: 3)  17  21  90 
(Length: 4)  17  36  74  93 
(Length: 3)  17  21  83 
(Length: 3)  17  36  89 
(Length: 4)  17  36  74  75 
(Length: 3)  17  21  75 
(Length: 3)  18  51  73 
(Length: 3)  18  69  74 
(Length: 4)  18  38  63  92 
(Length: 3)  18  51  74 
(Length: 4)  18  39  62  82 
(Length: 4)  18  63  73  92 
(Length: 4)  18  38  79  80 
(Length: 3)  18  63  74 
(Length: 3)  18  74  79 
(Length: 3)  18  73  80 
(Length: 4)  18  38  39  92 
(Length: 4)  18  38  63  91 
(Length: 3)  18  74  82 
(Length: 4)  19  29  40  45 
(Length: 3)  19  40  73 
(Length: 4)  19  58  73  80 
(Length: 4)  19  58  64  80 
(Length: 4)  19  22  38  80 
(Length: 3)  19  38  42 
(Length: 5)  19  25  46  58  80 
(Length: 4)  19  29  40  64 
(Length: 3)  19  22  29 
(Length: 3)  19  22  86 
(Length: 4)  19  23  38  97 
(Length: 4)  19  23  40  65 
(Length: 4)  19  23  68  74 
(Length: 5)  19  40  42  45  65 
(Length: 3)  19  25  74 
(Length: 4)  19  23  74  97 
(Length: 4)  19  25  30  65 
(Length: 3)  19  30  64 
(Length: 3)  19  68  86 
(Length: 3)  19  40  41 
(Length: 3)  19  45  46 
(Length: 4)  20  58  83  95 
(Length: 4)  20  28  44  71 
(Length: 4)  20  71  82  95 
(Length: 3)  20  36  93 
(Length: 3)  20  42  84 
(Length: 4)  20  62  82  84 
(Length: 4)  20  47  84  86 
(Length: 4)  20  28  36  67 
(Length: 3)  20  26  40 
(Length: 3)  20  70  82 
(Length: 3)  20  36  83 
(Length: 3)  20  36  62 
(Length: 4)  20  36  67  86 
(Length: 4)  20  47  67  86 
(Length: 3)  20  58  67 
(Length: 4)  20  21  83  95 
(Length: 4)  20  28  47  67 
(Length: 3)  20  70  93 
(Length: 3)  20  26  44 
(Length: 4)  20  26  58  95 
(Length: 4)  20  26  84  86 
(Length: 3)  21  30  95 
(Length: 3)  21  54  83 
(Length: 3)  21  30  75 
(Length: 3)  21  34  45 
(Length: 3)  21  75  79 
(Length: 3)  21  34  73 
(Length: 3)  21  34  79 
(Length: 3)  21  85  90 
(Length: 4)  21  45  75  87 
(Length: 3)  21  43  46 
(Length: 3)  21  37  73 
(Length: 4)  21  45  46  85 
(Length: 3)  21  79  95 
(Length: 4)  21  45  46  87 
(Length: 4)  21  73  75  87 
(Length: 3)  21  45  95 
(Length: 3)  21  83  87 
(Length: 4)  21  30  54  90 
(Length: 4)  21  37  43  79 
(Length: 4)  22  28  47  85 
(Length: 4)  22  37  38  88 
(Length: 4)  22  37  43  88 
(Length: 4)  22  37  47  86 
(Length: 4)  22  28  38  92 
(Length: 4)  22  36  85  88 
(Length: 4)  22  28  36  59 
(Length: 4)  22  31  36  88 
(Length: 4)  22  38  72  88 
(Length: 4)  22  37  86  88 
(Length: 4)  22  36  86  88 
(Length: 4)  22  28  31  36 
(Length: 3)  22  26  86 
(Length: 4)  22  26  38  92 
(Length: 4)  22  36  83  88 
(Length: 4)  22  36  59  88 
(Length: 3)  22  26  85 
(Length: 4)  22  28  31  47 
(Length: 4)  22  28  36  85 
(Length: 4)  22  28  47  59 
(Length: 4)  22  47  80  85 
(Length: 3)  22  29  43 
(Length: 3)  23  40  63 
(Length: 4)  23  63  90  91 
(Length: 5)  23  74  81  93  97 
(Length: 5)  23  28  36  59  90 
(Length: 3)  23  55  91 
(Length: 3)  23  55  93 
(Length: 4)  23  28  68  90 
(Length: 4)  23  36  59  93 
(Length: 4)  23  37  68  89 
(Length: 4)  23  36  74  93 
(Length: 3)  23  36  89 
(Length: 4)  23  36  59  75 
(Length: 3)  23  61  75 
(Length: 4)  23  37  40  55 
(Length: 4)  23  61  81  97 
(Length: 4)  23  40  55  65 
(Length: 4)  23  68  90  91 
(Length: 4)  23  59  63  90 
(Length: 4)  23  38  63  91 
(Length: 4)  23  63  74  75 
(Length: 4)  23  28  61  97 
(Length: 4)  23  28  38  97 
(Length: 5)  23  37  38  89  97 
(Length: 4)  23  61  81  91 
(Length: 4)  23  59  63  75 
(Length: 4)  23  28  40  61 
(Length: 4)  23  37  40  89 
(Length: 4)  23  36  74  75 
(Length: 4)  24  50  78  95 
(Length: 5)  24  52  78  81  94 
(Length: 5)  24  35  47  68  86 
(Length: 5)  24  28  47  52  85 
(Length: 4)  24  58  94  95 
(Length: 5)  24  47  52  85  94 
(Length: 4)  24  78  94  95 
(Length: 3)  24  81  86 
(Length: 4)  24  47  78  87 
(Length: 4)  24  58  81  94 
(Length: 5)  24  28  31  47  52 
(Length: 4)  24  68  78  95 
(Length: 4)  24  68  69  86 
(Length: 4)  24  35  58  94 
(Length: 4)  24  31  35  58 
(Length: 3)  24  57  85 
(Length: 5)  24  47  50  52  78 
(Length: 3)  24  31  39 
(Length: 5)  24  31  35  47  52 
(Length: 4)  24  29  57  69 
(Length: 5)  24  35  47  68  78 
(Length: 6)  24  35  47  52  78  94 
(Length: 3)  24  57  75 
(Length: 4)  24  47  52  75 
(Length: 4)  24  47  66  87 
(Length: 4)  24  47  75  87 
(Length: 4)  24  28  47  68 
(Length: 4)  25  33  46  81 
(Length: 3)  25  31  34 
(Length: 5)  25  46  60  78  81 
(Length: 4)  25  48  81  93 
(Length: 3)  25  33  65 
(Length: 3)  25  54  99 
(Length: 3)  25  30  61 
(Length: 3)  25  80  93 
(Length: 4)  25  30  54  78 
(Length: 4)  25  30  36  76 
(Length: 4)  25  46  81  99 
(Length: 4)  25  81  93  99 
(Length: 4)  25  46  61  81 
(Length: 4)  25  36  51  76 
(Length: 4)  25  30  65  76 
(Length: 4)  25  36  57  60 
(Length: 3)  25  34  93 
(Length: 3)  25  34  69 
(Length: 4)  25  46  61  80 
(Length: 4)  25  31  48  60 
(Length: 4)  25  31  36  60 
(Length: 5)  25  36  51  74  93 
(Length: 4)  25  48  61  81 
(Length: 4)  25  37  57  69 
(Length: 5)  25  48  60  78  81 
(Length: 4)  25  46  58  81 
(Length: 4)  25  46  78  87 
(Length: 3)  25  65  99 
(Length: 4)  25  69  74  78 
(Length: 5)  25  30  36  57  93 
(Length: 4)  25  74  81  93 
(Length: 4)  25  54  60  78 
(Length: 4)  25  74  78  87 
(Length: 4)  25  74  78  81 
(Length: 4)  26  40  56  85 
(Length: 4)  26  46  56  58 
(Length: 4)  26  40  85  94 
(Length: 4)  26  58  94  95 
(Length: 4)  26  78  94  95 
(Length: 4)  26  58  79  95 
(Length: 4)  26  46  84  94 
(Length: 4)  26  56  84  86 
(Length: 3)  26  35  86 
(Length: 4)  26  58  63  94 
(Length: 4)  26  53  58  79 
(Length: 4)  26  46  85  94 
(Length: 4)  26  45  46  85 
(Length: 5)  26  35  46  58  94 
(Length: 4)  26  38  63  92 
(Length: 3)  26  35  38 
(Length: 3)  26  44  92 
(Length: 4)  26  46  56  84 
(Length: 4)  26  46  56  85 
(Length: 5)  26  35  46  78  94 
(Length: 3)  26  38  79 
(Length: 4)  26  63  78  94 
(Length: 3)  26  45  95 
(Length: 4)  26  40  63  94 
(Length: 3)  26  44  79 
(Length: 4)  26  40  45  63 
(Length: 4)  26  40  45  85 
(Length: 4)  27  32  41  46 
(Length: 3)  27  37  79 
(Length: 4)  27  41  70  82 
(Length: 4)  27  35  37  70 
(Length: 4)  27  59  79  99 
(Length: 4)  27  41  59  82 
(Length: 4)  27  28  59  99 
(Length: 3)  27  41  52 
(Length: 3)  27  41  92 
(Length: 3)  27  46  99 
(Length: 3)  27  35  46 
(Length: 4)  27  35  37  52 
(Length: 3)  27  28  52 
(Length: 3)  27  32  79 
(Length: 4)  28  40  64  85 
(Length: 3)  28  90  92 
(Length: 4)  28  51  76  97 
(Length: 4)  28  68  71  73 
(Length: 4)  28  31  36  60 
(Length: 4)  28  36  51  76 
(Length: 4)  28  31  36  67 
(Length: 4)  28  31  52  60 
(Length: 4)  28  47  59  67 
(Length: 3)  28  44  97 
(Length: 4)  28  31  48  60 
(Length: 3)  28  31  71 
(Length: 4)  28  40  52  60 
(Length: 3)  28  49  99 
(Length: 4)  28  40  52  85 
(Length: 3)  28  73  92 
(Length: 4)  28  36  85  90 
(Length: 4)  28  36  49  51 
(Length: 4)  28  36  59  67 
(Length: 4)  28  51  73  77 
(Length: 3)  28  38  77 
(Length: 4)  28  68  71  76 
(Length: 3)  28  44  77 
(Length: 5)  28  40  49  51  73 
(Length: 3)  28  44  92 
(Length: 3)  28  48  90 
(Length: 5)  28  31  47  52  67 
(Length: 3)  28  44  52 
(Length: 3)  29  45  77 
(Length: 3)  29  33  81 
(Length: 4)  29  45  57  69 
(Length: 3)  29  48  81 
(Length: 4)  30  50  57  93 
(Length: 4)  30  50  52  78 
(Length: 3)  30  61  95 
(Length: 3)  30  52  75 
(Length: 4)  30  38  50  57 
(Length: 3)  30  64  91 
(Length: 4)  30  35  38  91 
(Length: 4)  30  64  78  95 
(Length: 4)  30  68  76  91 
(Length: 3)  30  36  62 
(Length: 4)  30  50  57  90 
(Length: 4)  30  35  52  78 
(Length: 3)  30  61  75 
(Length: 5)  30  35  68  90  91 
(Length: 4)  30  36  57  90 
(Length: 4)  30  50  78  95 
(Length: 4)  30  36  57  75 
(Length: 4)  30  35  68  78 
(Length: 3)  30  61  91 
(Length: 4)  30  68  78  95 
(Length: 4)  30  35  52  91 
(Length: 4)  31  36  60  98 
(Length: 3)  31  58  72 
(Length: 3)  31  35  71 
(Length: 3)  31  56  71 
(Length: 4)  31  47  96  98 
(Length: 3)  31  32  60 
(Length: 3)  31  32  89 
(Length: 3)  31  32  71 
(Length: 3)  31  39  88 
(Length: 4)  31  56  67  88 
(Length: 4)  31  56  58  67 
(Length: 4)  31  48  72  89 
(Length: 4)  31  34  56  89 
(Length: 4)  31  34  72  89 
(Length: 4)  31  47  89  98 
(Length: 4)  31  47  52  96 
(Length: 4)  31  34  56  67 
(Length: 4)  31  36  67  88 
(Length: 3)  31  39  89 
(Length: 4)  31  35  42  88 
(Length: 4)  31  36  89  98 
(Length: 3)  31  32  58 
(Length: 3)  31  58  96 
(Length: 4)  32  40  60  83 
(Length: 4)  32  79  80  89 
(Length: 3)  32  40  89 
(Length: 3)  32  71  79 
(Length: 3)  32  71  76 
(Length: 4)  32  58  63  73 
(Length: 3)  32  43  79 
(Length: 4)  32  69  71  73 
(Length: 5)  32  43  46  60  78 
(Length: 4)  32  46  80  85 
(Length: 3)  32  40  85 
(Length: 4)  32  43  69  78 
(Length: 3)  32  78  89 
(Length: 3)  32  76  89 
(Length: 4)  32  46  58  80 
(Length: 4)  32  60  63  78 
(Length: 4)  32  66  80  89 
(Length: 4)  32  40  63  73 
(Length: 3)  32  76  83 
(Length: 4)  32  58  79  80 
(Length: 3)  32  58  83 
(Length: 4)  32  69  71  78 
(Length: 4)  32  40  41  63 
(Length: 4)  32  58  73  80 
(Length: 4)  32  50  60  78 
(Length: 3)  33  86  88 
(Length: 3)  33  81  86 
(Length: 4)  33  38  41  88 
(Length: 4)  34  63  72  94 
(Length: 3)  34  44  79 
(Length: 4)  34  41  63  92 
(Length: 3)  34  44  92 
(Length: 4)  34  63  73  92 
(Length: 3)  34  69  94 
(Length: 3)  34  45  55 
(Length: 3)  34  55  93 
(Length: 3)  34  45  69 
(Length: 3)  34  49  73 
(Length: 3)  34  45  89 
(Length: 3)  34  79  89 
(Length: 4)  34  41  63  67 
(Length: 4)  34  56  67  69 
(Length: 3)  34  45  63 
(Length: 4)  34  41  56  67 
(Length: 3)  34  44  72 
(Length: 5)  35  37  38  42  88 
(Length: 4)  35  37  86  88 
(Length: 5)  35  47  68  74  78 
(Length: 4)  35  37  47  52 
(Length: 5)  35  37  47  68  86 
(Length: 4)  35  46  58  80 
(Length: 4)  35  37  68  71 
(Length: 4)  35  38  42  91 
(Length: 4)  35  46  47  80 
(Length: 5)  35  68  71  74  78 
(Length: 5)  35  47  74  78  94 
(Length: 4)  35  37  38  70 
(Length: 4)  35  38  42  77 
(Length: 5)  35  46  47  78  94 
(Length: 5)  35  71  74  78  94 
(Length: 4)  35  38  77  80 
(Length: 4)  35  52  91  94 
(Length: 4)  35  58  80  90 
(Length: 4)  36  59  75  79 
(Length: 4)  36  51  74  98 
(Length: 3)  36  79  89 
(Length: 4)  36  45  57  85 
(Length: 4)  36  74  75  79 
(Length: 4)  36  45  89  98 
(Length: 4)  36  51  76  83 
(Length: 4)  36  49  62  88 
(Length: 4)  36  67  86  88 
(Length: 4)  36  74  75  98 
(Length: 4)  36  45  57  75 
(Length: 4)  36  57  85  90 
(Length: 4)  36  49  51  98 
(Length: 4)  36  59  67  88 
(Length: 4)  36  57  85  93 
(Length: 4)  36  49  83  88 
(Length: 4)  36  45  85  88 
(Length: 4)  36  51  89  98 
(Length: 4)  36  45  75  98 
(Length: 4)  36  51  76  89 
(Length: 4)  36  49  51  83 
(Length: 3)  37  62  69 
(Length: 4)  37  47  66  89 
(Length: 4)  37  47  68  89 
(Length: 3)  37  55  57 
(Length: 4)  37  47  52  55 
(Length: 4)  37  49  62  88 
(Length: 4)  37  43  52  55 
(Length: 4)  37  44  71  79 
(Length: 4)  37  44  70  97 
(Length: 4)  37  51  66  89 
(Length: 5)  37  51  70  89  97 
(Length: 4)  37  38  79  89 
(Length: 4)  37  43  56  69 
(Length: 4)  37  43  49  88 
(Length: 5)  37  40  51  56  89 
(Length: 5)  37  40  49  51  73 
(Length: 3)  37  38  57 
(Length: 3)  37  53  79 
(Length: 5)  37  68  69  71  73 
(Length: 5)  37  56  68  69  86 
(Length: 5)  37  38  70  89  97 
(Length: 4)  37  40  52  55 
(Length: 4)  37  56  68  89 
(Length: 4)  37  43  56  88 
(Length: 4)  37  57  69  73 
(Length: 4)  37  56  86  88 
(Length: 5)  37  56  68  69  71 
(Length: 3)  38  92  98 
(Length: 3)  38  96  98 
(Length: 4)  38  41  63  92 
(Length: 3)  38  39  88 
(Length: 4)  38  57  63  92 
(Length: 4)  38  57  63  96 
(Length: 3)  38  77  96 
(Length: 3)  38  89  98 
(Length: 3)  38  63  72 
(Length: 4)  38  79  80  89 
(Length: 4)  38  41  63  70 
(Length: 4)  38  39  57  92 
(Length: 3)  39  46  84 
(Length: 4)  39  82  84  89 
(Length: 3)  39  45  88 
(Length: 4)  39  45  55  65 
(Length: 4)  39  62  82  84 
(Length: 3)  39  66  88 
(Length: 4)  39  62  84  88 
(Length: 4)  39  45  55  57 
(Length: 4)  39  66  82  89 
(Length: 3)  39  45  46 
(Length: 3)  39  45  89 
(Length: 3)  40  41  52 
(Length: 3)  40  41  56 
(Length: 4)  40  49  51  83 
(Length: 4)  40  49  51  98 
(Length: 4)  40  45  55  65 
(Length: 4)  40  52  85  94 
(Length: 4)  40  51  89  98 
(Length: 3)  40  45  61 
(Length: 4)  40  45  63  96 
(Length: 4)  40  45  89  98 
(Length: 4)  40  45  96  98 
(Length: 3)  40  52  96 
(Length: 3)  40  83  94 
(Length: 3)  41  48  90 
(Length: 4)  41  59  67  88 
(Length: 4)  41  43  46  56 
(Length: 3)  41  56  90 
(Length: 3)  41  48  95 
(Length: 4)  41  59  88  95 
(Length: 4)  41  59  82  95 
(Length: 5)  41  43  56  67  88 
(Length: 4)  41  59  63  67 
(Length: 4)  41  59  63  90 
(Length: 4)  41  63  90  92 
(Length: 4)  41  43  52  67 
(Length: 3)  42  65  99 
(Length: 3)  42  84  91 
(Length: 3)  42  45  91 
(Length: 3)  42  45  77 
(Length: 4)  42  56  60  84 
(Length: 3)  42  45  88 
(Length: 4)  42  56  84  88 
(Length: 5)  43  52  55  60  78 
(Length: 4)  43  56  84  88 
(Length: 5)  43  46  56  60  84 
(Length: 4)  43  52  60  84 
(Length: 4)  43  56  67  69 
(Length: 4)  43  49  84  88 
(Length: 4)  43  60  64  78 
(Length: 3)  44  92  98 
(Length: 4)  45  46  47  87 
(Length: 3)  45  61  75 
(Length: 3)  45  69  91 
(Length: 4)  45  47  75  87 
(Length: 3)  45  77  96 
(Length: 4)  45  57  63  75 
(Length: 3)  45  88  95 
(Length: 3)  45  63  91 
(Length: 4)  45  46  47  98 
(Length: 4)  45  47  75  98 
(Length: 4)  45  46  61  81 
(Length: 4)  45  47  96  98 
(Length: 4)  45  47  89  98 
(Length: 4)  45  61  81  91 
(Length: 3)  45  95  98 
(Length: 4)  45  57  63  96 
(Length: 3)  45  55  91 
(Length: 4)  45  46  47  85 
(Length: 4)  45  57  69  96 
(Length: 4)  46  60  78  98 
(Length: 4)  46  47  80  85 
(Length: 4)  46  47  78  98 
(Length: 4)  46  58  81  94 
(Length: 3)  46  56  87 
(Length: 4)  46  78  81  94 
(Length: 4)  46  47  84  98 
(Length: 4)  46  78  81  97 
(Length: 4)  46  47  78  87 
(Length: 4)  46  60  84  98 
(Length: 4)  46  61  81  97 
(Length: 4)  46  47  85  94 
(Length: 4)  46  47  84  94 
(Length: 4)  47  52  84  94 
(Length: 4)  47  74  78  87 
(Length: 4)  47  74  78  98 
(Length: 4)  47  52  55  78 
(Length: 4)  47  68  78  89 
(Length: 4)  47  74  75  87 
(Length: 4)  47  66  80  89 
(Length: 4)  47  66  89  98 
(Length: 4)  47  74  75  98 
(Length: 4)  47  78  89  98 
(Length: 3)  47  55  80 
(Length: 4)  47  50  74  78 
(Length: 4)  47  52  84  96 
(Length: 4)  47  84  96  98 
(Length: 4)  47  84  89  98 
(Length: 4)  49  62  84  88 
(Length: 3)  49  83  99 
(Length: 3)  49  84  98 
(Length: 4)  50  78  95  97 
(Length: 4)  50  74  78  97 
(Length: 4)  50  52  60  78 
(Length: 4)  50  74  93  97 
(Length: 3)  51  77  83 
(Length: 4)  51  70  76  83 
(Length: 4)  51  70  93  97 
(Length: 4)  51  74  93  97 
(Length: 4)  51  66  89  98 
(Length: 5)  51  70  76  89  97 
(Length: 4)  52  84  91  94 
(Length: 3)  52  67  91 
(Length: 4)  52  60  78  81 
(Length: 4)  52  81  91  94 
(Length: 3)  53  58  81 
(Length: 4)  53  58  72  83 
(Length: 3)  53  60  83 
(Length: 3)  53  60  81 
(Length: 4)  54  60  78  98 
(Length: 3)  54  60  83 
(Length: 3)  54  83  99 
(Length: 3)  55  70  93 
(Length: 3)  55  80  93 
(Length: 3)  55  57  93 
(Length: 3)  56  85  88 
(Length: 4)  56  67  69  86 
(Length: 3)  56  84  89 
(Length: 4)  56  67  86  88 
(Length: 3)  56  75  87 
(Length: 3)  56  85  90 
(Length: 4)  56  84  86  88 
(Length: 4)  57  63  90  92 
(Length: 4)  57  63  73  92 
(Length: 4)  58  83  94  95 
(Length: 4)  58  72  83  94 
(Length: 3)  58  63  90 
(Length: 3)  58  73  81 
(Length: 3)  58  79  96 
(Length: 3)  59  93  99 
(Length: 4)  59  71  79  95 
(Length: 3)  64  80  85 
(Length: 3)  66  80  90 
(Length: 4)  66  82  89  98 
(Length: 3)  67  69  91 
(Length: 5)  68  69  71  74  78 
(Length: 5)  68  71  74  78  82 
(Length: 3)  68  76  89 
(Length: 4)  68  78  82  89 
(Length: 5)  68  71  78  82  95 
(Length: 5)  69  71  74  78  94 
(Length: 3)  70  82  89 
(Length: 3)  70  75  82 
(Length: 4)  71  74  75  79 
(Length: 3)  71  73  75 
(Length: 3)  71  73  81 
(Length: 5)  71  74  78  81  94 
(Length: 4)  74  78  81  97 
(Length: 3)  76  83  91 
(Length: 3)  80  85  90 
(Length: 3)  80  85  93 
(Length: 4)  82  84  89  98 
(Length: 3)  83  88  95 
...model cost: 0.98 seconds  46541 FFE
 (opt) 447.00000000 == 447.00000000 (sur)  OPTIMALITY TEST PASSED!
   BESTimpr 403.00000000 -> 439.00000000
*111***11111**1*****1***1*11**11****1*1*1*1****1*11**1*111*****1*1*1***11******1****1*11*1**1***11**


11*1*1*11*11****111*11*******1****111****1***11**1*11*1****1**11111*1***1**11111*111111***1**1*1111*


******1**11*1**1*11**111*1*1*1*1***1*1*11*1**11**1**11111*****11***********1**111*111111*1**1**11*1*

