Walsh model started...
 56  34  73  51  64  77  98  66  93  68  80  76  20  4  59  41  42  5  61  55 
 74  70  8  94  2  86  78  80  35  12  98  97  36  62  38  55  24  9  30  54  46  26  95  77  64  56  65  73  41 
 61  60  1  86  78  44  73  8  27  74  59  15  70  3  29  39  32  95  14  93  11  16  22  77  90  26  48  12  65  58  49  42  54  9 
 47  13  96  46  71  6  20  52  64  67  2  70  59  22  7  5  55  14 
 41  86  0  59  20  93  43  51  91  81  25  99  94  55  88  82  12  46  26 
 92  62  64  57  53  15  29  79  25  34  54  96  59  42  0  41  9  55  23  89  94  78  99  3  95  97 
 8  36  71  3  39  96  74  44  43  35  11  22  14  32  72  7  85  65 
 32  25  53  62  78  18  13  11  93  9  26  89  44  51  10  66  30  65  41  47  16  92  38  42  3  59  54  72  6 
 6  36  1  94  86  45  2  73  12  99  23  46  85  92  21  24  27  17  98  77  37  69  25  56  16  47 
 93  57  92  38  79  36  7  99  75  60  48  20  52  71  16  54  18  24  1  11  23  37  55  5  34  32  69  58  88  81  84  2 
 93  89  82  56  66  7  87  60  48  64  57  72  29  90  88  55 
 80  74  32  85  21  13  7  95  73  60  29  46  34  66  54  69  30  93  2  22  6  9  75  76  52  64  70  92  87  42  35  41  47 
 22  45  89  93  8  1  72  44  15  91  50  14  74  41  58  40  90  65  2  56  69  18  55  20  4  19  78  34  88  28  36  87 
 65  44  3  47  11  7  71  75  35  97  34  91  20  43  39  55  96  73  63  27  85  68 
 92  36  82  72  95  2  50  12  33  99  39  6  25  44  3  59  40  49  75  23 
 53  5  2  59  91  95  29  81  37  12  16  34  35  52  99  22  49  79  27 
 46  54  47  7  70  61  15  34  71  9  2  22  63  90  35  27  86  95  78  66  8 
 21  53  25  37  85  90  86  63  50  31  8  92  42  98  61  36  22  83  64  72  45  19  35  51  75 
 95  98  56  42  53  36  78  7  41  27  79  40  84  47  54  9  21  69  93  88  45  37  99  65  12  55 
 99  42  56  22  36  65  52  69  83  75  38  59  45  17  12  93  67  68 
 48  84  59  52  3  96  26  31  9  30  44  35  34  76  0  4  93  43  25  28  49  50  56  54  12  13  27 
 26  85  53  17  86  97  11  94  77  35  57  74  28  8  92  18  69  63  39  42  71  37  66  51 
 12  45  56  19  16  2  11  6  59  3  90  36  17  85  24  61  49  15 
 51  66  53  97  52  54  99  8  46  85  70  9  37  5  89  75  14  82  47 
 51  52  96  31  59  98  45  27  8  9  1  80  67  37  88  43  34  87  97  61  22  47  70 
 39  74  32  7  31  30  17  37  65  78  82  73  91  28  83  75  60  33  41  55  5  62  57  48  43  20  44  14  4  99  72  67  86  92  51  56  8 
 21  85  80  93  7  89  34  56  20  31  78  28  62  96  49  72  63  2  48  54  1  50  75  90  4  46 
 34  48  41  55  97  45  38  56  79  74  2  18  60  61  28  81  24  8  16  63  57  66  76  20  13  15 
 50  83  57  63  25  91  27  81  74  21  64  65  78  26  75  20  49  54  77  76  52  12  88  55  51 
 38  41  70  61  60  11  79  5  2  15  35  45  48  10  90  91 
 31  25  70  47  7  51  36  45  20  44  69  11  1  54  57  95  72  41  35  34  76  63  89 
 96  24  46  59  30  25  86  20  26  17  50  32  89  62  84  95  41 
 25  7  85  11  77  70  39  2  6  74  59  53  41  48  34  9  86  56  67  31  89 
 60  25  74  50  14  99  62  61  48  56  59  44  40  63  90  68  88 
 27  48  56  0  43  58  54  79  46  11  45  60  26  35  20  16  15  5  50  65  9  32  24  94  13  91  78  12  76  30 
 88  76  43  36  80  1  6  21  57  34  20  13  97  29  15  16  63  47  30  17  51  37  38  41  11 
 8  6  18  53  43  35  84  74  67  64  86  39  79  9  42  19  92  14  30  45  63  96  1  62  52  47  17  22  12  87  50  70 
 25  17  50  56  84  46  66  88  81  15  23  9  24  99  18  71  21  82  78  76  94  69  8  35  38  91  97  55 
 9  92  29  41  27  45  69  1  55  7  42  59  19  37  35 
 25  74  72  92  6  96  36  86  61  69  90  73  47  32  2  14  63  21  79  66  13  55 
 59  56  87  78  96  92  18  98  74  58  12  46  86  44  33  89  76  14  49 
 27  55  29  38  4  86  18  25  7  65  12  74  98  0  59  5  30  72  32  48  51  78  97  99  1  73  91  35  11  95  31 
 56  18  19  99  36  43  76  98  85  97  38  7  53  17  5  0  69  92  21  11  2  93  46 
 75  83  35  36  58  34  6  99  42  56  87  20  25  4  51  24  13  81  44  84 
 65  13  78  2  74  6  72  12  7  51  30  20  92  25  14  40  33  43  84 
 12  22  90  51  86  8  27  38  34  60  69  85  24  30  36  82  91  18  48  29  55  73  17  19  79  87 
 31  59  96  3  84  37  54  16  34  11  8  23  50  48  40  86  74  1  95  53  82  65  93  42  4  26 
 3  13  65  71  70  30  16  7  18  84  73  39  68  96  52  36  35  78  85  24  82  23  8  11 
 27  34  20  84  59  97  67  60  9  71  72  46  50  57  25  56  33  32  41  26  2  45  29  10  64 
 69  90  96  26  50  95  28  20  54  2  58  40  14  74  22  15 
 28  83  37  56  95  74  75  76  88  14  12  17  31  33  46  48  49  20  34  26  54  60  94  36  70 
 24  52  45  90  66  23  73  0  72  97  7  44  30  79  74  4  43  98  41  78  21  17  35  25  55  28 
 51  24  20  3  23  54  65  19  92  60  9  47  36  28  76  99  15  11  57  80  98 
 97  71  18  36  62  7  21  17  15  5  23  88  64  78  76  72  42  32  59  46  82 
 46  16  34  79  52  23  60  89  11  66  9  18  5  30  1  77  28  84  96  56  20  26  7  49  50  72  58  2 
 27  41  25  1  38  9  5  89  84  94  4  12  18  3  45  73  61  0  57  39  13  63  37  97  10  88  51  28 
 42  18  0  34  37  50  82  10  83  73  59  40  79  27  19  22  26  43  87  80  48  33  54  20  32  86  12  69  1  64  25  8  95  57 
 93  9  96  86  64  5  63  28  88  35  21  95  30  25  48  27  66  52  80  10  72  55  56 
 43  34  40  12  69  9  2  49  84  95  78  90  94  72  54 
 31  46  24  98  20  48  40  56  86  2  15  87  64  0  4  96  5  22  3  95  41  32  53  7  60  33  38  19  14  65  62 
 2  61  11  29  89  54  25  33  34  45  92  52  27  9  48  65  87  10  63  71  59  94  50  85  81 
 2  60  70  29  39  69  82  74  86  73  93  27  16  65  62  33  98  17  0  55  24  22 
 5  92  53  7  1  36  25  85  26  33  61  84  31  59  65 
 57  28  74  69  86  17  36  96  16  90  35  27  39  21  60  71  72  26  33  66  89  30  13  55 
 5  57  73  0  67  36  88  53  3  28  65  87  59  75  76  82  93  83  17  70  11  48  10  81  96  1  56  90 
 44  13  47  71  82  85  78  25  52  19  64  28  7  41  60  61  34  79  18  12  2  1  46  59  62  6 
 51  23  11  54  0  93  10  7  37  88  70  27  57  84  89  78  16  21  82  39  63  90  97 
 86  92  64  36  84  48  87  69  3  93  75  72  24  80  25  32  19  68 
 0  80  96  47  99  69  74  76  19  67  88  33  81  91  85  13 
 74  63  49  90  87  67  61  39  45  38  93  94  11  30  18  21  99  68  19  42  12  56  58  9  37  8 
 74  1  77  99  61  29  30  47  2  3  32  16  66  23  98  64  11  50  36  24 
 65  47  97  53  3  6  13  75  48  9  16  63  60  21  37 
 92  39  97  51  44  12  82  14  53  67  48  74  30  41  26  63  17  25  7  6  57  10  54  58 
 51  0  64  83  56  82  25  2  8  95  11  86  61  90  39  47  75  98  55  45  1  41  13  96 
 80  11  39  25  70  1  84  36  63  69  50  95  82  61  27  2  6  44  75  28  21  98  40  12  41  33  32  79  51  72  68  76  46  49  96 
 83  43  82  91  71  13  25  50  74  99  9  93  67  64  73  11  28  19  90  26  23  14  17 
 35  88  78  53  50  42  98  0  20  64  82  68  74  94  28  52  11  27  79  37  40  89  34  30  83 
 70  99  98  0  94  21  32  2  90  8  54  28  95  1 
 2  1  7  18  44  65  25  76  53  87  40  28  26  66  16  5  99  41  51  37  82  12  34  47  85  58  95 
 54  34  56  27  9  36  29  5  18  98  74  51  39  86  65  76  45  87  95  15 
 11  74  1  35  96  89  93  26  68  0  24  67  56  57  52 
 27  28  37  15  91  4  64  96  88  9  87  43  85  60  68 
 65  85  56  10  91  75  73  25  61  74  94  98  14  72  96  64  76  45  4  88  37  78  53  46  89  66  47  23 
 75  43  50  28  73  56  25  64  17  19  88  76 
 20  48  36  74  37  46  67  18  47  89  55  96  54  66  58  95  88  9  62  31  43  44 
 26  21  82  65  32  11  17  90  23  97  45  8  42  96  62  22  6  47  78  81  60  68  13 
 2  1  96  57  92  67  97  21  8  45  36  39  31  59  61  73  41  4  93  63  17  16  95  46  40  79  32  56  25 
 69  67  78  40  59  64  43  56  60  10  93  11  92  97  24  45  79  81  36  12  95  90 
 35  76  96  57  64  53  50  66  37  93  18  94  24  4  82  9  81  84  12  28  68  33  83  10  55 
 93  10  80  96  12  60  54  7  26  84  55  66  5  23  32  31  40  76  82  63  30 
 45  51  85  17  69  49  39  73  77  2  16  63  12  22  99  75  26  33  29  10  58  94  97  66  87  64  96 
 82  75  25  28  15  95  12  45  81  4  13  34  37  41  29  68 
 9  38  86  67  5  62  72  39  14  36  60  52  96  40  8  21  44  7  17  42  11  87  25  94 
 57  9  89  10  12  7  80  26  66  0  61  86  67  75  94  69  11  2  88  18  4  20  87  64  19  46  42 
 1  8  82  98  21  77  93  69  76  88  4  55  5  34  60  50  37  92  58  90  96 
 18  98  73  11  50  74  15  91  14  2  59  96  57  30  86  16  49  84  58  46  5  97  77  1  78  79  87  31  41  56 
 24  31  46  3  86  57  88  39  6  80  89  20  40  92  36  63  68  47  5  59  85  82  95  26  49  84  54  81  64  13  73  90  94  74 
 53  71  86  21  27  48  23  72  51  1  98  85  42  35  13  87  24  5  95  41  99  37  55  90  66 
 95  18  59  24  77  0  94  82  1  97  79  76  42  40  74  41  8  99  70  61  17  73  51  52 
 70  77  19  42  8  23  43  9  75  33  14  68  69  98  90  4  25  37  18  52  15  5  78  41  97 
-->CDecomWalshPart::vInitTrueLinkage-->GLBs: 1159
(Length: 4)  0  4  20  59 
(Length: 3)  0  5  34 
(Length: 4)  0  20  34  76 
(Length: 3)  0  56  80 
(Length: 3)  0  66  93 
(Length: 3)  0  61  93 
(Length: 4)  0  20  34  56 
(Length: 5)  0  4  41  51  55 
(Length: 4)  0  61  73  98 
(Length: 4)  0  4  41  59 
(Length: 4)  0  55  61  73 
(Length: 4)  0  5  59  64 
(Length: 3)  0  68  76 
(Length: 3)  0  77  98 
(Length: 3)  0  51  66 
(Length: 4)  0  4  20  93 
(Length: 5)  0  41  51  55  73 
(Length: 4)  0  41  59  98 
(Length: 5)  0  41  51  73  98 
(Length: 3)  0  80  93 
(Length: 3)  0  5  42 
(Length: 4)  0  5  41  59 
(Length: 3)  0  42  56 
(Length: 4)  0  5  41  55 
(Length: 4)  0  56  59  64 
(Length: 3)  0  42  93 
(Length: 4)  0  42  76  98 
(Length: 3)  0  64  76 
(Length: 3)  0  64  93 
(Length: 3)  0  68  80 
(Length: 4)  0  20  56  59 
(Length: 4)  0  56  64  73 
(Length: 5)  1  8  56  73  86 
(Length: 5)  1  41  86  95  97 
(Length: 5)  1  12  41  65  78 
(Length: 3)  1  9  36 
(Length: 5)  1  41  73  95  98 
(Length: 4)  1  41  78  95 
(Length: 4)  1  56  64  73 
(Length: 4)  1  12  41  74 
(Length: 4)  1  9  38  55 
(Length: 4)  1  2  9  54 
(Length: 4)  1  8  24  98 
(Length: 4)  1  2  26  54 
(Length: 4)  1  8  12  36 
(Length: 4)  1  12  41  55 
(Length: 4)  1  8  46  86 
(Length: 4)  1  2  8  12 
(Length: 4)  1  8  12  56 
(Length: 5)  1  2  12  65  78 
(Length: 5)  1  2  8  73  86 
(Length: 4)  1  2  12  74 
(Length: 4)  1  2  70  77 
(Length: 4)  1  2  8  77 
(Length: 3)  1  35  80 
(Length: 3)  1  24  80 
(Length: 4)  1  24  97  98 
(Length: 4)  1  30  36  70 
(Length: 3)  1  62  65 
(Length: 4)  1  36  64  70 
(Length: 3)  1  36  62 
(Length: 3)  1  30  54 
(Length: 4)  1  30  35  41 
(Length: 4)  1  35  38  41 
(Length: 4)  1  46  86  95 
(Length: 5)  1  41  74  95  98 
(Length: 5)  1  41  95  97  98 
(Length: 3)  1  46  65 
(Length: 4)  1  46  74  95 
(Length: 3)  1  9  24 
(Length: 4)  1  26  54  56 
(Length: 5)  1  56  73  86  95 
(Length: 4)  1  77  95  98 
(Length: 3)  1  26  62 
(Length: 4)  1  2  78  95 
(Length: 5)  1  2  73  86  95 
(Length: 4)  1  8  73  98 
(Length: 3)  1  74  80 
(Length: 4)  1  2  74  95 
(Length: 4)  1  30  41  95 
(Length: 4)  1  26  46  54 
(Length: 4)  1  70  74  98 
(Length: 4)  1  24  70  98 
(Length: 4)  1  12  36  74 
(Length: 4)  1  26  56  80 
(Length: 3)  1  64  65 
(Length: 4)  1  8  36  86 
(Length: 5)  1  41  73  86  95 
(Length: 4)  1  36  70  74 
(Length: 4)  1  2  54  77 
(Length: 4)  1  30  35  36 
(Length: 4)  1  35  41  97 
(Length: 4)  1  2  70  74 
(Length: 4)  1  2  77  95 
(Length: 4)  1  38  41  55 
(Length: 4)  1  70  77  98 
(Length: 4)  1  41  55  97 
(Length: 3)  1  55  94 
(Length: 5)  1  8  77  94  98 
(Length: 4)  1  2  26  78 
(Length: 4)  1  41  55  73 
(Length: 4)  2  16  22  61 
(Length: 4)  2  22  49  90 
(Length: 4)  2  12  58  90 
(Length: 4)  2  26  49  54 
(Length: 4)  2  48  59  60 
(Length: 4)  2  15  59  95 
(Length: 4)  2  49  58  95 
(Length: 4)  2  39  73  90 
(Length: 3)  2  12  93 
(Length: 3)  2  77  90 
(Length: 5)  2  12  44  65  78 
(Length: 4)  2  12  58  78 
(Length: 4)  2  15  22  49 
(Length: 4)  2  29  60  61 
(Length: 4)  2  26  49  90 
(Length: 4)  2  12  44  74 
(Length: 4)  2  12  22  90 
(Length: 4)  2  49  54  58 
(Length: 4)  2  58  78  95 
(Length: 4)  2  8  16  86 
(Length: 4)  2  9  16  54 
(Length: 4)  2  39  61  74 
(Length: 4)  2  11  73  95 
(Length: 3)  2  11  22 
(Length: 4)  2  32  39  74 
(Length: 4)  2  15  16  95 
(Length: 5)  2  39  61  73  86 
(Length: 4)  2  16  78  95 
(Length: 4)  2  11  74  95 
(Length: 4)  2  49  58  90 
(Length: 4)  2  16  27  61 
(Length: 3)  2  15  29 
(Length: 4)  2  61  70  74 
(Length: 4)  2  59  86  95 
(Length: 4)  2  15  16  27 
(Length: 4)  2  9  11  93 
(Length: 4)  2  11  29  70 
(Length: 4)  2  32  39  86 
(Length: 4)  2  9  32  48 
(Length: 4)  2  15  16  22 
(Length: 4)  2  29  48  60 
(Length: 4)  2  29  61  70 
(Length: 5)  2  11  32  70  74 
(Length: 4)  2  8  16  27 
(Length: 4)  2  12  15  22 
(Length: 4)  2  12  14  44 
(Length: 4)  2  16  86  95 
(Length: 3)  2  26  48 
(Length: 4)  2  15  49  95 
(Length: 4)  2  32  70  77 
(Length: 4)  2  60  61  65 
(Length: 4)  2  11  42  93 
(Length: 4)  2  9  54  58 
(Length: 4)  2  9  48  60 
(Length: 4)  2  9  11  32 
(Length: 4)  2  14  49  95 
(Length: 4)  2  16  61  86 
(Length: 4)  2  27  61  74 
(Length: 4)  2  11  29  60 
(Length: 4)  2  14  59  95 
(Length: 4)  2  16  61  70 
(Length: 3)  2  3  70 
(Length: 4)  2  3  14  59 
(Length: 5)  2  9  11  54  60 
(Length: 4)  2  15  22  59 
(Length: 4)  2  27  48  60 
(Length: 4)  2  32  48  59 
(Length: 4)  2  3  22  59 
(Length: 4)  2  61  86  93 
(Length: 4)  2  59  60  65 
(Length: 4)  2  16  22  90 
(Length: 3)  2  26  93 
(Length: 4)  2  27  60  61 
(Length: 3)  2  29  90 
(Length: 4)  2  32  59  86 
(Length: 4)  2  49  74  95 
(Length: 3)  2  14  39 
(Length: 4)  3  7  13  47 
(Length: 3)  3  20  52 
(Length: 4)  3  20  59  96 
(Length: 3)  3  6  71 
(Length: 3)  3  6  22 
(Length: 3)  3  5  55 
(Length: 4)  3  46  59  96 
(Length: 3)  3  6  14 
(Length: 5)  3  5  59  64  96 
(Length: 3)  3  6  7 
(Length: 4)  3  13  47  71 
(Length: 4)  3  13  20  96 
(Length: 3)  3  6  96 
(Length: 4)  3  13  47  96 
(Length: 3)  3  47  52 
(Length: 3)  3  13  55 
(Length: 3)  3  7  59 
(Length: 3)  3  64  67 
(Length: 3)  3  64  70 
(Length: 3)  3  47  70 
(Length: 4)  4  41  59  86 
(Length: 4)  4  12  41  55 
(Length: 4)  4  88  93  94 
(Length: 5)  4  25  41  51  55 
(Length: 4)  4  25  43  51 
(Length: 3)  4  43  81 
(Length: 4)  4  25  82  91 
(Length: 4)  4  25  43  99 
(Length: 4)  4  26  46  93 
(Length: 4)  4  55  88  94 
(Length: 4)  4  12  55  88 
(Length: 4)  4  12  41  91 
(Length: 3)  4  81  88 
(Length: 4)  4  82  88  94 
(Length: 3)  4  46  82 
(Length: 4)  4  46  59  86 
(Length: 3)  4  81  91 
(Length: 4)  4  12  20  93 
(Length: 4)  4  12  88  93 
(Length: 4)  4  25  41  86 
(Length: 4)  4  25  41  91 
(Length: 4)  4  25  41  99 
(Length: 4)  4  46  86  93 
(Length: 4)  4  20  25  43 
(Length: 4)  4  20  26  93 
(Length: 4)  5  9  23  99 
(Length: 3)  5  34  94 
(Length: 3)  5  34  78 
(Length: 5)  5  9  34  54  79 
(Length: 4)  5  59  95  96 
(Length: 4)  5  15  29  79 
(Length: 4)  5  9  55  57 
(Length: 4)  5  23  53  97 
(Length: 4)  5  9  23  54 
(Length: 4)  5  53  59  62 
(Length: 4)  5  41  59  95 
(Length: 4)  5  23  54  89 
(Length: 4)  5  41  78  95 
(Length: 3)  5  9  92 
(Length: 4)  5  15  53  59 
(Length: 4)  5  15  34  79 
(Length: 4)  5  15  59  95 
(Length: 4)  5  92  94  96 
(Length: 4)  5  42  53  97 
(Length: 4)  5  41  97  99 
(Length: 3)  5  29  41 
(Length: 4)  5  57  64  96 
(Length: 4)  5  54  89  96 
(Length: 4)  5  25  55  57 
(Length: 4)  5  57  95  96 
(Length: 3)  5  55  89 
(Length: 3)  5  55  94 
(Length: 4)  5  15  79  95 
(Length: 4)  5  41  55  97 
(Length: 3)  5  15  99 
(Length: 5)  5  25  41  78  99 
(Length: 4)  5  25  41  55 
(Length: 4)  5  23  97  99 
(Length: 3)  5  42  92 
(Length: 4)  5  42  97  99 
(Length: 4)  5  41  95  97 
(Length: 3)  5  53  78 
(Length: 4)  5  53  59  64 
(Length: 4)  5  25  62  92 
(Length: 3)  6  8  36 
(Length: 3)  6  65  71 
(Length: 4)  6  7  44  65 
(Length: 4)  6  7  11  32 
(Length: 4)  6  35  36  43 
(Length: 4)  6  11  22  85 
(Length: 4)  6  14  44  72 
(Length: 3)  6  85  96 
(Length: 4)  6  14  36  39 
(Length: 4)  6  7  44  72 
(Length: 5)  6  36  39  74  96 
(Length: 3)  6  11  35 
(Length: 3)  6  22  36 
(Length: 4)  6  11  32  74 
(Length: 4)  6  39  72  74 
(Length: 4)  6  32  39  74 
(Length: 3)  6  43  44 
(Length: 3)  6  65  85 
(Length: 4)  6  44  72  74 
(Length: 4)  6  14  39  72 
(Length: 3)  6  8  85 
(Length: 4)  6  11  32  85 
(Length: 4)  7  18  53  78 
(Length: 4)  7  18  42  93 
(Length: 4)  7  9  11  93 
(Length: 4)  7  9  11  92 
(Length: 4)  7  16  47  78 
(Length: 4)  7  9  18  54 
(Length: 4)  7  16  66  78 
(Length: 6)  7  25  30  41  51  72 
(Length: 4)  7  9  18  93 
(Length: 4)  7  26  54  72 
(Length: 4)  7  13  44  65 
(Length: 4)  7  11  42  92 
(Length: 4)  7  53  59  62 
(Length: 5)  7  10  66  89  93 
(Length: 4)  7  26  89  93 
(Length: 4)  7  41  59  65 
(Length: 4)  7  11  54  66 
(Length: 4)  7  30  54  72 
(Length: 4)  7  25  62  92 
(Length: 4)  7  11  30  41 
(Length: 4)  7  11  13  47 
(Length: 5)  7  25  44  72  92 
(Length: 5)  7  25  44  51  78 
(Length: 3)  7  32  89 
(Length: 4)  7  25  32  41 
(Length: 6)  7  25  30  44  51  72 
(Length: 4)  7  11  30  47 
(Length: 4)  7  25  62  65 
(Length: 5)  7  25  41  65  78 
(Length: 4)  7  51  66  78 
(Length: 5)  7  25  41  51  78 
(Length: 4)  7  30  54  89 
(Length: 4)  7  32  53  59 
(Length: 3)  7  26  62 
(Length: 3)  7  26  78 
(Length: 4)  7  26  54  89 
(Length: 4)  7  9  16  54 
(Length: 4)  7  11  66  93 
(Length: 4)  7  54  66  89 
(Length: 4)  7  11  30  54 
(Length: 4)  7  13  47  65 
(Length: 4)  7  16  54  66 
(Length: 4)  7  9  11  54 
(Length: 4)  7  9  38  92 
(Length: 4)  7  38  41  59 
(Length: 4)  7  32  41  59 
(Length: 5)  7  18  41  65  78 
(Length: 5)  7  18  47  65  78 
(Length: 4)  7  18  42  53 
(Length: 4)  7  38  42  92 
(Length: 4)  7  11  42  93 
(Length: 3)  7  10  72 
(Length: 5)  7  25  44  65  78 
(Length: 3)  7  53  72 
(Length: 4)  7  59  62  65 
(Length: 4)  7  9  11  32 
(Length: 4)  7  11  32  41 
(Length: 4)  8  16  46  86 
(Length: 4)  8  12  36  45 
(Length: 4)  8  23  37  99 
(Length: 4)  8  21  77  94 
(Length: 3)  8  36  47 
(Length: 5)  8  21  37  69  94 
(Length: 4)  8  12  56  69 
(Length: 4)  8  17  25  37 
(Length: 4)  8  25  37  99 
(Length: 3)  8  17  98 
(Length: 5)  8  17  25  86  92 
(Length: 4)  8  23  37  46 
(Length: 3)  8  16  47 
(Length: 3)  8  47  73 
(Length: 4)  8  25  37  56 
(Length: 3)  8  24  37 
(Length: 3)  8  24  47 
(Length: 4)  8  12  45  69 
(Length: 5)  8  17  36  45  86 
(Length: 4)  8  21  92  94 
(Length: 3)  8  27  56 
(Length: 4)  8  37  69  99 
(Length: 4)  8  45  73  86 
(Length: 4)  8  77  98  99 
(Length: 4)  8  17  21  37 
(Length: 4)  8  37  56  69 
(Length: 4)  8  23  47  85 
(Length: 5)  8  17  36  86  92 
(Length: 4)  8  17  45  85 
(Length: 5)  8  17  21  86  92 
(Length: 5)  8  25  56  73  86 
(Length: 4)  8  17  21  85 
(Length: 4)  8  24  27  45 
(Length: 4)  9  36  52  92 
(Length: 3)  9  52  57 
(Length: 4)  9  20  54  84 
(Length: 5)  9  11  52  54  60 
(Length: 4)  9  32  34  48 
(Length: 4)  9  20  34  48 
(Length: 4)  9  48  60  71 
(Length: 3)  9  71  75 
(Length: 3)  9  48  57 
(Length: 5)  9  11  52  60  92 
(Length: 3)  9  37  71 
(Length: 4)  9  34  48  60 
(Length: 3)  9  16  71 
(Length: 4)  9  18  88  93 
(Length: 4)  9  20  52  54 
(Length: 4)  9  11  69  93 
(Length: 4)  9  37  81  88 
(Length: 4)  9  24  37  88 
(Length: 4)  9  11  75  93 
(Length: 3)  9  60  81 
(Length: 4)  9  18  36  84 
(Length: 4)  9  37  38  55 
(Length: 4)  9  37  38  69 
(Length: 5)  9  18  37  69  99 
(Length: 4)  9  18  69  93 
(Length: 4)  9  57  88  93 
(Length: 4)  9  18  54  79 
(Length: 4)  9  54  58  84 
(Length: 3)  9  58  69 
(Length: 6)  9  18  37  55  84  88 
(Length: 4)  9  55  57  88 
(Length: 4)  9  18  36  79 
(Length: 4)  9  23  52  99 
(Length: 4)  9  18  54  84 
(Length: 4)  9  34  54  58 
(Length: 3)  9  24  34 
(Length: 4)  9  20  48  84 
(Length: 4)  9  20  34  54 
(Length: 4)  9  16  34  54 
(Length: 3)  9  20  93 
(Length: 4)  9  23  37  99 
(Length: 5)  9  11  34  54  60 
(Length: 4)  9  23  75  99 
(Length: 4)  9  11  32  34 
(Length: 4)  9  23  52  54 
(Length: 3)  9  24  52 
(Length: 3)  10  29  90 
(Length: 5)  10  48  56  57  64 
(Length: 4)  10  66  82  89 
(Length: 5)  10  57  64  88  93 
(Length: 4)  10  55  57  88 
(Length: 5)  10  57  66  88  93 
(Length: 3)  10  55  89 
(Length: 4)  10  29  48  60 
(Length: 4)  10  66  82  88 
(Length: 4)  10  64  82  88 
(Length: 3)  10  66  90 
(Length: 4)  10  64  87  93 
(Length: 4)  10  56  64  82 
(Length: 4)  10  48  57  72 
(Length: 3)  10  72  82 
(Length: 4)  10  56  64  87 
(Length: 3)  10  60  89 
(Length: 3)  10  60  87 
(Length: 4)  10  64  87  90 
(Length: 4)  11  34  46  54 
(Length: 3)  11  21  66 
(Length: 4)  11  41  74  95 
(Length: 4)  11  30  35  41 
(Length: 4)  11  13  35  47 
(Length: 4)  11  60  87  92 
(Length: 3)  11  52  76 
(Length: 3)  11  64  76 
(Length: 4)  11  13  47  73 
(Length: 5)  11  30  34  35  76 
(Length: 4)  11  64  87  93 
(Length: 4)  11  32  41  74 
(Length: 3)  11  35  80 
(Length: 4)  11  41  73  95 
(Length: 4)  11  42  46  93 
(Length: 4)  11  64  73  75 
(Length: 3)  11  74  80 
(Length: 4)  11  69  87  93 
(Length: 4)  11  30  47  70 
(Length: 3)  11  80  93 
(Length: 4)  11  21  42  69 
(Length: 3)  11  87  95 
(Length: 3)  11  74  76 
(Length: 3)  11  74  75 
(Length: 4)  11  46  74  95 
(Length: 4)  11  13  34  35 
(Length: 3)  11  52  80 
(Length: 4)  11  30  41  95 
(Length: 3)  11  64  70 
(Length: 4)  11  29  35  41 
(Length: 3)  11  60  85 
(Length: 3)  11  47  52 
(Length: 4)  11  13  73  75 
(Length: 4)  11  64  75  93 
(Length: 3)  11  30  69 
(Length: 3)  11  42  76 
(Length: 4)  11  30  34  54 
(Length: 4)  11  30  35  47 
(Length: 4)  11  21  69  74 
(Length: 4)  11  21  42  85 
(Length: 4)  11  21  42  92 
(Length: 4)  11  42  69  93 
(Length: 4)  11  13  47  85 
(Length: 3)  11  66  70 
(Length: 3)  11  21  35 
(Length: 4)  12  18  36  45 
(Length: 5)  12  19  22  36  45 
(Length: 4)  12  20  28  50 
(Length: 5)  12  20  34  50  56 
(Length: 3)  12  20  44 
(Length: 4)  12  40  58  78 
(Length: 4)  12  19  56  69 
(Length: 4)  12  14  44  72 
(Length: 3)  12  58  72 
(Length: 4)  12  34  65  78 
(Length: 4)  12  19  69  93 
(Length: 4)  12  40  78  87 
(Length: 4)  12  41  72  74 
(Length: 4)  12  15  34  91 
(Length: 3)  12  28  91 
(Length: 3)  12  89  93 
(Length: 4)  12  28  50  88 
(Length: 4)  12  28  50  74 
(Length: 4)  12  18  40  56 
(Length: 4)  12  14  40  44 
(Length: 4)  12  40  44  74 
(Length: 4)  12  18  55  88 
(Length: 4)  12  56  69  87 
(Length: 4)  12  40  56  87 
(Length: 4)  12  36  50  74 
(Length: 4)  12  28  65  78 
(Length: 4)  12  28  55  88 
(Length: 4)  12  22  45  90 
(Length: 4)  12  19  22  56 
(Length: 5)  12  18  41  65  78 
(Length: 4)  12  44  72  74 
(Length: 3)  12  19  65 
(Length: 4)  12  18  56  69 
(Length: 4)  12  18  88  93 
(Length: 5)  12  45  69  87  90 
(Length: 4)  12  18  45  69 
(Length: 3)  12  69  74 
(Length: 4)  12  40  44  78 
(Length: 4)  12  18  41  55 
(Length: 4)  12  14  36  50 
(Length: 4)  12  18  69  93 
(Length: 4)  12  34  58  78 
(Length: 4)  12  18  40  78 
(Length: 4)  12  18  45  55 
(Length: 4)  12  36  45  87 
(Length: 4)  12  34  45  91 
(Length: 4)  12  58  69  90 
(Length: 4)  12  69  87  93 
(Length: 4)  12  19  45  69 
(Length: 3)  12  40  89 
(Length: 3)  12  55  89 
(Length: 3)  13  71  75 
(Length: 4)  13  20  43  44 
(Length: 3)  13  35  63 
(Length: 3)  13  35  97 
(Length: 4)  13  39  55  63 
(Length: 5)  13  47  68  85  96 
(Length: 4)  13  20  27  34 
(Length: 4)  13  27  55  97 
(Length: 3)  13  68  91 
(Length: 3)  13  75  91 
(Length: 3)  13  71  97 
(Length: 3)  13  85  97 
(Length: 5)  13  20  34  35  43 
(Length: 4)  13  39  55  73 
(Length: 4)  13  27  55  63 
(Length: 3)  13  34  65 
(Length: 3)  13  63  71 
(Length: 4)  13  39  63  96 
(Length: 5)  13  39  47  73  96 
(Length: 3)  13  34  91 
(Length: 4)  13  47  65  85 
(Length: 3)  13  43  75 
(Length: 4)  13  47  65  71 
(Length: 4)  14  25  72  82 
(Length: 4)  14  25  75  82 
(Length: 4)  14  33  40  59 
(Length: 4)  14  40  44  92 
(Length: 3)  14  40  49 
(Length: 4)  14  23  75  99 
(Length: 4)  14  49  50  95 
(Length: 4)  14  25  75  99 
(Length: 4)  14  33  40  44 
(Length: 4)  14  23  75  82 
(Length: 3)  14  50  75 
(Length: 5)  14  25  44  72  92 
(Length: 5)  14  25  39  72  92 
(Length: 4)  14  36  39  92 
(Length: 3)  14  33  50 
(Length: 4)  14  25  33  99 
(Length: 4)  14  25  33  44 
(Length: 3)  15  29  91 
(Length: 3)  15  29  35 
(Length: 3)  15  27  81 
(Length: 4)  15  37  81  91 
(Length: 3)  15  52  99 
(Length: 3)  15  91  95 
(Length: 4)  15  27  34  79 
(Length: 3)  15  37  99 
(Length: 4)  15  16  27  34 
(Length: 4)  15  16  34  35 
(Length: 3)  15  35  37 
(Length: 3)  16  35  63 
(Length: 3)  16  63  71 
(Length: 3)  16  47  71 
(Length: 3)  16  34  78 
(Length: 3)  16  66  70 
(Length: 4)  16  46  86  95 
(Length: 3)  16  63  86 
(Length: 3)  16  35  47 
(Length: 4)  16  34  46  54 
(Length: 3)  16  47  70 
(Length: 4)  16  63  66  90 
(Length: 4)  16  27  63  66 
(Length: 4)  17  35  36  63 
(Length: 4)  17  21  42  53 
(Length: 4)  17  25  72  92 
(Length: 3)  17  42  98 
(Length: 5)  17  19  22  36  45 
(Length: 4)  17  21  42  85 
(Length: 4)  17  21  42  92 
(Length: 4)  17  21  63  86 
(Length: 4)  17  36  53  64 
(Length: 3)  17  22  61 
(Length: 4)  17  36  42  92 
(Length: 4)  17  36  42  53 
(Length: 3)  17  63  90 
(Length: 3)  17  61  98 
(Length: 4)  17  64  75  83 
(Length: 4)  17  19  36  42 
(Length: 3)  17  51  98 
(Length: 3)  17  36  50 
(Length: 4)  17  64  75  90 
(Length: 3)  17  31  50 
(Length: 3)  17  61  86 
(Length: 4)  17  45  51  90 
(Length: 4)  17  50  75  83 
(Length: 3)  17  53  72 
(Length: 3)  17  63  72 
(Length: 4)  17  25  75  83 
(Length: 4)  17  25  31  86 
(Length: 4)  17  25  51  72 
(Length: 4)  17  21  35  51 
(Length: 3)  17  37  50 
(Length: 4)  17  36  63  86 
(Length: 4)  17  21  35  37 
(Length: 5)  17  22  45  85  90 
(Length: 4)  17  19  75  83 
(Length: 4)  17  21  35  63 
(Length: 4)  18  41  78  95 
(Length: 4)  18  36  47  84 
(Length: 4)  18  41  98  99 
(Length: 4)  18  21  37  69 
(Length: 4)  18  36  42  53 
(Length: 4)  18  36  45  79 
(Length: 4)  18  27  56  79 
(Length: 4)  18  42  56  69 
(Length: 4)  18  79  95  98 
(Length: 4)  18  37  78  99 
(Length: 4)  18  54  56  79 
(Length: 4)  18  56  79  95 
(Length: 3)  18  84  95 
(Length: 4)  18  37  56  69 
(Length: 4)  18  42  69  93 
(Length: 4)  18  42  69  99 
(Length: 3)  18  40  98 
(Length: 4)  18  41  95  98 
(Length: 4)  18  21  42  69 
(Length: 4)  18  42  98  99 
(Length: 4)  18  41  78  99 
(Length: 3)  18  65  79 
(Length: 4)  18  21  42  53 
(Length: 3)  18  53  88 
(Length: 4)  18  27  45  55 
(Length: 4)  18  27  45  79 
(Length: 4)  18  27  41  55 
(Length: 4)  19  67  69  93 
(Length: 4)  19  68  69  99 
(Length: 3)  19  36  52 
(Length: 3)  19  52  65 
(Length: 3)  19  59  65 
(Length: 4)  19  42  69  99 
(Length: 4)  19  38  42  69 
(Length: 3)  19  75  99 
(Length: 4)  19  67  68  69 
(Length: 3)  19  36  67 
(Length: 4)  19  67  75  93 
(Length: 4)  19  42  69  93 
(Length: 3)  19  38  59 
(Length: 4)  19  38  45  69 
(Length: 3)  19  56  83 
(Length: 4)  19  22  56  59 
(Length: 3)  19  52  99 
(Length: 4)  19  42  56  69 
(Length: 4)  20  28  52  76 
(Length: 4)  20  28  52  54 
(Length: 4)  20  48  56  59 
(Length: 6)  20  26  34  50  54  56 
(Length: 4)  20  34  43  56 
(Length: 5)  20  26  49  54  96 
(Length: 4)  20  28  50  76 
(Length: 4)  20  31  84  96 
(Length: 4)  20  54  84  96 
(Length: 4)  20  25  43  56 
(Length: 3)  20  25  28 
(Length: 4)  20  25  30  31 
(Length: 4)  20  25  43  44 
(Length: 4)  20  25  48  56 
(Length: 5)  20  30  34  35  76 
(Length: 4)  20  25  30  44 
(Length: 4)  20  31  59  96 
(Length: 4)  20  34  50  76 
(Length: 6)  20  26  28  49  50  54 
(Length: 4)  20  26  31  50 
(Length: 6)  20  26  34  48  50  56 
(Length: 4)  20  43  44  84 
(Length: 4)  20  27  28  76 
(Length: 5)  20  27  34  48  56 
(Length: 4)  20  27  34  76 
(Length: 4)  20  26  31  96 
(Length: 4)  20  30  34  54 
(Length: 4)  21  53  71  97 
(Length: 4)  21  42  85  97 
(Length: 5)  21  39  63  69  74 
(Length: 3)  21  28  77 
(Length: 4)  21  37  66  97 
(Length: 4)  21  39  63  66 
(Length: 4)  21  35  51  97 
(Length: 4)  21  57  63  86 
(Length: 4)  21  57  63  66 
(Length: 4)  21  39  86  92 
(Length: 3)  21  86  97 
(Length: 4)  21  39  63  86 
(Length: 3)  21  26  85 
(Length: 4)  21  35  37  97 
(Length: 4)  21  51  66  97 
(Length: 4)  21  35  57  63 
(Length: 4)  21  42  53  97 
(Length: 4)  21  37  71  97 
(Length: 4)  21  26  28  63 
(Length: 4)  21  28  51  74 
(Length: 4)  21  28  57  63 
(Length: 3)  21  63  71 
(Length: 4)  21  28  63  74 
(Length: 3)  22  24  45 
(Length: 3)  22  24  61 
(Length: 3)  22  24  59 
(Length: 3)  23  46  54 
(Length: 4)  23  37  66  82 
(Length: 4)  23  37  97  99 
(Length: 4)  23  51  66  97 
(Length: 4)  23  47  82  85 
(Length: 4)  23  37  46  82 
(Length: 3)  23  47  70 
(Length: 3)  23  51  52 
(Length: 3)  23  47  52 
(Length: 4)  23  54  66  89 
(Length: 4)  23  46  53  82 
(Length: 3)  23  70  99 
(Length: 3)  23  85  97 
(Length: 3)  23  66  70 
(Length: 4)  23  66  82  89 
(Length: 4)  23  37  66  97 
(Length: 4)  24  51  97  98 
(Length: 3)  24  34  43 
(Length: 3)  24  27  97 
(Length: 3)  24  87  97 
(Length: 3)  24  27  61 
(Length: 3)  24  45  51 
(Length: 3)  24  47  52 
(Length: 4)  24  51  52  98 
(Length: 3)  24  43  87 
(Length: 3)  24  47  96 
(Length: 4)  24  61  70  98 
(Length: 3)  24  80  96 
(Length: 3)  24  67  87 
(Length: 3)  24  67  80 
(Length: 3)  24  45  87 
(Length: 3)  24  88  96 
(Length: 3)  24  47  70 
(Length: 4)  24  27  34  45 
(Length: 3)  24  43  51 
(Length: 3)  24  52  80 
(Length: 3)  24  37  97 
(Length: 4)  24  31  59  96 
(Length: 3)  24  59  87 
(Length: 3)  24  59  98 
(Length: 5)  25  44  51  72  74 
(Length: 4)  25  65  78  82 
(Length: 3)  25  31  62 
(Length: 4)  25  30  31  41 
(Length: 5)  25  31  32  41  86 
(Length: 4)  25  28  74  75 
(Length: 4)  25  28  65  78 
(Length: 4)  25  28  55  57 
(Length: 4)  25  32  41  48 
(Length: 4)  25  33  44  74 
(Length: 4)  25  32  41  74 
(Length: 3)  25  33  62 
(Length: 4)  25  33  48  56 
(Length: 4)  25  37  78  82 
(Length: 3)  25  37  55 
(Length: 5)  25  41  51  72  74 
(Length: 4)  25  30  57  72 
(Length: 4)  25  43  75  83 
(Length: 4)  25  56  73  82 
(Length: 3)  25  60  65 
(Length: 4)  25  74  75  82 
(Length: 4)  25  39  86  92 
(Length: 4)  25  32  39  74 
(Length: 4)  25  41  73  86 
(Length: 4)  25  32  56  86 
(Length: 4)  25  73  75  83 
(Length: 4)  25  56  73  83 
(Length: 4)  25  32  67  86 
(Length: 4)  25  48  67  72 
(Length: 4)  25  56  57  86 
(Length: 4)  25  48  57  72 
(Length: 4)  25  32  48  56 
(Length: 4)  25  39  55  73 
(Length: 4)  25  28  75  91 
(Length: 4)  25  28  75  83 
(Length: 4)  25  75  82  91 
(Length: 4)  25  33  48  60 
(Length: 4)  25  37  78  99 
(Length: 4)  25  37  82  91 
(Length: 4)  25  37  56  82 
(Length: 4)  25  28  51  55 
(Length: 3)  25  60  92 
(Length: 4)  25  67  86  92 
(Length: 4)  25  28  51  78 
(Length: 4)  25  72  74  82 
(Length: 4)  25  32  39  86 
(Length: 4)  25  41  48  72 
(Length: 4)  25  43  75  99 
(Length: 4)  25  73  75  82 
(Length: 3)  25  67  75 
(Length: 4)  25  39  72  74 
(Length: 4)  25  28  51  74 
(Length: 4)  25  43  56  83 
(Length: 4)  25  67  72  92 
(Length: 4)  25  39  73  86 
(Length: 4)  25  32  48  67 
(Length: 4)  25  48  56  57 
(Length: 4)  25  43  44  51 
(Length: 5)  25  41  51  55  73 
(Length: 4)  26  80  89  96 
(Length: 3)  26  75  93 
(Length: 3)  26  78  85 
(Length: 4)  26  28  50  75 
(Length: 4)  26  80  89  93 
(Length: 5)  26  34  46  50  54 
(Length: 4)  26  31  46  96 
(Length: 4)  26  54  89  96 
(Length: 4)  26  46  54  96 
(Length: 4)  26  49  90  96 
(Length: 4)  26  85  90  96 
(Length: 3)  26  28  78 
(Length: 5)  26  34  46  48  50 
(Length: 3)  26  63  72 
(Length: 3)  26  75  90 
(Length: 3)  26  48  72 
(Length: 3)  26  62  85 
(Length: 3)  26  34  78 
(Length: 4)  26  63  89  96 
(Length: 4)  26  31  89  96 
(Length: 3)  26  31  62 
(Length: 4)  26  31  46  50 
(Length: 4)  26  63  90  96 
(Length: 4)  27  41  55  97 
(Length: 4)  27  38  41  55 
(Length: 4)  27  28  74  76 
(Length: 4)  27  34  56  79 
(Length: 3)  27  66  97 
(Length: 4)  27  34  76  79 
(Length: 5)  27  28  55  57  63 
(Length: 5)  27  34  45  48  60 
(Length: 3)  27  60  81 
(Length: 4)  27  57  63  66 
(Length: 4)  27  28  63  74 
(Length: 4)  27  41  48  97 
(Length: 3)  27  60  63 
(Length: 4)  27  34  45  79 
(Length: 3)  27  41  74 
(Length: 3)  27  28  81 
(Length: 4)  27  74  76  79 
(Length: 3)  27  55  61 
(Length: 4)  27  38  45  55 
(Length: 4)  27  48  56  57 
(Length: 3)  28  54  77 
(Length: 4)  28  49  50  74 
(Length: 4)  28  50  74  75 
(Length: 4)  28  50  74  76 
(Length: 5)  28  50  76  83  88 
(Length: 3)  28  81  91 
(Length: 5)  28  64  76  83  88 
(Length: 4)  28  50  75  83 
(Length: 4)  28  57  64  88 
(Length: 3)  28  64  65 
(Length: 4)  28  64  75  83 
(Length: 4)  28  64  81  88 
(Length: 4)  28  55  57  88 
(Length: 3)  28  52  65 
(Length: 3)  28  52  57 
(Length: 3)  28  51  52 
(Length: 3)  28  76  78 
(Length: 3)  29  41  91 
(Length: 3)  29  45  91 
(Length: 3)  29  45  79 
(Length: 4)  29  35  38  41 
(Length: 3)  29  41  48 
(Length: 3)  29  45  90 
(Length: 3)  29  38  45 
(Length: 4)  29  45  48  60 
(Length: 4)  30  57  63  72 
(Length: 3)  30  34  45 
(Length: 3)  30  57  95 
(Length: 3)  30  63  89 
(Length: 3)  30  36  45 
(Length: 3)  30  76  89 
(Length: 4)  30  35  57  63 
(Length: 4)  30  35  36  63 
(Length: 3)  30  45  69 
(Length: 4)  30  35  36  47 
(Length: 3)  30  63  69 
(Length: 3)  30  31  89 
(Length: 4)  30  31  41  95 
(Length: 3)  30  45  51 
(Length: 4)  30  35  41  51 
(Length: 4)  30  36  47  70 
(Length: 3)  31  32  89 
(Length: 3)  31  62  84 
(Length: 3)  31  59  62 
(Length: 4)  31  46  50  95 
(Length: 5)  31  46  84  95  96 
(Length: 6)  31  46  59  86  95  96 
(Length: 5)  31  41  59  86  95 
(Length: 4)  31  84  89  96 
(Length: 5)  31  32  41  59  86 
(Length: 4)  32  34  48  56 
(Length: 4)  32  48  56  59 
(Length: 4)  32  56  59  86 
(Length: 4)  32  41  48  59 
(Length: 4)  33  48  59  60 
(Length: 3)  33  61  62 
(Length: 3)  33  59  62 
(Length: 3)  33  68  74 
(Length: 3)  33  68  99 
(Length: 3)  33  63  74 
(Length: 3)  33  90  99 
(Length: 3)  33  50  74 
(Length: 4)  33  40  44  74 
(Length: 4)  33  40  56  59 
(Length: 3)  33  61  74 
(Length: 4)  33  48  56  59 
(Length: 4)  33  48  50  56 
(Length: 3)  33  50  88 
(Length: 3)  33  60  63 
(Length: 3)  33  63  90 
(Length: 3)  33  68  88 
(Length: 3)  33  60  61 
(Length: 4)  33  48  50  60 
(Length: 4)  34  48  50  60 
(Length: 3)  34  46  65 
(Length: 3)  34  43  58 
(Length: 3)  34  60  65 
(Length: 4)  34  54  56  79 
(Length: 3)  34  65  79 
(Length: 4)  34  50  76  94 
(Length: 3)  34  76  78 
(Length: 4)  34  50  60  94 
(Length: 4)  34  50  54  60 
(Length: 3)  34  58  94 
(Length: 4)  35  41  51  97 
(Length: 3)  35  37  38 
(Length: 3)  35  57  88 
(Length: 4)  35  37  76  88 
(Length: 3)  35  57  80 
(Length: 3)  35  43  51 
(Length: 3)  36  62  92 
(Length: 4)  36  64  67  87 
(Length: 4)  36  39  47  96 
(Length: 3)  36  62  84 
(Length: 4)  36  74  84  96 
(Length: 4)  36  39  74  79 
(Length: 3)  36  67  84 
(Length: 4)  36  47  84  96 
(Length: 3)  36  64  96 
(Length: 3)  36  47  52 
(Length: 5)  36  39  63  74  96 
(Length: 5)  36  39  86  92  96 
(Length: 5)  36  39  63  86  96 
(Length: 3)  36  43  84 
(Length: 3)  36  42  43 
(Length: 3)  36  53  62 
(Length: 4)  36  45  79  86 
(Length: 3)  36  43  87 
(Length: 4)  36  67  86  92 
(Length: 4)  36  39  79  86 
(Length: 4)  36  45  79  87 
(Length: 4)  36  67  87  92 
(Length: 4)  36  50  70  74 
(Length: 3)  37  55  97 
(Length: 4)  37  66  78  82 
(Length: 3)  37  46  50 
(Length: 5)  37  50  76  88  94 
(Length: 4)  37  55  88  94 
(Length: 4)  37  66  84  88 
(Length: 5)  37  76  82  88  94 
(Length: 3)  37  46  84 
(Length: 3)  37  50  56 
(Length: 4)  37  76  78  82 
(Length: 4)  37  66  82  88 
(Length: 4)  39  73  86  96 
(Length: 4)  39  63  66  90 
(Length: 4)  39  73  90  96 
(Length: 4)  39  63  90  96 
(Length: 4)  39  55  61  73 
(Length: 4)  39  63  72  74 
(Length: 4)  39  63  69  90 
(Length: 4)  39  61  69  74 
(Length: 3)  40  49  58 
(Length: 3)  40  59  98 
(Length: 4)  40  56  59  87 
(Length: 4)  40  56  59  86 
(Length: 5)  40  46  59  86  96 
(Length: 4)  40  86  92  96 
(Length: 4)  40  46  74  96 
(Length: 4)  40  74  76  98 
(Length: 3)  40  76  89 
(Length: 4)  40  49  74  96 
(Length: 3)  40  76  78 
(Length: 3)  40  87  92 
(Length: 3)  40  89  96 
(Length: 4)  41  51  97  98 
(Length: 4)  41  51  74  98 
(Length: 4)  41  59  95  98 
(Length: 3)  41  91  95 
(Length: 4)  41  51  55  97 
(Length: 4)  41  51  72  97 
(Length: 4)  41  48  72  97 
(Length: 4)  41  97  98  99 
(Length: 3)  42  53  76 
(Length: 3)  42  46  53 
(Length: 4)  42  97  98  99 
(Length: 3)  42  43  99 
(Length: 3)  42  43  56 
(Length: 3)  43  81  87 
(Length: 3)  43  56  87 
(Length: 3)  43  58  84 
(Length: 3)  44  74  84 
(Length: 3)  45  82  91 
(Length: 3)  45  82  85 
(Length: 3)  45  51  79 
(Length: 3)  45  60  85 
(Length: 3)  45  73  82 
(Length: 4)  45  51  73  90 
(Length: 3)  45  60  87 
(Length: 4)  45  51  55  73 
(Length: 4)  46  54  84  96 
(Length: 3)  46  48  59 
(Length: 4)  46  50  74  95 
(Length: 5)  46  74  84  95  96 
(Length: 4)  46  74  82  96 
(Length: 3)  46  65  82 
(Length: 3)  46  53  59 
(Length: 3)  46  48  84 
(Length: 3)  46  59  65 
(Length: 3)  47  52  65 
(Length: 4)  47  73  82  96 
(Length: 5)  47  65  78  82  85 
(Length: 4)  47  82  85  96 
(Length: 3)  48  67  84 
(Length: 3)  48  71  97 
(Length: 4)  48  56  59  64 
(Length: 3)  48  64  67 
(Length: 4)  49  50  74  95 
(Length: 4)  49  58  69  90 
(Length: 4)  49  74  95  96 
(Length: 3)  49  69  74 
(Length: 3)  50  56  95 
(Length: 3)  50  56  83 
(Length: 4)  51  74  79  98 
(Length: 4)  51  66  90  97 
(Length: 3)  52  76  98 
(Length: 3)  52  98  99 
(Length: 3)  52  60  65 
(Length: 3)  52  57  80 
(Length: 4)  53  76  78  82 
(Length: 5)  53  64  76  82  88 
(Length: 3)  53  72  97 
(Length: 3)  53  72  82 
(Length: 4)  54  66  84  89 
(Length: 3)  54  60  89 
(Length: 3)  54  58  72 
(Length: 4)  54  84  89  96 
(Length: 3)  55  63  89 
(Length: 3)  55  84  89 
(Length: 4)  56  64  73  83 
(Length: 4)  56  59  86  95 
(Length: 4)  56  59  64  87 
(Length: 4)  56  79  86  95 
(Length: 4)  56  59  87  95 
(Length: 4)  56  64  73  82 
(Length: 3)  56  57  80 
(Length: 4)  56  79  87  95 
(Length: 4)  56  57  86  95 
(Length: 4)  57  64  88  96 
(Length: 3)  57  80  96 
(Length: 3)  57  86  93 
(Length: 3)  57  80  93 
(Length: 4)  57  86  95  96 
(Length: 4)  57  63  86  96 
(Length: 4)  58  69  90  94 
(Length: 3)  58  84  95 
(Length: 3)  59  60  87 
(Length: 3)  59  64  65 
(Length: 3)  60  92  94 
(Length: 3)  60  81  85 
(Length: 3)  60  81  87 
(Length: 3)  60  63  89 
(Length: 3)  60  65  71 
(Length: 3)  60  65  85 
(Length: 3)  60  63  71 
(Length: 4)  61  70  74  98 
(Length: 4)  61  73  82  98 
(Length: 3)  61  62  65 
(Length: 3)  61  65  82 
(Length: 4)  61  74  82  98 
(Length: 3)  61  69  93 
(Length: 3)  62  65  85 
(Length: 3)  63  66  89 
(Length: 3)  64  65  82 
(Length: 3)  64  81  87 
(Length: 4)  64  73  90  96 
(Length: 4)  64  73  75  90 
(Length: 4)  64  67  87  93 
(Length: 4)  64  81  88  96 
(Length: 4)  64  82  88  96 
(Length: 4)  64  67  75  93 
(Length: 4)  64  73  82  96 
(Length: 4)  64  73  75  83 
(Length: 4)  64  73  75  82 
(Length: 3)  67  86  93 
(Length: 3)  67  80  93 
(Length: 3)  67  68  80 
(Length: 4)  67  69  87  93 
(Length: 3)  68  81  91 
(Length: 4)  68  81  88  96 
(Length: 3)  68  69  74 
(Length: 3)  68  74  76 
(Length: 4)  68  74  80  96 
(Length: 3)  68  76  88 
(Length: 4)  68  81  85  96 
(Length: 3)  69  93  94 
(Length: 3)  69  90  99 
(Length: 4)  70  77  98  99 
(Length: 4)  73  86  95  96 
(Length: 4)  74  76  82  98 
(Length: 4)  74  76  79  98 
(Length: 4)  74  79  95  98 
(Length: 3)  75  90  99 
(Length: 3)  76  82  89 
(Length: 4)  76  82  94  98 
(Length: 3)  77  90  94 
(Length: 3)  77  90  99 
(Length: 3)  78  87  95 
(Length: 4)  82  88  94  96 
(Length: 3)  82  89  96 
(Length: 3)  84  88  96 
(Length: 3)  85  90  97 
(Length: 3)  87  95  97 
(Length: 3)  87  90  97 
(Length: 3)  90  94  96 
(Length: 3)  90  97  99 
...model cost: 0.99 seconds  47669 FFE
 (opt) 447.00000000 == 447.00000000 (sur)  OPTIMALITY TEST PASSED!
   BESTimpr 397.00000000 -> 431.00000000
111**1*****111**1111*1****11*1**11**11*1*1***1111**11*1111*1***11*1*1*1*1*1**11*11*******11****1*1*1

   BESTimpr 431.00000000 -> 436.00000000
11**1***11**1*11**1****11****11*1*11*****1**111*1**1*1**11*1*1111**1***111*1**11*111*1111****111*11*

   BESTimpr 436.00000000 -> 443.00000000
1***1***1**11*11****1**1*1***1*11**1**1111**1****11**1***1*1**111*1**1**11111*111111*11**1*1**11*111


*1***1***11111****1111*111*111*11*1*111*1****1**1111****11******1*1*1****1*11*1*11*11111111**1*11111

