Walsh model started...
 11  52  81  88  68  14  30  1  86  41  37  35  54  19  28  74  64  18  10  83  91  38 
 16  54  30  0  34  80  52  95  19  89  25  70  3  56  41  39  45  28  72 
 75  99  58  83  92  13  7  90  11  46  67  89  36  21  17  85  74  66  61  41 
 15  51  24  23  97  73  37  95  4  99  62  71  50  39  76  44  27  79  70  1  12  7  61  94  53  48  14  90 
 32  42  38  61  95  3  99  10  51  57  82  55  28  84  81  60  22  26 
 43  50  15  11  92  16  32  61  75  68  79  14  26  23  86  33  13  49  40  95  84  82 
 61  9  66  82  40  18  22  97  14  36  59  31  81  63  87  17  93 
 81  89  2  13  91  14  60  12  46  21  53  36  11  61  3 
 51  40  95  61  85  13  44  20  60  73  11  55  56  80  19  89  39  79 
 74  30  37  99  22  70  6  61  88  29  90  40  38  58  80  23  25  31  76  73  57 
 72  90  18  32  58  79  25  99  44  98  26  59  87  15  4  14  49  0  28  22  57  29  62 
 0  52  19  93  15  5  32  21  76  59  96  23  2  46  55  8  80  39  49  86  77  14  26  88  67  82  72  25  36  7 
 45  30  39  21  50  48  46  7  76  70  34  96  35  77  80  66  36  20  3  13  86  59 
 83  39  2  7  58  78  85  8  75  86  27  79  96  35  30  34  41  61  19  5  33  12  76 
 90  20  0  68  28  55  73  86  18  7  60  34  27  36  6  96  97  63  88  79  77  5  45  51  11  39  25  67  10  49  33  52  89  23  87  82  3 
 11  5  27  26  3  51  85  42  19  70  31  37  54  52  10  59  69  99  95  30 
 56  90  33  52  1  54  5  32  67  79  78  76  96  80  38  17  34  19 
 35  84  41  65  92  54  52  78  22  64  26  19  70  33  16  85  2  61  36  6  93  97 
 40  57  32  10  95  52  44  6  90  86  14  66  94  65  29  42  60  28  78  0  87  73  33  62  75 
 90  95  93  11  47  50  70  15  67  38  26  23  84  55  32  17  54  0  1  89  36  82  74  66  43  75  25  61  13  8  80  85  88  35  34  16  29  79 
 90  14  91  84  33  34  72  95  47  67  85  44  8  12  36  28  71  39  53 
 31  69  29  84  11  32  39  12  75  38  67  51  57  22  50  55  74  35  25  81  90  36  2  7  53  24  61  89 
 63  27  60  51  9  70  64  45  58  92  81  48  6  97  87  95  50  21  17  93  77  89  96  4  10  26  86 
 55  50  64  81  71  24  3  26  19  11  96  9  25  5  14  89  87  98 
 88  26  81  36  76  65  51  95  97  23  3  38  80  70  60  46  56  29  21 
 67  81  87  96  99  10  38  59  39  21  19  1  56  9  23  14  78  11  72 
 24  88  27  15  98  10  23  19  93  34  17  65  11  5  32  83  76  30  22  4  42 
 63  22  83  41  84  89  15  26  34  14  36  90  13  79  82  49  3  68  80  65  28  72  42 
 14  55  33  68  81  30  56  37  48  71  76  0  74  18  78  34  90  64  10  84  4  20  1  72  50  27 
 53  34  21  84  87  55  32  83  90  9  18  65  70  76  48  89  96  77  24  56  60  93  19  57  10  58  63  31  50 
 9  74  95  34  12  45  60  97  76  49  1  0  81  28  98  71  79  37  13  96  65  63  26  38  54  15 
 21  69  15  37  48  39  40  56  72  65  33  50  59  6  9  80  76  29  57 
 4  42  59  39  18  10  11  21  64  58  16  5  51  78  73  41  57  29  83  19  55  62  46  94  81  43  33  26  91 
 16  52  34  20  93  49  43  65  28  68  47  39  59  31  50  32  14  57  46  18  94  38  17  91  5  13  76  60  79 
 29  53  30  95  33  20  94  64  74  81  68  38  27  14  12  96  26  93  80  1  13  41  70  73  28  90  45  92  19  16 
 17  84  43  86  98  49  39  70  77  12  96  13  0  37  74  21  72  92  19  90  83 
 38  51  81  24  68  60  76  57  14  6  27  90  59  75  95  55  82  19  12  20  21  2  52  17  61  47  78  11  7  50  39 
 72  70  99  9  31  15  3  97  28  56  0  35  79  30  41  57  84  43 
 73  70  51  36  4  61  67  19  25  59  21  75  68  34  45  98  77  24  80  44  49  86  78  40  9  82  30  76  33  16  91  0 
 95  66  32  59  83  13  21  12  48  31  35  70  62  57  50  3  33  11  80  25  14  68  51  90  1  45  82  87  20  8  40  36 
 18  57  8  51  92  76  6  80  94  31  56  61  38  9  84  91  86  47  49  5  46  83  39 
 27  83  73  66  17  84  32  86  0  96  74  13  34  54  1  91  57  37  61  2  44  67 
 32  4  85  15  95  63  55  69  70  49  60  18  84  26  27 
 5  50  61  86  35  33  65  44  75  19  32  55  88  58  76  84  37 
 94  68  18  10  43  65  79  59  8  20  38  49  3  76  71  41  67 
 49  52  12  30  64  22  98  38  78  60  59  81  53  14  51  39  1  34  92  83  70 
 51  66  12  7  2  11  62  32  57  33  24  56  89  58  98  93  61  40  71  99 
 64  83  59  81  50  19  72  63  33  20  86  40  84  85  78  36  97  79 
 39  31  81  22  50  12  73  83  65  96  28  55  89  29  67  69  51  3 
 45  52  70  97  33  93  76  30  98  35  38  44  82  27  42  11  86  10  14  54  51  40  5  79 
 5  43  92  23  55  47  19  48  12  22  21  3  39  33  31  74  90  75  89  76  70  28  84  36  77  29 
 38  36  60  22  46  66  15  3  8  40  65  24  32  78  21  67  14  45  68  39  54  49  4  57  58  80  63  48 
 49  45  11  0  16  33  95  18  15  54  78  17  1  14  36  75 
 29  34  73  68  87  55  88  59  75  83  61  82  98  85  45  81  78  21  7  72  20  94  3 
 1  16  15  52  92  17  0  19  41  49  51  30 
 79  86  87  53  29  23  50  14  28  67  57  69  42  21  19  32  11  8  95  36  48  43  88  85  96  82  4  74  56  61  59  64 
 16  90  91  87  40  31  74  98  28  37  66  1  25  80  8  95  60  46  24  55  62  83  29 
 40  18  76  36  32  64  69  21  67  55  62  39  88  89  46  33  51  4  41  37  73  9  10  29  31 
 99  2  69  91  79  10  64  32  78  13  22  92  97  9  80  43  76  51  68  46  89  29  63  86 
 32  39  88  53  81  47  77  76  11  25  38  10  87  79  44  45  64  15  75  36  33  6  31  74  71  55  12  62 
 36  68  22  51  99  63  30  97  98  88  7  14  78  45  73  8  24  70  42  18  67  95  56  79  29  4  81  76  33 
 38  4  63  75  6  9  95  8  43  5  82  53  88  40  76  77  69  66  73  19  13  78  92  70  55  85  17  36  41  2  7  3  46  21  89 
 3  99  97  95  39  57  32  46  56  83  10  18  59 
 27  22  61  75  99  60  95  42  72  47  73  14  65  30  81  6  51  29  58 
 83  47  45  22  94  34  81  23  32  58  57  59  17  79  91  84  77  28  0  55 
 85  71  51  24  43  33  44  72  31  17  84  75  99  96  48  18  29  26  82  30  63  27 
 95  39  51  46  73  41  6  82  99  94  18  61  69  68  74  19  56  98  80  12  2 
 25  81  19  38  21  51  16  79  55  57  85  20  14  60  2  89  11  88  78  44  41  48  69 
 53  73  44  94  36  60  95  77  74  99  0  14  34  38  75  5  33  28  79  93  66  39  51  27  80  58  92  86 
 31  21  58  91  80  71  57  55  42  61  66  77  72  15  99  67  48 
 73  38  72  37  49  97  22  9  75  80  19  15  84  76  12  35  39  24  60  29  17  90  42  82  3  1  34  79  61  92  50  83  45 
 97  87  85  65  81  23  80  69  98  3  30  28  76  83  78  20  59  74  44  94  46  99 
 10  90  37  70  65  31  20  95  63  47  69  77  35  92  28  1  11  25  27  53 
 70  38  53  68  41  66  14  90  97  3  32  99  83  48  63  60  8  61  77  34  18  87  9  57  82 
 9  30  68  99  34  81  56  98  96  41  66  21  35  19  28  0  50  90  55  2  59  71 
 2  99  61  63  79  95  80  70  21  38  68  5  53  83  86  13  65  98  88  59  36  43  19  50  89  52  18  78 
 24  88  92  40  49  30  36  57  59  11  12  70  61  78  16  29  3  44  71  28  43  58  26  38  9  50  80  31  33  60  13 
 95  68  59  88  93  86  35  12  38  61  14  73  69  72  64  84  22  11  96  29  50 
 58  13  51  32  52  17  76  16  60  45  86  38  18  28  71  83  61  53  80  90  67  25  47  36  75 
 55  86  58  10  80  94  75  95  59  44  16  67  68  93  14  88  27  13  30  37  3  64  91  5  60  70  47  97  33  49  19  8 
 79  94  75  70  40  71  69  88  99  34  1  24  38  96  16  11  39  9  58  66  12  56  8  31  51  19  68  27  90  78  76 
 67  25  36  24  89  7  0  88  59  47  91  64  23  71  22  48  74  34  98  30  28  45  53  94  32  21  6  63  4  60 
 66  6  61  53  27  49  36  19  99  65  38  70  55  4  11  39  73  14  5  84 
 64  47  27  41  92  2  39  13  53  75  29  32  73  48  71  78  26  56  62  0  35  45  70  40 
 29  21  20  91  35  17  89  27  41  70  19  65  64  77  40  47  85  28  4  50  37  43  42  5  82 
 65  71  42  15  95  90  13  8  67  20  53  98  47  84  96  55  19  88  17  2  61 
 79  55  14  18  43  35  75  13  41  0  93  77  78  38  49  11  91  47  40  5  68  12  58  22 
 97  71  55  53  29  96  25  91  56  10  59  22  95  18  73  14  6  39  23  98 
 24  26  76  81  0  53  59  77  60  98  75  9  61  80  99  14  79  57  89  55  43  11  67  85  19 
 81  7  84  27  57  88  19  1  48  29  67  2  75  50  14  23  96  22  8  46  58  61  21 
 16  56  20  14  19  95  10  72  73  18  85  27  36  29  9  99  2  70  50  74  28  34  39  21  80  78  35  3 
 20  84  58  69  87  56  7  81  64  79  40  41  86  32  33  0  38 
 50  5  83  2  76  40  22  58  17  54  35  72  61  70  68  45  34 
 19  11  33  49  86  77  79  68  26  34  22  6  17  46  98  29 
 44  68  79  80  64  34  40  66  18  32  81  33  71  3  53 
 30  34  90  19  39  66  79  75  18  52  77  68  61  8  24  97  63  42  85  20  72  4  3  22  87  62  1  36  55  60  56  5  15 
 87  25  11  23  97  14  12  34  65  48  74  41  13  35  80  16  30  77  29  85  55  89  22 
 87  71  49  70  30  60  24  95  6  22  3  73  37  96  14  62  99  58  17  47  79 
 10  26  60  88  49  35  45  38  75  71  81  74  56  53  85  30  66  46  93  87  23 
 75  2  58  37  9  63  60  25  10  74  68  73  66  3  62  65  80  88  90  97  15  69  82  4  71  46 
-->CDecomWalshPart::vInitTrueLinkage-->GLBs: 1172
(Length: 4)  0  1  19  54 
(Length: 4)  0  11  14  86 
(Length: 5)  0  10  14  18  28 
(Length: 4)  0  11  14  52 
(Length: 3)  0  64  83 
(Length: 4)  0  41  86  91 
(Length: 3)  0  37  41 
(Length: 4)  0  1  28  30 
(Length: 4)  0  28  30  37 
(Length: 4)  0  19  35  74 
(Length: 3)  0  19  38 
(Length: 4)  0  1  41  54 
(Length: 3)  0  30  38 
(Length: 4)  0  1  52  54 
(Length: 4)  0  1  30  54 
(Length: 4)  0  11  19  88 
(Length: 4)  0  28  68  74 
(Length: 3)  0  41  83 
(Length: 3)  0  35  83 
(Length: 4)  0  38  68  86 
(Length: 4)  0  64  81  91 
(Length: 3)  0  35  86 
(Length: 5)  0  28  30  74  81 
(Length: 4)  0  14  28  68 
(Length: 4)  0  14  68  86 
(Length: 4)  0  11  14  88 
(Length: 3)  0  81  88 
(Length: 3)  0  41  74 
(Length: 4)  0  28  64  81 
(Length: 4)  0  14  18  52 
(Length: 3)  0  35  37 
(Length: 4)  0  14  18  86 
(Length: 4)  0  38  86  91 
(Length: 4)  1  3  39  70 
(Length: 5)  1  16  19  34  80 
(Length: 4)  1  28  30  34 
(Length: 3)  1  19  25 
(Length: 3)  1  19  89 
(Length: 3)  1  45  52 
(Length: 3)  1  28  56 
(Length: 4)  1  3  39  95 
(Length: 3)  1  28  72 
(Length: 4)  1  39  45  70 
(Length: 4)  1  34  45  70 
(Length: 3)  1  70  72 
(Length: 4)  1  39  70  80 
(Length: 3)  1  56  95 
(Length: 4)  1  30  34  95 
(Length: 3)  1  72  95 
(Length: 3)  1  34  41 
(Length: 4)  1  19  34  95 
(Length: 4)  1  30  34  45 
(Length: 5)  1  19  34  70  80 
(Length: 3)  1  52  95 
(Length: 4)  1  16  19  54 
(Length: 4)  1  16  56  80 
(Length: 4)  1  16  52  54 
(Length: 3)  1  25  39 
(Length: 3)  1  25  56 
(Length: 3)  1  25  72 
(Length: 3)  2  85  90 
(Length: 4)  2  46  58  89 
(Length: 4)  2  7  13  61 
(Length: 4)  2  41  66  74 
(Length: 4)  2  13  75  83 
(Length: 5)  2  7  46  61  89 
(Length: 4)  2  46  58  99 
(Length: 3)  2  58  92 
(Length: 3)  2  83  92 
(Length: 4)  2  17  61  85 
(Length: 4)  2  46  66  99 
(Length: 5)  2  7  21  61  89 
(Length: 3)  2  75  99 
(Length: 4)  2  17  41  61 
(Length: 4)  2  17  61  92 
(Length: 4)  2  13  61  85 
(Length: 4)  2  13  41  83 
(Length: 4)  2  17  36  61 
(Length: 4)  2  74  90  99 
(Length: 4)  2  13  61  75 
(Length: 3)  2  41  67 
(Length: 5)  2  7  11  21  36 
(Length: 4)  2  7  11  46 
(Length: 5)  2  7  21  36  61 
(Length: 5)  2  21  36  61  75 
(Length: 4)  2  41  61  66 
(Length: 4)  2  66  74  99 
(Length: 3)  2  13  58 
(Length: 4)  2  11  21  67 
(Length: 3)  2  67  85 
(Length: 4)  2  13  41  61 
(Length: 4)  2  46  61  66 
(Length: 5)  2  21  61  75  89 
(Length: 4)  2  21  67  89 
(Length: 4)  2  21  74  90 
(Length: 4)  2  21  36  90 
(Length: 4)  3  71  97  99 
(Length: 4)  3  39  48  51 
(Length: 5)  3  12  39  50  70 
(Length: 3)  3  48  73 
(Length: 3)  3  4  51 
(Length: 3)  3  7  12 
(Length: 3)  3  15  27 
(Length: 3)  3  14  23 
(Length: 3)  3  24  51 
(Length: 4)  3  44  71  76 
(Length: 5)  3  12  39  48  50 
(Length: 4)  3  39  62  95 
(Length: 4)  3  61  70  73 
(Length: 5)  3  37  70  79  97 
(Length: 4)  3  62  95  97 
(Length: 4)  3  14  27  90 
(Length: 5)  3  39  50  70  90 
(Length: 4)  3  24  70  76 
(Length: 4)  3  61  70  76 
(Length: 4)  3  70  73  90 
(Length: 4)  3  70  73  97 
(Length: 4)  3  14  39  90 
(Length: 4)  3  53  61  73 
(Length: 3)  3  53  94 
(Length: 4)  3  15  37  99 
(Length: 4)  3  14  79  97 
(Length: 4)  3  14  73  97 
(Length: 4)  3  73  90  99 
(Length: 5)  3  12  50  70  76 
(Length: 4)  3  24  95  97 
(Length: 4)  3  79  95  97 
(Length: 4)  3  62  97  99 
(Length: 4)  3  24  70  97 
(Length: 4)  3  73  97  99 
(Length: 4)  3  37  97  99 
(Length: 4)  3  39  90  95 
(Length: 4)  3  4  61  95 
(Length: 3)  3  4  99 
(Length: 3)  3  7  14 
(Length: 4)  3  7  53  61 
(Length: 4)  3  15  37  70 
(Length: 3)  3  15  51 
(Length: 4)  3  14  27  79 
(Length: 3)  3  15  95 
(Length: 3)  3  23  24 
(Length: 3)  3  23  50 
(Length: 4)  3  14  39  51 
(Length: 3)  3  23  71 
(Length: 4)  3  14  73  90 
(Length: 4)  3  44  79  94 
(Length: 4)  3  44  71  94 
(Length: 4)  4  32  55  57 
(Length: 4)  4  55  61  95 
(Length: 4)  4  32  42  55 
(Length: 4)  4  10  32  57 
(Length: 4)  4  42  60  95 
(Length: 4)  4  55  61  82 
(Length: 4)  4  10  22  26 
(Length: 4)  4  32  51  57 
(Length: 4)  4  22  51  60 
(Length: 3)  4  10  28 
(Length: 3)  4  38  51 
(Length: 4)  4  42  55  95 
(Length: 3)  4  42  84 
(Length: 4)  4  22  60  81 
(Length: 3)  4  28  84 
(Length: 4)  4  38  61  82 
(Length: 4)  4  22  60  95 
(Length: 3)  4  28  55 
(Length: 3)  4  28  81 
(Length: 4)  4  10  26  32 
(Length: 4)  4  26  32  42 
(Length: 3)  4  60  99 
(Length: 3)  4  82  99 
(Length: 3)  4  82  84 
(Length: 3)  4  32  81 
(Length: 3)  4  10  99 
(Length: 3)  5  23  50 
(Length: 3)  5  82  84 
(Length: 4)  5  43  61  75 
(Length: 3)  5  68  92 
(Length: 4)  5  13  33  79 
(Length: 5)  5  14  33  49  79 
(Length: 4)  5  33  43  50 
(Length: 5)  5  14  49  79  86 
(Length: 4)  5  16  32  33 
(Length: 4)  5  11  15  26 
(Length: 4)  5  11  14  23 
(Length: 4)  5  32  33  43 
(Length: 4)  5  43  75  86 
(Length: 4)  5  43  50  84 
(Length: 5)  5  14  68  79  86 
(Length: 4)  5  40  49  86 
(Length: 3)  5  40  84 
(Length: 3)  5  61  82 
(Length: 3)  5  50  92 
(Length: 4)  5  61  75  95 
(Length: 5)  5  11  14  49  86 
(Length: 5)  5  68  75  79  86 
(Length: 4)  5  43  50  75 
(Length: 4)  5  11  26  32 
(Length: 4)  5  40  61  92 
(Length: 5)  5  14  33  68  79 
(Length: 4)  5  16  33  79 
(Length: 5)  5  11  14  49  82 
(Length: 3)  5  15  95 
(Length: 4)  5  13  61  75 
(Length: 5)  5  13  75  79  86 
(Length: 4)  5  11  23  26 
(Length: 5)  5  68  75  79  95 
(Length: 4)  6  9  40  61 
(Length: 4)  6  14  36  82 
(Length: 3)  6  18  66 
(Length: 4)  6  9  31  40 
(Length: 4)  6  36  59  81 
(Length: 4)  6  17  36  61 
(Length: 3)  6  18  40 
(Length: 4)  6  22  63  81 
(Length: 4)  6  22  87  97 
(Length: 3)  6  59  87 
(Length: 4)  6  17  22  97 
(Length: 4)  6  14  87  97 
(Length: 4)  6  61  66  82 
(Length: 4)  6  36  61  82 
(Length: 3)  6  61  63 
(Length: 4)  6  14  18  87 
(Length: 3)  6  9  22 
(Length: 3)  6  14  63 
(Length: 4)  6  17  22  93 
(Length: 3)  6  31  59 
(Length: 4)  7  14  36  60 
(Length: 4)  7  21  36  81 
(Length: 3)  7  12  13 
(Length: 4)  7  21  53  61 
(Length: 4)  7  21  53  81 
(Length: 3)  7  14  89 
(Length: 4)  7  11  14  36 
(Length: 4)  7  21  81  89 
(Length: 4)  7  36  60  81 
(Length: 3)  7  12  46 
(Length: 4)  7  12  21  36 
(Length: 3)  7  81  91 
(Length: 5)  8  39  40  51  80 
(Length: 4)  8  20  85  95 
(Length: 6)  8  19  55  61  85  95 
(Length: 3)  8  44  79 
(Length: 3)  8  20  44 
(Length: 4)  8  56  60  95 
(Length: 4)  8  60  79  95 
(Length: 4)  8  19  79  80 
(Length: 4)  8  11  39  80 
(Length: 3)  8  13  39 
(Length: 4)  8  20  39  95 
(Length: 4)  8  55  56  95 
(Length: 4)  8  11  19  55 
(Length: 4)  8  13  19  79 
(Length: 4)  8  40  56  80 
(Length: 3)  8  61  73 
(Length: 3)  8  51  60 
(Length: 3)  8  40  61 
(Length: 5)  8  13  19  61  85 
(Length: 5)  8  19  55  79  95 
(Length: 4)  8  11  19  80 
(Length: 3)  8  60  73 
(Length: 4)  8  19  61  89 
(Length: 5)  9  38  40  61  76 
(Length: 4)  9  73  90  99 
(Length: 4)  9  29  58  76 
(Length: 5)  9  38  70  76  80 
(Length: 4)  9  58  76  80 
(Length: 5)  9  31  40  57  76 
(Length: 4)  9  80  90  99 
(Length: 5)  9  38  61  70  73 
(Length: 4)  9  29  70  76 
(Length: 3)  9  37  70 
(Length: 4)  9  74  90  99 
(Length: 4)  9  61  76  88 
(Length: 5)  9  38  40  76  80 
(Length: 3)  9  37  99 
(Length: 4)  9  80  88  99 
(Length: 4)  9  70  80  90 
(Length: 4)  9  29  70  90 
(Length: 4)  9  70  73  90 
(Length: 5)  9  38  61  70  76 
(Length: 3)  9  22  70 
(Length: 3)  9  25  38 
(Length: 3)  9  25  99 
(Length: 3)  9  30  37 
(Length: 4)  9  30  38  76 
(Length: 3)  9  30  74 
(Length: 3)  9  57  73 
(Length: 5)  9  31  40  76  80 
(Length: 4)  9  57  76  88 
(Length: 3)  9  23  25 
(Length: 4)  9  58  80  99 
(Length: 4)  9  76  80  88 
(Length: 3)  9  22  58 
(Length: 5)  9  29  31  57  76 
(Length: 4)  9  31  37  57 
(Length: 4)  10  44  59  79 
(Length: 4)  10  25  59  87 
(Length: 4)  10  18  29  87 
(Length: 4)  10  18  29  90 
(Length: 3)  10  22  87 
(Length: 3)  10  58  99 
(Length: 3)  10  26  98 
(Length: 3)  10  49  98 
(Length: 4)  10  44  49  79 
(Length: 3)  10  62  99 
(Length: 5)  10  18  32  57  62 
(Length: 4)  10  32  59  62 
(Length: 4)  10  29  32  58 
(Length: 3)  10  90  99 
(Length: 3)  10  15  26 
(Length: 4)  10  14  25  87 
(Length: 5)  10  18  29  32  57 
(Length: 3)  10  18  44 
(Length: 4)  10  14  49  79 
(Length: 3)  10  25  99 
(Length: 3)  10  87  98 
(Length: 4)  10  28  72  90 
(Length: 3)  10  58  79 
(Length: 4)  10  14  18  87 
(Length: 5)  10  14  18  28  90 
(Length: 3)  10  25  72 
(Length: 3)  10  22  58 
(Length: 3)  10  15  99 
(Length: 3)  10  15  59 
(Length: 3)  11  25  72 
(Length: 4)  11  19  26  93 
(Length: 5)  11  14  36  39  82 
(Length: 5)  11  14  36  55  82 
(Length: 3)  11  15  59 
(Length: 3)  11  32  46 
(Length: 3)  11  15  52 
(Length: 4)  11  19  26  32 
(Length: 4)  11  59  76  88 
(Length: 4)  11  36  39  59 
(Length: 4)  11  32  39  59 
(Length: 4)  11  21  32  55 
(Length: 4)  11  21  32  39 
(Length: 4)  11  21  25  39 
(Length: 4)  11  21  55  67 
(Length: 4)  11  14  49  52 
(Length: 4)  11  19  23  26 
(Length: 5)  11  19  36  55  82 
(Length: 3)  11  49  76 
(Length: 4)  11  26  76  88 
(Length: 4)  11  76  80  88 
(Length: 4)  11  19  23  25 
(Length: 4)  11  55  59  88 
(Length: 4)  11  49  86  93 
(Length: 4)  11  21  25  67 
(Length: 4)  11  19  32  55 
(Length: 4)  11  19  23  55 
(Length: 4)  11  14  25  39 
(Length: 5)  11  14  55  67  88 
(Length: 4)  11  25  39  59 
(Length: 4)  11  59  77  88 
(Length: 3)  11  72  77 
(Length: 4)  11  14  77  88 
(Length: 4)  11  77  86  93 
(Length: 4)  11  14  77  96 
(Length: 4)  11  19  80  88 
(Length: 4)  11  14  55  86 
(Length: 4)  11  21  36  39 
(Length: 5)  11  19  55  67  88 
(Length: 4)  11  19  26  88 
(Length: 4)  11  21  36  55 
(Length: 4)  11  32  55  59 
(Length: 4)  11  14  25  67 
(Length: 3)  11  80  96 
(Length: 4)  11  36  59  76 
(Length: 4)  11  14  77  86 
(Length: 4)  11  36  55  59 
(Length: 4)  11  19  25  67 
(Length: 5)  11  14  23  55  96 
(Length: 3)  11  46  93 
(Length: 4)  11  15  19  26 
(Length: 5)  11  14  23  25  96 
(Length: 4)  11  14  36  52 
(Length: 4)  12  39  45  70 
(Length: 5)  12  13  30  34  96 
(Length: 3)  12  46  66 
(Length: 4)  12  36  59  76 
(Length: 4)  12  13  30  76 
(Length: 4)  12  35  77  96 
(Length: 3)  12  50  77 
(Length: 4)  12  36  50  76 
(Length: 4)  12  34  45  70 
(Length: 4)  12  35  77  86 
(Length: 4)  12  35  39  70 
(Length: 4)  12  39  66  80 
(Length: 5)  12  21  36  39  50 
(Length: 4)  12  30  34  45 
(Length: 4)  12  21  35  39 
(Length: 4)  12  20  36  39 
(Length: 4)  12  13  35  39 
(Length: 4)  12  39  45  59 
(Length: 3)  12  48  96 
(Length: 4)  12  70  76  80 
(Length: 4)  12  34  70  80 
(Length: 4)  12  39  70  80 
(Length: 4)  12  34  80  96 
(Length: 4)  12  36  39  59 
(Length: 3)  12  20  34 
(Length: 4)  12  13  35  96 
(Length: 4)  12  13  35  86 
(Length: 3)  12  59  77 
(Length: 3)  13  41  86 
(Length: 4)  13  58  79  86 
(Length: 3)  13  85  96 
(Length: 3)  13  33  39 
(Length: 4)  13  34  41  96 
(Length: 4)  13  58  76  78 
(Length: 3)  13  27  79 
(Length: 3)  13  19  34 
(Length: 4)  13  61  75  78 
(Length: 3)  13  19  35 
(Length: 4)  13  75  78  86 
(Length: 4)  13  27  34  41 
(Length: 4)  13  58  78  86 
(Length: 4)  13  19  61  75 
(Length: 4)  13  61  76  78 
(Length: 4)  13  35  39  83 
(Length: 3)  13  33  34 
(Length: 3)  13  33  76 
(Length: 4)  13  19  75  79 
(Length: 4)  13  75  78  83 
(Length: 3)  13  30  79 
(Length: 4)  13  27  41  83 
(Length: 4)  14  27  36  82 
(Length: 5)  14  20  28  33  34 
(Length: 5)  14  27  28  34  90 
(Length: 4)  14  18  33  52 
(Length: 4)  14  18  33  60 
(Length: 3)  14  34  45 
(Length: 4)  14  27  36  68 
(Length: 4)  14  34  68  73 
(Length: 3)  14  34  96 
(Length: 4)  14  51  60  63 
(Length: 4)  14  60  79  97 
(Length: 4)  14  18  73  90 
(Length: 4)  14  27  36  90 
(Length: 3)  14  28  55 
(Length: 4)  14  18  73  87 
(Length: 4)  14  67  88  89 
(Length: 5)  14  60  67  79  88 
(Length: 4)  14  55  79  86 
(Length: 4)  14  45  51  60 
(Length: 3)  14  73  82 
(Length: 4)  14  45  49  51 
(Length: 5)  14  55  67  79  88 
(Length: 4)  14  49  79  97 
(Length: 4)  14  18  28  33 
(Length: 4)  14  60  68  73 
(Length: 4)  14  20  33  39 
(Length: 4)  14  60  63  73 
(Length: 4)  14  33  49  52 
(Length: 4)  14  25  39  87 
(Length: 5)  14  23  25  87  96 
(Length: 4)  14  68  73  77 
(Length: 4)  14  34  73  90 
(Length: 3)  14  27  63 
(Length: 5)  14  27  28  34  68 
(Length: 4)  14  68  77  86 
(Length: 4)  14  51  60  67 
(Length: 5)  14  36  51  60  68 
(Length: 5)  14  28  33  34  68 
(Length: 5)  14  20  28  34  90 
(Length: 5)  14  20  36  39  90 
(Length: 4)  14  73  87  97 
(Length: 5)  14  33  60  68  79 
(Length: 4)  14  27  49  82 
(Length: 5)  14  23  55  87  96 
(Length: 4)  14  87  96  97 
(Length: 4)  14  23  89  96 
(Length: 3)  14  20  67 
(Length: 5)  14  36  39  51  68 
(Length: 4)  14  39  45  51 
(Length: 4)  14  27  68  79 
(Length: 4)  14  27  49  79 
(Length: 4)  14  33  39  68 
(Length: 3)  14  27  89 
(Length: 4)  14  18  60  73 
(Length: 4)  14  45  49  52 
(Length: 4)  14  60  73  97 
(Length: 3)  15  19  70 
(Length: 4)  15  42  85  95 
(Length: 3)  15  30  54 
(Length: 3)  15  31  69 
(Length: 4)  15  26  27  42 
(Length: 3)  15  52  95 
(Length: 3)  15  31  37 
(Length: 3)  15  42  69 
(Length: 3)  15  51  54 
(Length: 3)  15  52  54 
(Length: 3)  15  26  30 
(Length: 3)  15  31  59 
(Length: 3)  15  30  37 
(Length: 4)  15  19  85  95 
(Length: 3)  15  42  70 
(Length: 3)  15  19  54 
(Length: 3)  15  30  95 
(Length: 3)  15  69  99 
(Length: 5)  16  38  76  78  80 
(Length: 4)  16  78  80  90 
(Length: 4)  16  56  80  90 
(Length: 4)  16  38  67  78 
(Length: 4)  16  33  38  76 
(Length: 3)  16  32  78 
(Length: 4)  16  19  79  80 
(Length: 4)  16  19  38  67 
(Length: 4)  16  33  34  38 
(Length: 4)  16  19  67  79 
(Length: 5)  16  19  34  38  80 
(Length: 4)  16  34  80  96 
(Length: 3)  16  19  32 
(Length: 4)  16  17  19  54 
(Length: 4)  16  17  52  78 
(Length: 4)  16  17  33  52 
(Length: 5)  16  19  34  80  90 
(Length: 4)  16  17  52  54 
(Length: 4)  17  19  61  70 
(Length: 4)  17  36  61  78 
(Length: 3)  17  64  84 
(Length: 3)  17  33  93 
(Length: 3)  17  41  84 
(Length: 3)  17  22  64 
(Length: 4)  17  22  70  97 
(Length: 4)  17  65  84  85 
(Length: 3)  17  41  54 
(Length: 4)  17  19  61  85 
(Length: 4)  17  19  84  85 
(Length: 5)  17  19  35  70  84 
(Length: 4)  17  22  70  92 
(Length: 3)  17  54  92 
(Length: 4)  17  61  70  92 
(Length: 4)  17  35  70  92 
(Length: 4)  17  19  26  93 
(Length: 4)  17  22  26  93 
(Length: 4)  17  36  52  78 
(Length: 4)  17  19  36  61 
(Length: 3)  17  26  65 
(Length: 3)  17  33  65 
(Length: 4)  18  52  75  95 
(Length: 4)  18  32  33  57 
(Length: 3)  18  32  42 
(Length: 3)  18  29  65 
(Length: 4)  18  32  57  73 
(Length: 4)  18  28  78  90 
(Length: 3)  18  32  78 
(Length: 3)  18  33  65 
(Length: 3)  18  40  57 
(Length: 3)  18  40  86 
(Length: 3)  18  40  94 
(Length: 3)  18  44  65 
(Length: 3)  18  44  94 
(Length: 4)  18  52  75  78 
(Length: 4)  18  42  60  95 
(Length: 3)  18  60  78 
(Length: 3)  18  62  95 
(Length: 3)  18  66  73 
(Length: 3)  18  90  95 
(Length: 3)  18  87  95 
(Length: 3)  18  29  60 
(Length: 3)  18  66  95 
(Length: 4)  18  32  33  94 
(Length: 3)  18  65  75 
(Length: 3)  18  66  94 
(Length: 4)  18  75  78  86 
(Length: 4)  19  29  32  55 
(Length: 4)  19  36  47  50 
(Length: 4)  19  61  66  82 
(Length: 5)  19  38  70  75  80 
(Length: 5)  19  43  55  61  88 
(Length: 4)  19  34  74  90 
(Length: 4)  19  26  34  93 
(Length: 5)  19  29  50  70  84 
(Length: 4)  19  25  38  67 
(Length: 4)  19  23  50  55 
(Length: 4)  19  35  70  90 
(Length: 3)  19  47  79 
(Length: 4)  19  36  90  95 
(Length: 4)  19  47  84  85 
(Length: 4)  19  50  55  74 
(Length: 4)  19  67  88  89 
(Length: 4)  19  32  43  55 
(Length: 4)  19  29  50  55 
(Length: 4)  19  43  50  84 
(Length: 5)  19  38  61  70  82 
(Length: 4)  19  61  66  95 
(Length: 4)  19  35  43  84 
(Length: 4)  19  47  50  84 
(Length: 4)  19  35  74  90 
(Length: 5)  19  38  61  70  75 
(Length: 4)  19  36  50  75 
(Length: 5)  19  36  61  75  95 
(Length: 4)  19  29  34  93 
(Length: 5)  19  43  61  75  88 
(Length: 5)  19  61  75  88  89 
(Length: 4)  19  50  75  89 
(Length: 4)  19  50  70  75 
(Length: 4)  19  43  50  75 
(Length: 4)  19  43  50  55 
(Length: 5)  19  75  79  80  88 
(Length: 4)  19  75  79  95 
(Length: 5)  19  34  38  70  80 
(Length: 3)  19  66  80 
(Length: 4)  19  36  50  90 
(Length: 5)  19  36  38  61  82 
(Length: 4)  19  50  74  90 
(Length: 5)  19  36  38  61  75 
(Length: 5)  19  29  34  70  90 
(Length: 5)  19  55  67  85  88 
(Length: 4)  19  70  82  84 
(Length: 5)  19  55  67  79  88 
(Length: 3)  19  66  74 
(Length: 4)  19  36  50  55 
(Length: 5)  19  70  75  79  80 
(Length: 5)  19  55  61  85  88 
(Length: 4)  19  23  50  89 
(Length: 5)  19  29  50  70  90 
(Length: 5)  19  29  50  84  89 
(Length: 5)  19  36  55  61  82 
(Length: 4)  19  85  90  95 
(Length: 5)  19  34  70  80  90 
(Length: 5)  19  36  55  61  95 
(Length: 4)  19  34  90  95 
(Length: 3)  19  79  93 
(Length: 4)  20  85  90  95 
(Length: 3)  20  36  47 
(Length: 4)  20  28  72  90 
(Length: 3)  20  47  72 
(Length: 4)  20  47  84  85 
(Length: 3)  20  33  91 
(Length: 3)  20  84  91 
(Length: 5)  20  36  39  90  95 
(Length: 3)  20  53  72 
(Length: 3)  20  44  67 
(Length: 4)  20  34  90  95 
(Length: 4)  20  72  90  95 
(Length: 3)  20  28  71 
(Length: 3)  20  71  85 
(Length: 3)  20  28  84 
(Length: 3)  20  34  53 
(Length: 3)  20  53  85 
(Length: 3)  20  33  47 
(Length: 3)  20  44  71 
(Length: 3)  20  67  85 
(Length: 5)  21  24  36  38  51 
(Length: 4)  21  24  36  81 
(Length: 4)  21  50  55  74 
(Length: 4)  21  29  50  55 
(Length: 4)  21  35  39  90 
(Length: 5)  21  32  39  51  57 
(Length: 5)  21  36  39  51  57 
(Length: 4)  21  36  55  57 
(Length: 5)  21  36  38  61  75 
(Length: 5)  21  29  32  55  57 
(Length: 4)  21  29  31  57 
(Length: 4)  21  38  51  67 
(Length: 3)  21  24  29 
(Length: 4)  21  53  61  75 
(Length: 4)  21  36  55  61 
(Length: 5)  21  36  39  50  90 
(Length: 3)  21  35  84 
(Length: 4)  21  31  39  50 
(Length: 4)  21  55  61  69 
(Length: 4)  21  57  67  89 
(Length: 4)  21  53  55  61 
(Length: 4)  21  51  57  67 
(Length: 3)  21  22  51 
(Length: 4)  21  25  38  67 
(Length: 4)  21  29  31  50 
(Length: 4)  21  67  81  89 
(Length: 4)  21  36  50  55 
(Length: 5)  21  55  57  67  69 
(Length: 3)  21  32  81 
(Length: 4)  21  29  53  55 
(Length: 4)  21  29  50  90 
(Length: 5)  21  29  50  84  89 
(Length: 4)  21  29  57  89 
(Length: 4)  21  22  81  89 
(Length: 4)  21  31  57  69 
(Length: 3)  21  74  81 
(Length: 4)  21  31  39  57 
(Length: 4)  21  35  74  90 
(Length: 4)  21  50  75  89 
(Length: 4)  21  36  50  75 
(Length: 4)  21  25  67  81 
(Length: 4)  21  22  50  89 
(Length: 4)  21  50  74  90 
(Length: 4)  22  45  51  60 
(Length: 3)  22  50  77 
(Length: 4)  22  48  81  89 
(Length: 4)  22  48  89  96 
(Length: 4)  22  87  95  97 
(Length: 4)  22  50  70  92 
(Length: 4)  22  51  58  63 
(Length: 4)  22  51  60  63 
(Length: 4)  22  45  64  81 
(Length: 4)  22  45  60  70 
(Length: 3)  22  27  63 
(Length: 4)  22  45  60  81 
(Length: 3)  22  77  95 
(Length: 3)  22  26  27 
(Length: 4)  22  48  50  89 
(Length: 4)  22  77  86  93 
(Length: 3)  22  58  89 
(Length: 3)  22  58  92 
(Length: 3)  22  58  97 
(Length: 3)  22  58  64 
(Length: 3)  22  64  77 
(Length: 3)  22  77  96 
(Length: 4)  22  87  96  97 
(Length: 3)  22  58  86 
(Length: 3)  22  27  89 
(Length: 4)  22  60  63  95 
(Length: 4)  22  60  63  81 
(Length: 4)  22  45  70  92 
(Length: 3)  22  48  51 
(Length: 4)  22  60  70  97 
(Length: 4)  22  60  95  97 
(Length: 3)  23  24  81 
(Length: 3)  23  64  81 
(Length: 3)  23  26  98 
(Length: 3)  23  25  81 
(Length: 3)  23  81  89 
(Length: 3)  23  55  64 
(Length: 4)  23  71  81  98 
(Length: 4)  23  71  87  98 
(Length: 3)  23  24  26 
(Length: 4)  24  76  80  88 
(Length: 4)  24  60  95  97 
(Length: 3)  24  26  65 
(Length: 3)  24  46  56 
(Length: 4)  24  36  60  76 
(Length: 4)  24  38  51  80 
(Length: 4)  24  36  60  95 
(Length: 4)  24  26  76  88 
(Length: 3)  24  46  51 
(Length: 4)  24  56  60  95 
(Length: 4)  24  60  76  88 
(Length: 4)  24  60  81  88 
(Length: 3)  24  56  80 
(Length: 4)  24  36  60  81 
(Length: 5)  24  29  60  70  76 
(Length: 5)  24  38  70  76  80 
(Length: 3)  24  51  65 
(Length: 4)  24  29  56  60 
(Length: 3)  24  29  65 
(Length: 4)  24  36  51  60 
(Length: 4)  24  36  38  76 
(Length: 4)  24  60  70  97 
(Length: 3)  25  56  87 
(Length: 3)  25  38  59 
(Length: 4)  25  39  59  87 
(Length: 4)  25  38  67  78 
(Length: 3)  25  59  81 
(Length: 3)  26  88  98 
(Length: 3)  26  27  83 
(Length: 3)  26  30  34 
(Length: 3)  26  30  98 
(Length: 3)  26  30  65 
(Length: 3)  26  32  83 
(Length: 3)  26  93  98 
(Length: 3)  26  27  65 
(Length: 3)  26  27  34 
(Length: 3)  26  30  76 
(Length: 3)  27  84  89 
(Length: 3)  27  42  49 
(Length: 3)  27  28  84 
(Length: 3)  27  42  84 
(Length: 4)  27  28  72  90 
(Length: 3)  27  41  84 
(Length: 4)  27  68  79  80 
(Length: 4)  27  63  65  72 
(Length: 4)  27  65  82  84 
(Length: 4)  27  34  80  90 
(Length: 4)  27  34  68  80 
(Length: 3)  27  42  63 
(Length: 4)  28  50  55  74 
(Length: 4)  28  48  50  55 
(Length: 4)  28  34  74  90 
(Length: 5)  28  30  34  74  81 
(Length: 5)  28  30  71  74  81 
(Length: 3)  28  48  81 
(Length: 4)  28  34  68  74 
(Length: 3)  28  55  64 
(Length: 4)  28  34  64  81 
(Length: 3)  28  50  84 
(Length: 3)  28  64  84 
(Length: 4)  28  55  56  74 
(Length: 3)  28  37  72 
(Length: 4)  28  71  76  78 
(Length: 4)  28  33  50  76 
(Length: 4)  28  56  74  90 
(Length: 4)  28  50  74  90 
(Length: 3)  28  37  84 
(Length: 3)  28  37  56 
(Length: 4)  28  30  71  76 
(Length: 3)  29  56  90 
(Length: 3)  29  48  83 
(Length: 3)  29  56  83 
(Length: 4)  29  55  56  87 
(Length: 3)  29  32  83 
(Length: 4)  29  48  55  96 
(Length: 3)  29  70  83 
(Length: 3)  29  34  53 
(Length: 4)  29  55  87  96 
(Length: 3)  29  31  56 
(Length: 3)  29  63  65 
(Length: 4)  29  31  48  50 
(Length: 3)  29  60  63 
(Length: 3)  29  58  89 
(Length: 4)  29  31  48  65 
(Length: 4)  29  53  55  87 
(Length: 4)  29  48  65  96 
(Length: 3)  29  58  63 
(Length: 4)  29  48  89  96 
(Length: 4)  29  50  77  84 
(Length: 4)  29  31  50  76 
(Length: 4)  29  50  70  76 
(Length: 4)  29  48  50  89 
(Length: 3)  29  77  96 
(Length: 3)  29  77  93 
(Length: 4)  29  48  50  55 
(Length: 3)  29  65  84 
(Length: 3)  29  53  83 
(Length: 3)  29  34  96 
(Length: 4)  30  60  63  81 
(Length: 4)  30  60  63  95 
(Length: 4)  30  49  79  97 
(Length: 3)  30  65  96 
(Length: 3)  30  96  97 
(Length: 3)  30  49  54 
(Length: 3)  30  63  65 
(Length: 4)  30  34  74  96 
(Length: 4)  30  38  49  76 
(Length: 3)  30  60  76 
(Length: 5)  30  38  45  49  98 
(Length: 4)  30  34  45  81 
(Length: 5)  30  71  74  81  98 
(Length: 5)  30  60  79  95  97 
(Length: 3)  30  71  97 
(Length: 3)  30  65  71 
(Length: 4)  30  34  38  45 
(Length: 5)  30  45  60  81  98 
(Length: 4)  30  37  79  97 
(Length: 4)  31  39  40  57 
(Length: 4)  31  33  39  59 
(Length: 3)  31  69  80 
(Length: 4)  31  39  48  50 
(Length: 4)  31  33  39  57 
(Length: 3)  31  37  72 
(Length: 3)  31  37  56 
(Length: 3)  31  48  69 
(Length: 3)  31  65  72 
(Length: 4)  31  40  56  80 
(Length: 4)  31  33  39  50 
(Length: 4)  31  33  50  76 
(Length: 3)  31  33  65 
(Length: 3)  31  69  72 
(Length: 4)  31  39  40  80 
(Length: 4)  31  33  57  76 
(Length: 4)  31  33  59  76 
(Length: 4)  32  39  59  62 
(Length: 4)  32  41  57  73 
(Length: 4)  32  46  51  58 
(Length: 3)  32  41  91 
(Length: 4)  32  55  59  64 
(Length: 3)  32  43  58 
(Length: 4)  32  59  64  81 
(Length: 3)  32  78  83 
(Length: 4)  32  64  81  91 
(Length: 4)  32  33  46  57 
(Length: 4)  32  64  81  94 
(Length: 3)  32  64  83 
(Length: 4)  32  46  51  57 
(Length: 4)  32  46  57  62 
(Length: 4)  32  55  57  64 
(Length: 4)  32  51  58  78 
(Length: 4)  32  33  39  59 
(Length: 4)  32  39  57  62 
(Length: 4)  32  41  73  83 
(Length: 4)  32  58  64  91 
(Length: 4)  32  39  62  83 
(Length: 4)  32  33  39  57 
(Length: 3)  32  33  91 
(Length: 3)  33  46  93 
(Length: 4)  33  38  49  76 
(Length: 4)  33  38  59  76 
(Length: 3)  33  47  50 
(Length: 4)  33  34  38  68 
(Length: 3)  33  38  91 
(Length: 4)  33  68  79  93 
(Length: 4)  33  68  79  94 
(Length: 4)  33  49  79  93 
(Length: 4)  33  34  68  94 
(Length: 4)  33  43  50  76 
(Length: 3)  33  60  76 
(Length: 3)  33  79  91 
(Length: 4)  33  34  68  93 
(Length: 4)  33  47  59  79 
(Length: 3)  33  43  65 
(Length: 4)  34  41  74  96 
(Length: 4)  34  38  70  73 
(Length: 4)  34  53  68  94 
(Length: 3)  34  41  73 
(Length: 4)  34  38  68  80 
(Length: 4)  34  53  81  94 
(Length: 4)  34  38  68  73 
(Length: 3)  34  68  95 
(Length: 4)  34  45  70  92 
(Length: 4)  34  68  80  94 
(Length: 4)  34  53  68  73 
(Length: 4)  34  45  64  81 
(Length: 4)  34  70  73  90 
(Length: 4)  34  38  45  70 
(Length: 4)  34  64  81  94 
(Length: 3)  34  68  92 
(Length: 4)  34  45  53  81 
(Length: 3)  35  49  70 
(Length: 3)  35  74  96 
(Length: 3)  35  74  98 
(Length: 4)  35  70  72  92 
(Length: 4)  35  70  72  90 
(Length: 4)  35  37  70  84 
(Length: 3)  35  72  77 
(Length: 4)  35  39  70  83 
(Length: 4)  35  70  83  92 
(Length: 3)  35  77  84 
(Length: 4)  35  39  70  90 
(Length: 4)  35  37  70  72 
(Length: 4)  35  37  43  84 
(Length: 3)  35  49  86 
(Length: 3)  35  49  98 
(Length: 3)  35  43  86 
(Length: 4)  36  52  75  78 
(Length: 4)  36  51  60  78 
(Length: 4)  36  38  59  76 
(Length: 4)  36  60  76  78 
(Length: 3)  36  78  90 
(Length: 3)  36  57  76 
(Length: 4)  36  38  51  78 
(Length: 4)  36  39  68  95 
(Length: 5)  36  38  61  76  78 
(Length: 3)  36  47  78 
(Length: 4)  36  47  59  81 
(Length: 4)  36  68  75  95 
(Length: 5)  36  38  61  75  78 
(Length: 4)  36  38  59  75 
(Length: 4)  36  38  68  75 
(Length: 4)  36  38  51  68 
(Length: 4)  36  60  68  95 
(Length: 4)  36  52  75  95 
(Length: 3)  37  41  84 
(Length: 3)  37  41  57 
(Length: 4)  38  40  49  86 
(Length: 4)  38  68  77  86 
(Length: 5)  38  61  70  73  82 
(Length: 4)  38  61  73  77 
(Length: 4)  38  40  49  76 
(Length: 3)  38  75  98 
(Length: 4)  38  45  51  78 
(Length: 4)  38  51  67  78 
(Length: 4)  38  40  49  51 
(Length: 4)  38  40  86  91 
(Length: 4)  38  44  59  76 
(Length: 3)  38  44  67 
(Length: 3)  38  44  68 
(Length: 3)  38  45  59 
(Length: 4)  38  68  73  77 
(Length: 3)  38  59  77 
(Length: 4)  38  49  70  76 
(Length: 4)  38  44  49  76 
(Length: 4)  38  49  70  82 
(Length: 4)  38  68  75  80 
(Length: 4)  38  51  68  80 
(Length: 4)  38  45  49  51 
(Length: 4)  38  75  78  86 
(Length: 4)  38  75  78  80 
(Length: 4)  38  68  75  86 
(Length: 4)  38  40  51  80 
(Length: 4)  38  45  49  70 
(Length: 4)  38  51  78  80 
(Length: 3)  39  70  82 
(Length: 4)  39  70  80  90 
(Length: 4)  39  45  70  83 
(Length: 3)  39  66  82 
(Length: 4)  39  66  68  95 
(Length: 5)  39  51  66  68  80 
(Length: 4)  39  40  51  57 
(Length: 3)  39  40  83 
(Length: 3)  39  48  83 
(Length: 3)  39  87  95 
(Length: 4)  40  61  76  92 
(Length: 3)  40  84  91 
(Length: 3)  40  56  91 
(Length: 3)  40  46  61 
(Length: 3)  40  80  94 
(Length: 3)  40  56  83 
(Length: 4)  40  46  51  57 
(Length: 3)  40  47  84 
(Length: 3)  40  47  83 
(Length: 3)  40  46  56 
(Length: 3)  40  83  92 
(Length: 3)  40  47  86 
(Length: 4)  41  61  66  73 
(Length: 3)  41  84  91 
(Length: 3)  41  44  67 
(Length: 3)  41  57  67 
(Length: 3)  42  84  85 
(Length: 4)  42  60  63  95 
(Length: 4)  42  55  85  95 
(Length: 3)  42  55  69 
(Length: 3)  42  70  84 
(Length: 3)  42  49  70 
(Length: 3)  42  60  70 
(Length: 3)  43  58  86 
(Length: 3)  43  65  84 
(Length: 3)  43  44  76 
(Length: 3)  43  65  75 
(Length: 4)  43  61  76  88 
(Length: 3)  43  55  86 
(Length: 3)  43  44  65 
(Length: 3)  43  58  76 
(Length: 3)  44  65  71 
(Length: 4)  44  68  79  94 
(Length: 4)  44  59  71  76 
(Length: 3)  44  67  79 
(Length: 4)  45  53  59  81 
(Length: 4)  45  51  60  78 
(Length: 4)  45  53  81  98 
(Length: 4)  45  70  83  92 
(Length: 3)  45  64  83 
(Length: 4)  45  53  78  83 
(Length: 3)  45  52  78 
(Length: 4)  45  59  64  81 
(Length: 3)  46  51  66 
(Length: 4)  46  56  66  98 
(Length: 3)  46  56  62 
(Length: 3)  46  71  99 
(Length: 3)  46  93  98 
(Length: 3)  46  62  99 
(Length: 3)  46  57  89 
(Length: 3)  46  71  98 
(Length: 3)  47  79  86 
(Length: 3)  47  63  72 
(Length: 3)  47  64  84 
(Length: 3)  47  79  97 
(Length: 3)  47  64  83 
(Length: 4)  47  59  64  79 
(Length: 4)  47  59  64  81 
(Length: 3)  47  63  81 
(Length: 3)  47  78  83 
(Length: 3)  47  78  86 
(Length: 3)  48  51  67 
(Length: 4)  48  67  81  89 
(Length: 4)  48  55  67  69 
(Length: 3)  48  51  65 
(Length: 3)  48  73  83 
(Length: 3)  49  51  54 
(Length: 4)  49  70  79  97 
(Length: 3)  49  93  98 
(Length: 3)  49  52  54 
(Length: 4)  49  79  86  93 
(Length: 4)  50  70  76  92 
(Length: 4)  51  58  78  80 
(Length: 4)  51  60  67  78 
(Length: 4)  51  58  68  80 
(Length: 3)  51  63  65 
(Length: 3)  53  68  75 
(Length: 4)  53  55  59  87 
(Length: 4)  53  61  75  88 
(Length: 4)  53  61  75  78 
(Length: 4)  53  59  81  88 
(Length: 4)  53  55  61  82 
(Length: 4)  53  59  75  88 
(Length: 4)  53  75  78  83 
(Length: 4)  53  81  88  98 
(Length: 4)  53  75  88  98 
(Length: 3)  53  87  98 
(Length: 4)  53  61  73  82 
(Length: 4)  53  85  88  98 
(Length: 4)  53  55  59  88 
(Length: 5)  53  55  61  85  88 
(Length: 3)  53  73  87 
(Length: 3)  53  73  83 
(Length: 3)  55  85  96 
(Length: 4)  55  56  87  95 
(Length: 4)  55  59  64  79 
(Length: 3)  55  74  96 
(Length: 4)  55  59  79  88 
(Length: 4)  55  57  67  88 
(Length: 3)  55  59  74 
(Length: 3)  56  62  83 
(Length: 3)  56  60  98 
(Length: 3)  56  66  95 
(Length: 3)  56  87  98 
(Length: 3)  56  87  91 
(Length: 3)  56  62  95 
(Length: 3)  56  90  95 
(Length: 3)  56  66  80 
(Length: 4)  56  66  74  98 
(Length: 4)  57  67  88  89 
(Length: 4)  58  68  80  99 
(Length: 3)  58  69  91 
(Length: 4)  58  79  86  91 
(Length: 4)  58  68  79  80 
(Length: 3)  58  68  92 
(Length: 3)  58  97  99 
(Length: 4)  58  68  79  86 
(Length: 3)  58  76  92 
(Length: 4)  58  69  80  99 
(Length: 4)  58  64  79  91 
(Length: 4)  58  76  78  80 
(Length: 3)  58  63  99 
(Length: 3)  58  79  97 
(Length: 4)  59  71  74  81 
(Length: 3)  59  71  87 
(Length: 4)  59  75  79  88 
(Length: 3)  59  64  77 
(Length: 4)  60  81  88  98 
(Length: 4)  60  63  73  99 
(Length: 4)  60  68  73  99 
(Length: 4)  60  73  97  99 
(Length: 4)  60  70  79  97 
(Length: 4)  60  68  79  95 
(Length: 4)  60  67  81  88 
(Length: 4)  60  70  73  97 
(Length: 3)  60  88  99 
(Length: 3)  61  77  88 
(Length: 3)  61  69  77 
(Length: 3)  61  77  95 
(Length: 3)  61  66  69 
(Length: 3)  61  63  73 
(Length: 4)  61  70  76  92 
(Length: 4)  61  66  73  82 
(Length: 4)  61  63  75  95 
(Length: 3)  63  72  95 
(Length: 4)  63  65  75  99 
(Length: 3)  64  79  94 
(Length: 3)  64  77  84 
(Length: 3)  64  84  91 
(Length: 3)  65  71  99 
(Length: 3)  65  82  99 
(Length: 3)  65  71  85 
(Length: 3)  65  85  96 
(Length: 4)  66  73  82  99 
(Length: 4)  66  68  80  94 
(Length: 4)  66  68  74  99 
(Length: 4)  66  68  73  99 
(Length: 4)  66  68  80  99 
(Length: 4)  66  69  80  99 
(Length: 4)  67  81  88  89 
(Length: 4)  68  79  80  94 
(Length: 4)  68  75  79  80 
(Length: 4)  68  75  80  99 
(Length: 4)  68  77  86  93 
(Length: 4)  68  79  86  93 
(Length: 3)  68  77  95 
(Length: 4)  69  71  80  99 
(Length: 3)  69  72  77 
(Length: 3)  70  73  83 
(Length: 3)  70  75  83 
(Length: 3)  71  74  99 
(Length: 4)  71  76  78  80 
(Length: 3)  71  80  94 
(Length: 3)  71  81  94 
(Length: 3)  71  78  83 
(Length: 3)  71  85  98 
(Length: 3)  71  87  97 
(Length: 3)  72  77  95 
(Length: 4)  75  80  88  99 
...model cost: 1.01 seconds  45857 FFE
 (opt) 447.00000000 == 447.00000000 (sur)  OPTIMALITY TEST PASSED!
   BESTimpr 392.00000000 -> 438.00000000
11***1******1**1**1**11*11*******1****1**1**1****1**1******1*11*1***1*1*11****11***11*1*11***11*****


111*1***1*11**11*11*****11**1111*11**111****11**1**11*111*1**1*11*1**1**11*1*11****1*****11*1*111*11


**1*****1***1***11***1*111*1*1****11*1**1******1*11*11111**1***1**1***11****11*111*1**111111*1*1*1*1

