Walsh model started...
 9  51  72  15  24  22  36  2  75  63  37  21 
 6  67  21  80  17  28  16  83  92  63  12  34  75  5  2  46  9  37  35  98  70  39  27  42  32  43  31  13  89  62  40  78  93  69  41  33  15  25  22 
 65  26  41  42  28  36  15  1  46  99  59  13  92  86  89  5  64  20  79  24  72  78  0  30  44  19  75 
 70  81  84  8  44  43  79  31  9  45  63  86  27  37  61  6  30  25 
 95  46  62  87  96  51  64  92  49  80  31  57  13  90  41  84  79 
 58  50  1  75  77  59  51  79  9  81  64  2  37  86  44  45  36  41  66  34 
 48  28  54  90  32  18  47  77  13  24  67  1  92  22  23  39  69  42  49  62  57  53  11  58  89  17  33  46  61  3  9 
 48  9  46  51  16  57  89  45  59  34  44  29  56  14  25  15  24 
 50  34  31  99  70  26  84  3  68  95  67  62  92  85  98  36  40  80  47  9  57  51  24  25  43  72  19  35  60  33  88 
 50  76  79  51  0  66  90  48  7  93  17  78  88  1  5  3  45  21  52  18  25  80  8  32  23  44  87  6  38 
 82  12  52  28  53  11  24  90  58  37  79  86  74  68  16  18  62  95  83 
 87  12  46  70  53  10  35  86  6  58  81  15  64  98  95 
 36  84  87  11  82  10  45  17  80  21  1  34  38  32  14  48  55  92  61  18  22  74 
 24  6  49  95  29  92  85  42  80  82  2  41  94  35  17  1  89  87  4  18  25  50  38  97 
 86  25  67  98  12  48  89  24  70  56  82  17  46  31  27  99  33  93  20  7  71  18  45  53  28  88 
 99  30  23  88  35  50  36  2  24  39  47  87  72  0  53  86  11  42  1  52  61  28  98  7  25  83  41 
 59  57  40  86  33  89  94  74  28  99  71  61  1  83  36  53  7  63  62  54  90  68  58  10  18  52  76  93  29 
 12  45  22  60  67  47  1  28  9  93  68  26  82  14  55  66  35  13  54  39  89  6 
 53  31  32  6  93  69  35  91  30  33  60  81  25  9  16  10  77  88  23  34  71  94  13  14  22  12  76  82 
 40  71  27  39  34  36  86  97  67  31  95  28  24  73  8  35  2  75 
 66  59  48  39  80  95  51  43  31  50  79  2  30  28  93  14  25  36  68  61  26  40 
 43  54  1  80  60  34  12  24  95  49  87  70  52  61  58  32  26  38  84  9  79  0  37 
 30  53  17  60  6  92  27  31  66  69  63  79  90  0  24  55  29  81  78  52  25  1  18  12 
 46  63  15  88  67  65  6  39  45  69  54  96  55  32  9  87  36  85  18  34  43  81  42  79  27 
 72  74  13  6  27  53  21  95  90  10  15  39  14  89  60  19  73  0  22  59  2  75  35  8  25  50  84  51  7  57  69  64 
 14  86  65  68  18  9  24  8  62  42  13  50  35  95  1  22  7  15  36  20  3  30 
 65  2  35  80  70  8  41  17  68  21  51  36  74  53  58  20  40 
 80  62  39  19  64  89  24  53  70  47  22  31  1  38  54  14  51  42  48  97  92  40  37  3  72  52  86  76  96  23 
 48  6  10  52  32  44  16  99  17  1  2  42  66  63  38  68  45  34  95  19  30  20  41  74  71  57  91  36  15  29  88  14  83 
 89  97  13  92  95  22  55  88  46  62  82  7  34  30  91  32  49  28  16 
 99  15  22  53  80  83  49  36  66  51  97  18  33  20  28  85  75  76  61  2  44  91  29  56  3  25  48  89 
 53  18  82  64  8  99  32  62  22  27  3  79  67  19  87  14  20  50  75  1  4  57  90  89  35  39 
 6  18  28  44  56  90  62  31  12  38  64  93  98  61  81  69  83  46  43  1  49  80  21  23  9  29  54  76  99  82 
 52  37  55  16  89  71  62  99  85  96  30  18  44  97  14  1  6  60  8  82  98 
 50  8  72  75  43  47  60  21  1  12  35  93  76  88  89  71  36  19  45  28  99  54  59  7  90  29  23  18  66  5 
 26  80  39  90  15  50  93  34  1  37  57  78  91  18  13  17  86  11  84  65  74  53  72  36  75  24  8  19  25  95  60  49  31  77  44 
 84  12  15  2  53  16  49  30  34  19  86  51  8  40  35  72  55  46  57  61  0  74  26  28  91  23  85  5  41  25  20 
 33  52  55  94  65  61  57  58  10  1  35  78  5  86  27  3  0  21 
 12  32  53  99  46  73  28  68  27  54  84  21  79  9  13  97 
 27  19  35  90  20  48  6  23  24  15  62  87  1  92  66  68  55  54  17  31 
 71  19  86  16  88  62  58  96  52  36  8  1  92  27  60  26  20 
 26  2  93  86  66  65  56  60  13  94  74  28  69  1  97  87  90  4  46  48  45  5  36  62  92  83  15 
 46  77  72  84  47  55  60  2  28  75  85  13  1  6  79  43  63  74  49  81  67  58  51  27  25  62  15  23 
 21  54  44  3  47  34  80  57  20  51  32  1  62  79  42  70  81  8  72  96  92  23 
 32  28  3  43  78  51  98  88  47  65  97  33  9  7  30  2  5  45  77  35 
 80  99  12  17  75  87  85  73  48  95  88  23  34  28  89  7  3  9  63  44  5  41  86  53  14 
 23  63  83  92  70  11  95  4  42  77  72  7  51  38  73  2  1  32  14  86  80  55  36  29  88  6  48  41 
 77  6  43  34  67  17  42  84  27  70  44  65  15  87  62  79  66  80  8  59  96  76  88 
 6  28  9  7  81  57  20  39  45  95  53  14  12  82  51  61  27  97  46  41  30  89  77 
 95  13  36  30  21  87  6  32  4  80  74  42  97  94  99  54  58  29  60  35  68  53 
 9  76  34  8  15  35  65  69  58  5  20  31  59  93  78  61  99  53  79  87  24  72  25  13  73  84 
 9  0  46  7  78  44  5  79  82  48  97  30  20  43  96  4  36  86  61  91  42  27  26  8  83  81  89  24 
 96  75  10  28  33  37  70  21  40  99  64  9  16  76  22  66  61  15  72  27  71 
 18  31  30  22  74  81  10  11  27  24  57  48  59  80  36  16  99  38  6  75  91  15  35  61  50  26  58  45  14  68  49  79  63  64 
 6  90  43  21  16  99  34  27  38  23  96  55  39  17  49  57  75  63  76  32  81 
 37  33  62  57  42  60  17  66  96  61  39  68  54  23  80  77  22  29  36  46  88  12  92 
 32  90  70  14  60  41  7  99  30  58  82 
 16  59  55  62  81  48  53  61  37  43  80  7  95  66  78  35  6  58  31  4  36  8  28  71  54  99  68  76  24  69  93  67 
 68  67  5  50  37  10  61  21  16  40  11  6  57  81  77  42  60  49  53  26  82  56  92  97  86 
 66  20  83  89  16  57  80  53  77  5  99  2  76  78  7  34  50  93  47  24  88  96 
 17  22  55  42  34  21  75  56  41  74  24  18  81  86  40  58  33  8  35  49 
 71  16  57  37  98  32  78  67  58  21  55  96  48  81  51  91  76  30  50  36  53  88  52  15  6  3  77  92  12  68  20 
 80  27  71  91  55  57  88  40  33  32  31  63  16  87  4  39  8  67  6  47  43  90  1  82  10  29  25  42  94  41 
 46  23  74  93  79  85  92  1  16  62  28  66  69  22  77  73  42  78  95  45  65  80  3  86  75  0  54  53 
 82  31  27  89  93  32  4  92  87  99  52  5  2  11  53  24 
 26  2  37  94  23  67  69  50  66  41  25  68  44  47  84  35  80  63 
 59  20  69  88  9  90  41  65  28  63  22  30  17  55  57  95  39  92  47  79  52  93  34  5 
 68  58  98  14  76  94  6  1  47  17  23  65  61  78  8  62  31  19  81  42  57  93 
 88  70  58  67  8  95  38  28  25  65  10  79  17  26  16  89  39  55  57  76  71  72  20  61  83  49  53 
 72  78  66  88  93  18  65  50  81  32  6  23  22  63  83  91  1  41  24  57 
 88  68  3  81  46  11  8  26  27  47  56  14  92  21  52  98  1  43 
 40  19  91  62  61  16  33  89  34  90  28  57  94  18  72  68  93  14  52 
 78  69  74  24  34  75  42  46  15  0  35  36  90  2  43  8  50  71  68  98  52  27 
 85  45  79  82  46  38  77  63  19  24  76  50 
 81  53  72  24  63  93  94  16  86  10  60  80  35  42  49  41  28  36  26  12 
 96  52  98  81  72  34  45  87  1  5  60  42  31  53  91  85  30  35  24  0  63  54  2  19 
 50  9  79  67  94  34  88  59  78  30  61  96  47  16  52  68  57  73  54  32  86  27  82  18 
 47  6  42  46  5  59  81  63  73  93  92  80  55  58  18  88  61  96  48  44  35 
 72  69  94  97  51  44  88  9  61  67  57  37  35  92  83  59  76  63  1  81  22  50  2 
 9  76  85  63  73  82  51  5  10  3  31  68  22  90  42  43  47  66  20  2  94  87  50  21  38  23  53  4  84  97 
 27  62  99  45  26  35  83  30  1  21  12  59  53  95  20  43  57  13  82  86  46  32  4  49  81  74  47  8  55  77  9  65  63 
 70  3  98  75  74  53  57  48  69  32  77  5  61  18  60  80  83  58  11  67  42  22  78  43  23  51  89  54 
 10  12  31  64  73  79  48  51  13  80  14  17  62  29  58  56  98  33  92  32  99  76  18 
 59  89  46  92  80  30  1  16  32  78  81  69  91  51  10  95  28  68  15  41 
 36  12  3  8  42  47  38  21  35  65  50  24  4  79 
 73  45  79  63  99  33  96  13  42  8  98  75  30  94  36  23 
 14  25  40  16  93  41  10  74  19  97  46  80  36  51  2  89  35  11  37  5  63  3  60  15  45  27  76  58  94 
 11  12  45  75  62  4  39  21  49  31  64  47  15  23  9  13  79  50  97  41 
 68  70  66  69  15  23  40  62  78  9  45  34  76  44  98  29  46  18  77  61  55  59  96  8  47  28  14 
 59  83  64  27  16  33  29  97  93  98  34  71  14  24  45  7  68  2  86  13  1  31  90  6  17  81  51  30  48  94 
 54  6  9  66  32  56  39  35  24  10  16  79  22  62  71  72  34  31  89  93  97  4  41 
 71  62  35  18  53  75  61  51  93  97  83  69  28  36  30  29 
 46  83  6  22  1  63  29  13  2  70  8  64  4  95  78  39  66  93  77  27  40  96  43  12  55  61  58  82  94  41 
 69  18  63  74  86  41  64  32  35  34  9  17  89  98  91  97  77  92  59  50  1  20  14  90  66  16  71  57  67 
 67  76  16  74  97  78  37  65  41  13  49  79  85  71  18  62  92  89  86 
 46  4  49  13  8  68  21  24  48  45  80  20  57  66  92  29  28  19  63  35  25  11  98  10  83 
 52  75  85  33  4  51  40  55  61  54  23  76  47  92  43  77  59  88  27 
 94  78  89  29  51  30  19  86  44  33  91  93  49  48  27  90  87  41  13  38  58  79 
 67  14  81  75  32  61  89  93  44  88  70  1  8  85  72  15  11  95  82  33 
 80  45  8  31  15  30  28  16  85  33  53  38  59  2  54  34  64  52  14  49  50  57  56  32  82 
-->CDecomWalshPart::vInitTrueLinkage-->GLBs: 1191
(Length: 5)  0  2  15  24  72 
(Length: 3)  0  21  37 
(Length: 3)  0  9  21 
(Length: 3)  0  9  51 
(Length: 3)  0  63  75 
(Length: 3)  0  22  24 
(Length: 5)  0  2  24  72  75 
(Length: 3)  0  21  24 
(Length: 3)  0  22  63 
(Length: 5)  0  2  15  36  72 
(Length: 3)  0  36  51 
(Length: 3)  0  24  51 
(Length: 4)  1  2  5  41 
(Length: 4)  1  16  33  89 
(Length: 4)  1  31  32  62 
(Length: 4)  1  28  42  63 
(Length: 4)  1  6  39  92 
(Length: 5)  1  2  15  28  41 
(Length: 5)  1  21  32  43  80 
(Length: 4)  1  63  92  93 
(Length: 4)  1  13  25  42 
(Length: 4)  1  6  13  42 
(Length: 4)  1  6  22  92 
(Length: 5)  1  32  46  80  83 
(Length: 3)  1  5  9 
(Length: 4)  1  12  17  22 
(Length: 5)  1  2  13  41  92 
(Length: 4)  1  6  33  62 
(Length: 4)  1  5  34  75 
(Length: 4)  1  9  32  93 
(Length: 3)  1  5  37 
(Length: 4)  1  16  40  62 
(Length: 4)  1  15  35  39 
(Length: 4)  1  15  25  42 
(Length: 5)  1  2  41  46  92 
(Length: 4)  1  32  93  98 
(Length: 4)  1  63  69  93 
(Length: 3)  1  41  62 
(Length: 5)  1  22  63  78  92 
(Length: 4)  1  32  69  83 
(Length: 4)  1  28  32  83 
(Length: 4)  1  41  69  83 
(Length: 4)  1  2  5  75 
(Length: 4)  1  2  78  92 
(Length: 4)  1  46  63  80 
(Length: 4)  1  21  43  70 
(Length: 3)  1  22  25 
(Length: 5)  1  9  21  32  80 
(Length: 3)  1  70  98 
(Length: 4)  1  17  35  93 
(Length: 4)  1  6  13  92 
(Length: 4)  1  13  35  80 
(Length: 4)  1  17  35  39 
(Length: 4)  1  13  25  35 
(Length: 4)  1  21  34  43 
(Length: 4)  1  67  93  98 
(Length: 4)  1  22  27  92 
(Length: 4)  1  17  89  93 
(Length: 4)  1  27  31  89 
(Length: 4)  1  42  63  75 
(Length: 4)  1  31  35  39 
(Length: 5)  1  27  31  39  62 
(Length: 4)  1  9  17  93 
(Length: 4)  1  6  9  17 
(Length: 3)  1  9  25 
(Length: 3)  1  9  78 
(Length: 4)  1  22  27  31 
(Length: 4)  1  12  21  34 
(Length: 4)  1  13  17  35 
(Length: 4)  1  32  69  93 
(Length: 4)  1  78  83  92 
(Length: 5)  1  22  63  69  78 
(Length: 4)  1  16  89  93 
(Length: 4)  1  12  22  92 
(Length: 4)  1  2  13  42 
(Length: 4)  1  2  13  89 
(Length: 4)  1  42  46  63 
(Length: 4)  1  27  70  92 
(Length: 4)  1  41  92  93 
(Length: 4)  1  16  33  62 
(Length: 3)  1  33  37 
(Length: 4)  1  27  39  92 
(Length: 4)  1  6  32  46 
(Length: 4)  1  89  93  98 
(Length: 5)  1  6  42  62  67 
(Length: 4)  1  6  17  22 
(Length: 4)  1  6  28  32 
(Length: 4)  1  6  17  39 
(Length: 4)  1  6  28  42 
(Length: 4)  1  15  25  35 
(Length: 4)  1  27  62  80 
(Length: 4)  1  6  33  89 
(Length: 4)  1  34  35  75 
(Length: 4)  1  34  89  93 
(Length: 3)  1  75  98 
(Length: 3)  1  21  37 
(Length: 3)  1  27  37 
(Length: 4)  1  35  37  78 
(Length: 4)  1  16  62  63 
(Length: 4)  1  27  40  92 
(Length: 4)  1  6  17  67 
(Length: 4)  1  34  35  93 
(Length: 4)  1  6  17  28 
(Length: 5)  1  6  13  17  89 
(Length: 4)  1  16  28  63 
(Length: 4)  1  2  42  46 
(Length: 3)  1  28  34 
(Length: 5)  1  2  15  28  42 
(Length: 4)  1  46  70  92 
(Length: 5)  1  41  46  83  92 
(Length: 4)  1  33  89  98 
(Length: 4)  1  62  63  80 
(Length: 5)  1  15  28  41  83 
(Length: 4)  1  46  63  92 
(Length: 4)  1  27  42  62 
(Length: 4)  1  27  40  62 
(Length: 3)  1  15  98 
(Length: 4)  1  25  42  62 
(Length: 5)  1  32  43  62  80 
(Length: 4)  1  16  83  89 
(Length: 4)  1  41  69  93 
(Length: 4)  1  42  62  63 
(Length: 4)  1  69  78  83 
(Length: 4)  1  42  43  62 
(Length: 4)  1  6  39  62 
(Length: 4)  1  16  28  83 
(Length: 4)  1  31  35  75 
(Length: 4)  1  16  63  93 
(Length: 4)  1  2  42  75 
(Length: 3)  1  67  78 
(Length: 4)  1  43  70  92 
(Length: 4)  1  17  67  93 
(Length: 4)  1  31  62  67 
(Length: 4)  1  6  22  69 
(Length: 4)  1  6  9  32 
(Length: 4)  1  6  46  92 
(Length: 4)  1  6  32  69 
(Length: 5)  1  12  21  32  80 
(Length: 4)  1  6  32  62 
(Length: 4)  1  6  42  46 
(Length: 4)  2  19  24  75 
(Length: 4)  2  20  26  36 
(Length: 3)  2  20  79 
(Length: 4)  2  28  30  44 
(Length: 3)  2  30  75 
(Length: 4)  2  24  59  89 
(Length: 4)  2  24  64  89 
(Length: 4)  2  19  36  86 
(Length: 3)  2  72  78 
(Length: 3)  2  30  89 
(Length: 5)  2  5  36  41  86 
(Length: 3)  2  5  44 
(Length: 3)  2  44  65 
(Length: 5)  2  15  28  36  41 
(Length: 3)  2  5  59 
(Length: 3)  2  5  64 
(Length: 4)  2  26  41  65 
(Length: 3)  2  59  99 
(Length: 3)  2  5  79 
(Length: 3)  2  42  79 
(Length: 3)  2  86  89 
(Length: 3)  2  64  92 
(Length: 4)  2  36  46  72 
(Length: 5)  2  15  28  30  99 
(Length: 4)  2  42  46  72 
(Length: 3)  2  44  78 
(Length: 5)  2  36  41  46  86 
(Length: 4)  2  15  42  72 
(Length: 4)  2  19  28  36 
(Length: 3)  2  64  99 
(Length: 4)  2  42  72  75 
(Length: 5)  2  15  28  30  36 
(Length: 5)  2  20  28  30  36 
(Length: 4)  2  13  24  89 
(Length: 3)  2  59  78 
(Length: 4)  2  26  36  41 
(Length: 5)  2  15  36  41  86 
(Length: 3)  2  20  59 
(Length: 3)  3  43  44 
(Length: 3)  3  9  79 
(Length: 3)  3  25  30 
(Length: 3)  3  30  44 
(Length: 3)  3  79  84 
(Length: 3)  3  43  79 
(Length: 4)  3  8  43  70 
(Length: 3)  3  8  31 
(Length: 3)  3  6  9 
(Length: 3)  3  37  61 
(Length: 4)  3  45  63  86 
(Length: 3)  3  63  79 
(Length: 4)  3  8  9  25 
(Length: 3)  3  30  61 
(Length: 3)  3  27  31 
(Length: 3)  3  6  61 
(Length: 4)  3  43  70  81 
(Length: 3)  3  25  86 
(Length: 4)  3  27  37  86 
(Length: 3)  3  27  70 
(Length: 3)  3  31  79 
(Length: 3)  3  61  81 
(Length: 3)  3  8  84 
(Length: 4)  3  9  44  45 
(Length: 3)  4  51  79 
(Length: 3)  4  79  84 
(Length: 4)  4  13  41  92 
(Length: 4)  4  31  62  90 
(Length: 4)  4  46  80  95 
(Length: 4)  4  13  41  87 
(Length: 4)  4  41  46  92 
(Length: 4)  4  41  62  90 
(Length: 4)  4  46  92  95 
(Length: 3)  4  46  51 
(Length: 4)  4  31  64  87 
(Length: 4)  4  31  57  62 
(Length: 4)  4  41  62  87 
(Length: 5)  4  13  49  80  95 
(Length: 4)  4  57  80  95 
(Length: 4)  4  57  62  80 
(Length: 4)  4  31  79  90 
(Length: 3)  4  51  96 
(Length: 3)  4  64  92 
(Length: 4)  4  31  79  87 
(Length: 4)  4  13  49  87 
(Length: 4)  4  13  92  95 
(Length: 4)  4  31  62  87 
(Length: 3)  4  92  96 
(Length: 4)  5  9  44  51 
(Length: 4)  5  9  51  79 
(Length: 4)  5  34  59  66 
(Length: 3)  5  34  36 
(Length: 3)  5  51  81 
(Length: 4)  5  34  45  75 
(Length: 4)  5  9  66  79 
(Length: 3)  5  41  66 
(Length: 4)  5  41  45  86 
(Length: 4)  5  37  58  86 
(Length: 3)  5  44  77 
(Length: 4)  5  34  50  59 
(Length: 3)  5  59  77 
(Length: 3)  5  75  81 
(Length: 4)  5  58  77  81 
(Length: 3)  5  50  58 
(Length: 4)  5  36  51  86 
(Length: 4)  5  9  50  79 
(Length: 4)  5  9  44  45 
(Length: 4)  6  17  47  67 
(Length: 4)  6  28  48  57 
(Length: 4)  6  32  54  90 
(Length: 4)  6  39  62  90 
(Length: 4)  6  24  39  90 
(Length: 4)  6  42  49  58 
(Length: 3)  6  11  46 
(Length: 3)  6  54  57 
(Length: 4)  6  24  89  90 
(Length: 5)  6  48  53  57  61 
(Length: 3)  6  39  48 
(Length: 4)  6  22  24  53 
(Length: 5)  6  53  57  58  61 
(Length: 4)  6  23  42  46 
(Length: 4)  6  24  57  69 
(Length: 5)  6  42  47  62  67 
(Length: 4)  6  49  53  58 
(Length: 4)  6  46  77  92 
(Length: 4)  6  42  58  77 
(Length: 4)  6  18  22  69 
(Length: 4)  6  22  24  90 
(Length: 4)  6  48  61  77 
(Length: 5)  6  57  58  61  67 
(Length: 5)  6  9  18  23  32 
(Length: 4)  6  13  24  89 
(Length: 3)  6  9  48 
(Length: 4)  6  42  46  77 
(Length: 4)  6  23  42  67 
(Length: 4)  6  17  39  54 
(Length: 4)  6  23  39  54 
(Length: 5)  6  18  23  32  69 
(Length: 4)  6  23  32  54 
(Length: 4)  6  11  53  58 
(Length: 5)  6  58  61  77  92 
(Length: 4)  6  13  42  49 
(Length: 4)  6  57  62  67 
(Length: 3)  6  18  33 
(Length: 3)  6  48  89 
(Length: 4)  6  18  22  53 
(Length: 3)  6  18  77 
(Length: 3)  6  13  18 
(Length: 4)  6  46  48  77 
(Length: 4)  6  23  32  46 
(Length: 4)  6  39  54  90 
(Length: 4)  6  32  49  54 
(Length: 3)  6  32  61 
(Length: 4)  6  24  53  57 
(Length: 4)  6  42  58  67 
(Length: 4)  6  22  24  69 
(Length: 4)  6  32  62  90 
(Length: 4)  6  42  47  77 
(Length: 4)  6  9  32  90 
(Length: 4)  7  24  59  89 
(Length: 4)  7  34  45  89 
(Length: 4)  7  46  48  51 
(Length: 4)  7  16  29  89 
(Length: 4)  7  9  44  51 
(Length: 4)  7  14  24  25 
(Length: 4)  7  15  24  25 
(Length: 4)  7  16  57  59 
(Length: 4)  7  16  59  89 
(Length: 3)  7  48  57 
(Length: 4)  7  24  57  59 
(Length: 4)  7  34  59  89 
(Length: 4)  7  24  51  89 
(Length: 4)  7  48  51  89 
(Length: 3)  7  9  25 
(Length: 4)  7  9  45  48 
(Length: 4)  7  9  48  51 
(Length: 4)  7  9  44  45 
(Length: 5)  7  14  45  48  89 
(Length: 4)  7  14  46  48 
(Length: 3)  7  14  56 
(Length: 4)  7  14  24  89 
(Length: 4)  7  29  34  89 
(Length: 3)  7  29  46 
(Length: 4)  8  34  47  88 
(Length: 5)  8  31  57  62  67 
(Length: 3)  8  33  60 
(Length: 3)  8  40  92 
(Length: 3)  8  24  51 
(Length: 4)  8  26  68  70 
(Length: 3)  8  68  72 
(Length: 3)  8  67  98 
(Length: 3)  8  9  88 
(Length: 3)  8  33  62 
(Length: 4)  8  33  85  98 
(Length: 3)  8  92  95 
(Length: 5)  8  19  24  35  95 
(Length: 3)  8  40  60 
(Length: 4)  8  47  62  88 
(Length: 4)  8  9  25  50 
(Length: 4)  8  70  88  98 
(Length: 4)  8  31  35  50 
(Length: 4)  8  31  35  57 
(Length: 3)  8  9  51 
(Length: 4)  8  19  31  67 
(Length: 4)  8  19  36  40 
(Length: 4)  8  35  36  57 
(Length: 4)  8  34  35  60 
(Length: 5)  8  34  35  36  72 
(Length: 4)  8  35  36  84 
(Length: 4)  8  26  35  36 
(Length: 5)  8  35  57  80  95 
(Length: 4)  8  26  35  80 
(Length: 5)  8  34  35  50  72 
(Length: 4)  8  34  50  99 
(Length: 3)  8  9  80 
(Length: 4)  8  31  57  99 
(Length: 3)  8  72  98 
(Length: 4)  8  47  62  67 
(Length: 4)  8  43  70  92 
(Length: 4)  8  57  80  99 
(Length: 4)  8  33  85  99 
(Length: 4)  8  47  70  88 
(Length: 5)  8  24  25  35  50 
(Length: 4)  8  68  70  88 
(Length: 4)  8  57  67  68 
(Length: 4)  8  26  36  40 
(Length: 3)  8  36  85 
(Length: 4)  8  25  35  36 
(Length: 3)  8  25  62 
(Length: 4)  8  25  68  95 
(Length: 5)  8  24  35  50  72 
(Length: 5)  8  24  35  50  84 
(Length: 5)  8  24  25  35  95 
(Length: 4)  8  40  62  88 
(Length: 4)  8  31  50  99 
(Length: 4)  8  26  36  51 
(Length: 4)  8  19  31  35 
(Length: 5)  8  19  34  35  36 
(Length: 4)  8  57  68  95 
(Length: 5)  8  24  35  57  95 
(Length: 4)  8  24  35  60 
(Length: 3)  8  43  51 
(Length: 3)  8  95  98 
(Length: 5)  8  43  57  62  80 
(Length: 5)  8  43  47  62  80 
(Length: 4)  8  43  47  70 
(Length: 4)  8  34  43  47 
(Length: 4)  8  34  43  72 
(Length: 3)  8  47  84 
(Length: 4)  9  44  78  88 
(Length: 4)  9  50  76  78 
(Length: 4)  9  18  32  93 
(Length: 4)  9  44  51  78 
(Length: 4)  9  32  90  93 
(Length: 4)  9  18  23  88 
(Length: 3)  9  21  52 
(Length: 4)  9  21  38  79 
(Length: 3)  9  45  80 
(Length: 4)  9  17  66  93 
(Length: 4)  9  21  79  87 
(Length: 4)  9  18  76  88 
(Length: 3)  9  17  45 
(Length: 3)  9  66  88 
(Length: 4)  9  18  32  76 
(Length: 4)  9  23  45  87 
(Length: 3)  9  18  25 
(Length: 4)  9  21  32  38 
(Length: 3)  9  32  44 
(Length: 4)  9  66  90  93 
(Length: 4)  9  76  78  88 
(Length: 4)  9  50  76  79 
(Length: 4)  9  23  45  88 
(Length: 4)  9  66  79  90 
(Length: 3)  9  52  66 
(Length: 3)  9  50  93 
(Length: 4)  9  50  79  87 
(Length: 4)  9  44  45  88 
(Length: 3)  9  52  76 
(Length: 4)  9  23  79  87 
(Length: 3)  10  24  90 
(Length: 3)  10  79  90 
(Length: 4)  10  16  28  52 
(Length: 5)  10  16  28  68  83 
(Length: 3)  10  12  74 
(Length: 4)  10  16  62  90 
(Length: 3)  10  62  82 
(Length: 4)  10  37  58  86 
(Length: 4)  10  16  18  53 
(Length: 3)  10  11  95 
(Length: 4)  10  16  58  86 
(Length: 4)  10  12  18  82 
(Length: 4)  10  16  28  74 
(Length: 3)  10  79  82 
(Length: 4)  10  11  53  58 
(Length: 3)  10  11  12 
(Length: 5)  10  16  53  58  68 
(Length: 4)  10  16  53  74 
(Length: 4)  10  24  53  74 
(Length: 4)  10  11  58  86 
(Length: 4)  10  53  68  79 
(Length: 3)  10  37  52 
(Length: 4)  10  16  74  86 
(Length: 3)  10  24  95 
(Length: 3)  10  58  82 
(Length: 5)  10  28  68  83  95 
(Length: 3)  11  35  95 
(Length: 3)  11  12  87 
(Length: 3)  11  53  64 
(Length: 4)  11  15  35  86 
(Length: 3)  11  46  86 
(Length: 4)  11  53  58  81 
(Length: 3)  11  46  70 
(Length: 4)  11  15  35  53 
(Length: 4)  11  70  81  98 
(Length: 3)  11  95  98 
(Length: 3)  11  15  87 
(Length: 3)  11  15  98 
(Length: 3)  11  64  87 
(Length: 3)  11  46  95 
(Length: 3)  12  74  80 
(Length: 4)  12  36  55  61 
(Length: 4)  12  14  18  82 
(Length: 4)  12  14  45  48 
(Length: 3)  12  34  36 
(Length: 3)  12  36  74 
(Length: 4)  12  21  32  38 
(Length: 4)  12  21  32  61 
(Length: 3)  12  34  45 
(Length: 4)  12  14  17  45 
(Length: 3)  12  21  87 
(Length: 3)  12  45  80 
(Length: 3)  12  36  84 
(Length: 4)  12  22  55  92 
(Length: 4)  12  14  17  82 
(Length: 3)  12  82  92 
(Length: 3)  12  45  87 
(Length: 4)  12  21  38  84 
(Length: 4)  12  17  22  55 
(Length: 4)  12  55  61  92 
(Length: 4)  12  32  80  82 
(Length: 3)  12  48  61 
(Length: 3)  12  18  22 
(Length: 3)  12  18  34 
(Length: 4)  12  18  32  82 
(Length: 3)  12  55  80 
(Length: 4)  12  14  48  82 
(Length: 4)  13  41  92  94 
(Length: 5)  13  35  49  80  95 
(Length: 4)  13  29  92  95 
(Length: 4)  13  41  87  97 
(Length: 4)  13  18  25  35 
(Length: 3)  13  18  82 
(Length: 3)  13  18  94 
(Length: 4)  13  29  82  92 
(Length: 4)  13  29  89  97 
(Length: 4)  13  49  94  97 
(Length: 4)  13  29  49  97 
(Length: 3)  13  85  94 
(Length: 5)  13  24  25  35  95 
(Length: 3)  13  50  87 
(Length: 4)  13  89  94  97 
(Length: 3)  13  17  82 
(Length: 4)  13  29  49  95 
(Length: 3)  13  38  97 
(Length: 3)  13  42  85 
(Length: 5)  13  24  25  35  50 
(Length: 3)  13  80  82 
(Length: 4)  13  41  94  97 
(Length: 4)  13  49  87  97 
(Length: 4)  14  27  86  89 
(Length: 3)  14  27  70 
(Length: 4)  14  24  27  53 
(Length: 4)  14  33  89  98 
(Length: 4)  14  45  86  89 
(Length: 4)  14  71  89  93 
(Length: 4)  14  18  31  82 
(Length: 4)  14  31  53  99 
(Length: 4)  14  27  31  89 
(Length: 4)  14  17  67  93 
(Length: 4)  14  70  88  98 
(Length: 4)  14  27  48  89 
(Length: 4)  14  17  28  45 
(Length: 4)  14  18  31  53 
(Length: 4)  14  33  82  99 
(Length: 3)  14  20  93 
(Length: 3)  14  25  86 
(Length: 4)  14  27  48  53 
(Length: 3)  14  46  86 
(Length: 4)  14  86  89  93 
(Length: 4)  14  46  70  88 
(Length: 4)  14  18  33  82 
(Length: 4)  14  28  45  99 
(Length: 3)  14  18  25 
(Length: 4)  14  28  45  88 
(Length: 3)  14  20  25 
(Length: 4)  14  24  27  89 
(Length: 3)  14  28  71 
(Length: 4)  14  17  45  89 
(Length: 3)  14  56  70 
(Length: 4)  14  45  53  99 
(Length: 4)  14  28  45  48 
(Length: 3)  14  31  67 
(Length: 4)  14  33  71  89 
(Length: 4)  14  18  71  93 
(Length: 4)  14  18  33  71 
(Length: 4)  14  20  28  48 
(Length: 3)  14  18  88 
(Length: 3)  14  20  31 
(Length: 4)  14  33  82  98 
(Length: 4)  14  89  93  98 
(Length: 4)  14  31  82  99 
(Length: 4)  14  56  82  99 
(Length: 4)  14  45  48  53 
(Length: 4)  14  27  31  53 
(Length: 4)  14  67  93  98 
(Length: 4)  14  17  89  93 
(Length: 3)  15  42  47 
(Length: 4)  15  28  52  99 
(Length: 5)  15  24  35  50  53 
(Length: 3)  15  23  36 
(Length: 5)  15  24  25  35  50 
(Length: 5)  15  25  35  36  86 
(Length: 3)  15  47  88 
(Length: 3)  15  23  88 
(Length: 3)  15  72  98 
(Length: 4)  15  24  35  39 
(Length: 5)  15  30  36  53  61 
(Length: 3)  15  52  72 
(Length: 3)  15  47  87 
(Length: 4)  15  35  36  53 
(Length: 4)  15  35  36  72 
(Length: 4)  15  50  53  99 
(Length: 4)  15  61  88  98 
(Length: 4)  15  28  30  83 
(Length: 4)  15  30  53  99 
(Length: 3)  15  23  42 
(Length: 3)  15  50  87 
(Length: 4)  15  50  53  61 
(Length: 4)  15  23  39  87 
(Length: 3)  15  52  61 
(Length: 3)  15  28  88 
(Length: 3)  15  41  87 
(Length: 4)  15  25  30  36 
(Length: 5)  15  24  35  50  72 
(Length: 4)  16  33  52  99 
(Length: 4)  16  76  86  94 
(Length: 4)  16  33  52  71 
(Length: 4)  16  52  61  76 
(Length: 4)  16  36  40  86 
(Length: 4)  16  40  52  71 
(Length: 4)  16  40  58  86 
(Length: 4)  16  40  62  71 
(Length: 4)  16  86  89  94 
(Length: 5)  16  53  57  59  99 
(Length: 4)  16  57  59  76 
(Length: 4)  16  28  36  57 
(Length: 4)  16  36  74  86 
(Length: 4)  16  54  57  99 
(Length: 4)  16  28  57  99 
(Length: 4)  16  28  36  74 
(Length: 5)  16  28  57  68  71 
(Length: 5)  16  36  53  57  61 
(Length: 4)  16  54  57  76 
(Length: 4)  16  18  71  93 
(Length: 4)  16  57  59  93 
(Length: 5)  16  71  89  90  93 
(Length: 4)  16  59  83  89 
(Length: 4)  16  86  89  93 
(Length: 3)  16  29  62 
(Length: 4)  16  71  89  94 
(Length: 4)  16  68  83  89 
(Length: 3)  16  54  90 
(Length: 4)  16  62  71  94 
(Length: 4)  16  62  71  90 
(Length: 4)  16  57  62  71 
(Length: 3)  16  54  63 
(Length: 3)  16  28  29 
(Length: 4)  16  52  61  71 
(Length: 4)  16  28  52  71 
(Length: 4)  16  28  52  99 
(Length: 4)  16  28  63  74 
(Length: 4)  16  33  62  71 
(Length: 4)  16  18  76  94 
(Length: 5)  16  57  61  68  76 
(Length: 5)  16  57  61  68  71 
(Length: 6)  16  53  57  58  61  68 
(Length: 4)  16  68  71  89 
(Length: 4)  16  33  71  89 
(Length: 4)  16  57  71  93 
(Length: 4)  16  18  71  94 
(Length: 4)  16  59  89  93 
(Length: 4)  16  18  33  71 
(Length: 5)  16  63  74  86  93 
(Length: 4)  16  74  86  94 
(Length: 4)  16  36  53  74 
(Length: 4)  16  53  63  74 
(Length: 4)  17  22  55  60 
(Length: 3)  17  26  35 
(Length: 3)  17  35  60 
(Length: 4)  17  39  55  66 
(Length: 3)  17  68  89 
(Length: 4)  17  39  55  68 
(Length: 4)  17  39  54  55 
(Length: 3)  17  67  68 
(Length: 3)  17  28  68 
(Length: 3)  17  26  68 
(Length: 3)  17  28  66 
(Length: 3)  17  47  66 
(Length: 4)  17  22  55  66 
(Length: 4)  18  30  53  91 
(Length: 4)  18  23  34  88 
(Length: 4)  18  35  77  93 
(Length: 4)  18  22  53  81 
(Length: 4)  18  22  31  53 
(Length: 4)  18  22  30  53 
(Length: 4)  18  69  91  93 
(Length: 4)  18  22  60  81 
(Length: 3)  18  30  33 
(Length: 4)  18  34  35  93 
(Length: 3)  18  33  60 
(Length: 4)  18  71  91  93 
(Length: 3)  18  77  81 
(Length: 4)  18  34  76  88 
(Length: 3)  18  77  88 
(Length: 3)  18  30  76 
(Length: 4)  18  35  53  91 
(Length: 4)  18  22  25  30 
(Length: 4)  18  34  71  93 
(Length: 4)  18  32  76  82 
(Length: 4)  18  23  69  88 
(Length: 4)  18  22  69  81 
(Length: 5)  18  23  32  69  81 
(Length: 4)  18  32  69  93 
(Length: 4)  18  34  35  60 
(Length: 4)  18  31  35  53 
(Length: 4)  18  31  32  82 
(Length: 4)  18  35  91  93 
(Length: 4)  19  24  35  75 
(Length: 4)  19  31  35  39 
(Length: 4)  19  28  34  71 
(Length: 4)  19  36  40  86 
(Length: 4)  19  27  86  97 
(Length: 4)  19  31  35  75 
(Length: 4)  19  24  27  39 
(Length: 3)  19  40  71 
(Length: 3)  19  28  95 
(Length: 4)  19  28  34  36 
(Length: 3)  19  24  73 
(Length: 4)  19  27  40  86 
(Length: 4)  19  24  35  39 
(Length: 4)  19  34  35  75 
(Length: 4)  19  35  36  86 
(Length: 4)  19  27  31  39 
(Length: 5)  20  30  48  51  61 
(Length: 4)  20  26  36  51 
(Length: 4)  20  43  51  79 
(Length: 4)  20  26  36  40 
(Length: 3)  20  31  39 
(Length: 3)  20  39  68 
(Length: 3)  20  39  66 
(Length: 4)  20  31  50  79 
(Length: 3)  20  39  48 
(Length: 4)  20  28  66  95 
(Length: 3)  20  30  80 
(Length: 4)  20  28  68  95 
(Length: 5)  20  30  36  51  61 
(Length: 4)  20  28  30  48 
(Length: 4)  20  25  68  95 
(Length: 3)  20  25  50 
(Length: 4)  20  25  30  36 
(Length: 3)  20  43  80 
(Length: 4)  20  50  59  93 
(Length: 4)  20  59  66  93 
(Length: 3)  20  59  80 
(Length: 3)  20  50  61 
(Length: 3)  20  61  68 
(Length: 3)  20  68  79 
(Length: 4)  20  28  48  95 
(Length: 3)  20  66  79 
(Length: 3)  20  80  95 
(Length: 4)  20  28  30  66 
(Length: 3)  20  26  80 
(Length: 3)  20  26  68 
(Length: 4)  21  49  58  60 
(Length: 4)  21  34  43  54 
(Length: 4)  21  38  79  84 
(Length: 3)  21  49  87 
(Length: 3)  21  26  58 
(Length: 3)  21  24  84 
(Length: 4)  21  32  38  54 
(Length: 3)  21  26  80 
(Length: 3)  21  24  60 
(Length: 4)  21  32  49  54 
(Length: 3)  21  24  95 
(Length: 4)  21  37  52  61 
(Length: 4)  21  49  80  95 
(Length: 4)  21  32  43  54 
(Length: 4)  21  37  58  61 
(Length: 3)  21  26  70 
(Length: 3)  21  52  70 
(Length: 3)  21  43  79 
(Length: 3)  21  34  60 
(Length: 4)  21  32  49  80 
(Length: 4)  22  31  79  90 
(Length: 3)  22  30  66 
(Length: 4)  22  53  63  79 
(Length: 3)  22  24  25 
(Length: 3)  22  27  52 
(Length: 3)  22  52  66 
(Length: 4)  22  27  31  53 
(Length: 4)  22  69  78  81 
(Length: 4)  22  24  27  53 
(Length: 4)  22  63  66  69 
(Length: 3)  22  29  30 
(Length: 3)  22  24  60 
(Length: 4)  22  31  53  79 
(Length: 4)  22  29  55  92 
(Length: 4)  22  55  66  92 
(Length: 4)  22  63  66  92 
(Length: 4)  22  63  66  79 
(Length: 4)  22  66  79  90 
(Length: 4)  23  63  65  69 
(Length: 4)  23  36  46  55 
(Length: 4)  23  27  39  54 
(Length: 5)  23  42  63  79  85 
(Length: 3)  23  85  96 
(Length: 4)  23  42  43  79 
(Length: 4)  23  43  54  96 
(Length: 3)  23  27  42 
(Length: 4)  23  39  54  55 
(Length: 3)  23  54  63 
(Length: 4)  23  42  67  81 
(Length: 5)  23  32  43  54  81 
(Length: 4)  23  27  54  96 
(Length: 4)  23  42  43  81 
(Length: 3)  23  34  36 
(Length: 4)  23  42  46  63 
(Length: 4)  23  45  63  85 
(Length: 3)  23  65  67 
(Length: 4)  23  34  43  54 
(Length: 4)  23  55  88  96 
(Length: 4)  23  54  55  96 
(Length: 4)  23  46  55  88 
(Length: 4)  23  34  45  88 
(Length: 4)  23  42  46  55 
(Length: 3)  23  36  85 
(Length: 4)  24  27  53  64 
(Length: 4)  24  27  51  89 
(Length: 4)  24  35  60  75 
(Length: 3)  24  27  72 
(Length: 4)  24  35  39  90 
(Length: 4)  24  50  53  59 
(Length: 4)  24  35  53  74 
(Length: 4)  24  35  53  75 
(Length: 4)  24  50  69  72 
(Length: 4)  24  35  60  74 
(Length: 4)  24  35  72  75 
(Length: 4)  24  35  72  90 
(Length: 4)  24  53  57  59 
(Length: 4)  24  35  72  74 
(Length: 4)  24  27  64  89 
(Length: 4)  24  35  53  57 
(Length: 3)  24  50  73 
(Length: 3)  25  65  68 
(Length: 4)  25  35  50  65 
(Length: 3)  26  40  58 
(Length: 5)  26  35  36  53  74 
(Length: 4)  26  35  65  80 
(Length: 3)  26  65  68 
(Length: 4)  26  53  58  68 
(Length: 4)  26  36  41  74 
(Length: 5)  26  35  53  74  80 
(Length: 4)  27  31  53  64 
(Length: 4)  27  31  64  89 
(Length: 3)  27  80  86 
(Length: 3)  27  42  51 
(Length: 4)  27  47  76  96 
(Length: 3)  27  76  86 
(Length: 3)  27  38  97 
(Length: 3)  27  51  96 
(Length: 3)  27  37  52 
(Length: 3)  27  52  64 
(Length: 4)  27  40  52  96 
(Length: 3)  27  52  70 
(Length: 3)  27  52  72 
(Length: 4)  27  52  76  96 
(Length: 4)  27  47  62  80 
(Length: 3)  27  64  92 
(Length: 3)  27  38  54 
(Length: 3)  27  47  70 
(Length: 3)  27  42  72 
(Length: 4)  27  40  92  96 
(Length: 4)  27  42  47  62 
(Length: 3)  27  39  48 
(Length: 3)  27  53  80 
(Length: 4)  27  54  76  96 
(Length: 3)  27  38  53 
(Length: 5)  27  48  51  89  97 
(Length: 5)  27  51  86  89  97 
(Length: 4)  28  45  48  95 
(Length: 4)  28  45  63  95 
(Length: 3)  28  68  88 
(Length: 4)  28  44  45  88 
(Length: 4)  28  29  30  91 
(Length: 3)  28  71  91 
(Length: 4)  28  57  66  95 
(Length: 4)  28  34  66  88 
(Length: 4)  28  30  83  91 
(Length: 4)  28  57  68  95 
(Length: 4)  28  34  45  88 
(Length: 4)  28  29  34  88 
(Length: 4)  28  32  38  99 
(Length: 3)  28  29  32 
(Length: 4)  28  41  45  48 
(Length: 4)  28  34  45  99 
(Length: 4)  28  63  66  95 
(Length: 3)  28  32  44 
(Length: 4)  28  30  36  91 
(Length: 4)  28  42  63  74 
(Length: 4)  28  48  57  95 
(Length: 3)  28  38  68 
(Length: 3)  28  52  66 
(Length: 3)  28  29  95 
(Length: 4)  28  36  41  74 
(Length: 3)  28  41  66 
(Length: 3)  29  32  49 
(Length: 4)  29  55  62  88 
(Length: 4)  29  32  62  82 
(Length: 4)  29  30  49  97 
(Length: 4)  29  30  89  97 
(Length: 4)  29  46  55  92 
(Length: 4)  29  46  55  88 
(Length: 3)  29  32  46 
(Length: 4)  29  46  92  95 
(Length: 3)  29  62  91 
(Length: 4)  29  30  91  97 
(Length: 3)  30  36  85 
(Length: 4)  30  51  91  97 
(Length: 4)  30  44  51  97 
(Length: 4)  30  33  89  97 
(Length: 4)  30  51  83  91 
(Length: 4)  30  36  49  53 
(Length: 3)  30  75  85 
(Length: 5)  30  48  51  89  97 
(Length: 4)  30  48  53  61 
(Length: 5)  30  36  51  61  91 
(Length: 5)  30  36  53  61  91 
(Length: 4)  30  53  75  91 
(Length: 3)  30  56  99 
(Length: 3)  30  61  76 
(Length: 4)  30  33  44  97 
(Length: 3)  30  80  83 
(Length: 4)  30  51  83  89 
(Length: 5)  30  49  53  80  99 
(Length: 4)  30  33  85  99 
(Length: 3)  31  89  90 
(Length: 4)  31  32  62  90 
(Length: 4)  31  50  53  99 
(Length: 4)  31  50  79  87 
(Length: 3)  31  79  82 
(Length: 4)  31  53  57  99 
(Length: 4)  31  35  53  75 
(Length: 3)  31  75  87 
(Length: 4)  31  39  62  90 
(Length: 4)  31  50  53  79 
(Length: 4)  31  35  53  57 
(Length: 5)  31  32  64  82  99 
(Length: 4)  31  53  64  99 
(Length: 4)  31  39  62  87 
(Length: 4)  31  35  39  90 
(Length: 4)  31  35  50  53 
(Length: 4)  31  32  62  82 
(Length: 3)  32  64  93 
(Length: 4)  32  56  82  99 
(Length: 4)  32  49  80  99 
(Length: 3)  32  43  44 
(Length: 3)  32  56  90 
(Length: 4)  32  80  81  83 
(Length: 4)  32  80  82  99 
(Length: 3)  32  61  76 
(Length: 4)  32  61  81  98 
(Length: 4)  32  43  80  81 
(Length: 3)  32  38  46 
(Length: 3)  32  44  98 
(Length: 4)  32  62  80  82 
(Length: 3)  32  54  76 
(Length: 4)  32  38  54  99 
(Length: 3)  32  82  98 
(Length: 4)  32  69  81  83 
(Length: 4)  32  49  54  99 
(Length: 3)  33  85  96 
(Length: 3)  33  55  96 
(Length: 3)  33  37  55 
(Length: 3)  33  55  60 
(Length: 3)  33  37  52 
(Length: 3)  33  62  82 
(Length: 3)  33  44  98 
(Length: 3)  33  52  96 
(Length: 3)  33  55  62 
(Length: 5)  34  47  59  76  88 
(Length: 4)  34  59  66  93 
(Length: 4)  34  35  72  90 
(Length: 4)  34  35  60  75 
(Length: 4)  34  59  89  93 
(Length: 4)  34  71  72  90 
(Length: 4)  34  35  90  93 
(Length: 3)  34  54  75 
(Length: 4)  34  66  90  93 
(Length: 5)  34  47  59  66  88 
(Length: 4)  34  35  50  93 
(Length: 3)  34  54  90 
(Length: 5)  34  71  89  90  93 
(Length: 3)  34  54  76 
(Length: 4)  34  50  59  99 
(Length: 4)  34  50  59  93 
(Length: 4)  34  50  59  76 
(Length: 3)  34  54  99 
(Length: 4)  34  35  72  75 
(Length: 3)  35  44  77 
(Length: 5)  35  36  49  53  74 
(Length: 4)  35  50  65  84 
(Length: 4)  35  74  86  93 
(Length: 4)  35  50  72  78 
(Length: 4)  35  49  60  74 
(Length: 4)  35  36  53  91 
(Length: 4)  35  36  74  86 
(Length: 4)  35  36  53  57 
(Length: 3)  35  37  65 
(Length: 3)  35  37  86 
(Length: 3)  35  44  65 
(Length: 3)  35  57  93 
(Length: 4)  35  60  74  86 
(Length: 4)  35  74  80  86 
(Length: 3)  35  77  80 
(Length: 3)  35  44  78 
(Length: 4)  35  36  72  74 
(Length: 4)  35  53  57  80 
(Length: 4)  35  53  75  91 
(Length: 5)  35  49  53  74  80 
(Length: 4)  35  37  57  78 
(Length: 4)  36  46  51  86 
(Length: 4)  36  41  74  86 
(Length: 4)  36  55  57  61 
(Length: 3)  37  78  94 
(Length: 4)  37  57  58  61 
(Length: 3)  37  86  94 
(Length: 4)  37  55  57  61 
(Length: 3)  37  65  94 
(Length: 4)  37  57  61  78 
(Length: 3)  38  46  73 
(Length: 3)  38  53  99 
(Length: 4)  38  53  68  79 
(Length: 3)  38  73  79 
(Length: 3)  38  79  97 
(Length: 3)  39  55  62 
(Length: 3)  39  66  90 
(Length: 4)  39  55  66  92 
(Length: 4)  40  58  60  86 
(Length: 3)  40  88  96 
(Length: 3)  40  58  92 
(Length: 4)  41  90  93  97 
(Length: 4)  41  86  93  97 
(Length: 4)  41  74  86  94 
(Length: 4)  41  86  94  97 
(Length: 4)  41  66  92  93 
(Length: 3)  41  65  94 
(Length: 4)  41  65  66  69 
(Length: 3)  41  62  94 
(Length: 4)  41  66  90  93 
(Length: 3)  41  56  90 
(Length: 4)  41  60  74  86 
(Length: 3)  41  48  97 
(Length: 3)  41  46  48 
(Length: 4)  41  66  69  93 
(Length: 3)  41  56  60 
(Length: 3)  41  45  87 
(Length: 4)  41  74  86  93 
(Length: 4)  42  46  55  77 
(Length: 4)  42  43  47  62 
(Length: 4)  42  43  51  79 
(Length: 4)  42  60  75  81 
(Length: 3)  42  43  72 
(Length: 3)  42  55  60 
(Length: 4)  42  43  47  79 
(Length: 4)  42  43  51  81 
(Length: 4)  42  63  75  85 
(Length: 4)  42  60  74  81 
(Length: 3)  42  46  51 
(Length: 4)  42  47  79  84 
(Length: 3)  42  72  74 
(Length: 4)  42  49  60  74 
(Length: 4)  42  58  60  81 
(Length: 4)  42  58  67  81 
(Length: 4)  42  58  77  81 
(Length: 3)  42  55  62 
(Length: 4)  42  46  63  77 
(Length: 4)  42  49  58  60 
(Length: 3)  43  44  51 
(Length: 3)  43  47  96 
(Length: 4)  43  54  57  81 
(Length: 3)  43  51  96 
(Length: 4)  43  57  80  81 
(Length: 3)  43  92  96 
(Length: 3)  43  44  47 
(Length: 4)  44  51  78  97 
(Length: 3)  44  88  98 
(Length: 3)  44  47  65 
(Length: 4)  44  47  77  88 
(Length: 3)  45  75  87 
(Length: 4)  45  63  73  85 
(Length: 4)  45  63  80  86 
(Length: 4)  45  63  75  85 
(Length: 4)  45  53  63  80 
(Length: 4)  45  53  80  99 
(Length: 4)  45  53  63  75 
(Length: 4)  45  63  80  95 
(Length: 3)  45  85  99 
(Length: 4)  46  55  77  92 
(Length: 4)  46  63  92  95 
(Length: 4)  46  83  92  95 
(Length: 3)  46  51  83 
(Length: 3)  46  48  95 
(Length: 4)  46  63  80  95 
(Length: 4)  46  63  73  77 
(Length: 4)  46  63  77  80 
(Length: 4)  46  63  77  92 
(Length: 4)  46  63  80  86 
(Length: 4)  46  55  77  80 
(Length: 4)  46  55  77  88 
(Length: 4)  46  80  83  95 
(Length: 3)  47  67  76 
(Length: 5)  47  59  76  88  96 
(Length: 3)  47  65  67 
(Length: 3)  47  65  66 
(Length: 4)  47  59  77  80 
(Length: 3)  47  65  84 
(Length: 3)  47  79  87 
(Length: 3)  47  65  80 
(Length: 5)  47  59  77  88  96 
(Length: 3)  47  62  87 
(Length: 3)  47  66  79 
(Length: 3)  47  76  79 
(Length: 5)  48  53  57  61  81 
(Length: 4)  48  61  77  81 
(Length: 4)  48  51  81  89 
(Length: 4)  48  51  61  81 
(Length: 3)  48  51  82 
(Length: 3)  49  68  95 
(Length: 3)  49  58  97 
(Length: 3)  49  74  94 
(Length: 4)  49  53  58  68 
(Length: 4)  50  73  76  79 
(Length: 4)  50  53  58  61 
(Length: 3)  50  65  69 
(Length: 4)  50  61  76  78 
(Length: 3)  50  69  93 
(Length: 4)  50  53  59  99 
(Length: 4)  50  59  76  78 
(Length: 3)  50  79  84 
(Length: 4)  50  69  72  78 
(Length: 4)  51  81  83  89 
(Length: 3)  51  79  97 
(Length: 3)  51  79  82 
(Length: 3)  51  61  96 
(Length: 4)  51  78  81  83 
(Length: 4)  51  61  78  81 
(Length: 3)  52  71  72 
(Length: 4)  52  61  76  96 
(Length: 3)  52  75  96 
(Length: 3)  52  64  99 
(Length: 3)  52  72  75 
(Length: 3)  53  75  81 
(Length: 4)  53  74  80  81 
(Length: 4)  53  63  74  80 
(Length: 5)  53  57  58  61  81 
(Length: 4)  53  57  80  81 
(Length: 5)  53  57  59  80  99 
(Length: 3)  54  75  96 
(Length: 3)  54  75  81 
(Length: 3)  54  63  75 
(Length: 3)  54  55  57 
(Length: 4)  55  57  62  80 
(Length: 3)  55  57  66 
(Length: 4)  55  61  68  88 
(Length: 4)  55  57  61  68 
(Length: 3)  55  66  88 
(Length: 5)  55  61  77  92  96 
(Length: 5)  55  61  77  88  96 
(Length: 3)  56  58  82 
(Length: 3)  56  58  60 
(Length: 5)  57  61  67  76  78 
(Length: 5)  57  61  67  78  81 
(Length: 4)  57  69  78  81 
(Length: 4)  57  59  76  78 
(Length: 5)  57  61  67  68  76 
(Length: 4)  57  59  66  93 
(Length: 4)  57  66  69  93 
(Length: 3)  57  67  93 
(Length: 5)  57  58  61  67  81 
(Length: 5)  57  58  61  67  68 
(Length: 4)  58  61  77  81 
(Length: 3)  58  82  92 
(Length: 3)  58  86  97 
(Length: 4)  59  76  78  88 
(Length: 3)  59  80  83 
(Length: 3)  59  78  83 
(Length: 3)  59  77  93 
(Length: 4)  61  76  78  88 
(Length: 4)  61  76  88  96 
(Length: 3)  61  71  91 
(Length: 4)  61  67  81  98 
(Length: 4)  61  68  76  88 
(Length: 3)  61  78  92 
(Length: 3)  62  71  91 
(Length: 3)  62  67  94 
(Length: 4)  63  73  79  85 
(Length: 3)  63  65  80 
(Length: 4)  63  65  66  69 
(Length: 4)  63  66  69  93 
(Length: 4)  63  77  92  93 
(Length: 4)  63  66  92  95 
(Length: 4)  63  66  92  93 
(Length: 4)  63  74  80  86 
(Length: 3)  64  92  93 
(Length: 3)  64  82  92 
(Length: 3)  64  89  93 
(Length: 3)  65  67  68 
(Length: 3)  65  67  94 
(Length: 3)  66  69  88 
(Length: 4)  67  76  78  94 
(Length: 3)  68  76  79 
(Length: 3)  68  71  72 
(Length: 4)  69  78  81  83 
(Length: 3)  69  83  91 
(Length: 3)  69  78  88 
(Length: 3)  72  75  98 
(Length: 4)  73  76  79  82 
(Length: 3)  75  85  98 
(Length: 3)  75  85  96 
(Length: 3)  75  81  98 
(Length: 3)  76  79  94 
(Length: 3)  77  80  81 
(Length: 3)  78  94  97 
(Length: 3)  78  92  94 
(Length: 3)  79  87  97 
(Length: 3)  79  90  97 
(Length: 3)  79  94  97 
(Length: 3)  79  85  94 
(Length: 3)  81  89  98 
(Length: 4)  86  89  94  97 
(Length: 4)  86  89  93  97 
(Length: 4)  89  90  93  97 
(Length: 3)  91  93  97 
...model cost: 1.08 seconds  46417 FFE
 (opt) 447.00000000 == 447.00000000 (sur)  OPTIMALITY TEST PASSED!
   BESTimpr 388.00000000 -> 436.00000000
*1*11**111*1*11*111*1*111**1*111*1*1*11**111****11***11*111**111***1**1*111*1111**1**111*****11*111*


*111*1*1*1********1***1****11111***11111*1*1111**1111111*1***1**11*11*1*11**11*****1***1*11*111*11*1


11*****1****1*1**1**1*11***1**1******1**1***1*1***11***11**111**11****1************11*11*1**111*11**

