Walsh model started...
 65  58  61  24  26  93  68  90  52  70  17  36  21  60  88  57  22  64  18  44  54  6  50  82  29  83  47  37  73  31  53  48  43  78 
 20  97  85  17  6  81  3  70  63  82  96  50  92  47  19  18  42  15  89  53 
 56  51  62  34  81  82  18  42  61  49  22  58  19  93  50  83  99  9  90  16  21  32  53  54 
 82  36  31  1  70  21  99  46  96  76  15  43  58  92  88  6  25  61  41  98  69  12  77  62  37  39  75 
 66  33  30  29  52  38  49  95  11  23  78  41  26  16  74  83  71  65  10  35  18  62  64  89  36  69 
 45  64  98  87  25  53  31  35  24  84  66  88  43  71  79  57  90  59  55  23  95 
 47  14  81  1  88  64  75  12  55  77  48  78  62  51  63  3  0  50  52  70  61  39  18 
 47  8  88  27  19  74  60  56  23  29  55  17  51  78  99  9  26  45  75  63 
 7  47  91  98  55  32  61  63  67  21  23  57  30  44  69 
 55  72  71  93  21  42  22  76  26  15  11  44  50  2  51  79  78  38  14  74  7  52  86  60  10 
 24  35  95  44  57  60  54  27  82  13  48  91  37  43  50  61  51  94  34  70  52  15  59  74  31  33  4  87  18  47  9  22 
 56  31  42  72  63  65  4  23  39  64  89  95  70  17  15  9  99  40  18  68  45  82  41 
 53  79  24  42  21  61  68  43  36  74  77  69  75  6  23  87  64  86  3 
 78  37  58  67  49  63  10  82  39  77  15  51  44  68 
 78  83  6  47  34  22  16  52  36  31  77  97  79  86  60  17  18  93  9  94  56 
 27  17  95  20  30  70  66  23  10  13  3  43  71  52  11  9  18  1 
 25  62  77  23  48  97  31  58  22  14  46  59  80  71  34  20  26  4  90  2  83 
 96  90  97  22  27  15  1  85  36  0  62  11  70  83  31  35  77  51  26  7  52  87  14  60  21  64  48 
 2  82  76  37  98  80  64  0  42  1  15  40  11  35  4  10  47  14  79  62  6 
 7  74  73  32  98  29  42  2  47  1  51  89  69  41  43 
 95  15  1  97  61  40  53  90  92  31  24  34  16  62  72  66  68  37  82  80  67  58  38 
 89  95  12  61  9  42  80  84  0  60  82  3  41  90  77  92  2  32  23  8  64  17  34 
 97  17  53  59  99  91  75  27  56  81  14  16  9  71  2  58  39  24  0  70  49  74  29  52  86  72  50  45  87  88  67  65  73  98  10 
 67  46  61  30  77  16  4  11  28  84  39  56  76  52  7  29  66  15  12  87  21  8  85  79  33  48  99  25  5  95 
 35  10  61  0  12  42  78  60  26  88  77  54  67  29  53  20  84  5  22  31  72  79  34 
 16  62  78  35  58  48  5  53  36  71  33  65  26  95  61  3  90  99  23 
 0  93  40  38  44  98  24  88  66  91  9  76  51  78  79  33  16  4  17  95  25  84  83  28  7  45  89  64  34  65 
 88  7  54  10  17  15  22  75  80  52  87  90  82  50  58  78  44  46 
 56  43  23  84  88  75  70  50  91  90  96  95  54  59  39  37  26  68  73 
 89  48  4  30  39  83  79  90  24  67  42  95  23  7  98  19  74  22  0  82  65  66 
 57  45  4  29  23  61  62  94  95  34  74  72  80  15  70  46  32  49  36  8  44  31  93  63  90 
 11  56  3  82  92  20  16  58  5  35  70  75  83  17  32  47  88  24  10  44  98  76  42  77  14  51  30  0  53  33  97 
 97  41  73  19  48  61  55  46  30  58  31  57  47  8  21  2  83  82  43  34 
 66  4  61  76  60  75  56  82  79  26  25  65  91  96  10  90  73  58  48  23  97  31 
 62  2  68  76  74  30  14  78  94  10  20  16  93  65  85  43  26  64  21  95  73  24  32 
 24  10  90  63  62  87  48  25  78  5  31  17  77  59  50  18  4 
 82  3  17  0  46  76  91  85  62  12  74  98  96  25  71  90  57  30  49  60  55  52  14  94  56  41  69  4 
 78  13  10  91  76  18  39  50  75  94  66  54  28  20  82  0  73  96  3 
 52  4  26  40  41  39  89  87  73  48  91  85  75  86  9  78  83  58  20  74 
 72  94  83  29  11  64  23  56  38  41  37  13  22  71  73  99  45  48  59  28  61  6  77  3  75 
 73  55  20  61  26  38  83  71  11  18  54  67  89  79  74  63  85  86  59  60 
 97  32  73  70  52  57  4  78  38  39  90  21  55  3  88  36  56  81  64  82  11  69  19  98  92  84 
 11  72  12  24  61  95  21  9  2  29  19  50  66  65  57  18  1  76  31  88  62 
 74  77  56  28  98  68  10  50  12  15  3  85  34  5  66  69  63  80  86  76  71  32  19  0  57 
 90  95  10  98  26  45  51  49  73  76  93  71  9  0  54  13  68  31  63  47  87  53  94  46  27  30  8  69 
 57  30  64  5  99  52  44  51  95  65  39  48  85  92  88  71  11  68  22  58  75  26  7  98 
 67  23  78  71  36  76  59  16  3  99  86  30  32  96  53  44  27 
 7  8  6  14  89  60  31  88  57  32  90  51  92  1  19  63  44  52  66  18  10  0  53 
 89  29  10  35  97  16  32  61  58  25  78  6  45  39  73  38  83  71  33  23  0  17 
 13  63  4  95  77  2  61  73  44  70  30  36  22  94  97 
 76  54  10  43  70  28  91  93  2  1  96  66  42  37  78  82  27  0  6  9  81  75  22  72  59  35  90  92 
 65  70  56  92  2  94  59  45  44  61  10  69  6  63  26  78  17  13  47  90  7  79  9  89  19  31 
 4  38  99  45  41  57  0  70  80  27  76  23  10  71  15  14  36  22  86  17  87  47  66  9  6  74 
 12  79  22  59  20  90  5  25  24  96  46  89  1  47  44  99  95  56  2  31  0 
 50  76  10  27  61  63  24  77  95  28  80  69  44  0  66  37  81  74  40  67  79  88  2  83 
 72  9  40  73  76  98  6  77  41  32  8  7  83  86  62  60  36  5  59 
 51  92  2  11  31  90  79  43  28  60  7  68  89  23  39  81  22  95  33  82  93  36  41  53  14 
 45  30  60  10  52  41  90  36  0  88  84  78  32  47  97  65  42  82  80  5  8  43  93 
 65  0  13  67  25  48  16  31  2  22  32  92  3  63  96  72  68  90  78  27  74  64  75  45  73  33  20  38 
 53  22  94  51  46  16  74  10  39  28  97  92  88  87  35  50  5  55  40  60 
 57  10  7  56  78  24  89  47  75  33  0  21  55  36  83  14  17  9  93  40  59 
 24  0  23  30  54  63  79  65  20  40  48  32  42  95  21  12  33  76  2  10  51  80  71  49  64  68  82  85  8  25  3  6  39  89 
 25  16  30  94  35  87  34  2  97  75  17  36  78  6  86  55  73  77  69  20  72  88  42  67  92  3  64  4  18 
 90  35  13  49  54  61  11  65  6  51  82  1  66  75  67  8  58  92  68  43  69  47  44  74  40  7  30 
 45  5  39  11  88  6  68  61  0  18  12  86  70  76  81  41  21  17  74  58  26  34  62  4  90  84  89 
 70  51  58  0  79  61  11  63  45  95  93  87  75  34  33  25  90  71  4  57  42  29  66  67  22  26 
 33  4  98  89  91  26  23  15  50  42  88  5  37  54  63  75  43  47  52  29  65  20  68 
 13  58  46  23  24  29  63  8  92  62  54  40  80  20  22  65 
 84  76  0  90  56  89  98  43  34  12  64  61  94  86  44  13  63  75  58  11  45  66  20  28  73 
 77  12  51  94  99  98  74  83  54  80  62  81  90  43  63  73  79  3  19  41  44  8  36  4 
 65  51  73  41  0  52  50  28  1  3  30  15  10  11  17  95  49  75  31  22  64  76  6 
 78  46  9  93  80  61  22  36  25  39  16  52  15  40  44  4  65  83  48  45  88  5  79  43  76 
 55  9  11  42  39  94  30  80  24  79  62  20  22  50  96  58 
 19  32  40  55  70  41  49  44  39  99  38  48  62  69  79  90  98  58  33  83  0  37  34  78  22  28  68 
 43  77  19  7  34  30  12  36  59  10  85  94  69  83  4  22  29  54  81  58  64  9  40  63  52  38 
 22  27  97  62  28  88  60  33  6  12  65  87  70  31  37  94  66  63  68  50  81  38  86  58  45  7  3  39 
 50  54  84  68  34  55  98  37  18  61  33  95  23  52  36  46  9  26  86  44  93  96  3  70  64  31  42  43  71  89 
 43  74  81  97  16  23  24  54  13  49  12  69  55  6  17  35  21  82  62  92  31  14  87  90  3  83  39 
 37  13  71  46  83  14  25  35  24  60  34  4  41  48  6  62  84  57  51  26  50  99  7  9  38  86  58  27  73  0 
 12  53  90  56  65  61  29  26  33  24  72  51  9  69  73  97  14  71  5  89  40  18  85  23  88  54 
 52  27  72  30  61  71  21  84  98  18  16  54  69  82  57  43  86  67  20  83  97 
 77  97  6  1  2  82  56  22  90  69  50  75  54  74  64  41  99  89 
 3  36  10  13  31  2  81  18  21  33  56  61  85  63  1  27  50  77  0  29  57  80  11  41  83  32  37  20 
 78  14  39  29  31  17  40  55  2  99  69  74  4  71  48  60  0  84  26  82  32  73  38  80  16  54  77 
 68  76  28  23  95  21  80  78  57  24  5  83  26  90  64  92  41 
 1  17  91  36  74  94  82  61  45  92  43  34  38  79  23  40  86 
 93  90  76  46  55  62  64  12  68  94  52  22  38  75  78  14  80  43  9  85  40 
 35  62  5  98  65  75  89  38  27  90  12  23  88  59  17  52  44  10  77  22 
 7  27  6  64  28  75  24  26  0  57  31  47  66  5  87  59  3  41  45  71  42  62  22  79  54 
 21  95  48  29  56  68  98  66  60  47  11  38  87  53  1  51  19  40  79  26  99  81  76  61  64  4 
 17  96  44  95  63  35  98  68  0  79  56  20  53  29  28  41  21  86  93  36  57  87  27  47  51  65  81  69  2  16  58  77  33  25  73  50  92  5  84  64  30 
 8  98  10  37  99  22  85  36  50  28  66  26  38  33  96 
 51  56  31  20  98  97  85  45  58  3  59  1  47  77  21  63  67  62  90  50  41  84 
 26  0  71  9  65  95  86  90  76  44  2  50  34  56  14  60  57  30 
 62  30  95  39  72  51  59  34  10  69  85  74  68  86  75  37  36  14  97  44  49 
 44  90  89  21  10  15  20  4  49  30  94  61  42  45  65  84  76  29  56  93  11  70  54  28  99  26  25  53  34  5  23 
 17  90  28  98  36  3  76  1  50  33  91  72  58  46  53  37 
 32  41  17  22  77  81  20  1  48  16  75  62  98  92  57  59  14  79  94  49  33  31  80 
 90  44  5  87  8  91  68  43  26  55  76  66  89  80  18  36  96  69  99  19  29  92  97  31  3  73  22  45  41 
 45  52  91  22  3  46  69  98  39  73  83  2  11  95  78  7  53  81  89  23  25 
-->CDecomWalshPart::vInitTrueLinkage-->GLBs: 1178
(Length: 4)  0  6  18  47 
(Length: 4)  0  47  52  57 
(Length: 4)  0  26  65  93 
(Length: 4)  0  17  21  60 
(Length: 4)  0  22  24  29 
(Length: 4)  0  6  52  70 
(Length: 4)  0  18  37  82 
(Length: 4)  0  17  31  83 
(Length: 3)  0  43  50 
(Length: 4)  0  26  44  93 
(Length: 4)  0  6  48  61 
(Length: 4)  0  6  50  70 
(Length: 4)  0  22  58  73 
(Length: 4)  0  6  47  52 
(Length: 5)  0  31  44  47  53 
(Length: 4)  0  6  64  88 
(Length: 4)  0  47  57  60 
(Length: 4)  0  6  64  70 
(Length: 4)  0  6  18  64 
(Length: 3)  0  44  54 
(Length: 4)  0  6  47  88 
(Length: 4)  0  29  82  83 
(Length: 3)  0  31  58 
(Length: 5)  0  58  64  68  90 
(Length: 4)  0  31  82  83 
(Length: 4)  0  31  47  88 
(Length: 5)  0  44  47  53  90 
(Length: 4)  0  22  65  70 
(Length: 4)  0  50  90  93 
(Length: 4)  0  24  26  88 
(Length: 4)  0  57  60  93 
(Length: 4)  0  21  61  82 
(Length: 4)  0  61  64  68 
(Length: 4)  0  22  24  88 
(Length: 4)  0  47  57  90 
(Length: 4)  0  47  57  88 
(Length: 4)  0  57  60  78 
(Length: 4)  0  17  36  90 
(Length: 4)  0  36  57  90 
(Length: 3)  0  43  68 
(Length: 4)  0  26  78  83 
(Length: 4)  0  17  36  60 
(Length: 4)  0  36  52  57 
(Length: 3)  0  43  57 
(Length: 4)  0  44  90  93 
(Length: 5)  0  48  73  78  83 
(Length: 4)  0  36  57  60 
(Length: 5)  0  17  22  52  70 
(Length: 4)  0  17  26  64 
(Length: 4)  0  17  31  70 
(Length: 5)  0  58  68  73  90 
(Length: 4)  0  17  36  52 
(Length: 4)  0  17  48  83 
(Length: 4)  0  21  61  64 
(Length: 5)  0  17  21  64  90 
(Length: 4)  0  37  73  78 
(Length: 4)  0  24  54  88 
(Length: 4)  0  17  60  83 
(Length: 3)  0  54  83 
(Length: 4)  0  37  50  54 
(Length: 4)  0  60  78  83 
(Length: 4)  0  37  50  82 
(Length: 4)  0  36  57  82 
(Length: 4)  0  24  26  78 
(Length: 4)  0  22  70  73 
(Length: 4)  0  24  31  53 
(Length: 5)  0  57  65  90  93 
(Length: 4)  0  37  50  78 
(Length: 4)  0  29  48  83 
(Length: 4)  0  22  50  70 
(Length: 4)  0  22  24  53 
(Length: 4)  0  24  54  61 
(Length: 4)  0  22  58  65 
(Length: 4)  0  24  60  78 
(Length: 4)  0  22  29  65 
(Length: 4)  0  17  64  70 
(Length: 4)  0  17  26  83 
(Length: 4)  0  26  64  88 
(Length: 5)  0  44  68  73  90 
(Length: 5)  0  48  58  73  78 
(Length: 4)  0  6  61  64 
(Length: 3)  0  61  65 
(Length: 4)  0  6  48  78 
(Length: 4)  0  6  50  78 
(Length: 4)  0  29  65  90 
(Length: 4)  0  58  65  90 
(Length: 4)  0  24  31  88 
(Length: 4)  1  47  63  92 
(Length: 3)  1  17  85 
(Length: 3)  1  17  96 
(Length: 4)  1  6  47  63 
(Length: 4)  1  6  50  81 
(Length: 3)  1  81  89 
(Length: 4)  1  19  47  89 
(Length: 3)  1  81  97 
(Length: 4)  1  50  81  82 
(Length: 3)  1  18  42 
(Length: 3)  1  19  42 
(Length: 3)  1  42  50 
(Length: 4)  1  6  50  70 
(Length: 4)  1  47  53  89 
(Length: 3)  1  50  92 
(Length: 3)  1  50  96 
(Length: 3)  1  3  96 
(Length: 3)  1  3  92 
(Length: 4)  1  3  15  70 
(Length: 4)  1  3  6  70 
(Length: 3)  1  17  97 
(Length: 3)  1  20  82 
(Length: 3)  1  3  82 
(Length: 3)  1  15  20 
(Length: 3)  1  15  18 
(Length: 3)  1  63  82 
(Length: 4)  1  6  18  47 
(Length: 4)  1  15  17  70 
(Length: 3)  1  85  92 
(Length: 3)  1  82  85 
(Length: 3)  1  18  82 
(Length: 3)  1  53  96 
(Length: 3)  1  20  53 
(Length: 4)  1  20  92  97 
(Length: 4)  2  22  50  81 
(Length: 3)  2  9  51 
(Length: 4)  2  9  50  93 
(Length: 4)  2  21  42  61 
(Length: 3)  2  19  42 
(Length: 4)  2  32  82  83 
(Length: 4)  2  56  81  90 
(Length: 4)  2  56  81  82 
(Length: 3)  2  54  83 
(Length: 4)  2  22  53  56 
(Length: 4)  2  22  53  99 
(Length: 3)  2  83  99 
(Length: 4)  2  18  42  62 
(Length: 4)  2  50  81  82 
(Length: 4)  2  50  81  90 
(Length: 4)  2  50  90  93 
(Length: 3)  2  54  61 
(Length: 4)  2  56  90  93 
(Length: 4)  2  51  56  90 
(Length: 4)  2  16  34  62 
(Length: 3)  2  49  61 
(Length: 3)  2  51  61 
(Length: 3)  2  19  51 
(Length: 4)  2  16  22  58 
(Length: 3)  2  22  49 
(Length: 4)  2  9  22  50 
(Length: 4)  2  22  81  99 
(Length: 3)  2  32  58 
(Length: 4)  2  9  21  42 
(Length: 5)  2  21  32  61  82 
(Length: 4)  2  53  56  90 
(Length: 3)  2  16  83 
(Length: 4)  2  16  58  90 
(Length: 4)  2  9  42  50 
(Length: 4)  2  50  54  81 
(Length: 3)  2  18  82 
(Length: 4)  2  21  32  34 
(Length: 4)  2  22  56  81 
(Length: 3)  2  21  90 
(Length: 3)  2  34  93 
(Length: 3)  2  19  32 
(Length: 4)  3  6  12  61 
(Length: 4)  3  41  92  98 
(Length: 4)  3  31  92  98 
(Length: 3)  3  46  99 
(Length: 4)  3  21  77  82 
(Length: 4)  3  21  41  92 
(Length: 4)  3  31  76  98 
(Length: 4)  3  12  21  61 
(Length: 4)  3  31  70  75 
(Length: 4)  3  25  36  62 
(Length: 4)  3  31  58  75 
(Length: 4)  3  12  36  69 
(Length: 4)  3  37  39  75 
(Length: 4)  3  6  39  61 
(Length: 5)  3  12  43  69  77 
(Length: 5)  3  6  62  75  88 
(Length: 4)  3  6  12  75 
(Length: 3)  3  61  76 
(Length: 4)  3  6  12  77 
(Length: 4)  3  62  69  77 
(Length: 4)  3  31  77  92 
(Length: 4)  3  21  77  92 
(Length: 4)  3  62  77  92 
(Length: 5)  3  36  76  96  98 
(Length: 3)  3  15  43 
(Length: 4)  3  31  70  76 
(Length: 4)  3  21  41  82 
(Length: 4)  3  12  21  77 
(Length: 4)  3  21  61  82 
(Length: 3)  3  25  58 
(Length: 3)  3  25  61 
(Length: 4)  3  36  62  69 
(Length: 4)  3  36  41  82 
(Length: 3)  3  25  99 
(Length: 4)  3  31  77  82 
(Length: 4)  3  31  75  88 
(Length: 4)  3  31  58  92 
(Length: 3)  3  58  96 
(Length: 5)  3  36  41  69  98 
(Length: 3)  3  39  41 
(Length: 4)  3  37  76  96 
(Length: 3)  3  37  82 
(Length: 3)  3  39  99 
(Length: 4)  3  6  39  75 
(Length: 4)  3  6  39  77 
(Length: 4)  3  43  76  98 
(Length: 4)  3  43  69  98 
(Length: 4)  3  6  62  77 
(Length: 3)  3  41  70 
(Length: 4)  3  6  70  75 
(Length: 5)  3  36  46  76  96 
(Length: 3)  3  41  88 
(Length: 4)  3  69  98  99 
(Length: 4)  4  18  62  64 
(Length: 4)  4  10  18  35 
(Length: 4)  4  11  23  95 
(Length: 4)  4  29  30  74 
(Length: 4)  4  38  74  83 
(Length: 3)  4  64  74 
(Length: 4)  4  36  62  69 
(Length: 4)  4  29  66  89 
(Length: 4)  4  26  66  89 
(Length: 4)  4  26  65  95 
(Length: 4)  4  23  29  66 
(Length: 4)  4  36  52  71 
(Length: 4)  4  29  65  66 
(Length: 4)  4  30  49  95 
(Length: 4)  4  26  38  89 
(Length: 4)  4  29  89  95 
(Length: 4)  4  36  69  74 
(Length: 5)  4  23  29  30  95 
(Length: 4)  4  38  41  52 
(Length: 4)  4  36  41  69 
(Length: 4)  4  36  52  74 
(Length: 4)  4  69  74  83 
(Length: 3)  4  65  71 
(Length: 4)  4  36  41  52 
(Length: 3)  4  16  23 
(Length: 4)  4  23  33  66 
(Length: 5)  4  26  33  65  66 
(Length: 4)  4  30  36  74 
(Length: 4)  4  11  18  64 
(Length: 4)  4  26  89  95 
(Length: 4)  4  11  65  95 
(Length: 5)  4  26  38  78  83 
(Length: 4)  4  11  89  95 
(Length: 3)  4  16  62 
(Length: 4)  4  30  36  62 
(Length: 4)  4  29  74  83 
(Length: 3)  4  10  33 
(Length: 4)  4  11  41  64 
(Length: 4)  4  10  52  74 
(Length: 4)  4  26  64  89 
(Length: 4)  4  16  71  83 
(Length: 4)  4  18  35  62 
(Length: 3)  4  10  95 
(Length: 4)  4  71  78  83 
(Length: 4)  4  30  36  49 
(Length: 4)  4  38  52  74 
(Length: 4)  4  38  41  78 
(Length: 4)  4  23  52  66 
(Length: 4)  4  11  64  89 
(Length: 4)  4  16  26  83 
(Length: 4)  4  35  62  78 
(Length: 4)  4  29  65  95 
(Length: 4)  5  25  35  90 
(Length: 4)  5  45  64  88 
(Length: 3)  5  55  98 
(Length: 4)  5  45  57  88 
(Length: 4)  5  24  31  35 
(Length: 4)  5  64  84  90 
(Length: 4)  5  24  79  88 
(Length: 3)  5  23  87 
(Length: 4)  5  23  84  95 
(Length: 3)  5  23  79 
(Length: 4)  5  35  87  90 
(Length: 4)  5  59  87  88 
(Length: 4)  5  24  53  79 
(Length: 3)  5  53  59 
(Length: 4)  5  45  71  88 
(Length: 3)  5  45  98 
(Length: 3)  5  55  59 
(Length: 4)  5  84  90  95 
(Length: 3)  5  23  66 
(Length: 3)  5  45  95 
(Length: 4)  5  43  66  98 
(Length: 3)  5  43  71 
(Length: 4)  5  57  84  90 
(Length: 3)  5  43  57 
(Length: 3)  5  31  98 
(Length: 4)  5  53  79  90 
(Length: 4)  5  24  31  88 
(Length: 3)  5  24  84 
(Length: 4)  5  71  79  88 
(Length: 4)  5  35  59  87 
(Length: 4)  5  24  31  53 
(Length: 4)  5  23  25  95 
(Length: 5)  5  25  53  90  95 
(Length: 3)  5  25  71 
(Length: 4)  5  87  90  98 
(Length: 3)  5  66  88 
(Length: 4)  6  14  18  47 
(Length: 4)  6  47  51  63 
(Length: 4)  6  55  62  77 
(Length: 4)  6  18  62  64 
(Length: 4)  6  50  70  75 
(Length: 3)  6  51  70 
(Length: 4)  6  51  61  63 
(Length: 4)  6  50  75  81 
(Length: 3)  6  63  75 
(Length: 4)  6  62  64  88 
(Length: 4)  6  12  61  64 
(Length: 4)  6  39  48  61 
(Length: 3)  6  14  77 
(Length: 3)  6  14  78 
(Length: 4)  6  14  47  52 
(Length: 4)  6  39  61  64 
(Length: 3)  6  77  81 
(Length: 3)  6  51  78 
(Length: 3)  6  62  78 
(Length: 3)  6  64  81 
(Length: 4)  7  9  55  60 
(Length: 3)  7  47  88 
(Length: 4)  7  47  51  63 
(Length: 3)  7  23  29 
(Length: 4)  7  9  60  78 
(Length: 3)  7  78  99 
(Length: 3)  7  17  27 
(Length: 4)  7  26  45  51 
(Length: 3)  7  51  56 
(Length: 3)  7  17  60 
(Length: 4)  7  19  47  51 
(Length: 4)  7  8  47  63 
(Length: 3)  7  9  74 
(Length: 3)  7  45  99 
(Length: 4)  7  26  45  88 
(Length: 3)  7  27  78 
(Length: 3)  7  8  55 
(Length: 3)  7  23  99 
(Length: 3)  7  8  23 
(Length: 5)  7  9  26  51  78 
(Length: 3)  7  47  60 
(Length: 4)  7  19  29  74 
(Length: 3)  7  60  75 
(Length: 4)  7  17  26  51 
(Length: 3)  7  63  75 
(Length: 3)  7  56  60 
(Length: 4)  7  45  75  88 
(Length: 4)  7  27  75  88 
(Length: 3)  7  23  56 
(Length: 3)  7  63  74 
(Length: 3)  8  32  55 
(Length: 4)  8  21  32  61 
(Length: 3)  8  55  98 
(Length: 4)  8  23  30  61 
(Length: 4)  8  30  61  63 
(Length: 4)  8  21  23  61 
(Length: 4)  8  32  47  57 
(Length: 3)  8  63  67 
(Length: 4)  8  30  32  61 
(Length: 4)  8  30  44  63 
(Length: 3)  8  91  98 
(Length: 4)  8  44  69  98 
(Length: 4)  8  44  47  63 
(Length: 4)  8  30  32  57 
(Length: 4)  8  44  63  69 
(Length: 3)  8  23  67 
(Length: 4)  9  14  86  93 
(Length: 4)  9  52  71  76 
(Length: 3)  9  71  78 
(Length: 5)  9  14  22  52  86 
(Length: 3)  9  72  79 
(Length: 4)  9  10  15  52 
(Length: 4)  9  38  52  74 
(Length: 4)  9  10  22  50 
(Length: 4)  9  76  86  93 
(Length: 4)  9  42  50  72 
(Length: 4)  9  50  76  93 
(Length: 4)  9  38  78  86 
(Length: 4)  9  52  76  86 
(Length: 4)  9  38  52  86 
(Length: 3)  9  21  60 
(Length: 4)  9  26  38  78 
(Length: 4)  9  26  51  79 
(Length: 3)  9  11  15 
(Length: 4)  9  22  50  72 
(Length: 4)  9  42  50  76 
(Length: 3)  9  50  78 
(Length: 4)  9  11  42  72 
(Length: 5)  9  26  44  76  93 
(Length: 3)  9  55  72 
(Length: 4)  9  10  44  51 
(Length: 4)  9  26  44  51 
(Length: 4)  9  55  76  86 
(Length: 5)  9  44  71  76  93 
(Length: 3)  9  10  60 
(Length: 3)  9  71  79 
(Length: 4)  9  14  78  86 
(Length: 4)  9  14  60  93 
(Length: 4)  9  15  52  71 
(Length: 4)  9  14  60  78 
(Length: 4)  9  22  52  71 
(Length: 5)  9  10  22  52  74 
(Length: 3)  9  14  79 
(Length: 4)  10  27  50  82 
(Length: 4)  10  35  50  59 
(Length: 4)  10  34  94  95 
(Length: 4)  10  47  57  60 
(Length: 4)  10  59  74  94 
(Length: 3)  10  24  34 
(Length: 3)  10  33  60 
(Length: 3)  10  15  43 
(Length: 3)  10  22  24 
(Length: 4)  10  22  50  59 
(Length: 3)  10  54  74 
(Length: 4)  10  31  33  82 
(Length: 4)  10  15  27  52 
(Length: 3)  10  33  91 
(Length: 4)  10  44  51  94 
(Length: 4)  10  34  74  94 
(Length: 4)  10  13  44  51 
(Length: 4)  10  33  48  61 
(Length: 3)  10  57  82 
(Length: 4)  10  13  37  82 
(Length: 4)  10  31  51  70 
(Length: 4)  10  22  50  70 
(Length: 3)  10  51  61 
(Length: 3)  10  13  15 
(Length: 3)  10  15  18 
(Length: 4)  10  24  31  35 
(Length: 4)  10  18  37  82 
(Length: 3)  10  18  47 
(Length: 3)  10  35  48 
(Length: 4)  10  15  70  95 
(Length: 4)  10  27  50  54 
(Length: 3)  10  43  57 
(Length: 4)  10  37  50  54 
(Length: 3)  10  37  94 
(Length: 4)  10  27  44  54 
(Length: 4)  10  22  27  50 
(Length: 4)  10  22  59  87 
(Length: 4)  10  22  50  91 
(Length: 5)  10  31  44  47  51 
(Length: 4)  10  33  61  82 
(Length: 4)  10  47  52  57 
(Length: 3)  10  43  50 
(Length: 3)  10  59  60 
(Length: 4)  10  35  59  87 
(Length: 4)  10  44  94  95 
(Length: 4)  10  37  50  91 
(Length: 4)  10  44  54  95 
(Length: 3)  10  24  60 
(Length: 4)  10  27  44  87 
(Length: 4)  10  54  61  95 
(Length: 4)  10  51  59  94 
(Length: 4)  10  24  54  61 
(Length: 4)  10  34  43  74 
(Length: 5)  10  22  27  52  87 
(Length: 4)  10  22  59  74 
(Length: 4)  10  22  52  70 
(Length: 4)  10  15  52  70 
(Length: 4)  10  37  50  82 
(Length: 3)  11  40  89 
(Length: 4)  11  17  64  70 
(Length: 3)  11  18  40 
(Length: 4)  11  23  39  99 
(Length: 4)  11  39  41  64 
(Length: 4)  11  15  70  95 
(Length: 4)  11  45  64  68 
(Length: 3)  11  15  18 
(Length: 4)  11  45  65  95 
(Length: 3)  11  18  42 
(Length: 4)  11  39  41  56 
(Length: 3)  11  40  63 
(Length: 3)  11  63  82 
(Length: 4)  11  23  95  99 
(Length: 4)  11  39  45  99 
(Length: 3)  11  63  65 
(Length: 3)  11  18  82 
(Length: 4)  11  23  39  56 
(Length: 4)  11  45  95  99 
(Length: 3)  11  31  42 
(Length: 4)  11  89  95  99 
(Length: 4)  11  42  65  95 
(Length: 4)  11  31  56  82 
(Length: 4)  11  41  64  70 
(Length: 3)  11  63  68 
(Length: 4)  11  39  45  64 
(Length: 4)  11  65  70  95 
(Length: 4)  11  41  56  82 
(Length: 4)  11  56  68  89 
(Length: 4)  11  15  17  70 
(Length: 4)  11  15  23  95 
(Length: 3)  11  39  72 
(Length: 4)  11  23  56  95 
(Length: 4)  11  56  89  95 
(Length: 4)  11  17  31  70 
(Length: 4)  11  64  68  89 
(Length: 4)  12  21  23  61 
(Length: 4)  12  24  42  61 
(Length: 4)  12  21  42  61 
(Length: 4)  12  21  61  64 
(Length: 4)  12  24  53  79 
(Length: 4)  12  23  61  79 
(Length: 3)  12  24  77 
(Length: 4)  12  24  61  79 
(Length: 4)  12  21  23  77 
(Length: 4)  12  36  69  74 
(Length: 3)  12  69  79 
(Length: 4)  12  43  68  86 
(Length: 4)  12  64  68  86 
(Length: 5)  12  43  69  74  77 
(Length: 4)  12  23  77  87 
(Length: 4)  12  61  64  68 
(Length: 4)  12  68  75  86 
(Length: 3)  12  75  87 
(Length: 3)  12  64  74 
(Length: 4)  13  44  51  63 
(Length: 4)  13  44  49  63 
(Length: 4)  13  58  63  68 
(Length: 3)  13  63  82 
(Length: 4)  13  44  63  68 
(Length: 3)  13  58  78 
(Length: 3)  13  51  78 
(Length: 3)  13  39  77 
(Length: 3)  13  37  78 
(Length: 3)  13  49  77 
(Length: 3)  13  77  82 
(Length: 3)  13  37  39 
(Length: 4)  13  58  63  67 
(Length: 4)  14  16  22  97 
(Length: 4)  14  17  22  52 
(Length: 3)  14  47  60 
(Length: 3)  14  18  79 
(Length: 4)  14  17  60  83 
(Length: 4)  14  56  60  93 
(Length: 4)  14  36  56  60 
(Length: 3)  14  31  47 
(Length: 5)  14  16  31  77  97 
(Length: 4)  14  17  36  52 
(Length: 5)  14  17  31  77  83 
(Length: 5)  14  16  31  77  83 
(Length: 4)  14  60  78  83 
(Length: 3)  14  79  97 
(Length: 3)  14  22  56 
(Length: 3)  14  56  79 
(Length: 3)  14  86  94 
(Length: 3)  14  34  78 
(Length: 3)  14  36  94 
(Length: 3)  14  31  56 
(Length: 3)  14  34  93 
(Length: 3)  14  16  34 
(Length: 3)  14  34  94 
(Length: 4)  14  17  22  97 
(Length: 3)  14  94  97 
(Length: 5)  14  17  31  77  97 
(Length: 4)  14  17  36  60 
(Length: 3)  15  20  66 
(Length: 4)  15  23  30  95 
(Length: 3)  15  43  66 
(Length: 4)  15  30  70  95 
(Length: 3)  15  43  71 
(Length: 4)  15  17  52  70 
(Length: 4)  15  23  52  66 
(Length: 3)  15  20  95 
(Length: 4)  15  17  27  52 
(Length: 4)  16  20  80  97 
(Length: 4)  16  62  77  97 
(Length: 4)  16  23  25  48 
(Length: 3)  16  22  71 
(Length: 3)  16  46  71 
(Length: 4)  16  22  59  97 
(Length: 4)  16  48  71  83 
(Length: 4)  16  25  58  90 
(Length: 3)  16  48  97 
(Length: 3)  16  77  90 
(Length: 3)  16  23  77 
(Length: 4)  16  25  48  71 
(Length: 3)  16  25  62 
(Length: 3)  16  23  46 
(Length: 3)  16  26  34 
(Length: 4)  16  20  34  62 
(Length: 4)  16  20  31  97 
(Length: 4)  16  20  58  90 
(Length: 4)  16  71  80  83 
(Length: 4)  16  20  31  58 
(Length: 3)  16  25  26 
(Length: 4)  16  20  62  97 
(Length: 3)  16  46  59 
(Length: 4)  16  25  48  58 
(Length: 5)  17  35  62  77  87 
(Length: 3)  17  35  48 
(Length: 4)  17  31  35  77 
(Length: 4)  17  21  77  90 
(Length: 3)  17  51  90 
(Length: 4)  17  27  87  90 
(Length: 3)  17  36  62 
(Length: 3)  17  36  85 
(Length: 3)  17  48  97 
(Length: 4)  17  31  51  70 
(Length: 5)  17  22  27  52  87 
(Length: 4)  17  36  90  96 
(Length: 5)  17  35  77  87  90 
(Length: 3)  17  62  64 
(Length: 4)  17  62  77  97 
(Length: 3)  18  40  79 
(Length: 3)  18  64  76 
(Length: 3)  18  80  82 
(Length: 3)  18  42  76 
(Length: 3)  18  80  98 
(Length: 3)  18  37  76 
(Length: 3)  18  76  98 
(Length: 4)  19  43  69  98 
(Length: 4)  19  43  69  74 
(Length: 5)  19  41  69  73  98 
(Length: 3)  19  32  43 
(Length: 4)  19  29  89  98 
(Length: 3)  19  32  47 
(Length: 3)  19  29  42 
(Length: 3)  19  51  69 
(Length: 4)  19  47  51  89 
(Length: 4)  19  32  41  73 
(Length: 4)  20  58  67  92 
(Length: 3)  20  62  72 
(Length: 4)  20  24  31  53 
(Length: 3)  20  67  80 
(Length: 4)  20  62  92  97 
(Length: 3)  20  61  68 
(Length: 4)  20  58  68  90 
(Length: 3)  20  31  82 
(Length: 4)  20  58  90  92 
(Length: 3)  20  61  95 
(Length: 4)  20  31  58  92 
(Length: 3)  20  24  72 
(Length: 3)  20  24  67 
(Length: 3)  20  34  95 
(Length: 4)  20  31  92  97 
(Length: 3)  20  24  61 
(Length: 3)  20  24  34 
(Length: 3)  20  58  72 
(Length: 3)  20  72  80 
(Length: 4)  20  61  80  82 
(Length: 3)  20  66  68 
(Length: 3)  20  40  67 
(Length: 4)  20  62  67  92 
(Length: 3)  20  34  68 
(Length: 3)  20  37  82 
(Length: 3)  20  38  40 
(Length: 3)  20  37  66 
(Length: 3)  20  40  61 
(Length: 4)  20  53  90  95 
(Length: 3)  20  38  58 
(Length: 3)  21  60  89 
(Length: 4)  21  61  89  95 
(Length: 4)  21  32  41  82 
(Length: 4)  21  84  90  95 
(Length: 5)  21  41  84  90  92 
(Length: 4)  21  61  64  89 
(Length: 3)  21  80  84 
(Length: 4)  21  61  80  82 
(Length: 4)  21  42  61  95 
(Length: 3)  21  34  64 
(Length: 4)  21  77  90  92 
(Length: 3)  21  34  95 
(Length: 5)  21  41  64  84  90 
(Length: 4)  21  23  84  95 
(Length: 4)  21  23  61  95 
(Length: 4)  22  24  29  67 
(Length: 3)  22  24  72 
(Length: 3)  22  29  74 
(Length: 3)  22  29  98 
(Length: 4)  22  29  65  67 
(Length: 3)  22  53  59 
(Length: 4)  22  73  98  99 
(Length: 3)  22  74  81 
(Length: 4)  22  59  87  88 
(Length: 4)  22  27  58  75 
(Length: 3)  22  87  98 
(Length: 4)  22  45  52  99 
(Length: 4)  22  75  81  97 
(Length: 4)  22  91  98  99 
(Length: 4)  22  27  50  75 
(Length: 4)  22  45  75  88 
(Length: 4)  22  65  75  87 
(Length: 4)  22  45  65  71 
(Length: 4)  22  50  75  81 
(Length: 4)  22  58  65  67 
(Length: 4)  22  39  45  99 
(Length: 4)  22  45  71  88 
(Length: 4)  22  39  45  75 
(Length: 3)  22  58  72 
(Length: 4)  22  39  73  99 
(Length: 3)  22  97  98 
(Length: 4)  22  50  70  75 
(Length: 5)  22  27  75  87  88 
(Length: 3)  22  39  59 
(Length: 4)  22  49  70  73 
(Length: 3)  22  39  72 
(Length: 4)  22  45  98  99 
(Length: 3)  22  49  97 
(Length: 4)  22  65  70  75 
(Length: 3)  22  58  74 
(Length: 4)  22  39  45  71 
(Length: 3)  22  29  39 
(Length: 4)  22  45  52  71 
(Length: 5)  22  45  58  65  75 
(Length: 3)  22  39  56 
(Length: 3)  22  75  86 
(Length: 3)  23  46  99 
(Length: 4)  23  61  76  95 
(Length: 3)  23  52  99 
(Length: 3)  23  29  79 
(Length: 4)  23  28  56  95 
(Length: 4)  23  33  56  79 
(Length: 4)  23  28  39  56 
(Length: 3)  23  39  77 
(Length: 3)  23  52  87 
(Length: 4)  23  30  61  95 
(Length: 3)  23  46  76 
(Length: 4)  23  39  48  61 
(Length: 4)  23  28  84  95 
(Length: 3)  23  30  46 
(Length: 5)  23  25  33  48  61 
(Length: 4)  23  25  61  95 
(Length: 4)  23  29  39  48 
(Length: 4)  23  25  95  99 
(Length: 3)  23  29  67 
(Length: 3)  23  52  76 
(Length: 4)  23  33  61  79 
(Length: 4)  23  76  84  95 
(Length: 3)  23  46  67 
(Length: 4)  23  61  79  85 
(Length: 4)  23  33  61  76 
(Length: 3)  24  29  42 
(Length: 3)  24  29  79 
(Length: 4)  24  54  61  79 
(Length: 3)  24  54  77 
(Length: 3)  24  54  67 
(Length: 3)  24  35  78 
(Length: 4)  24  26  34  78 
(Length: 3)  24  42  72 
(Length: 4)  24  26  79  88 
(Length: 4)  24  31  42  88 
(Length: 4)  24  26  78  84 
(Length: 4)  24  31  35  77 
(Length: 3)  24  72  79 
(Length: 4)  24  54  79  88 
(Length: 3)  25  36  90 
(Length: 4)  25  48  71  78 
(Length: 4)  25  33  61  65 
(Length: 4)  25  48  58  78 
(Length: 4)  25  48  61  71 
(Length: 3)  25  26  78 
(Length: 4)  25  65  90  95 
(Length: 4)  25  33  48  58 
(Length: 5)  25  33  58  65  90 
(Length: 4)  25  35  48  78 
(Length: 3)  25  36  71 
(Length: 4)  25  35  62  78 
(Length: 4)  25  26  33  65 
(Length: 4)  25  61  65  71 
(Length: 3)  25  78  99 
(Length: 4)  25  26  65  95 
(Length: 4)  25  61  65  95 
(Length: 4)  25  53  95  99 
(Length: 4)  26  38  40  83 
(Length: 4)  26  33  65  79 
(Length: 4)  26  45  51  65 
(Length: 4)  26  78  83  84 
(Length: 4)  26  66  91  98 
(Length: 3)  26  66  88 
(Length: 4)  26  44  45  95 
(Length: 3)  26  28  88 
(Length: 4)  26  44  45  98 
(Length: 5)  26  34  65  93  95 
(Length: 4)  26  40  79  89 
(Length: 4)  26  66  89  98 
(Length: 3)  26  33  76 
(Length: 4)  26  76  89  98 
(Length: 4)  26  44  45  51 
(Length: 5)  26  44  76  93  95 
(Length: 4)  26  76  89  95 
(Length: 4)  26  76  84  95 
(Length: 5)  26  34  76  93  95 
(Length: 3)  26  28  91 
(Length: 4)  26  28  84  95 
(Length: 4)  26  45  64  88 
(Length: 4)  26  64  76  89 
(Length: 4)  26  38  40  89 
(Length: 4)  26  45  65  95 
(Length: 4)  26  64  76  84 
(Length: 3)  26  38  91 
(Length: 4)  26  51  79  89 
(Length: 4)  26  34  64  76 
(Length: 4)  26  44  76  98 
(Length: 4)  26  51  65  79 
(Length: 4)  26  33  66  91 
(Length: 3)  27  54  80 
(Length: 3)  27  58  78 
(Length: 3)  27  80  82 
(Length: 3)  27  46  78 
(Length: 4)  27  44  87  90 
(Length: 3)  27  44  46 
(Length: 3)  27  50  90 
(Length: 3)  27  52  80 
(Length: 3)  27  58  90 
(Length: 3)  27  54  88 
(Length: 3)  27  50  78 
(Length: 4)  28  37  39  75 
(Length: 3)  28  59  88 
(Length: 4)  28  50  70  75 
(Length: 4)  28  37  39  73 
(Length: 4)  28  43  56  68 
(Length: 4)  28  68  84  90 
(Length: 3)  28  43  50 
(Length: 4)  28  68  73  90 
(Length: 4)  28  84  90  95 
(Length: 3)  28  70  73 
(Length: 4)  28  37  50  75 
(Length: 4)  28  56  68  90 
(Length: 4)  28  56  90  95 
(Length: 5)  28  37  50  91  96 
(Length: 3)  28  54  88 
(Length: 3)  28  75  88 
(Length: 3)  28  39  59 
(Length: 3)  28  54  95 
(Length: 3)  28  70  95 
(Length: 3)  28  68  75 
(Length: 4)  28  37  50  54 
(Length: 4)  28  50  90  96 
(Length: 3)  28  50  59 
(Length: 3)  29  48  89 
(Length: 4)  29  65  90  95 
(Length: 4)  29  42  65  66 
(Length: 4)  29  42  65  95 
(Length: 4)  29  30  90  95 
(Length: 4)  29  65  79  90 
(Length: 4)  29  39  48  83 
(Length: 3)  29  79  89 
(Length: 3)  29  90  98 
(Length: 4)  29  66  89  98 
(Length: 3)  30  31  44 
(Length: 3)  30  72  80 
(Length: 3)  30  32  46 
(Length: 3)  30  57  80 
(Length: 3)  30  36  46 
(Length: 3)  30  61  80 
(Length: 4)  30  34  93  95 
(Length: 4)  30  49  61  95 
(Length: 3)  30  31  70 
(Length: 4)  30  44  49  63 
(Length: 4)  30  36  49  94 
(Length: 4)  30  49  70  95 
(Length: 4)  30  36  57  90 
(Length: 3)  30  44  46 
(Length: 3)  30  63  74 
(Length: 5)  30  44  90  93  95 
(Length: 3)  30  45  57 
(Length: 4)  30  36  62  94 
(Length: 4)  30  34  62  94 
(Length: 4)  30  44  63  90 
(Length: 4)  30  34  74  94 
(Length: 4)  30  49  61  63 
(Length: 4)  30  57  90  93 
(Length: 4)  30  62  72  94 
(Length: 4)  30  36  74  94 
(Length: 4)  30  34  94  95 
(Length: 5)  30  44  49  94  95 
(Length: 3)  30  31  32 
(Length: 3)  30  32  34 
(Length: 4)  30  44  45  95 
(Length: 4)  31  33  75  97 
(Length: 3)  31  32  58 
(Length: 4)  31  77  92  97 
(Length: 4)  31  32  82  83 
(Length: 4)  31  47  51  92 
(Length: 4)  31  77  82  83 
(Length: 3)  31  32  97 
(Length: 4)  31  33  58  75 
(Length: 4)  31  51  56  92 
(Length: 3)  31  33  76 
(Length: 4)  31  33  56  82 
(Length: 4)  31  92  97  98 
(Length: 3)  31  42  76 
(Length: 3)  31  32  47 
(Length: 3)  31  53  56 
(Length: 4)  31  44  76  98 
(Length: 3)  32  48  97 
(Length: 4)  32  48  73  83 
(Length: 4)  32  48  58  73 
(Length: 3)  32  34  73 
(Length: 3)  32  48  61 
(Length: 3)  32  43  57 
(Length: 4)  32  41  55  73 
(Length: 4)  32  41  57  97 
(Length: 4)  32  55  73  83 
(Length: 3)  32  34  43 
(Length: 4)  32  41  57  82 
(Length: 4)  33  73  79  90 
(Length: 4)  33  61  65  79 
(Length: 3)  33  56  60 
(Length: 4)  33  65  66  75 
(Length: 3)  33  60  75 
(Length: 4)  33  58  90  96 
(Length: 4)  33  65  79  90 
(Length: 4)  33  58  65  75 
(Length: 4)  33  58  73  90 
(Length: 3)  33  76  96 
(Length: 3)  33  48  97 
(Length: 3)  33  91  96 
(Length: 4)  33  48  58  73 
(Length: 3)  33  79  97 
(Length: 4)  33  56  79  90 
(Length: 4)  34  43  74  85 
(Length: 3)  34  64  74 
(Length: 4)  34  62  73  78 
(Length: 4)  34  64  68  76 
(Length: 3)  34  68  94 
(Length: 4)  34  74  85  94 
(Length: 3)  34  62  64 
(Length: 3)  34  68  73 
(Length: 4)  34  43  68  76 
(Length: 3)  35  63  90 
(Length: 3)  35  50  78 
(Length: 3)  35  50  90 
(Length: 4)  36  41  55  98 
(Length: 3)  36  85  91 
(Length: 4)  36  46  71  76 
(Length: 4)  36  41  52  57 
(Length: 4)  36  52  71  76 
(Length: 5)  36  41  69  90  98 
(Length: 4)  36  55  76  98 
(Length: 3)  36  55  62 
(Length: 3)  36  55  60 
(Length: 4)  36  90  96  98 
(Length: 4)  36  91  96  98 
(Length: 4)  36  74  85  94 
(Length: 4)  36  62  69  94 
(Length: 4)  36  41  56  82 
(Length: 3)  36  82  85 
(Length: 4)  36  69  74  94 
(Length: 4)  36  41  56  90 
(Length: 4)  36  41  57  90 
(Length: 4)  36  41  57  82 
(Length: 4)  37  50  66  75 
(Length: 4)  37  50  54  76 
(Length: 4)  37  50  66  91 
(Length: 4)  37  50  54  66 
(Length: 4)  37  39  75  94 
(Length: 4)  37  50  76  96 
(Length: 4)  38  39  41  73 
(Length: 3)  38  85  91 
(Length: 3)  38  75  87 
(Length: 3)  38  75  86 
(Length: 3)  38  39  75 
(Length: 5)  38  48  58  73  78 
(Length: 4)  38  40  73  83 
(Length: 3)  38  58  74 
(Length: 3)  38  58  75 
(Length: 4)  38  40  74  83 
(Length: 3)  38  87  89 
(Length: 5)  38  48  73  78  83 
(Length: 3)  38  52  87 
(Length: 4)  38  40  85  86 
(Length: 4)  38  40  74  85 
(Length: 4)  38  41  73  78 
(Length: 5)  38  39  48  73  83 
(Length: 3)  38  48  89 
(Length: 4)  39  73  83  99 
(Length: 3)  39  72  94 
(Length: 4)  39  48  61  71 
(Length: 4)  39  48  71  83 
(Length: 3)  39  59  94 
(Length: 4)  39  45  48  71 
(Length: 3)  39  77  83 
(Length: 4)  40  54  61  63 
(Length: 4)  40  55  59  60 
(Length: 4)  40  54  74  83 
(Length: 3)  40  71  83 
(Length: 4)  40  61  79  85 
(Length: 4)  40  61  79  89 
(Length: 3)  40  55  86 
(Length: 4)  40  54  63  74 
(Length: 4)  40  55  73  83 
(Length: 3)  40  59  74 
(Length: 4)  40  54  61  79 
(Length: 3)  40  73  79 
(Length: 4)  40  54  63  67 
(Length: 4)  40  55  60  83 
(Length: 3)  40  60  89 
(Length: 4)  40  61  71  79 
(Length: 4)  41  57  84  90 
(Length: 3)  41  81  97 
(Length: 4)  41  56  81  82 
(Length: 4)  41  56  81  90 
(Length: 4)  41  90  92  98 
(Length: 4)  41  57  78  84 
(Length: 3)  41  64  88 
(Length: 4)  41  64  81  90 
(Length: 3)  41  57  88 
(Length: 4)  41  69  81  90 
(Length: 4)  41  55  73  98 
(Length: 5)  41  69  73  90  98 
(Length: 4)  41  92  97  98 
(Length: 4)  41  56  90  92 
(Length: 3)  41  70  73 
(Length: 3)  41  52  70 
(Length: 3)  42  50  66 
(Length: 3)  42  57  65 
(Length: 3)  42  62  88 
(Length: 3)  42  62  72 
(Length: 3)  42  66  88 
(Length: 4)  42  61  76  95 
(Length: 4)  42  61  65  95 
(Length: 3)  42  57  88 
(Length: 3)  43  71  80 
(Length: 3)  43  71  76 
(Length: 4)  43  66  68  98 
(Length: 3)  43  80  86 
(Length: 4)  43  68  76  86 
(Length: 4)  43  63  69  74 
(Length: 3)  43  50  76 
(Length: 3)  43  85  86 
(Length: 3)  43  50  66 
(Length: 4)  43  63  66  68 
(Length: 3)  43  57  80 
(Length: 4)  43  69  80  98 
(Length: 4)  43  68  76  98 
(Length: 3)  44  45  71 
(Length: 4)  44  46  71  76 
(Length: 3)  44  49  73 
(Length: 4)  44  45  68  98 
(Length: 5)  44  68  73  90  98 
(Length: 3)  44  68  94 
(Length: 3)  44  46  53 
(Length: 4)  44  54  76  95 
(Length: 5)  44  47  51  63  90 
(Length: 4)  44  87  90  98 
(Length: 5)  44  69  73  90  98 
(Length: 5)  44  51  63  69  90 
(Length: 4)  44  53  90  95 
(Length: 4)  44  63  68  90 
(Length: 4)  44  51  69  94 
(Length: 4)  44  54  63  69 
(Length: 4)  44  68  76  98 
(Length: 3)  45  85  92 
(Length: 4)  45  58  68  75 
(Length: 3)  45  52  57 
(Length: 3)  45  48  58 
(Length: 3)  45  92  98 
(Length: 3)  45  51  92 
(Length: 3)  45  58  92 
(Length: 3)  45  57  65 
(Length: 4)  45  58  64  68 
(Length: 3)  46  53  59 
(Length: 3)  46  78  86 
(Length: 3)  46  78  99 
(Length: 3)  46  76  86 
(Length: 3)  46  71  78 
(Length: 3)  46  53  96 
(Length: 3)  46  53  99 
(Length: 5)  47  51  63  90  92 
(Length: 3)  47  63  66 
(Length: 3)  47  52  66 
(Length: 3)  47  60  89 
(Length: 3)  47  66  88 
(Length: 3)  47  66  89 
(Length: 3)  48  61  89 
(Length: 4)  48  71  78  83 
(Length: 3)  49  77  97 
(Length: 3)  49  94  97 
(Length: 3)  50  70  76 
(Length: 3)  50  72  96 
(Length: 3)  50  90  92 
(Length: 3)  50  59  92 
(Length: 4)  51  56  90  92 
(Length: 3)  51  65  70 
(Length: 4)  51  63  65  90 
(Length: 4)  51  56  79  90 
(Length: 4)  51  69  79  90 
(Length: 4)  51  61  79  89 
(Length: 3)  51  59  92 
(Length: 4)  51  65  79  90 
(Length: 4)  51  56  79  89 
(Length: 4)  51  61  63  65 
(Length: 4)  51  61  65  79 
(Length: 3)  52  70  76 
(Length: 3)  52  71  80 
(Length: 3)  52  80  86 
(Length: 3)  52  57  80 
(Length: 4)  53  56  79  90 
(Length: 4)  53  89  95  99 
(Length: 4)  53  56  79  89 
(Length: 4)  53  56  90  95 
(Length: 3)  53  90  96 
(Length: 4)  53  56  89  95 
(Length: 4)  54  61  76  95 
(Length: 3)  54  61  80 
(Length: 3)  54  63  66 
(Length: 3)  54  66  88 
(Length: 4)  54  69  80  83 
(Length: 3)  54  67  80 
(Length: 4)  54  63  69  74 
(Length: 5)  54  69  74  77  83 
(Length: 5)  54  69  74  77  81 
(Length: 3)  54  69  79 
(Length: 3)  55  62  73 
(Length: 3)  55  77  83 
(Length: 3)  55  62  86 
(Length: 3)  55  62  72 
(Length: 3)  56  60  89 
(Length: 4)  56  90  93  95 
(Length: 3)  56  81  89 
(Length: 3)  57  80  82 
(Length: 3)  57  80  97 
(Length: 3)  57  80  84 
(Length: 3)  58  64  74 
(Length: 4)  58  63  68  75 
(Length: 4)  58  63  65  67 
(Length: 4)  58  63  90  92 
(Length: 3)  58  72  96 
(Length: 4)  58  63  68  90 
(Length: 4)  58  63  67  92 
(Length: 3)  58  63  74 
(Length: 4)  58  63  65  90 
(Length: 4)  58  63  65  75 
(Length: 3)  59  94  97 
(Length: 3)  59  92  97 
(Length: 4)  61  65  71  79 
(Length: 5)  61  64  68  76  89 
(Length: 3)  61  63  82 
(Length: 4)  61  76  89  95 
(Length: 3)  61  71  76 
(Length: 3)  61  71  80 
(Length: 3)  61  63  68 
(Length: 3)  61  82  85 
(Length: 3)  62  64  86 
(Length: 3)  62  69  73 
(Length: 3)  62  78  86 
(Length: 4)  62  75  94  97 
(Length: 4)  62  77  92  97 
(Length: 4)  62  75  87  88 
(Length: 4)  62  75  86  94 
(Length: 4)  63  66  68  75 
(Length: 4)  63  65  66  75 
(Length: 4)  64  68  76  86 
(Length: 4)  64  68  86  90 
(Length: 3)  64  74  81 
(Length: 3)  64  70  76 
(Length: 4)  64  68  76  84 
(Length: 4)  64  68  84  90 
(Length: 3)  64  81  89 
(Length: 3)  65  71  93 
(Length: 4)  65  90  93  95 
(Length: 3)  65  87  90 
(Length: 4)  66  68  89  98 
(Length: 3)  66  75  88 
(Length: 4)  68  75  86  94 
(Length: 4)  68  76  89  98 
(Length: 4)  69  73  79  90 
(Length: 3)  69  81  99 
(Length: 4)  69  73  98  99 
(Length: 4)  69  73  83  99 
(Length: 4)  69  77  81  90 
(Length: 3)  70  76  95 
(Length: 4)  73  78  83  99 
(Length: 3)  77  81  82 
(Length: 3)  77  81  97 
(Length: 3)  80  97  98 
(Length: 3)  80  83  84 
(Length: 3)  80  82  83 
(Length: 3)  81  89  99 
(Length: 3)  85  86  94 
(Length: 3)  86  90  93 
(Length: 3)  87  89  98 
(Length: 3)  89  98  99 
...model cost: 0.96 seconds  41245 FFE
 (opt) 447.00000000 == 447.00000000 (sur)  OPTIMALITY TEST PASSED!
   BESTimpr 406.00000000 -> 438.00000000
111*11*1****11*111**1*1*111***11*1*1**11*111*1**1*1***1****11**11*1***1***1***********111*1****1**11


1111*11**111*1*11*11**111*1**111*1***1111*1*11*11111*1*****1**111*11111***1**1*1**11*1111****1******


*11*1**11*****1111*1************1111*1*1**1111*1*11*1*11*1*11***1****1*11*1***111**1*111**11*****1**

