Walsh model started...
 82  79  16  53  61  21  85  12  58  15  56  20  75  76  71  64  5  2  98 
 40  93  18  64  67  6  34  66  61  7  98  96  13  57  35  72  86  62  70  9  41  81  15  21  31  26  48  11 
 95  20  47  90  86  77  68  28  4  49  43  48  87  34  79  0  5 
 17  87  58  46  21  44  71  14  19  69  34  95  67  6  42  84  78  77  82  49  55  74  40  85  92  72  57 
 71  38  27  75  94  52  41  65  55  47  2  24  64  74  49  50 
 38  30  77  7  63  22  29  6  41  72  57  40  26  8  85  93  12  67  90  68  28  69  86  76  0  2  64 
 41  95  11  68  43  76  60  31  1  67  29  5  45  42  13  3  9  89  75  50  70  79  36  63  10  52  35  85  64 
 47  12  5  77  1  98  65  70  59  20  78  31 
 60  94  40  16  69  68  62  90  43  65  26  5  18  99  88  42  38  79  29  22  98  17  53  31  91  78 
 46  13  81  63  12  47  41  34  53  95  91  10  1  6  89  32  88 
 30  13  21  14  31  65  34  88  69  57  42  9  81  52  25  29  63  76  46  60  6  28  66  96  51  37  11  67  41 
 68  6  35  24  41  96  17  32  34  48  79  43  98  18  14  26  15  53  86  36  37  67  82  77  46  21  90  66  1  19  85  55  10 
 58  89  7  47  15  67  9  38  45  83  42  0  85  13  84  16  36  50  5  18  17  66  51  41  97  73  35  95 
 30  10  62  46  9  42  6  12  53  83  96  1  32  54  35  20  31  39  77  52  71 
 95  77  70  72  21  10  29  31  71  3  46  99  43  98  11  40  15  23  87  65  68  44  56  96  89  94  42  19  61  45  91 
 12  67  30  44  94  52  58  0  14  40  56  96  50  41  26  11  92  47  95  97  1  81  21  86  72  91 
 40  8  95  94  0  53  12  84  76  28  17  81  29  65  62  51  73  87  67  93  45  98  79  78  50  91 
 29  34  3  87  11  32  48  52  36  39  12  16  22  56  23  91  69  58  51  68  8 
 64  1  23  50  98  11  29  78  63  32  84  82  12  89  99  8  96  37  60  40  73  62  69  30  97  70 
 83  84  65  35  3  69  80  58  49  93  87  99  92  11  34  42  14  50  36 
 49  86  2  95  85  24  59  7  88  21  56  0  44  51  80  57  64  99  27  31  13 
 28  86  10  14  85  98  3  44  64  77  61  0  29  60  43  88  20  76  71  31  1  84  49  15  11  40  55  23  92  51 
 62  32  63  5  80  86  24  66  90  58  17  56  60  89  8  98  78  33  37  67  25 
 50  18  53  54  33  76  36  31  59  90  47  32  68  80  87  14  43  62  17  91  83  55  21  57  65  63  94  39 
 35  11  20  85  76  44  22  86  82  64  30  4  33  27 
 63  33  46  97  86  94  47  91  75  67  42  66  84  52  10  58  85  98  83  22 
 83  51  79  81  94  98  91  5  8  48  11  15  70  85  65  89  1  41  53  47  31 
 82  89  75  4  67  83  92  29  94  64  99  20  74  51  24  33  38  39  56  79 
 21  86  93  36  72  35  94  55  16  76  68  2  50  99  85  5  10  66  87 
 86  80  17  34  31  14  6  5  66  72  18  78  60  21  79  46  27  92  10  63  16  8  93  30 
 5  38  10  13  41  62  15  44  55  37  81  72  52  67  64  24  50  70  43  35  18  84  29  93 
 73  95  60  6  65  10  29  14  72  74  88  67  49  56  66  7  78  59  23  98  96  21  1  81  89  93  48  57  86  20  13  70  43  62  8  47  26 
 62  22  11  17  23  53  63  18  91  86  13  54  83  99  89  52  96  88  9  66  79 
 63  25  80  54  43  61  23  76  98  62  79  96  58  37  24  27  22  66  93 
 17  29  66  1  10  88  69  11  48  41  9  3  95  73  85  76  74  38  82  57  72  56  79  2  19 
 44  60  65  19  11  24  72  28  57  1  6  13  43  30  92  68  77  59  52  67  73  12 
 93  28  54  23  50  12  39  17  42  53  11  37  68  81  6  63  75  89  66  77  99  73  19  95 
 47  75  42  61  30  55  99  62  89  94  59  58  33  36  11  78  38  96  18  22  10 
 88  73  5  30  61  53  71  4  93  90  12  45  77  84  70  47  79  66  92  98  69  96  99  56  46  78  37  34  82  67  8  87  27  39 
 63  42  83  51  95  82  97  96  45  36  17  66  48  27  38  13  77  65  23 
 76  84  1  93  8  16  82  83  95  57  5  14  15  90  85  3  18  60  98  21  89  53 
 6  95  11  96  72  94  30  62  9  34  65  4  5  68  77  50  15  1  45  90  67  85  26  12  10 
 56  87  63  39  61  37  77  75  13  6  54  97  47  12  83  64  86  10  57  52  93  67  25  3  84  36  53  88  8  14  19 
 6  76  61  33  11  79  63  44  8  65  14  21  23  62  67  49  2  81  98  30  35  70  31 
 35  60  21  3  47  45  76  24  83  63  30  15  43  51  20  14  56  46 
 47  44  6  95  38  12  93  85  96  39  41  90  66  78  16  14  61  77  88 
 62  13  97  25  9  82  78  58  3  53  14  99  79  29  38  76  10  77  11  87  96  49  44  63  71 
 75  37  91  61  7  12  25  45  44  9  2  90  97  53  96  56  42  70  38  23  92  15  4  85  31  26 
 17  52  11  34  97  94  26  39  63  2  87  93  31  1 
 20  86  56  31  58  79  52  77  82  3  99  90  54  68  2  43  93  19  84  21  4  74  46  50  63 
 23  18  36  12  15  41  6  75  99  28  30  70  96  81  51  57  94  4  68  49  63  19  16  78 
 65  85  26  83  39  44  20  68  76  64  66  74  27  96  10  16  73  17  12  21  92  50  57 
 53  86  17  48  4  94  49  77  15  93  42  25  10  67  30  63  72  6  32  96  35  71  13 
 52  86  38  61  23  54  16  0  74  64  9  46  97  47  13  83  32  42  36  11  70  72  57  76  73  8  26  89  40 
 80  33  53  23  36  86  64  42  77  32  13  68  49 
 80  60  67  75  94  28  30  37  4  71  3  74  23  21  65  85  11 
 87  42  64  74  63  73  82  95  99  68  49  31  96  47  66  20  0  15  38  88  17  22  44  14  34  85  27  79  98 
 40  5  10  42  1  35  20  64  34  72  31  86  23  53  92  3  51  50 
 12  89  46  3  49  79  84  97  60  0  15  70  33  37  87  91  25  19  80  90  22  17  69  72 
 79  90  70  88  20  7  31  23  94  37  62  83  35  68 
 8  94  35  44  66  83  80  55  31  6  82  62  29  21  97  58  88  10  22  89  18  40  76  78 
 91  47  43  33  38  53  42  37  1  66  64  81  0  21  89  67  96  74  14  45 
 13  46  22  32  41  30  82  60  8  90  33  98  70  1  37  99  66  59  94  23  43  65  16  18  69  31 
 33  25  42  39  56  73  74  89  22  5  80  9  81  44  83  43  75  18  32  29  10  52  72  6  36  48  49  50  94  23  46 
 74  56  18  1  61  81  53  21  77  86  54  42  79  76  57  20  24  30  27  94  51  66  0  71  4  73  6  5 
 51  85  35  19  31  10  94  72  41  4  7  70  8  43  14  68  87  16  62  26  89  23  55  39  91 
 60  83  34  1  61  29  72  98  76  31  56  79  38  22  62  25  84  82  39  12  51  64  28  10  77  36  78  45  11  90  33  93  32 
 55  75  1  6  88  31  12  15  27  83  80  91  3  25  42  5  52  30  43  11  85  41  61  38  87  16  35  22  10 
 11  6  99  56  8  69  41  77  80  23  85  70  28  2  36  81  65  14  51  76  54  49  5  78  35  59  17  50 
 34  10  8  68  3  19  71  93  38  99  84  17  58  5  86  82  75  62  18 
 14  72  65  7  59  88  79  85  38  47  84  58  62  1  68  53  6  26  30  50  96  74  31  43  97  18 
 4  38  14  3  97  77  69  93  76  21  55  0  64  52  13  46  96 
 14  70  41  94  31  74  29  66  65  28  35  5  1  86  81  30  52  63  53  57  34  58  3  15 
 56  63  88  38  31  95  34  85  64  18  51  16  99  36  76  53  97  12  35 
 64  56  63  89  72  31  53  76  34  55  3  96  61  27  51  4  49  70 
 47  37  55  67  27  4  77  42  25  63  76  0  92  99  6  50  36  89  69  82 
 40  84  6  43  44  24  33  23  66  98  74  34  79  64  16  28  75  0  71  21  10  46  68  51  53  73  5  78  60 
 95  14  5  7  75  42  84  80  64  21  54  97  71  41  68  38  52  49  86  2  78  3  88  46  11  66  36  35  13  39  45 
 82  46  29  18  7  31  3  77  38  37  68  99  66  45  22  89  8  91  16  50  76  60 
 93  96  90  59  82  0  11  43  26  81  49  58  70  85  94  76  64  46  29  38  66  33  6  8  34  2  56  27  16  98  32 
 33  54  86  29  55  60  63  22  84  77  67  91  68  23  20  95  19  58 
 64  61  9  63  79  26  91  88  10  30  72  36  68  1  15  95  16  96  50  98  43  89  31 
 95  56  89  27  78  46  83  40  62  60  79  0  39  66  84  18  49  3  24  11  34  38  69  75 
 66  60  26  51  84  19  39  82  40  44  63  12  42  27  67  13  53  86  32  90  97  59  23  98  25 
 40  76  83  19  80  77  58  89  38  12  16  70  42  3  25  66  82  18  99  69  21  49  30 
 65  51  99  88  20  24  98  21  79  70  73  34  0  12  45  93  68  5  67  41  28  26  40  3  92  6  56  25  47  11  55  86  91 
 28  21  20  49  92  90  52  53  80  29  94  25  22  24  54  64  42  2  77  1  72  11  91  32  83  5  69  57  31  85  15 
 56  42  3  17  23  14  97  58  46  38  19  65  48  2  16  67  28  93 
 38  73  85  99  31  67  10  34  70  59  21  20  91  81  56  60  8  42  77  32  9  45 
 12  58  82  27  63  74  84  37  61  9  6  18  99  32  22  60  36  75  81  31  78  65  26  94  14  53  40 
 92  86  79  59  38  93  2  47  62  8  23  41  45  99  49  22  58  40  5  83  97  11  66 
 61  47  25  80  67  95  9  81  88  98  26  58  86  32  23  17  85  8  78  14  15  65  16 
 90  86  38  98  75  99  27  29  47  15  85  3  19  21  51  35  57 
 40  1  79  96  38  90  28  36  45  85  69  71  52  42  5  49  19  48  31  16  33  66  29  30  87 
 60  8  95  16  86  25  41  72  65  97  48  4  52  79  26  28  55  15  59  37  62  27  64  89  14  50  63  23 
 14  77  73  31  94  16  6  41  2  20  82  56  39  45  40  97  3  34  9  91  80  15  81  36  12 
 79  93  41  11  56  47  13  1  38  99  15  39  45  31  98  33  37  18  50  81  61  74  46  14  51  10  70  52  32  71 
 46  25  48  94  53  47  95  39  42  71  77  58  60  87  15  90  83  73  12  70  18 
 85  21  18  11  7  1  66  76  26  91  14  92  38  33  62  31  96  22  8  81  43  40  83  25  16  79  56  0 
 85  88  56  68  46  14  37  62  96  38  92  75  50  28  49  90  69  84  18  8  89  32  27  20  78  19  36  73 
-->CDecomWalshPart::vInitTrueLinkage-->GLBs: 1229
(Length: 3)  0  2  5 
(Length: 3)  0  2  79 
(Length: 3)  0  75  82 
(Length: 4)  0  53  64  76 
(Length: 4)  0  56  79  82 
(Length: 4)  0  5  12  85 
(Length: 3)  0  2  20 
(Length: 3)  0  58  79 
(Length: 3)  0  15  56 
(Length: 3)  0  15  21 
(Length: 4)  0  16  53  76 
(Length: 4)  0  64  76  79 
(Length: 4)  0  5  64  76 
(Length: 3)  0  75  76 
(Length: 5)  0  56  79  85  98 
(Length: 5)  0  16  76  79  98 
(Length: 4)  0  21  61  64 
(Length: 4)  0  53  61  64 
(Length: 4)  0  12  15  58 
(Length: 3)  0  12  16 
(Length: 4)  0  21  76  98 
(Length: 4)  0  21  85  98 
(Length: 4)  0  20  56  85 
(Length: 4)  0  20  21  64 
(Length: 4)  0  20  56  64 
(Length: 4)  0  56  64  79 
(Length: 4)  0  20  21  85 
(Length: 5)  0  21  64  71  76 
(Length: 4)  1  6  13  35 
(Length: 4)  1  31  66  72 
(Length: 4)  1  6  9  13 
(Length: 4)  1  31  62  70 
(Length: 5)  1  11  15  41  67 
(Length: 4)  1  6  9  41 
(Length: 3)  1  6  64 
(Length: 3)  1  9  81 
(Length: 4)  1  15  41  72 
(Length: 4)  1  15  26  81 
(Length: 4)  1  61  81  96 
(Length: 4)  1  7  31  70 
(Length: 5)  1  11  15  41  96 
(Length: 4)  1  31  72  81 
(Length: 4)  1  61  64  66 
(Length: 4)  1  61  64  81 
(Length: 4)  1  21  64  86 
(Length: 4)  1  31  70  72 
(Length: 5)  1  26  31  81  98 
(Length: 4)  1  11  66  98 
(Length: 4)  1  15  21  40 
(Length: 4)  1  7  31  98 
(Length: 4)  1  18  40  98 
(Length: 4)  1  11  21  98 
(Length: 4)  1  11  26  98 
(Length: 4)  1  11  34  48 
(Length: 4)  1  26  31  48 
(Length: 4)  1  15  81  96 
(Length: 3)  1  40  57 
(Length: 4)  1  35  57  72 
(Length: 3)  1  61  67 
(Length: 5)  1  31  81  96  98 
(Length: 4)  1  18  62  98 
(Length: 4)  1  18  70  96 
(Length: 4)  1  57  64  86 
(Length: 4)  1  11  34  66 
(Length: 3)  1  40  93 
(Length: 5)  1  6  11  35  67 
(Length: 5)  1  11  15  21  86 
(Length: 5)  1  11  18  96  98 
(Length: 4)  1  21  31  86 
(Length: 4)  1  9  34  41 
(Length: 4)  1  21  40  98 
(Length: 5)  1  11  15  26  41 
(Length: 4)  1  34  66  72 
(Length: 4)  1  26  31  70 
(Length: 4)  1  31  70  96 
(Length: 4)  1  15  72  81 
(Length: 4)  1  31  48  93 
(Length: 4)  1  11  26  48 
(Length: 4)  1  21  61  64 
(Length: 4)  1  6  13  31 
(Length: 4)  1  31  66  93 
(Length: 4)  1  31  93  96 
(Length: 5)  1  31  57  72  86 
(Length: 4)  1  21  31  98 
(Length: 5)  1  31  62  66  98 
(Length: 4)  1  15  72  86 
(Length: 5)  1  6  11  41  67 
(Length: 4)  1  13  31  62 
(Length: 4)  1  6  31  67 
(Length: 4)  1  6  31  70 
(Length: 4)  1  13  31  96 
(Length: 4)  1  34  41  72 
(Length: 3)  1  41  62 
(Length: 4)  1  34  57  72 
(Length: 4)  1  11  34  41 
(Length: 4)  1  18  62  70 
(Length: 3)  1  18  64 
(Length: 3)  2  34  95 
(Length: 4)  2  49  79  90 
(Length: 4)  2  49  77  86 
(Length: 3)  2  48  87 
(Length: 3)  2  77  95 
(Length: 3)  2  4  47 
(Length: 4)  2  5  28  68 
(Length: 3)  2  34  48 
(Length: 4)  2  43  49  79 
(Length: 4)  2  5  86  90 
(Length: 3)  2  4  49 
(Length: 3)  2  47  90 
(Length: 4)  2  5  77  86 
(Length: 4)  2  49  68  77 
(Length: 3)  2  20  95 
(Length: 4)  2  49  86  90 
(Length: 4)  2  5  68  77 
(Length: 4)  2  5  28  86 
(Length: 3)  2  28  87 
(Length: 3)  2  34  79 
(Length: 4)  2  20  49  86 
(Length: 4)  3  14  40  95 
(Length: 3)  3  40  57 
(Length: 4)  3  14  44  46 
(Length: 4)  3  14  46  87 
(Length: 4)  3  14  77  95 
(Length: 4)  3  55  67  85 
(Length: 4)  3  19  42  84 
(Length: 4)  3  42  77  84 
(Length: 3)  3  6  95 
(Length: 3)  3  57  92 
(Length: 4)  3  42  67  87 
(Length: 4)  3  6  67  85 
(Length: 4)  3  19  34  69 
(Length: 5)  3  14  46  71  77 
(Length: 4)  3  14  42  77 
(Length: 5)  3  14  21  71  77 
(Length: 4)  3  34  57  72 
(Length: 4)  3  49  82  84 
(Length: 3)  3  14  72 
(Length: 3)  3  42  57 
(Length: 4)  3  17  58  69 
(Length: 3)  3  69  71 
(Length: 4)  3  6  42  67 
(Length: 4)  3  21  55  85 
(Length: 4)  3  40  82  84 
(Length: 4)  3  17  34  69 
(Length: 4)  3  21  85  92 
(Length: 4)  3  21  40  84 
(Length: 4)  3  34  69  82 
(Length: 4)  3  21  40  85 
(Length: 4)  3  34  82  95 
(Length: 4)  3  69  82  84 
(Length: 4)  3  17  58  87 
(Length: 4)  3  46  78  82 
(Length: 3)  3  34  85 
(Length: 4)  3  14  21  40 
(Length: 4)  3  34  72  74 
(Length: 4)  3  19  58  87 
(Length: 5)  3  19  49  58  84 
(Length: 5)  3  14  19  42  87 
(Length: 4)  3  40  82  95 
(Length: 3)  3  19  92 
(Length: 4)  3  14  21  44 
(Length: 3)  3  49  74 
(Length: 4)  3  46  58  87 
(Length: 3)  3  58  72 
(Length: 4)  3  46  49  82 
(Length: 4)  3  46  49  77 
(Length: 5)  3  19  58  69  84 
(Length: 4)  3  46  49  58 
(Length: 3)  3  55  74 
(Length: 4)  3  46  77  78 
(Length: 5)  3  21  49  77  84 
(Length: 4)  3  21  55  71 
(Length: 3)  4  38  71 
(Length: 3)  4  52  71 
(Length: 3)  4  52  94 
(Length: 3)  4  47  75 
(Length: 4)  4  55  65  94 
(Length: 4)  4  41  50  94 
(Length: 4)  4  24  27  64 
(Length: 3)  4  27  38 
(Length: 3)  4  64  71 
(Length: 4)  4  27  64  74 
(Length: 3)  4  27  75 
(Length: 4)  4  27  64  94 
(Length: 3)  4  49  50 
(Length: 4)  4  41  65  94 
(Length: 3)  4  55  71 
(Length: 3)  4  55  74 
(Length: 3)  4  55  75 
(Length: 3)  4  38  47 
(Length: 3)  4  49  52 
(Length: 3)  4  49  74 
(Length: 3)  4  50  75 
(Length: 4)  5  6  29  63 
(Length: 3)  5  7  12 
(Length: 4)  5  8  22  90 
(Length: 3)  5  40  57 
(Length: 4)  5  28  68  76 
(Length: 4)  5  28  68  85 
(Length: 4)  5  29  30  72 
(Length: 4)  5  30  38  67 
(Length: 4)  5  30  41  67 
(Length: 5)  5  6  41  67  85 
(Length: 4)  5  6  64  76 
(Length: 4)  5  29  63  72 
(Length: 4)  5  29  30  93 
(Length: 5)  5  6  41  68  85 
(Length: 3)  5  38  77 
(Length: 4)  5  29  72  86 
(Length: 4)  5  26  41  85 
(Length: 3)  5  69  86 
(Length: 4)  5  12  38  67 
(Length: 5)  5  12  41  67  85 
(Length: 4)  5  38  90  93 
(Length: 3)  5  7  77 
(Length: 3)  5  41  90 
(Length: 4)  5  8  38  90 
(Length: 4)  5  38  69  93 
(Length: 3)  5  8  26 
(Length: 3)  5  8  29 
(Length: 4)  5  40  90  93 
(Length: 4)  5  8  38  69 
(Length: 4)  5  8  40  90 
(Length: 4)  5  28  72  86 
(Length: 4)  5  28  85  93 
(Length: 4)  5  6  68  76 
(Length: 3)  5  22  63 
(Length: 3)  5  22  67 
(Length: 4)  5  8  68  69 
(Length: 4)  5  22  86  90 
(Length: 4)  5  41  68  77 
(Length: 4)  5  28  85  86 
(Length: 4)  5  30  41  72 
(Length: 4)  5  57  64  86 
(Length: 4)  5  57  72  86 
(Length: 3)  5  40  76 
(Length: 4)  5  40  85  93 
(Length: 4)  5  30  38  93 
(Length: 3)  5  30  64 
(Length: 4)  5  64  77  86 
(Length: 4)  6  9  10  63 
(Length: 4)  6  10  60  76 
(Length: 5)  6  10  29  31  60 
(Length: 4)  6  11  36  68 
(Length: 5)  6  36  42  63  75 
(Length: 3)  6  29  79 
(Length: 4)  6  13  35  52 
(Length: 3)  6  43  63 
(Length: 4)  6  31  60  89 
(Length: 4)  6  9  63  89 
(Length: 3)  6  42  64 
(Length: 3)  6  31  95 
(Length: 4)  6  68  70  85 
(Length: 4)  6  41  45  85 
(Length: 4)  6  42  67  75 
(Length: 4)  6  9  10  41 
(Length: 4)  6  11  35  68 
(Length: 5)  6  11  41  67  85 
(Length: 4)  6  36  50  68 
(Length: 4)  6  11  43  79 
(Length: 4)  6  31  43  70 
(Length: 5)  6  10  11  41  67 
(Length: 4)  6  11  79  85 
(Length: 4)  6  70  79  85 
(Length: 4)  6  10  13  31 
(Length: 5)  6  36  63  75  89 
(Length: 4)  6  31  43  67 
(Length: 4)  6  64  76  79 
(Length: 5)  6  10  42  52  67 
(Length: 5)  6  10  13  42  52 
(Length: 4)  6  43  76  79 
(Length: 4)  6  10  29  63 
(Length: 4)  6  41  50  68 
(Length: 5)  6  11  41  68  85 
(Length: 4)  6  43  70  79 
(Length: 4)  6  50  68  70 
(Length: 4)  6  10  31  67 
(Length: 3)  6  75  76 
(Length: 3)  6  36  95 
(Length: 3)  6  35  60 
(Length: 4)  6  41  45  95 
(Length: 4)  6  35  52  67 
(Length: 5)  6  11  35  43  67 
(Length: 5)  6  10  42  52  63 
(Length: 5)  6  36  50  63  75 
(Length: 4)  6  9  41  95 
(Length: 4)  6  9  10  13 
(Length: 4)  7  20  31  59 
(Length: 3)  7  12  47 
(Length: 4)  7  31  47  70 
(Length: 3)  7  77  78 
(Length: 4)  7  31  59  70 
(Length: 4)  7  31  65  70 
(Length: 3)  7  31  78 
(Length: 4)  8  38  90  99 
(Length: 4)  8  22  62  98 
(Length: 4)  8  68  69  99 
(Length: 4)  8  62  90  99 
(Length: 4)  8  38  78  99 
(Length: 4)  8  26  91  98 
(Length: 4)  8  38  79  90 
(Length: 4)  8  38  88  99 
(Length: 4)  8  16  79  94 
(Length: 4)  8  16  40  53 
(Length: 4)  8  16  40  98 
(Length: 5)  8  31  43  62  65 
(Length: 4)  8  16  62  98 
(Length: 4)  8  26  79  98 
(Length: 4)  8  26  31  98 
(Length: 4)  8  26  65  94 
(Length: 3)  8  17  22 
(Length: 4)  8  26  65  91 
(Length: 4)  8  16  29  78 
(Length: 4)  8  16  29  79 
(Length: 4)  8  16  17  91 
(Length: 4)  8  18  40  60 
(Length: 4)  8  18  60  62 
(Length: 4)  8  68  78  99 
(Length: 4)  8  18  78  99 
(Length: 4)  8  18  62  98 
(Length: 5)  8  18  62  69  99 
(Length: 4)  8  18  40  98 
(Length: 3)  8  88  91 
(Length: 4)  8  16  65  91 
(Length: 4)  8  16  78  91 
(Length: 4)  8  26  79  94 
(Length: 4)  8  17  68  69 
(Length: 4)  8  26  31  65 
(Length: 3)  8  26  53 
(Length: 5)  8  29  31  60  78 
(Length: 4)  8  22  60  78 
(Length: 4)  8  22  62  90 
(Length: 4)  8  16  17  29 
(Length: 5)  8  18  29  60  78 
(Length: 4)  8  16  91  98 
(Length: 3)  8  38  53 
(Length: 4)  8  60  62  94 
(Length: 4)  8  38  79  98 
(Length: 4)  8  38  69  99 
(Length: 4)  8  31  60  62 
(Length: 4)  8  31  60  88 
(Length: 3)  8  42  53 
(Length: 3)  8  42  88 
(Length: 3)  8  65  68 
(Length: 4)  8  16  79  98 
(Length: 4)  8  43  79  98 
(Length: 4)  8  22  60  62 
(Length: 5)  8  16  62  65  94 
(Length: 5)  8  31  43  62  98 
(Length: 3)  9  47  91 
(Length: 4)  9  10  34  88 
(Length: 4)  9  81  88  91 
(Length: 4)  9  10  13  46 
(Length: 4)  9  10  81  88 
(Length: 3)  9  12  47 
(Length: 4)  9  34  41  95 
(Length: 4)  9  12  41  95 
(Length: 3)  9  12  89 
(Length: 4)  9  10  63  81 
(Length: 4)  9  81  91  95 
(Length: 4)  9  13  46  53 
(Length: 3)  9  47  53 
(Length: 4)  9  32  63  89 
(Length: 4)  9  10  34  41 
(Length: 3)  9  12  13 
(Length: 4)  9  32  88  91 
(Length: 4)  9  63  81  89 
(Length: 4)  9  32  53  89 
(Length: 4)  9  10  46  63 
(Length: 4)  9  13  32  53 
(Length: 3)  10  41  65 
(Length: 4)  10  29  34  66 
(Length: 5)  10  14  21  29  31 
(Length: 4)  10  29  46  63 
(Length: 3)  10  51  57 
(Length: 3)  10  46  76 
(Length: 4)  10  21  51  76 
(Length: 4)  10  28  66  76 
(Length: 4)  10  21  28  76 
(Length: 4)  10  34  66  76 
(Length: 4)  10  14  31  96 
(Length: 4)  10  13  30  52 
(Length: 4)  10  14  31  65 
(Length: 5)  10  21  29  31  60 
(Length: 4)  10  14  29  46 
(Length: 4)  10  13  31  96 
(Length: 4)  10  11  41  96 
(Length: 4)  10  11  34  66 
(Length: 4)  10  11  37  96 
(Length: 3)  10  30  37 
(Length: 4)  10  51  66  76 
(Length: 4)  10  30  52  67 
(Length: 3)  10  30  81 
(Length: 4)  10  11  14  21 
(Length: 3)  10  34  69 
(Length: 3)  10  37  42 
(Length: 4)  10  31  67  88 
(Length: 3)  10  14  42 
(Length: 3)  10  29  30 
(Length: 5)  10  11  14  46  96 
(Length: 4)  10  42  67  88 
(Length: 4)  10  13  46  96 
(Length: 4)  10  11  34  41 
(Length: 4)  10  13  52  96 
(Length: 5)  10  25  42  52  67 
(Length: 5)  10  25  42  52  63 
(Length: 3)  10  25  66 
(Length: 3)  10  42  57 
(Length: 4)  10  25  46  63 
(Length: 4)  10  30  41  67 
(Length: 3)  10  51  65 
(Length: 3)  10  34  57 
(Length: 3)  10  51  96 
(Length: 4)  10  31  81  96 
(Length: 4)  10  21  60  76 
(Length: 4)  10  60  66  76 
(Length: 5)  10  21  31  60  88 
(Length: 4)  10  31  81  88 
(Length: 5)  10  29  31  60  66 
(Length: 3)  10  31  57 
(Length: 4)  11  46  79  96 
(Length: 4)  11  36  66  77 
(Length: 3)  11  24  82 
(Length: 3)  11  41  90 
(Length: 3)  11  36  53 
(Length: 3)  11  36  37 
(Length: 4)  11  14  68  77 
(Length: 4)  11  66  79  98 
(Length: 4)  11  32  79  96 
(Length: 4)  11  66  79  90 
(Length: 5)  11  34  66  79  82 
(Length: 4)  11  32  53  86 
(Length: 4)  11  46  79  82 
(Length: 4)  11  14  96  98 
(Length: 3)  11  46  53 
(Length: 4)  11  55  67  85 
(Length: 4)  11  14  46  77 
(Length: 4)  11  18  37  96 
(Length: 3)  11  14  19 
(Length: 4)  11  79  96  98 
(Length: 4)  11  34  79  85 
(Length: 3)  11  37  55 
(Length: 4)  11  32  66  79 
(Length: 3)  11  19  36 
(Length: 3)  11  24  35 
(Length: 4)  11  21  77  86 
(Length: 4)  11  34  41  85 
(Length: 3)  11  18  82 
(Length: 4)  11  18  32  96 
(Length: 4)  11  21  55  85 
(Length: 4)  11  21  85  98 
(Length: 4)  11  17  36  68 
(Length: 4)  11  14  15  21 
(Length: 4)  11  41  68  77 
(Length: 4)  11  26  41  85 
(Length: 4)  11  21  85  86 
(Length: 5)  11  26  79  85  98 
(Length: 3)  11  19  35 
(Length: 4)  11  43  79  98 
(Length: 3)  11  19  34 
(Length: 4)  11  24  85  86 
(Length: 4)  11  17  34  48 
(Length: 3)  11  86  90 
(Length: 3)  11  17  32 
(Length: 3)  11  26  53 
(Length: 4)  11  35  68  77 
(Length: 4)  11  14  15  96 
(Length: 4)  11  36  68  77 
(Length: 5)  11  14  21  43  98 
(Length: 4)  11  14  21  77 
(Length: 3)  12  18  50 
(Length: 4)  12  15  41  95 
(Length: 4)  12  15  47  97 
(Length: 4)  12  41  45  95 
(Length: 3)  12  13  35 
(Length: 3)  12  35  67 
(Length: 4)  12  41  45  85 
(Length: 4)  12  15  41  50 
(Length: 4)  12  15  95  97 
(Length: 4)  12  42  47  97 
(Length: 4)  12  38  66  84 
(Length: 3)  12  38  73 
(Length: 4)  12  38  45  47 
(Length: 4)  12  13  42  83 
(Length: 4)  12  16  51  73 
(Length: 3)  12  16  84 
(Length: 3)  12  36  89 
(Length: 4)  12  18  73  97 
(Length: 4)  12  73  95  97 
(Length: 4)  12  18  84  89 
(Length: 4)  12  58  84  89 
(Length: 4)  12  16  50  51 
(Length: 3)  12  36  66 
(Length: 3)  12  17  58 
(Length: 3)  12  36  50 
(Length: 4)  12  16  45  95 
(Length: 4)  12  36  73  95 
(Length: 3)  12  17  36 
(Length: 4)  12  51  66  83 
(Length: 3)  12  16  67 
(Length: 4)  12  16  17  51 
(Length: 4)  12  42  83  97 
(Length: 4)  12  42  83  84 
(Length: 3)  12  36  42 
(Length: 4)  12  42  67  83 
(Length: 4)  12  66  83  84 
(Length: 4)  12  51  73  85 
(Length: 4)  12  16  73  95 
(Length: 4)  12  38  45  66 
(Length: 4)  12  15  58  97 
(Length: 3)  12  35  73 
(Length: 4)  12  45  47  85 
(Length: 4)  12  15  41  67 
(Length: 4)  13  30  35  52 
(Length: 3)  13  20  31 
(Length: 4)  13  52  71  77 
(Length: 4)  13  46  71  96 
(Length: 4)  13  39  42  77 
(Length: 4)  13  42  54  77 
(Length: 4)  13  32  52  96 
(Length: 3)  13  30  62 
(Length: 4)  13  52  71  96 
(Length: 3)  13  46  62 
(Length: 3)  13  39  96 
(Length: 4)  13  32  53  83 
(Length: 4)  13  39  42  83 
(Length: 3)  13  32  62 
(Length: 4)  13  32  53  54 
(Length: 4)  13  32  52  53 
(Length: 4)  13  42  52  53 
(Length: 4)  13  42  52  77 
(Length: 4)  13  42  53  54 
(Length: 4)  13  46  71  77 
(Length: 4)  13  35  52  77 
(Length: 4)  13  42  53  83 
(Length: 4)  14  15  56  95 
(Length: 4)  14  31  70  96 
(Length: 4)  14  15  21  40 
(Length: 4)  14  15  21  44 
(Length: 4)  14  23  65  68 
(Length: 4)  14  31  65  89 
(Length: 4)  14  56  96  99 
(Length: 4)  14  65  68  70 
(Length: 3)  14  42  61 
(Length: 3)  14  61  89 
(Length: 4)  14  15  56  96 
(Length: 4)  14  15  94  95 
(Length: 4)  14  15  91  95 
(Length: 4)  14  15  44  56 
(Length: 4)  14  15  40  95 
(Length: 3)  14  44  45 
(Length: 5)  14  31  56  96  98 
(Length: 4)  14  23  65  94 
(Length: 3)  14  19  99 
(Length: 4)  14  29  31  72 
(Length: 4)  14  21  43  44 
(Length: 3)  14  89  99 
(Length: 4)  14  23  65  87 
(Length: 5)  14  21  23  31  43 
(Length: 4)  14  65  72  94 
(Length: 4)  14  15  72  94 
(Length: 4)  14  21  43  61 
(Length: 5)  14  23  31  43  65 
(Length: 4)  14  42  56  87 
(Length: 5)  14  21  31  43  98 
(Length: 4)  14  46  96  99 
(Length: 4)  14  19  65  87 
(Length: 3)  14  61  91 
(Length: 4)  14  45  77  95 
(Length: 5)  14  31  65  70  72 
(Length: 4)  14  31  56  95 
(Length: 5)  14  31  43  65  70 
(Length: 4)  14  56  68  99 
(Length: 3)  14  91  98 
(Length: 4)  14  65  89  94 
(Length: 4)  14  45  61  96 
(Length: 3)  14  40  89 
(Length: 4)  14  46  71  96 
(Length: 4)  14  21  40  98 
(Length: 4)  14  23  65  91 
(Length: 4)  15  44  47  56 
(Length: 3)  15  30  44 
(Length: 4)  15  30  41  67 
(Length: 4)  15  30  41  72 
(Length: 4)  15  30  50  81 
(Length: 4)  15  41  50  94 
(Length: 4)  15  30  41  50 
(Length: 4)  15  41  50  96 
(Length: 4)  15  26  81  91 
(Length: 4)  15  81  91  95 
(Length: 4)  15  26  41  94 
(Length: 4)  15  41  72  94 
(Length: 4)  15  94  95  97 
(Length: 3)  15  67  91 
(Length: 3)  15  52  96 
(Length: 4)  15  30  52  72 
(Length: 4)  15  30  52  67 
(Length: 4)  15  50  81  96 
(Length: 4)  15  41  94  95 
(Length: 4)  15  26  47  91 
(Length: 3)  15  47  92 
(Length: 4)  15  47  56  96 
(Length: 4)  15  30  72  81 
(Length: 3)  15  58  72 
(Length: 3)  15  58  91 
(Length: 3)  15  86  91 
(Length: 4)  15  21  86  92 
(Length: 5)  15  52  72  86  94 
(Length: 4)  16  81  91  98 
(Length: 4)  16  81  91  95 
(Length: 4)  16  29  79  93 
(Length: 3)  16  65  87 
(Length: 4)  16  51  73  76 
(Length: 4)  16  28  50  94 
(Length: 3)  16  51  65 
(Length: 3)  16  45  78 
(Length: 4)  16  79  81  98 
(Length: 3)  16  17  87 
(Length: 4)  16  40  53  76 
(Length: 3)  16  40  93 
(Length: 4)  16  53  73  76 
(Length: 3)  16  40  95 
(Length: 3)  16  94  95 
(Length: 3)  16  67  91 
(Length: 3)  16  67  87 
(Length: 4)  16  28  87  93 
(Length: 3)  16  45  93 
(Length: 3)  16  50  81 
(Length: 3)  16  50  78 
(Length: 3)  16  28  76 
(Length: 3)  16  76  78 
(Length: 4)  16  40  76  84 
(Length: 4)  16  40  76  98 
(Length: 4)  17  23  36  68 
(Length: 3)  17  23  87 
(Length: 4)  17  23  32  91 
(Length: 3)  17  22  32 
(Length: 3)  17  32  52 
(Length: 3)  17  39  51 
(Length: 3)  17  29  34 
(Length: 3)  17  22  56 
(Length: 3)  17  22  58 
(Length: 3)  17  58  91 
(Length: 3)  17  48  52 
(Length: 3)  17  34  56 
(Length: 4)  17  23  36  39 
(Length: 3)  17  56  68 
(Length: 3)  17  51  68 
(Length: 3)  17  48  87 
(Length: 3)  17  56  87 
(Length: 3)  17  39  48 
(Length: 3)  18  73  99 
(Length: 3)  18  30  64 
(Length: 4)  18  32  89  99 
(Length: 4)  18  32  62  99 
(Length: 5)  18  40  82  84  89 
(Length: 4)  18  30  70  84 
(Length: 4)  18  30  37  62 
(Length: 4)  18  32  96  99 
(Length: 3)  18  60  97 
(Length: 4)  18  32  63  89 
(Length: 4)  18  60  62  82 
(Length: 5)  18  40  60  82  89 
(Length: 4)  18  84  89  99 
(Length: 4)  18  50  70  96 
(Length: 3)  18  29  30 
(Length: 4)  18  50  78  99 
(Length: 5)  18  60  78  82  89 
(Length: 3)  18  64  73 
(Length: 4)  18  23  32  63 
(Length: 4)  18  50  96  99 
(Length: 3)  18  29  63 
(Length: 4)  18  69  84  99 
(Length: 4)  18  37  96  99 
(Length: 3)  18  63  73 
(Length: 4)  18  30  50  70 
(Length: 4)  18  37  62  99 
(Length: 5)  18  37  78  89  99 
(Length: 4)  18  62  69  82 
(Length: 4)  18  23  50  63 
(Length: 3)  18  70  97 
(Length: 4)  18  23  32  62 
(Length: 4)  18  69  82  84 
(Length: 4)  18  30  62  70 
(Length: 4)  19  69  84  99 
(Length: 3)  19  35  92 
(Length: 4)  19  42  83  84 
(Length: 4)  19  36  50  99 
(Length: 4)  19  49  84  99 
(Length: 3)  19  49  93 
(Length: 3)  19  35  65 
(Length: 3)  19  69  93 
(Length: 4)  19  49  50  99 
(Length: 4)  19  42  87  93 
(Length: 3)  19  92  99 
(Length: 4)  19  58  80  84 
(Length: 4)  19  36  42  93 
(Length: 5)  20  56  85  88  99 
(Length: 4)  20  27  51  64 
(Length: 4)  20  21  31  88 
(Length: 4)  20  24  27  64 
(Length: 3)  20  80  86 
(Length: 5)  20  21  31  49  86 
(Length: 4)  20  31  56  88 
(Length: 4)  20  31  57  86 
(Length: 3)  20  24  44 
(Length: 4)  20  21  85  88 
(Length: 4)  20  24  85  86 
(Length: 4)  20  21  64  86 
(Length: 4)  20  31  59  88 
(Length: 4)  20  51  57  64 
(Length: 4)  20  57  64  86 
(Length: 4)  20  27  56  99 
(Length: 4)  20  27  56  64 
(Length: 4)  20  21  51  85 
(Length: 4)  20  24  64  86 
(Length: 3)  20  80  95 
(Length: 3)  20  44  56 
(Length: 4)  20  21  44  51 
(Length: 4)  20  21  51  64 
(Length: 4)  20  21  85  86 
(Length: 4)  20  49  56  99 
(Length: 4)  20  31  49  56 
(Length: 4)  20  31  56  95 
(Length: 3)  21  23  55 
(Length: 4)  21  85  86  92 
(Length: 4)  21  40  60  76 
(Length: 4)  21  28  55  85 
(Length: 4)  21  29  31  86 
(Length: 4)  21  23  43  76 
(Length: 3)  21  77  88 
(Length: 4)  21  43  44  76 
(Length: 4)  21  28  85  86 
(Length: 4)  21  44  51  76 
(Length: 4)  21  64  77  86 
(Length: 4)  21  51  64  76 
(Length: 3)  21  55  60 
(Length: 4)  21  40  76  84 
(Length: 4)  21  49  77  86 
(Length: 4)  21  51  85  92 
(Length: 4)  21  44  60  76 
(Length: 4)  21  85  92  98 
(Length: 4)  21  43  76  98 
(Length: 4)  21  64  71  77 
(Length: 4)  21  40  76  98 
(Length: 4)  21  40  85  98 
(Length: 4)  21  31  43  49 
(Length: 4)  21  29  86  92 
(Length: 3)  22  24  33 
(Length: 4)  22  25  33  58 
(Length: 4)  22  62  66  90 
(Length: 5)  22  33  62  66  98 
(Length: 4)  22  58  60  89 
(Length: 4)  22  60  78  89 
(Length: 3)  22  58  90 
(Length: 3)  22  25  86 
(Length: 3)  22  24  86 
(Length: 4)  22  58  60  80 
(Length: 4)  22  33  58  80 
(Length: 4)  22  25  33  63 
(Length: 5)  22  25  33  66  98 
(Length: 4)  22  33  37  62 
(Length: 4)  22  37  58  89 
(Length: 3)  22  25  67 
(Length: 4)  22  33  37  58 
(Length: 4)  22  60  66  78 
(Length: 4)  22  32  62  66 
(Length: 3)  22  32  86 
(Length: 4)  22  60  62  66 
(Length: 3)  22  56  63 
(Length: 4)  22  56  66  98 
(Length: 3)  22  67  80 
(Length: 4)  22  32  63  89 
(Length: 4)  22  33  63  80 
(Length: 4)  22  37  78  89 
(Length: 3)  22  80  86 
(Length: 4)  23  36  39  63 
(Length: 3)  23  31  47 
(Length: 4)  23  36  50  63 
(Length: 3)  23  55  80 
(Length: 3)  23  47  53 
(Length: 4)  23  33  54  80 
(Length: 3)  23  53  57 
(Length: 4)  23  50  63  94 
(Length: 3)  23  53  76 
(Length: 4)  23  36  50  68 
(Length: 4)  23  33  43  63 
(Length: 4)  23  54  68  80 
(Length: 4)  23  33  43  76 
(Length: 4)  23  33  43  62 
(Length: 3)  23  47  90 
(Length: 4)  23  59  83  90 
(Length: 4)  23  59  62  94 
(Length: 4)  23  59  62  90 
(Length: 4)  23  36  54  68 
(Length: 4)  23  32  53  83 
(Length: 4)  23  33  63  80 
(Length: 3)  23  68  76 
(Length: 4)  23  32  53  54 
(Length: 3)  23  39  65 
(Length: 4)  23  31  59  62 
(Length: 4)  23  62  65  94 
(Length: 3)  23  59  68 
(Length: 4)  23  55  65  94 
(Length: 3)  23  50  57 
(Length: 4)  23  32  63  83 
(Length: 4)  23  39  63  83 
(Length: 4)  23  36  53  54 
(Length: 5)  23  31  43  62  65 
(Length: 3)  23  31  57 
(Length: 3)  23  47  91 
(Length: 3)  23  80  91 
(Length: 4)  24  30  35  44 
(Length: 3)  24  33  76 
(Length: 3)  24  27  82 
(Length: 3)  24  27  33 
(Length: 3)  24  64  76 
(Length: 3)  24  44  76 
(Length: 3)  24  30  64 
(Length: 4)  25  42  83  97 
(Length: 4)  25  85  86  91 
(Length: 4)  25  52  86  94 
(Length: 4)  25  66  83  84 
(Length: 4)  25  42  67  83 
(Length: 4)  25  42  47  75 
(Length: 4)  25  85  91  98 
(Length: 4)  25  67  85  91 
(Length: 4)  25  42  63  75 
(Length: 4)  25  47  85  91 
(Length: 4)  25  66  83  98 
(Length: 3)  25  94  97 
(Length: 4)  25  46  58  97 
(Length: 4)  25  42  52  86 
(Length: 4)  25  42  63  83 
(Length: 4)  25  42  47  97 
(Length: 3)  25  58  91 
(Length: 4)  25  42  67  75 
(Length: 3)  25  58  84 
(Length: 4)  25  52  63  94 
(Length: 4)  25  42  83  84 
(Length: 4)  25  42  83  86 
(Length: 4)  26  31  65  70 
(Length: 3)  26  48  94 
(Length: 4)  26  47  53  70 
(Length: 4)  26  47  85  91 
(Length: 3)  26  53  89 
(Length: 4)  26  85  91  98 
(Length: 4)  26  31  81  89 
(Length: 4)  26  70  79  85 
(Length: 4)  26  41  65  94 
(Length: 3)  26  53  83 
(Length: 4)  26  51  65  85 
(Length: 4)  26  47  70  85 
(Length: 4)  26  79  81  98 
(Length: 4)  26  31  65  89 
(Length: 4)  26  41  65  85 
(Length: 3)  26  83  98 
(Length: 4)  26  31  47  70 
(Length: 4)  26  65  89  94 
(Length: 4)  26  65  70  85 
(Length: 3)  26  51  83 
(Length: 4)  26  81  91  98 
(Length: 4)  26  65  85  91 
(Length: 4)  27  64  79  94 
(Length: 3)  27  89  94 
(Length: 3)  27  38  67 
(Length: 4)  27  39  51  83 
(Length: 4)  27  75  92  99 
(Length: 4)  27  56  64  79 
(Length: 3)  27  33  79 
(Length: 4)  27  38  39  82 
(Length: 4)  27  38  56  99 
(Length: 4)  27  75  82  89 
(Length: 4)  27  56  64  74 
(Length: 4)  27  51  64  74 
(Length: 4)  27  75  89  99 
(Length: 3)  27  67  83 
(Length: 3)  27  29  79 
(Length: 4)  27  39  82  83 
(Length: 3)  27  51  92 
(Length: 3)  27  74  89 
(Length: 3)  27  29  92 
(Length: 4)  27  38  92  99 
(Length: 3)  27  67  75 
(Length: 5)  27  38  56  79  82 
(Length: 4)  28  72  86  94 
(Length: 3)  28  55  94 
(Length: 4)  28  36  66  93 
(Length: 5)  28  36  50  68  99 
(Length: 3)  28  35  72 
(Length: 3)  28  35  68 
(Length: 3)  28  66  72 
(Length: 4)  28  68  85  99 
(Length: 4)  29  31  66  93 
(Length: 3)  29  63  80 
(Length: 4)  29  31  72  86 
(Length: 4)  29  34  66  72 
(Length: 4)  29  34  66  79 
(Length: 3)  29  46  78 
(Length: 4)  29  31  66  72 
(Length: 5)  29  31  60  66  78 
(Length: 3)  29  60  80 
(Length: 3)  29  46  79 
(Length: 3)  29  80  86 
(Length: 4)  29  66  79  93 
(Length: 4)  30  35  43  67 
(Length: 3)  30  41  62 
(Length: 3)  30  70  72 
(Length: 3)  30  43  81 
(Length: 3)  30  55  67 
(Length: 3)  30  37  38 
(Length: 4)  30  35  43  44 
(Length: 3)  30  64  81 
(Length: 3)  30  37  55 
(Length: 3)  30  52  93 
(Length: 4)  30  35  52  67 
(Length: 4)  30  35  52  72 
(Length: 4)  30  43  62  70 
(Length: 4)  30  38  70  84 
(Length: 4)  31  60  62  66 
(Length: 4)  31  47  56  96 
(Length: 4)  31  56  73  88 
(Length: 3)  31  81  95 
(Length: 4)  31  49  56  74 
(Length: 3)  31  74  89 
(Length: 4)  31  56  74  96 
(Length: 4)  31  56  66  98 
(Length: 4)  31  56  73  95 
(Length: 4)  31  47  70  96 
(Length: 4)  31  59  62  70 
(Length: 5)  31  43  62  65  70 
(Length: 4)  31  59  70  88 
(Length: 4)  31  70  74  96 
(Length: 3)  31  49  93 
(Length: 4)  31  43  81  98 
(Length: 4)  31  70  72  74 
(Length: 4)  31  60  78  89 
(Length: 4)  32  53  54  86 
(Length: 3)  32  52  63 
(Length: 3)  32  88  99 
(Length: 4)  32  53  83  86 
(Length: 3)  32  66  83 
(Length: 4)  32  52  53  86 
(Length: 3)  32  86  91 
(Length: 4)  33  79  96  98 
(Length: 4)  33  37  61  96 
(Length: 4)  33  79  93  96 
(Length: 4)  33  43  62  98 
(Length: 3)  33  43  61 
(Length: 5)  33  43  76  79  98 
(Length: 3)  33  58  79 
(Length: 4)  33  66  79  93 
(Length: 5)  33  66  76  79  98 
(Length: 3)  33  61  66 
(Length: 5)  34  38  56  73  88 
(Length: 3)  34  74  76 
(Length: 4)  34  66  76  79 
(Length: 3)  34  73  76 
(Length: 4)  34  56  73  95 
(Length: 6)  34  38  56  66  79  82 
(Length: 4)  34  56  82  95 
(Length: 4)  34  38  69  82 
(Length: 4)  34  56  79  85 
(Length: 3)  34  56  74 
(Length: 5)  34  56  73  85  88 
(Length: 3)  35  43  65 
(Length: 3)  35  65  68 
(Length: 3)  35  57  92 
(Length: 3)  35  65  72 
(Length: 3)  35  44  60 
(Length: 3)  35  59  68 
(Length: 4)  36  39  66  77 
(Length: 3)  36  81  95 
(Length: 3)  36  63  73 
(Length: 4)  36  42  75  77 
(Length: 4)  36  39  42  77 
(Length: 4)  36  42  54  77 
(Length: 4)  36  50  68  81 
(Length: 4)  36  50  75  99 
(Length: 4)  36  37  42  75 
(Length: 4)  36  39  77  95 
(Length: 4)  36  39  42  63 
(Length: 3)  36  53  89 
(Length: 5)  36  37  75  89  99 
(Length: 4)  36  50  63  81 
(Length: 3)  36  73  99 
(Length: 4)  36  63  81  89 
(Length: 4)  36  54  68  77 
(Length: 4)  36  42  53  54 
(Length: 3)  36  53  73 
(Length: 4)  37  42  47  75 
(Length: 3)  37  55  75 
(Length: 4)  37  38  96  99 
(Length: 3)  37  55  94 
(Length: 3)  37  61  89 
(Length: 4)  37  38  78  99 
(Length: 4)  37  42  47  61 
(Length: 5)  37  38  47  61  96 
(Length: 4)  37  59  62  94 
(Length: 3)  37  89  94 
(Length: 3)  38  46  87 
(Length: 4)  38  47  53  61 
(Length: 3)  38  61  67 
(Length: 3)  38  56  87 
(Length: 4)  38  66  82  84 
(Length: 4)  38  66  77  84 
(Length: 4)  38  56  96  99 
(Length: 4)  38  46  71  77 
(Length: 4)  38  47  53  70 
(Length: 4)  38  45  47  90 
(Length: 4)  38  46  77  78 
(Length: 4)  38  46  71  96 
(Length: 4)  38  39  45  96 
(Length: 4)  38  47  56  96 
(Length: 4)  38  69  71  93 
(Length: 3)  38  87  93 
(Length: 4)  38  46  96  99 
(Length: 5)  38  56  79  96  98 
(Length: 5)  38  56  66  79  98 
(Length: 4)  38  45  77  88 
(Length: 5)  38  45  66  77  78 
(Length: 4)  38  71  93  96 
(Length: 4)  38  46  79  82 
(Length: 4)  38  39  66  82 
(Length: 4)  38  46  78  82 
(Length: 4)  38  70  79  96 
(Length: 4)  38  46  79  96 
(Length: 5)  38  66  79  90  93 
(Length: 4)  38  79  93  96 
(Length: 4)  38  45  61  66 
(Length: 3)  38  70  88 
(Length: 3)  38  67  88 
(Length: 5)  38  56  73  88  99 
(Length: 3)  38  53  73 
(Length: 5)  38  39  45  66  77 
(Length: 4)  38  47  70  96 
(Length: 4)  38  46  78  99 
(Length: 4)  38  69  84  99 
(Length: 3)  38  46  53 
(Length: 4)  38  47  90  92 
(Length: 3)  38  92  98 
(Length: 5)  38  45  47  61  96 
(Length: 4)  38  66  78  82 
(Length: 5)  38  45  66  90  93 
(Length: 4)  38  90  92  99 
(Length: 4)  38  69  82  84 
(Length: 3)  38  67  87 
(Length: 4)  38  45  93  96 
(Length: 4)  39  77  95  97 
(Length: 4)  39  42  63  83 
(Length: 4)  39  42  77  97 
(Length: 4)  39  66  82  83 
(Length: 4)  39  51  66  83 
(Length: 3)  39  48  63 
(Length: 3)  39  82  95 
(Length: 3)  39  51  65 
(Length: 4)  39  45  77  95 
(Length: 3)  39  48  97 
(Length: 3)  39  51  96 
(Length: 4)  39  42  83  97 
(Length: 3)  40  53  57 
(Length: 4)  40  60  82  83 
(Length: 4)  40  82  83  84 
(Length: 3)  40  83  98 
(Length: 3)  40  53  89 
(Length: 3)  40  53  83 
(Length: 3)  40  83  90 
(Length: 4)  41  45  77  95 
(Length: 4)  41  65  68  85 
(Length: 3)  41  62  90 
(Length: 4)  41  65  72  94 
(Length: 4)  41  62  65  94 
(Length: 3)  41  45  90 
(Length: 3)  41  45  96 
(Length: 3)  42  87  97 
(Length: 4)  42  47  53  97 
(Length: 3)  42  61  67 
(Length: 4)  42  53  83  97 
(Length: 3)  42  47  56 
(Length: 3)  42  56  63 
(Length: 3)  42  77  88 
(Length: 5)  42  54  64  77  86 
(Length: 4)  42  52  53  86 
(Length: 3)  42  56  64 
(Length: 4)  42  52  77  86 
(Length: 3)  42  52  93 
(Length: 5)  42  53  54  64  86 
(Length: 4)  42  53  83  86 
(Length: 5)  42  53  57  64  86 
(Length: 4)  42  47  53  61 
(Length: 3)  42  56  88 
(Length: 4)  42  53  61  64 
(Length: 4)  43  79  81  98 
(Length: 3)  43  49  63 
(Length: 3)  43  61  67 
(Length: 3)  43  63  81 
(Length: 3)  43  61  81 
(Length: 3)  43  44  63 
(Length: 3)  44  60  83 
(Length: 3)  44  46  76 
(Length: 3)  44  51  83 
(Length: 3)  44  46  63 
(Length: 3)  44  56  63 
(Length: 3)  44  63  83 
(Length: 3)  44  45  47 
(Length: 3)  45  85  88 
(Length: 3)  45  85  93 
(Length: 3)  46  62  82 
(Length: 4)  46  49  79  82 
(Length: 4)  46  71  77  97 
(Length: 3)  46  62  99 
(Length: 3)  46  76  78 
(Length: 3)  46  71  76 
(Length: 3)  46  76  79 
(Length: 3)  46  49  99 
(Length: 3)  46  49  63 
(Length: 3)  46  53  97 
(Length: 3)  46  53  76 
(Length: 4)  46  58  87  97 
(Length: 4)  46  49  58  79 
(Length: 4)  47  53  70  97 
(Length: 3)  47  90  97 
(Length: 3)  47  75  92 
(Length: 3)  47  61  91 
(Length: 3)  47  85  92 
(Length: 3)  47  56  85 
(Length: 4)  48  52  63  94 
(Length: 3)  48  87  97 
(Length: 3)  48  52  93 
(Length: 3)  48  94  97 
(Length: 3)  48  87  93 
(Length: 3)  49  50  63 
(Length: 4)  49  54  77  86 
(Length: 3)  49  52  93 
(Length: 4)  49  56  79  82 
(Length: 3)  49  52  63 
(Length: 4)  49  52  77  86 
(Length: 4)  49  50  68  99 
(Length: 4)  49  56  68  99 
(Length: 4)  49  56  63  74 
(Length: 3)  49  90  99 
(Length: 4)  49  54  68  77 
(Length: 4)  49  58  79  90 
(Length: 4)  49  79  90  93 
(Length: 4)  50  68  78  99 
(Length: 3)  50  51  68 
(Length: 3)  50  51  57 
(Length: 3)  50  51  96 
(Length: 4)  51  65  68  85 
(Length: 4)  51  64  73  76 
(Length: 3)  51  68  76 
(Length: 3)  51  57  92 
(Length: 4)  51  64  74  76 
(Length: 3)  51  74  96 
(Length: 4)  51  64  66  76 
(Length: 4)  52  53  72  86 
(Length: 4)  52  71  93  96 
(Length: 4)  52  63  72  94 
(Length: 3)  53  73  97 
(Length: 4)  53  61  64  74 
(Length: 4)  53  64  73  76 
(Length: 4)  53  64  74  76 
(Length: 4)  53  57  72  86 
(Length: 4)  53  61  74  89 
(Length: 4)  53  70  72  74 
(Length: 4)  54  77  80  86 
(Length: 4)  54  68  77  80 
(Length: 3)  55  67  75 
(Length: 3)  55  60  94 
(Length: 3)  55  60  80 
(Length: 3)  55  67  80 
(Length: 3)  55  65  85 
(Length: 4)  56  68  85  99 
(Length: 4)  56  64  66  79 
(Length: 3)  56  64  73 
(Length: 5)  56  73  85  88  99 
(Length: 3)  56  63  73 
(Length: 3)  57  86  92 
(Length: 3)  58  70  72 
(Length: 3)  58  60  97 
(Length: 3)  58  90  97 
(Length: 3)  58  70  97 
(Length: 3)  58  70  84 
(Length: 3)  58  70  79 
(Length: 3)  58  80  91 
(Length: 3)  59  79  94 
(Length: 3)  59  70  79 
(Length: 3)  59  79  90 
(Length: 3)  59  68  70 
(Length: 4)  60  62  66  82 
(Length: 4)  60  66  76  78 
(Length: 4)  60  66  82  83 
(Length: 4)  60  66  78  82 
(Length: 3)  60  83  97 
(Length: 3)  60  94  97 
(Length: 3)  60  89  94 
(Length: 3)  61  81  89 
(Length: 3)  61  67  91 
(Length: 3)  61  74  96 
(Length: 3)  61  81  91 
(Length: 3)  63  72  74 
(Length: 3)  63  89  94 
(Length: 3)  63  74  89 
(Length: 3)  63  72  81 
(Length: 3)  64  66  77 
(Length: 4)  64  66  76  79 
(Length: 3)  64  86  94 
(Length: 3)  64  79  81 
(Length: 4)  65  68  70  85 
(Length: 3)  66  83  90 
(Length: 4)  66  82  83  84 
(Length: 3)  66  76  84 
(Length: 3)  67  80  91 
(Length: 4)  67  85  88  91 
(Length: 3)  68  76  78 
(Length: 3)  68  77  78 
(Length: 3)  69  75  82 
(Length: 3)  69  75  99 
(Length: 3)  70  85  88 
(Length: 3)  77  80  84 
(Length: 3)  77  80  95 
(Length: 3)  79  85  93 
(Length: 4)  79  81  96  98 
(Length: 3)  80  91  95 
(Length: 3)  80  86  91 
(Length: 3)  83  86  90 
(Length: 3)  83  90  97 
(Length: 3)  85  92  99 
(Length: 3)  86  90  92 
...model cost: 1.06 seconds  46417 FFE
 (opt) 447.00000000 == 447.00000000 (sur)  OPTIMALITY TEST PASSED!
   BESTimpr 381.00000000 -> 432.00000000
***1*1**1**111111*1*1*11***11*1*111****1*1111***1**1*1111111*111111*1111**111*1**11*1**111**11*1**1*

   BESTimpr 432.00000000 -> 434.00000000
**1111****111111*1**1*11*1111*1**1*1****1*111*1*11***1*11**111*111111111*11*1111*11*11**1*1*1**11*11


111**11**111***1***1*11*1*11**1*11*11**1****1***1**1*111111*11*1**111***111111111*1*111*1*1*1*11**1*

