Walsh model started...
 92  79  66  41  94  30  6  87  44  19  70  81  10  53  29  78  27  9  84  48  34  17  75  38  69  35  89  90  47  3  68  93  33  65 
 83  2  94  7  72  88  61  36  43  6 
 58  8  60  61  4  95  47  24  23  68  1  83  59  37  82  94  10  81  86  80  51  6  21  63  22  72  39  67  35 
 92  30  95  26  47  66  71  21  75  79  90  77  83  6  46  61  56  49  39  53  27  0  42  33  41 
 2  95  37  77  88  47  55  97  73  84  26  66  65  80  33  60  44  72  86  53 
 20  74  89  81  85  63  41  61  7  48  72  58  35  11  71  38  19  66  30  96  37  99  68  22  76  29 
 15  68  93  31  83  58  0  87  76  51  25  98  19  28  89  69  3  46  7  72  92  9  29  36  2  21  8  14  16  23  49  86  1 
 77  28  60  41  91  10  24  40  30  74  94  1  48  5  6  87  97  18  56  25  65  43  38 
 2  58  89  26  45  56  68  84  36  35  96  24  71  59  93  12  73  15  6  14  61  20  74 
 65  10  47  23  90  60  59  26  11  63  72  0  84  87  48  92  6  97  54  98  42  85  68  86 
 9  65  91  7  35  61  0  53  59  46  29  2  81  71  27  33  67  37  60  99 
 41  26  54  16  9  90  95  72  53  78  57  12  35  5  17  91  65  86  85  92  31 
 60  99  23  77  93  29  22  58  91  45  46  64  27  43  57  11  71  78  8  73  76  54  94  26  17 
 95  41  47  53  27  59  19  30  39 
 28  57  91  71  34  42  53  80  76  86  77  6  8  54  74  46 
 69  54  68  6  59  71  96  29  85  76  95  65  25  35  33  19  98  63  31  58  74  78  43  73  8  62  38  60  46  81  21  16  20 
 94  24  54  11  72  90  58  39  59  74  21  86  99  93  26  56  60  23  6  20  15 
 97  48  38  54  57  73  32  56  43  75  84  76  42  27  62  29  0  52  47  51  41  91  11  92  26  12 
 48  76  44  22  7  91  32  86  55  82  47  43  34  97  56  54 
 26  68  44  0  98  6  99  95  64  77  30  13  97  80  73  15  38  5  29  78  45  35  36  54 
 5  74  47  45  87  56  43  88  73  39  8  61  16  15 
 59  79  45  62  3  26  16  86  6  2  73  94  97  81  85  61  23  29  15  74  40 
 93  66  39  78  74  88  99  12  33  58  45  85  44  18  61  28  2  63  64  79  24  5  68 
 77  12  96  81  58  47  9  97  48  2  68  73  80  27  90  62  71  49  38  29  21  84  32  16  6  75  51 
 16  94  88  92  84  32  39  71  7  40  47  2  30  75  33  85  26  48  80  8  22  79  34  86  51  81  31  89  73  72  35 
 6  31  29  60  85  73  65  15  45  51  57  79  56  7 
 19  68  11  41  95  3  59  67  89  8  86  72  21  9  79  74  16  24  66  4  64  80  77  73  70  85  17  12 
 97  47  30  93  69  40  29  0  59  13  45  90  23  17  62  12  43  58  53  3  50  79  10  71 
 57  14  77  7  6  93  29  56  61  47  97  22  60  74  64  46 
 63  46  15  96  93  12  41  39  60  25  53  36  0  78  27  65  10  28  56  17  73  52  45  61  19  6  23  21  50  35  76  5 
 92  3  94  0  27  93  7  74  75  24  97  52  19  13  83  80  47  86  66  5  69  70  89  43  90 
 93  6  25  42  63  46  62  38  34  72  15  50  85  43  81  89  80  95  24  51  41  53  11 
 99  82  24  39  56  17  94  34  44  73  37  72  69  33  51  45  46  76  18  86  23  84  83  75  95 
 64  38  88  58  53  71  67  22  85  24  35  15  32  51  96  52  60  4  42  3  0  10 
 14  42  65  45  32  44  85  38  31  48  0  24  86  99  84  80  18  43 
 85  52  10  61  47  49  78  43  54  56  36  8  39  76  33  15  88  51  59  11  5  69  0  55  70  45  62  75  19  50  29  2  24 
 90  45  53  29  8  35  42  50  40  81  6  86  19  54  43  1 
 74  75  43  60  73  32  77  4  59  2  99  5  52  90  98  67  10  80  69 
 64  33  48  61  17  54  97  83  69  45  85  34  31  75  0  5  19  23  49  70  62  15  41  59  7  43 
 22  78  24  32  48  76  29  41  16  35  20  73  3  49  13  85  75  92  42  79  88  66  72  2 
 7  24  69  77  43  41  27  45  71  55  47  88  68  36  81  91  86  74  21 
 11  26  91  95  13  0  66  7  60  29  39  44  43  40  79  78  5  61  56  58  51  17  70  31  65  59  38  75  3 
 31  63  34  14  46  98  99  90  84  17  53  50  36  71  49  33  3  92  39  9 
 90  93  78  35  60  37  40  41  75  17  88  20  27  12  52  45  15  79  31  50  53  57  30  18  34  7  38  36  1 
 85  53  19  0  41  95  32  34  97  92  22  18  61  88  66  94  4  72  47 
 65  49  96  87  36  90  62  21  8  56  64  58  55  73  34  47  20  27  40  69  38  85  22  12  91  51  25  52  43  29  32  46  76  79  70  35  19  97 
 63  29  31  62  42  98  59  10  12  64  47  50  60  53  3  6  32  45  15  96  74  14  28 
 87  61  97  27  13  53  9  23  3  95  49  35  2  24  20  45  50  46  4  88  55  40  30  86  28  73  52  17  0  90  18  44 
 17  97  38  61  76  39  23  63  60  18  99  9  87  7  5  34  0  24  80  81  49  69  58  62  51 
 65  45  47  35  81  68  71  42  3  39  48  23  38  70  6 
 69  85  42  53  47  46  36  31  43  79  27  83  94  29  35 
 76  6  68  60  58  73  35  88  45  25  78  94  33  32  64  72  95  2  17  41  63  87  67  24  81  31  62  48  75  23 
 85  35  97  30  45  43  29  77  95  96  33  47  17  74  37 
 33  71  85  44  60  75  13  47  36  29  10  0  80  14  42  50  78  11  68  46  27  3  90  43  57  86  4  31 
 69  15  17  38  74  83  16  11  35  56  68  92  67  96  9  97  14  91  36  19  94  12  18 
 45  73  4  97  40  47  35  59  91  68  18  82  88  98 
 8  45  32  17  94  35  54  87  20  29  28  67  99  41  58  3  61  76  7  25  70  60  16  83  18 
 28  14  73  17  81  97  80  78  12  11  79  25  77  53  43 
 88  33  6  83  2  8  23  12  64  45  16  94  22  51  73  56  41  72  5  90  27  15  74  69  48 
 15  71  21  79  26  67  10  46  27  13  74  16  9  37  2  78  35  55  93  8  65  88  41  38 
 12  99  87  77  7  41  53  75  2  61  29  25  43  37  48  63  90  9  98  69  68  51  65  46  28  74  33  4  95  81  56  16  15  10 
 94  62  87  47  38  48  60  2  35  10  99  5  41  44  22  3  56  28  29  73  96  21  85  8  20  1 
 61  94  45  21  31  46  17  27  23  96  35  75  93  79  15  38  48  51  69  92 
 46  29  83  67  31  42  48  60  5  85  9  72  15  2  22  64  97  87  51  80  81 
 33  38  70  96  45  58  77  19  66  12  46  84  78  74  51  72  26  80  22  63  97  98  95  68  28 
 9  10  49  45  84  69  34  29  25  15  98  60  92  78  4  80  73  59  88  94  71  11  86  7  41  0 
 22  93  0  41  3  71  70  64  78  79  30  5  26  4  44  94  88  39 
 83  63  59  26  33  88  56  99  96  54  82  71  76  51  2  10  37 
 15  6  26  19  8  84  2  23  81  49  54  92  95  51  60  53  88  40  91  55  64  74  93  0  5  22  9  85 
 15  54  65  84  40  77  50  85  27  98  60  72  86  45  38  71  32  6  89  35  0  70  30  58  48  88  80  37  62  92 
 64  96  81  0  66  69  30  45  35  41  56  49  38  89  26 
 15  59  53  33  91  14  24  88  77  95  3  66  69  40  42  49  23  80  82  67  84  5  81  12  78  8  10  27  94  65  76 
 16  90  86  26  69  32  9  63  11  95  93  91  5  58  31  6  51  64  88  98  1  4  44  2  39  24  73 
 57  17  55  45  85  25  80  23  37  32  51  58  29  19  95  20  39  84  4  98  97  47  61  15  65  94  21  8  12  24  72  26  77 
 75  37  20  5  22  88  83  54  30  7  59  16  96  64  79  26  58  15  60  28  52  68  40  46  21  8  14 
 74  37  53  60  43  17  30  24  79  3  38  0  85  39  35  62  80  95  32  23  51  41 
 51  6  48  39  15  85  18  84  17  14  86  35  56  94  32  45  99  67  71  12  97  5  29 
 87  60  7  28  23  12  71  95  69  40  64  19  37  4  90  3  52  57  14  26  73 
 39  22  43  35  57  80  86  90  29  0  79  41  84  64  66  53  11  65  92  59  51  94  71  12  19  15  82 
 0  92  59  21  99  82  78  41  74  26  66  75  3  57  25  45  43  93  62  50  27  22  24  39  80 
 53  14  57  78  73  23  97  19  83  30  71  48  24  86  2  4  65  26  64  95  31  75  79  85  34  81  63  37  69 
 23  96  57  97  70  0  89  5  49  68  71  2  10  36  40  48  21  60  95  31  92  88  51  24  15  80  63 
 32  99  79  2  94  71  67  92  78  55  18 
 67  63  6  58  74  54  38  97  1  2  92  3  30  80  89  94  50  32  56 
 24  88  65  69  8  68  17  76  42  64  78  9  0  71  73  4  99  23  32  34 
 52  35  44  53  15  76  69  50  73  25  5  63  45  22  33  24  34  38  31  75  39  21  94  61  98  93  80  26  11  9  68 
 78  90  26  72  14  76  69  16  21  99  91  47  30  80  2  18  32  36  40  24  34  11  65  53  4  6  9 
 60  77  47  61  96  45  0  6  20  56  9  48  7  63  51 
 58  33  92  24  84  74  22  71  67  35  51  43  20  4  47  40  68  44  95  72  98  59  65  1  81  66  39  69  55 
 8  26  81  5  96  6  69  0  90  30  83  31  24  70 
 43  93  36  45  78  86  72  16  9  60  99  42  27  23  11  77  3  58  0  89  53  47  37  98  30 
 41  95  71  14  10  7  97  12  45  93  72  99  86  55  68  18  17  11  40  54 
 0  79  88  24  30  3  68  54  97  44  65  78  83  6  9  82  42  39  81  17  11  69  62 
 31  6  22  66  90  43  12  29  27  30  28  72  91  16  99  59  8  62  79  98  85  68  0 
 16  24  61  62  30  0  56  32  58  1  7  2  82  78  51  76  44  66  73  21  85  83  50  71  65  54  12 
 91  41  13  26  3  71  77  47  19  99  2  4  44  68  15  97  11  72  73  52  51  88  64  60  81  80  31  75  32 
 87  45  64  70  23  81  15  29  74  62  89  8  67  54  61  5  33  52  46 
 17  48  47  27  81  57  38  83  23  52  30  91  95  19  80  44  92  55  4  28  98  73  7  64  63  21  45  9  54  76  18 
 6  19  46  42  69  60  65  15  73  97  72  88  64  85  93  37  90  9  55 
 32  82  12  60  22  19  95  79  90  42  61  48  56  67  16  93  91  86  37  5  76  84  34  10 
-->CDecomWalshPart::vInitTrueLinkage-->GLBs: 1190
(Length: 4)  0  3  6  92 
(Length: 3)  0  34  44 
(Length: 4)  0  30  66  93 
(Length: 5)  0  6  9  68  92 
(Length: 3)  0  17  84 
(Length: 4)  0  17  27  29 
(Length: 4)  0  6  19  29 
(Length: 3)  0  17  92 
(Length: 6)  0  3  27  30  47  90 
(Length: 4)  0  3  33  53 
(Length: 4)  0  34  38  48 
(Length: 4)  0  27  29  93 
(Length: 5)  0  3  41  66  79 
(Length: 3)  0  48  81 
(Length: 4)  0  41  44  66 
(Length: 4)  0  6  69  89 
(Length: 5)  0  41  66  78  79 
(Length: 3)  0  19  30 
(Length: 4)  0  66  79  93 
(Length: 5)  0  19  29  35  78 
(Length: 4)  0  44  47  53 
(Length: 3)  0  19  38 
(Length: 3)  0  19  44 
(Length: 4)  0  6  19  68 
(Length: 4)  0  6  29  93 
(Length: 4)  0  17  27  47 
(Length: 4)  0  34  65  84 
(Length: 4)  0  53  78  90 
(Length: 4)  0  38  48  69 
(Length: 4)  0  38  69  70 
(Length: 4)  0  30  66  70 
(Length: 4)  0  27  79  93 
(Length: 5)  0  30  69  70  89 
(Length: 4)  0  30  69  92 
(Length: 5)  0  3  41  75  79 
(Length: 5)  0  10  27  29  53 
(Length: 4)  0  9  47  87 
(Length: 3)  0  10  81 
(Length: 3)  0  44  92 
(Length: 4)  0  41  66  70 
(Length: 4)  0  30  66  94 
(Length: 6)  0  3  27  47  53  90 
(Length: 4)  0  9  65  84 
(Length: 4)  0  65  78  84 
(Length: 4)  0  9  10  65 
(Length: 4)  0  3  30  66 
(Length: 4)  0  27  30  69 
(Length: 4)  0  44  66  94 
(Length: 4)  0  10  29  65 
(Length: 4)  0  9  48  87 
(Length: 4)  0  3  30  75 
(Length: 4)  0  68  81  92 
(Length: 4)  0  9  68  84 
(Length: 4)  0  78  79  92 
(Length: 4)  0  6  9  87 
(Length: 4)  0  3  27  79 
(Length: 4)  0  6  68  93 
(Length: 4)  0  66  78  94 
(Length: 4)  0  9  65  92 
(Length: 4)  0  29  53  78 
(Length: 4)  0  10  29  35 
(Length: 4)  0  10  33  53 
(Length: 4)  0  30  89  90 
(Length: 4)  0  65  69  92 
(Length: 4)  0  3  30  92 
(Length: 5)  0  27  30  90  93 
(Length: 4)  0  65  78  94 
(Length: 4)  0  9  47  90 
(Length: 4)  0  65  69  84 
(Length: 4)  0  65  78  92 
(Length: 5)  0  29  41  65  78 
(Length: 4)  0  70  81  89 
(Length: 3)  0  35  75 
(Length: 4)  0  10  33  35 
(Length: 3)  0  33  38 
(Length: 4)  0  6  69  92 
(Length: 3)  0  53  68 
(Length: 4)  0  3  53  75 
(Length: 4)  0  38  41  70 
(Length: 4)  0  3  79  92 
(Length: 4)  0  35  69  70 
(Length: 5)  0  17  38  41  75 
(Length: 3)  0  35  47 
(Length: 4)  0  17  29  41 
(Length: 4)  0  17  38  48 
(Length: 3)  1  6  7 
(Length: 4)  1  2  6  72 
(Length: 3)  1  6  36 
(Length: 3)  1  7  43 
(Length: 3)  1  7  94 
(Length: 3)  1  43  88 
(Length: 3)  1  72  88 
(Length: 4)  1  2  6  83 
(Length: 4)  1  2  83  94 
(Length: 3)  1  36  43 
(Length: 4)  1  2  61  94 
(Length: 4)  2  6  8  58 
(Length: 4)  2  4  80  86 
(Length: 4)  2  4  80  95 
(Length: 6)  2  51  60  68  81  95 
(Length: 4)  2  4  72  95 
(Length: 4)  2  35  47  61 
(Length: 4)  2  6  72  86 
(Length: 3)  2  22  58 
(Length: 3)  2  22  61 
(Length: 4)  2  23  80  81 
(Length: 4)  2  21  23  81 
(Length: 4)  2  6  21  86 
(Length: 4)  2  10  60  81 
(Length: 3)  2  22  63 
(Length: 3)  2  22  68 
(Length: 4)  2  4  37  60 
(Length: 4)  2  10  35  59 
(Length: 4)  2  24  39  72 
(Length: 4)  2  51  63  67 
(Length: 4)  2  6  21  23 
(Length: 4)  2  22  24  39 
(Length: 4)  2  8  24  35 
(Length: 4)  2  24  80  81 
(Length: 4)  2  6  8  68 
(Length: 5)  2  6  51  58  72 
(Length: 3)  2  67  82 
(Length: 4)  2  6  58  83 
(Length: 4)  2  8  35  61 
(Length: 4)  2  63  80  81 
(Length: 4)  2  24  51  94 
(Length: 4)  2  8  35  59 
(Length: 4)  2  24  35  39 
(Length: 4)  2  58  83  94 
(Length: 4)  2  24  35  47 
(Length: 4)  2  4  47  86 
(Length: 5)  2  10  37  59  67 
(Length: 4)  2  63  80  83 
(Length: 4)  2  4  37  80 
(Length: 4)  2  4  60  95 
(Length: 4)  2  10  35  61 
(Length: 3)  2  82  94 
(Length: 4)  2  24  35  51 
(Length: 4)  2  51  72  95 
(Length: 4)  2  51  58  94 
(Length: 4)  2  4  72  86 
(Length: 4)  2  24  72  86 
(Length: 5)  2  6  23  51  68 
(Length: 4)  2  80  81  95 
(Length: 4)  2  51  63  72 
(Length: 4)  2  24  51  72 
(Length: 4)  2  24  80  86 
(Length: 4)  2  24  51  81 
(Length: 4)  2  24  47  86 
(Length: 4)  2  63  67  83 
(Length: 3)  2  23  47 
(Length: 5)  2  6  23  51  58 
(Length: 3)  2  21  59 
(Length: 4)  2  21  61  94 
(Length: 4)  2  10  37  60 
(Length: 5)  2  51  60  63  81 
(Length: 4)  2  10  60  61 
(Length: 4)  2  4  47  95 
(Length: 5)  2  23  51  68  81 
(Length: 5)  3  26  41  66  79 
(Length: 3)  3  6  21 
(Length: 5)  3  39  41  66  79 
(Length: 3)  3  6  46 
(Length: 3)  3  6  49 
(Length: 4)  3  26  77  95 
(Length: 4)  3  6  83  92 
(Length: 4)  3  41  75  95 
(Length: 4)  3  27  53  71 
(Length: 3)  3  77  90 
(Length: 4)  3  21  26  79 
(Length: 3)  3  21  61 
(Length: 4)  3  42  49  71 
(Length: 4)  3  39  42  92 
(Length: 4)  3  46  47  53 
(Length: 4)  3  26  41  95 
(Length: 4)  3  42  53  90 
(Length: 3)  3  47  95 
(Length: 4)  3  42  46  53 
(Length: 4)  3  30  83  92 
(Length: 3)  3  47  61 
(Length: 3)  3  56  83 
(Length: 4)  3  71  77  95 
(Length: 4)  3  41  56  61 
(Length: 4)  3  39  42  49 
(Length: 3)  3  47  49 
(Length: 5)  3  39  41  75  79 
(Length: 3)  3  66  71 
(Length: 4)  3  39  79  92 
(Length: 5)  3  33  42  53  71 
(Length: 5)  4  47  73  95  97 
(Length: 4)  4  33  53  60 
(Length: 5)  4  26  73  77  95 
(Length: 4)  4  65  84  88 
(Length: 3)  4  26  66 
(Length: 4)  4  53  80  86 
(Length: 4)  4  37  60  77 
(Length: 4)  4  44  47  53 
(Length: 5)  4  44  72  88  95 
(Length: 5)  4  26  73  80  95 
(Length: 4)  4  37  73  77 
(Length: 5)  4  44  47  95  97 
(Length: 5)  4  73  80  95  97 
(Length: 4)  4  47  53  86 
(Length: 4)  4  47  55  88 
(Length: 3)  4  60  65 
(Length: 3)  4  33  88 
(Length: 4)  4  26  80  86 
(Length: 5)  4  47  55  73  97 
(Length: 4)  4  44  66  88 
(Length: 4)  4  65  73  84 
(Length: 5)  4  44  47  88  95 
(Length: 4)  4  37  73  80 
(Length: 4)  4  60  77  95 
(Length: 4)  4  65  80  86 
(Length: 4)  4  65  73  80 
(Length: 4)  4  26  72  86 
(Length: 5)  4  26  72  73  95 
(Length: 4)  5  11  35  85 
(Length: 4)  5  29  41  61 
(Length: 4)  5  81  89  96 
(Length: 3)  5  37  99 
(Length: 4)  5  35  76  85 
(Length: 4)  5  35  61  85 
(Length: 3)  5  41  58 
(Length: 3)  5  22  66 
(Length: 3)  5  20  74 
(Length: 4)  5  19  29  35 
(Length: 3)  5  37  74 
(Length: 4)  5  7  38  41 
(Length: 3)  5  30  66 
(Length: 4)  5  22  61  85 
(Length: 3)  5  68  81 
(Length: 3)  5  30  89 
(Length: 3)  5  74  96 
(Length: 3)  5  71  81 
(Length: 4)  5  38  48  61 
(Length: 3)  5  71  76 
(Length: 4)  5  48  63  81 
(Length: 4)  5  22  68  85 
(Length: 3)  5  58  72 
(Length: 4)  5  22  68  74 
(Length: 4)  5  22  63  85 
(Length: 4)  5  22  58  74 
(Length: 3)  5  19  30 
(Length: 3)  5  19  38 
(Length: 4)  5  29  35  61 
(Length: 3)  5  29  63 
(Length: 3)  5  19  68 
(Length: 4)  5  29  35  76 
(Length: 3)  5  19  99 
(Length: 3)  5  66  71 
(Length: 3)  5  41  66 
(Length: 3)  5  11  72 
(Length: 3)  5  11  41 
(Length: 4)  5  48  61  99 
(Length: 4)  5  38  61  85 
(Length: 4)  5  48  76  99 
(Length: 3)  5  48  58 
(Length: 4)  5  38  41  61 
(Length: 3)  5  20  61 
(Length: 4)  5  7  38  48 
(Length: 4)  5  22  61  99 
(Length: 4)  5  29  61  96 
(Length: 4)  5  7  30  74 
(Length: 3)  5  63  72 
(Length: 4)  6  28  29  46 
(Length: 3)  6  83  89 
(Length: 4)  6  8  15  68 
(Length: 4)  6  15  58  69 
(Length: 3)  6  51  87 
(Length: 4)  6  15  29  76 
(Length: 4)  6  21  23  29 
(Length: 3)  6  31  89 
(Length: 4)  6  16  72  93 
(Length: 4)  6  31  72  93 
(Length: 4)  6  16  21  86 
(Length: 4)  6  15  21  29 
(Length: 4)  6  14  28  46 
(Length: 4)  6  15  16  58 
(Length: 4)  6  15  19  98 
(Length: 4)  6  15  29  46 
(Length: 4)  6  15  25  31 
(Length: 4)  6  69  72  86 
(Length: 4)  6  9  72  98 
(Length: 4)  6  15  25  29 
(Length: 3)  6  51  76 
(Length: 4)  6  15  69  98 
(Length: 4)  6  16  21  23 
(Length: 4)  6  69  72  98 
(Length: 4)  6  28  29  93 
(Length: 4)  6  31  51  72 
(Length: 4)  6  16  23  58 
(Length: 4)  6  15  19  29 
(Length: 4)  6  16  72  86 
(Length: 4)  6  58  69  72 
(Length: 4)  6  15  19  68 
(Length: 4)  6  15  16  21 
(Length: 3)  6  36  86 
(Length: 4)  6  72  93  98 
(Length: 4)  6  16  58  72 
(Length: 4)  6  23  49  68 
(Length: 4)  6  15  46  98 
(Length: 4)  6  9  72  86 
(Length: 4)  6  9  23  68 
(Length: 3)  6  8  89 
(Length: 3)  6  8  36 
(Length: 4)  6  8  15  58 
(Length: 4)  6  19  29  36 
(Length: 3)  6  8  14 
(Length: 3)  6  7  87 
(Length: 3)  6  7  28 
(Length: 3)  6  7  25 
(Length: 4)  6  25  31  51 
(Length: 4)  6  15  31  46 
(Length: 4)  6  8  68  93 
(Length: 4)  6  14  76  86 
(Length: 3)  7  10  91 
(Length: 3)  7  65  94 
(Length: 3)  7  18  56 
(Length: 4)  7  41  43  60 
(Length: 4)  7  18  91  97 
(Length: 3)  7  24  40 
(Length: 3)  7  24  48 
(Length: 4)  7  25  56  60 
(Length: 3)  7  28  97 
(Length: 4)  7  40  41  43 
(Length: 3)  7  56  94 
(Length: 4)  7  18  48  97 
(Length: 4)  7  40  41  91 
(Length: 4)  7  25  60  65 
(Length: 4)  7  41  60  65 
(Length: 4)  7  41  56  60 
(Length: 4)  7  60  77  87 
(Length: 4)  7  56  60  87 
(Length: 3)  7  40  77 
(Length: 4)  7  28  60  77 
(Length: 4)  7  28  56  60 
(Length: 3)  7  40  74 
(Length: 4)  7  38  41  43 
(Length: 4)  7  10  60  65 
(Length: 3)  7  18  43 
(Length: 4)  7  24  30  94 
(Length: 4)  7  38  48  97 
(Length: 3)  7  30  43 
(Length: 3)  7  30  97 
(Length: 4)  7  28  60  74 
(Length: 4)  7  48  60  87 
(Length: 4)  8  24  26  73 
(Length: 3)  8  68  84 
(Length: 4)  8  15  20  73 
(Length: 4)  8  35  45  56 
(Length: 4)  8  15  35  59 
(Length: 4)  8  35  56  61 
(Length: 3)  8  45  96 
(Length: 4)  8  15  59  71 
(Length: 4)  8  15  58  73 
(Length: 4)  8  20  61  73 
(Length: 4)  8  45  56  58 
(Length: 4)  8  20  45  56 
(Length: 4)  8  12  26  73 
(Length: 3)  8  12  71 
(Length: 3)  8  89  96 
(Length: 4)  8  35  36  45 
(Length: 4)  8  20  45  73 
(Length: 3)  8  61  96 
(Length: 3)  8  59  93 
(Length: 4)  8  20  56  61 
(Length: 4)  8  15  20  74 
(Length: 3)  8  12  93 
(Length: 4)  8  15  59  74 
(Length: 4)  8  15  68  74 
(Length: 5)  8  12  45  58  73 
(Length: 4)  8  26  59  74 
(Length: 4)  8  15  74  96 
(Length: 4)  8  15  58  74 
(Length: 4)  8  26  68  74 
(Length: 4)  8  24  73  84 
(Length: 4)  8  24  26  89 
(Length: 3)  8  14  71 
(Length: 3)  8  14  74 
(Length: 4)  8  24  71  84 
(Length: 4)  9  23  47  97 
(Length: 4)  9  11  65  86 
(Length: 4)  9  48  63  97 
(Length: 3)  9  42  63 
(Length: 4)  9  11  54  92 
(Length: 3)  9  26  59 
(Length: 4)  9  11  26  85 
(Length: 5)  9  11  72  86  90 
(Length: 3)  9  85  98 
(Length: 4)  9  54  92  97 
(Length: 4)  9  23  47  90 
(Length: 4)  9  23  48  97 
(Length: 4)  9  23  68  84 
(Length: 3)  9  42  84 
(Length: 3)  9  63  85 
(Length: 5)  9  48  60  63  87 
(Length: 4)  9  42  90  98 
(Length: 3)  9  42  92 
(Length: 4)  9  60  90  98 
(Length: 4)  9  26  68  85 
(Length: 4)  9  47  86  90 
(Length: 4)  9  60  65  98 
(Length: 3)  9  63  72 
(Length: 4)  9  11  65  92 
(Length: 3)  9  60  68 
(Length: 4)  9  10  60  65 
(Length: 4)  9  10  59  65 
(Length: 4)  9  54  68  92 
(Length: 3)  9  97  98 
(Length: 4)  9  72  90  98 
(Length: 5)  9  11  26  72  86 
(Length: 4)  10  37  60  99 
(Length: 4)  10  59  65  71 
(Length: 4)  10  37  67  99 
(Length: 4)  10  33  53  60 
(Length: 4)  10  59  67  71 
(Length: 3)  10  71  81 
(Length: 3)  10  46  59 
(Length: 4)  10  29  60  61 
(Length: 4)  10  29  60  65 
(Length: 4)  10  29  35  61 
(Length: 4)  10  33  67  71 
(Length: 3)  10  71  91 
(Length: 4)  10  60  61  99 
(Length: 5)  10  29  46  53  60 
(Length: 4)  10  33  53  71 
(Length: 3)  10  91  99 
(Length: 4)  10  27  53  71 
(Length: 4)  10  27  59  71 
(Length: 3)  11  35  54 
(Length: 4)  11  41  91  95 
(Length: 4)  11  12  17  57 
(Length: 3)  11  35  78 
(Length: 4)  11  31  72  95 
(Length: 4)  11  17  54  92 
(Length: 4)  11  65  78  92 
(Length: 4)  11  72  86  91 
(Length: 4)  11  26  72  95 
(Length: 4)  11  31  41  95 
(Length: 4)  11  17  26  41 
(Length: 4)  11  12  17  26 
(Length: 4)  11  65  78  86 
(Length: 4)  11  17  41  91 
(Length: 5)  11  12  17  54  91 
(Length: 5)  11  53  78  86  90 
(Length: 4)  11  26  41  95 
(Length: 4)  11  72  91  95 
(Length: 4)  11  12  57  78 
(Length: 4)  11  53  57  78 
(Length: 4)  11  41  65  78 
(Length: 4)  11  31  53  85 
(Length: 5)  11  16  26  72  86 
(Length: 3)  11  16  54 
(Length: 5)  11  16  72  86  90 
(Length: 4)  12  23  27  71 
(Length: 4)  12  22  64  78 
(Length: 3)  12  45  91 
(Length: 4)  12  22  93  99 
(Length: 4)  12  26  73  77 
(Length: 4)  12  26  64  77 
(Length: 4)  12  27  29  93 
(Length: 4)  12  29  46  60 
(Length: 4)  12  91  93  99 
(Length: 4)  12  71  76  94 
(Length: 4)  12  57  73  77 
(Length: 4)  12  23  73  77 
(Length: 4)  12  58  73  94 
(Length: 3)  12  71  91 
(Length: 3)  12  60  99 
(Length: 4)  12  23  29  73 
(Length: 4)  12  17  29  73 
(Length: 3)  12  60  77 
(Length: 4)  12  17  26  73 
(Length: 4)  12  23  27  58 
(Length: 4)  12  43  57  78 
(Length: 4)  12  27  29  45 
(Length: 4)  12  17  27  43 
(Length: 4)  12  45  46  64 
(Length: 3)  12  76  99 
(Length: 4)  12  71  78  94 
(Length: 4)  12  23  71  77 
(Length: 3)  12  54  94 
(Length: 4)  12  17  27  29 
(Length: 4)  12  27  43  45 
(Length: 4)  12  17  43  57 
(Length: 3)  12  43  60 
(Length: 4)  12  27  43  93 
(Length: 4)  12  23  27  29 
(Length: 4)  12  29  45  46 
(Length: 4)  12  27  45  58 
(Length: 4)  12  29  45  73 
(Length: 4)  12  29  45  76 
(Length: 3)  12  29  78 
(Length: 4)  12  17  57  73 
(Length: 4)  12  17  29  76 
(Length: 5)  12  22  45  58  64 
(Length: 4)  12  23  58  73 
(Length: 4)  13  27  30  47 
(Length: 3)  13  19  30 
(Length: 3)  13  27  59 
(Length: 3)  13  19  95 
(Length: 3)  13  41  95 
(Length: 3)  13  41  59 
(Length: 3)  13  47  95 
(Length: 4)  13  27  47  53 
(Length: 3)  13  39  41 
(Length: 4)  14  28  57  77 
(Length: 4)  14  28  46  74 
(Length: 3)  14  86  91 
(Length: 3)  14  71  91 
(Length: 4)  14  53  71  80 
(Length: 3)  14  71  76 
(Length: 3)  14  54  74 
(Length: 3)  14  71  77 
(Length: 3)  14  34  42 
(Length: 4)  14  53  57  80 
(Length: 3)  14  54  91 
(Length: 4)  14  34  80  86 
(Length: 4)  14  42  46  53 
(Length: 4)  14  53  80  86 
(Length: 4)  14  42  53  71 
(Length: 4)  15  65  73  98 
(Length: 4)  15  38  69  85 
(Length: 4)  15  31  81  95 
(Length: 5)  15  29  46  60  63 
(Length: 4)  15  33  35  85 
(Length: 4)  15  31  38  43 
(Length: 4)  15  21  29  73 
(Length: 4)  15  31  46  63 
(Length: 4)  15  31  46  62 
(Length: 4)  15  38  62  69 
(Length: 4)  15  54  68  74 
(Length: 4)  15  31  38  62 
(Length: 4)  15  25  73  85 
(Length: 4)  15  21  73  85 
(Length: 3)  15  21  81 
(Length: 4)  15  25  31  85 
(Length: 3)  15  20  43 
(Length: 3)  15  21  62 
(Length: 4)  15  19  73  98 
(Length: 4)  15  19  73  95 
(Length: 4)  15  19  68  95 
(Length: 4)  15  19  29  73 
(Length: 4)  15  16  60  74 
(Length: 4)  15  46  62  96 
(Length: 4)  15  31  38  85 
(Length: 5)  15  19  29  35  78 
(Length: 5)  15  60  65  69  98 
(Length: 4)  15  60  68  74 
(Length: 4)  15  46  60  98 
(Length: 4)  15  29  46  96 
(Length: 4)  15  73  85  98 
(Length: 4)  15  38  54  69 
(Length: 5)  15  60  68  81  95 
(Length: 3)  15  38  59 
(Length: 4)  15  31  63  85 
(Length: 4)  15  60  63  81 
(Length: 4)  15  46  60  74 
(Length: 5)  15  25  29  60  65 
(Length: 4)  15  31  63  81 
(Length: 4)  15  46  59  74 
(Length: 4)  15  16  58  74 
(Length: 3)  15  33  96 
(Length: 4)  15  29  65  78 
(Length: 5)  15  16  21  59  74 
(Length: 4)  15  29  35  76 
(Length: 3)  15  33  71 
(Length: 3)  15  43  60 
(Length: 4)  15  35  62  69 
(Length: 5)  15  59  65  71  78 
(Length: 3)  15  33  58 
(Length: 4)  15  19  35  54 
(Length: 5)  15  25  29  65  73 
(Length: 4)  15  33  38  85 
(Length: 4)  15  46  74  96 
(Length: 4)  15  16  20  74 
(Length: 4)  15  54  74  96 
(Length: 4)  15  65  69  71 
(Length: 4)  15  35  76  85 
(Length: 4)  15  35  59  78 
(Length: 3)  15  33  60 
(Length: 3)  15  81  96 
(Length: 4)  15  71  81  95 
(Length: 4)  15  35  69  85 
(Length: 4)  15  35  54  69 
(Length: 4)  15  19  54  68 
(Length: 4)  15  19  38  54 
(Length: 4)  15  35  43  78 
(Length: 3)  15  71  76 
(Length: 4)  15  69  85  98 
(Length: 3)  15  68  85 
(Length: 4)  15  16  54  74 
(Length: 4)  16  60  90  99 
(Length: 4)  16  72  90  93 
(Length: 3)  16  59  93 
(Length: 4)  16  24  39  72 
(Length: 4)  16  58  72  90 
(Length: 4)  16  86  90  99 
(Length: 4)  16  23  58  90 
(Length: 4)  16  90  93  99 
(Length: 5)  16  24  26  72  86 
(Length: 5)  16  21  26  59  74 
(Length: 3)  16  21  94 
(Length: 4)  16  56  58  94 
(Length: 3)  16  20  39 
(Length: 3)  16  20  56 
(Length: 3)  16  24  94 
(Length: 4)  16  21  26  86 
(Length: 4)  16  54  56  94 
(Length: 4)  16  56  60  99 
(Length: 4)  17  57  73  97 
(Length: 3)  17  54  56 
(Length: 5)  17  38  41  43  75 
(Length: 3)  17  62  92 
(Length: 4)  17  38  48  97 
(Length: 4)  17  38  48  62 
(Length: 3)  17  42  92 
(Length: 4)  17  29  41  56 
(Length: 4)  17  27  47  97 
(Length: 3)  17  27  62 
(Length: 4)  17  48  76  97 
(Length: 4)  17  32  51  73 
(Length: 4)  17  38  54  97 
(Length: 4)  17  47  52  97 
(Length: 4)  17  41  51  75 
(Length: 4)  17  48  51  76 
(Length: 4)  17  51  62  75 
(Length: 4)  17  32  76  84 
(Length: 4)  17  32  56  76 
(Length: 4)  17  48  51  62 
(Length: 4)  17  38  62  75 
(Length: 4)  17  54  91  97 
(Length: 4)  17  32  51  75 
(Length: 4)  17  32  51  76 
(Length: 4)  17  32  73  84 
(Length: 4)  17  47  73  97 
(Length: 3)  17  42  84 
(Length: 4)  17  29  56  76 
(Length: 3)  17  43  52 
(Length: 4)  17  54  92  97 
(Length: 3)  17  29  52 
(Length: 3)  18  47  86 
(Length: 4)  18  32  34  44 
(Length: 3)  18  22  44 
(Length: 3)  18  34  43 
(Length: 3)  18  34  48 
(Length: 4)  18  32  56  76 
(Length: 3)  18  55  82 
(Length: 3)  18  32  82 
(Length: 4)  18  32  76  86 
(Length: 4)  18  32  34  86 
(Length: 3)  18  54  56 
(Length: 4)  18  44  47  97 
(Length: 4)  18  47  55  97 
(Length: 4)  18  48  76  97 
(Length: 4)  18  54  91  97 
(Length: 4)  18  55  91  97 
(Length: 3)  18  86  91 
(Length: 4)  19  38  54  97 
(Length: 5)  19  38  45  64  97 
(Length: 5)  19  26  64  68  95 
(Length: 5)  19  26  73  77  95 
(Length: 5)  19  73  80  95  97 
(Length: 4)  19  30  80  97 
(Length: 5)  19  29  35  36  45 
(Length: 5)  19  26  73  80  95 
(Length: 4)  19  73  97  98 
(Length: 4)  19  44  95  97 
(Length: 5)  19  64  80  95  97 
(Length: 4)  19  35  36  54 
(Length: 4)  19  29  45  73 
(Length: 4)  19  64  97  98 
(Length: 4)  19  45  73  97 
(Length: 3)  19  95  99 
(Length: 5)  19  26  64  80  95 
(Length: 4)  19  64  78  80 
(Length: 5)  19  26  64  77  95 
(Length: 4)  20  56  61  87 
(Length: 3)  20  43  88 
(Length: 3)  20  74  88 
(Length: 3)  20  47  88 
(Length: 3)  20  39  88 
(Length: 4)  20  47  61  73 
(Length: 4)  20  45  47  87 
(Length: 4)  20  45  47  73 
(Length: 4)  20  45  56  87 
(Length: 4)  20  47  61  87 
(Length: 3)  20  39  73 
(Length: 3)  20  43  45 
(Length: 3)  21  23  62 
(Length: 4)  21  45  73  97 
(Length: 5)  21  61  73  85  94 
(Length: 4)  21  61  62  94 
(Length: 3)  21  40  86 
(Length: 3)  21  40  81 
(Length: 3)  21  40  45 
(Length: 3)  21  40  74 
(Length: 4)  21  26  73  85 
(Length: 4)  21  45  62  79 
(Length: 4)  21  29  61  73 
(Length: 4)  21  23  73  97 
(Length: 4)  21  29  45  73 
(Length: 4)  21  23  29  73 
(Length: 5)  21  26  59  74  79 
(Length: 4)  21  23  81  97 
(Length: 4)  21  45  73  85 
(Length: 4)  22  68  74  88 
(Length: 4)  22  66  79  93 
(Length: 3)  22  28  61 
(Length: 4)  22  28  64  74 
(Length: 4)  22  79  93  99 
(Length: 4)  22  44  66  88 
(Length: 3)  22  74  79 
(Length: 3)  22  28  93 
(Length: 5)  22  39  66  78  79 
(Length: 4)  22  33  58  64 
(Length: 4)  22  58  64  74 
(Length: 4)  22  64  68  74 
(Length: 4)  22  68  85  93 
(Length: 4)  22  39  66  88 
(Length: 4)  22  24  39  79 
(Length: 4)  22  64  66  78 
(Length: 3)  22  63  64 
(Length: 4)  22  58  74  88 
(Length: 4)  22  24  33  88 
(Length: 4)  22  24  39  85 
(Length: 4)  22  24  33  85 
(Length: 4)  22  44  61  85 
(Length: 4)  22  33  58  88 
(Length: 3)  22  45  85 
(Length: 3)  22  45  79 
(Length: 4)  22  24  39  88 
(Length: 4)  23  73  80  97 
(Length: 4)  23  27  47  97 
(Length: 4)  23  32  73  84 
(Length: 4)  23  48  51  62 
(Length: 3)  23  71  84 
(Length: 4)  23  27  47  90 
(Length: 4)  23  38  48  49 
(Length: 4)  23  32  51  73 
(Length: 4)  23  51  58  73 
(Length: 4)  23  48  51  58 
(Length: 3)  23  75  80 
(Length: 3)  23  47  49 
(Length: 4)  23  47  73  97 
(Length: 3)  23  29  96 
(Length: 4)  23  51  62  75 
(Length: 4)  23  71  80  81 
(Length: 4)  23  27  58  90 
(Length: 4)  23  38  62  75 
(Length: 3)  23  81  96 
(Length: 3)  23  62  96 
(Length: 4)  23  38  48  97 
(Length: 4)  23  48  51  81 
(Length: 4)  23  32  51  75 
(Length: 5)  23  48  80  81  97 
(Length: 4)  23  49  71  81 
(Length: 3)  23  27  62 
(Length: 3)  23  77  90 
(Length: 4)  23  49  68  81 
(Length: 4)  23  38  48  62 
(Length: 4)  23  48  49  81 
(Length: 5)  24  31  34  80  85 
(Length: 4)  24  39  73  85 
(Length: 4)  24  26  80  86 
(Length: 4)  24  26  79  80 
(Length: 4)  24  32  33  51 
(Length: 4)  24  35  39  88 
(Length: 5)  24  32  51  73  94 
(Length: 4)  24  31  51  72 
(Length: 4)  24  31  80  81 
(Length: 4)  24  34  80  86 
(Length: 4)  24  34  48  80 
(Length: 4)  24  33  35  85 
(Length: 4)  24  51  81  88 
(Length: 4)  24  33  71  88 
(Length: 5)  24  40  71  81  88 
(Length: 4)  24  39  88  92 
(Length: 3)  24  71  94 
(Length: 4)  24  32  51  75 
(Length: 4)  24  75  80  85 
(Length: 4)  24  35  47  88 
(Length: 3)  24  30  92 
(Length: 4)  24  35  51  75 
(Length: 3)  24  39  48 
(Length: 4)  24  26  72  73 
(Length: 4)  24  32  39  75 
(Length: 5)  24  33  35  51  88 
(Length: 4)  24  30  75  80 
(Length: 5)  24  32  39  72  73 
(Length: 4)  24  39  72  88 
(Length: 3)  24  30  89 
(Length: 4)  24  51  72  88 
(Length: 4)  24  48  51  81 
(Length: 4)  24  39  75  79 
(Length: 4)  24  48  80  81 
(Length: 4)  24  71  84  88 
(Length: 4)  24  81  88  92 
(Length: 4)  24  30  80  86 
(Length: 3)  24  47  73 
(Length: 4)  24  31  81  89 
(Length: 4)  24  71  80  81 
(Length: 4)  24  75  79  80 
(Length: 4)  24  31  51  81 
(Length: 4)  24  40  47  86 
(Length: 4)  24  32  34  84 
(Length: 4)  24  32  72  86 
(Length: 4)  24  39  79  92 
(Length: 4)  24  32  34  86 
(Length: 4)  24  32  73  84 
(Length: 5)  24  26  73  80  85 
(Length: 5)  24  32  51  72  73 
(Length: 4)  24  40  47  88 
(Length: 5)  24  35  39  75  85 
(Length: 4)  24  73  85  94 
(Length: 4)  24  30  47  86 
(Length: 3)  25  57  79 
(Length: 4)  25  29  56  60 
(Length: 4)  25  45  73  85 
(Length: 3)  25  51  60 
(Length: 4)  25  45  51  73 
(Length: 3)  25  57  73 
(Length: 4)  25  29  45  56 
(Length: 5)  25  29  45  65  73 
(Length: 3)  25  45  79 
(Length: 3)  26  70  89 
(Length: 4)  26  41  66  70 
(Length: 4)  26  64  68  74 
(Length: 3)  26  59  67 
(Length: 4)  26  41  59  79 
(Length: 4)  26  64  72  95 
(Length: 4)  26  64  66  70 
(Length: 4)  27  45  58  69 
(Length: 4)  27  45  47  97 
(Length: 5)  27  30  43  90  93 
(Length: 4)  27  43  45  79 
(Length: 4)  27  40  45  69 
(Length: 4)  27  47  50  53 
(Length: 4)  27  30  47  97 
(Length: 4)  27  43  50  53 
(Length: 4)  27  40  45  47 
(Length: 4)  27  62  79  93 
(Length: 4)  27  40  43  45 
(Length: 4)  27  40  69  71 
(Length: 4)  27  43  45  90 
(Length: 4)  27  29  50  53 
(Length: 4)  27  43  79  93 
(Length: 4)  27  45  62  79 
(Length: 4)  27  43  53  90 
(Length: 4)  27  43  50  79 
(Length: 4)  27  59  79  93 
(Length: 4)  27  45  47  90 
(Length: 4)  27  45  58  90 
(Length: 4)  27  45  62  69 
(Length: 3)  27  50  69 
(Length: 3)  28  47  61 
(Length: 4)  28  46  60  74 
(Length: 4)  28  29  46  60 
(Length: 4)  28  46  64  74 
(Length: 3)  28  64  77 
(Length: 3)  28  57  97 
(Length: 5)  28  29  56  60  61 
(Length: 3)  28  64  97 
(Length: 3)  28  47  97 
(Length: 3)  28  46  47 
(Length: 4)  29  35  39  78 
(Length: 4)  29  35  36  50 
(Length: 5)  29  35  45  56  76 
(Length: 3)  29  39  73 
(Length: 4)  29  39  41  78 
(Length: 4)  29  45  46  96 
(Length: 4)  29  45  52  96 
(Length: 4)  29  35  39  76 
(Length: 4)  29  41  60  65 
(Length: 5)  29  41  56  60  61 
(Length: 4)  29  36  50  53 
(Length: 4)  29  35  56  61 
(Length: 4)  29  35  45  52 
(Length: 4)  29  46  50  53 
(Length: 4)  30  47  86  90 
(Length: 3)  30  52  74 
(Length: 3)  30  43  52 
(Length: 4)  30  47  52  97 
(Length: 3)  30  43  75 
(Length: 3)  30  74  75 
(Length: 4)  30  80  83  97 
(Length: 3)  30  74  83 
(Length: 3)  30  83  89 
(Length: 4)  30  69  80  86 
(Length: 4)  30  83  92  97 
(Length: 3)  30  83  94 
(Length: 3)  31  43  93 
(Length: 3)  31  62  93 
(Length: 5)  31  42  46  50  53 
(Length: 4)  31  63  80  85 
(Length: 4)  31  41  51  95 
(Length: 3)  31  34  42 
(Length: 3)  31  51  62 
(Length: 4)  31  34  38  43 
(Length: 3)  31  85  93 
(Length: 4)  31  43  50  53 
(Length: 4)  31  42  46  63 
(Length: 4)  31  51  63  81 
(Length: 4)  31  53  80  85 
(Length: 4)  31  50  53  85 
(Length: 4)  31  51  63  72 
(Length: 4)  31  38  41  43 
(Length: 4)  31  63  80  81 
(Length: 4)  31  51  81  95 
(Length: 4)  31  34  38  85 
(Length: 4)  31  51  72  95 
(Length: 4)  31  80  81  95 
(Length: 3)  32  45  69 
(Length: 4)  32  69  72  86 
(Length: 3)  32  69  84 
(Length: 5)  32  51  72  73  95 
(Length: 3)  32  37  69 
(Length: 3)  32  37  73 
(Length: 3)  32  39  76 
(Length: 4)  32  51  75  95 
(Length: 3)  32  82  94 
(Length: 3)  32  82  99 
(Length: 4)  32  56  83  94 
(Length: 3)  32  45  46 
(Length: 4)  32  76  86  99 
(Length: 3)  32  34  45 
(Length: 4)  32  44  72  95 
(Length: 4)  32  56  76  94 
(Length: 3)  32  44  94 
(Length: 4)  32  56  76  99 
(Length: 4)  32  45  51  76 
(Length: 4)  32  51  76  94 
(Length: 4)  32  45  51  73 
(Length: 3)  32  95  99 
(Length: 4)  32  34  86  99 
(Length: 3)  32  37  99 
(Length: 4)  32  76  84  99 
(Length: 3)  32  37  75 
(Length: 4)  32  34  84  99 
(Length: 4)  32  45  56  76 
(Length: 4)  33  51  58  64 
(Length: 3)  33  64  96 
(Length: 4)  33  51  58  88 
(Length: 3)  33  51  60 
(Length: 3)  33  38  64 
(Length: 3)  33  53  85 
(Length: 4)  33  51  67  88 
(Length: 3)  33  52  96 
(Length: 4)  33  35  52  85 
(Length: 4)  33  67  71  88 
(Length: 3)  33  67  96 
(Length: 3)  34  44  85 
(Length: 4)  34  38  43  45 
(Length: 3)  34  45  65 
(Length: 3)  34  48  99 
(Length: 4)  34  65  80  86 
(Length: 4)  34  42  84  99 
(Length: 4)  34  38  45  85 
(Length: 4)  35  45  62  69 
(Length: 3)  35  61  62 
(Length: 4)  35  45  47  55 
(Length: 4)  35  45  49  70 
(Length: 4)  35  45  56  70 
(Length: 4)  35  47  55  88 
(Length: 3)  35  43  88 
(Length: 4)  35  45  69  70 
(Length: 4)  35  45  76  85 
(Length: 4)  35  39  76  85 
(Length: 3)  35  51  78 
(Length: 4)  35  45  51  76 
(Length: 3)  35  54  56 
(Length: 3)  35  39  49 
(Length: 4)  35  55  59  88 
(Length: 4)  35  51  62  75 
(Length: 3)  35  69  88 
(Length: 4)  35  45  51  62 
(Length: 3)  35  47  50 
(Length: 4)  35  45  47  49 
(Length: 3)  35  43  75 
(Length: 4)  35  50  69  85 
(Length: 4)  35  45  69  85 
(Length: 4)  35  36  43  45 
(Length: 4)  35  43  45  52 
(Length: 4)  35  45  52  85 
(Length: 4)  35  45  47  52 
(Length: 4)  35  36  43  50 
(Length: 4)  36  53  86  90 
(Length: 4)  36  43  45  90 
(Length: 3)  36  40  81 
(Length: 4)  36  42  50  53 
(Length: 4)  36  42  53  90 
(Length: 3)  36  40  86 
(Length: 4)  36  43  53  90 
(Length: 4)  36  43  50  53 
(Length: 4)  36  40  43  45 
(Length: 3)  37  73  98 
(Length: 4)  37  43  60  90 
(Length: 3)  37  59  74 
(Length: 4)  37  60  69  98 
(Length: 4)  37  60  69  77 
(Length: 4)  37  60  90  99 
(Length: 3)  37  43  52 
(Length: 3)  37  75  80 
(Length: 3)  37  52  77 
(Length: 4)  37  60  74  75 
(Length: 3)  37  69  80 
(Length: 4)  37  43  60  75 
(Length: 4)  37  60  90  98 
(Length: 4)  37  60  77  90 
(Length: 3)  37  52  74 
(Length: 4)  38  48  62  69 
(Length: 4)  38  45  62  69 
(Length: 4)  38  45  64  70 
(Length: 4)  38  45  69  70 
(Length: 4)  38  45  49  70 
(Length: 4)  38  48  61  62 
(Length: 4)  38  54  83  97 
(Length: 3)  38  41  59 
(Length: 4)  38  45  69  85 
(Length: 3)  38  75  85 
(Length: 5)  39  41  66  78  79 
(Length: 3)  39  48  49 
(Length: 4)  39  78  79  92 
(Length: 3)  39  48  76 
(Length: 4)  40  69  71  88 
(Length: 4)  40  47  55  88 
(Length: 3)  40  43  88 
(Length: 3)  40  71  91 
(Length: 4)  40  45  55  91 
(Length: 4)  40  55  68  91 
(Length: 4)  40  68  81  88 
(Length: 4)  40  68  74  88 
(Length: 3)  40  69  86 
(Length: 3)  40  86  91 
(Length: 4)  40  69  71  77 
(Length: 4)  40  45  47  55 
(Length: 4)  40  55  68  88 
(Length: 5)  41  51  60  75  95 
(Length: 3)  41  51  58 
(Length: 3)  41  44  95 
(Length: 4)  41  59  78  79 
(Length: 3)  41  56  58 
(Length: 4)  41  43  60  75 
(Length: 3)  41  44  61 
(Length: 4)  41  43  75  79 
(Length: 4)  41  43  78  79 
(Length: 3)  41  51  78 
(Length: 3)  41  56  70 
(Length: 4)  41  59  65  78 
(Length: 3)  42  46  98 
(Length: 3)  42  71  84 
(Length: 3)  42  90  99 
(Length: 4)  43  53  60  75 
(Length: 4)  43  53  57  78 
(Length: 4)  43  57  78  79 
(Length: 4)  43  53  60  90 
(Length: 4)  43  53  78  90 
(Length: 4)  44  61  85  94 
(Length: 3)  44  47  61 
(Length: 3)  44  88  92 
(Length: 3)  44  53  85 
(Length: 3)  44  92  97 
(Length: 3)  45  46  47 
(Length: 3)  45  49  65 
(Length: 4)  45  51  58  64 
(Length: 3)  45  65  69 
(Length: 4)  45  51  58  73 
(Length: 3)  45  87  96 
(Length: 4)  45  46  64  96 
(Length: 3)  45  76  97 
(Length: 3)  45  51  87 
(Length: 4)  45  47  52  97 
(Length: 4)  45  64  70  96 
(Length: 5)  45  47  55  73  97 
(Length: 4)  45  46  62  96 
(Length: 4)  45  55  91  97 
(Length: 4)  46  47  50  53 
(Length: 4)  46  64  74  96 
(Length: 3)  46  63  64 
(Length: 3)  46  64  98 
(Length: 4)  47  53  86  90 
(Length: 4)  47  52  95  97 
(Length: 3)  48  60  69 
(Length: 3)  48  69  80 
(Length: 4)  48  60  61  87 
(Length: 5)  48  51  60  63  87 
(Length: 5)  48  51  60  63  81 
(Length: 3)  48  58  69 
(Length: 5)  48  63  80  81  97 
(Length: 4)  48  60  61  99 
(Length: 3)  49  65  71 
(Length: 3)  49  70  81 
(Length: 3)  50  83  94 
(Length: 3)  50  85  94 
(Length: 3)  51  78  94 
(Length: 4)  51  58  64  72 
(Length: 4)  51  58  72  88 
(Length: 3)  51  62  94 
(Length: 4)  51  58  73  94 
(Length: 3)  51  64  78 
(Length: 4)  51  58  72  73 
(Length: 4)  51  64  72  95 
(Length: 4)  51  63  64  72 
(Length: 5)  51  68  81  88  95 
(Length: 4)  51  64  68  95 
(Length: 3)  51  67  76 
(Length: 4)  51  72  88  95 
(Length: 3)  52  74  96 
(Length: 3)  52  77  95 
(Length: 4)  53  75  80  85 
(Length: 3)  53  68  85 
(Length: 4)  53  71  78  80 
(Length: 4)  53  78  80  86 
(Length: 3)  53  60  68 
(Length: 4)  53  57  78  80 
(Length: 4)  54  56  83  94 
(Length: 3)  54  68  91 
(Length: 3)  54  74  83 
(Length: 3)  54  67  96 
(Length: 3)  54  69  92 
(Length: 4)  54  83  92  97 
(Length: 4)  54  56  67  83 
(Length: 3)  55  88  98 
(Length: 4)  55  73  97  98 
(Length: 3)  56  61  94 
(Length: 4)  56  60  61  99 
(Length: 4)  56  60  61  87 
(Length: 4)  56  67  76  99 
(Length: 4)  56  58  83  94 
(Length: 4)  57  73  80  97 
(Length: 4)  57  80  81  97 
(Length: 4)  57  78  79  80 
(Length: 4)  58  69  72  88 
(Length: 3)  58  74  83 
(Length: 4)  59  67  71  88 
(Length: 4)  59  65  71  88 
(Length: 3)  59  74  88 
(Length: 3)  60  95  99 
(Length: 3)  61  62  96 
(Length: 3)  61  87  96 
(Length: 3)  62  75  79 
(Length: 3)  62  79  92 
(Length: 3)  62  69  92 
(Length: 4)  63  80  83  97 
(Length: 4)  63  64  80  97 
(Length: 3)  64  68  84 
(Length: 3)  64  72  98 
(Length: 3)  64  78  84 
(Length: 4)  65  69  71  80 
(Length: 3)  65  73  94 
(Length: 4)  65  69  88  92 
(Length: 4)  65  71  78  94 
(Length: 4)  65  71  78  80 
(Length: 4)  65  69  80  86 
(Length: 4)  65  71  78  84 
(Length: 5)  65  69  71  84  88 
(Length: 4)  65  78  80  86 
(Length: 4)  65  69  88  98 
(Length: 4)  66  71  78  94 
(Length: 3)  66  71  88 
(Length: 3)  67  71  82 
(Length: 3)  67  82  99 
(Length: 3)  67  71  76 
(Length: 3)  68  91  95 
(Length: 3)  68  84  88 
(Length: 3)  68  91  93 
(Length: 4)  68  81  88  92 
(Length: 4)  69  72  88  98 
(Length: 3)  69  80  85 
(Length: 4)  70  81  89  96 
(Length: 4)  71  78  82  94 
(Length: 3)  71  91  95 
(Length: 4)  71  81  88  95 
(Length: 3)  71  76  84 
(Length: 4)  71  80  81  95 
(Length: 4)  72  90  93  98 
(Length: 3)  72  91  93 
(Length: 3)  72  73  98 
(Length: 3)  74  75  79 
(Length: 3)  75  80  95 
(Length: 3)  76  85  94 
(Length: 4)  78  79  82  92 
(Length: 3)  79  82  99 
(Length: 4)  80  81  95  97 
(Length: 3)  81  92  97 
(Length: 3)  85  93  98 
(Length: 3)  86  91  99 
(Length: 3)  91  95  99 
(Length: 3)  91  95  97 
...model cost: 1.04 seconds  47561 FFE
 (opt) 447.00000000 == 447.00000000 (sur)  OPTIMALITY TEST PASSED!
   BESTimpr 385.00000000 -> 430.00000000
1*11**11*11***1111*****11*11*11*1**1***11**1*1**11**1**111*11*11**11*11***1**1**11**1**11*11*****111

   BESTimpr 430.00000000 -> 433.00000000
****1*1**1**111111***111*1****11111****1111***1*111*11***111*111*11****1111*11*1**1111*1**11*11***1*


1**1**1**11***1111*11****111**111****11111*1**1111***11111111*****1**111111***1*1*1*1****1111*1*1111

   BESTimpr 433.00000000 -> 435.00000000
*11**111***1*111***11111111****1*11*11*11111111*11**11*1**11*111**11*****11*1**1*1**11*11**1*1*1**1*

