Walsh model started...
 97  93  26  74  80  71  66  29  57  35  37  95  12  3  58  42  6  78  81  65  92  67  43  24  98 
 70  32  80  66  71  99  73  79  4  91  44  38  39  3  68  46  24  64  87  33  63  9  53 
 56  22  94  75  39  40  43  91  98  70  52  95  88  85 
 29  67  85  53  59  54  45  84  89  96  0  58  60  39  1  72  23  12 
 34  56  36  54  43  57  11  37  99  65  32  86  80  44  75  30  79  1  24  72  33  8  40  69  60  29  95  5  13  83  63  23  88  90  26 
 17  22  81  37  30  84  42  54  68  44  26  70  96  9  16  63  75  6  4  13 
 97  67  54  19  44  99  73  51  86  34  80  16  76  60  26  17  39  20  75  9  42  0  83  31  48  5  45 
 25  97  89  9  60  90  65  27  82  93  50  74  13  31  8  34  99  53  95  29  49  42  28  56  20 
 50  27  89  76  90  20  86  99  11  87  15  77  72  31  7  44  30  69  68  33  81  4  95  61  26  65  38  73  46  85  60 
 7  89  43  73  81  96  91  72  57  87  84  71  27  11  86  33  12  75  6  99  39  21  5  62  95  79  70  1  53  74  18  98 
 84  77  45  61  47  87  93  97  46  62  14  88 
 83  96  38  21  28  19  4  37  81  99  54  36  16  85  25  8  9  86  15  33  29  30  43  80  18  42  44  55  23  70  40  68  73 
 15  25  13  63  80  29  66  73  44  23  30  46  91  56  65  0  95  33  9  31  37  22  14  88  77  51  67  94  3  26  64 
 63  12  96  58  28  83  26  35  74  7  89  14  81  37  25  4  5  75  69 
 42  29  17  40  46  90  94  97  87  59  81  13  24  20  56  63  12  88  10  76  41  37  66  96 
 69  57  25  12  84  95  26  71  50  46  11  21  87  8  63  45  98  59 
 74  38  95  92  94  79  11  85  68  76  6  46  35  32  21  24  83  5  63 
 40  14  58  76  22  5  80  25  47  74  6  26  92  93  81  71 
 24  49  30  85  73  69  42  96  11  80  95  46  32  67  88  9  98 
 6  54  28  11  85  43  92  46  69  30  45  41  95  44  60  39 
 51  56  72  27  93  50  98  43  8  86  35  39  53  65  33  32  92  95  28  6  14  24  78  62  7  97  99 
 11  38  96  29  85  23  30  48  66  62  15  51  91  37  57  86  92  69  32  16  39  9  77  64  68  33 
 78  70  17  5  26  83  56  2  87  51  91  63  32  61  29  76  33  72  37  12  92  75  45  65  97  36 
 21  85  44  12  67  86  79  50  97  65  74  41  3  39  55  11  75  4  77  61  93 
 63  76  18  49  55  89  87  88  14  94  92  4  72  20  80  64  84  0  97  1  16  83  96  99  95  60 
 7  97  15  12  80  17  74  56  50  28  11  44  34  69  70  37  13  91  81  29  79  67  73  31  47 
 88  39  0  74  83  22  36  41  35  13  15  71  59  6  17  42  58  8  61  44  5  70  4  65  12  64  46  85 
 50  8  20  72  65  7  89  9  35  43  79  33  51  47  61  69  93 
 19  11  73  38  50  41  83  13  25  39  96  54  70  91  42  56  89  87  95  20  7  74  86 
 3  67  42  14  12  80  96  21  66  0  99  98  72  90  22  76  11  33  25  7  4  95  30  82 
 77  60  65  47  75  87  66  12  5  84  48  21  18  85  19  69  78  91  44  8  4  43  11  40  99  80  54  74  58  90  29  82  39 
 83  59  7  8  79  39  12  65  35  46  63  6  48  45  47  25 
 90  35  70  1  63  89  91  75  4  86  61  22  33  20  92  68  16  21  46  18  45 
 85  43  97  52  69  44  11  29  12  9  20  32  8  81  4  79  27  22  72  56  91  63  89  51  1  93  86  68  21  73 
 56  4  86  53  80  6  44  25  70  72  7  99  41  40  84  49 
 32  90  42  85  48  26  13  57  0  20  39  98  89  37  38  84  27  43  46  16  45  53  58  62  31 
 4  54  92  51  11  26  41  60  58  59  89  86  22 
 43  96  81  5  11  4  71  61  52  80  63  35  0  13  25  21  57  83  88  12  22  66  14 
 16  74  11  21  73  28  53  42  84  35  44  1  8  65  96  48  43  69  89 
 88  26  40  46  2  83  90  20  35  28  96  43  59  79  31  60  3  6  97  72  1  23  47  86  9  21  30  58  19 
 17  14  63  64  39  46  2  30  48  34  84  4  69  54  91  98  81  68  11 
 50  28  36  26  62  81  96  80  45  19  34  99  23  74  89  76  14  90  72 
 29  14  35  85  48  53  38  28  56  54  5  68  18  96  26  58  6  0  44  11  7  59  84  82 
 48  76  37  96  4  57  73  9  85  19  33  20  98  2  91  50  39  59  27  35  30  11  89  63  38  67  0  94  46 
 65  97  6  99  86  23  12  55  69  33  25  34  80  4  30  8  95  19  1  38  26  5  42  11  67  96  85  82  58  75  53 
 84  49  50  95  61  10  3  35  53  19  41  15  46  94  86  22  32  6  31  66  93 
 90  14  95  66  40  39  79  55  92  19  15  50  91  12  72  70  82  35  16  31  97  10  45  73  8  1  80  87  76  71  18  32  43  26  85 
 65  30  48  92  63  74  10  87  99  66  82  17  52  97  27  51  62  86  39  61  31  25 
 43  76  92  50  47  42  35  70  65  30  21  71  77  40  55  59  38  96  69  31  6 
 84  45  18  24  57  59  60  63  34  7  68 
 8  27  92  48  28  41  20  93  77  95  45  25  7  99  57  79  23  43  98  15  46  83  86 
 20  56  73  6  36  92  87  22  21  91  27  47  69  89  33  77  12 
 97  33  80  37  76  61  47  56  57  95  2  71 
 34  86  38  42  3  85  20  65  67  71  35  45  99  7  44  75  1  9 
 6  19  4  36  65  99  11  59  3  28  70  75  42  5  79  77  30  74  90  98  40  84  60 
 24  89  79  46  44  99  92  48  59  84  23  11  74  95 
 51  20  34  4  84  77  67  97  25  74  2  22  12  65  28  42  80  57  52  14  63  69  33  7 
 99  93  69  15  43  4  87  9  50  0  35  98  59  49  81  68  94  74  37  21  56  52  95  58  66 
 17  76  96  13  82  69  73  71  36  60  62  95  35  3  0  42  26  30  80  44  92  57  66  39 
 14  87  3  54  57  49  39  43  83  31  55  48  36  26  42  84  15  98 
 30  77  7  90  97  81  73  6  36  58  3  39  49  63  83  54  4  8  85  87  24  19 
 69  78  98  82  37  71  45  10  76  52  32  22  93  8  26  64  27  47  81  77  23 
 74  78  66  21  41  81  68  97  58  95  35  86  10  47  73  20  72  9 
 32  89  24  76  13  12  74  47  40  64  81  96  37  91  22  78  67  43  87  15  14  56  49  60  33  79  31  16  5  1  4  83 
 40  63  80  76  98  73  24  1  61  82  77  21  12  26 
 97  44  47  30  54  99  81  76  27  7  48  70  4  23  20  53  56  12  80  77  94  31  8  38  92  0  26  22 
 46  95  12  73  30  29  0  1  71  21  62  99  47  86  93  84  37  14  57  58  45 
 29  3  6  97  56  23  86  71  53  76  70  78  63  68  93  72  0  43  25  44  94  12  88  18 
 82  98  16  79  81  57  62  97  5  42  8  69  67  93  1  32  49  40  11  33  21 
 61  78  57  15  82  58  74  88  18  73  19  30  33  44  25  70  8  68  51  95  21  48  56  40  4  38  89  92  77  27  93  13  75 
 32  1  22  78  80  48  65  54  28  69  25  72  46  76  67  82  98  2  34  81  84  26  5  73  11  9 
 80  0  37  61  1  66  73  58  84  9  15  26  48  77  67  53  76  46  92  52  97  81  17 
 20  27  91  9  77  86  29  90  70  46  8  34  4  24  22  33  97  39  3  67  62  79  41 
 97  87  51  6  43  9  38  28  12  66  58  71  18  69  1  99  64  98  60  94  78  8  46  62  25  70  33  11 
 16  38  63  47  25  56  0  26  69  78  81  62  13  7  17  94  57  54  30  23  41  79  28  86  95  55  89  9 
 87  30  32  91  94  2  54  99  4  9  6  22  5  44  53  23  13  69  93 
 43  48  58  17  24  63  65  81  90  8  16  6  64  80  61  52  22  29  70  67  83  46  71  14  41 
 30  60  84  10  56  50  95  72  86  71  48  8  65  94  79  54  51  12  21  64  81  61  23  92  69 
 61  69  22  70  74  88  62  91  30  63  67  94  73  81  0  82  79  20 
 94  16  46  55  68  50  23  4  1  31  39  27  33  77  54  25  74  78  82  63  9  72 
 70  1  25  17  12  29  71  0  34  6  52  37  64  76  4  44  81  56  65  86  94  96  41  11  18  99  30  24  46  58 
 98  94  65  76  37  5  9  96  11  99  97  60  85  63  74  57  68  14  13  41  62  80  25  93  84  70  8  33  78  0  77  61  40  71  17 
 68  98  69  58  61  7  93  94  88  99  47  46  70  78  79  44  64  42  30  29 
 11  96  26  22  28  13  90  39  59  31  6  76  88  37  50  60  24  16  4  63 
 90  98  49  45  10  77  56  95  15  5  30  71  9  3  38  35  93  81  70  55  24  34  40  54  59  42  66 
 35  42  19  43  21  23  33  81  94  16  11  3  53  30  18  96  44  8  60  2  88  26  46 
 34  53  6  44  67  23  8  20  72  77  4  32  11  9  94  80  66  62  21  92  45  47  39  28  74  50  33  93  36  89 
 75  30  97  73  57  9  24  88  14  59  10  47  22  51  8  15  89  28  63  46  1  60 
 26  39  69  78  87  24  94  82  83  37  14  12  10  67  18  90  4  2  85 
 32  63  7  9  8  27  55  24  35  13  3  96  43  28  87  51  33  36  41  69  38  94  86  74 
 32  35  84  98  46  14  7  60  76  8  83  39  29  72  54  30  88  4  41 
 32  75  9  72  43  2  63  22  46  12  78  30  25  28  21  51  1  33  98  40  93 
 50  48  47  16  95  36  51  19  46  24  55  98  20  21  86  65  0  32  22  71  58  69  77  17  93 
 57  99  97  0  20  50  82  7  98  61  10  81  84  68  67  66  33  86  17  92  27  69  23  45  75  91 
 98  81  85  2  75  79  16  97  14  82  88  24  57  74  86  80  65  77  78  73  45  67  12  43  89 
 46  66  16  92  50  77  84  15  45  0  12  62  58  28  20  8  7  19  44  52  2  18  69  4  29  57  9  74  55  24  99 
 43  37  83  11  21  29  81  9  58  13  28  39  63  3  89  18  42  41  80  38  48  85  44  5  14  24 
 6  67  7  25  65  44  87  73  93  0  56  81  60  52  33  94  14  23  62  68  47  10  46  72  39  24  71  20  98  22 
 68  82  90  84  94  81  61  20  43  99  29  35  57  50  64  73  93  2  70  92  54  0  15  59  91  40  97  9  18 
 57  93  44  6  54  65  11  81  4  98  29  50  55  1  73  8  66  47  82  75  7  34  53  80  30  41  9  24  95  20 
-->CDecomWalshPart::vInitTrueLinkage-->GLBs: 1140
(Length: 5)  0  3  12  29  67 
(Length: 4)  0  6  26  42 
(Length: 4)  0  26  58  71 
(Length: 4)  0  58  71  80 
(Length: 4)  0  92  93  98 
(Length: 4)  0  58  92  95 
(Length: 3)  0  24  80 
(Length: 4)  0  12  26  65 
(Length: 5)  0  81  93  97  98 
(Length: 4)  0  71  81  97 
(Length: 4)  0  12  37  66 
(Length: 3)  0  29  42 
(Length: 4)  0  65  81  97 
(Length: 4)  0  58  71  92 
(Length: 3)  0  3  58 
(Length: 5)  0  12  29  66  95 
(Length: 4)  0  37  57  66 
(Length: 4)  0  57  74  95 
(Length: 4)  0  67  71  97 
(Length: 3)  0  24  97 
(Length: 4)  0  57  74  81 
(Length: 3)  0  67  78 
(Length: 4)  0  12  29  80 
(Length: 4)  0  58  66  71 
(Length: 3)  0  43  67 
(Length: 4)  0  67  93  97 
(Length: 4)  0  24  92  95 
(Length: 3)  0  29  98 
(Length: 5)  0  57  58  66  95 
(Length: 5)  0  37  71  80  81 
(Length: 5)  0  35  37  43  57 
(Length: 4)  0  37  66  71 
(Length: 4)  0  12  37  80 
(Length: 5)  0  26  35  42  58 
(Length: 4)  0  57  66  93 
(Length: 4)  0  37  57  81 
(Length: 4)  0  12  65  80 
(Length: 5)  0  57  81  93  98 
(Length: 4)  0  74  78  81 
(Length: 3)  0  65  92 
(Length: 4)  0  6  67  97 
(Length: 3)  0  26  74 
(Length: 3)  0  6  80 
(Length: 4)  0  65  80  81 
(Length: 4)  0  35  57  58 
(Length: 5)  0  35  43  57  98 
(Length: 4)  1  9  70  73 
(Length: 4)  1  32  46  91 
(Length: 4)  1  9  33  73 
(Length: 4)  1  24  63  87 
(Length: 3)  1  64  73 
(Length: 4)  1  66  73  99 
(Length: 4)  1  4  33  44 
(Length: 4)  1  46  73  87 
(Length: 4)  1  46  71  80 
(Length: 5)  1  4  33  63  79 
(Length: 5)  1  32  33  63  91 
(Length: 4)  1  46  70  73 
(Length: 4)  1  24  63  64 
(Length: 4)  1  9  53  71 
(Length: 4)  1  9  73  99 
(Length: 4)  1  38  44  53 
(Length: 4)  1  44  53  99 
(Length: 5)  1  4  32  33  63 
(Length: 3)  1  38  73 
(Length: 4)  1  9  33  79 
(Length: 4)  1  9  53  99 
(Length: 5)  1  4  44  80  99 
(Length: 4)  1  33  68  79 
(Length: 4)  1  39  46  79 
(Length: 3)  1  3  53 
(Length: 4)  1  32  33  68 
(Length: 4)  1  24  64  80 
(Length: 4)  1  46  70  80 
(Length: 3)  1  3  39 
(Length: 4)  1  9  71  73 
(Length: 4)  1  9  73  87 
(Length: 4)  1  4  24  63 
(Length: 4)  1  9  33  91 
(Length: 5)  1  46  66  71  73 
(Length: 4)  1  32  46  70 
(Length: 5)  1  4  24  80  99 
(Length: 4)  1  9  39  79 
(Length: 3)  2  22  70 
(Length: 4)  2  85  88  94 
(Length: 3)  2  70  98 
(Length: 3)  2  39  43 
(Length: 3)  2  39  40 
(Length: 3)  2  52  95 
(Length: 3)  2  75  94 
(Length: 3)  2  52  56 
(Length: 4)  2  43  94  98 
(Length: 3)  2  22  56 
(Length: 4)  2  43  85  94 
(Length: 3)  2  39  88 
(Length: 4)  2  40  91  98 
(Length: 4)  2  43  91  98 
(Length: 4)  2  22  75  91 
(Length: 3)  3  89  96 
(Length: 4)  3  29  67  72 
(Length: 3)  3  45  84 
(Length: 3)  3  23  85 
(Length: 4)  3  54  59  84 
(Length: 3)  3  45  53 
(Length: 3)  3  53  67 
(Length: 3)  3  54  60 
(Length: 3)  3  39  72 
(Length: 3)  3  60  85 
(Length: 4)  3  39  58  96 
(Length: 4)  3  39  58  60 
(Length: 3)  3  39  59 
(Length: 3)  3  85  96 
(Length: 3)  3  53  85 
(Length: 4)  3  12  23  67 
(Length: 3)  3  29  96 
(Length: 3)  3  23  39 
(Length: 4)  4  24  83  88 
(Length: 4)  4  11  30  43 
(Length: 5)  4  11  44  80  86 
(Length: 4)  4  29  30  90 
(Length: 4)  4  29  33  72 
(Length: 4)  4  29  72  90 
(Length: 4)  4  11  37  43 
(Length: 3)  4  32  90 
(Length: 4)  4  34  72  86 
(Length: 6)  4  30  44  65  80  99 
(Length: 4)  4  29  95  99 
(Length: 5)  4  8  33  44  69 
(Length: 5)  4  30  54  60  90 
(Length: 4)  4  11  36  86 
(Length: 3)  4  54  79 
(Length: 4)  4  36  54  60 
(Length: 4)  4  5  13  26 
(Length: 3)  4  34  40 
(Length: 5)  4  8  26  44  65 
(Length: 5)  4  5  30  44  75 
(Length: 5)  4  30  44  69  75 
(Length: 5)  4  30  54  75  99 
(Length: 5)  4  8  44  95  99 
(Length: 4)  4  8  72  90 
(Length: 5)  4  34  44  80  86 
(Length: 3)  4  32  75 
(Length: 3)  4  69  88 
(Length: 5)  4  13  37  63  83 
(Length: 4)  4  57  69  95 
(Length: 3)  4  26  36 
(Length: 4)  4  5  26  44 
(Length: 4)  4  13  69  75 
(Length: 4)  4  5  13  75 
(Length: 4)  4  13  26  83 
(Length: 4)  4  56  65  80 
(Length: 5)  4  30  44  75  99 
(Length: 5)  4  5  30  54  75 
(Length: 5)  4  8  30  60  90 
(Length: 4)  4  26  83  88 
(Length: 5)  4  34  44  80  99 
(Length: 5)  4  8  33  72  86 
(Length: 4)  4  33  72  79 
(Length: 5)  4  8  44  69  95 
(Length: 4)  4  33  56  69 
(Length: 5)  4  30  54  65  99 
(Length: 6)  4  11  30  44  80  99 
(Length: 4)  4  23  44  65 
(Length: 4)  4  23  44  75 
(Length: 5)  4  11  23  44  86 
(Length: 3)  4  23  79 
(Length: 4)  4  11  37  80 
(Length: 6)  4  8  30  44  65  99 
(Length: 5)  4  11  30  54  99 
(Length: 4)  4  30  40  69 
(Length: 4)  4  11  33  43 
(Length: 5)  4  5  13  37  63 
(Length: 4)  4  11  37  83 
(Length: 6)  4  11  29  30  80  99 
(Length: 5)  4  24  60  63  83 
(Length: 4)  4  60  83  90 
(Length: 3)  4  40  63 
(Length: 4)  4  37  43  63 
(Length: 4)  4  37  83  88 
(Length: 4)  4  34  56  80 
(Length: 5)  4  8  30  44  69 
(Length: 6)  4  8  11  30  44  99 
(Length: 6)  4  8  11  33  44  86 
(Length: 4)  4  83  88  90 
(Length: 3)  4  24  72 
(Length: 4)  4  56  57  69 
(Length: 4)  4  37  43  57 
(Length: 4)  4  32  33  86 
(Length: 4)  4  33  56  63 
(Length: 4)  4  33  43  63 
(Length: 4)  4  11  36  54 
(Length: 4)  4  57  95  99 
(Length: 4)  4  24  95  99 
(Length: 4)  4  11  29  33 
(Length: 5)  4  11  30  40  54 
(Length: 4)  5  22  26  70 
(Length: 3)  5  22  75 
(Length: 3)  5  68  81 
(Length: 3)  5  17  81 
(Length: 4)  5  22  37  63 
(Length: 4)  5  6  9  75 
(Length: 4)  5  30  54  84 
(Length: 5)  5  9  70  81  84 
(Length: 4)  5  9  81  96 
(Length: 4)  5  42  54  84 
(Length: 3)  5  16  68 
(Length: 5)  5  6  26  42  44 
(Length: 4)  5  6  54  75 
(Length: 4)  5  17  22  26 
(Length: 3)  5  16  63 
(Length: 6)  5  13  37  63  81  96 
(Length: 4)  5  54  70  84 
(Length: 4)  5  6  17  26 
(Length: 4)  5  6  42  54 
(Length: 3)  5  42  68 
(Length: 4)  5  6  44  75 
(Length: 4)  5  42  44  96 
(Length: 3)  5  6  16 
(Length: 4)  6  54  75  99 
(Length: 4)  6  44  75  99 
(Length: 3)  6  20  99 
(Length: 3)  6  67  76 
(Length: 4)  6  19  39  60 
(Length: 3)  6  19  45 
(Length: 4)  6  20  39  86 
(Length: 4)  6  44  67  97 
(Length: 4)  6  31  39  83 
(Length: 4)  6  9  73  99 
(Length: 3)  6  19  44 
(Length: 3)  6  20  51 
(Length: 5)  6  34  44  80  86 
(Length: 4)  6  39  60  97 
(Length: 4)  6  26  39  83 
(Length: 4)  6  9  75  99 
(Length: 3)  6  42  48 
(Length: 4)  6  39  60  83 
(Length: 3)  6  51  73 
(Length: 4)  6  9  39  86 
(Length: 4)  6  17  76  80 
(Length: 4)  6  16  76  83 
(Length: 4)  6  20  39  97 
(Length: 4)  6  60  73  97 
(Length: 3)  6  31  45 
(Length: 3)  6  45  86 
(Length: 3)  6  48  76 
(Length: 3)  6  31  48 
(Length: 4)  6  19  54  60 
(Length: 4)  6  44  67  86 
(Length: 5)  6  34  44  80  99 
(Length: 4)  7  9  74  95 
(Length: 4)  7  9  95  99 
(Length: 4)  7  29  42  82 
(Length: 3)  7  29  90 
(Length: 4)  7  9  74  89 
(Length: 4)  7  29  82  99 
(Length: 5)  7  8  20  27  65 
(Length: 4)  7  8  27  89 
(Length: 5)  7  20  50  93  99 
(Length: 4)  7  28  74  95 
(Length: 5)  7  20  56  65  97 
(Length: 5)  7  20  27  50  93 
(Length: 4)  7  20  28  56 
(Length: 6)  7  8  20  50  95  99 
(Length: 4)  7  25  56  97 
(Length: 5)  7  8  20  27  50 
(Length: 3)  7  49  60 
(Length: 3)  7  60  97 
(Length: 5)  7  13  28  74  89 
(Length: 4)  7  9  27  89 
(Length: 5)  7  20  28  50  95 
(Length: 4)  7  20  93  97 
(Length: 4)  7  25  28  50 
(Length: 4)  7  9  53  99 
(Length: 4)  7  8  31  65 
(Length: 4)  7  34  53  99 
(Length: 4)  7  28  42  56 
(Length: 3)  7  25  29 
(Length: 4)  7  25  34  56 
(Length: 3)  7  42  53 
(Length: 5)  7  25  28  56  74 
(Length: 3)  7  25  31 
(Length: 3)  7  34  49 
(Length: 5)  7  13  25  28  74 
(Length: 4)  7  8  60  90 
(Length: 4)  7  82  93  99 
(Length: 5)  7  8  20  65  99 
(Length: 5)  7  20  53  65  99 
(Length: 4)  7  29  95  99 
(Length: 5)  8  27  33  69  89 
(Length: 4)  8  60  73  87 
(Length: 5)  8  20  27  33  72 
(Length: 4)  8  50  77  95 
(Length: 3)  8  87  89 
(Length: 5)  8  11  33  44  85 
(Length: 4)  8  61  77  81 
(Length: 4)  8  46  73  87 
(Length: 4)  8  30  60  87 
(Length: 4)  8  60  81  85 
(Length: 4)  8  50  77  86 
(Length: 4)  8  69  77  95 
(Length: 4)  8  38  69  73 
(Length: 4)  8  11  73  99 
(Length: 4)  8  30  65  77 
(Length: 5)  8  20  33  72  86 
(Length: 4)  8  61  69  77 
(Length: 4)  8  33  69  73 
(Length: 4)  8  20  50  86 
(Length: 4)  8  60  77  81 
(Length: 4)  8  72  77  86 
(Length: 4)  8  65  77  81 
(Length: 4)  8  30  69  77 
(Length: 4)  8  30  60  77 
(Length: 4)  8  65  81  99 
(Length: 4)  8  61  76  81 
(Length: 4)  8  46  76  90 
(Length: 4)  8  11  81  99 
(Length: 5)  8  11  33  81  85 
(Length: 4)  8  11  33  73 
(Length: 4)  8  33  68  69 
(Length: 4)  8  11  38  73 
(Length: 4)  8  38  44  69 
(Length: 4)  8  38  44  65 
(Length: 5)  8  11  30  44  85 
(Length: 4)  8  46  72  90 
(Length: 4)  8  15  26  46 
(Length: 3)  8  26  61 
(Length: 4)  8  11  38  44 
(Length: 5)  8  11  33  68  81 
(Length: 4)  8  15  69  95 
(Length: 3)  8  31  46 
(Length: 4)  8  15  46  87 
(Length: 4)  8  26  46  85 
(Length: 5)  8  15  46  50  95 
(Length: 3)  8  11  15 
(Length: 4)  8  65  76  81 
(Length: 4)  8  26  44  85 
(Length: 4)  8  30  60  85 
(Length: 4)  8  33  86  89 
(Length: 4)  8  27  61  69 
(Length: 4)  8  38  69  89 
(Length: 4)  9  62  74  86 
(Length: 4)  9  39  72  86 
(Length: 4)  9  33  72  86 
(Length: 4)  9  21  62  86 
(Length: 5)  9  57  81  98  99 
(Length: 4)  9  62  72  86 
(Length: 3)  9  70  72 
(Length: 4)  9  70  73  98 
(Length: 4)  9  62  74  95 
(Length: 3)  9  84  95 
(Length: 4)  9  12  33  73 
(Length: 4)  9  39  43  96 
(Length: 5)  9  70  81  84  98 
(Length: 3)  9  87  89 
(Length: 4)  9  43  91  98 
(Length: 4)  9  11  18  96 
(Length: 3)  9  53  86 
(Length: 3)  9  74  79 
(Length: 3)  9  21  57 
(Length: 5)  9  27  33  72  79 
(Length: 3)  9  57  87 
(Length: 4)  9  21  39  86 
(Length: 4)  9  18  73  98 
(Length: 4)  9  11  70  81 
(Length: 4)  9  11  73  99 
(Length: 4)  9  57  95  99 
(Length: 3)  9  75  91 
(Length: 4)  9  57  74  95 
(Length: 4)  9  21  39  96 
(Length: 3)  9  75  87 
(Length: 4)  9  43  73  98 
(Length: 5)  9  27  33  43  89 
(Length: 4)  9  11  43  96 
(Length: 4)  9  11  18  73 
(Length: 4)  9  43  57  98 
(Length: 5)  9  11  33  43  73 
(Length: 4)  9  62  74  81 
(Length: 4)  9  39  72  79 
(Length: 4)  9  12  33  91 
(Length: 5)  9  11  21  33  86 
(Length: 4)  9  11  81  96 
(Length: 4)  9  73  98  99 
(Length: 4)  9  53  75  99 
(Length: 4)  9  43  89  96 
(Length: 4)  9  11  21  96 
(Length: 4)  9  21  33  91 
(Length: 4)  9  33  86  89 
(Length: 4)  9  11  33  81 
(Length: 3)  9  62  73 
(Length: 4)  9  11  70  73 
(Length: 3)  9  18  95 
(Length: 4)  9  74  86  89 
(Length: 4)  9  33  72  91 
(Length: 4)  9  33  43  91 
(Length: 4)  9  11  81  99 
(Length: 4)  9  71  81  84 
(Length: 4)  9  57  74  81 
(Length: 3)  9  12  95 
(Length: 3)  10  61  77 
(Length: 4)  10  45  61  93 
(Length: 4)  10  14  87  88 
(Length: 4)  10  45  84  93 
(Length: 3)  10  77  84 
(Length: 4)  10  47  87  97 
(Length: 3)  10  45  46 
(Length: 5)  10  14  46  87  97 
(Length: 3)  10  47  61 
(Length: 3)  10  93  97 
(Length: 4)  10  47  62  97 
(Length: 4)  11  21  33  68 
(Length: 4)  11  21  33  85 
(Length: 4)  11  21  29  96 
(Length: 4)  11  19  28  54 
(Length: 3)  11  42  68 
(Length: 4)  11  38  43  96 
(Length: 4)  11  28  54  70 
(Length: 5)  11  25  70  80  81 
(Length: 4)  11  28  83  96 
(Length: 4)  11  21  29  33 
(Length: 3)  11  28  86 
(Length: 4)  11  25  29  80 
(Length: 5)  11  19  30  44  85 
(Length: 4)  11  18  80  96 
(Length: 4)  11  25  44  80 
(Length: 5)  11  42  44  85  96 
(Length: 5)  11  28  38  42  96 
(Length: 4)  11  29  42  96 
(Length: 3)  11  16  83 
(Length: 4)  11  38  43  73 
(Length: 4)  11  18  30  85 
(Length: 4)  11  37  83  96 
(Length: 4)  11  21  38  96 
(Length: 4)  11  37  43  96 
(Length: 4)  11  21  85  96 
(Length: 4)  11  21  23  86 
(Length: 4)  11  44  55  99 
(Length: 5)  11  25  37  80  81 
(Length: 4)  11  81  85  96 
(Length: 4)  11  80  81  99 
(Length: 4)  11  44  80  96 
(Length: 4)  11  19  30  54 
(Length: 4)  11  43  85  96 
(Length: 4)  11  21  30  85 
(Length: 4)  11  16  21  68 
(Length: 4)  11  40  68  81 
(Length: 4)  11  16  21  85 
(Length: 5)  11  25  28  70  73 
(Length: 4)  11  33  43  85 
(Length: 4)  11  28  38  73 
(Length: 5)  11  38  42  44  96 
(Length: 4)  11  28  42  54 
(Length: 5)  11  18  42  85  96 
(Length: 4)  11  21  37  96 
(Length: 3)  11  15  21 
(Length: 3)  11  15  25 
(Length: 4)  11  21  23  85 
(Length: 4)  11  23  44  55 
(Length: 4)  11  23  44  85 
(Length: 5)  11  37  80  81  96 
(Length: 4)  11  18  30  80 
(Length: 5)  11  19  30  43  85 
(Length: 4)  11  21  29  30 
(Length: 4)  11  29  80  96 
(Length: 4)  11  16  21  38 
(Length: 5)  12  13  14  37  63 
(Length: 3)  12  15  25 
(Length: 4)  12  22  26  65 
(Length: 4)  12  29  30  66 
(Length: 4)  12  22  29  33 
(Length: 4)  12  15  46  95 
(Length: 4)  12  25  37  80 
(Length: 4)  12  25  29  80 
(Length: 4)  12  67  88  94 
(Length: 5)  12  22  33  56  63 
(Length: 4)  12  22  37  63 
(Length: 3)  12  31  46 
(Length: 4)  12  65  77  94 
(Length: 4)  12  13  25  37 
(Length: 3)  12  13  26 
(Length: 3)  12  46  91 
(Length: 4)  12  14  46  66 
(Length: 4)  12  25  29  67 
(Length: 4)  12  14  56  63 
(Length: 3)  12  63  64 
(Length: 4)  12  14  37  66 
(Length: 4)  12  22  56  65 
(Length: 4)  12  46  66  73 
(Length: 4)  12  25  44  80 
(Length: 4)  12  14  37  88 
(Length: 5)  12  22  33  63  91 
(Length: 4)  12  15  26  46 
(Length: 3)  12  25  31 
(Length: 4)  12  25  44  67 
(Length: 4)  12  14  88  94 
(Length: 4)  12  33  51  73 
(Length: 4)  12  25  56  67 
(Length: 3)  12  15  63 
(Length: 4)  12  23  44  67 
(Length: 3)  12  25  73 
(Length: 3)  12  25  91 
(Length: 4)  12  25  56  80 
(Length: 4)  12  26  44  65 
(Length: 5)  12  22  33  51  91 
(Length: 4)  12  51  56  77 
(Length: 3)  12  26  64 
(Length: 3)  12  31  65 
(Length: 4)  12  23  65  77 
(Length: 4)  12  14  29  66 
(Length: 3)  12  26  88 
(Length: 4)  12  56  65  80 
(Length: 4)  12  65  80  94 
(Length: 3)  12  64  77 
(Length: 5)  12  30  44  65  80 
(Length: 3)  12  64  73 
(Length: 3)  12  77  95 
(Length: 4)  12  29  30  80 
(Length: 4)  12  30  65  77 
(Length: 3)  12  44  95 
(Length: 3)  12  31  63 
(Length: 3)  12  30  91 
(Length: 4)  12  56  63  67 
(Length: 4)  12  23  44  65 
(Length: 4)  12  56  65  77 
(Length: 3)  12  33  44 
(Length: 5)  12  22  33  51  56 
(Length: 4)  12  46  66  95 
(Length: 3)  12  64  80 
(Length: 3)  12  73  94 
(Length: 3)  12  46  80 
(Length: 4)  13  63  89  96 
(Length: 3)  13  58  96 
(Length: 4)  13  25  37  81 
(Length: 4)  13  25  69  74 
(Length: 3)  13  35  89 
(Length: 4)  13  63  74  81 
(Length: 4)  13  25  74  81 
(Length: 6)  13  14  37  63  81  96 
(Length: 5)  13  37  63  83  96 
(Length: 4)  13  26  35  58 
(Length: 4)  13  28  83  96 
(Length: 4)  13  28  89  96 
(Length: 4)  13  63  74  89 
(Length: 4)  13  69  74  89 
(Length: 3)  13  26  74 
(Length: 3)  13  58  69 
(Length: 3)  13  35  37 
(Length: 4)  14  41  76  81 
(Length: 4)  14  24  63  76 
(Length: 4)  14  46  76  90 
(Length: 4)  14  24  87  97 
(Length: 4)  14  24  88  94 
(Length: 4)  14  29  42  96 
(Length: 3)  14  42  56 
(Length: 3)  14  42  59 
(Length: 3)  14  40  46 
(Length: 4)  14  17  76  81 
(Length: 4)  14  81  94  97 
(Length: 4)  14  20  56  97 
(Length: 4)  14  24  87  88 
(Length: 4)  14  29  76  90 
(Length: 4)  14  41  76  90 
(Length: 4)  14  41  81  96 
(Length: 4)  14  63  76  81 
(Length: 4)  14  24  63  87 
(Length: 4)  14  24  63  96 
(Length: 4)  14  24  94  97 
(Length: 3)  14  59  87 
(Length: 3)  14  88  90 
(Length: 4)  14  40  63  81 
(Length: 4)  14  17  40  81 
(Length: 4)  14  20  24  97 
(Length: 4)  15  57  59  87 
(Length: 4)  15  50  57  95 
(Length: 3)  15  63  87 
(Length: 3)  15  71  84 
(Length: 3)  15  26  59 
(Length: 4)  15  50  57  98 
(Length: 4)  15  21  57  69 
(Length: 4)  15  26  46  71 
(Length: 4)  15  57  69  95 
(Length: 5)  15  45  46  50  95 
(Length: 3)  15  25  50 
(Length: 3)  15  25  69 
(Length: 4)  15  57  59  98 
(Length: 4)  15  59  84  98 
(Length: 4)  15  45  84  95 
(Length: 4)  16  35  46  85 
(Length: 3)  16  68  79 
(Length: 4)  16  63  74  79 
(Length: 4)  16  24  92  95 
(Length: 3)  16  85  94 
(Length: 3)  16  35  38 
(Length: 4)  16  46  92  95 
(Length: 3)  16  74  95 
(Length: 3)  16  46  79 
(Length: 4)  16  32  46  92 
(Length: 5)  16  24  63  76  83 
(Length: 4)  16  21  32  92 
(Length: 4)  16  32  35  46 
(Length: 3)  16  24  94 
(Length: 3)  16  32  63 
(Length: 3)  16  38  74 
(Length: 4)  16  74  79  94 
(Length: 3)  16  46  76 
(Length: 4)  16  21  32  68 
(Length: 4)  17  25  47  74 
(Length: 3)  17  26  74 
(Length: 5)  17  58  71  76  80 
(Length: 5)  17  71  76  80  81 
(Length: 3)  17  47  92 
(Length: 4)  17  58  71  92 
(Length: 3)  17  81  93 
(Length: 3)  17  92  93 
(Length: 3)  17  22  92 
(Length: 3)  17  22  76 
(Length: 4)  17  25  80  81 
(Length: 4)  17  26  58  71 
(Length: 4)  17  25  74  81 
(Length: 3)  18  32  46 
(Length: 3)  18  69  95 
(Length: 3)  18  24  95 
(Length: 3)  18  24  88 
(Length: 3)  18  69  88 
(Length: 3)  18  85  88 
(Length: 3)  18  46  80 
(Length: 3)  18  30  69 
(Length: 4)  18  24  80  96 
(Length: 3)  18  24  49 
(Length: 3)  18  46  85 
(Length: 3)  18  46  95 
(Length: 3)  18  67  88 
(Length: 3)  18  69  73 
(Length: 3)  18  46  73 
(Length: 3)  19  28  95 
(Length: 4)  19  45  46  95 
(Length: 3)  19  41  45 
(Length: 4)  19  30  60  85 
(Length: 4)  19  30  54  60 
(Length: 4)  19  30  39  43 
(Length: 4)  19  43  46  85 
(Length: 3)  19  28  41 
(Length: 4)  19  39  43  46 
(Length: 4)  19  46  92  95 
(Length: 4)  19  44  69  95 
(Length: 4)  19  30  39  60 
(Length: 4)  19  30  44  69 
(Length: 3)  19  28  39 
(Length: 4)  19  69  92  95 
(Length: 4)  20  27  33  93 
(Length: 4)  20  24  95  99 
(Length: 4)  20  27  33  51 
(Length: 4)  20  27  33  43 
(Length: 4)  20  62  72  86 
(Length: 4)  20  33  51  56 
(Length: 4)  20  33  86  93 
(Length: 4)  20  33  93  97 
(Length: 4)  20  28  39  86 
(Length: 4)  20  33  56  97 
(Length: 4)  20  62  72  97 
(Length: 4)  20  24  92  95 
(Length: 5)  20  50  93  98  99 
(Length: 4)  20  24  72  97 
(Length: 4)  20  28  50  86 
(Length: 4)  20  27  35  43 
(Length: 4)  20  50  92  95 
(Length: 5)  20  50  92  93  98 
(Length: 3)  20  62  78 
(Length: 4)  20  93  97  98 
(Length: 4)  20  43  50  98 
(Length: 3)  20  62  95 
(Length: 4)  20  33  72  97 
(Length: 3)  20  35  62 
(Length: 3)  20  35  53 
(Length: 4)  20  35  43  98 
(Length: 3)  20  51  92 
(Length: 4)  20  35  39  43 
(Length: 4)  20  27  43  50 
(Length: 4)  20  39  72  86 
(Length: 4)  20  32  86  92 
(Length: 3)  20  53  86 
(Length: 4)  20  39  72  97 
(Length: 4)  20  32  33  86 
(Length: 3)  20  32  35 
(Length: 5)  20  50  86  92  93 
(Length: 3)  20  65  92 
(Length: 3)  21  64  77 
(Length: 4)  21  32  33  68 
(Length: 4)  21  33  51  91 
(Length: 4)  21  23  77  86 
(Length: 5)  21  48  69  77  92 
(Length: 4)  21  37  57  66 
(Length: 4)  21  32  33  91 
(Length: 4)  21  77  86  92 
(Length: 4)  21  33  51  69 
(Length: 4)  21  32  86  92 
(Length: 4)  21  38  48  96 
(Length: 3)  21  62  68 
(Length: 4)  21  32  33  86 
(Length: 4)  21  57  68  69 
(Length: 5)  21  51  69  77  92 
(Length: 3)  21  30  39 
(Length: 3)  21  30  91 
(Length: 4)  21  38  48  69 
(Length: 5)  21  30  48  69  77 
(Length: 4)  21  29  30  66 
(Length: 4)  21  33  68  69 
(Length: 4)  21  62  66  86 
(Length: 4)  21  23  39  86 
(Length: 4)  22  32  75  91 
(Length: 3)  22  70  72 
(Length: 3)  22  26  36 
(Length: 4)  22  32  45  61 
(Length: 3)  22  26  61 
(Length: 4)  22  26  65  70 
(Length: 3)  22  26  83 
(Length: 3)  22  65  92 
(Length: 4)  22  56  65  97 
(Length: 4)  22  29  33  72 
(Length: 4)  22  65  70  76 
(Length: 3)  22  61  76 
(Length: 5)  22  32  33  63  91 
(Length: 3)  22  29  76 
(Length: 4)  22  36  51  92 
(Length: 3)  22  63  87 
(Length: 3)  22  51  87 
(Length: 3)  22  70  78 
(Length: 4)  22  63  76  83 
(Length: 3)  22  75  87 
(Length: 4)  22  37  63  83 
(Length: 3)  22  87  97 
(Length: 4)  22  33  72  97 
(Length: 4)  22  33  56  97 
(Length: 3)  22  32  92 
(Length: 3)  22  61  78 
(Length: 4)  22  33  72  91 
(Length: 4)  22  63  78  91 
(Length: 3)  22  32  70 
(Length: 3)  22  37  61 
(Length: 3)  23  74  86 
(Length: 4)  23  44  67  97 
(Length: 4)  23  50  77  86 
(Length: 4)  23  50  77  79 
(Length: 3)  23  61  77 
(Length: 3)  23  61  93 
(Length: 3)  23  41  74 
(Length: 4)  23  44  67  86 
(Length: 4)  23  50  86  93 
(Length: 3)  23  75  93 
(Length: 3)  23  41  50 
(Length: 4)  23  67  86  93 
(Length: 3)  23  39  79 
(Length: 4)  23  55  74  79 
(Length: 4)  23  44  65  97 
(Length: 3)  23  39  97 
(Length: 4)  23  67  93  97 
(Length: 4)  24  49  60  63 
(Length: 4)  24  63  89  96 
(Length: 4)  24  60  63  87 
(Length: 3)  24  80  94 
(Length: 4)  24  63  64  76 
(Length: 4)  24  55  84  95 
(Length: 4)  24  55  95  99 
(Length: 3)  24  89  94 
(Length: 4)  24  55  92  95 
(Length: 3)  24  55  89 
(Length: 4)  24  64  76  80 
(Length: 4)  24  63  87  89 
(Length: 4)  24  60  87  97 
(Length: 3)  24  49  84 
(Length: 4)  24  63  83  96 
(Length: 4)  25  34  56  80 
(Length: 3)  25  74  79 
(Length: 3)  25  28  91 
(Length: 4)  25  34  44  80 
(Length: 3)  25  73  97 
(Length: 4)  25  56  69  74 
(Length: 3)  25  67  70 
(Length: 3)  25  50  79 
(Length: 3)  25  81  97 
(Length: 4)  25  56  67  97 
(Length: 3)  25  31  47 
(Length: 3)  25  31  79 
(Length: 3)  25  47  97 
(Length: 3)  25  44  69 
(Length: 4)  25  34  70  80 
(Length: 4)  25  69  70  73 
(Length: 4)  25  44  67  97 
(Length: 3)  26  36  58 
(Length: 3)  26  61  64 
(Length: 4)  26  39  59  83 
(Length: 3)  26  41  74 
(Length: 4)  26  35  42  85 
(Length: 3)  26  85  88 
(Length: 3)  26  36  59 
(Length: 4)  26  39  83  88 
(Length: 4)  26  42  44  85 
(Length: 3)  26  42  59 
(Length: 4)  26  35  39  46 
(Length: 3)  26  46  70 
(Length: 3)  26  36  41 
(Length: 4)  26  35  39  58 
(Length: 4)  26  35  46  85 
(Length: 3)  26  61  71 
(Length: 4)  26  42  44  58 
(Length: 3)  27  47  51 
(Length: 4)  27  33  69  93 
(Length: 5)  27  33  51  69  89 
(Length: 3)  27  50  79 
(Length: 4)  27  35  43  89 
(Length: 3)  27  47  65 
(Length: 3)  27  47  61 
(Length: 4)  27  61  69  93 
(Length: 3)  28  87  89 
(Length: 3)  28  54  74 
(Length: 3)  28  41  50 
(Length: 4)  28  74  86  89 
(Length: 4)  28  38  74  89 
(Length: 3)  28  73  87 
(Length: 4)  28  41  74  89 
(Length: 4)  28  41  89  96 
(Length: 4)  28  39  83  96 
(Length: 4)  28  38  89  96 
(Length: 3)  28  50  83 
(Length: 4)  29  66  95  99 
(Length: 4)  29  30  66  99 
(Length: 4)  29  30  82  99 
(Length: 3)  29  67  76 
(Length: 3)  29  76  80 
(Length: 3)  29  90  98 
(Length: 4)  29  82  98  99 
(Length: 4)  30  47  82  99 
(Length: 4)  30  48  65  77 
(Length: 3)  30  39  47 
(Length: 4)  30  69  74  78 
(Length: 3)  30  66  84 
(Length: 4)  30  54  84  90 
(Length: 4)  30  40  48  69 
(Length: 4)  30  44  82  99 
(Length: 3)  30  47  74 
(Length: 4)  30  44  58  80 
(Length: 4)  30  39  58  60 
(Length: 3)  30  75  87 
(Length: 4)  30  47  66  99 
(Length: 3)  30  75  91 
(Length: 3)  30  43  91 
(Length: 3)  30  43  48 
(Length: 3)  30  40  91 
(Length: 4)  30  47  48  65 
(Length: 3)  30  39  40 
(Length: 3)  30  58  66 
(Length: 4)  30  54  77  84 
(Length: 3)  30  54  74 
(Length: 4)  30  40  54  84 
(Length: 5)  30  44  58  69  82 
(Length: 3)  30  78  91 
(Length: 4)  30  69  78  82 
(Length: 3)  30  47  87 
(Length: 4)  30  54  60  77 
(Length: 4)  30  54  65  77 
(Length: 4)  30  39  60  90 
(Length: 4)  30  47  65  99 
(Length: 3)  31  48  59 
(Length: 3)  31  35  48 
(Length: 4)  31  39  46  79 
(Length: 3)  31  47  63 
(Length: 4)  31  47  48  65 
(Length: 4)  31  35  39  46 
(Length: 3)  31  63  83 
(Length: 4)  31  35  45  46 
(Length: 3)  31  63  79 
(Length: 4)  31  39  59  83 
(Length: 3)  31  39  47 
(Length: 4)  32  35  46  90 
(Length: 3)  32  45  86 
(Length: 4)  32  35  45  46 
(Length: 4)  32  33  86  89 
(Length: 4)  32  33  63  89 
(Length: 3)  32  35  89 
(Length: 4)  33  43  63  91 
(Length: 4)  33  43  63  89 
(Length: 3)  33  91  93 
(Length: 4)  33  68  69  93 
(Length: 3)  33  44  97 
(Length: 3)  33  63  81 
(Length: 3)  33  73  97 
(Length: 5)  33  68  81  93  97 
(Length: 4)  33  51  69  73 
(Length: 4)  33  52  56  97 
(Length: 4)  33  51  56  69 
(Length: 3)  34  40  84 
(Length: 4)  34  44  53  99 
(Length: 3)  34  41  72 
(Length: 3)  34  56  84 
(Length: 3)  34  70  72 
(Length: 4)  34  44  53  86 
(Length: 4)  34  41  80  99 
(Length: 3)  34  49  84 
(Length: 3)  34  70  84 
(Length: 4)  35  42  53  85 
(Length: 4)  35  38  42  84 
(Length: 4)  35  38  42  53 
(Length: 4)  35  38  42  48 
(Length: 4)  35  38  43  48 
(Length: 4)  35  39  46  90 
(Length: 4)  35  43  46  85 
(Length: 4)  35  38  43  89 
(Length: 4)  35  39  43  46 
(Length: 3)  35  58  62 
(Length: 3)  35  45  84 
(Length: 3)  35  45  53 
(Length: 4)  35  84  90  98 
(Length: 3)  36  51  89 
(Length: 3)  36  58  92 
(Length: 3)  36  58  60 
(Length: 3)  36  86  92 
(Length: 3)  36  41  89 
(Length: 3)  36  86  89 
(Length: 3)  36  54  59 
(Length: 4)  37  52  71  80 
(Length: 4)  37  61  71  81 
(Length: 4)  37  52  61  71 
(Length: 4)  37  43  63  96 
(Length: 3)  37  52  57 
(Length: 4)  38  69  74  89 
(Length: 4)  38  42  44  53 
(Length: 4)  38  42  48  96 
(Length: 3)  38  48  65 
(Length: 4)  38  44  53  65 
(Length: 4)  38  43  89  96 
(Length: 4)  38  43  48  96 
(Length: 3)  39  43  59 
(Length: 3)  39  47  86 
(Length: 3)  39  40  46 
(Length: 4)  39  46  72  79 
(Length: 3)  39  47  97 
(Length: 4)  39  83  88  90 
(Length: 4)  39  60  83  90 
(Length: 4)  39  46  72  97 
(Length: 4)  39  46  72  90 
(Length: 3)  40  68  69 
(Length: 4)  40  81  84  98 
(Length: 3)  40  63  91 
(Length: 3)  40  46  91 
(Length: 3)  40  64  98 
(Length: 4)  40  68  81  98 
(Length: 4)  40  54  84  98 
(Length: 3)  40  63  64 
(Length: 4)  41  62  74  81 
(Length: 3)  41  45  50 
(Length: 4)  41  80  81  96 
(Length: 3)  41  50  99 
(Length: 4)  41  80  81  99 
(Length: 3)  41  62  72 
(Length: 3)  41  72  90 
(Length: 4)  41  76  80  81 
(Length: 3)  42  56  84 
(Length: 4)  42  44  58  82 
(Length: 4)  42  44  53  85 
(Length: 4)  42  44  58  96 
(Length: 3)  42  68  82 
(Length: 4)  42  54  59  84 
(Length: 3)  42  48  59 
(Length: 3)  43  46  76 
(Length: 4)  43  63  89  96 
(Length: 4)  43  73  94  98 
(Length: 3)  43  48  59 
(Length: 3)  43  46  50 
(Length: 3)  43  48  50 
(Length: 3)  43  46  73 
(Length: 4)  43  50  57  98 
(Length: 3)  43  67  94 
(Length: 4)  43  63  67  76 
(Length: 3)  43  48  76 
(Length: 3)  43  46  91 
(Length: 4)  43  57  94  98 
(Length: 3)  43  89  94 
(Length: 4)  43  57  59  98 
(Length: 4)  44  58  80  96 
(Length: 4)  44  58  69  95 
(Length: 4)  44  53  75  99 
(Length: 4)  44  53  67  86 
(Length: 4)  44  53  65  99 
(Length: 4)  44  55  95  99 
(Length: 4)  45  50  86  93 
(Length: 3)  45  49  84 
(Length: 3)  45  86  94 
(Length: 4)  45  46  66  95 
(Length: 4)  45  66  84  93 
(Length: 4)  45  66  86  93 
(Length: 4)  45  66  84  95 
(Length: 3)  45  53  86 
(Length: 4)  46  71  76  80 
(Length: 3)  46  55  79 
(Length: 3)  46  79  82 
(Length: 3)  46  70  72 
(Length: 3)  46  71  92 
(Length: 3)  46  72  91 
(Length: 4)  46  70  76  80 
(Length: 3)  46  70  82 
(Length: 4)  46  71  73  97 
(Length: 4)  46  55  92  95 
(Length: 4)  46  50  92  95 
(Length: 4)  46  73  87  97 
(Length: 3)  46  50  79 
(Length: 4)  47  48  65  92 
(Length: 4)  47  62  74  86 
(Length: 3)  47  63  87 
(Length: 3)  47  65  97 
(Length: 3)  47  61  82 
(Length: 4)  47  62  66  86 
(Length: 3)  47  86  92 
(Length: 3)  47  52  61 
(Length: 3)  47  63  74 
(Length: 3)  47  52  97 
(Length: 3)  47  51  87 
(Length: 3)  47  51  92 
(Length: 4)  48  50  77  92 
(Length: 4)  48  65  70  76 
(Length: 4)  48  65  77  92 
(Length: 3)  48  55  92 
(Length: 4)  48  71  77  92 
(Length: 3)  48  69  70 
(Length: 3)  48  71  76 
(Length: 3)  48  55  59 
(Length: 3)  49  57  59 
(Length: 3)  49  59  84 
(Length: 3)  49  57  68 
(Length: 4)  50  77  86  92 
(Length: 4)  50  57  95  99 
(Length: 5)  50  57  93  98  99 
(Length: 4)  50  77  92  95 
(Length: 3)  51  73  87 
(Length: 4)  51  56  69  77 
(Length: 3)  51  87  89 
(Length: 3)  52  56  57 
(Length: 4)  52  61  71  76 
(Length: 3)  52  56  80 
(Length: 3)  52  57  95 
(Length: 4)  52  71  76  80 
(Length: 3)  52  71  97 
(Length: 3)  53  67  71 
(Length: 3)  54  98  99 
(Length: 3)  54  74  79 
(Length: 4)  54  70  84  98 
(Length: 3)  54  77  79 
(Length: 3)  54  65  70 
(Length: 4)  54  84  90  98 
(Length: 4)  54  59  84  98 
(Length: 3)  55  59  84 
(Length: 3)  55  74  89 
(Length: 3)  55  74  95 
(Length: 3)  56  63  74 
(Length: 3)  56  77  84 
(Length: 4)  56  57  69  74 
(Length: 4)  57  81  94  98 
(Length: 4)  57  58  69  95 
(Length: 4)  57  66  95  99 
(Length: 4)  57  68  69  93 
(Length: 4)  57  74  81  94 
(Length: 4)  57  66  93  99 
(Length: 4)  57  69  74  95 
(Length: 5)  57  68  81  93  98 
(Length: 5)  57  81  93  98  99 
(Length: 4)  58  62  66  73 
(Length: 3)  58  60  73 
(Length: 4)  58  66  71  73 
(Length: 4)  58  62  66  95 
(Length: 3)  58  69  73 
(Length: 4)  58  69  92  95 
(Length: 3)  60  63  81 
(Length: 4)  60  73  87  97 
(Length: 3)  60  81  97 
(Length: 3)  61  64  77 
(Length: 3)  61  64  76 
(Length: 4)  61  71  77  81 
(Length: 4)  61  69  82  93 
(Length: 4)  61  81  93  98 
(Length: 4)  61  71  76  81 
(Length: 3)  61  78  81 
(Length: 4)  61  69  78  82 
(Length: 4)  61  82  93  98 
(Length: 4)  61  64  82  98 
(Length: 4)  62  68  81  97 
(Length: 3)  62  73  78 
(Length: 4)  62  74  78  81 
(Length: 3)  62  73  97 
(Length: 4)  63  74  78  79 
(Length: 4)  63  74  78  81 
(Length: 3)  63  67  78 
(Length: 3)  64  73  98 
(Length: 4)  65  80  81  94 
(Length: 4)  65  77  81  94 
(Length: 4)  65  80  81  99 
(Length: 4)  65  81  94  97 
(Length: 5)  65  70  76  80  81 
(Length: 3)  66  71  84 
(Length: 3)  67  94  97 
(Length: 4)  67  68  93  97 
(Length: 3)  67  86  94 
(Length: 3)  67  70  76 
(Length: 3)  67  70  78 
(Length: 3)  67  71  76 
(Length: 3)  67  72  86 
(Length: 3)  67  72  97 
(Length: 3)  67  70  72 
(Length: 4)  67  78  88  94 
(Length: 5)  68  81  93  97  98 
(Length: 3)  68  79  82 
(Length: 4)  68  69  82  93 
(Length: 4)  68  82  93  98 
(Length: 4)  69  70  73  78 
(Length: 3)  69  75  93 
(Length: 3)  69  92  93 
(Length: 4)  69  70  78  82 
(Length: 4)  69  78  82  88 
(Length: 4)  69  77  92  95 
(Length: 3)  70  78  81 
(Length: 3)  70  82  98 
(Length: 4)  71  77  81  84 
(Length: 3)  72  77  79 
(Length: 4)  73  94  97  98 
(Length: 3)  73  78  94 
(Length: 4)  74  78  81  94 
(Length: 4)  74  78  79  94 
(Length: 4)  74  86  89  94 
(Length: 3)  75  91  93 
(Length: 3)  75  93  99 
(Length: 3)  76  83  90 
(Length: 3)  77  86  94 
(Length: 3)  77  84  95 
(Length: 3)  77  79  94 
(Length: 4)  78  79  82  94 
(Length: 4)  78  82  88  94 
(Length: 3)  80  86  94 
(Length: 4)  81  94  97  98 
(Length: 3)  81  85  94 
(Length: 4)  81  84  93  98 
(Length: 3)  82  94  98 
(Length: 4)  82  93  98  99 
(Length: 3)  91  93  98 
...model cost: 1.03 seconds  49025 FFE
 (opt) 447.00000000 == 447.00000000 (sur)  OPTIMALITY TEST PASSED!
   BESTimpr 395.00000000 -> 432.00000000
1*111111111*1**11**11***11**11**1111*11*1**1**11*1*1*11*****11**1*1*11*1**1***11*1****1**1111*****1*

   BESTimpr 432.00000000 -> 437.00000000
**1*****1*11**11**111***11**1111**1****1*****1**1*11***11*1*111*11*1*1**111*1111***11***1**1***11111


**11111*1*1*1*1*1**1***111*11***11*1*1111*******1*11*11*111**11*11***11***1**11111*1**11*1*1***1*1**


*11*11**111**111*11*1*1111****11**1*1**11111111**1******1**11*11*11*1*111*11********1*1*1***1*111*11

