Walsh model started...
 70  65  85  47  86  36  21  73  37  2  30  42  80  28  76  58  39  6  88  38  66  98 
 29  13  72  8  59  30  67  83  52  62  23  12  81  20  92  82  38  60  34  28  86  27  36  3  77  50  43  57  96  94  80  53  24 
 58  40  28  43  87  62  35  82  34  18  0  30  80  26  66  13  8  68  96  27  54  33  10 
 39  8  65  19  35  16  28  30  81  7  87  46  85  92  12  17  89  78  94  24  22  77  1  62  13  31  84  33  54  48  23 
 27  50  10  98  12  11  61  6  52  99  19  23  82  65  75  39  85 
 13  61  95  10  81  69  45  80  39  31  14  55  7  48  58  75  96  38  52 
 83  15  73  86  40  67  61  4  33  24  81  70  91  41  97  27  12  39  0  38 
 50  70  63  15  97  91  60  88  92  69  40  3  87  55  30  64  58  61  47  79  42  22  10  85  5  48  93  90  21  77  66  72  59 
 48  74  12  90  3  39  1  72  35  81  49  45  26  69  52  99  13  2  68  57  53  83  20  50  87  43  46  14  86  51 
 71  60  70  86  34  77  95  44  30  20  69  25  88  68  75  73  11  93  46 
 5  95  88  54  38  63  4  98  69  46  32  80  17  25  15  65  40  85  7  26  2  33 
 20  35  13  53  60  33  76  84  85  67  64  12  66  4  51  98  75  34  90  94  17  97  55  9  73 
 90  8  32  27  16  60  23  1  11  66  4  51  73  92  3  45  25  57  33  49  24  21  85  18  58  93  77  78  47  89  98  53  68  6  65  69 
 11  53  29  1  28  83  61  5  88  72  2  8  94  74  38  62  3  90  20  63  71  78  52  23  86  24  41  97 
 54  51  5  31  81  80  44  90  8  46 
 63  7  67  88  83  6  25  10  31  29  23  89  70  56  76  22  53  80  32  36 
 67  95  75  45  30  81  12  60  35  3  70  77  63  89  18  20  96  43  84  78  76  26  46 
 80  10  89  3  93  32  60  74  48  33  90  47  26  53  11  92 
 29  88  95  82  2  34  57  68  85  12  20  16  77  92  38  61  26  79  46 
 65  3  75  21  58  32  4  23  25  98  29  27  53  45  86  42  38  55 
 11  35  75  60  92  72  30  9  81  1  33  85  88  52  58  64  63  18  16  24  84  13  54  71  65  98  8  83  28 
 47  0  85  53  24  12  39  49  75  19  59  68  90  7  54  30  69  77 
 78  74  33  29  91  23  34  26  3  87  79  76  97  67  7  50  99  36  71  15  61  54  75  37  81  69 
 70  34  47  36  95  1  12  76  65  91  22  89  29  51  25  37  15  4  19  26  55  77  44  54  52  13  84  3  28 
 57  68  49  99  21  12  78  3  33  6  84  44  89  26  20  58  96  97  1  53  86  13  77 
 93  64  12  45  10  15  37  23  9  88  19  98  60  92  55  67  76  63 
 8  69  43  39  22  34  2  66  89  24  95  23  88  10  17  80  18  61  70  87  92  58  48  81  29  16  46 
 4  50  32  12  85  1  36  2  54  29  19  53  55  33  72  6  97  43 
 43  2  98  58  42  68  83  13  30  3  87  67  44  1  86  0  76  96  20  23 
 46  55  18  88  63  35  1  13  68  22  33  79  62  99  67  89  23  36  64  71  90  74  31  15  51  92  54  87  27  19  81  26 
 16  81  1  59  9  20  28  3  55  7  0  2  48  90  43  54  40  69  46  36  85  58  93  82  74  79  63  92  21  44 
 48  45  94  85  34  74  66  42  29  15  5  14  89  36  51  3  92 
 82  35  12  27  59  51  45  47  85  10  46  58  19  65  61  17  60  39  37  15  89  92  76  43 
 11  76  22  29  85  20  49  12  6  24  17  90  84  3  87  75  98  27  72  82  92  38  2  10 
 70  23  77  9  95  47  37  73  78  88  93  68  31  74  2  18  22  26  75  11  42  39  76  60  1  91  72  80  64 
 20  11  63  29  32  82  3  16  8  72  2  54  42  56  91  36  43 
 98  82  47  23  0  86  93  29  64  67  76  71  89  31  30  85  1  27  22  15  97  57  35 
 85  98  75  72  73  0  47  34  70  93  25  23  39  32  42  22 
 45  76  63  10  66  85  13  1  92  18  71  75  96  5  33  6  77  89  42  19  88  0  83  44 
 3  8  99  90  49  66  43  26  21  5  80  34  75  76  89  42  37  32  6  0  4  85 
 58  2  99  52  56  69  7  6  67  98  57  92  10  65  43  30  62  55  44  51  83  97 
 91  45  82  51  49  97  76  67  59  44  86  46  6  43  70  63  13  89 
 28  68  49  91  0  80  34  77  31  66  54  35  47  7  74  89  39  37  72  60  67  38  19 
 28  2  93  76  26  39  96  16  30  54  40  51  50  1  87  85  97  27  41  70  66  8  35  67  32  59 
 95  9  28  67  55  88  24  84  76  41  40  51  96  54  23  14  90  83  38  30  63  89 
 48  31  41  91  16  75  38  76  32  47  8  49  5  69  12  25  67  86  55  82  19  70  58 
 29  55  87  53  79  94  3  85  83  97  10  32  69  30  86  41  67  73  8  14  18  26  16  93  9 
 60  68  23  36  88  76  62  80  85  0  21  32  45  34  37  7  61  58  84  12  78  42  17  48  70  72  59 
 8  74  31  45  91  97  86  99  84  90  30  17  7  5  47  65  3  56  26  58  51 
 77  56  97  41  82  8  45  39  66  24  99  33  12  21  91  42 
 70  7  27  4  83  66  22  1  43  8  87 
 41  82  54  14  59  32  73  12  76  58  98  11  23  89  66  77  29  31  96  43  60  81  44  40  48  8 
 99  40  56  62  1  20  88  57  76  8  4  58  92  5  81  86  23  13  67  94  89  70 
 58  78  11  13  60  87  46  85  21  83  62  97  81  82  15  80  27  12  55  65  19  8  17  1  24 
 63  94  88  10  14  51  85  69  35  42  30  43  87  29  2  27  3  22  55  44  23  71  20  21 
 46  29  56  84  7  30  44  88  5  45  93  40  62  54  94  27  53  23  77  97  11  63  67  25  19 
 77  49  40  52  94  85  55  84  98  86  70  15  91  35  48  99 
 24  68  52  76  18  92  12  40  1  8  97  36  70  60 
 78  53  40  2  98  28  77  79  64  20  7  47  84  76  51  93  12  80  19  32  52  92  30  0  75  5  24  86  81  65  26  48  45 
 1  30  32  51  68  87  85  77  76  60  79  21  41  7  43  72  47 
 47  68  71  9  20  75  11  53  90  88  16  12  85  7  91  76  59  34  1  32  17  51  81  92  25  70  57  67  42  98  66 
 13  5  83  7  47  74  89  6  4  79  65  32  22  87  67  18  26 
 2  87  47  80  52  1  79  29  83  53  3  13  40  55  71  74 
 7  15  97  35  29  54  94  68  38  10  20  72  16  89  66  91  67  13  88  55  30  92  76  25  41  44 
 66  69  67  11  93  25  58  20  7  29  36  92  80  34  77  78 
 3  19  0  70  23  76  61  32  10  40  82  4  53  48  58  12  20  98 
 69  64  12  11  95  92  83  50  39  49  26  2  85  38  31  42  51  77  89  91  63  72  7  68  90  43  98  60  0 
 95  16  15  88  64  11  1  83  99  29  76  41  6  40  45  86  28  44  36  97  22  63  46  73  61  60  42  94  52  55  25  43 
 60  47  28  42  29  63  24  57  59  87  93  34  18  73  95  2  96  21  8  12  75  9  90  66 
 66  64  93  74  87  92  5  81  40  7  95  9  85  54  8  26  45  10  30  46  22  12  21 
 50  7  23  34  9  86  0  65  77  16  85  37  91  96  56  15  6  87  26  43  41  57  60  52  89  47  45 
 60  9  36  29  22  38  75  13  78  54  20  74  62 
 1  8  20  92  75  37  35  88  13  63  33  27  91  34  66  7  94  87  42  47  59 
 0  37  51  12  86  6  77  34  83  98  68  95  46  67  9  11 
 8  48  78  22  69  93  34  31  61  89  13  94  90  29  17  42  71  62  30  79  96 
 20  60  91  90  16  45  37  72  11  34  19  21  39  71  38  87  33  96  68  4  58  5  9  94  81  22 
 84  90  11  33  47  88  93  43  45  38  23  65  57  52  67  41  60  59  58  51  36  79  22  34  15  28  0  39  44  92  32  63  25  16  78 
 49  56  34  9  58  79  70  16  73  59  85  42  12  18  51  66  3  1  95  23  55  7  93  86  81  38  89  64  78  21  24 
 58  53  99  82  74  22  96  88  34  3  94  24  12  47  13  71  77  64  16  76 
 46  94  77  58  62  29  61  7  22  76  59  18  74  30 
 62  47  17  10  58  2  42  0  5  39  53  15  26  1  94  81  14  64  34 
 30  16  1  20  5  69  3  8  97  53  6  83  51  60  80  14  52  75  58  77  86  26  29  22 
 99  78  95  18  32  35  98  36  41  51  96  49  2  85  92  1  53  45  4  65  33  93  30 
 28  13  61  67  1  15  6  66  50  46  97  53  62  73  98  81  40  8  20  44  38 
 76  90  11  85  55  56  48  97  47  58  24  44  33  3  16  20  91  23 
 11  84  56  94  47  0  60  98  37  33  20  31  69  54  82  32  46  3  59  77  53  21  18  12  70  66  38  27  30  36  10  7  87  43  39  4 
 70  9  99  48  0  36  73  6  45  67  56  94  28  1  95  89  46  41  52  58  77  81  19  8  13  24 
 2  62  46  53  69  92  59  68  7  3  28  22  54  29  99  98  61  85  43  75  33  70  26  94  72  50  8 
 18  29  90  60  47  76  15  67  54  10  92  7  20  52  78  34  13  72  55  44  9  25  26  63  38  0 
 29  23  61  74  17  3  16  63  51  93  36  31  15  26  24  66  12  95  86  39  42  32  38  77  52  70  44  41 
 84  76  12  8  88  60  91  75  99  39  48  30  74  29  17  33  21  7  13  11  68  66  14  44 
 41  45  90  75  48  97  7  60  22  23  49  42  96  70  66  63  6  34  72  56  35  84 
 20  72  87  69  66  95  88  7  3  12  57  1  82  40  52  58  29  64  98  18  38  31  60  25  33  26  17  30  63  32  76 
 69  74  43  76  64  25  98  36  68  34  58  12  37  89  17  55  7  77  82  30  46  9 
 54  63  79  46  56  85  31  3  78  86  13  74  55  1  80  11  75  87  72  67  52 
 82  18  67  16  34  23  5  10  9  44  66  92  69  68  73  26  86  89  77  96 
 78  82  91  70  43  16  51  2  68  95  44  75  28  1  24  97  5  38  74 
 7  63  91  48  49  41  84  83  46  81  53  22  67  40  6  24  96  43  27  36  57  55  11  13 
 58  28  82  36  85  37  10  4  93  51  11  56  40  73  83  19  25  87  99  92  12  33  65  20  66  60  0 
 78  82  40  52  86  48  29  67  39  90  24  49  8  4  22  87  98  56 
-->CDecomWalshPart::vInitTrueLinkage-->GLBs: 1117
(Length: 5)  0  2  28  30  58 
(Length: 3)  0  6  38 
(Length: 3)  0  39  76 
(Length: 4)  0  39  42  80 
(Length: 4)  0  37  39  85 
(Length: 4)  0  21  30  85 
(Length: 4)  0  47  58  80 
(Length: 4)  0  30  36  85 
(Length: 4)  0  37  39  42 
(Length: 4)  0  39  66  85 
(Length: 3)  0  28  42 
(Length: 4)  0  47  58  76 
(Length: 4)  0  38  66  85 
(Length: 4)  0  42  47  80 
(Length: 5)  0  37  47  70  85 
(Length: 4)  0  58  65  76 
(Length: 3)  0  2  66 
(Length: 4)  0  47  76  88 
(Length: 4)  0  66  85  98 
(Length: 4)  0  37  85  98 
(Length: 4)  0  28  58  76 
(Length: 4)  0  36  47  76 
(Length: 4)  0  2  58  80 
(Length: 3)  0  36  86 
(Length: 4)  0  36  85  98 
(Length: 4)  0  28  58  86 
(Length: 4)  0  28  58  98 
(Length: 4)  0  58  65  98 
(Length: 4)  0  21  39  85 
(Length: 3)  0  6  39 
(Length: 4)  0  21  47  85 
(Length: 4)  0  37  42  47 
(Length: 4)  0  38  42  66 
(Length: 4)  0  36  47  85 
(Length: 4)  0  39  42  66 
(Length: 4)  0  6  70  86 
(Length: 4)  0  37  73  98 
(Length: 4)  0  6  73  86 
(Length: 4)  0  38  76  88 
(Length: 3)  0  65  70 
(Length: 3)  1  82  96 
(Length: 5)  1  8  52  81  86 
(Length: 4)  1  28  30  43 
(Length: 4)  1  30  82  92 
(Length: 5)  1  13  52  86  94 
(Length: 4)  1  20  60  92 
(Length: 3)  1  24  96 
(Length: 4)  1  53  60  81 
(Length: 4)  1  53  62  80 
(Length: 4)  1  36  67  86 
(Length: 4)  1  28  67  83 
(Length: 4)  1  77  81  86 
(Length: 4)  1  3  30  92 
(Length: 4)  1  3  30  81 
(Length: 4)  1  3  28  30 
(Length: 5)  1  8  20  81  83 
(Length: 4)  1  13  28  86 
(Length: 3)  1  29  92 
(Length: 3)  1  29  81 
(Length: 3)  1  27  72 
(Length: 4)  1  29  36  67 
(Length: 3)  1  36  57 
(Length: 4)  1  27  43  50 
(Length: 4)  1  13  38  83 
(Length: 4)  1  3  8  12 
(Length: 4)  1  3  8  13 
(Length: 5)  1  8  13  20  52 
(Length: 5)  1  3  12  23  77 
(Length: 5)  1  3  12  24  77 
(Length: 4)  1  12  27  53 
(Length: 4)  1  8  43  50 
(Length: 4)  1  8  12  53 
(Length: 4)  1  8  12  57 
(Length: 4)  1  3  8  81 
(Length: 4)  1  3  12  92 
(Length: 4)  1  13  20  24 
(Length: 4)  1  8  50  83 
(Length: 5)  1  13  20  28  83 
(Length: 4)  1  13  23  29 
(Length: 5)  1  8  13  53  83 
(Length: 4)  1  8  52  57 
(Length: 4)  1  13  52  62 
(Length: 5)  1  52  67  86  94 
(Length: 3)  1  38  92 
(Length: 4)  1  53  80  81 
(Length: 3)  1  80  94 
(Length: 5)  1  8  13  20  72 
(Length: 5)  1  8  20  52  81 
(Length: 5)  1  8  13  20  83 
(Length: 4)  1  28  67  86 
(Length: 3)  1  34  60 
(Length: 5)  1  8  13  52  86 
(Length: 3)  1  34  72 
(Length: 4)  1  20  52  92 
(Length: 3)  1  59  77 
(Length: 3)  1  60  67 
(Length: 3)  1  59  60 
(Length: 4)  1  23  34  77 
(Length: 4)  1  28  43  96 
(Length: 3)  1  34  80 
(Length: 3)  1  38  77 
(Length: 5)  1  13  53  62  83 
(Length: 4)  1  3  13  24 
(Length: 4)  1  3  13  62 
(Length: 4)  1  3  13  94 
(Length: 4)  1  27  29  36 
(Length: 4)  1  3  77  81 
(Length: 3)  1  38  96 
(Length: 4)  1  13  24  86 
(Length: 4)  1  12  24  53 
(Length: 3)  1  59  72 
(Length: 4)  1  12  24  57 
(Length: 5)  1  3  13  23  28 
(Length: 4)  1  24  77  86 
(Length: 3)  1  53  82 
(Length: 4)  1  20  30  92 
(Length: 4)  1  12  53  60 
(Length: 4)  1  30  36  82 
(Length: 5)  1  12  57  60  92 
(Length: 4)  1  20  60  81 
(Length: 5)  1  8  53  81  83 
(Length: 4)  1  20  28  30 
(Length: 4)  1  20  30  81 
(Length: 4)  1  28  43  67 
(Length: 4)  1  13  24  53 
(Length: 4)  1  23  29  36 
(Length: 4)  1  13  23  52 
(Length: 4)  1  30  43  59 
(Length: 4)  1  13  29  62 
(Length: 4)  1  52  57  92 
(Length: 4)  1  20  72  92 
(Length: 4)  1  13  72  94 
(Length: 3)  2  8  13 
(Length: 4)  2  10  26  80 
(Length: 4)  2  18  26  34 
(Length: 3)  2  27  33 
(Length: 4)  2  30  40  43 
(Length: 4)  2  28  30  43 
(Length: 4)  2  35  43  54 
(Length: 3)  2  10  54 
(Length: 4)  2  28  68  87 
(Length: 4)  2  28  43  96 
(Length: 3)  2  35  82 
(Length: 4)  2  26  58  80 
(Length: 4)  2  28  43  87 
(Length: 3)  2  30  82 
(Length: 3)  2  82  96 
(Length: 4)  2  18  34  68 
(Length: 4)  2  28  68  96 
(Length: 4)  2  26  34  80 
(Length: 3)  2  10  40 
(Length: 3)  2  18  82 
(Length: 3)  2  62  87 
(Length: 3)  2  62  80 
(Length: 4)  2  43  54  87 
(Length: 3)  2  66  68 
(Length: 5)  2  8  26  43  87 
(Length: 3)  2  13  28 
(Length: 4)  2  8  35  43 
(Length: 4)  2  26  43  66 
(Length: 4)  2  30  43  54 
(Length: 3)  2  13  62 
(Length: 4)  2  8  68  87 
(Length: 4)  2  30  40  58 
(Length: 4)  2  27  43  54 
(Length: 3)  2  33  82 
(Length: 3)  2  33  87 
(Length: 3)  2  10  33 
(Length: 3)  2  40  62 
(Length: 4)  3  16  30  46 
(Length: 4)  3  33  84  85 
(Length: 5)  3  54  85  87  94 
(Length: 4)  3  16  77  81 
(Length: 4)  3  12  77  85 
(Length: 5)  3  12  16  77  89 
(Length: 4)  3  13  78  94 
(Length: 3)  3  28  87 
(Length: 3)  3  22  81 
(Length: 3)  3  8  48 
(Length: 4)  3  24  33  84 
(Length: 3)  3  8  39 
(Length: 3)  3  8  35 
(Length: 4)  3  12  33  85 
(Length: 4)  3  22  54  87 
(Length: 4)  3  33  85  87 
(Length: 4)  3  33  87  92 
(Length: 3)  3  22  78 
(Length: 4)  3  22  23  54 
(Length: 4)  3  12  33  92 
(Length: 4)  3  7  85  87 
(Length: 4)  3  7  87  92 
(Length: 4)  3  13  24  78 
(Length: 5)  3  12  24  77  89 
(Length: 5)  3  12  24  77  78 
(Length: 4)  3  22  33  87 
(Length: 3)  3  62  87 
(Length: 4)  3  12  24  33 
(Length: 3)  3  17  89 
(Length: 5)  3  12  23  77  89 
(Length: 4)  3  7  22  87 
(Length: 3)  3  48  65 
(Length: 3)  3  48  84 
(Length: 4)  3  7  30  85 
(Length: 4)  3  12  23  65 
(Length: 4)  3  31  85  94 
(Length: 4)  3  7  30  92 
(Length: 5)  3  46  85  87  94 
(Length: 4)  3  7  30  48 
(Length: 4)  3  8  46  87 
(Length: 4)  3  17  33  92 
(Length: 3)  3  17  48 
(Length: 4)  3  19  23  65 
(Length: 3)  3  31  48 
(Length: 3)  3  16  35 
(Length: 4)  3  30  54  85 
(Length: 3)  3  23  84 
(Length: 5)  3  12  16  77  78 
(Length: 3)  3  39  89 
(Length: 4)  3  16  30  81 
(Length: 3)  3  16  84 
(Length: 4)  3  30  46  85 
(Length: 3)  3  39  85 
(Length: 3)  3  31  89 
(Length: 3)  3  31  92 
(Length: 3)  3  35  54 
(Length: 4)  3  7  77  85 
(Length: 4)  4  12  23  65 
(Length: 3)  4  39  75 
(Length: 4)  4  19  65  98 
(Length: 4)  4  82  98  99 
(Length: 4)  4  6  12  27 
(Length: 3)  4  19  75 
(Length: 4)  4  12  27  85 
(Length: 4)  4  10  85  98 
(Length: 3)  4  39  99 
(Length: 3)  4  11  75 
(Length: 3)  4  19  27 
(Length: 3)  4  61  65 
(Length: 4)  4  19  23  65 
(Length: 4)  4  65  82  98 
(Length: 3)  4  39  85 
(Length: 4)  4  10  65  98 
(Length: 3)  4  52  99 
(Length: 3)  4  23  52 
(Length: 3)  4  6  61 
(Length: 5)  4  11  12  85  98 
(Length: 3)  4  27  50 
(Length: 4)  4  82  85  98 
(Length: 3)  4  6  39 
(Length: 4)  4  12  65  98 
(Length: 4)  5  38  75  96 
(Length: 4)  5  45  58  75 
(Length: 3)  5  39  75 
(Length: 4)  5  52  58  81 
(Length: 4)  5  38  45  75 
(Length: 3)  5  13  38 
(Length: 3)  5  45  55 
(Length: 3)  5  45  69 
(Length: 3)  5  10  38 
(Length: 4)  5  58  80  81 
(Length: 3)  5  13  61 
(Length: 4)  5  14  80  81 
(Length: 3)  5  10  80 
(Length: 3)  5  69  81 
(Length: 3)  5  7  61 
(Length: 3)  5  95  96 
(Length: 3)  5  13  52 
(Length: 3)  5  14  31 
(Length: 3)  5  39  80 
(Length: 4)  5  45  48  58 
(Length: 4)  5  58  75  81 
(Length: 4)  5  10  69  95 
(Length: 3)  5  7  55 
(Length: 4)  5  31  45  48 
(Length: 4)  5  7  48  58 
(Length: 4)  5  7  10  69 
(Length: 3)  6  24  97 
(Length: 4)  6  61  67  83 
(Length: 3)  6  81  86 
(Length: 3)  6  33  38 
(Length: 3)  6  24  86 
(Length: 4)  6  12  24  33 
(Length: 4)  6  12  27  33 
(Length: 3)  6  12  73 
(Length: 3)  6  27  97 
(Length: 3)  6  15  70 
(Length: 4)  6  67  73  83 
(Length: 4)  6  41  70  86 
(Length: 4)  6  41  67  97 
(Length: 4)  6  15  67  83 
(Length: 5)  6  40  67  83  97 
(Length: 4)  6  41  67  86 
(Length: 4)  6  81  83  97 
(Length: 3)  6  38  83 
(Length: 4)  6  41  91  97 
(Length: 4)  6  41  70  91 
(Length: 4)  6  67  73  86 
(Length: 5)  7  63  66  72  91 
(Length: 3)  7  47  61 
(Length: 5)  7  47  60  70  85 
(Length: 3)  7  50  66 
(Length: 5)  7  42  60  66  91 
(Length: 4)  7  42  47  72 
(Length: 4)  7  22  91  97 
(Length: 4)  7  69  85  87 
(Length: 4)  7  50  70  87 
(Length: 5)  7  60  66  90  91 
(Length: 4)  7  30  69  93 
(Length: 4)  7  58  64  92 
(Length: 4)  7  58  77  79 
(Length: 5)  7  64  66  69  92 
(Length: 4)  7  64  66  77 
(Length: 4)  7  66  69  85 
(Length: 4)  7  70  77  85 
(Length: 4)  7  22  50  87 
(Length: 4)  7  47  48  58 
(Length: 4)  7  30  40  55 
(Length: 4)  7  10  40  69 
(Length: 4)  7  40  55  97 
(Length: 5)  7  47  59  60  85 
(Length: 4)  7  47  59  72 
(Length: 4)  7  70  85  87 
(Length: 4)  7  59  72  87 
(Length: 4)  7  48  91  97 
(Length: 4)  7  30  58  79 
(Length: 5)  7  58  64  77  93 
(Length: 4)  7  30  58  93 
(Length: 4)  7  48  90  91 
(Length: 4)  7  60  66  92 
(Length: 4)  7  69  87  92 
(Length: 4)  7  30  55  63 
(Length: 4)  7  47  60  88 
(Length: 3)  7  15  22 
(Length: 4)  7  64  69  93 
(Length: 4)  7  30  59  79 
(Length: 4)  7  60  70  91 
(Length: 4)  7  60  66  85 
(Length: 4)  7  55  77  93 
(Length: 4)  7  22  69  87 
(Length: 4)  7  59  77  79 
(Length: 4)  7  22  61  87 
(Length: 4)  7  60  88  92 
(Length: 4)  7  60  88  90 
(Length: 5)  7  10  15  63  88 
(Length: 4)  7  55  63  88 
(Length: 4)  7  30  48  90 
(Length: 4)  7  30  63  92 
(Length: 4)  7  10  69  85 
(Length: 4)  7  30  55  93 
(Length: 4)  7  42  66  77 
(Length: 4)  7  22  61  79 
(Length: 5)  7  63  72  88  92 
(Length: 5)  7  63  66  72  92 
(Length: 4)  7  55  63  97 
(Length: 4)  7  63  91  97 
(Length: 4)  7  30  48  58 
(Length: 5)  7  30  40  69  92 
(Length: 4)  7  42  47  60 
(Length: 4)  7  47  72  88 
(Length: 5)  7  21  30  59  85 
(Length: 4)  7  72  87  92 
(Length: 3)  7  15  70 
(Length: 4)  7  21  30  90 
(Length: 5)  7  42  66  72  91 
(Length: 4)  7  59  85  87 
(Length: 5)  7  30  40  58  92 
(Length: 4)  7  66  77  85 
(Length: 5)  7  21  59  77  85 
(Length: 5)  7  21  30  69  85 
(Length: 5)  7  21  47  59  85 
(Length: 4)  8  14  51  81 
(Length: 4)  8  46  53  83 
(Length: 5)  8  26  46  69  87 
(Length: 3)  8  46  86 
(Length: 3)  8  14  90 
(Length: 4)  8  45  48  86 
(Length: 3)  8  48  51 
(Length: 4)  8  20  35  72 
(Length: 4)  8  39  49  99 
(Length: 4)  8  26  39  43 
(Length: 3)  8  26  48 
(Length: 3)  8  43  51 
(Length: 4)  8  39  90  99 
(Length: 3)  8  87  99 
(Length: 3)  8  72  87 
(Length: 3)  8  69  74 
(Length: 4)  8  52  86  99 
(Length: 4)  8  26  69  81 
(Length: 4)  8  48  74  90 
(Length: 4)  8  12  45  49 
(Length: 3)  8  12  51 
(Length: 4)  8  48  86  99 
(Length: 4)  8  43  50  87 
(Length: 4)  8  48  90  99 
(Length: 4)  8  13  74  90 
(Length: 4)  8  12  68  90 
(Length: 4)  8  12  45  69 
(Length: 4)  8  12  57  68 
(Length: 4)  8  46  53  87 
(Length: 3)  8  14  46 
(Length: 4)  9  20  60  88 
(Length: 5)  9  30  46  69  93 
(Length: 3)  9  69  95 
(Length: 3)  9  25  93 
(Length: 5)  9  34  68  73  95 
(Length: 4)  9  46  73  86 
(Length: 5)  9  34  60  68  75 
(Length: 5)  9  11  34  60  75 
(Length: 3)  9  20  30 
(Length: 3)  9  30  44 
(Length: 5)  9  11  20  60  75 
(Length: 3)  9  44  95 
(Length: 5)  9  73  77  86  95 
(Length: 4)  9  34  60  70 
(Length: 4)  9  11  34  73 
(Length: 4)  9  34  60  88 
(Length: 3)  9  44  88 
(Length: 4)  9  34  70  77 
(Length: 4)  9  70  77  86 
(Length: 4)  9  25  60  88 
(Length: 5)  9  34  73  77  95 
(Length: 5)  9  20  60  71  75 
(Length: 4)  9  34  77  93 
(Length: 4)  9  34  68  93 
(Length: 4)  10  54  69  85 
(Length: 3)  10  26  88 
(Length: 4)  10  33  85  98 
(Length: 3)  10  32  65 
(Length: 4)  10  33  38  85 
(Length: 3)  10  17  32 
(Length: 3)  10  17  33 
(Length: 3)  10  15  32 
(Length: 3)  10  15  80 
(Length: 3)  10  25  98 
(Length: 4)  10  40  65  98 
(Length: 4)  10  32  46  85 
(Length: 4)  10  46  69  85 
(Length: 4)  10  26  69  95 
(Length: 4)  10  54  63  88 
(Length: 4)  10  17  26  80 
(Length: 5)  10  15  25  63  88 
(Length: 4)  10  26  46  69 
(Length: 4)  10  38  63  88 
(Length: 4)  11  55  67  94 
(Length: 5)  11  33  76  84  90 
(Length: 5)  11  20  33  85  98 
(Length: 4)  11  17  60  90 
(Length: 5)  11  20  33  84  85 
(Length: 5)  11  20  60  85  98 
(Length: 3)  11  20  64 
(Length: 4)  11  13  53  97 
(Length: 3)  11  20  35 
(Length: 4)  11  12  33  90 
(Length: 4)  11  55  84  97 
(Length: 3)  11  67  73 
(Length: 3)  11  34  64 
(Length: 3)  11  64  67 
(Length: 3)  11  13  90 
(Length: 3)  11  85  94 
(Length: 4)  11  20  33  75 
(Length: 5)  11  12  33  85  98 
(Length: 3)  11  64  66 
(Length: 5)  11  12  51  73  98 
(Length: 3)  11  13  20 
(Length: 4)  11  34  60  76 
(Length: 3)  11  13  94 
(Length: 4)  11  60  67  76 
(Length: 4)  11  60  75  90 
(Length: 3)  11  75  94 
(Length: 6)  11  12  51  60  66  98 
(Length: 4)  11  53  55  97 
(Length: 4)  11  55  67  97 
(Length: 4)  11  60  76  90 
(Length: 4)  11  17  53  60 
(Length: 6)  11  12  60  66  85  98 
(Length: 4)  11  51  60  76 
(Length: 5)  11  12  53  60  85 
(Length: 4)  11  33  75  90 
(Length: 5)  11  12  60  66  90 
(Length: 4)  11  17  33  90 
(Length: 5)  12  51  66  77  89 
(Length: 4)  12  66  77  85 
(Length: 4)  12  18  57  92 
(Length: 5)  12  23  51  77  89 
(Length: 4)  12  16  18  77 
(Length: 3)  12  16  45 
(Length: 5)  12  60  66  68  90 
(Length: 5)  12  32  45  47  58 
(Length: 4)  12  25  93  98 
(Length: 5)  12  60  66  92  98 
(Length: 4)  12  18  77  85 
(Length: 5)  12  24  58  77  78 
(Length: 3)  12  16  60 
(Length: 4)  12  18  57  68 
(Length: 4)  12  58  65  98 
(Length: 4)  12  51  58  98 
(Length: 4)  12  57  60  68 
(Length: 4)  12  24  57  68 
(Length: 4)  12  27  33  85 
(Length: 4)  12  24  33  49 
(Length: 4)  12  47  60  68 
(Length: 4)  12  51  73  77 
(Length: 4)  12  32  51  89 
(Length: 4)  12  32  51  60 
(Length: 4)  12  53  58  65 
(Length: 4)  12  58  92  98 
(Length: 3)  12  69  93 
(Length: 4)  12  58  93  98 
(Length: 3)  12  23  47 
(Length: 3)  12  25  45 
(Length: 4)  12  32  51  58 
(Length: 5)  12  32  47  60  85 
(Length: 5)  12  24  53  58  78 
(Length: 5)  12  25  60  92  98 
(Length: 4)  12  47  58  78 
(Length: 4)  12  66  69  92 
(Length: 4)  12  21  77  85 
(Length: 4)  12  66  69  85 
(Length: 4)  12  21  69  85 
(Length: 4)  12  21  53  85 
(Length: 4)  12  21  24  68 
(Length: 4)  12  21  68  90 
(Length: 4)  12  32  60  92 
(Length: 3)  12  23  25 
(Length: 4)  12  21  47  85 
(Length: 4)  12  32  58  92 
(Length: 4)  12  49  66  77 
(Length: 4)  12  51  58  77 
(Length: 4)  12  21  24  53 
(Length: 4)  12  21  47  68 
(Length: 3)  12  68  93 
(Length: 4)  12  33  92  98 
(Length: 5)  12  21  24  49  77 
(Length: 3)  12  68  73 
(Length: 4)  12  32  58  65 
(Length: 4)  12  27  32  85 
(Length: 4)  12  27  53  85 
(Length: 4)  12  77  89  93 
(Length: 4)  12  58  77  93 
(Length: 3)  13  38  71 
(Length: 4)  13  38  63  88 
(Length: 4)  13  71  74  78 
(Length: 4)  13  29  74  90 
(Length: 3)  13  78  88 
(Length: 4)  13  29  88  90 
(Length: 4)  13  74  78  94 
(Length: 3)  13  61  83 
(Length: 4)  13  53  83  97 
(Length: 4)  13  63  72  94 
(Length: 3)  13  61  74 
(Length: 4)  13  24  53  78 
(Length: 3)  13  41  86 
(Length: 4)  13  24  53  97 
(Length: 4)  13  29  63  88 
(Length: 4)  13  20  52  88 
(Length: 5)  13  20  63  72  88 
(Length: 5)  13  29  62  71  74 
(Length: 3)  13  20  71 
(Length: 4)  13  41  63  97 
(Length: 4)  14  44  51  54 
(Length: 3)  14  44  90 
(Length: 3)  14  31  51 
(Length: 3)  15  53  80 
(Length: 3)  15  53  83 
(Length: 6)  15  25  63  67  76  88 
(Length: 3)  15  32  76 
(Length: 5)  15  22  23  29  36 
(Length: 3)  15  32  89 
(Length: 4)  15  23  25  76 
(Length: 5)  15  23  29  36  89 
(Length: 5)  15  22  29  36  67 
(Length: 5)  15  29  63  67  88 
(Length: 5)  15  22  36  67  76 
(Length: 5)  15  22  23  36  76 
(Length: 3)  15  56  70 
(Length: 4)  15  29  63  89 
(Length: 4)  15  23  70  89 
(Length: 5)  15  29  31  36  89 
(Length: 4)  16  43  67  76 
(Length: 4)  16  70  77  89 
(Length: 4)  16  26  89  95 
(Length: 4)  16  77  89  95 
(Length: 3)  16  60  70 
(Length: 4)  16  63  67  76 
(Length: 3)  16  30  43 
(Length: 3)  16  45  75 
(Length: 3)  16  35  43 
(Length: 3)  16  63  89 
(Length: 4)  16  18  77  95 
(Length: 3)  16  18  20 
(Length: 4)  16  26  43  70 
(Length: 3)  16  95  96 
(Length: 4)  16  26  70  89 
(Length: 3)  16  45  70 
(Length: 3)  16  76  78 
(Length: 3)  16  67  95 
(Length: 3)  16  20  84 
(Length: 3)  16  76  84 
(Length: 4)  16  43  70  96 
(Length: 4)  16  20  30  81 
(Length: 4)  16  18  26  95 
(Length: 5)  16  20  60  75  81 
(Length: 4)  16  20  35  63 
(Length: 4)  16  60  67  76 
(Length: 3)  16  46  67 
(Length: 3)  16  75  96 
(Length: 3)  16  78  96 
(Length: 4)  16  20  30  63 
(Length: 4)  16  18  26  46 
(Length: 3)  16  26  81 
(Length: 4)  16  45  67  76 
(Length: 3)  17  26  89 
(Length: 4)  17  32  60  92 
(Length: 3)  17  53  80 
(Length: 3)  17  32  89 
(Length: 3)  17  47  80 
(Length: 3)  17  47  48 
(Length: 4)  17  48  74  90 
(Length: 3)  17  26  48 
(Length: 4)  17  74  89  93 
(Length: 4)  17  32  47  60 
(Length: 3)  17  26  92 
(Length: 4)  18  26  29  46 
(Length: 3)  18  46  85 
(Length: 3)  18  26  61 
(Length: 4)  18  34  77  95 
(Length: 4)  18  26  34  88 
(Length: 4)  18  26  34  95 
(Length: 4)  18  38  77  85 
(Length: 3)  18  20  85 
(Length: 4)  18  34  68  95 
(Length: 3)  18  82  85 
(Length: 4)  18  82  92  95 
(Length: 4)  18  20  88  92 
(Length: 4)  18  26  92  95 
(Length: 5)  18  26  29  88  92 
(Length: 4)  18  38  88  92 
(Length: 3)  18  77  79 
(Length: 3)  18  29  68 
(Length: 3)  18  61  79 
(Length: 4)  18  29  46  79 
(Length: 3)  19  38  42 
(Length: 3)  19  27  32 
(Length: 4)  19  32  45  58 
(Length: 4)  19  25  45  55 
(Length: 4)  19  23  29  55 
(Length: 4)  19  45  58  86 
(Length: 3)  19  21  75 
(Length: 4)  19  23  25  55 
(Length: 4)  19  27  53  55 
(Length: 4)  19  38  45  75 
(Length: 3)  19  25  98 
(Length: 3)  19  21  53 
(Length: 4)  19  58  65  98 
(Length: 4)  19  53  58  65 
(Length: 4)  19  32  58  65 
(Length: 4)  19  27  29  55 
(Length: 4)  19  45  58  75 
(Length: 4)  20  30  54  63 
(Length: 4)  20  60  92  98 
(Length: 4)  20  54  63  88 
(Length: 4)  20  30  54  85 
(Length: 3)  20  54  71 
(Length: 4)  20  28  58  98 
(Length: 4)  20  30  58  92 
(Length: 4)  20  33  72  75 
(Length: 4)  20  58  75  81 
(Length: 4)  20  28  83  98 
(Length: 4)  20  30  63  92 
(Length: 4)  20  58  64  92 
(Length: 4)  20  58  65  98 
(Length: 4)  20  60  88  92 
(Length: 4)  20  24  58  84 
(Length: 4)  20  28  30  58 
(Length: 4)  20  58  92  98 
(Length: 4)  20  52  58  81 
(Length: 4)  20  52  58  92 
(Length: 4)  20  33  92  98 
(Length: 4)  20  24  33  84 
(Length: 4)  20  30  58  81 
(Length: 4)  20  33  72  92 
(Length: 4)  20  52  88  92 
(Length: 5)  20  63  72  88  92 
(Length: 4)  20  35  63  72 
(Length: 4)  20  35  54  63 
(Length: 5)  21  30  54  69  85 
(Length: 4)  21  68  75  90 
(Length: 4)  21  47  59  68 
(Length: 3)  21  39  49 
(Length: 4)  21  39  75  90 
(Length: 4)  22  29  87  99 
(Length: 4)  22  54  69  87 
(Length: 4)  22  36  67  97 
(Length: 4)  22  23  34  37 
(Length: 4)  22  34  76  78 
(Length: 3)  22  81  97 
(Length: 3)  22  71  75 
(Length: 4)  22  26  61  87 
(Length: 4)  22  23  26  34 
(Length: 4)  22  29  54  87 
(Length: 3)  22  33  76 
(Length: 4)  22  33  75  87 
(Length: 4)  22  29  74  79 
(Length: 4)  22  29  36  71 
(Length: 4)  22  29  67  99 
(Length: 4)  22  34  75  91 
(Length: 4)  22  29  71  74 
(Length: 4)  22  23  29  54 
(Length: 4)  22  29  33  87 
(Length: 4)  22  26  29  81 
(Length: 4)  22  71  74  78 
(Length: 4)  22  61  74  79 
(Length: 3)  22  61  67 
(Length: 3)  22  69  74 
(Length: 4)  22  23  34  91 
(Length: 4)  22  29  54  71 
(Length: 3)  22  78  99 
(Length: 4)  22  23  26  29 
(Length: 4)  22  23  34  76 
(Length: 4)  22  34  37  75 
(Length: 3)  22  75  81 
(Length: 4)  22  34  74  78 
(Length: 4)  22  26  69  87 
(Length: 4)  22  26  69  81 
(Length: 4)  22  26  29  87 
(Length: 3)  22  76  79 
(Length: 4)  23  34  70  77 
(Length: 4)  23  26  70  89 
(Length: 4)  23  34  70  91 
(Length: 4)  23  70  77  89 
(Length: 4)  23  36  47  76 
(Length: 4)  23  26  89  95 
(Length: 4)  23  29  51  54 
(Length: 4)  23  44  55  84 
(Length: 4)  23  26  34  95 
(Length: 4)  23  44  51  54 
(Length: 4)  23  44  76  84 
(Length: 4)  23  44  89  95 
(Length: 3)  23  65  76 
(Length: 3)  23  55  77 
(Length: 4)  23  47  76  84 
(Length: 4)  23  29  54  55 
(Length: 4)  23  29  51  89 
(Length: 3)  23  52  76 
(Length: 4)  23  26  29  89 
(Length: 4)  23  34  47  76 
(Length: 4)  23  26  34  70 
(Length: 4)  23  28  44  76 
(Length: 3)  23  84  91 
(Length: 4)  23  44  54  55 
(Length: 3)  23  25  37 
(Length: 5)  23  34  37  47  70 
(Length: 4)  23  44  51  76 
(Length: 4)  23  44  51  89 
(Length: 4)  23  52  70  89 
(Length: 3)  23  65  70 
(Length: 4)  23  77  89  95 
(Length: 4)  23  34  77  95 
(Length: 4)  24  77  86  89 
(Length: 3)  24  86  99 
(Length: 3)  24  84  97 
(Length: 3)  24  78  99 
(Length: 3)  24  68  96 
(Length: 3)  24  44  96 
(Length: 3)  24  96  97 
(Length: 3)  24  44  89 
(Length: 3)  24  78  96 
(Length: 4)  24  58  77  86 
(Length: 3)  24  44  84 
(Length: 3)  24  49  97 
(Length: 3)  24  49  99 
(Length: 3)  24  26  89 
(Length: 3)  24  26  58 
(Length: 3)  24  57  97 
(Length: 4)  25  45  55  67 
(Length: 3)  25  64  67 
(Length: 4)  25  45  67  76 
(Length: 3)  25  76  93 
(Length: 3)  25  55  93 
(Length: 5)  25  60  76  88  92 
(Length: 5)  25  60  67  76  88 
(Length: 4)  25  37  93  98 
(Length: 3)  25  64  93 
(Length: 3)  25  64  92 
(Length: 5)  25  55  63  67  88 
(Length: 5)  25  63  76  88  92 
(Length: 4)  26  58  80  81 
(Length: 4)  26  29  46  87 
(Length: 3)  26  58  92 
(Length: 3)  26  48  58 
(Length: 4)  26  39  66  89 
(Length: 3)  26  61  89 
(Length: 4)  26  34  39  80 
(Length: 4)  26  66  89  95 
(Length: 4)  26  39  43  66 
(Length: 4)  26  29  87  92 
(Length: 4)  26  69  87  92 
(Length: 5)  26  66  69  92  95 
(Length: 4)  26  43  70  87 
(Length: 4)  27  32  43  85 
(Length: 3)  27  29  33 
(Length: 3)  27  36  85 
(Length: 3)  27  43  97 
(Length: 4)  27  53  55  97 
(Length: 4)  27  43  54  85 
(Length: 3)  27  36  97 
(Length: 3)  27  33  72 
(Length: 4)  27  29  54  55 
(Length: 3)  28  87  98 
(Length: 3)  28  44  96 
(Length: 4)  28  44  67  76 
(Length: 3)  28  42  68 
(Length: 3)  28  42  67 
(Length: 3)  28  30  44 
(Length: 4)  28  43  67  76 
(Length: 4)  28  44  67  83 
(Length: 3)  29  63  68 
(Length: 3)  29  31  92 
(Length: 4)  29  62  74  79 
(Length: 3)  29  68  87 
(Length: 4)  29  63  88  92 
(Length: 3)  29  62  87 
(Length: 5)  29  55  63  67  88 
(Length: 4)  29  35  54  63 
(Length: 5)  29  54  55  63  88 
(Length: 4)  29  46  55  67 
(Length: 4)  29  31  51  89 
(Length: 3)  29  51  81 
(Length: 3)  29  68  90 
(Length: 4)  29  33  87  92 
(Length: 3)  29  64  92 
(Length: 4)  29  36  64  67 
(Length: 4)  29  31  74  89 
(Length: 3)  29  90  99 
(Length: 3)  29  35  36 
(Length: 3)  29  55  62 
(Length: 3)  29  33  90 
(Length: 4)  30  46  69  85 
(Length: 3)  30  43  93 
(Length: 5)  30  44  54  55  63 
(Length: 3)  30  44  90 
(Length: 3)  30  69  81 
(Length: 3)  30  46  79 
(Length: 4)  30  43  59  85 
(Length: 4)  30  48  74  90 
(Length: 4)  30  36  82  93 
(Length: 3)  30  74  79 
(Length: 4)  30  69  74  93 
(Length: 4)  30  43  54  85 
(Length: 4)  30  36  82  85 
(Length: 4)  30  40  44  55 
(Length: 4)  30  46  55  93 
(Length: 3)  31  48  51 
(Length: 4)  31  34  42  74 
(Length: 3)  31  74  94 
(Length: 3)  31  36  85 
(Length: 3)  31  48  74 
(Length: 3)  31  66  85 
(Length: 4)  31  42  66  89 
(Length: 4)  31  42  74  89 
(Length: 3)  31  66  92 
(Length: 4)  31  51  66  89 
(Length: 4)  32  37  47  85 
(Length: 5)  32  51  59  60  76 
(Length: 3)  32  51  82 
(Length: 4)  32  43  59  85 
(Length: 4)  32  51  58  76 
(Length: 4)  32  60  76  92 
(Length: 3)  32  82  92 
(Length: 5)  32  43  51  59  76 
(Length: 5)  32  45  47  58  76 
(Length: 3)  32  45  82 
(Length: 3)  32  47  61 
(Length: 4)  32  37  39  85 
(Length: 3)  32  39  89 
(Length: 5)  32  47  59  60  85 
(Length: 3)  32  65  82 
(Length: 3)  32  35  43 
(Length: 3)  32  35  82 
(Length: 4)  32  58  65  76 
(Length: 3)  32  82  85 
(Length: 3)  32  61  65 
(Length: 5)  32  47  59  60  76 
(Length: 3)  32  61  89 
(Length: 4)  32  58  76  92 
(Length: 4)  32  39  43  76 
(Length: 4)  32  39  43  85 
(Length: 4)  33  72  75  87 
(Length: 4)  33  72  87  92 
(Length: 4)  33  87  92  98 
(Length: 4)  33  85  87  98 
(Length: 4)  33  82  85  98 
(Length: 4)  33  38  76  92 
(Length: 3)  33  38  75 
(Length: 4)  33  82  92  98 
(Length: 3)  33  49  82 
(Length: 4)  34  64  77  78 
(Length: 4)  34  72  75  91 
(Length: 4)  34  42  60  91 
(Length: 5)  34  47  76  78  88 
(Length: 4)  34  60  75  91 
(Length: 4)  34  42  72  91 
(Length: 4)  34  64  77  93 
(Length: 5)  34  37  42  47  72 
(Length: 5)  34  47  60  76  88 
(Length: 3)  34  64  80 
(Length: 4)  34  60  70  91 
(Length: 3)  34  39  76 
(Length: 3)  34  37  93 
(Length: 3)  34  42  77 
(Length: 4)  34  37  39  75 
(Length: 4)  34  37  39  42 
(Length: 3)  34  37  73 
(Length: 3)  34  74  93 
(Length: 4)  34  37  72  75 
(Length: 5)  34  42  47  60  68 
(Length: 4)  34  39  42  80 
(Length: 4)  34  42  47  80 
(Length: 3)  34  76  93 
(Length: 4)  34  47  72  88 
(Length: 4)  34  47  60  70 
(Length: 3)  35  36  82 
(Length: 3)  35  42  54 
(Length: 4)  35  42  72  91 
(Length: 3)  35  56  91 
(Length: 4)  35  63  72  91 
(Length: 3)  36  89  93 
(Length: 3)  36  64  93 
(Length: 3)  36  86  89 
(Length: 3)  36  57  76 
(Length: 3)  36  76  93 
(Length: 4)  36  82  93  98 
(Length: 3)  36  57  97 
(Length: 4)  36  82  85  98 
(Length: 5)  38  42  66  77  89 
(Length: 4)  38  63  66  89 
(Length: 4)  38  66  77  85 
(Length: 5)  38  44  63  76  88 
(Length: 4)  38  44  63  89 
(Length: 3)  38  71  75 
(Length: 3)  38  45  76 
(Length: 3)  38  44  83 
(Length: 5)  38  63  76  88  92 
(Length: 4)  38  63  66  92 
(Length: 3)  38  66  83 
(Length: 3)  38  44  96 
(Length: 3)  39  76  90 
(Length: 4)  39  42  49  66 
(Length: 3)  39  66  90 
(Length: 4)  39  42  66  89 
(Length: 4)  39  43  66  85 
(Length: 4)  40  44  67  83 
(Length: 4)  40  52  56  99 
(Length: 3)  40  43  51 
(Length: 4)  40  56  98  99 
(Length: 3)  40  55  56 
(Length: 4)  40  52  67  99 
(Length: 3)  40  83  98 
(Length: 3)  40  44  51 
(Length: 4)  40  52  57  92 
(Length: 3)  40  57  97 
(Length: 4)  40  52  58  92 
(Length: 4)  40  51  58  98 
(Length: 3)  40  62  83 
(Length: 4)  40  44  55  67 
(Length: 4)  40  58  92  98 
(Length: 3)  40  55  62 
(Length: 4)  40  58  65  98 
(Length: 4)  40  43  67  97 
(Length: 4)  40  55  67  97 
(Length: 3)  40  52  62 
(Length: 4)  41  45  49  82 
(Length: 4)  41  63  91  97 
(Length: 4)  41  45  67  86 
(Length: 4)  41  46  67  86 
(Length: 4)  41  44  51  76 
(Length: 5)  41  43  51  59  76 
(Length: 3)  41  51  82 
(Length: 4)  41  44  51  89 
(Length: 4)  41  45  49  91 
(Length: 4)  41  45  70  91 
(Length: 4)  41  70  86  89 
(Length: 5)  41  44  63  67  76 
(Length: 4)  41  45  67  76 
(Length: 4)  41  43  67  97 
(Length: 4)  41  49  91  97 
(Length: 4)  41  63  67  97 
(Length: 4)  41  44  63  89 
(Length: 4)  41  46  67  97 
(Length: 4)  41  45  70  86 
(Length: 4)  41  43  67  76 
(Length: 3)  41  43  70 
(Length: 4)  42  49  66  77 
(Length: 4)  42  60  66  68 
(Length: 3)  42  60  67 
(Length: 4)  42  49  66  91 
(Length: 4)  43  54  85  87 
(Length: 3)  43  96  97 
(Length: 3)  43  76  93 
(Length: 3)  43  50  66 
(Length: 3)  43  51  66 
(Length: 4)  43  59  85  87 
(Length: 4)  43  70  85  87 
(Length: 4)  43  50  70  87 
(Length: 3)  43  51  96 
(Length: 3)  43  51  54 
(Length: 5)  44  54  55  63  88 
(Length: 4)  44  76  88  90 
(Length: 5)  44  63  67  76  88 
(Length: 3)  44  67  95 
(Length: 3)  44  95  96 
(Length: 3)  44  51  96 
(Length: 4)  44  76  84  90 
(Length: 5)  44  55  63  67  88 
(Length: 3)  45  75  91 
(Length: 3)  45  47  70 
(Length: 3)  45  48  91 
(Length: 4)  45  48  58  86 
(Length: 4)  45  47  48  58 
(Length: 4)  46  69  85  87 
(Length: 4)  46  67  83  97 
(Length: 4)  46  67  73  86 
(Length: 4)  46  53  83  97 
(Length: 4)  46  67  73  83 
(Length: 4)  46  67  86  94 
(Length: 4)  46  53  55  97 
(Length: 4)  46  53  85  87 
(Length: 3)  46  79  94 
(Length: 4)  46  55  67  94 
(Length: 4)  46  55  67  97 
(Length: 3)  47  84  85 
(Length: 3)  47  62  80 
(Length: 4)  47  58  76  84 
(Length: 4)  47  48  58  84 
(Length: 4)  47  59  60  68 
(Length: 4)  47  58  76  78 
(Length: 3)  48  58  65 
(Length: 3)  48  51  58 
(Length: 4)  48  84  90  91 
(Length: 4)  48  56  86  99 
(Length: 4)  48  84  91  97 
(Length: 4)  48  56  84  91 
(Length: 3)  49  56  99 
(Length: 3)  49  56  91 
(Length: 3)  49  82  99 
(Length: 3)  49  56  77 
(Length: 3)  50  66  83 
(Length: 3)  51  82  96 
(Length: 3)  51  82  98 
(Length: 3)  51  60  81 
(Length: 3)  51  59  77 
(Length: 4)  51  58  77  81 
(Length: 4)  52  58  76  92 
(Length: 4)  52  56  86  94 
(Length: 4)  52  58  81  86 
(Length: 3)  52  57  70 
(Length: 4)  52  56  70  86 
(Length: 4)  52  57  76  92 
(Length: 4)  52  67  86  99 
(Length: 4)  52  56  86  99 
(Length: 4)  52  76  88  92 
(Length: 4)  52  70  86  89 
(Length: 4)  52  67  76  88 
(Length: 3)  53  62  87 
(Length: 3)  53  82  85 
(Length: 3)  53  55  62 
(Length: 3)  53  65  82 
(Length: 3)  53  78  82 
(Length: 4)  53  81  83  97 
(Length: 4)  53  58  80  81 
(Length: 4)  54  55  63  94 
(Length: 4)  54  69  85  87 
(Length: 3)  55  56  77 
(Length: 3)  55  56  84 
(Length: 3)  55  56  94 
(Length: 4)  55  63  67  97 
(Length: 4)  55  63  67  94 
(Length: 3)  56  85  98 
(Length: 3)  56  84  85 
(Length: 3)  56  70  91 
(Length: 4)  56  70  77  86 
(Length: 3)  56  85  94 
(Length: 4)  56  70  77  85 
(Length: 3)  57  60  70 
(Length: 4)  57  60  76  92 
(Length: 4)  58  77  81  86 
(Length: 3)  58  76  93 
(Length: 3)  58  64  80 
(Length: 3)  58  76  79 
(Length: 4)  58  64  77  78 
(Length: 3)  59  68  87 
(Length: 3)  59  76  79 
(Length: 4)  60  75  90  91 
(Length: 4)  60  68  75  90 
(Length: 4)  60  76  88  90 
(Length: 3)  61  74  89 
(Length: 3)  63  66  68 
(Length: 3)  66  68  95 
(Length: 4)  66  77  89  95 
(Length: 3)  66  83  98 
(Length: 4)  67  73  86  95 
(Length: 3)  68  75  87 
(Length: 3)  68  75  96 
(Length: 3)  68  95  96 
(Length: 4)  70  77  86  89 
(Length: 3)  70  91  96 
(Length: 4)  72  75  87  94 
(Length: 3)  73  83  98 
(Length: 3)  74  78  96 
(Length: 3)  74  79  94 
(Length: 3)  75  91  96 
(Length: 4)  77  86  89  95 
(Length: 3)  78  82  96 
(Length: 3)  78  82  99 
(Length: 3)  82  95  96 
(Length: 3)  87  98  99 
(Length: 3)  91  96  97 
...model cost: 0.97 seconds  46901 FFE
 (opt) 447.00000000 == 447.00000000 (sur)  OPTIMALITY TEST PASSED!
   BESTimpr 406.00000000 -> 439.00000000
*111*1*11*1***11*1****11111111*11*1111*1*11*11*1**1111*1**1*111111****1***1****1***1*11*1*****11**11


****11**1***1**11*11**1111*****1**111****11*11*1****11*11*1111**11111**111*1111**1*11*1**111**111111


**1111*1*1*11**1*1*****1*11*1**1**11*111*11***11****1***1*1*11111**11*******1**1**11*1***111***11*1*

