Walsh model started...
 28  50  26  24  48  82  21  19  57  40  56  94  18  30  89  90  86  53  33  5  83  45  39  16  17  81  95  42  79 
 98  91  61  9  86  11  76  32  14  84  69  93  94  28  96  53  75  20  65  46 
 62  43  93  40  91  80  25  39  65  27  53  89 
 91  50  62  88  60  23  69  51  10  30  55  59  98  65  25  66  26  67  93  58  20 
 52  77  24  36  33  61  95  82  37  90  97  65  76  68 
 34  75  9  18  69  32  42  70  51  40  33  11  52  72  71  0  89  21  38  24  78  64  92  28  50  94  41 
 85  83  64  74  47  31  27  56  43  63  61  95  76  23 
 19  88  11  16  28  32  51  72  21  76  95  46  91  50  13  61  8  29  14  39  64  27  52  90  12  62  77  73  79 
 45  67  95  73  31  37  78  88  68  75  61  7  63  53  84  10  13  41  21  96  38 
 41  39  13  97  99  77  49  17  5  18  1  61  69  58  38  74  37  76  50  15  93  28 
 73  96  66  68  54  40  19  11  47  22  39  75  71  92  63  67  43  65  70  27  3  30  8  88  56  46  35  76  14  55  83  57  85  49  81 
 83  50  7  16  77  10  19  65  68  85  58  5  52  60  54  76  1  57  63  49  12  44  98 
 94  17  60  44  39  89  90  7  58  96  49  11  47  81  70  92  95  37  80 
 97  9  47  39  52  96  43  17  7  50  82  26  15  38  72  45  66  87  29  73  8  99  64  42 
 84  49  96  71  18  42  51  50  95  15  61  38  32  48  91  29  7  1  79  89  78  77  73  90  20  43  80  10  76  24  44  17 
 34  76  93  44  94  58  22  99  14  61  92  66  17  74  59  38  41  28  96  13  55  48  78  80  52  40  21  71  87  50  9  85  42  91 
 93  68  44  81  11  7  82  69  56  51  32  42  47  94  19  57  27  54  0  39  52  85  34  29  86  25  20 
 87  54  18  28  22  19  49  9  94  12  60  66  23  84  74  13  43  15  79  21  68  29  51  93  86  24  96  0  45  42  88  48  14 
 42  14  28  17  40  89  54  85  30  0  9  5  35  56  81  34  51  33  49  66  21  50  95  38 
 88  7  22  17  77  98  21  0  10  11  91  68  63  81  34  32  47  73  95  29  61  67  89  43  16  93  54  58  27  90  66  26 
 80  78  71  69  65  57  23  75  1  84  14  66  44  59  79  3  58  61  73  25  16 
 19  0  7  76  25  85  93  45  79  17  18  50  38  5  63  60  15  71  30  58  65  43  24  34  55  41  8  62 
 99  15  17  19  47  10  58  59  34  32  75  82 
 26  27  66  17  78  81  3  60  42  55  86  20  65  58  59  31  6 
 36  77  26  0  4  94  90  75  40  61  71  70  67  62  42  5  60  73  17  96  63  21  55  14  44 
 97  47  21  85  60  48  42  45  52  83  2  39  3  66  51  77  20  16 
 0  24  92  54  23  27  82  29  68  97  62  52  13  45  79  83  46  94  65  3  30  72  55  19  66  47  96 
 81  95  23  26  40  64  65  38  82  72  98  97  28  70  10  37  89  34  91  6  56  16  57  7  52  46  19  90  2  79 
 0  50  18  17  83  73  32  7  53  79  27  97  41  15  94  1  58  75  57  77  38  89  92  5  93  9 
 26  82  94  73  91  53  35  36  76  58  14  7  19  69  68  17  87  13  72  52  92  16  86  85  38 
 39  61  18  0  74  37  67  47  83  3  10  21  58  26 
 8  37  67  89  83  90  38  32  47  6  46  66  23 
 28  7  69  5  16  42  60  59  37  36  38  14  47  19  31  22  34  72  58  1  80  56  83  49  44  85  64 
 91  52  95  90  4  61  37  51  5  18  53  0  98  65  93  72  49  48  66  79 
 15  76  5  75  81  18  82  89  44  70  19  85  22  32  91  27  21  55  87  62  42  52  68  16  64 
 72  60  56  18  63  80  29  36  85  87  58  10  46  94  39  93  81 
 24  77  48  87  4  37  32  29  35  45  59  38  60 
 95  85  8  31  30  74  33  51  36  32  45  9  76  89  27  4  90  12 
 41  46  94  62  65  27  47  71  80  90  74  51  15  14  32  31  13  96  9  72  95  59  36  21  5  67  56  77  28  60  18  57  85  29  8  78 
 9  41  72  48  47  13  30  61  75  10  67  54  64  7  12  60  0  16  2  25  98  79  52  35  94  76  56 
 27  64  74  49  18  89  44  52  51  57  0  69  92  54  10  2  93  24  75  5  84  95  80  15  55  41 
 9  39  46  38  15  28  54  50  90  97  69  52  8  21  85  45  40  5 
 18  14  65  50  87  97  66  44  5  70  43  96  32  16  60  23  89  25  45  24  75  17  0  91  34  48  71  85  15  13  64 
 58  54  62  2  98  49  13  17  42  96  57  10  65  72  89  19  6  63  21  50  76  90  14 
 93  15  16  81  51  46  40  89  66  42  80  58  12  60  34  70  59  56  65  98  11  20  49  32  14  24  72  63  92 
 8  67  93  21  36  37  57  71  26  79  25  42  13  66  83  0  17  85  41  59  64 
 41  38  51  44  99  56  95  7  72  96  83  26  60  64  27  10  35  31  66  65  1 
 13  39  25  97  38  71  22  10  30  83  78  81  49  95  57  89  32  19  94  16  6  31  12  58  26  96 
 39  72  0  82  87  36  60  25  14  91  55  15  42  71  49  33  17 
 84  14  98  43  40  74  17  9  18  66  47  95  11  12  51  44  32  33  48  10  81 
 28  0  91  3  11  83  65  42  14  95  7  13  52  21  18  41  54  43  76  9  15  62  58  5  94  99 
 66  76  44  46  52  40  16  56  7  72  18  14  38  74  5  33  37  69  3  88  92  93  17  77  25  49  57 
 91  33  96  13  4  77  51  40  71  55  11  5  76  59  62  26  50  83  15  72  29  7  27  41  69  25  16  39  34  99 
 56  85  97  74  91  29  79  28  8  84  0  33  96  1  88  66  2  89 
 58  43  92  26  87  17  85  18  40  10  39  64  60  11  61  72  16  69  19  41  50  83  71  66  65  91  75 
 59  64  71  52  60  66  99  15  48  23  3  21  34  24  40  72  26  88  89  10  83  57  65 
 87  70  90  88  53  85  16  51  46  99  0  94  35  18  82  96  65  44  75  98  27  6  80  32  38  67  10  74  61  95  89  76  39 
 40  0  66  62  43  58  47  89  63  11  45  71  20  65  16  27  28  75  94  97  51  38  55  10  85  72  73 
 43  54  94  15  44  80  11  85  57  69  9  76  29  22  59  72  32  28  79  30  21  19  12  96  35  87  23  63  47  50  62  3  20  83  73  64 
 64  55  60  32  76  52  15  44  22  58  36  38  3  98  83  23  63  20  79  45 
 91  75  89  71  12  17  72  35  25  48  44  59  32  55  64  3  23  42  11  54  39  63  21  73  24  46  95  83  36  38  80 
 39  30  85  73  15  14  1  9  4  33  24  7  8  19  67  54  72  56  6  65  20 
 43  2  38  94  88  3  66  57  26  52  67  24  92  64  7  77  50  58  21  34  74  93 
 80  35  19  77  8  73  67  10  57  11  6  43  69  21  60  24  58  59  96  70  44  92 
 59  55  27  40  60  39  54  6  74  7  62  92  46  78  5  34  32  13  42  45  76  58 
 42  50  27  38  11  68  78  69  56  44  10  43  99  72  20  57  94  26  97  4  23  3  21  98  33  2  61  54  55  46  1  75 
 97  98  76  51  10  68  23  17  62  57  44  42  92  15  49  18  55  99  45  13  3  25  71  54  95  19  26  20  46  31  33  53 
 8  45  30  39  31  89  63  10  62  24  19  61  74  93  38  56  3 
 93  16  80  73  66  10  97  26  91  19  11  65  75  8  17  29  76  4  34 
 82  16  40  92  32  5  65  78  97  71  20  9  58  3  51  29  94  1  93  73  63  54  41  52  85  86 
 87  56  42  5  44  34  24  71  10  27  85  89  96  63  81  12 
 14  96  89  60  38  47  52  55  10  92  72  5  20  69  24  70  45  57  21  15  54  66  48  42  78 
 39  48  51  7  60  35  82  27  71  5  43  13  95  38  32  58  99  65  96  46  54  61  29  52  26  55  33  93  57  73  44 
 80  68  96  10  95  8  83  28  61  85  94  29  63  19  69  60  24  13  92  90  14  72  57  20  7  58 
 40  49  97  53  84  17  30  37  38  51  15  6  64  9  93  67  75  56  62  80  92  95 
 91  60  5  34  24  40  39  10  68  8  56  82  22  42  28  57  74  1  20  54  65  78 
 15  34  66  51  7  21  59  52  11  1  29  58  9  37  90  81  4  68  50  43  10  14  6  56  39  64 
 36  24  9  99  11  83  52  4  98  19  63  78  14  92  80  38  28  62  7  51  25 
 65  69  97  8  88  80  20  47  81  23  15  77  14  5  64  71  38  75 
 53  28  17  21  26  45  14  89  58  98  39  59  20  0  33  27  7 
 73  68  44  58  63  35  90  38  78  20  91  2  95  40  15  77  92  32  56  87  14  84  74  60  12 
 95  27  44  16  34  18  47  78  23  19  90  76  0  12  70  49  10  35  93 
 48  0  26  29  69  16  56  96  34  89  72  27  75  13  95  4  22  99 
 11  50  73  28  77  47  30  85  6  31  90  52  26  46  45  0  59  32  25  60  54  10  55  58 
 49  14  17  74  89  40  53  8  91  1  88  20  80 
 95  37  53  56  61  73  54  18  25  21  11  58  83  6  34  70  35  69  86  32  16  10  57  42  15  41  45  29  38 
 91  1  90  0  17  23  85  69  29  16 
 70  56  17  54  48  36  42  97  13  29  35  58  34  15  95  80 
 19  7  56  90  62  3  8  78  92  51  84  53  10  89  55  17 
 18  40  44  60  71  0  34  82  67  31  84  57  47  70  42  37  27  5  79  14  43  19  12  28  97  88  55  95  56  2  53 
 56  88  95  33  24  94  80  38  31  83  86  0  81  76  4  37  7  12  41  97  73  14  19  27  43 
 33  52  3  50  75  60  98  1  29  53  68  19  86  7  80  2  14  48  84  34  27  42  54  15  99 
 54  26  69  40  10  71  66  15  88  51  77  80  62  64  29  73  5  28  74  94  12  44  63 
 16  68  44  15  2  40  21  45  74  67  69  1  19  51  17  62  33  72  3  28  9  35  81 
 58  15  24  90  17  12  38  62  56  0  73  29  47  16  69  28  1  65  26  97  57  5  50  35  39  92 
 81  27  85  37  8  73  90  33  50  14  46  7  98  49  47  40  80  19  82  4  72  38  60  0  87  18  66  56  89  6  74  12 
 14  71  73  10  52  13  82  56  42  43  15  38  72  46  53  1  12  58  24  17  63  70  26  47  8 
 13  9  66  98  25  47  68  26  87  42  53  74  78  69  27  28  65  4  41  90  89  94  57 
 49  43  97  66  77  19  91  1  95  27  56  99  59  3  79  39  33  65  44  11 
 9  77  22  15  46  56  72  65  55  66  98  82  13  91  52  50 
-->CDecomWalshPart::vInitTrueLinkage-->GLBs: 1195
(Length: 5)  0  5  18  21  50 
(Length: 4)  0  18  33  95 
(Length: 4)  0  28  57  94 
(Length: 4)  0  16  19  81 
(Length: 4)  0  17  18  21 
(Length: 4)  0  5  21  24 
(Length: 3)  0  17  86 
(Length: 5)  0  5  18  28  50 
(Length: 4)  0  18  21  30 
(Length: 4)  0  5  18  33 
(Length: 4)  0  24  26  94 
(Length: 4)  0  5  24  40 
(Length: 4)  0  5  24  42 
(Length: 5)  0  5  18  40  89 
(Length: 5)  0  5  18  42  50 
(Length: 3)  0  83  90 
(Length: 5)  0  18  56  89  95 
(Length: 4)  0  17  24  42 
(Length: 4)  0  24  90  94 
(Length: 4)  0  18  81  95 
(Length: 4)  0  18  50  95 
(Length: 4)  0  5  24  94 
(Length: 5)  0  5  28  50  94 
(Length: 4)  0  17  24  94 
(Length: 4)  0  17  28  79 
(Length: 4)  0  17  28  94 
(Length: 4)  0  53  56  89 
(Length: 4)  0  17  42  45 
(Length: 4)  0  56  90  94 
(Length: 4)  0  17  42  48 
(Length: 5)  0  56  82  89  95 
(Length: 5)  0  28  53  79  89 
(Length: 4)  0  28  57  89 
(Length: 4)  0  28  50  83 
(Length: 5)  0  5  18  28  89 
(Length: 4)  0  33  90  95 
(Length: 4)  0  26  30  83 
(Length: 3)  0  30  39 
(Length: 4)  0  16  56  82 
(Length: 3)  0  39  48 
(Length: 3)  0  48  82 
(Length: 3)  0  86  90 
(Length: 3)  0  33  48 
(Length: 4)  0  26  45  83 
(Length: 3)  0  26  82 
(Length: 4)  0  40  57  89 
(Length: 3)  0  39  79 
(Length: 5)  0  18  40  89  95 
(Length: 4)  0  33  53  79 
(Length: 4)  0  17  19  21 
(Length: 3)  0  19  26 
(Length: 5)  0  5  18  42  89 
(Length: 5)  0  16  39  56  94 
(Length: 3)  0  16  42 
(Length: 4)  0  56  90  95 
(Length: 4)  0  16  57  94 
(Length: 3)  0  16  86 
(Length: 4)  0  19  89  95 
(Length: 5)  0  19  81  90  95 
(Length: 4)  0  26  45  79 
(Length: 3)  0  45  57 
(Length: 4)  0  17  21  24 
(Length: 4)  0  17  18  28 
(Length: 4)  0  17  18  42 
(Length: 5)  0  17  21  45  79 
(Length: 4)  1  14  20  84 
(Length: 4)  1  14  84  91 
(Length: 3)  1  91  98 
(Length: 3)  1  75  91 
(Length: 4)  1  20  61  65 
(Length: 3)  1  28  53 
(Length: 3)  1  14  96 
(Length: 4)  1  9  28  93 
(Length: 4)  1  65  69  94 
(Length: 4)  1  20  65  75 
(Length: 3)  1  11  76 
(Length: 3)  1  86  91 
(Length: 4)  1  11  65  98 
(Length: 4)  1  53  84  91 
(Length: 3)  1  9  76 
(Length: 4)  1  20  65  69 
(Length: 3)  1  14  76 
(Length: 3)  1  28  94 
(Length: 3)  1  46  65 
(Length: 3)  1  53  96 
(Length: 3)  1  69  86 
(Length: 3)  1  46  96 
(Length: 3)  1  32  69 
(Length: 4)  1  14  20  61 
(Length: 3)  1  9  61 
(Length: 4)  1  9  69  93 
(Length: 3)  1  14  32 
(Length: 3)  1  28  75 
(Length: 3)  1  28  32 
(Length: 3)  2  43  65 
(Length: 3)  2  43  89 
(Length: 4)  2  27  40  89 
(Length: 3)  2  62  93 
(Length: 3)  2  80  91 
(Length: 3)  2  27  65 
(Length: 3)  2  40  80 
(Length: 3)  2  53  91 
(Length: 3)  2  27  91 
(Length: 3)  2  53  89 
(Length: 3)  2  25  39 
(Length: 3)  2  40  93 
(Length: 3)  2  43  62 
(Length: 3)  3  60  91 
(Length: 4)  3  20  65  69 
(Length: 4)  3  10  55  88 
(Length: 3)  3  62  88 
(Length: 3)  3  30  58 
(Length: 4)  3  62  67  93 
(Length: 4)  3  51  69  93 
(Length: 4)  3  10  55  65 
(Length: 4)  3  10  55  66 
(Length: 3)  3  59  98 
(Length: 4)  3  20  58  69 
(Length: 4)  3  50  58  62 
(Length: 3)  3  65  98 
(Length: 4)  3  20  23  66 
(Length: 4)  3  20  25  66 
(Length: 4)  3  20  23  65 
(Length: 3)  3  51  88 
(Length: 3)  3  50  65 
(Length: 5)  3  20  23  58  59 
(Length: 4)  3  25  51  66 
(Length: 3)  3  25  60 
(Length: 5)  3  23  26  55  65 
(Length: 3)  3  50  91 
(Length: 3)  3  91  98 
(Length: 3)  3  66  98 
(Length: 4)  3  10  30  67 
(Length: 3)  3  26  30 
(Length: 5)  3  23  55  59  60 
(Length: 4)  3  26  62  66 
(Length: 5)  3  23  26  55  66 
(Length: 3)  4  24  61 
(Length: 3)  4  24  90 
(Length: 3)  4  82  95 
(Length: 4)  4  33  61  65 
(Length: 3)  4  52  77 
(Length: 3)  4  36  37 
(Length: 5)  4  33  37  90  95 
(Length: 3)  4  90  97 
(Length: 3)  4  68  76 
(Length: 4)  4  24  36  77 
(Length: 4)  4  65  68  97 
(Length: 4)  4  37  76  90 
(Length: 3)  4  33  52 
(Length: 3)  4  52  76 
(Length: 5)  5  9  18  28  38 
(Length: 4)  5  11  50  52 
(Length: 4)  5  18  40  51 
(Length: 4)  5  18  21  34 
(Length: 5)  5  34  42  70  89 
(Length: 4)  5  18  21  38 
(Length: 4)  5  40  64  92 
(Length: 3)  5  28  75 
(Length: 4)  5  28  32  38 
(Length: 5)  5  9  28  38  41 
(Length: 5)  5  9  18  28  50 
(Length: 4)  5  18  38  51 
(Length: 4)  5  38  71  78 
(Length: 4)  5  28  92  94 
(Length: 4)  5  28  38  94 
(Length: 5)  5  40  41  52  69 
(Length: 5)  5  33  51  52  72 
(Length: 3)  5  75  78 
(Length: 4)  5  38  71  72 
(Length: 4)  5  69  71  92 
(Length: 5)  5  9  28  41  50 
(Length: 4)  5  9  41  69 
(Length: 4)  5  69  92  94 
(Length: 4)  5  69  71  78 
(Length: 5)  5  40  51  69  92 
(Length: 4)  5  21  24  71 
(Length: 5)  5  42  70  71  89 
(Length: 4)  5  24  40  75 
(Length: 3)  5  32  69 
(Length: 5)  5  24  42  70  71 
(Length: 4)  5  32  38  72 
(Length: 4)  5  24  42  75 
(Length: 4)  5  38  51  72 
(Length: 4)  5  52  71  72 
(Length: 5)  5  32  34  42  64 
(Length: 5)  5  18  34  42  89 
(Length: 3)  5  34  52 
(Length: 4)  5  52  69  71 
(Length: 4)  5  18  33  51 
(Length: 5)  5  40  51  52  69 
(Length: 4)  5  21  38  41 
(Length: 3)  5  64  78 
(Length: 4)  5  41  50  52 
(Length: 4)  5  21  41  50 
(Length: 4)  5  21  38  71 
(Length: 4)  5  34  42  75 
(Length: 3)  6  47  95 
(Length: 3)  6  23  27 
(Length: 4)  6  56  74  95 
(Length: 3)  6  43  76 
(Length: 4)  6  56  85  95 
(Length: 4)  6  27  56  95 
(Length: 3)  6  27  64 
(Length: 4)  6  31  47  83 
(Length: 3)  6  43  63 
(Length: 3)  6  64  76 
(Length: 3)  6  64  74 
(Length: 3)  6  83  85 
(Length: 3)  6  56  76 
(Length: 3)  6  23  31 
(Length: 4)  6  56  61  85 
(Length: 4)  7  39  64  76 
(Length: 4)  7  39  61  72 
(Length: 5)  7  13  39  52  72 
(Length: 4)  7  19  29  91 
(Length: 3)  7  32  64 
(Length: 4)  7  13  50  52 
(Length: 4)  7  21  50  62 
(Length: 3)  7  62  64 
(Length: 4)  7  19  29  73 
(Length: 4)  7  52  62  77 
(Length: 3)  7  62  88 
(Length: 3)  7  11  12 
(Length: 4)  7  50  52  91 
(Length: 4)  7  50  52  62 
(Length: 5)  7  11  50  52  76 
(Length: 4)  7  11  19  77 
(Length: 4)  7  16  51  52 
(Length: 4)  7  16  19  27 
(Length: 4)  7  16  39  52 
(Length: 4)  7  16  29  52 
(Length: 4)  7  14  76  90 
(Length: 4)  7  14  51  76 
(Length: 4)  7  14  29  76 
(Length: 4)  7  51  52  72 
(Length: 4)  7  29  52  91 
(Length: 4)  7  27  52  91 
(Length: 3)  7  8  88 
(Length: 4)  7  51  52  77 
(Length: 3)  7  8  21 
(Length: 3)  7  51  88 
(Length: 4)  7  27  52  72 
(Length: 4)  7  14  50  76 
(Length: 5)  7  13  29  52  72 
(Length: 4)  7  11  16  52 
(Length: 4)  7  21  50  76 
(Length: 4)  7  29  52  76 
(Length: 4)  7  39  52  76 
(Length: 4)  7  51  52  76 
(Length: 4)  7  11  52  77 
(Length: 4)  7  8  13  73 
(Length: 5)  7  14  73  90  95 
(Length: 3)  7  28  73 
(Length: 4)  7  14  51  77 
(Length: 4)  7  14  29  73 
(Length: 4)  7  14  50  91 
(Length: 3)  7  19  21 
(Length: 4)  7  61  72  73 
(Length: 4)  7  13  39  64 
(Length: 4)  7  11  16  19 
(Length: 5)  7  13  29  72  73 
(Length: 4)  7  16  19  29 
(Length: 4)  7  16  19  32 
(Length: 4)  7  16  27  52 
(Length: 4)  7  19  61  73 
(Length: 4)  7  27  46  64 
(Length: 3)  7  32  72 
(Length: 4)  7  19  88  90 
(Length: 5)  7  19  27  90  95 
(Length: 4)  7  19  27  91 
(Length: 4)  7  72  73  95 
(Length: 4)  7  46  51  72 
(Length: 5)  7  19  73  90  95 
(Length: 3)  7  28  50 
(Length: 4)  7  27  28  79 
(Length: 3)  7  28  32 
(Length: 3)  7  28  77 
(Length: 5)  7  27  46  72  95 
(Length: 4)  7  8  61  73 
(Length: 4)  7  14  50  95 
(Length: 3)  7  14  79 
(Length: 3)  7  21  79 
(Length: 3)  7  12  39 
(Length: 4)  7  12  90  95 
(Length: 4)  7  14  29  91 
(Length: 4)  7  8  73  95 
(Length: 3)  7  14  32 
(Length: 4)  7  14  61  73 
(Length: 3)  7  39  79 
(Length: 4)  8  53  84  88 
(Length: 3)  8  38  95 
(Length: 4)  8  21  41  45 
(Length: 4)  8  10  68  75 
(Length: 3)  8  37  95 
(Length: 4)  8  13  38  96 
(Length: 4)  8  21  38  41 
(Length: 4)  8  10  68  73 
(Length: 3)  8  53  96 
(Length: 3)  8  78  88 
(Length: 3)  8  45  67 
(Length: 5)  8  10  63  73  96 
(Length: 4)  8  13  73  96 
(Length: 3)  8  37  45 
(Length: 3)  8  61  67 
(Length: 4)  8  31  38  67 
(Length: 3)  8  21  63 
(Length: 3)  8  38  78 
(Length: 3)  8  13  45 
(Length: 3)  8  10  88 
(Length: 4)  8  10  63  67 
(Length: 3)  8  31  37 
(Length: 3)  8  75  78 
(Length: 5)  9  15  50  58  76 
(Length: 5)  9  15  17  74  93 
(Length: 4)  9  17  18  28 
(Length: 3)  9  15  61 
(Length: 4)  9  41  69  97 
(Length: 3)  9  13  39 
(Length: 5)  9  13  15  50  99 
(Length: 4)  9  13  15  38 
(Length: 3)  9  58  69 
(Length: 5)  9  15  28  41  50 
(Length: 4)  9  13  15  17 
(Length: 3)  9  37  74 
(Length: 4)  9  17  18  49 
(Length: 4)  9  15  38  74 
(Length: 4)  9  28  38  77 
(Length: 3)  9  39  76 
(Length: 5)  9  15  17  28  93 
(Length: 3)  9  13  97 
(Length: 3)  9  39  61 
(Length: 5)  9  15  28  50  58 
(Length: 3)  9  37  76 
(Length: 4)  9  17  49  74 
(Length: 4)  9  28  41  97 
(Length: 3)  9  74  97 
(Length: 5)  9  15  28  38  41 
(Length: 3)  9  39  41 
(Length: 3)  9  77  99 
(Length: 4)  10  19  66  68 
(Length: 3)  10  22  75 
(Length: 4)  10  47  49  81 
(Length: 4)  10  63  70  96 
(Length: 4)  10  11  65  68 
(Length: 5)  10  54  66  71  92 
(Length: 4)  10  73  83  85 
(Length: 4)  10  19  22  47 
(Length: 4)  10  11  57  65 
(Length: 4)  10  14  43  49 
(Length: 4)  10  19  27  81 
(Length: 4)  10  35  46  56 
(Length: 3)  10  56  88 
(Length: 3)  10  35  63 
(Length: 4)  10  66  68  76 
(Length: 4)  10  47  57  71 
(Length: 4)  10  19  43  54 
(Length: 3)  10  11  49 
(Length: 3)  10  88  92 
(Length: 4)  10  39  56  75 
(Length: 4)  10  35  56  85 
(Length: 4)  10  11  19  63 
(Length: 4)  10  11  54  65 
(Length: 4)  10  19  54  66 
(Length: 4)  10  55  57  65 
(Length: 4)  10  11  19  68 
(Length: 5)  10  11  54  83  85 
(Length: 4)  10  39  56  67 
(Length: 3)  10  19  88 
(Length: 4)  10  39  56  76 
(Length: 4)  10  47  71  96 
(Length: 4)  10  14  43  96 
(Length: 4)  10  14  43  76 
(Length: 4)  10  14  73  96 
(Length: 3)  10  35  81 
(Length: 4)  10  43  63  96 
(Length: 4)  10  43  57  63 
(Length: 4)  10  63  73  92 
(Length: 4)  10  11  19  54 
(Length: 4)  10  57  73  85 
(Length: 5)  10  55  57  66  71 
(Length: 4)  10  40  54  92 
(Length: 4)  10  11  57  85 
(Length: 3)  10  55  83 
(Length: 4)  10  40  57  75 
(Length: 3)  10  46  83 
(Length: 3)  10  76  81 
(Length: 4)  10  56  65  75 
(Length: 4)  10  56  70  96 
(Length: 4)  10  56  70  85 
(Length: 4)  10  27  70  81 
(Length: 4)  10  46  56  96 
(Length: 4)  10  19  68  73 
(Length: 4)  10  57  63  73 
(Length: 4)  10  27  57  65 
(Length: 4)  10  40  55  57 
(Length: 5)  10  27  46  56  65 
(Length: 4)  10  40  54  75 
(Length: 4)  10  30  47  83 
(Length: 4)  10  30  39  67 
(Length: 3)  10  40  49 
(Length: 4)  10  27  56  70 
(Length: 3)  10  46  66 
(Length: 4)  10  30  39  47 
(Length: 4)  10  43  57  65 
(Length: 4)  10  54  65  75 
(Length: 4)  10  43  54  65 
(Length: 4)  10  19  63  73 
(Length: 4)  10  19  63  67 
(Length: 4)  10  11  57  63 
(Length: 4)  10  35  39  56 
(Length: 4)  10  19  43  63 
(Length: 4)  10  19  47  81 
(Length: 4)  10  11  68  76 
(Length: 4)  10  65  68  75 
(Length: 4)  10  27  40  57 
(Length: 4)  10  57  65  75 
(Length: 4)  10  14  71  96 
(Length: 4)  10  70  71  96 
(Length: 3)  10  49  66 
(Length: 4)  10  39  54  75 
(Length: 4)  11  16  57  85 
(Length: 4)  11  16  19  68 
(Length: 4)  11  16  54  85 
(Length: 4)  11  19  54  58 
(Length: 4)  11  54  60  83 
(Length: 4)  11  12  44  49 
(Length: 4)  11  12  44  58 
(Length: 5)  11  50  54  58  83 
(Length: 4)  11  19  77  98 
(Length: 4)  11  50  52  83 
(Length: 4)  11  12  44  60 
(Length: 4)  11  50  54  65 
(Length: 4)  11  44  49  98 
(Length: 4)  11  16  19  54 
(Length: 4)  11  44  65  98 
(Length: 4)  11  50  58  76 
(Length: 5)  11  54  58  83  85 
(Length: 4)  11  19  58  63 
(Length: 4)  11  19  63  77 
(Length: 4)  11  57  58  85 
(Length: 4)  11  44  58  63 
(Length: 4)  11  44  60  63 
(Length: 4)  11  57  58  63 
(Length: 4)  11  52  77  83 
(Length: 3)  11  16  44 
(Length: 4)  12  44  80  92 
(Length: 3)  12  17  96 
(Length: 5)  12  47  49  81  95 
(Length: 4)  12  47  58  96 
(Length: 3)  12  17  94 
(Length: 4)  12  47  89  95 
(Length: 4)  12  44  60  89 
(Length: 4)  12  60  89  95 
(Length: 4)  12  37  90  95 
(Length: 3)  12  17  60 
(Length: 4)  12  47  58  94 
(Length: 4)  12  44  58  80 
(Length: 3)  12  17  49 
(Length: 3)  12  39  60 
(Length: 4)  12  81  90  95 
(Length: 4)  12  44  70  81 
(Length: 3)  12  92  94 
(Length: 3)  12  90  94 
(Length: 4)  12  44  70  89 
(Length: 4)  12  60  80  95 
(Length: 4)  12  39  47  94 
(Length: 4)  12  80  90  95 
(Length: 4)  12  44  49  81 
(Length: 4)  12  37  89  95 
(Length: 4)  12  44  60  80 
(Length: 3)  12  70  96 
(Length: 4)  13  26  66  97 
(Length: 5)  13  26  29  52  72 
(Length: 5)  13  15  17  42  96 
(Length: 5)  13  15  50  52  99 
(Length: 5)  13  17  42  43  96 
(Length: 4)  13  38  47  96 
(Length: 5)  13  26  29  72  82 
(Length: 5)  13  26  52  72  96 
(Length: 3)  13  39  47 
(Length: 4)  13  42  43  50 
(Length: 4)  13  43  72  96 
(Length: 4)  13  17  29  87 
(Length: 4)  13  72  82  99 
(Length: 5)  13  15  17  42  66 
(Length: 4)  13  15  52  96 
(Length: 4)  13  26  47  97 
(Length: 5)  13  26  72  82  96 
(Length: 4)  13  42  66  97 
(Length: 4)  13  15  38  96 
(Length: 5)  13  15  17  42  87 
(Length: 4)  13  72  73  96 
(Length: 4)  13  29  38  72 
(Length: 4)  13  52  72  99 
(Length: 4)  13  15  66  99 
(Length: 5)  13  17  42  45  66 
(Length: 4)  13  26  47  96 
(Length: 4)  13  15  42  50 
(Length: 4)  13  42  87  97 
(Length: 4)  13  42  45  64 
(Length: 4)  13  26  45  66 
(Length: 4)  13  38  72  96 
(Length: 5)  14  17  24  42  96 
(Length: 4)  14  18  38  95 
(Length: 4)  14  20  80  84 
(Length: 4)  14  17  18  42 
(Length: 4)  14  43  50  76 
(Length: 4)  14  20  44  80 
(Length: 4)  14  20  61  73 
(Length: 4)  14  24  42  44 
(Length: 4)  14  15  80  91 
(Length: 4)  14  20  73  80 
(Length: 4)  14  15  50  76 
(Length: 3)  14  15  61 
(Length: 5)  14  15  42  48  91 
(Length: 4)  14  15  42  44 
(Length: 4)  14  42  43  50 
(Length: 4)  14  18  42  50 
(Length: 5)  14  15  17  42  48 
(Length: 4)  14  18  38  51 
(Length: 4)  14  18  42  89 
(Length: 5)  14  73  80  90  95 
(Length: 4)  14  18  50  95 
(Length: 4)  14  32  44  80 
(Length: 4)  14  32  38  80 
(Length: 4)  14  20  78  80 
(Length: 4)  14  15  44  80 
(Length: 4)  14  80  84  91 
(Length: 4)  14  24  73  90 
(Length: 4)  14  44  49  51 
(Length: 4)  14  24  73  96 
(Length: 4)  14  17  49  84 
(Length: 4)  14  17  48  49 
(Length: 5)  14  17  42  43  96 
(Length: 4)  14  32  44  49 
(Length: 4)  14  24  61  73 
(Length: 4)  14  17  43  49 
(Length: 5)  14  17  18  49  51 
(Length: 5)  14  38  80  90  95 
(Length: 3)  14  84  89 
(Length: 4)  14  18  49  95 
(Length: 3)  14  24  77 
(Length: 5)  14  15  42  50  91 
(Length: 3)  14  20  79 
(Length: 4)  14  42  43  89 
(Length: 5)  14  24  42  71  96 
(Length: 5)  14  15  38  78  80 
(Length: 4)  14  20  71  78 
(Length: 4)  14  32  42  44 
(Length: 3)  14  29  38 
(Length: 5)  14  15  38  71  96 
(Length: 3)  14  17  79 
(Length: 4)  14  18  89  95 
(Length: 4)  14  38  51  77 
(Length: 5)  14  15  38  71  78 
(Length: 5)  14  15  42  71  96 
(Length: 4)  14  42  44  89 
(Length: 4)  14  43  76  90 
(Length: 4)  14  42  71  89 
(Length: 3)  14  79  89 
(Length: 5)  14  15  42  48  71 
(Length: 3)  14  17  29 
(Length: 5)  14  38  77  78  80 
(Length: 5)  14  15  17  42  96 
(Length: 5)  15  21  50  58  76 
(Length: 4)  15  34  52  55 
(Length: 4)  15  21  34  55 
(Length: 5)  15  21  38  41  85 
(Length: 4)  15  40  74  93 
(Length: 4)  15  17  21  93 
(Length: 4)  15  22  58  59 
(Length: 4)  15  21  41  50 
(Length: 4)  15  44  58  59 
(Length: 4)  15  21  58  85 
(Length: 4)  15  58  80  87 
(Length: 3)  15  58  96 
(Length: 3)  15  17  22 
(Length: 5)  15  40  44  80  92 
(Length: 3)  15  66  76 
(Length: 4)  15  42  66  71 
(Length: 5)  15  40  74  80  92 
(Length: 3)  15  38  59 
(Length: 4)  15  38  74  80 
(Length: 4)  15  17  28  94 
(Length: 4)  15  44  66  92 
(Length: 4)  15  28  92  94 
(Length: 4)  15  50  52  76 
(Length: 4)  15  28  38  94 
(Length: 3)  15  22  99 
(Length: 4)  15  40  52  55 
(Length: 4)  15  34  42  44 
(Length: 4)  15  48  55  71 
(Length: 4)  15  52  55  59 
(Length: 4)  15  41  50  52 
(Length: 4)  15  55  66  71 
(Length: 4)  15  52  55  71 
(Length: 4)  15  34  52  76 
(Length: 4)  15  34  52  91 
(Length: 4)  15  52  55  99 
(Length: 4)  15  40  44  93 
(Length: 5)  15  50  52  91  99 
(Length: 5)  15  17  42  48  87 
(Length: 4)  15  21  38  71 
(Length: 4)  15  21  34  85 
(Length: 4)  15  21  34  76 
(Length: 4)  15  21  55  71 
(Length: 3)  15  22  34 
(Length: 4)  15  34  42  91 
(Length: 4)  15  58  59  76 
(Length: 5)  15  28  50  58  94 
(Length: 4)  15  44  58  80 
(Length: 3)  15  61  85 
(Length: 4)  15  52  71  96 
(Length: 4)  15  55  66  99 
(Length: 4)  15  66  71  92 
(Length: 4)  15  52  59  76 
(Length: 4)  15  34  42  87 
(Length: 4)  15  34  42  85 
(Length: 4)  15  42  44  66 
(Length: 4)  15  40  41  52 
(Length: 4)  16  25  51  52 
(Length: 4)  16  19  34  68 
(Length: 3)  16  20  57 
(Length: 3)  16  20  69 
(Length: 4)  16  27  34  52 
(Length: 5)  16  29  69  85  86 
(Length: 4)  16  54  69  85 
(Length: 4)  16  44  51  56 
(Length: 4)  16  19  29  68 
(Length: 4)  16  39  47  94 
(Length: 3)  16  51  57 
(Length: 4)  16  44  81  93 
(Length: 4)  16  25  39  52 
(Length: 4)  16  29  69  94 
(Length: 4)  16  25  39  47 
(Length: 4)  16  29  69  82 
(Length: 4)  16  29  52  69 
(Length: 4)  16  51  52  69 
(Length: 5)  16  19  27  34  81 
(Length: 4)  16  19  81  93 
(Length: 4)  16  27  56  82 
(Length: 4)  16  19  68  93 
(Length: 3)  16  27  57 
(Length: 4)  16  44  51  93 
(Length: 5)  16  32  34  42  85 
(Length: 5)  16  32  34  42  44 
(Length: 4)  16  34  44  81 
(Length: 4)  16  32  69  85 
(Length: 4)  16  32  44  56 
(Length: 3)  16  39  54 
(Length: 4)  16  51  69  93 
(Length: 4)  16  25  42  85 
(Length: 4)  16  32  56  85 
(Length: 4)  16  19  32  34 
(Length: 4)  16  19  32  47 
(Length: 4)  16  19  47  81 
(Length: 3)  16  20  44 
(Length: 3)  16  20  25 
(Length: 4)  16  47  57  94 
(Length: 4)  16  27  34  82 
(Length: 4)  17  19  66  68 
(Length: 3)  17  19  22 
(Length: 4)  17  49  51  74 
(Length: 4)  17  19  29  68 
(Length: 4)  17  19  21  43 
(Length: 3)  17  19  88 
(Length: 4)  17  49  74  84 
(Length: 4)  17  19  21  93 
(Length: 3)  17  84  88 
(Length: 4)  17  24  42  60 
(Length: 3)  17  29  94 
(Length: 3)  17  54  87 
(Length: 4)  17  21  45  93 
(Length: 4)  17  51  74  93 
(Length: 4)  17  23  42  60 
(Length: 3)  17  23  86 
(Length: 4)  17  23  42  66 
(Length: 4)  17  18  54  66 
(Length: 5)  17  18  49  51  66 
(Length: 4)  17  19  54  66 
(Length: 3)  17  51  88 
(Length: 4)  17  19  68  93 
(Length: 4)  17  21  24  60 
(Length: 4)  17  19  43  54 
(Length: 4)  17  42  48  60 
(Length: 3)  17  54  60 
(Length: 4)  17  18  42  66 
(Length: 3)  17  29  86 
(Length: 4)  18  34  42  85 
(Length: 3)  18  35  81 
(Length: 4)  18  38  51  56 
(Length: 5)  18  33  49  66  95 
(Length: 4)  18  21  34  85 
(Length: 4)  18  40  49  95 
(Length: 4)  18  49  81  95 
(Length: 4)  18  21  38  85 
(Length: 3)  18  54  85 
(Length: 5)  18  38  56  85  95 
(Length: 5)  18  33  49  51  66 
(Length: 3)  18  40  54 
(Length: 3)  18  50  54 
(Length: 4)  18  35  56  85 
(Length: 3)  18  34  81 
(Length: 4)  18  40  49  51 
(Length: 4)  19  27  95  98 
(Length: 4)  19  47  89  95 
(Length: 3)  19  43  89 
(Length: 3)  19  67  89 
(Length: 3)  19  88  89 
(Length: 5)  19  27  81  90  95 
(Length: 3)  19  43  90 
(Length: 4)  19  43  54  58 
(Length: 4)  19  58  63  73 
(Length: 3)  19  67  93 
(Length: 3)  19  43  98 
(Length: 4)  19  29  68  91 
(Length: 4)  19  29  68  73 
(Length: 4)  19  27  34  89 
(Length: 4)  19  27  34  91 
(Length: 4)  19  47  81  95 
(Length: 4)  19  66  95  98 
(Length: 3)  19  26  27 
(Length: 3)  19  61  67 
(Length: 4)  19  26  29  68 
(Length: 4)  19  34  68  91 
(Length: 3)  19  54  61 
(Length: 3)  19  26  47 
(Length: 4)  19  29  58  73 
(Length: 4)  19  22  32  34 
(Length: 5)  19  21  43  58  63 
(Length: 3)  19  54  91 
(Length: 4)  19  26  66  68 
(Length: 3)  19  21  34 
(Length: 5)  19  22  32  47  58 
(Length: 4)  19  27  89  95 
(Length: 4)  19  26  54  66 
(Length: 4)  19  27  91  98 
(Length: 4)  20  69  71  78 
(Length: 4)  20  58  73  80 
(Length: 4)  20  58  69  73 
(Length: 4)  20  44  58  80 
(Length: 4)  20  58  59  79 
(Length: 4)  20  57  66  71 
(Length: 3)  20  44  66 
(Length: 4)  20  57  58  73 
(Length: 4)  20  65  69  78 
(Length: 4)  20  23  65  78 
(Length: 3)  20  44  65 
(Length: 4)  20  65  75  78 
(Length: 4)  20  44  58  59 
(Length: 4)  20  57  65  75 
(Length: 4)  21  43  50  65 
(Length: 3)  21  58  79 
(Length: 5)  21  24  55  60  71 
(Length: 3)  21  24  62 
(Length: 4)  21  38  60  71 
(Length: 3)  21  25  60 
(Length: 3)  21  38  62 
(Length: 3)  21  45  71 
(Length: 3)  21  38  65 
(Length: 3)  21  62  93 
(Length: 4)  21  25  45  85 
(Length: 3)  21  55  65 
(Length: 3)  21  30  58 
(Length: 4)  21  41  45  85 
(Length: 5)  21  43  50  58  76 
(Length: 3)  21  34  62 
(Length: 4)  21  24  60  63 
(Length: 5)  21  43  50  58  62 
(Length: 3)  22  82  99 
(Length: 4)  22  32  58  59 
(Length: 4)  22  34  75  82 
(Length: 3)  23  42  65 
(Length: 4)  23  26  27  65 
(Length: 3)  23  31  66 
(Length: 3)  23  27  81 
(Length: 3)  23  78  81 
(Length: 3)  24  63  77 
(Length: 5)  24  42  70  71  96 
(Length: 3)  24  40  55 
(Length: 4)  24  60  63  73 
(Length: 3)  24  62  77 
(Length: 4)  24  44  60  63 
(Length: 4)  24  63  70  96 
(Length: 3)  24  63  67 
(Length: 4)  24  42  60  71 
(Length: 3)  24  36  60 
(Length: 4)  24  73  90  94 
(Length: 4)  24  42  44  70 
(Length: 3)  24  62  67 
(Length: 4)  24  63  73  96 
(Length: 4)  24  42  60  75 
(Length: 3)  24  40  44 
(Length: 4)  24  44  63  70 
(Length: 4)  24  42  44  60 
(Length: 3)  24  26  55 
(Length: 4)  24  26  62  94 
(Length: 3)  24  26  96 
(Length: 3)  24  61  67 
(Length: 4)  25  42  45  66 
(Length: 4)  25  45  83  85 
(Length: 4)  25  52  77  83 
(Length: 3)  25  60  83 
(Length: 4)  25  42  66  97 
(Length: 4)  25  42  45  85 
(Length: 4)  25  51  52  77 
(Length: 4)  25  42  48  60 
(Length: 3)  25  47  97 
(Length: 3)  25  47  83 
(Length: 4)  25  39  48  60 
(Length: 4)  26  55  65  72 
(Length: 3)  26  52  62 
(Length: 3)  26  46  66 
(Length: 3)  26  27  79 
(Length: 4)  26  27  72  82 
(Length: 4)  26  65  94  97 
(Length: 4)  26  52  55  72 
(Length: 4)  26  52  55  83 
(Length: 3)  26  46  83 
(Length: 4)  26  46  72  96 
(Length: 4)  26  27  65  97 
(Length: 4)  26  47  94  97 
(Length: 4)  26  62  92  94 
(Length: 4)  26  30  47  83 
(Length: 4)  26  27  52  72 
(Length: 3)  26  54  83 
(Length: 4)  26  54  66  92 
(Length: 4)  26  66  68  97 
(Length: 4)  26  54  65  72 
(Length: 4)  26  62  66  92 
(Length: 4)  26  65  68  97 
(Length: 5)  26  27  46  65  72 
(Length: 4)  26  29  92  94 
(Length: 3)  27  79  98 
(Length: 5)  27  38  46  72  95 
(Length: 4)  27  34  52  91 
(Length: 4)  27  56  65  98 
(Length: 4)  27  72  82  95 
(Length: 5)  27  56  82  89  95 
(Length: 5)  27  38  56  90  95 
(Length: 5)  27  28  57  89  97 
(Length: 4)  27  56  95  98 
(Length: 5)  27  38  57  65  72 
(Length: 4)  27  34  82  89 
(Length: 5)  27  38  46  56  65 
(Length: 4)  27  28  38  57 
(Length: 5)  27  38  46  65  72 
(Length: 4)  27  65  97  98 
(Length: 4)  27  37  89  95 
(Length: 4)  27  57  65  97 
(Length: 3)  27  34  64 
(Length: 4)  27  28  79  89 
(Length: 4)  27  56  70  89 
(Length: 3)  27  40  52 
(Length: 3)  27  40  64 
(Length: 3)  27  90  97 
(Length: 4)  27  40  89  95 
(Length: 5)  27  38  46  56  95 
(Length: 4)  27  34  70  89 
(Length: 4)  27  37  90  95 
(Length: 4)  27  34  70  81 
(Length: 4)  27  40  57  89 
(Length: 4)  28  58  73  83 
(Length: 3)  28  58  79 
(Length: 4)  28  50  58  83 
(Length: 4)  28  38  57  94 
(Length: 3)  28  57  75 
(Length: 5)  28  57  58  73  94 
(Length: 3)  28  77  83 
(Length: 4)  28  57  94  97 
(Length: 4)  28  73  92  94 
(Length: 3)  28  77  92 
(Length: 4)  28  53  89  97 
(Length: 4)  28  32  58  83 
(Length: 5)  29  69  73  92  94 
(Length: 3)  29  38  85 
(Length: 3)  29  86  91 
(Length: 4)  29  35  58  94 
(Length: 4)  29  35  58  87 
(Length: 4)  29  35  58  85 
(Length: 3)  29  36  38 
(Length: 4)  29  58  72  73 
(Length: 3)  29  68  76 
(Length: 3)  29  38  94 
(Length: 4)  29  35  58  72 
(Length: 3)  29  53  85 
(Length: 5)  29  58  69  73  94 
(Length: 3)  29  58  76 
(Length: 4)  29  35  36  87 
(Length: 5)  29  58  69  73  85 
(Length: 3)  29  53  91 
(Length: 3)  30  37  74 
(Length: 4)  30  39  61  67 
(Length: 4)  30  47  58  83 
(Length: 3)  30  67  74 
(Length: 3)  31  32  37 
(Length: 3)  31  38  90 
(Length: 4)  31  32  47  83 
(Length: 3)  31  38  46 
(Length: 3)  31  46  66 
(Length: 3)  31  83  90 
(Length: 3)  31  37  89 
(Length: 3)  31  47  89 
(Length: 3)  31  46  83 
(Length: 3)  31  67  89 
(Length: 3)  31  37  90 
(Length: 4)  31  32  38  47 
(Length: 4)  32  44  59  60 
(Length: 4)  32  44  58  72 
(Length: 4)  32  42  44  60 
(Length: 3)  32  37  85 
(Length: 4)  32  47  58  83 
(Length: 4)  32  58  59  64 
(Length: 4)  32  59  60  83 
(Length: 4)  32  38  60  80 
(Length: 4)  32  38  60  72 
(Length: 4)  32  59  60  64 
(Length: 4)  32  44  60  80 
(Length: 4)  32  44  58  80 
(Length: 5)  32  36  38  59  60 
(Length: 4)  32  58  69  85 
(Length: 4)  32  58  83  85 
(Length: 4)  32  38  56  80 
(Length: 4)  32  38  56  85 
(Length: 4)  32  44  56  80 
(Length: 4)  32  42  60  64 
(Length: 4)  32  44  60  72 
(Length: 4)  32  58  59  83 
(Length: 3)  32  47  49 
(Length: 3)  32  36  37 
(Length: 4)  32  44  58  59 
(Length: 3)  33  79  98 
(Length: 4)  33  51  72  93 
(Length: 3)  33  52  91 
(Length: 4)  33  61  65  72 
(Length: 3)  33  48  72 
(Length: 3)  33  72  95 
(Length: 3)  33  65  98 
(Length: 3)  33  91  98 
(Length: 3)  33  53  91 
(Length: 3)  33  37  51 
(Length: 5)  33  49  66  95  98 
(Length: 3)  33  48  49 
(Length: 3)  33  48  91 
(Length: 3)  33  53  66 
(Length: 3)  34  55  89 
(Length: 4)  34  42  70  85 
(Length: 3)  34  52  62 
(Length: 3)  34  55  64 
(Length: 4)  34  42  70  87 
(Length: 4)  34  42  75  91 
(Length: 3)  34  64  76 
(Length: 5)  34  42  44  70  89 
(Length: 3)  34  62  64 
(Length: 4)  34  68  75  91 
(Length: 3)  34  76  81 
(Length: 3)  34  68  76 
(Length: 4)  34  44  70  81 
(Length: 4)  35  56  80  87 
(Length: 4)  35  39  60  72 
(Length: 4)  35  58  63  80 
(Length: 3)  35  36  60 
(Length: 4)  35  46  60  72 
(Length: 3)  35  81  93 
(Length: 4)  35  58  80  87 
(Length: 4)  35  60  63  80 
(Length: 3)  35  72  93 
(Length: 4)  35  39  56  94 
(Length: 3)  36  45  59 
(Length: 3)  36  38  77 
(Length: 3)  36  48  60 
(Length: 3)  36  37  45 
(Length: 3)  36  48  87 
(Length: 3)  37  74  95 
(Length: 3)  37  51  76 
(Length: 3)  37  51  74 
(Length: 3)  37  85  95 
(Length: 3)  37  45  85 
(Length: 4)  38  47  57  94 
(Length: 4)  38  47  71  96 
(Length: 3)  38  41  46 
(Length: 3)  38  47  95 
(Length: 4)  38  71  72  96 
(Length: 5)  38  46  60  72  95 
(Length: 4)  38  57  65  94 
(Length: 4)  38  60  80  95 
(Length: 4)  38  46  51  56 
(Length: 4)  38  51  57  72 
(Length: 4)  38  56  67  74 
(Length: 4)  38  56  65  94 
(Length: 4)  38  47  57  71 
(Length: 4)  38  57  62  94 
(Length: 3)  38  57  85 
(Length: 4)  38  62  67  74 
(Length: 3)  38  62  77 
(Length: 4)  38  51  56  74 
(Length: 3)  38  41  90 
(Length: 5)  38  56  80  90  95 
(Length: 4)  38  60  71  72 
(Length: 4)  38  46  72  96 
(Length: 5)  38  56  74  80  95 
(Length: 4)  38  47  71  78 
(Length: 4)  38  57  71  72 
(Length: 4)  38  56  90  94 
(Length: 4)  38  46  56  96 
(Length: 4)  38  46  51  72 
(Length: 3)  38  65  78 
(Length: 3)  39  41  52 
(Length: 4)  39  56  61  67 
(Length: 3)  39  56  98 
(Length: 3)  39  41  54 
(Length: 4)  39  54  60  64 
(Length: 4)  39  54  61  72 
(Length: 4)  39  54  60  72 
(Length: 4)  39  48  60  72 
(Length: 3)  39  79  98 
(Length: 4)  39  54  60  75 
(Length: 3)  40  55  64 
(Length: 4)  40  74  80  95 
(Length: 4)  40  51  69  93 
(Length: 4)  40  49  74  95 
(Length: 4)  40  74  80  84 
(Length: 3)  40  74  75 
(Length: 4)  40  64  74  92 
(Length: 3)  40  84  89 
(Length: 4)  40  54  64  92 
(Length: 3)  40  51  57 
(Length: 4)  40  41  54  69 
(Length: 4)  40  51  74  93 
(Length: 4)  40  51  74  92 
(Length: 4)  40  44  49  51 
(Length: 4)  40  49  74  84 
(Length: 4)  40  49  51  74 
(Length: 4)  40  44  51  93 
(Length: 3)  40  44  89 
(Length: 4)  40  54  69  92 
(Length: 4)  40  44  51  92 
(Length: 4)  40  55  57  89 
(Length: 3)  41  50  54 
(Length: 4)  41  54  69  85 
(Length: 3)  41  90  97 
(Length: 3)  42  65  97 
(Length: 3)  42  65  75 
(Length: 3)  42  44  65 
(Length: 4)  42  45  66  71 
(Length: 3)  42  89  97 
(Length: 4)  42  60  71  89 
(Length: 4)  42  48  60  71 
(Length: 4)  42  43  50  65 
(Length: 4)  42  60  75  91 
(Length: 4)  42  44  60  89 
(Length: 4)  42  48  60  91 
(Length: 3)  43  57  89 
(Length: 4)  43  50  54  58 
(Length: 4)  43  54  58  72 
(Length: 4)  43  58  63  96 
(Length: 4)  43  58  72  96 
(Length: 4)  43  57  58  72 
(Length: 4)  43  54  65  72 
(Length: 3)  43  65  98 
(Length: 4)  43  50  54  65 
(Length: 3)  43  49  98 
(Length: 4)  43  57  65  72 
(Length: 4)  43  57  58  62 
(Length: 4)  43  57  58  63 
(Length: 4)  44  58  59  63 
(Length: 3)  44  59  98 
(Length: 4)  44  63  80  92 
(Length: 4)  44  60  63  80 
(Length: 4)  44  51  72  93 
(Length: 4)  44  46  65  72 
(Length: 4)  44  51  66  92 
(Length: 4)  44  49  51  66 
(Length: 4)  44  49  66  98 
(Length: 4)  44  56  65  98 
(Length: 4)  44  56  70  89 
(Length: 4)  44  59  60  63 
(Length: 4)  44  58  63  80 
(Length: 4)  44  46  51  56 
(Length: 4)  44  46  60  72 
(Length: 4)  44  46  56  65 
(Length: 4)  44  46  51  66 
(Length: 4)  44  46  51  72 
(Length: 3)  45  59  83 
(Length: 3)  45  57  85 
(Length: 3)  45  67  93 
(Length: 3)  45  59  64 
(Length: 4)  45  57  66  71 
(Length: 3)  45  59  79 
(Length: 3)  46  60  83 
(Length: 3)  46  66  95 
(Length: 3)  46  66  99 
(Length: 4)  46  56  65  99 
(Length: 3)  46  60  64 
(Length: 4)  46  65  72  99 
(Length: 4)  47  57  94  97 
(Length: 3)  47  78  97 
(Length: 3)  47  78  81 
(Length: 4)  47  57  89  97 
(Length: 4)  47  57  58  94 
(Length: 4)  47  57  71  89 
(Length: 5)  48  55  60  71  72 
(Length: 3)  48  72  82 
(Length: 3)  50  54  91 
(Length: 3)  50  65  94 
(Length: 3)  50  65  99 
(Length: 4)  50  58  62  94 
(Length: 3)  51  77  92 
(Length: 3)  51  88  92 
(Length: 3)  51  66  76 
(Length: 3)  51  56  76 
(Length: 3)  51  56  88 
(Length: 3)  51  57  66 
(Length: 4)  52  71  72  96 
(Length: 4)  52  55  71  72 
(Length: 4)  52  55  72  99 
(Length: 4)  52  55  59  83 
(Length: 3)  52  77  99 
(Length: 3)  53  74  84 
(Length: 3)  53  56  96 
(Length: 3)  53  74  97 
(Length: 3)  53  66  97 
(Length: 3)  53  56  85 
(Length: 3)  53  56  74 
(Length: 4)  53  84  88  89 
(Length: 4)  53  56  88  89 
(Length: 4)  54  60  75  91 
(Length: 3)  54  58  87 
(Length: 4)  54  58  69  85 
(Length: 4)  54  60  71  72 
(Length: 4)  54  69  71  92 
(Length: 4)  54  61  65  72 
(Length: 3)  54  65  69 
(Length: 3)  54  58  64 
(Length: 3)  54  61  85 
(Length: 4)  55  57  71  89 
(Length: 4)  55  57  65  72 
(Length: 4)  55  59  60  64 
(Length: 4)  55  60  71  89 
(Length: 4)  55  65  72  99 
(Length: 3)  55  88  89 
(Length: 4)  55  59  60  83 
(Length: 4)  55  57  71  72 
(Length: 3)  56  76  90 
(Length: 3)  56  82  99 
(Length: 3)  56  88  90 
(Length: 3)  56  70  87 
(Length: 3)  56  74  75 
(Length: 3)  56  75  82 
(Length: 4)  56  65  98  99 
(Length: 3)  56  67  89 
(Length: 3)  56  61  65 
(Length: 4)  56  80  87  95 
(Length: 3)  56  82  96 
(Length: 4)  57  58  73  85 
(Length: 4)  57  58  72  73 
(Length: 3)  57  66  97 
(Length: 3)  57  62  66 
(Length: 4)  57  58  62  94 
(Length: 4)  57  65  94  97 
(Length: 4)  57  58  63  73 
(Length: 4)  58  63  69  73 
(Length: 3)  58  62  64 
(Length: 4)  58  63  73  96 
(Length: 4)  58  59  64  76 
(Length: 4)  58  63  73  80 
(Length: 4)  58  72  73  96 
(Length: 4)  58  73  83  85 
(Length: 3)  59  79  98 
(Length: 3)  60  80  91 
(Length: 4)  60  63  73  80 
(Length: 3)  60  73  83 
(Length: 4)  60  72  73  95 
(Length: 4)  60  73  80  95 
(Length: 3)  61  73  85 
(Length: 4)  62  67  74  93 
(Length: 3)  62  88  92 
(Length: 4)  62  64  74  92 
(Length: 3)  62  77  92 
(Length: 4)  63  69  73  92 
(Length: 4)  63  77  80  92 
(Length: 4)  63  73  80  92 
(Length: 4)  65  69  94  97 
(Length: 4)  65  69  78  97 
(Length: 3)  66  97  98 
(Length: 3)  66  98  99 
(Length: 3)  68  80  91 
(Length: 3)  68  73  80 
(Length: 3)  73  85  95 
(Length: 3)  73  83  90 
(Length: 3)  76  81  90 
(Length: 3)  77  98  99 
(Length: 3)  90  94  97 
(Length: 3)  91  98  99 
...model cost: 1.06 seconds  48749 FFE
 (opt) 447.00000000 == 447.00000000 (sur)  OPTIMALITY TEST PASSED!
   BESTimpr 385.00000000 -> 441.00000000
*111*****11***111*1**1*****1*1*1******11*1**11*11*1***11****1*****1******1***1****11**11*1*11111**11


*****111*1**111*1*1111111*11********11**11*****11***1**1***111**11*1*1*111*******111**11*11*11*1***1


1*11*****11*1****************1*1*1*11**1*1**11*11**1*111****1*****1***1***1***1*1*1********11*1*1111

