Walsh model started...
 45  73  61  51  67  65  90  92  69  56  95  52  83  17  81  26  18  33  28  87  55  60  64  62  20  84 
 76  7  32  16  46  57  6  90  22  77  56  62  18 
 14  46  76  47  66  16  26  81  67  22  36  31  27  72  23  8  65  79  60  24  30 
 11  13  82  76  66  81  93  6  19  53  92  25  5  30  21  95 
 62  76  94  99  52  55  95  60  37  84  57  40  54  46  30  82  73  14  47  61  36  81  89  74 
 75  83  64  65  53  55  26  13  91  16  14  94  25  35  30  3  21  48 
 80  48  28  10  82  72  37  53  88  93  3  55  21  16  14  51  89  64  1  90  74  17  66  76  49  75  96  60  30  99  38  67 
 1  76  56  77  64  45  65  82  46  25  15  52  79  84  68  54  47  61  78  62  70 
 61  78  32  37  88  92  86  13  59  74  55  47  23  2  28  81 
 36  93  23  34  70  17  40  42  43  32  18  50  51  65  16  11  83  29  45  76  80  99 
 6  28  91  96  89  86  32  19  15  73  43  88  13  76  52  70  83  64 
 3  13  70  33  18  65  72  95  37  57  9  51  94  44  28 
 81  33  38  58  85  91  37  40  45  48  50  82  49  15  74 
 11  3  76  45  51  84  5  64  57  99  26  67  90  78  8  59  27  68  92  38  60  88  10  94 
 46  2  41  67  23  38  42  52  51  6  91  83  94  5  21  92  93  99  4  57  71  22  17  43  25  70  74  26  39 
 95  27  64  54  7  52  74  45  56  39  51  49  35  60  96  10  19  29  79  85  46  12  69  78 
 45  79  44  82  1  32  96  30  97  81  66  2  21  6  5  91  74  20  61  64  49  65  9  56  19  23 
 93  64  29  37  70  9  33  24  0  81  83  42  59  74  6  14 
 78  99  11  65  70  23  30  24  76  63  21  77  32  9  74  36  26  0  62  91  81  64  1  51 
 26  41  32  48  10  15  93  3  38  16  28  45  30 
 80  81  22  75  36  23  48  97  67  86  43  34  74  16  59  49  61  42  50  78  96  0  84  90  57  52 
 48  61  39  69  98  59  24  25  31  50  16  6  78  58  94  71  86  77  18  92  14  88  83  5  95  3 
 64  75  35  47  74  65  86  66  20  67  2  80  89  36  97  79  31  54  52  34  1  77  71  14  55  46  24  28 
 74  61  9  34  38  14  36  20  53  44  18  70  33  80  50  96  95  57  2  8  97  63  40  16 
 51  53  79  38  21  25  30  94  97  33  17  32  88  47  18  40  44  31  66  56  22  28  2 
 49  84  62  78  46  7  21  24  30  53  5  66  76  52  59  34  29  3  43  14 
 64  5  81  75  36  73  2  13  67  41  19  18  0  70  43  83  44  71  38  49  45  39  14  87 
 68  66  95  15  28  98  74  71  49  36  13  2  72  51  38  33  78  63  70  57 
 6  10  59  98  38  64  27  88  0  33  46  55  63  8  81  19  44  11  24  22 
 52  56  95  61  55  79  17  37  60  47  71  57  34  25  83  9  15  73  63 
 64  47  96  16  82  49  76  89  71  33  24  25  90  34  18  94  35  5  46  4  38  85  6  3  19  45  61  86  2 
 57  63  21  50  96  85  87  68  45  90  36  2  22  79  44  34  40  66  24 
 83  58  1  16  8  37  49  52  10  86  19  48  24  33  9  18  74  68  56  66 
 81  12  47  80  69  44  70  11  97  30  71  24  17  48  53  32  23  91  54  0  28  38  27  37  66  90 
 60  84  9  23  54  66  70  68  38  86  42  87  30  90  43  20  51  75  25  29  22  31  40 
 22  47  73  60  15  52  5  30  38  90  40 
 9  93  49  62  89  60  26  73  23  20  41  42  22  97  27  99  31  2  43  67  50  74  18  91  54  4  81  77  46 
 53  6  17  29  55  32  8  61  98  11  72  57  40  12  84  4  41  85  45  79  73  78  49  33  54  99  39 
 28  64  79  24  98  52  23  14  86  34  12  58  73  91  92  13  35  90  27  33  30  85  40  47  65  19  26  99  6  61 
 69  21  76  82  15  56  83  59  53  47  71  54  78  52  75  88  44  90  89  51  64  42  46  26  14  99  37 
 46  64  81  55  42  9  37  12  44  86  54  4  24  97  78  80  63  56  61  66  38  35  34  31  50  23 
 53  98  14  67  79  84  26  19  42  36  74  97  85  37  72  52  87  48 
 75  44  45  99  77  79  92  61  40  9  34  87  41  36  52  14  80  72  20  50  83  17  54  48  46  68  62  64  39 
 68  90  93  58  20  34  9  36  75  73  10  26  83  25  14  51  67 
 42  75  50  48  63  97  33  69  91  66  82  16  79  95  23  53  40  86  24  39  88  46  31  90  26  71  28  11 
 99  42  0  73  79  16  76  13  7  64  74  15  31  90  12  81  37  65  85  47  60  94  97  83  9  72  49  26  19  30  86 
 74  56  14  2  64  40  7  25  62  70  86  47  93  98  55  97  82  4  30  1  57  44  42  28  22  36  77  92  15  39 
 22  35  33  80  64  30  78  62  76  2  60  29  46  86  81  71  53  39  7  61  88  24  92  79  8  95  67  45  50  94  4  38  65 
 44  50  56  82  80  6  21  61  83  69  99  53  33  97  20  32  19  74  84  12  71  70  54  42  59  66  90  51  5  96  87  41  52  67 
 84  25  36  62  82  30  32  52  51  15  27  99  59  20  12  60  70  16  64  78  71  53  37  6  75  26  45 
 44  48  31  21  91  99  95  73  12  67  36  51  9  42  20  23  96  47  94  40 
 0  61  53  24  13  84  15  49  14  6  55  93  68  34  50  9  27  74  11  39  90  48  43  67  18  64 
 56  29  98  38  7  15  32  49  42  14  4  55  83  0  35  39  75  82  78  25  59  54  22  41  74  76  10  61  20  48 
 41  98  37  6  51  24  55  5  48  33  23  44  71  93  39  47  70  25  82  88  69  65  72  92  3  49 
 34  66  64  15  7  68  39  71  40  4  91  33  42  48  69  56  22  52  36  62  37  85 
 53  5  29  79  40  81  66  91  6  37  93  74  52  4  8  46  98  57  51  73  88  60  0  28  90  95  22 
 82  48  46  74  7  77  52  29  93  15  39  0  69  86  65  40  61  54  71  16  1  32  24 
 84  68  31  63  29  71  13  99  11  37  4  55  65  89  88  80  1  46  95  23  14  20  90  27  70 
 83  32  43  93  38  12  64  94  21 
 65  68  28  98  21  95  79  83  39  99  72  8  13  20  49  60  52  25  17  81  48  66  61  76 
 34  84  89  36  47  29  73  35  95  4  15  96  59  13  70  49  55  0  45  6  79  2 
 74  23  0  51  48  21  29  95  83  92  42  8  78  98  37  7  47  79  70  20  16  40  56  66  87  4  96  52  38  59  76  86  30 
 25  78  36  49  76  4  47  46  70  18  91  68  42  64  0  54  7  1 
 44  97  57  31  86  70  76  18  80  40  23  73  29  84  65  28  27 
 75  22  17  93  70  87  5  65  46  40  47  30  26  38  28  7  45  15  54  13  99  72  89  6  58  16  49  18  81  66  0  62  42  39  10  88  51 
 86  92  5  64  59  68  67  0  74  22  7  82  18  11  57  89  45  85  56  69  53  9  16  84  63  47  38  2  70 
 27  68  34  54  44  91  3  81  55  86  22  2  16  25  76  61  40  64  6  78  59  48  31  24  33  32 
 0  65  41  14  26  13  2  22  20  86  50  36  95  47  51  43  76  6  82  48 
 70  83  27  66  84  57  59  65  90  43  34  7  54  31  87  13  78  88  51  62  42  74  32 
 33  44  39  21  48  99  0  56  65  53  54  92  94  78  15 
 68  83  64  87  86  63  11  33  9  17  46  62  34  97  18  23  53  79  61  48  71  26  60  49  76  10  14  74  27  57  7  65 
 29  57  74  27  30  33  47  81  93  53  39  54  21  86  48  70  95  78  49  44  26  77  56  14  22 
 82  6  11  95  85  92  37  99  64  59  80  42  27  2  53  41  94  45 
 45  0  26  36  35  60  38  91  95  88  94  50  37  78  55  4  82  10  43  84  75  63  29 
 61  23  46  56  65  22  88  99  71  27  15  45  93  55  41  97  8  84  48  16  20  36  18  85  90  51  17  6  52  32  68  89  4  70  14  87  94  12 
 42  44  64  22  5  83  26  81  20  39  52  43  34  84  73  49  6 
 1  7  82  3  13  45  62  4  96  2  47  89  30  39  63  18  88  79  25  66  70  94  80  6  52  10  9  61  59  67 
 56  7  42  79  21  18  71  22  1  91  98  36  46 
 91  95  25  62  18  99  47  61  8  88  90  13  21  39  68  7  82  52  97  40  73  37  71  49  27  66  20  96  69  15 
 45  16  77  42  55  29  24  38  41  84  44  95  59  7  47  92  70  61  37  22  31  88  76  15  96  2  60 
 20  81  48  6  33  47  89  22  23  72  42  57  63  40  76  9 
 12  33  80  20  99  97  26  75  3  66  40  55  16  2  47  71  45  17  0  95  59  18  64  36  4  28  8 
 56  48  6  72  76  3  44  16  96  7  65  30  49  39  52  78  97  46  12  88  53  4  73  95  67 
 68  70  5  75  32  58  48  61  39  59  52  0  91  14  42  17  88  21  26  43  95  9  29  45  10 
 49  25  34  60  68  57  13  51  41  79  7  74  48  37  4  73  75  63  65  0  20 
 72  92  96  31  12  91  41  37  45  65  74  38  30  15  54 
 65  92  70  63  22  66  10  89  97  46  47  38  34  32  20  67  8  44  40  21  71  56  95  61  30  45 
 70  64  42  34  31  68  61  0  74  94  41  48  26 
 28  6  99  74  8  78  47  24  73  94  95  57  68  76  79  82  53  55  39  44  21  83  10  13  64 
 60  36  10  86  76  30  80  22  6  64  57  65  90  39  74  4 
 68  43  13  78  0  92  30  34  45  31  94  93  74  89  39  1  6  35  38  44  51  55  95  48  20  57  33 
 78  95  44  66  55  10  96  12  85  73  38  5  16  14  83  50  99  54  33  18  62  77  98  36 
 86  65  42  61  85  72  90  0  8  13  38  47  79  21  14  94  69  53  3  95  46  98 
 17  64  9  36  43  58  6  3  56  46  74  55  71  53  51  90  14  99  19 
 24  97  4  99  88  73  58  21  14  5  30  90  76  45  92  69  50  47  72  13  11  74  87 
 27  15  91  78  29  61  11  72  44  79  59  0  73  4  60  88  50  47  67  71  81  23  57  90  55  83  86  92  21  3  82 
 30  16  82  76  10  91  85  31  60  15  23  50  78  20  79  6  61  48 
 63  44  99  81  16  86  70  33  24  94  48  20  41  74  22  36  46  82  78  40  45  23 
 53  41  59  28  27  38  52  21  61  37  46  55  77  91  92 
 45  42  78  18  81  97  88  74  57  13  69  48  4  94  36  49  64  72  59  50  91  14  93  38  6  9  39  37 
-->CDecomWalshPart::vInitTrueLinkage-->GLBs: 1193
(Length: 4)  0  17  33  81 
(Length: 5)  0  18  26  64  81 
(Length: 4)  0  20  52  61 
(Length: 3)  0  65  67 
(Length: 4)  0  28  33  81 
(Length: 4)  0  90  92  95 
(Length: 3)  0  51  67 
(Length: 4)  0  61  92  95 
(Length: 3)  0  20  81 
(Length: 4)  0  45  60  73 
(Length: 4)  0  17  64  81 
(Length: 3)  0  33  69 
(Length: 4)  0  52  61  83 
(Length: 3)  0  17  83 
(Length: 3)  0  33  90 
(Length: 4)  0  55  81  95 
(Length: 3)  0  20  84 
(Length: 3)  0  65  84 
(Length: 4)  0  51  55  90 
(Length: 4)  0  65  69  92 
(Length: 3)  0  51  61 
(Length: 4)  0  56  65  69 
(Length: 3)  0  61  87 
(Length: 5)  0  26  45  64  81 
(Length: 4)  0  18  51  64 
(Length: 4)  0  18  62  64 
(Length: 4)  0  26  45  83 
(Length: 4)  0  18  64  65 
(Length: 4)  0  26  45  73 
(Length: 3)  0  26  67 
(Length: 4)  0  60  73  84 
(Length: 3)  0  45  90 
(Length: 4)  0  26  64  87 
(Length: 3)  0  20  90 
(Length: 5)  0  55  60  73  95 
(Length: 4)  0  28  64  81 
(Length: 4)  0  28  55  81 
(Length: 3)  0  52  55 
(Length: 4)  0  52  56  61 
(Length: 4)  0  45  64  65 
(Length: 3)  0  20  67 
(Length: 3)  0  51  84 
(Length: 3)  0  67  95 
(Length: 4)  0  55  90  95 
(Length: 4)  0  61  83  95 
(Length: 4)  1  16  32  56 
(Length: 3)  1  18  32 
(Length: 3)  1  6  90 
(Length: 4)  1  22  46  77 
(Length: 4)  1  18  62  76 
(Length: 4)  1  7  62  76 
(Length: 3)  1  18  77 
(Length: 5)  1  7  46  56  77 
(Length: 3)  1  6  16 
(Length: 3)  1  46  57 
(Length: 4)  1  7  46  62 
(Length: 3)  1  57  90 
(Length: 3)  1  6  76 
(Length: 3)  2  66  76 
(Length: 4)  2  14  22  67 
(Length: 4)  2  14  26  67 
(Length: 4)  2  47  67  76 
(Length: 4)  2  47  60  79 
(Length: 3)  2  14  23 
(Length: 5)  2  22  24  47  79 
(Length: 3)  2  8  23 
(Length: 4)  2  26  36  81 
(Length: 3)  2  27  72 
(Length: 4)  2  30  46  47 
(Length: 4)  2  22  31  36 
(Length: 3)  2  36  60 
(Length: 4)  2  30  47  76 
(Length: 4)  2  22  36  46 
(Length: 3)  2  16  65 
(Length: 3)  2  16  30 
(Length: 4)  2  16  66  81 
(Length: 5)  2  22  24  31  66 
(Length: 4)  2  22  36  67 
(Length: 4)  2  8  47  81 
(Length: 4)  2  22  46  47 
(Length: 3)  2  27  66 
(Length: 5)  2  22  47  65  67 
(Length: 3)  2  16  23 
(Length: 3)  2  23  36 
(Length: 4)  2  14  22  46 
(Length: 3)  2  27  36 
(Length: 3)  2  16  79 
(Length: 4)  2  24  30  47 
(Length: 4)  2  47  76  79 
(Length: 5)  2  22  24  31  79 
(Length: 4)  2  26  36  67 
(Length: 4)  3  25  30  76 
(Length: 4)  3  6  53  93 
(Length: 4)  3  6  53  82 
(Length: 3)  3  13  76 
(Length: 3)  3  53  92 
(Length: 3)  3  13  92 
(Length: 4)  3  6  66  76 
(Length: 5)  3  6  30  76  82 
(Length: 3)  3  6  21 
(Length: 4)  3  5  25  30 
(Length: 3)  3  11  13 
(Length: 4)  3  25  66  76 
(Length: 3)  3  19  93 
(Length: 3)  3  81  95 
(Length: 3)  3  5  13 
(Length: 3)  3  19  30 
(Length: 3)  3  11  95 
(Length: 4)  3  21  92  95 
(Length: 3)  3  66  81 
(Length: 4)  3  5  25  53 
(Length: 3)  3  82  95 
(Length: 4)  3  5  21  25 
(Length: 5)  4  30  47  61  76 
(Length: 5)  4  30  47  76  94 
(Length: 4)  4  30  76  89 
(Length: 4)  4  30  76  82 
(Length: 4)  4  47  62  76 
(Length: 4)  4  14  57  99 
(Length: 4)  4  30  46  47 
(Length: 4)  4  52  76  82 
(Length: 3)  4  74  84 
(Length: 5)  4  14  74  94  99 
(Length: 4)  4  36  46  74 
(Length: 4)  4  36  81  99 
(Length: 4)  4  47  81  95 
(Length: 4)  4  55  57  95 
(Length: 4)  4  46  47  62 
(Length: 4)  4  37  73  84 
(Length: 3)  4  52  54 
(Length: 4)  4  40  46  55 
(Length: 4)  4  37  40  54 
(Length: 4)  4  37  55  57 
(Length: 4)  4  37  40  61 
(Length: 4)  4  37  55  73 
(Length: 4)  4  40  55  81 
(Length: 4)  4  37  57  99 
(Length: 4)  4  37  57  84 
(Length: 4)  4  30  46  82 
(Length: 3)  4  57  89 
(Length: 5)  4  55  60  73  95 
(Length: 3)  4  73  94 
(Length: 4)  4  46  55  57 
(Length: 4)  4  37  40  55 
(Length: 4)  4  36  60  73 
(Length: 4)  4  14  46  57 
(Length: 4)  4  47  61  95 
(Length: 4)  4  47  60  95 
(Length: 4)  4  55  81  95 
(Length: 4)  4  60  73  84 
(Length: 4)  4  36  74  99 
(Length: 4)  4  73  82  95 
(Length: 4)  4  36  74  89 
(Length: 4)  4  36  46  62 
(Length: 4)  4  46  55  74 
(Length: 4)  4  36  60  89 
(Length: 4)  4  14  46  74 
(Length: 4)  4  14  52  74 
(Length: 4)  4  36  54  62 
(Length: 4)  4  52  55  74 
(Length: 4)  4  52  61  76 
(Length: 4)  4  52  61  74 
(Length: 3)  5  30  35 
(Length: 4)  5  16  30  64 
(Length: 4)  5  14  21  94 
(Length: 4)  5  14  83  91 
(Length: 3)  5  13  94 
(Length: 4)  5  14  21  25 
(Length: 3)  5  30  94 
(Length: 4)  5  13  26  64 
(Length: 3)  5  55  91 
(Length: 4)  5  26  75  83 
(Length: 4)  5  14  21  83 
(Length: 4)  5  16  64  65 
(Length: 4)  5  26  64  75 
(Length: 3)  5  53  55 
(Length: 3)  5  48  53 
(Length: 3)  5  53  65 
(Length: 3)  5  16  91 
(Length: 4)  5  14  26  83 
(Length: 3)  5  16  21 
(Length: 4)  5  21  48  83 
(Length: 4)  6  14  51  67 
(Length: 3)  6  21  48 
(Length: 4)  6  48  51  67 
(Length: 3)  6  16  21 
(Length: 3)  6  21  88 
(Length: 4)  6  74  89  90 
(Length: 4)  6  48  53  82 
(Length: 4)  6  74  88  99 
(Length: 4)  6  48  67  82 
(Length: 4)  6  16  64  66 
(Length: 4)  6  76  80  89 
(Length: 3)  6  48  80 
(Length: 4)  6  48  74  99 
(Length: 4)  6  55  74  88 
(Length: 5)  6  10  28  64  88 
(Length: 5)  6  16  30  49  64 
(Length: 3)  6  55  60 
(Length: 4)  6  30  89  90 
(Length: 4)  6  37  72  99 
(Length: 4)  6  51  64  93 
(Length: 4)  6  10  76  96 
(Length: 3)  6  48  66 
(Length: 4)  6  28  38  64 
(Length: 4)  6  53  55  88 
(Length: 4)  6  37  53  72 
(Length: 5)  6  14  17  74  93 
(Length: 3)  6  17  37 
(Length: 3)  6  72  80 
(Length: 3)  6  55  66 
(Length: 4)  6  48  51  53 
(Length: 4)  6  64  72  99 
(Length: 4)  6  37  49  53 
(Length: 4)  6  30  76  89 
(Length: 4)  6  30  38  90 
(Length: 3)  6  16  74 
(Length: 4)  6  37  53  55 
(Length: 4)  6  10  64  89 
(Length: 5)  6  14  51  74  93 
(Length: 4)  6  10  76  88 
(Length: 3)  6  49  60 
(Length: 4)  6  48  82  96 
(Length: 4)  6  53  72  82 
(Length: 6)  6  51  55  74  90  93 
(Length: 4)  6  67  76  82 
(Length: 5)  6  51  53  55  93 
(Length: 4)  6  64  93  99 
(Length: 5)  6  30  76  82  96 
(Length: 4)  6  76  82  88 
(Length: 5)  6  16  30  82  96 
(Length: 4)  6  14  38  99 
(Length: 4)  6  17  64  93 
(Length: 5)  6  14  74  93  99 
(Length: 5)  6  48  51  74  90 
(Length: 4)  6  38  64  99 
(Length: 3)  6  14  21 
(Length: 4)  6  49  51  53 
(Length: 4)  6  30  38  64 
(Length: 4)  6  49  64  75 
(Length: 5)  6  16  30  49  82 
(Length: 4)  6  30  64  89 
(Length: 4)  6  49  64  99 
(Length: 4)  6  64  88  99 
(Length: 3)  6  60  89 
(Length: 4)  6  10  76  89 
(Length: 4)  6  49  51  64 
(Length: 4)  6  37  49  99 
(Length: 4)  6  28  55  88 
(Length: 3)  6  60  96 
(Length: 4)  6  53  82  88 
(Length: 4)  6  49  53  82 
(Length: 4)  7  64  65  70 
(Length: 4)  7  52  56  61 
(Length: 4)  7  62  68  70 
(Length: 4)  7  65  68  84 
(Length: 3)  7  25  84 
(Length: 4)  7  54  62  64 
(Length: 4)  7  15  45  64 
(Length: 4)  7  25  62  76 
(Length: 4)  7  25  62  78 
(Length: 4)  7  62  68  78 
(Length: 5)  7  45  47  64  65 
(Length: 4)  7  15  52  78 
(Length: 4)  7  15  46  56 
(Length: 4)  7  15  46  64 
(Length: 4)  7  46  56  82 
(Length: 5)  7  46  47  62  64 
(Length: 4)  7  25  46  62 
(Length: 4)  7  56  65  82 
(Length: 5)  7  61  70  76  79 
(Length: 4)  7  52  61  78 
(Length: 4)  7  65  68  70 
(Length: 4)  7  52  56  82 
(Length: 5)  7  45  47  76  79 
(Length: 4)  7  47  62  78 
(Length: 4)  7  47  61  78 
(Length: 4)  7  25  52  76 
(Length: 4)  7  25  52  78 
(Length: 3)  7  77  79 
(Length: 3)  7  79  84 
(Length: 4)  7  62  70  76 
(Length: 4)  7  52  76  82 
(Length: 5)  7  15  52  54  56 
(Length: 4)  7  47  62  76 
(Length: 5)  7  47  61  76  79 
(Length: 4)  7  54  62  68 
(Length: 4)  7  15  54  64 
(Length: 4)  7  52  61  76 
(Length: 5)  7  46  62  64  70 
(Length: 4)  7  15  45  79 
(Length: 4)  7  52  78  82 
(Length: 3)  8  32  74 
(Length: 3)  8  37  55 
(Length: 4)  8  13  78  88 
(Length: 5)  8  47  61  86  92 
(Length: 4)  8  28  55  81 
(Length: 3)  8  32  37 
(Length: 3)  8  59  61 
(Length: 4)  8  37  61  78 
(Length: 3)  8  13  92 
(Length: 4)  8  47  78  88 
(Length: 4)  8  23  61  74 
(Length: 4)  8  47  61  78 
(Length: 3)  8  13  59 
(Length: 4)  8  28  59  81 
(Length: 3)  8  32  86 
(Length: 4)  8  28  55  88 
(Length: 4)  8  55  74  88 
(Length: 4)  9  17  42  83 
(Length: 3)  9  29  34 
(Length: 4)  9  36  43  93 
(Length: 4)  9  11  18  51 
(Length: 4)  9  43  51  93 
(Length: 3)  9  50  51 
(Length: 4)  9  17  29  83 
(Length: 4)  9  34  43  51 
(Length: 4)  9  40  42  50 
(Length: 4)  9  40  42  80 
(Length: 4)  9  42  45  83 
(Length: 5)  9  36  42  50  99 
(Length: 3)  9  16  23 
(Length: 4)  9  18  70  76 
(Length: 4)  9  18  23  36 
(Length: 3)  9  18  32 
(Length: 5)  9  11  18  65  70 
(Length: 4)  9  42  45  99 
(Length: 3)  9  32  83 
(Length: 3)  9  76  80 
(Length: 4)  9  16  45  65 
(Length: 4)  9  23  40  50 
(Length: 4)  9  34  40  42 
(Length: 4)  9  23  34  40 
(Length: 4)  9  18  36  99 
(Length: 3)  9  43  83 
(Length: 4)  9  18  23  70 
(Length: 3)  9  45  76 
(Length: 4)  9  23  36  50 
(Length: 4)  9  23  40  80 
(Length: 4)  9  23  34  70 
(Length: 3)  9  17  93 
(Length: 4)  9  17  70  83 
(Length: 4)  9  36  93  99 
(Length: 3)  9  16  32 
(Length: 3)  10  83  88 
(Length: 3)  10  91  96 
(Length: 4)  10  13  64  88 
(Length: 3)  10  86  89 
(Length: 3)  10  15  19 
(Length: 3)  10  52  76 
(Length: 3)  10  32  86 
(Length: 4)  10  32  52  83 
(Length: 3)  10  19  32 
(Length: 3)  10  15  52 
(Length: 3)  10  19  28 
(Length: 3)  10  43  73 
(Length: 3)  10  43  83 
(Length: 3)  10  70  83 
(Length: 3)  10  73  88 
(Length: 3)  10  83  91 
(Length: 3)  10  70  86 
(Length: 3)  10  70  76 
(Length: 4)  10  13  76  88 
(Length: 3)  10  15  64 
(Length: 3)  10  64  70 
(Length: 3)  10  73  91 
(Length: 3)  10  15  96 
(Length: 3)  11  72  95 
(Length: 4)  11  57  65  70 
(Length: 3)  11  33  37 
(Length: 3)  11  72  94 
(Length: 3)  11  57  95 
(Length: 3)  11  13  94 
(Length: 3)  11  13  57 
(Length: 3)  11  37  57 
(Length: 3)  11  37  72 
(Length: 3)  11  44  95 
(Length: 3)  11  33  70 
(Length: 3)  11  13  51 
(Length: 4)  11  28  33  44 
(Length: 4)  12  37  45  85 
(Length: 3)  12  38  58 
(Length: 4)  12  15  45  49 
(Length: 4)  12  33  38  91 
(Length: 3)  12  33  81 
(Length: 3)  12  48  50 
(Length: 3)  12  33  48 
(Length: 3)  12  40  81 
(Length: 3)  12  33  37 
(Length: 3)  12  50  91 
(Length: 3)  12  48  74 
(Length: 3)  12  37  40 
(Length: 3)  12  40  50 
(Length: 3)  12  48  82 
(Length: 3)  12  49  82 
(Length: 3)  12  45  81 
(Length: 4)  12  37  45  49 
(Length: 5)  12  15  45  74  85 
(Length: 4)  12  38  85  91 
(Length: 3)  12  38  40 
(Length: 4)  13  57  68  88 
(Length: 3)  13  51  67 
(Length: 4)  13  51  68  84 
(Length: 4)  13  57  68  90 
(Length: 4)  13  64  88  99 
(Length: 4)  13  76  88  94 
(Length: 4)  13  57  88  99 
(Length: 3)  13  60  84 
(Length: 4)  13  51  68  90 
(Length: 4)  13  45  90  94 
(Length: 4)  13  68  78  88 
(Length: 4)  13  78  88  99 
(Length: 4)  13  90  92  94 
(Length: 4)  13  38  64  99 
(Length: 4)  13  27  68  78 
(Length: 4)  13  38  90  92 
(Length: 3)  13  26  67 
(Length: 4)  13  26  45  64 
(Length: 3)  13  27  38 
(Length: 4)  13  45  94  99 
(Length: 3)  13  45  60 
(Length: 4)  13  27  51  68 
(Length: 4)  13  68  78  90 
(Length: 4)  13  45  76  94 
(Length: 4)  13  45  64  99 
(Length: 3)  13  67  76 
(Length: 4)  13  57  68  84 
(Length: 3)  13  59  99 
(Length: 3)  13  59  76 
(Length: 3)  13  59  68 
(Length: 3)  13  59  60 
(Length: 4)  13  27  57  68 
(Length: 4)  13  88  94  99 
(Length: 4)  13  26  38  64 
(Length: 3)  13  51  64 
(Length: 3)  14  25  52 
(Length: 3)  14  25  46 
(Length: 4)  14  22  71  74 
(Length: 4)  14  21  39  71 
(Length: 4)  14  26  41  67 
(Length: 4)  14  39  42  46 
(Length: 4)  14  23  70  74 
(Length: 3)  14  23  38 
(Length: 5)  14  39  42  52  83 
(Length: 4)  14  23  57  70 
(Length: 4)  14  46  70  74 
(Length: 4)  14  41  42  52 
(Length: 4)  14  26  43  67 
(Length: 4)  14  57  70  71 
(Length: 4)  14  41  52  74 
(Length: 3)  14  38  92 
(Length: 3)  14  39  51 
(Length: 4)  14  26  70  71 
(Length: 4)  14  17  42  83 
(Length: 4)  14  26  39  83 
(Length: 4)  14  46  74  93 
(Length: 4)  14  38  91  99 
(Length: 4)  14  43  51  93 
(Length: 4)  14  17  70  74 
(Length: 4)  14  21  39  83 
(Length: 4)  14  42  46  92 
(Length: 4)  14  39  42  99 
(Length: 3)  14  26  38 
(Length: 4)  14  46  57  70 
(Length: 4)  14  21  92  94 
(Length: 4)  14  26  39  71 
(Length: 3)  14  38  52 
(Length: 4)  14  71  74  93 
(Length: 3)  14  25  43 
(Length: 4)  14  26  43  83 
(Length: 4)  14  22  46  74 
(Length: 4)  14  26  70  83 
(Length: 4)  14  70  71  74 
(Length: 4)  14  22  52  74 
(Length: 4)  14  43  51  67 
(Length: 4)  14  17  70  83 
(Length: 4)  15  45  49  60 
(Length: 4)  15  45  49  64 
(Length: 4)  15  39  46  64 
(Length: 3)  15  35  52 
(Length: 4)  15  27  51  74 
(Length: 4)  15  39  69  78 
(Length: 3)  15  19  45 
(Length: 4)  15  39  51  64 
(Length: 3)  15  85  96 
(Length: 4)  15  39  52  78 
(Length: 4)  15  39  54  64 
(Length: 4)  15  27  49  51 
(Length: 4)  15  49  52  78 
(Length: 4)  15  27  78  95 
(Length: 3)  15  54  85 
(Length: 4)  15  45  60  79 
(Length: 5)  15  29  60  79  95 
(Length: 4)  15  49  51  64 
(Length: 3)  15  35  60 
(Length: 5)  15  39  52  54  56 
(Length: 4)  15  52  56  74 
(Length: 4)  15  60  79  96 
(Length: 4)  15  46  56  74 
(Length: 4)  15  27  49  78 
(Length: 4)  15  39  46  56 
(Length: 3)  15  78  96 
(Length: 5)  15  39  54  56  69 
(Length: 4)  15  29  52  56 
(Length: 4)  16  64  66  81 
(Length: 4)  16  61  79  96 
(Length: 4)  16  32  56  74 
(Length: 4)  16  56  65  74 
(Length: 3)  16  32  49 
(Length: 4)  16  45  64  65 
(Length: 5)  16  20  23  61  96 
(Length: 4)  16  45  64  81 
(Length: 3)  16  61  66 
(Length: 4)  16  19  30  45 
(Length: 4)  16  56  61  74 
(Length: 4)  16  20  81  97 
(Length: 4)  16  44  66  91 
(Length: 4)  16  23  44  97 
(Length: 3)  16  91  96 
(Length: 3)  16  20  49 
(Length: 4)  16  44  82  97 
(Length: 3)  16  32  66 
(Length: 4)  16  45  81  97 
(Length: 4)  16  45  74  97 
(Length: 5)  16  20  23  61  74 
(Length: 3)  16  19  32 
(Length: 3)  16  21  61 
(Length: 5)  16  30  45  49  64 
(Length: 4)  16  56  65  82 
(Length: 3)  16  45  79 
(Length: 4)  16  45  65  74 
(Length: 3)  16  44  79 
(Length: 4)  16  30  61  96 
(Length: 5)  16  20  23  74  97 
(Length: 3)  17  64  70 
(Length: 3)  17  42  64 
(Length: 3)  17  29  37 
(Length: 3)  17  33  70 
(Length: 3)  17  59  81 
(Length: 3)  17  33  37 
(Length: 3)  17  59  83 
(Length: 3)  17  24  33 
(Length: 4)  18  64  65  70 
(Length: 3)  18  21  24 
(Length: 4)  18  26  36  81 
(Length: 4)  18  23  63  70 
(Length: 4)  18  26  64  70 
(Length: 4)  18  64  81  99 
(Length: 4)  18  36  77  91 
(Length: 4)  18  36  62  91 
(Length: 4)  18  36  91  99 
(Length: 3)  18  30  76 
(Length: 4)  18  23  36  74 
(Length: 4)  18  65  70  74 
(Length: 4)  18  36  74  99 
(Length: 4)  18  62  70  76 
(Length: 4)  18  78  91  99 
(Length: 3)  18  32  74 
(Length: 3)  18  51  74 
(Length: 3)  18  24  30 
(Length: 3)  18  24  32 
(Length: 3)  18  24  51 
(Length: 3)  18  21  77 
(Length: 3)  18  21  78 
(Length: 4)  18  36  81  99 
(Length: 4)  18  62  64  70 
(Length: 4)  18  62  78  91 
(Length: 4)  18  63  65  70 
(Length: 4)  18  23  70  74 
(Length: 4)  18  63  70  76 
(Length: 3)  18  30  64 
(Length: 3)  19  26  41 
(Length: 3)  19  32  48 
(Length: 3)  19  26  45 
(Length: 3)  19  26  38 
(Length: 3)  19  41  48 
(Length: 3)  19  30  38 
(Length: 3)  19  28  38 
(Length: 4)  20  42  48  50 
(Length: 5)  20  48  52  59  61 
(Length: 4)  20  22  52  75 
(Length: 4)  20  52  61  78 
(Length: 3)  20  61  86 
(Length: 3)  20  23  34 
(Length: 4)  20  22  34  86 
(Length: 3)  20  59  81 
(Length: 4)  20  49  52  78 
(Length: 5)  20  48  52  61  74 
(Length: 5)  20  23  36  74  97 
(Length: 3)  20  78  90 
(Length: 4)  20  48  74  90 
(Length: 4)  20  48  74  97 
(Length: 4)  20  22  86  97 
(Length: 4)  20  61  78  96 
(Length: 5)  20  42  48  52  61 
(Length: 4)  20  48  50  67 
(Length: 4)  20  42  48  80 
(Length: 4)  20  48  50  96 
(Length: 4)  20  34  43  90 
(Length: 4)  20  23  50  96 
(Length: 5)  20  22  36  74  97 
(Length: 3)  20  36  49 
(Length: 4)  20  36  50  67 
(Length: 4)  20  49  52  59 
(Length: 4)  20  36  42  50 
(Length: 4)  20  22  34  75 
(Length: 4)  20  22  67  86 
(Length: 4)  20  36  81  97 
(Length: 3)  20  80  81 
(Length: 4)  20  42  52  75 
(Length: 3)  20  57  84 
(Length: 3)  20  78  97 
(Length: 4)  20  49  52  75 
(Length: 3)  20  57  90 
(Length: 4)  20  22  52  74 
(Length: 4)  20  23  36  50 
(Length: 4)  20  36  43  67 
(Length: 4)  20  23  57  80 
(Length: 4)  20  48  61  96 
(Length: 4)  20  48  74  84 
(Length: 4)  20  22  36  67 
(Length: 4)  20  34  42  75 
(Length: 4)  20  34  43  75 
(Length: 3)  20  22  80 
(Length: 3)  20  75  81 
(Length: 4)  20  49  75  84 
(Length: 4)  20  34  75  84 
(Length: 4)  21  24  88  94 
(Length: 5)  21  61  86  92  95 
(Length: 5)  21  59  61  83  95 
(Length: 4)  21  39  69  78 
(Length: 3)  21  25  78 
(Length: 4)  21  69  92  94 
(Length: 4)  21  61  92  98 
(Length: 3)  21  50  95 
(Length: 4)  21  71  78  95 
(Length: 4)  21  39  71  78 
(Length: 4)  21  61  78  95 
(Length: 3)  21  50  94 
(Length: 4)  21  39  59  83 
(Length: 3)  21  77  98 
(Length: 3)  21  71  77 
(Length: 3)  21  58  94 
(Length: 3)  21  25  59 
(Length: 3)  21  48  71 
(Length: 3)  21  48  69 
(Length: 4)  21  39  78  88 
(Length: 3)  21  48  50 
(Length: 3)  21  31  50 
(Length: 4)  21  39  83  88 
(Length: 4)  21  78  88  95 
(Length: 4)  21  71  86  95 
(Length: 3)  21  58  83 
(Length: 4)  21  83  88  95 
(Length: 5)  21  48  59  61  83 
(Length: 4)  21  59  61  98 
(Length: 3)  21  24  25 
(Length: 3)  21  24  31 
(Length: 3)  22  47  80 
(Length: 3)  22  24  97 
(Length: 3)  22  35  47 
(Length: 3)  22  77  79 
(Length: 3)  22  24  28 
(Length: 4)  22  64  65  89 
(Length: 5)  22  36  46  74  97 
(Length: 4)  22  65  86  89 
(Length: 3)  22  35  52 
(Length: 4)  22  52  55  74 
(Length: 4)  22  47  71  86 
(Length: 3)  22  55  79 
(Length: 4)  22  54  64  66 
(Length: 4)  22  46  86  97 
(Length: 4)  22  46  47  86 
(Length: 4)  22  47  64  65 
(Length: 4)  22  46  47  64 
(Length: 3)  22  71  77 
(Length: 4)  22  65  74  89 
(Length: 4)  22  46  55  74 
(Length: 5)  22  47  65  67  86 
(Length: 4)  22  36  74  89 
(Length: 4)  22  28  46  55 
(Length: 3)  22  36  54 
(Length: 3)  22  54  71 
(Length: 4)  22  36  46  77 
(Length: 4)  22  34  54  66 
(Length: 3)  22  52  54 
(Length: 3)  22  64  75 
(Length: 4)  22  34  66  86 
(Length: 3)  22  80  89 
(Length: 3)  22  55  66 
(Length: 4)  22  31  34  66 
(Length: 4)  22  28  46  64 
(Length: 4)  23  57  63  70 
(Length: 4)  23  63  70  97 
(Length: 3)  23  33  80 
(Length: 3)  23  61  95 
(Length: 4)  23  40  63  80 
(Length: 3)  23  57  95 
(Length: 4)  23  33  53  70 
(Length: 4)  23  33  44  97 
(Length: 4)  23  44  50  95 
(Length: 5)  23  40  44  63  97 
(Length: 4)  23  38  40  61 
(Length: 4)  23  34  38  40 
(Length: 4)  23  57  63  80 
(Length: 4)  23  61  70  74 
(Length: 4)  23  40  44  50 
(Length: 4)  23  70  74  97 
(Length: 3)  23  33  38 
(Length: 4)  23  33  44  53 
(Length: 4)  23  33  70  97 
(Length: 4)  24  28  33  38 
(Length: 4)  24  33  44  53 
(Length: 3)  24  32  56 
(Length: 4)  24  44  79  88 
(Length: 4)  24  33  47  53 
(Length: 3)  24  94  97 
(Length: 3)  24  40  56 
(Length: 3)  24  25  30 
(Length: 4)  24  28  44  88 
(Length: 3)  24  51  53 
(Length: 4)  24  33  44  66 
(Length: 4)  24  47  88  94 
(Length: 4)  24  44  53  88 
(Length: 4)  24  47  53  88 
(Length: 4)  24  33  44  97 
(Length: 4)  24  38  47  79 
(Length: 3)  24  25  53 
(Length: 4)  24  47  79  88 
(Length: 5)  24  30  33  38  47 
(Length: 4)  24  40  44  97 
(Length: 4)  24  31  44  79 
(Length: 3)  24  38  40 
(Length: 4)  24  32  33  66 
(Length: 3)  24  25  66 
(Length: 4)  24  28  33  44 
(Length: 4)  24  30  47  94 
(Length: 5)  24  31  40  44  66 
(Length: 3)  25  34  84 
(Length: 3)  25  29  34 
(Length: 3)  25  34  66 
(Length: 3)  25  29  52 
(Length: 3)  25  34  43 
(Length: 4)  25  59  66  76 
(Length: 3)  25  66  78 
(Length: 3)  25  49  53 
(Length: 3)  25  30  34 
(Length: 4)  25  49  62  78 
(Length: 4)  25  49  52  59 
(Length: 3)  25  49  84 
(Length: 3)  25  30  49 
(Length: 4)  25  49  52  78 
(Length: 4)  25  52  59  76 
(Length: 3)  25  30  46 
(Length: 4)  26  45  49  64 
(Length: 4)  26  39  44  75 
(Length: 4)  26  39  44  71 
(Length: 4)  26  64  75  81 
(Length: 4)  26  43  75  83 
(Length: 3)  26  41  87 
(Length: 4)  26  36  41  67 
(Length: 3)  26  71  81 
(Length: 4)  26  49  70  71 
(Length: 4)  26  49  64  75 
(Length: 4)  26  36  43  67 
(Length: 4)  26  39  64  75 
(Length: 4)  26  36  43  73 
(Length: 4)  26  43  73  75 
(Length: 3)  26  38  73 
(Length: 4)  26  39  75  83 
(Length: 3)  26  36  49 
(Length: 4)  26  64  70  87 
(Length: 4)  26  49  64  70 
(Length: 3)  27  72  95 
(Length: 4)  27  28  38  98 
(Length: 4)  27  28  33  38 
(Length: 4)  27  51  68  74 
(Length: 4)  27  57  63  70 
(Length: 4)  27  49  70  71 
(Length: 4)  27  57  70  71 
(Length: 4)  27  68  70  74 
(Length: 3)  27  36  49 
(Length: 4)  27  71  78  95 
(Length: 3)  27  33  66 
(Length: 4)  27  57  71  95 
(Length: 4)  27  33  70  71 
(Length: 3)  27  36  74 
(Length: 4)  27  49  71  78 
(Length: 4)  27  66  68  78 
(Length: 3)  27  28  63 
(Length: 4)  27  70  71  74 
(Length: 4)  27  57  68  70 
(Length: 4)  28  46  55  98 
(Length: 3)  28  59  98 
(Length: 3)  28  44  63 
(Length: 3)  28  44  46 
(Length: 5)  29  47  60  79  95 
(Length: 3)  29  57  63 
(Length: 4)  29  61  83  95 
(Length: 4)  29  37  61  79 
(Length: 4)  29  37  55  57 
(Length: 3)  29  34  60 
(Length: 3)  29  56  71 
(Length: 4)  29  52  56  61 
(Length: 5)  29  55  60  79  95 
(Length: 3)  29  63  73 
(Length: 3)  29  52  55 
(Length: 4)  29  37  55  79 
(Length: 4)  29  37  55  73 
(Length: 4)  29  52  61  83 
(Length: 4)  29  55  57  95 
(Length: 5)  29  55  60  73  95 
(Length: 4)  29  57  71  95 
(Length: 4)  29  47  71  95 
(Length: 5)  29  47  61  79  95 
(Length: 4)  30  34  38  86 
(Length: 4)  30  35  38  47 
(Length: 4)  30  34  38  90 
(Length: 3)  30  85  96 
(Length: 4)  30  45  47  86 
(Length: 4)  30  45  90  94 
(Length: 4)  30  46  47  64 
(Length: 4)  30  45  47  64 
(Length: 5)  30  45  47  76  94 
(Length: 4)  30  33  47  71 
(Length: 3)  30  86  89 
(Length: 4)  30  61  76  96 
(Length: 4)  30  46  47  86 
(Length: 4)  30  47  71  86 
(Length: 5)  30  38  47  61  86 
(Length: 3)  30  45  85 
(Length: 3)  30  49  71 
(Length: 4)  30  33  38  90 
(Length: 4)  30  38  47  64 
(Length: 3)  30  38  85 
(Length: 4)  30  35  38  90 
(Length: 4)  31  40  44  50 
(Length: 4)  31  34  66  68 
(Length: 3)  31  44  90 
(Length: 4)  31  34  68  90 
(Length: 4)  31  34  68  87 
(Length: 3)  31  45  85 
(Length: 4)  31  34  40  66 
(Length: 3)  31  45  90 
(Length: 3)  31  79  96 
(Length: 3)  31  50  96 
(Length: 3)  31  85  96 
(Length: 3)  31  45  79 
(Length: 4)  31  57  68  90 
(Length: 4)  31  40  44  63 
(Length: 3)  31  36  50 
(Length: 3)  31  57  63 
(Length: 3)  32  68  83 
(Length: 3)  32  58  83 
(Length: 4)  32  48  52  83 
(Length: 3)  32  49  52 
(Length: 3)  32  37  49 
(Length: 3)  32  33  37 
(Length: 5)  32  48  52  56  74 
(Length: 4)  32  33  48  66 
(Length: 3)  32  66  86 
(Length: 3)  32  66  68 
(Length: 3)  32  68  74 
(Length: 3)  32  56  86 
(Length: 4)  33  44  66  91 
(Length: 4)  33  47  53  71 
(Length: 3)  33  37  53 
(Length: 3)  33  37  54 
(Length: 5)  33  44  48  53  71 
(Length: 3)  33  66  81 
(Length: 4)  33  47  71  81 
(Length: 4)  33  48  54  66 
(Length: 5)  33  48  53  70  71 
(Length: 3)  33  48  80 
(Length: 4)  33  44  48  90 
(Length: 4)  33  44  48  97 
(Length: 4)  33  44  48  66 
(Length: 4)  33  48  70  97 
(Length: 4)  33  54  66  91 
(Length: 4)  33  48  54  71 
(Length: 4)  33  48  54  69 
(Length: 4)  33  47  80  81 
(Length: 3)  33  81  97 
(Length: 5)  33  44  48  53  69 
(Length: 3)  34  60  70 
(Length: 4)  34  38  40  86 
(Length: 4)  34  51  68  84 
(Length: 5)  34  43  51  68  90 
(Length: 4)  34  68  70  87 
(Length: 3)  34  70  86 
(Length: 4)  34  40  54  66 
(Length: 4)  34  40  66  86 
(Length: 4)  34  40  42  54 
(Length: 4)  34  42  54  68 
(Length: 3)  34  60  84 
(Length: 4)  34  42  68  87 
(Length: 4)  34  54  66  68 
(Length: 3)  35  47  60 
(Length: 3)  35  38  73 
(Length: 3)  35  60  73 
(Length: 3)  35  38  52 
(Length: 3)  35  38  40 
(Length: 4)  36  74  93  99 
(Length: 4)  36  54  62  91 
(Length: 4)  36  50  91  99 
(Length: 3)  36  41  42 
(Length: 4)  36  81  97  99 
(Length: 4)  36  42  54  62 
(Length: 3)  36  49  62 
(Length: 4)  36  74  97  99 
(Length: 3)  36  49  99 
(Length: 4)  36  42  46  62 
(Length: 4)  36  46  74  93 
(Length: 4)  36  50  73  91 
(Length: 3)  36  49  60 
(Length: 4)  36  41  74  97 
(Length: 4)  36  42  46  77 
(Length: 3)  37  39  53 
(Length: 4)  37  41  53  72 
(Length: 4)  37  40  61  78 
(Length: 3)  37  61  98 
(Length: 3)  37  54  85 
(Length: 4)  37  45  72  85 
(Length: 4)  37  49  78  99 
(Length: 3)  37  49  84 
(Length: 4)  37  41  79  84 
(Length: 3)  37  45  79 
(Length: 4)  37  45  49  99 
(Length: 4)  37  41  72  85 
(Length: 4)  37  45  72  99 
(Length: 4)  37  53  55  98 
(Length: 3)  37  39  54 
(Length: 3)  37  45  73 
(Length: 4)  37  39  78  99 
(Length: 4)  37  41  53  98 
(Length: 3)  37  73  78 
(Length: 4)  38  52  61  98 
(Length: 4)  38  47  64  65 
(Length: 3)  38  40  64 
(Length: 5)  38  47  61  79  92 
(Length: 4)  38  40  61  86 
(Length: 3)  38  58  64 
(Length: 4)  38  65  85  92 
(Length: 5)  38  47  61  86  92 
(Length: 3)  38  73  91 
(Length: 4)  38  61  92  98 
(Length: 5)  38  47  65  86  92 
(Length: 3)  38  91  98 
(Length: 4)  39  46  47  64 
(Length: 4)  39  42  64  99 
(Length: 3)  39  78  90 
(Length: 4)  39  69  78  99 
(Length: 4)  39  78  82  88 
(Length: 3)  39  59  99 
(Length: 4)  39  64  88  99 
(Length: 4)  39  78  88  99 
(Length: 4)  39  47  53  71 
(Length: 4)  39  42  54  64 
(Length: 4)  39  76  82  88 
(Length: 3)  39  51  53 
(Length: 4)  39  42  44  46 
(Length: 4)  39  42  64  75 
(Length: 4)  39  46  56  82 
(Length: 5)  39  42  52  75  83 
(Length: 4)  39  54  56  71 
(Length: 4)  39  44  46  82 
(Length: 3)  39  89  90 
(Length: 4)  39  47  78  88 
(Length: 3)  39  64  89 
(Length: 4)  39  47  53  88 
(Length: 4)  39  47  71  78 
(Length: 3)  39  44  90 
(Length: 4)  39  52  76  82 
(Length: 4)  39  52  59  83 
(Length: 3)  39  51  90 
(Length: 5)  39  44  53  82  88 
(Length: 4)  39  52  56  82 
(Length: 3)  39  76  89 
(Length: 4)  39  42  44  75 
(Length: 4)  39  42  52  54 
(Length: 4)  39  47  76  88 
(Length: 4)  39  52  59  76 
(Length: 4)  39  42  46  64 
(Length: 4)  39  47  64  88 
(Length: 4)  39  44  53  69 
(Length: 4)  39  44  53  71 
(Length: 4)  39  52  78  82 
(Length: 3)  40  54  56 
(Length: 3)  40  80  81 
(Length: 4)  40  44  66  86 
(Length: 4)  40  42  44  46 
(Length: 4)  40  64  66  81 
(Length: 4)  40  61  66  78 
(Length: 3)  40  42  61 
(Length: 5)  40  44  63  86  97 
(Length: 4)  40  56  61  86 
(Length: 3)  40  81  97 
(Length: 4)  40  42  54  64 
(Length: 3)  40  78  97 
(Length: 4)  40  61  66  86 
(Length: 4)  40  54  64  66 
(Length: 4)  40  42  46  64 
(Length: 4)  40  46  56  86 
(Length: 5)  40  44  46  86  97 
(Length: 4)  40  42  44  50 
(Length: 4)  40  55  66  81 
(Length: 4)  41  42  48  52 
(Length: 4)  41  48  74  84 
(Length: 4)  41  48  74  97 
(Length: 3)  41  48  67 
(Length: 3)  41  42  72 
(Length: 4)  41  48  74  87 
(Length: 3)  41  52  98 
(Length: 4)  41  42  48  87 
(Length: 4)  41  48  52  74 
(Length: 3)  41  48  53 
(Length: 3)  41  42  79 
(Length: 3)  41  74  85 
(Length: 4)  42  61  79  92 
(Length: 3)  42  72  92 
(Length: 5)  42  48  52  61  83 
(Length: 4)  42  48  61  87 
(Length: 4)  42  44  48  50 
(Length: 4)  42  48  50  99 
(Length: 4)  42  54  62  68 
(Length: 4)  42  54  62  64 
(Length: 3)  42  64  87 
(Length: 3)  42  77  79 
(Length: 4)  42  46  62  64 
(Length: 3)  42  68  83 
(Length: 3)  42  72  80 
(Length: 3)  42  44  79 
(Length: 5)  42  45  64  72  99 
(Length: 4)  42  48  52  54 
(Length: 3)  42  45  79 
(Length: 4)  43  51  90  93 
(Length: 3)  43  58  93 
(Length: 3)  43  58  83 
(Length: 3)  43  68  83 
(Length: 4)  44  82  88  95 
(Length: 4)  44  48  53  82 
(Length: 4)  44  79  88  95 
(Length: 4)  44  48  82  97 
(Length: 4)  44  50  91  95 
(Length: 4)  44  46  82  97 
(Length: 3)  44  90  95 
(Length: 4)  44  71  86  95 
(Length: 4)  45  65  74  85 
(Length: 4)  45  74  90  94 
(Length: 4)  45  64  81  99 
(Length: 4)  45  49  64  99 
(Length: 3)  45  73  94 
(Length: 4)  45  72  94  99 
(Length: 5)  45  74  94  97  99 
(Length: 4)  45  81  97  99 
(Length: 4)  45  47  64  81 
(Length: 3)  45  86  97 
(Length: 4)  45  47  65  86 
(Length: 4)  45  47  60  79 
(Length: 4)  46  70  86  97 
(Length: 3)  46  64  93 
(Length: 3)  46  92  98 
(Length: 4)  46  70  74  97 
(Length: 4)  46  55  74  93 
(Length: 4)  46  47  86  92 
(Length: 3)  46  77  98 
(Length: 4)  46  56  74  93 
(Length: 4)  47  76  88  94 
(Length: 4)  47  78  88  95 
(Length: 3)  47  76  80 
(Length: 4)  47  50  67  95 
(Length: 5)  47  61  79  92  95 
(Length: 3)  47  50  94 
(Length: 4)  47  71  81  95 
(Length: 5)  47  61  86  92  95 
(Length: 4)  47  67  86  95 
(Length: 3)  47  92  94 
(Length: 4)  47  53  65  92 
(Length: 4)  47  61  78  95 
(Length: 4)  47  71  78  95 
(Length: 4)  47  76  79  88 
(Length: 4)  47  71  86  95 
(Length: 4)  47  79  88  95 
(Length: 4)  48  54  56  69 
(Length: 4)  48  54  56  71 
(Length: 4)  48  74  97  99 
(Length: 4)  48  52  56  82 
(Length: 4)  48  56  71  74 
(Length: 3)  48  59  99 
(Length: 5)  48  52  59  61  83 
(Length: 4)  48  59  61  66 
(Length: 5)  48  52  56  61  74 
(Length: 4)  48  70  71  74 
(Length: 4)  48  50  51  67 
(Length: 3)  48  69  99 
(Length: 5)  48  61  70  74  87 
(Length: 4)  48  70  74  97 
(Length: 4)  48  61  70  83 
(Length: 4)  48  51  61  74 
(Length: 4)  48  51  74  84 
(Length: 4)  48  52  54  56 
(Length: 3)  49  59  99 
(Length: 4)  49  52  78  82 
(Length: 3)  49  59  60 
(Length: 3)  49  51  84 
(Length: 4)  49  53  70  71 
(Length: 3)  49  60  70 
(Length: 3)  49  60  84 
(Length: 4)  49  62  64  70 
(Length: 3)  50  91  96 
(Length: 4)  50  73  91  95 
(Length: 3)  50  73  94 
(Length: 3)  50  94  99 
(Length: 4)  51  68  74  90 
(Length: 4)  51  68  74  84 
(Length: 3)  52  55  98 
(Length: 4)  52  59  61  76 
(Length: 4)  52  59  61  98 
(Length: 3)  53  72  92 
(Length: 3)  53  92  98 
(Length: 4)  53  65  69  92 
(Length: 3)  53  65  82 
(Length: 3)  53  65  70 
(Length: 3)  53  71  93 
(Length: 3)  54  85  91 
(Length: 4)  55  73  91  95 
(Length: 4)  55  79  88  95 
(Length: 4)  55  57  88  95 
(Length: 3)  55  91  98 
(Length: 3)  55  66  91 
(Length: 4)  55  57  90  95 
(Length: 4)  55  73  88  95 
(Length: 3)  56  71  77 
(Length: 4)  56  71  74  93 
(Length: 3)  56  65  86 
(Length: 3)  56  71  86 
(Length: 4)  57  63  65  84 
(Length: 3)  57  89  90 
(Length: 3)  57  65  89 
(Length: 4)  57  63  65  70 
(Length: 4)  57  65  68  70 
(Length: 3)  57  80  89 
(Length: 4)  57  65  68  84 
(Length: 3)  58  64  93 
(Length: 3)  59  66  81 
(Length: 4)  59  61  79  95 
(Length: 4)  59  61  76  79 
(Length: 4)  59  61  66  76 
(Length: 3)  59  81  99 
(Length: 3)  59  66  68 
(Length: 3)  59  68  83 
(Length: 3)  59  72  95 
(Length: 3)  59  72  99 
(Length: 3)  59  65  68 
(Length: 4)  59  60  79  95 
(Length: 3)  59  81  95 
(Length: 3)  60  79  84 
(Length: 3)  60  70  79 
(Length: 4)  61  76  79  96 
(Length: 3)  61  70  86 
(Length: 4)  63  65  70  86 
(Length: 3)  63  73  84 
(Length: 3)  63  76  80 
(Length: 4)  63  70  86  97 
(Length: 4)  65  68  70  74 
(Length: 4)  65  68  74  84 
(Length: 3)  65  67  82 
(Length: 3)  66  78  91 
(Length: 3)  67  82  95 
(Length: 3)  68  70  83 
(Length: 4)  68  70  74  87 
(Length: 3)  68  74  88 
(Length: 3)  68  83  88 
(Length: 3)  69  94  99 
(Length: 3)  70  71  86 
(Length: 3)  72  92  94 
(Length: 3)  72  92  95 
(Length: 3)  72  85  92 
(Length: 3)  72  82  95 
(Length: 3)  73  75  84 
(Length: 4)  73  78  91  95 
(Length: 3)  73  88  94 
(Length: 5)  73  78  82  88  95 
(Length: 4)  74  88  94  99 
(Length: 3)  74  87  94 
(Length: 3)  77  91  98 
(Length: 3)  78  97  99 
(Length: 3)  78  91  96 
(Length: 3)  78  90  95 
(Length: 3)  78  82  96 
(Length: 3)  78  82  97 
(Length: 3)  83  91  95 
(Length: 3)  85  91  96 
...model cost: 1.02 seconds  44129 FFE
 (opt) 447.00000000 == 447.00000000 (sur)  OPTIMALITY TEST PASSED!
   BESTimpr 400.00000000 -> 436.00000000
*11*1***1********1****1*1***1***1**1**1*11*1**1*1***1*****1****1****1*1**1*1*1*1*1*11*1*1****1***11*


11****111*1****11**1***1*1*1*11*11*1*111*1*1*1***1***1**1*111***11*111***111***1*1*11***11*1*11***11


**1**11****1*1*11*1***1**1*1*11***11****1*111****1111*11**1*1***1*****1111111**1*1*********1*11****1

