Walsh model started...
 89  3  77  38  75  24  91  81  1  49  20  83  69  97  57  35  51  73  10  43  72  54 
 36  19  48  45  77  27  16  68  2  97  49  0  7  10  64  3  73  23  85  56  12  31  61  40  41 
 73  50  40  72  95  29  15  57  1  68  25  46  67  94  42  31  69  26  17  44  79  35  36  30  82  12  90  41 
 89  0  65  51  64  1  85  19  23  71  61  92  32 
 73  95  14  97  9  18  67  79  7  41  58  37  43  72  6  24  57  82  50  98 
 10  17  28  26  21  51  86  56  30  73  52  36  74  92  83  84  79  78  67 
 83  39  29  18  8  35  14  25  94  7  61  31  67  84  60  89  72  4  42  64 
 41  85  89  51  87  61  92  57  67  83  39  82  93  46  72  78  94  6  37  74  1  10  75  4  79  30  53  98  43  12  48  50  47  40 
 10  69  83  26  6  35  84  17  89  92  24  29  9  40  80  74  12  56  21  58  38 
 41  45  8  40  33  18  4  61  13  53  65  70  57  82  49  81  56  67 
 8  69  5  17  30  52  32  77  38  97  83  21  84  70  44  65  74  7  1  99  58  90  57  78  16  0  43  42  68 
 74  86  45  35  70  63  54  30  94 
 43  35  98  47  70  73  20  19  80  60  64  22  48  38  46  8  56  1  7  83  95  55  76  90  2  39 
 69  83  26  82  75  28  61  9  76  27  50  21  36  68  40 
 16  84  21  57  97  67  20  63  4  27  15  25  6  92  39  86  93  59  79  50  52 
 90  57  2  72  52  59  87  27  14  82  44  20  26  41  94  73  91  25  17  23  36  24  62 
 89  65  14  84  1  45  57  76  10  34  48  27  39 
 50  36  10  5  84  8  48  64  77  35  81  98  2  15  94  41 
 74  46  6  29  61  93  68  73  96  82  9  4  53  36  26  98  48  92  63 
 36  1  55  71  92  66  96  20  12  31  21  22  54  63  80  83  85  3 
 58  35  81  12  19  63  14  15  26  96  94  0  83  27  86  30  44  60  54  24  39  59  91  84 
 61  78  57  14  10  83  51  5  74  89  19  31  94  65  50  13  62  8  58  24  95  80  81  23 
 19  54  12  64  94  35  67  97  38  65  82  90  87  74  50 
 84  83  52  96  64  89  76  99  36  29  1  73  66  40  41  25  15  3  71  74  69  32  43  50  21 
 62  41  28  75  29  8  0  91  31  46  49  71  80  53  21  61  58  76  4  57  67  20  86  15 
 46  2  14  6  15  94  35  55  41  23  86  39  91  37  54  95  84  31  88  90  83  72  48  78  30 
 51  60  8  83  86  78  28  5  46  94  57  41  13  82  20  15  29  89  98  18  91  69  2  38  76  97  66  96  53 
 77  1  79  71  84  86  14  15  85  60  34  99  76  13  63  73  81  70  93  20  57  97  16  39 
 24  75  5  26  99  88  13  42  44  60  73  67  70  37  93  31  55  97 
 6  18  2  95  51  45  78  60  24  8  26  89  43  63  98  65  36  23  79  53  69  91  80 
 10  52  73  5  69  49  74  63  32  20  31  54  53  7  33  35  11  82  2  86  78  25 
 94  42  46  40  47  85  49  83  19  21  36  50  61  6  2  24  30  54  84  53  1  93  28  25  88  95  51 
 38  76  77  10  94  48  49  30  55  97  65  59  79  68  96  43  23  83  3  61 
 35  70  93  74  73  55  78  75  53  39  9  40  30  49  95  96  69  37  77  36  44  82  83  87  48 
 63  48  27  99  91  45  93  50  16  80  35 
 33  70  43  12  8  6  20  58  45  57  81  51  95  11  17  77  94  22  0  25  55  53  64  56  91  30  36  2  50  80  34  66  47  86 
 50  17  1  19  96  52  5  18  53  31  41  88  29  23  15  35  2  13  68  33  44  95  54 
 49  52  86  93  7  74  62  82  97  4  43  91  25  71  70  28  77  33  40 
 97  44  65  40  76  32  91  85  77  0  10  95  70  75  80  90  81  68  64  48  12  43  22  51  26  92  8  86  78 
 6  83  48  50  7  53  33  14  92  74  64  82  86  25  70  87  16  27  20  12  76  42  99 
 65  38  72  2  77  63  31  46  9  8  33  43  66  23  57  89  49  37  93  78  74  7  1  13  82 
 24  62  7  85  52  51  9  45  75  46  57  26  90  15  80  53  47  48  88  36  23  25  4  58  94  17  59  49  92  54  67  1  2 
 94  31  91  80  28  44  68  50  2  75  96  64  6  92  54  10  47  70  39  76 
 12  35  68  50  71  96  29  63  48  40  38  46  75  56  87  69  58  82  7  98  4  37  10  0  32  23  47 
 97  38  15  82  62  58  99  73  65  10  28  42  47  61  87  80  85  60  20  2  69  36  33 
 48  1  9  41  83  87  57  35  51  29  54  53  16  91  34  11  77  60  62  66  94 
 74  18  75  54  31  40  41  25  2  26  94  93  7  12  43  24  78 
 87  62  85  31  98  12  86  69  61  44  48  41  76  52  50  7  91  55  74  58  43  66  35  42  70  65  89 
 95  70  45  1  63  34  50  39  64  17  88  51  85  38  12  43  47  41  32  94  92  18  91  68  7  16  72  25  87  33 
 60  65  52  37  83  31  1  0  69  30  70  32  71  24  33  51  85  41  59  40  9  81 
 2  73  55  84  36  17  48  39  43  68  74  96  75  21  13  31  42  58  63  92  34  93  14  79  47  7  22  95  35  4  98  23 
 26  60  89  7  41  52  29  45  70  98  81  95  35  88  48  21  5  65  3  77  38  85  49  0  73  31  97  57 
 41  51  10  30  96  86  49  37  23  72  15  36  5  70  97  92  76  47  14 
 96  68  60  86  45  54  39  33  41  80  18  9  36  64  35  30  7  24  84  31  89  61  69  29  90  72  26 
 45  53  75  46  22  19  83  63  11  30  31  20  96  25  95  88  41  66  92  42  36  0  72 
 84  50  19  71  73  33  25  35  32  97  69  12  76  28  47  74 
 92  86  5  43  75  8  12  82  35  91  1  77  73  62  63  67  9 
 21  14  90  15  45  35  2  7  67  41  26  94  87  0  65  10  27  97  62  16  76  9  40  83  4  24  74  51 
 20  35  60  67  94  44  62  99  10  90  65  92  50  43  4  41  8  21  82  24  76  85  93  68  47 
 15  87  32  65  41  49  93  14  69  70  20  91  90  60 
 26  51  49  65  53  86  78  29  67  58  94  85  27  80  12  97  75  87  45  62  44  20  6  89  28  73  59  90 
 87  7  78  21  18  93  86  69  80  66  9  13  47  44  6  31  63  24  89  53  1  3  92  32 
 24  41  47  87  44  58  63  74  37  82  57  21  60  45  88  81  98  91  56  15 
 80  78  77  40  34  48  20  14  62  74  85  19  96  43  29  27  73  30  93  50  92  11  54  61  18  67  71  56 
 48  17  23  89  38  68  76  92  12  22  82  39  1  3  53  35  42  6 
 38  40  89  16  60  49  44  10  94  21  3  51  29  98  58  92  57  9  70  82  95  78  22  32  59  47  90 
 92  19  61  80  23  40  45  94  54  97  26  35  47 
 72  90  60  58  97  14  7  57  91  99  4  2  94  22  84  6  63  71  5  28  41  24  74  56  9 
 53  96  43  50  1  2  18  73  38  64  42  91  48  79  32  58  93  36  13  10 
 10  8  61  86  13  83  47  30  49  0  97  43  87  26  2  44  92  90  33  55  59  70  74  23  53  29 
 48  95  33  35  98  51  81  78  92  38  73  12  76  79  10  84  52  49  27  11  9  65  39  87  28  37  59  69  94  42  47  91 
 19  55  79  27  43  96  49  24  80  94  72  37  93  63  67  23  3 
 40  2  67  90  52  15  75  96  77  7  78  94  71  4  6  25  48  0  54  53 
 2  50  4  95  55  33  89  98  18  68  70  12  99  44  30  5  94  15  27  63  77  1  23  93  80  28  60  0  51  56 
 46  18  86  11  33  93  83  88  21  89  39  50  62  63  37  7  80  8  10  5  30  69  23  57  67  97  22  47  55  78  40 
 24  28  90  83  46  54  78  33  41  72  38  0  13  96  50  97  95  77  94  7  43  56  87  60  42  93  88 
 38  32  79  70  23  99  64  92  27  13  16  57  58  24  52  47  26  55  12  39  42 
 40  63  27  1  32  10  0  38  97  96  72  95  75  17  35  45  51  73  89  37  33  56  93 
 80  63  61  21  86  26  60  29  75  33  70  92  72  7  97  5  10  84  94  65  74  40  46  25  30  38 
 71  27  76  70  4  7  5  84  68  32  2  29  99  90  14  50  83  93 
 63  78  91  42  61  66  38  90  12  60  41  53  8  74  87  44  24  71  19  93  73  95  29  34  35  21  81 
 70  51  35  20  38  0  27  98  17  62  9  49  80  21 
 18  96  7  93  13  26  15  44  64  39  62  37  56  43  58  65  22  4  9  85  30  2  33  83  40  99 
 8  26  23  84  6  39  90  75  45  87  13  69  88  74  7  10  21  49  31  5  92  0  20  54  57  19  12  97  25  32  79  33  82  93 
 55  50  23  83  14  16  8  17  27  86  92  10  70  5  79  67  6  78  97  31  53  25  20 
 7  41  92  91  38  47  31  63  48  27  60  97  44  1  3  51  49  19  58  82 
 74  11  96  52  61  69  78  26  60  53  37  93  27  84  92  56  5  47  14  20  25  39  24  35  30  38 
 7  61  45  83  47  62  59  15  92  99  80  44  57  94  43  69  75  60  70  39  22  90  33  48 
 94  92  83  74  48  51  99  28  41  36  62  93  75  54  31  25 
 65  16  51  7  0  3  73  98  92  8  21  74  23  64  26  29  60  6  40  77  53  61  47 
 67  72  15  57  75  83  80  38  41  10  58  69  92  22  87  99  79  12  2  59  60  25  53  96  65 
 85  38  42  80  24  0  99  67  45  34  26  15  68  48  56  35  25  37  62  47  29  59  20  70 
 94  88  7  85  66  19  78  70  86  56  89  8  87  99  84  14  39  76  64  5  83  48  18  58  65  63  50  69  90  52  41  38  97  42  54  3  61 
 33  74  61  18  86  37  82  7  46  63  27  73  80  71  34  50  59  14  88  75  58  68  28  31  77  40  79  83 
 88  92  31  42  26  46  58  60  73  15  7  6  96  20  65  21  32  48  22  35  75  25  67  2  57  87  71  72  78  41  17  45  66  70  11 
 48  70  4  73  2  29  38  51  35  75  77  21  65  33  96  12  80  54  25  31  50  36 
 52  86  53  68  23  19  36  18  82  43  71  72  77  63  75  50  20  94  42  54  95  33  32  90  26 
 38  44  14  67  10  1  77  4  75  78  60  0  69  85  27  57  22  37  52  84  55  32  92  74  83  28  66  26  51 
 70  51  89  73  12  47  26  18  29  65  81  17  7  43  62  4  50 
 87  92  88  28  91  67  44  73  76  23  27  34  10  58  90  79  82  39 
-->CDecomWalshPart::vInitTrueLinkage-->GLBs: 1131
(Length: 3)  0  1  3 
(Length: 5)  0  38  51  77  97 
(Length: 4)  0  35  51  57 
(Length: 5)  0  1  10  77  97 
(Length: 3)  0  24  49 
(Length: 4)  0  20  24  91 
(Length: 4)  0  20  54  83 
(Length: 3)  0  24  57 
(Length: 3)  0  1  49 
(Length: 4)  0  3  51  89 
(Length: 4)  0  20  35  81 
(Length: 4)  0  54  72  75 
(Length: 4)  0  1  73  77 
(Length: 4)  0  49  51  81 
(Length: 3)  0  35  43 
(Length: 3)  0  24  75 
(Length: 3)  0  38  91 
(Length: 4)  0  10  38  43 
(Length: 5)  0  10  57  83  97 
(Length: 5)  0  10  38  77  97 
(Length: 4)  0  38  43  75 
(Length: 4)  0  10  43  69 
(Length: 4)  0  49  69  83 
(Length: 5)  0  51  73  77  89 
(Length: 5)  0  10  69  83  97 
(Length: 4)  0  72  75  77 
(Length: 4)  0  54  75  83 
(Length: 4)  0  20  35  91 
(Length: 5)  0  38  75  77  97 
(Length: 4)  0  38  51  81 
(Length: 4)  0  51  57  97 
(Length: 4)  0  35  51  81 
(Length: 4)  0  35  51  77 
(Length: 4)  0  75  83  97 
(Length: 4)  1  2  36  68 
(Length: 3)  1  7  40 
(Length: 3)  1  23  73 
(Length: 4)  1  2  12  73 
(Length: 4)  1  2  36  41 
(Length: 3)  1  7  61 
(Length: 3)  1  10  68 
(Length: 3)  1  7  10 
(Length: 4)  1  3  19  85 
(Length: 4)  1  3  23  64 
(Length: 3)  1  16  27 
(Length: 4)  1  2  31  40 
(Length: 3)  1  3  61 
(Length: 4)  1  19  31  36 
(Length: 4)  1  27  73  77 
(Length: 3)  1  12  19 
(Length: 4)  1  31  40  49 
(Length: 4)  1  27  85  97 
(Length: 4)  1  56  73  77 
(Length: 4)  1  23  36  41 
(Length: 5)  1  7  41  48  85 
(Length: 4)  1  41  45  48 
(Length: 3)  1  31  61 
(Length: 3)  1  45  77 
(Length: 4)  1  2  31  36 
(Length: 3)  1  23  40 
(Length: 4)  1  16  45  48 
(Length: 4)  1  27  77  97 
(Length: 4)  1  12  48  64 
(Length: 3)  1  40  77 
(Length: 4)  1  48  64  68 
(Length: 4)  1  7  12  48 
(Length: 4)  1  19  31  85 
(Length: 4)  1  12  56  73 
(Length: 4)  1  41  49  85 
(Length: 4)  1  31  49  85 
(Length: 3)  1  10  16 
(Length: 4)  1  2  68  73 
(Length: 3)  2  30  69 
(Length: 5)  2  15  25  72  90 
(Length: 3)  2  30  73 
(Length: 4)  2  67  72  90 
(Length: 3)  2  30  82 
(Length: 4)  2  25  31  95 
(Length: 5)  2  31  36  50  95 
(Length: 5)  2  35  36  50  95 
(Length: 4)  2  50  73  95 
(Length: 4)  2  35  57  94 
(Length: 4)  2  15  44  73 
(Length: 4)  2  25  35  94 
(Length: 4)  2  25  35  95 
(Length: 4)  2  42  50  68 
(Length: 3)  2  79  90 
(Length: 4)  2  67  72  94 
(Length: 4)  2  31  42  94 
(Length: 4)  2  31  40  46 
(Length: 5)  2  15  25  72  94 
(Length: 4)  2  50  68  79 
(Length: 5)  2  15  17  36  41 
(Length: 4)  2  26  29  69 
(Length: 4)  2  25  30  31 
(Length: 4)  2  12  35  95 
(Length: 3)  2  42  44 
(Length: 3)  2  40  82 
(Length: 3)  2  12  46 
(Length: 3)  2  44  69 
(Length: 3)  2  40  72 
(Length: 5)  2  15  25  41  90 
(Length: 5)  2  41  57  67  94 
(Length: 5)  2  41  57  67  90 
(Length: 3)  2  12  90 
(Length: 4)  2  15  73  94 
(Length: 4)  2  12  73  95 
(Length: 4)  2  15  44  82 
(Length: 5)  2  26  41  46  94 
(Length: 4)  2  15  26  82 
(Length: 4)  2  17  35  94 
(Length: 4)  2  29  36  95 
(Length: 3)  2  29  79 
(Length: 3)  2  40  57 
(Length: 3)  2  69  90 
(Length: 4)  2  25  30  35 
(Length: 4)  2  31  42  50 
(Length: 5)  2  17  35  36  50 
(Length: 4)  2  15  36  44 
(Length: 5)  2  25  41  46  94 
(Length: 5)  2  25  31  46  94 
(Length: 5)  2  15  41  57  90 
(Length: 4)  2  50  68  73 
(Length: 6)  2  15  26  41  57  94 
(Length: 5)  2  15  25  41  94 
(Length: 5)  2  15  17  41  94 
(Length: 4)  2  36  50  68 
(Length: 4)  3  19  85  92 
(Length: 3)  3  19  71 
(Length: 4)  3  51  65  89 
(Length: 3)  3  51  85 
(Length: 4)  3  65  89  92 
(Length: 4)  3  23  64  89 
(Length: 4)  3  64  89  92 
(Length: 4)  3  61  89  92 
(Length: 3)  3  32  65 
(Length: 3)  3  23  32 
(Length: 3)  3  23  71 
(Length: 3)  3  32  61 
(Length: 5)  4  14  57  67  97 
(Length: 5)  4  24  41  57  67 
(Length: 5)  4  24  41  58  67 
(Length: 5)  4  9  41  57  67 
(Length: 5)  4  7  41  57  67 
(Length: 5)  4  6  7  67  72 
(Length: 4)  4  43  58  82 
(Length: 5)  4  7  37  43  82 
(Length: 4)  4  9  18  82 
(Length: 4)  4  6  14  67 
(Length: 3)  4  6  18 
(Length: 5)  4  7  43  50  98 
(Length: 4)  4  18  73  98 
(Length: 3)  4  37  97 
(Length: 4)  4  50  73  98 
(Length: 4)  4  43  50  58 
(Length: 4)  4  7  50  79 
(Length: 4)  4  50  73  95 
(Length: 4)  4  14  50  79 
(Length: 3)  5  28  67 
(Length: 4)  5  52  86  92 
(Length: 3)  5  26  28 
(Length: 4)  5  79  83  84 
(Length: 3)  5  30  73 
(Length: 4)  5  26  78  86 
(Length: 4)  5  10  17  84 
(Length: 3)  5  26  83 
(Length: 5)  5  10  21  74  78 
(Length: 4)  5  10  30  52 
(Length: 3)  5  17  36 
(Length: 3)  5  28  73 
(Length: 5)  5  10  30  74  78 
(Length: 5)  5  78  84  86  92 
(Length: 4)  5  30  52  86 
(Length: 5)  5  30  74  78  86 
(Length: 3)  5  36  52 
(Length: 3)  5  21  51 
(Length: 3)  5  26  51 
(Length: 4)  5  83  84  92 
(Length: 3)  5  51  52 
(Length: 3)  5  51  73 
(Length: 4)  5  10  78  84 
(Length: 5)  5  10  21  74  83 
(Length: 4)  5  10  83  84 
(Length: 3)  5  56  73 
(Length: 3)  5  56  67 
(Length: 3)  5  67  74 
(Length: 3)  5  67  84 
(Length: 4)  5  56  86  92 
(Length: 4)  6  25  35  94 
(Length: 4)  6  31  42  94 
(Length: 5)  6  25  31  83  84 
(Length: 3)  6  31  61 
(Length: 3)  6  64  89 
(Length: 4)  6  25  31  94 
(Length: 4)  6  25  39  83 
(Length: 4)  6  60  67  94 
(Length: 4)  6  25  72  94 
(Length: 3)  6  18  61 
(Length: 4)  6  14  67  84 
(Length: 4)  6  14  25  39 
(Length: 4)  6  39  42  64 
(Length: 4)  6  14  25  84 
(Length: 4)  6  8  29  89 
(Length: 4)  6  29  60  89 
(Length: 3)  6  35  64 
(Length: 4)  6  8  83  84 
(Length: 3)  6  8  35 
(Length: 3)  6  18  29 
(Length: 4)  6  7  61  89 
(Length: 5)  6  7  67  72  94 
(Length: 4)  6  7  39  83 
(Length: 4)  7  61  78  92 
(Length: 5)  7  41  48  85  92 
(Length: 4)  7  43  75  87 
(Length: 4)  7  47  74  89 
(Length: 4)  7  40  57  74 
(Length: 4)  7  50  79  93 
(Length: 4)  7  61  89  92 
(Length: 5)  7  41  57  67  94 
(Length: 4)  7  57  67  74 
(Length: 5)  7  37  40  43  82 
(Length: 4)  7  61  87  92 
(Length: 5)  7  41  46  75  94 
(Length: 4)  7  78  92  94 
(Length: 4)  7  50  75  93 
(Length: 4)  7  40  43  46 
(Length: 5)  7  37  40  74  93 
(Length: 5)  7  37  40  82  93 
(Length: 4)  7  46  75  93 
(Length: 4)  7  75  83  87 
(Length: 4)  7  57  87  94 
(Length: 4)  7  50  74  93 
(Length: 4)  7  75  83  93 
(Length: 3)  7  41  53 
(Length: 4)  7  79  83  93 
(Length: 3)  7  61  93 
(Length: 5)  7  43  47  50  98 
(Length: 4)  7  48  72  94 
(Length: 4)  7  41  51  57 
(Length: 5)  7  12  43  47  98 
(Length: 4)  7  39  82  83 
(Length: 5)  7  12  43  47  48 
(Length: 4)  7  47  61  89 
(Length: 4)  7  12  39  48 
(Length: 4)  7  12  43  46 
(Length: 4)  7  47  50  74 
(Length: 5)  7  43  47  48  87 
(Length: 4)  7  43  50  75 
(Length: 4)  7  47  89  98 
(Length: 5)  7  41  47  48  85 
(Length: 4)  7  43  46  75 
(Length: 5)  7  46  75  78  94 
(Length: 3)  7  53  72 
(Length: 5)  7  72  75  78  94 
(Length: 4)  7  57  83  87 
(Length: 4)  7  47  61  87 
(Length: 5)  7  43  47  48  50 
(Length: 3)  7  30  53 
(Length: 4)  7  39  50  74 
(Length: 5)  7  39  83  87  92 
(Length: 5)  7  10  30  74  78 
(Length: 3)  7  30  82 
(Length: 3)  7  10  43 
(Length: 4)  7  51  89  98 
(Length: 4)  7  75  87  94 
(Length: 5)  7  40  46  74  78 
(Length: 5)  7  41  48  92  94 
(Length: 3)  7  82  85 
(Length: 5)  7  10  57  74  83 
(Length: 5)  7  48  87  92  94 
(Length: 4)  7  12  39  83 
(Length: 5)  7  39  48  50  92 
(Length: 4)  7  39  74  83 
(Length: 5)  7  40  46  74  93 
(Length: 4)  7  74  83  93 
(Length: 5)  7  39  48  87  92 
(Length: 4)  7  40  74  89 
(Length: 3)  7  39  53 
(Length: 4)  7  53  61  89 
(Length: 5)  7  41  48  51  85 
(Length: 4)  7  82  83  93 
(Length: 4)  7  40  72  78 
(Length: 4)  8  21  74  80 
(Length: 4)  8  10  83  84 
(Length: 4)  8  83  84  92 
(Length: 4)  8  21  24  58 
(Length: 4)  8  21  74  89 
(Length: 4)  8  21  24  80 
(Length: 4)  8  26  29  69 
(Length: 4)  8  24  29  80 
(Length: 4)  8  12  38  80 
(Length: 3)  8  9  40 
(Length: 3)  8  38  92 
(Length: 3)  8  56  92 
(Length: 4)  8  12  35  80 
(Length: 3)  8  35  58 
(Length: 4)  8  10  21  58 
(Length: 3)  8  12  83 
(Length: 3)  8  38  40 
(Length: 3)  8  26  38 
(Length: 4)  8  69  83  92 
(Length: 5)  8  10  69  74  83 
(Length: 3)  8  10  38 
(Length: 4)  8  12  35  56 
(Length: 4)  8  10  17  84 
(Length: 4)  8  40  74  89 
(Length: 3)  8  9  56 
(Length: 4)  8  26  29  89 
(Length: 4)  8  26  69  83 
(Length: 3)  8  58  92 
(Length: 3)  8  17  35 
(Length: 3)  8  89  92 
(Length: 5)  8  10  21  74  83 
(Length: 4)  9  40  49  65 
(Length: 4)  9  13  40  82 
(Length: 3)  9  56  82 
(Length: 4)  9  33  40  49 
(Length: 4)  9  18  53  61 
(Length: 4)  9  41  45  57 
(Length: 4)  9  40  65  82 
(Length: 3)  9  56  67 
(Length: 4)  9  33  40  82 
(Length: 3)  9  41  49 
(Length: 4)  9  40  57  65 
(Length: 4)  9  33  49  70 
(Length: 3)  9  33  53 
(Length: 3)  9  13  61 
(Length: 4)  9  49  65  70 
(Length: 4)  9  49  70  81 
(Length: 4)  9  41  45  53 
(Length: 5)  10  32  38  43  68 
(Length: 5)  10  32  38  77  97 
(Length: 4)  10  38  44  65 
(Length: 4)  10  16  57  65 
(Length: 4)  10  32  38  65 
(Length: 4)  10  57  83  90 
(Length: 4)  10  44  58  99 
(Length: 3)  10  42  70 
(Length: 4)  10  44  69  97 
(Length: 3)  10  42  68 
(Length: 4)  10  74  78  97 
(Length: 4)  10  78  84  97 
(Length: 4)  10  30  69  74 
(Length: 3)  10  30  32 
(Length: 4)  10  43  58  68 
(Length: 5)  10  57  74  83  97 
(Length: 4)  10  58  65  90 
(Length: 3)  10  52  97 
(Length: 4)  10  21  65  78 
(Length: 3)  10  69  70 
(Length: 4)  10  38  44  97 
(Length: 3)  10  17  77 
(Length: 4)  10  38  65  90 
(Length: 4)  10  70  78  84 
(Length: 5)  10  69  74  83  97 
(Length: 4)  10  32  83  97 
(Length: 5)  10  21  57  74  83 
(Length: 4)  10  44  58  65 
(Length: 4)  10  21  58  65 
(Length: 3)  10  42  44 
(Length: 4)  10  69  83  90 
(Length: 4)  10  83  84  97 
(Length: 3)  10  52  70 
(Length: 4)  10  58  90  99 
(Length: 4)  10  57  65  90 
(Length: 4)  10  21  57  65 
(Length: 4)  10  38  78  97 
(Length: 3)  10  16  84 
(Length: 5)  10  38  65  70  78 
(Length: 4)  11  35  45  94 
(Length: 4)  11  30  74  86 
(Length: 3)  11  45  54 
(Length: 4)  11  35  70  94 
(Length: 4)  11  30  35  86 
(Length: 4)  11  30  63  74 
(Length: 4)  11  30  54  63 
(Length: 3)  12  20  60 
(Length: 4)  12  38  43  48 
(Length: 4)  12  60  73  80 
(Length: 3)  12  83  90 
(Length: 4)  12  38  64  76 
(Length: 4)  12  73  80  95 
(Length: 4)  12  60  80  90 
(Length: 4)  12  70  73  98 
(Length: 4)  12  35  80  95 
(Length: 4)  12  35  47  55 
(Length: 3)  12  19  80 
(Length: 3)  12  19  55 
(Length: 3)  12  19  22 
(Length: 4)  12  39  64  76 
(Length: 4)  12  38  80  90 
(Length: 4)  12  47  48  70 
(Length: 3)  12  55  73 
(Length: 4)  12  39  70  76 
(Length: 4)  12  47  55  76 
(Length: 4)  12  39  48  64 
(Length: 4)  12  38  80  95 
(Length: 4)  12  22  38  90 
(Length: 4)  12  39  48  70 
(Length: 4)  12  20  39  83 
(Length: 4)  12  35  47  70 
(Length: 4)  12  35  43  56 
(Length: 4)  12  38  48  64 
(Length: 4)  12  38  70  76 
(Length: 4)  12  47  70  98 
(Length: 3)  12  20  35 
(Length: 4)  12  47  70  76 
(Length: 4)  12  19  20  83 
(Length: 5)  12  38  48  70  95 
(Length: 4)  12  22  35  64 
(Length: 4)  12  35  70  95 
(Length: 4)  12  70  73  95 
(Length: 4)  12  35  43  47 
(Length: 4)  12  22  38  64 
(Length: 4)  13  26  82  83 
(Length: 3)  13  21  50 
(Length: 3)  13  21  61 
(Length: 3)  13  28  75 
(Length: 3)  13  75  83 
(Length: 3)  13  26  28 
(Length: 4)  13  26  69  83 
(Length: 4)  13  36  50  68 
(Length: 3)  13  61  69 
(Length: 3)  13  27  76 
(Length: 3)  13  50  75 
(Length: 3)  13  26  76 
(Length: 3)  13  21  83 
(Length: 3)  14  15  25 
(Length: 3)  14  15  52 
(Length: 4)  14  16  27  39 
(Length: 4)  14  15  27  57 
(Length: 4)  14  15  20  59 
(Length: 4)  14  20  27  63 
(Length: 4)  14  39  50  92 
(Length: 4)  14  15  20  27 
(Length: 4)  14  16  27  57 
(Length: 4)  14  25  84  86 
(Length: 4)  14  50  63  93 
(Length: 4)  14  27  79  84 
(Length: 4)  14  16  27  84 
(Length: 5)  14  20  27  39  86 
(Length: 4)  14  52  86  92 
(Length: 3)  14  63  67 
(Length: 4)  14  50  84  92 
(Length: 3)  14  21  57 
(Length: 4)  14  27  57  97 
(Length: 3)  14  59  93 
(Length: 4)  14  27  79  93 
(Length: 4)  14  27  84  97 
(Length: 4)  14  25  39  86 
(Length: 5)  14  20  27  84  86 
(Length: 4)  14  39  86  92 
(Length: 4)  14  27  86  93 
(Length: 4)  14  27  63  93 
(Length: 4)  14  67  84  97 
(Length: 4)  14  84  86  92 
(Length: 4)  14  52  92  97 
(Length: 3)  14  21  50 
(Length: 4)  14  50  79  84 
(Length: 4)  14  50  79  93 
(Length: 4)  14  84  92  97 
(Length: 4)  14  50  63  92 
(Length: 4)  15  20  26  94 
(Length: 4)  15  41  59  90 
(Length: 4)  15  57  87  90 
(Length: 4)  15  24  62  91 
(Length: 4)  15  20  24  91 
(Length: 3)  15  25  91 
(Length: 4)  15  20  26  91 
(Length: 4)  15  57  62  87 
(Length: 4)  15  59  87  90 
(Length: 3)  15  23  73 
(Length: 4)  15  44  62  82 
(Length: 4)  15  23  25  41 
(Length: 3)  15  52  72 
(Length: 3)  15  20  44 
(Length: 4)  15  20  59  91 
(Length: 3)  15  27  73 
(Length: 4)  15  44  62  87 
(Length: 5)  15  24  41  57  62 
(Length: 5)  15  23  36  41  52 
(Length: 4)  15  57  87  94 
(Length: 4)  16  27  57  76 
(Length: 3)  16  65  89 
(Length: 3)  16  45  57 
(Length: 3)  16  39  48 
(Length: 4)  16  27  39  76 
(Length: 3)  16  27  34 
(Length: 4)  16  34  45  48 
(Length: 3)  17  35  81 
(Length: 3)  17  35  77 
(Length: 3)  17  48  50 
(Length: 4)  17  41  48  94 
(Length: 3)  17  50  84 
(Length: 3)  17  81  98 
(Length: 3)  17  50  98 
(Length: 3)  17  48  64 
(Length: 3)  17  35  64 
(Length: 3)  18  82  93 
(Length: 4)  18  61  63  93 
(Length: 5)  18  36  53  68  96 
(Length: 4)  18  26  29  53 
(Length: 3)  18  63  96 
(Length: 4)  18  63  73  93 
(Length: 4)  18  29  36  53 
(Length: 3)  18  48  68 
(Length: 4)  18  63  74  93 
(Length: 3)  18  29  63 
(Length: 4)  18  46  74  93 
(Length: 4)  18  26  82  96 
(Length: 4)  18  48  63  92 
(Length: 4)  18  26  53  96 
(Length: 4)  18  26  29  98 
(Length: 4)  18  68  73  93 
(Length: 4)  18  61  63  92 
(Length: 3)  18  26  46 
(Length: 4)  19  21  31  83 
(Length: 5)  19  20  54  63  96 
(Length: 4)  19  63  85  92 
(Length: 3)  19  21  80 
(Length: 3)  19  55  71 
(Length: 4)  19  31  36  54 
(Length: 4)  19  54  83  92 
(Length: 4)  19  63  71  80 
(Length: 4)  19  63  71  96 
(Length: 4)  19  54  63  92 
(Length: 3)  19  22  54 
(Length: 4)  19  31  54  83 
(Length: 4)  19  54  66  92 
(Length: 4)  19  20  54  83 
(Length: 3)  19  66  80 
(Length: 4)  19  36  54  96 
(Length: 4)  20  26  60  94 
(Length: 3)  20  24  58 
(Length: 3)  20  24  86 
(Length: 4)  20  26  94  96 
(Length: 4)  20  26  86  96 
(Length: 3)  20  27  81 
(Length: 4)  20  35  58  94 
(Length: 3)  20  26  83 
(Length: 4)  20  26  60  86 
(Length: 4)  20  27  60  86 
(Length: 4)  20  44  58  60 
(Length: 3)  20  59  60 
(Length: 4)  20  30  54  63 
(Length: 4)  20  30  35  86 
(Length: 4)  20  58  60  94 
(Length: 3)  20  83  84 
(Length: 4)  21  57  62  74 
(Length: 3)  21  80  81 
(Length: 4)  21  51  65  89 
(Length: 4)  21  57  65  94 
(Length: 4)  21  23  50  74 
(Length: 4)  21  31  50  95 
(Length: 4)  21  31  51  95 
(Length: 4)  21  24  31  61 
(Length: 3)  21  62  81 
(Length: 3)  21  51  81 
(Length: 3)  21  31  94 
(Length: 4)  21  51  65  95 
(Length: 4)  21  65  78  94 
(Length: 4)  21  61  78  80 
(Length: 4)  21  51  57  65 
(Length: 4)  21  74  78  80 
(Length: 3)  21  80  95 
(Length: 4)  21  23  74  89 
(Length: 3)  21  61  89 
(Length: 4)  21  23  74  83 
(Length: 3)  21  50  58 
(Length: 4)  21  24  61  80 
(Length: 4)  21  24  58  62 
(Length: 4)  21  24  57  62 
(Length: 4)  21  58  65  94 
(Length: 3)  22  67  90 
(Length: 3)  22  87  90 
(Length: 3)  22  35  94 
(Length: 3)  22  50  74 
(Length: 3)  22  65  94 
(Length: 3)  22  87  94 
(Length: 3)  22  64  82 
(Length: 3)  22  67  94 
(Length: 3)  22  38  97 
(Length: 3)  22  65  82 
(Length: 4)  22  67  74  97 
(Length: 4)  22  38  65  90 
(Length: 3)  22  35  50 
(Length: 3)  23  73  89 
(Length: 4)  23  25  83  84 
(Length: 3)  23  76  99 
(Length: 3)  23  29  36 
(Length: 3)  23  64  76 
(Length: 3)  23  50  73 
(Length: 3)  23  32  83 
(Length: 3)  23  52  76 
(Length: 4)  23  43  71  96 
(Length: 4)  23  40  74  89 
(Length: 3)  23  40  66 
(Length: 3)  23  40  43 
(Length: 4)  23  29  43  69 
(Length: 3)  23  29  89 
(Length: 4)  23  69  74  83 
(Length: 3)  23  32  76 
(Length: 4)  23  36  50  96 
(Length: 3)  23  50  84 
(Length: 4)  23  36  52  96 
(Length: 4)  23  43  50  96 
(Length: 4)  23  32  43  96 
(Length: 3)  23  73  99 
(Length: 3)  24  67  91 
(Length: 3)  24  31  49 
(Length: 3)  24  28  67 
(Length: 3)  24  28  75 
(Length: 3)  24  57  76 
(Length: 4)  24  53  61  80 
(Length: 4)  24  41  46  75 
(Length: 4)  24  29  53  80 
(Length: 3)  24  41  49 
(Length: 4)  24  41  58  62 
(Length: 4)  24  41  53  80 
(Length: 3)  24  67  71 
(Length: 3)  24  58  76 
(Length: 4)  24  29  80  91 
(Length: 3)  24  28  31 
(Length: 3)  24  71  80 
(Length: 3)  24  31  46 
(Length: 4)  24  31  53  61 
(Length: 4)  24  53  61  86 
(Length: 3)  24  49  71 
(Length: 4)  25  30  31  54 
(Length: 4)  25  30  78  86 
(Length: 3)  25  37  91 
(Length: 5)  25  41  48  88  94 
(Length: 4)  25  48  72  94 
(Length: 4)  25  46  78  94 
(Length: 3)  25  48  95 
(Length: 4)  25  31  54  95 
(Length: 5)  25  31  54  83  88 
(Length: 4)  25  30  35  86 
(Length: 3)  25  83  90 
(Length: 3)  25  54  72 
(Length: 4)  25  31  46  54 
(Length: 4)  25  72  78  94 
(Length: 3)  25  48  91 
(Length: 3)  25  35  91 
(Length: 4)  25  31  88  94 
(Length: 4)  25  41  46  54 
(Length: 3)  25  35  55 
(Length: 4)  25  41  54  88 
(Length: 3)  25  39  48 
(Length: 4)  25  78  84  86 
(Length: 3)  25  55  84 
(Length: 3)  25  37  86 
(Length: 4)  26  38  78  86 
(Length: 4)  26  60  78  86 
(Length: 4)  26  53  60  86 
(Length: 4)  26  69  83  97 
(Length: 5)  26  29  51  60  89 
(Length: 4)  26  53  69  86 
(Length: 3)  26  29  91 
(Length: 5)  26  29  51  89  98 
(Length: 4)  26  51  57  97 
(Length: 4)  26  51  60  97 
(Length: 4)  26  29  60  78 
(Length: 4)  26  29  53  69 
(Length: 5)  26  29  53  60  89 
(Length: 4)  26  60  78  97 
(Length: 4)  26  60  78  94 
(Length: 3)  26  66  97 
(Length: 3)  26  57  76 
(Length: 4)  26  41  51  57 
(Length: 3)  26  41  53 
(Length: 4)  26  28  60  97 
(Length: 3)  26  66  94 
(Length: 4)  26  38  78  97 
(Length: 4)  26  57  83  97 
(Length: 4)  26  46  78  94 
(Length: 3)  26  38  91 
(Length: 3)  26  38  76 
(Length: 4)  26  38  51  97 
(Length: 4)  26  53  86  96 
(Length: 3)  27  73  99 
(Length: 3)  27  63  85 
(Length: 3)  27  70  81 
(Length: 4)  27  70  79  84 
(Length: 4)  27  60  85  97 
(Length: 4)  27  71  79  93 
(Length: 5)  27  63  73  77  93 
(Length: 4)  27  34  63  93 
(Length: 4)  27  70  76  79 
(Length: 4)  27  63  71  93 
(Length: 3)  27  34  99 
(Length: 3)  27  60  73 
(Length: 4)  27  39  70  76 
(Length: 3)  27  70  73 
(Length: 4)  27  76  79  99 
(Length: 4)  27  39  76  99 
(Length: 4)  28  75  88  93 
(Length: 4)  28  31  88  93 
(Length: 3)  28  37  70 
(Length: 3)  28  37  93 
(Length: 4)  28  60  75  97 
(Length: 3)  28  73  93 
(Length: 3)  28  42  44 
(Length: 3)  28  37  97 
(Length: 3)  28  42  75 
(Length: 3)  28  88  99 
(Length: 4)  28  44  60  73 
(Length: 3)  28  70  73 
(Length: 3)  28  31  42 
(Length: 3)  28  42  70 
(Length: 3)  28  55  73 
(Length: 4)  28  44  60  97 
(Length: 3)  28  67  99 
(Length: 3)  28  55  97 
(Length: 4)  28  44  73  99 
(Length: 4)  28  60  67  97 
(Length: 4)  29  51  65  95 
(Length: 4)  29  60  78  80 
(Length: 3)  29  45  91 
(Length: 4)  29  45  53  60 
(Length: 4)  29  60  65  78 
(Length: 4)  29  45  51  60 
(Length: 3)  29  43  98 
(Length: 4)  29  53  60  80 
(Length: 4)  29  63  78  80 
(Length: 5)  29  51  65  89  98 
(Length: 3)  29  80  95 
(Length: 3)  29  43  63 
(Length: 5)  29  51  60  65  89 
(Length: 3)  30  33  82 
(Length: 3)  30  32  49 
(Length: 3)  30  63  73 
(Length: 4)  30  31  53  54 
(Length: 4)  30  35  53  86 
(Length: 3)  30  33  73 
(Length: 4)  30  33  69  74 
(Length: 4)  30  63  74  78 
(Length: 4)  30  33  74  78 
(Length: 4)  30  33  35  53 
(Length: 4)  30  69  74  86 
(Length: 3)  30  49  52 
(Length: 4)  30  33  49  69 
(Length: 3)  30  31  49 
(Length: 4)  30  33  53  69 
(Length: 4)  30  53  69  86 
(Length: 3)  31  61  93 
(Length: 3)  31  50  93 
(Length: 3)  31  47  85 
(Length: 3)  31  49  83 
(Length: 3)  31  51  88 
(Length: 4)  31  36  54  95 
(Length: 3)  31  53  84 
(Length: 4)  31  40  46  93 
(Length: 3)  31  50  84 
(Length: 4)  31  83  88  93 
(Length: 4)  31  36  53  54 
(Length: 4)  31  42  47  50 
(Length: 4)  31  49  51  85 
(Length: 3)  31  42  54 
(Length: 3)  31  47  61 
(Length: 4)  31  36  54  88 
(Length: 3)  32  55  76 
(Length: 4)  32  49  59  65 
(Length: 3)  32  94  96 
(Length: 3)  32  49  83 
(Length: 3)  32  65  94 
(Length: 3)  32  79  83 
(Length: 4)  32  43  68  96 
(Length: 3)  32  55  97 
(Length: 3)  32  48  94 
(Length: 3)  32  68  79 
(Length: 3)  32  76  79 
(Length: 3)  32  38  76 
(Length: 3)  32  77  96 
(Length: 5)  32  38  43  48  68 
(Length: 5)  33  37  40  82  93 
(Length: 5)  33  37  40  77  93 
(Length: 4)  33  39  82  83 
(Length: 4)  33  75  83  93 
(Length: 5)  33  37  40  74  93 
(Length: 4)  33  35  36  53 
(Length: 4)  33  49  69  83 
(Length: 3)  33  44  73 
(Length: 3)  33  75  78 
(Length: 3)  33  35  55 
(Length: 5)  33  39  48  70  87 
(Length: 4)  33  73  77  95 
(Length: 3)  33  82  96 
(Length: 4)  33  37  40  49 
(Length: 4)  33  55  69  74 
(Length: 4)  33  35  77  95 
(Length: 4)  33  48  70  95 
(Length: 4)  33  73  77  93 
(Length: 4)  33  75  77  93 
(Length: 4)  33  37  49  70 
(Length: 3)  33  44  82 
(Length: 4)  33  36  95  96 
(Length: 4)  33  69  74  83 
(Length: 3)  33  55  73 
(Length: 4)  33  49  69  70 
(Length: 4)  33  35  70  95 
(Length: 4)  33  75  83  87 
(Length: 4)  33  39  83  87 
(Length: 4)  33  74  83  93 
(Length: 4)  33  82  83  93 
(Length: 4)  33  40  74  78 
(Length: 4)  33  44  69  87 
(Length: 4)  33  36  53  96 
(Length: 5)  33  75  77  95  96 
(Length: 4)  33  69  70  87 
(Length: 3)  33  70  78 
(Length: 4)  33  39  74  83 
(Length: 4)  33  70  73  95 
(Length: 3)  33  39  53 
(Length: 4)  33  69  83  87 
(Length: 3)  33  36  44 
(Length: 4)  33  35  36  95 
(Length: 3)  34  35  50 
(Length: 4)  34  48  50  63 
(Length: 4)  34  45  48  91 
(Length: 4)  34  63  80  93 
(Length: 4)  34  35  80  91 
(Length: 4)  34  50  63  93 
(Length: 3)  34  91  99 
(Length: 4)  34  35  45  91 
(Length: 3)  35  45  53 
(Length: 3)  35  80  81 
(Length: 3)  35  47  86 
(Length: 4)  35  47  70  91 
(Length: 5)  35  43  47  50  58 
(Length: 3)  35  56  91 
(Length: 4)  35  51  70  81 
(Length: 3)  35  53  80 
(Length: 3)  35  56  86 
(Length: 4)  35  45  57  94 
(Length: 3)  35  53  64 
(Length: 4)  35  51  70  95 
(Length: 4)  35  51  77  95 
(Length: 4)  35  45  51  57 
(Length: 3)  35  47  66 
(Length: 4)  35  45  51  77 
(Length: 4)  35  47  50  55 
(Length: 3)  35  56  77 
(Length: 3)  35  66  80 
(Length: 4)  35  45  66  94 
(Length: 4)  36  53  54  96 
(Length: 4)  36  41  54  88 
(Length: 4)  36  41  53  54 
(Length: 4)  36  50  68  96 
(Length: 4)  36  54  95  96 
(Length: 4)  36  50  95  96 
(Length: 4)  37  49  52  70 
(Length: 3)  37  43  71 
(Length: 4)  37  74  86  93 
(Length: 3)  37  62  74 
(Length: 3)  37  52  86 
(Length: 3)  37  71  93 
(Length: 3)  37  62  82 
(Length: 3)  37  77  97 
(Length: 3)  37  62  91 
(Length: 3)  37  70  91 
(Length: 3)  37  52  97 
(Length: 3)  37  74  97 
(Length: 3)  37  49  71 
(Length: 5)  38  51  65  70  95 
(Length: 4)  38  51  77  95 
(Length: 4)  38  48  70  92 
(Length: 4)  38  48  64  68 
(Length: 4)  38  48  68  91 
(Length: 4)  38  51  85  97 
(Length: 4)  38  75  78  97 
(Length: 3)  38  78  80 
(Length: 4)  38  44  85  97 
(Length: 3)  38  75  90 
(Length: 4)  38  78  86  92 
(Length: 4)  38  48  85  92 
(Length: 4)  38  48  64  92 
(Length: 3)  38  44  80 
(Length: 4)  38  48  70  91 
(Length: 4)  38  48  85  91 
(Length: 4)  38  65  90  92 
(Length: 4)  38  40  65  78 
(Length: 3)  38  40  43 
(Length: 3)  38  80  81 
(Length: 4)  38  78  92  97 
(Length: 5)  38  48  51  70  95 
(Length: 3)  38  80  91 
(Length: 4)  38  64  76  92 
(Length: 4)  38  75  77  95 
(Length: 4)  38  48  51  85 
(Length: 4)  38  85  92  97 
(Length: 5)  38  65  70  78  92 
(Length: 4)  38  51  70  81 
(Length: 3)  38  40  77 
(Length: 4)  38  70  76  92 
(Length: 3)  39  53  64 
(Length: 3)  39  74  86 
(Length: 3)  39  82  99 
(Length: 4)  39  76  92  99 
(Length: 4)  39  48  64  92 
(Length: 3)  39  53  86 
(Length: 4)  39  87  92  99 
(Length: 3)  39  64  82 
(Length: 5)  39  42  64  76  92 
(Length: 4)  39  42  50  92 
(Length: 5)  39  42  70  76  92 
(Length: 5)  39  48  70  87  92 
(Length: 3)  40  65  89 
(Length: 3)  40  77  89 
(Length: 4)  40  63  74  93 
(Length: 4)  40  63  77  93 
(Length: 3)  40  72  77 
(Length: 3)  40  43  63 
(Length: 4)  40  63  74  78 
(Length: 4)  41  49  51  85 
(Length: 4)  41  45  57  94 
(Length: 4)  41  45  48  94 
(Length: 4)  41  47  58  85 
(Length: 4)  41  45  51  57 
(Length: 4)  41  54  88  92 
(Length: 4)  41  45  53  54 
(Length: 4)  41  54  75  88 
(Length: 4)  41  45  57  62 
(Length: 3)  41  75  90 
(Length: 4)  41  47  58  62 
(Length: 4)  41  58  85  92 
(Length: 4)  41  49  51  52 
(Length: 4)  41  58  90  92 
(Length: 4)  41  46  54  75 
(Length: 4)  41  58  67  90 
(Length: 4)  41  53  80  90 
(Length: 4)  41  58  67  94 
(Length: 4)  41  45  48  51 
(Length: 3)  41  49  59 
(Length: 4)  41  75  88  94 
(Length: 3)  41  47  52 
(Length: 4)  41  48  51  88 
(Length: 3)  41  62  88 
(Length: 4)  41  58  92  94 
(Length: 5)  41  48  88  92  94 
(Length: 3)  41  52  92 
(Length: 4)  42  70  92  94 
(Length: 4)  42  75  94  96 
(Length: 3)  42  44  80 
(Length: 4)  42  50  75  96 
(Length: 4)  42  47  70  91 
(Length: 4)  42  47  70  76 
(Length: 3)  42  68  91 
(Length: 3)  42  80  91 
(Length: 3)  42  64  68 
(Length: 4)  42  50  68  96 
(Length: 4)  42  54  75  96 
(Length: 3)  42  44  47 
(Length: 3)  42  54  92 
(Length: 4)  43  50  75  96 
(Length: 4)  43  48  50  68 
(Length: 3)  43  82  96 
(Length: 4)  43  50  63  96 
(Length: 3)  43  56  75 
(Length: 4)  43  50  58  68 
(Length: 4)  43  48  50  63 
(Length: 4)  43  63  71  96 
(Length: 3)  43  56  63 
(Length: 4)  43  50  68  96 
(Length: 4)  43  47  69  87 
(Length: 3)  43  56  82 
(Length: 4)  44  60  80  87 
(Length: 4)  44  60  73  80 
(Length: 4)  44  47  58  65 
(Length: 4)  44  58  62  82 
(Length: 4)  44  47  58  85 
(Length: 4)  44  47  62  87 
(Length: 4)  44  58  65  82 
(Length: 4)  44  58  60  85 
(Length: 4)  44  47  58  62 
(Length: 5)  44  47  61  69  87 
(Length: 4)  44  58  60  62 
(Length: 4)  44  60  85  97 
(Length: 4)  44  60  62  87 
(Length: 4)  44  58  82  85 
(Length: 4)  44  61  80  87 
(Length: 4)  44  58  60  65 
(Length: 4)  44  58  82  99 
(Length: 3)  44  87  99 
(Length: 4)  45  48  87  94 
(Length: 3)  45  62  91 
(Length: 4)  45  57  87  94 
(Length: 3)  45  54  66 
(Length: 4)  45  57  83  87 
(Length: 3)  45  54  83 
(Length: 4)  45  60  62  87 
(Length: 4)  45  57  62  87 
(Length: 4)  45  60  87  94 
(Length: 4)  47  50  55  74 
(Length: 3)  47  62  74 
(Length: 4)  47  69  74  86 
(Length: 3)  47  52  86 
(Length: 3)  47  62  91 
(Length: 4)  47  48  70  91 
(Length: 4)  47  65  89  98 
(Length: 4)  47  61  69  86 
(Length: 4)  47  48  70  87 
(Length: 4)  47  55  69  74 
(Length: 4)  47  65  70  98 
(Length: 3)  47  62  98 
(Length: 4)  47  52  70  76 
(Length: 4)  47  69  70  87 
(Length: 3)  47  61  66 
(Length: 3)  47  58  76 
(Length: 4)  47  48  85  91 
(Length: 5)  48  70  87  92  94 
(Length: 3)  48  50  95 
(Length: 4)  48  50  63  92 
(Length: 4)  48  63  85  92 
(Length: 4)  49  59  69  70 
(Length: 4)  49  51  65  70 
(Length: 4)  49  51  70  81 
(Length: 4)  49  59  65  70 
(Length: 4)  49  51  60  85 
(Length: 4)  49  51  52  70 
(Length: 4)  49  51  60  65 
(Length: 4)  49  59  60  65 
(Length: 3)  50  55  73 
(Length: 4)  50  68  73  93 
(Length: 4)  50  58  68  93 
(Length: 3)  50  58  92 
(Length: 4)  50  63  74  93 
(Length: 4)  50  75  95  96 
(Length: 3)  50  55  84 
(Length: 4)  50  68  79  93 
(Length: 4)  50  63  73  93 
(Length: 4)  51  65  70  98 
(Length: 3)  51  52  97 
(Length: 4)  51  60  73  89 
(Length: 4)  51  73  77  95 
(Length: 4)  51  70  81  98 
(Length: 4)  51  70  73  98 
(Length: 4)  51  70  73  95 
(Length: 4)  51  60  85  97 
(Length: 4)  51  73  89  98 
(Length: 3)  52  86  96 
(Length: 4)  52  70  76  92 
(Length: 3)  52  72  96 
(Length: 4)  53  61  69  86 
(Length: 4)  53  54  72  96 
(Length: 3)  53  84  86 
(Length: 4)  53  72  90  96 
(Length: 4)  53  60  80  90 
(Length: 3)  53  64  89 
(Length: 3)  53  64  68 
(Length: 3)  53  69  90 
(Length: 4)  54  75  83  88 
(Length: 4)  54  75  95  96 
(Length: 4)  54  83  88  92 
(Length: 4)  54  72  75  96 
(Length: 3)  55  84  97 
(Length: 4)  55  69  74  97 
(Length: 3)  56  62  82 
(Length: 3)  56  75  77 
(Length: 3)  56  63  92 
(Length: 4)  56  63  73  77 
(Length: 3)  56  67  91 
(Length: 3)  56  63  67 
(Length: 3)  56  62  63 
(Length: 3)  56  62  91 
(Length: 4)  57  67  74  97 
(Length: 4)  57  83  87  90 
(Length: 3)  58  82  93 
(Length: 4)  58  60  67  94 
(Length: 4)  58  60  67  90 
(Length: 4)  58  76  92  99 
(Length: 4)  58  60  65  90 
(Length: 4)  58  65  90  92 
(Length: 4)  58  60  65  94 
(Length: 4)  58  65  92  94 
(Length: 4)  58  90  92  99 
(Length: 4)  58  67  90  99 
(Length: 4)  59  60  65  90 
(Length: 3)  59  70  91 
(Length: 4)  59  69  70  87 
(Length: 4)  59  69  87  90 
(Length: 4)  59  60  87  90 
(Length: 4)  60  80  87  90 
(Length: 4)  60  75  78  97 
(Length: 3)  60  73  94 
(Length: 4)  60  75  87  94 
(Length: 4)  60  75  87  90 
(Length: 4)  60  65  78  94 
(Length: 4)  60  75  78  94 
(Length: 3)  61  86  93 
(Length: 3)  61  66  92 
(Length: 4)  61  63  78  80 
(Length: 4)  61  78  86  92 
(Length: 4)  61  63  78  92 
(Length: 3)  61  66  80 
(Length: 4)  61  69  87  92 
(Length: 4)  61  63  80  93 
(Length: 4)  61  69  86  92 
(Length: 3)  62  63  74 
(Length: 3)  62  74  88 
(Length: 3)  62  81  98 
(Length: 4)  63  74  78  80 
(Length: 4)  63  71  80  93 
(Length: 4)  63  73  80  93 
(Length: 4)  63  74  80  93 
(Length: 3)  63  77  96 
(Length: 3)  63  67  71 
(Length: 3)  63  67  74 
(Length: 5)  65  70  78  92  94 
(Length: 3)  66  92  94 
(Length: 3)  66  92  97 
(Length: 3)  67  91  99 
(Length: 4)  67  71  72  94 
(Length: 4)  69  83  92  97 
(Length: 4)  69  70  87  92 
(Length: 5)  69  83  87  90  92 
(Length: 3)  70  73  94 
(Length: 4)  70  78  84  92 
(Length: 4)  71  72  94  96 
(Length: 4)  72  75  90  96 
(Length: 4)  72  75  94  96 
(Length: 4)  72  75  77  96 
(Length: 4)  74  83  88  93 
(Length: 4)  75  83  88  93 
(Length: 4)  75  83  87  90 
(Length: 4)  78  84  92  97 
(Length: 3)  79  83  90 
(Length: 3)  79  90  99 
(Length: 4)  83  84  92  97 
(Length: 4)  87  90  92  99 
(Length: 3)  88  92  99 
...model cost: 0.96 seconds  45405 FFE
 (opt) 447.00000000 == 447.00000000 (sur)  OPTIMALITY TEST PASSED!
   BESTimpr 383.00000000 -> 433.00000000
*1*11*1***1**111*111**11*1**1*11***11****111*1*1111*1**11**1**1**11**1*1*1*1111***111*****1**1*111*1


****11**1***11*111111*****11***111**1****111****11*1*1**1*111*11*****111***1*1*1**1******1**11**1**1


**11*11****11***111***1****1**1**1*1*1111*111****1*1**1*11111*1**111111*1*11*11*1*****1111**111****1

   BESTimpr 433.00000000 -> 436.00000000
****1*111*1*1***1111**1**111***11*1*1**11*1111*1****1***111*1**1*******111111**1**1*1*1**1**111**111

