Walsh model started...
 71  76  32  26  56  40  62  39  15  9  72  91  12  60  86  77  49  80  2  81  92  34  17  47  66  11  90  31  4  57 
 26  74  61  24  2  80  18  31  88  57  46  41  42  11  63  75  51  86  68  82  59  98 
 72  39  19  82  96  73  89  86  48  51  4  55  1  80  50  94  70  20  0  35  97  8  56  68 
 6  87  93  67  66  76  17  72  44  64  27  49  13  16  8  33  92  60  70  78  47 
 8  72  73  88  2  55  12  32  48  5  51  96  44  17  78  50  30  29  64  62  9  11  18  54  47  6  86  0  57 
 57  88  92  20  95  10  51  4  43  97  48  63  81  23  30  29  67  21  80  6  89  56  76  96  42  78  28  52 
 3  87  56  9  88  16  19  64  41  67  98  42  74  43  97  89  5  94  33  86  4  65  10  92 
 13  42  81  32  28  68  54  16  40  14  22  93  19  29 
 90  94  4  72  53  61  43  66  34  74  50  64  24  46  17  3  12  30  56  2  75  29  83  35  96  80  38 
 70  85  47  62  56  6  0  15  32  44  76  30  64  50  79  94  16  65  4  35  82  97  21  37 
 45  14  95  5  15  57  56  31  12  55  51  71  99  89  27  73  85  87  68  6  92 
 86  81  14  80  12  59  1  42  90  0  4  18  77  47 
 90  56  73  4  0  60  79  53  45  24  11  59  39  13  10  31  62  40  57  30  8  38  49  42  43  94 
 7  42  17  73  46  15  62  50  28  33  86  94  67  44  25  68  61  39  12  27  31  36  21  53  49  3  98  93  83  23 
 47  48  45  10  7  40  11  80  39  26  63  98  56  88  70  81  68 
 46  13  57  10  44  78  0  9  43  28  76  32  18  77  39  81  27  25  90  21  30  17 
 77  66  70  76  27  48  81  37  88  6  7  54  40  60  32  9  65  46  57  3  58  43  68  41  42  74 
 13  73  63  53  99  84  85  93  3  72  0  34  78  4  50  8  27  96  95  38  20  30  15 
 97  86  50  77  51  27  1  31  73  15  87  42  22  11  4  84  94  44  47  49  89  25 
 90  27  82  2  93  84  92  87  6  64  56  63  77  66  20  26  41  76  74  61  29  7 
 22  89  95  50  92  5  25  27  98  75  26  21  80  2  35  48  55  40  19  33  71  17  38  32 
 80  45  58  26  36  69  20  70  72  51  38  53  39  13  66  47  40  5  9  15  90  52 
 89  20  52  92  87  74  44  25  42  48  77  18  88  65  46  99  71  43  64  47  93  7  69  94 
 76  34  81  5  30  25  49  48  72  56  32  83  13 
 50  92  48  37  61  1  26  45  12  58  66  91  97  8  46 
 32  41  36  88  20  27  61  91  28  44  22  13  74  83  57  84  15  90  98  39  62  95  23  49  78  81  89  18 
 0  32  61  72  74  1  58  21  36  27  20  29  81  24  48  50  37  62  14  39  90  40  19  69  52  57  35 
 90  19  20  25  16  48  84  64  18  51  66  47  26  36  83  43  29  44  13  15  3  10  89  17  55  38 
 95  47  51  70  90  85  33  13  25  91  43  15  7  68  75  38  29  60  50  69  73  30  55  93  64  71  77  78  5  67 
 63  57  52  74  69  98  27  90  26  81  51  28  70  53  48  64  58  4  67  5  75  8  19  7  38 
 51  62  47  61  9  76  93  77  68  60  28  5  23  50  4  12  8  53  15  17 
 60  61  79  57  1  18  78  96  71  75  10  12  76  13  36  34  48  62  0 
 81  7  0  26  37  40  25  41  80  72  61  15  76  9  44  54  16  4  48  58  38  50  56  23  35  94  20 
 28  13  70  93  78  72  97  36  20  71  3  92  49  57  6  94  65 
 94  58  63  84  85  95  41  66  8  74  70  92  0  17  76  23  81  31  48 
 54  80  59  53  43  67  65  45  20  2  94  60  97  96  81  90  9  82  83  8  57  26  37  32 
 70  98  47  40  88  25  26  27  69  21  97  33  83  79  89  72  82  60  13  31  81  57  39  86  90  96  74 
 32  40  24  48  81  16  49  41  26  62  68  87  76  47  9  35 
 86  97  90  87  75  28  58  32  21  51  62  47  95  48  81  63  89  12  49  42  17  20  55  27  8  29 
 2  72  90  57  80  52  43  46  62  0  49  15  81  14  26  53  21  12  13  98  25  55  97  69  70  36  86 
 32  37  47  36  0  56  16  60  66  79  7  14  55  20  90  26  12  57  21  70  98  69  91  95  94 
 70  85  25  32  6  87  66  34  49  37  46  1  48  84  76  19  16  68  53  93  65  57  63 
 7  13  79  51  54  84  45  88  70  22  48  94  98  86  90  6  56  87  18  92  1  11  81  96  91  43  12  38  5  80  74  16 
 46  88  39  35  67  66  8  15  28  83  27  94  68  79  97  5  49  74  6  59  71  22  58  16  81  42  12  78  77  57 
 15  78  25  22  9  32  13  93  3  96  4  59  80  55  27  83  57  82  18  86 
 80  21  14  10  99  53  42  84  75  89  65  35  24  12  56  79  77  74  48  58  95  52 
 13  15  43  88  39  1  41  22  99  16  57  8  24  86  87 
 9  62  14  48  95  28  36  40  82  92  65  75  66  27  30  61  85  96  87  38  76  37  69  99  21  56  0  64  22  77  11  88  3  78  18  49  54  4  74  67 
 47  14  51  2  27  16  24  37  85  4  32  67  74  64  26  22  42  29  20  5  38  81  41  84  31  34  75  45  23  72  68 
 74  51  63  71  37  41  0  39  81  52  67  43  3  13  57  33  38  12  23  25  47  18 
 24  92  95  20  62  13  18  77  61  75  80  65  2  94  53  26  32  9  64  60  28  8  93  17  68  98  4  30 
 83  78  79  42  74  49  28  70  48  2  18  27  30  62  29  73  5  4  21  38  92  55  10  85  1  86  68 
 22  92  80  39  75  87  29  74  81  49  94  69  26  5  21  95  45  97 
 81  57  99  45  17  63  61  8  59  35  50  95  70  29  79  12  39  21  72  13  86  91  65  30  68  78  97  41  93 
 94  64  42  84  91  88  80  35  7  16  32  65  68  75  47  4 
 2  4  56  61  44  80  20  40  51  10  70  28  90  39  73  66  63  27  38 
 9  6  0  40  90  12  89  59  42  55  61  45  10  88  14  63  19  47  92  74  68  5  8  2  32  23  87  95 
 5  88  81  53  90  39  63  29  31  79  15  10  84  67  64  86  71  97  1  25  36  16  46  40  12  87  93  44  82  49  33  77  43  65  41  26  35  83  4  0 
 94  34  77  79  21  26  67  76  32  38  62  24  66  29  64  43  16  91  74  45 
 53  35  89  56  94  71  11  12  72  44  80  66  43  92  70  98  1 
 61  31  16  40  12  0  35  94  96  78  28  50  36  82  68  30  62  3  70 
 60  31  72  26  53  8  25  32  50  75  24  1  47  30  69  89  68  13  55  56  19  74 
 47  9  13  50  30  51  0  39  67  66  71  26  37  58  38  12  60  4  25  95  70  81  91  31 
 29  57  17  53  98  64  77  78  49  71  84  34  86  14  56  19  5  81  1  75  38  89  76  82  55  90  41  68 
 54  94  63  98  84  27  19  6  57  86  67  48  87  89  9  50  8  29  58  3  4  22  47  28  69 
 98  86  75  47  50  80  35  45  16  9  88  22  77  54  68  53  41  57  33  6 
 16  77  27  47  43  8  41  34  3  76  62  71  40  79  94  59  19  58  24  21  0  73  55 
 93  3  43  35  76  58  84  57  13  62  98  6  74  48  64  49  72  29  5  47  28 
 7  28  43  79  61  13  77  91  60  30  37  87  88  14  98  50  54  65  56  74  53  51  1  16  41  48  2  10  63 
 36  21  97  74  29  98  89  61  28  73  47  99  40  26  52  64  39  70  88  94  22 
 36  98  85  9  41  51  28  16  76  82  2  33  93  88  42  29  53  72  21  34  92  14  81  59  55  40  83  62  39  69  3  60 
 0  76  63  49  66  62  57  97  94  59  75  31  10  99  90  73  22  43  33  20  28  77 
 2  39  8  4  61  26  80  32  0  91  33  78  17  3  70  21  59  53  89  36  74  67  48  23 
 17  13  4  88  96  2  12  18  51  91  28  69  71  90  85  10  55  66  77  80 
 49  51  91  94  87  22  26  1  29  52  97  69  8  34  67  48  83  25  43  6  72  77  45  56  68  92  81  42  16  19  61  58  96  36  47 
 87  52  61  50  65  47  89  45  20  98  38  28  71  31  82  86  1  63  54  80  8  29  48 
 0  71  70  16  15  32  67  58  66  3  9  30  78  31  23  34  47  37  41  19  5  96  82  63 
 79  58  16  66  63  78  18  50  86  0  89  99  15  30  93  68  91  22  19  65  45  74  71  28  11  47  43  57  73  80 
 83  51  63  77  15  44  33  72  96  31  60  76  17  4  99  89  3  47  97  53  5  28  43  81  25 
 51  42  77  58  31  57  66  40  36  83  43  68  53  12  9  94  80  45 
 45  21  72  32  54  35  52  39  50  65  2  1  20  0  11  14  44  59  55  79  75  5  42  96  8  73  77 
 32  7  57  53  16  37  11  86  26  29  52  49  0  92  39  15  94  38  48  70  14  63  5  36  23  34  35  43  42  96  74  62  78  25 
 19  2  93  47  92  84  70  36  60  86  75  57  44  35  9  1  76  63 
 51  78  43  27  95  85  36  79  74  25  44  92  70  35  8  13  23  57 
 54  42  99  17  64  27  63  34  45  19  82  57  67  25  41  48  18  94 
 70  9  41  90  28  34  95  93  17  83  96  97  47  48  92  51  73  10 
 97  18  38  98  65  89  2  94  13  11  81  64  57  77  0  90  42  63  82  75  53  91  51  1  39  36  44  6  4  46  87 
 6  3  74  22  75  52  38  90  92  19  41  64  89  96  47  42  18  68  37  93  57  91  10  86  46  56  95 
 5  57  73  4  43  46  91  54  36  25  16  6  70  42  1  56  14  65  22  68  69  47 
 22  20  86  2  75  45  77  99  69  61  59  56  87  64  36  72  97  6  10  27  5  38  63  78  18  25 
 39  57  94  8  27  19  28  85  38  87  12  56  29  86  42  15  25  40  26  55  71  73  35  11  0  21  36  63 
 74  94  88  54  25  28  0  72  73  68  77  53  86  24  97  42  87  58  62  95  40 
 24  50  52  22  5  20  82  47  19  87  0  81  70  34  51  42  56  59  85  83  74  3  33  6  10 
 67  3  19  82  85  17  33  70  44  30  77  87  57  50  13  28  22  7  53  41 
 58  34  90  8  54  64  91  74  86  13  2  50  43  66  42  98  9  79  35  60  59  71  81  52  6  33  84  18  69  22  32  12  40 
 47  28  50  20  5  10  85  34  83  53  38  62  25  91  40  17  96  52  45  97  56  87 
 73  2  97  85  87  47  35  78  31  60  4  44  42  81  5  76  17  95  74  36  8  80 
 86  18  38  69  74  96  85  71  57  33  36  43  5  35  89  6  91  24  2  39  9  78  53  52  95 
 70  36  86  65  63  64  20  75  29  69  67  6  94  42  14  39  25  68  50  13  40  59  1 
 53  45  17  84  89  77  46  22  47  69  71  10  78 
-->CDecomWalshPart::vInitTrueLinkage-->GLBs: 1213
(Length: 4)  0  2  4  72 
(Length: 4)  0  4  57  86 
(Length: 4)  0  31  62  71 
(Length: 4)  0  4  9  32 
(Length: 4)  0  4  11  12 
(Length: 4)  0  4  17  72 
(Length: 3)  0  62  91 
(Length: 4)  0  26  32  40 
(Length: 5)  0  2  39  72  80 
(Length: 4)  0  31  34  76 
(Length: 3)  0  2  56 
(Length: 4)  0  15  32  81 
(Length: 4)  0  2  4  86 
(Length: 5)  0  12  31  60  62 
(Length: 3)  0  72  91 
(Length: 4)  0  34  66  76 
(Length: 4)  0  34  81  92 
(Length: 4)  0  31  57  71 
(Length: 4)  0  47  66  76 
(Length: 4)  0  57  77  86 
(Length: 4)  0  9  47  56 
(Length: 4)  0  15  57  77 
(Length: 4)  0  11  86  90 
(Length: 5)  0  4  9  47  62 
(Length: 5)  0  15  39  57  90 
(Length: 4)  0  11  77  86 
(Length: 4)  0  66  71  77 
(Length: 4)  0  11  47  77 
(Length: 4)  0  77  86  91 
(Length: 4)  0  62  66  71 
(Length: 4)  0  31  71  76 
(Length: 4)  0  66  71  76 
(Length: 5)  0  26  39  57  81 
(Length: 4)  0  40  47  56 
(Length: 4)  0  32  40  56 
(Length: 5)  0  26  40  57  90 
(Length: 4)  0  47  62  66 
(Length: 4)  0  26  32  72 
(Length: 4)  0  26  32  81 
(Length: 3)  0  40  91 
(Length: 4)  0  9  47  76 
(Length: 5)  0  9  15  32  76 
(Length: 4)  0  12  40  60 
(Length: 5)  0  39  57  86  90 
(Length: 5)  0  12  40  57  90 
(Length: 5)  0  15  39  57  81 
(Length: 4)  0  2  39  86 
(Length: 3)  0  47  49 
(Length: 5)  0  12  39  57  90 
(Length: 4)  0  32  72  80 
(Length: 4)  0  9  32  56 
(Length: 4)  0  4  32  72 
(Length: 4)  0  49  57  71 
(Length: 4)  0  12  39  62 
(Length: 4)  0  47  56  92 
(Length: 4)  0  40  47  66 
(Length: 5)  0  39  49  57  81 
(Length: 4)  0  12  31  57 
(Length: 5)  0  12  39  49  57 
(Length: 5)  0  12  40  56  90 
(Length: 4)  0  57  71  90 
(Length: 4)  0  4  11  47 
(Length: 4)  0  4  12  57 
(Length: 5)  0  26  39  57  90 
(Length: 4)  0  4  12  62 
(Length: 4)  0  57  71  77 
(Length: 4)  0  11  77  80 
(Length: 4)  0  11  81  86 
(Length: 4)  0  4  11  86 
(Length: 4)  0  11  12  90 
(Length: 5)  0  39  57  81  86 
(Length: 4)  0  26  39  72 
(Length: 5)  0  26  39  62  81 
(Length: 3)  0  15  17 
(Length: 4)  0  47  66  77 
(Length: 3)  0  17  34 
(Length: 5)  1  18  42  51  86 
(Length: 4)  1  42  51  74 
(Length: 3)  1  59  98 
(Length: 5)  1  11  18  42  86 
(Length: 4)  1  41  57  63 
(Length: 4)  1  61  68  74 
(Length: 4)  1  46  57  86 
(Length: 3)  1  75  80 
(Length: 5)  1  63  75  86  98 
(Length: 5)  1  57  63  82  86 
(Length: 4)  1  11  59  80 
(Length: 4)  1  46  57  88 
(Length: 3)  1  31  57 
(Length: 4)  1  11  42  80 
(Length: 3)  1  18  31 
(Length: 5)  1  63  75  82  86 
(Length: 4)  1  2  51  68 
(Length: 3)  1  68  88 
(Length: 3)  1  24  46 
(Length: 4)  1  2  82  86 
(Length: 4)  1  2  51  86 
(Length: 4)  1  26  61  74 
(Length: 4)  1  41  46  57 
(Length: 3)  1  26  57 
(Length: 4)  1  24  26  61 
(Length: 4)  1  31  61  75 
(Length: 4)  1  63  68  98 
(Length: 4)  1  42  86  98 
(Length: 3)  1  2  80 
(Length: 3)  1  42  88 
(Length: 4)  1  51  68  74 
(Length: 4)  1  41  63  68 
(Length: 4)  2  4  48  51 
(Length: 3)  2  72  89 
(Length: 5)  2  8  35  80  96 
(Length: 3)  2  8  56 
(Length: 3)  2  50  68 
(Length: 4)  2  4  8  72 
(Length: 4)  2  8  50  80 
(Length: 4)  2  8  50  94 
(Length: 4)  2  4  8  96 
(Length: 4)  2  51  55  70 
(Length: 4)  2  8  72  80 
(Length: 4)  2  4  73  96 
(Length: 4)  2  20  50  80 
(Length: 4)  2  73  80  96 
(Length: 4)  2  20  35  80 
(Length: 3)  2  20  48 
(Length: 4)  2  20  55  80 
(Length: 4)  2  86  89  97 
(Length: 3)  2  19  82 
(Length: 3)  2  20  89 
(Length: 4)  2  48  51  68 
(Length: 4)  2  4  48  72 
(Length: 4)  2  4  51  86 
(Length: 3)  2  19  56 
(Length: 3)  2  55  56 
(Length: 3)  2  56  68 
(Length: 3)  2  56  89 
(Length: 4)  2  55  73  80 
(Length: 4)  2  39  55  70 
(Length: 4)  2  35  96  97 
(Length: 4)  2  8  35  94 
(Length: 3)  2  86  94 
(Length: 3)  2  70  82 
(Length: 4)  2  39  70  72 
(Length: 4)  2  39  55  80 
(Length: 3)  2  35  82 
(Length: 4)  2  39  86  97 
(Length: 4)  2  4  8  50 
(Length: 3)  2  19  20 
(Length: 5)  2  4  51  55  73 
(Length: 4)  3  6  64  87 
(Length: 4)  3  6  33  92 
(Length: 4)  3  13  17  93 
(Length: 3)  3  6  16 
(Length: 4)  3  13  33  49 
(Length: 3)  3  87  93 
(Length: 4)  3  33  72  78 
(Length: 4)  3  16  60  70 
(Length: 4)  3  13  49  67 
(Length: 4)  3  6  87  92 
(Length: 4)  3  17  72  78 
(Length: 4)  3  8  17  72 
(Length: 4)  3  27  47  64 
(Length: 3)  3  44  78 
(Length: 4)  3  13  33  93 
(Length: 3)  3  8  66 
(Length: 4)  3  33  70  92 
(Length: 3)  3  60  78 
(Length: 4)  3  16  70  76 
(Length: 4)  3  16  27  66 
(Length: 4)  3  47  64  67 
(Length: 4)  3  47  49  67 
(Length: 4)  3  33  70  72 
(Length: 3)  3  67  72 
(Length: 3)  3  8  64 
(Length: 4)  3  47  76  78 
(Length: 4)  3  47  87  92 
(Length: 4)  3  27  47  66 
(Length: 4)  3  47  64  87 
(Length: 4)  3  13  67  93 
(Length: 4)  3  47  67  76 
(Length: 4)  3  47  66  76 
(Length: 4)  3  13  17  27 
(Length: 4)  3  6  64  67 
(Length: 4)  3  16  66  76 
(Length: 4)  3  33  70  93 
(Length: 4)  3  13  27  44 
(Length: 4)  3  13  44  93 
(Length: 4)  4  11  18  86 
(Length: 4)  4  5  29  57 
(Length: 4)  4  29  48  64 
(Length: 4)  4  6  64  86 
(Length: 4)  4  5  51  78 
(Length: 4)  4  30  51  62 
(Length: 4)  4  12  30  62 
(Length: 5)  4  9  30  50  62 
(Length: 4)  4  8  17  72 
(Length: 4)  4  8  17  96 
(Length: 4)  4  9  47  64 
(Length: 4)  4  9  50  64 
(Length: 4)  4  18  44  86 
(Length: 4)  4  5  6  88 
(Length: 4)  4  6  9  64 
(Length: 5)  4  5  29  48  51 
(Length: 4)  4  5  30  51 
(Length: 4)  4  5  78  96 
(Length: 4)  4  8  12  30 
(Length: 5)  4  8  17  30  50 
(Length: 4)  4  8  29  64 
(Length: 4)  4  8  50  64 
(Length: 5)  4  9  30  47  62 
(Length: 4)  4  9  32  44 
(Length: 4)  4  32  48  72 
(Length: 4)  4  9  32  50 
(Length: 4)  4  57  64  86 
(Length: 3)  4  32  54 
(Length: 4)  4  11  18  47 
(Length: 3)  4  12  73 
(Length: 4)  4  17  73  96 
(Length: 4)  4  17  72  78 
(Length: 4)  4  47  54  88 
(Length: 4)  4  18  51  86 
(Length: 4)  4  18  51  73 
(Length: 4)  4  47  48  64 
(Length: 4)  4  47  54  64 
(Length: 4)  4  47  78  96 
(Length: 3)  4  18  50 
(Length: 3)  4  44  55 
(Length: 4)  4  44  57  86 
(Length: 4)  4  29  57  64 
(Length: 4)  4  17  78  96 
(Length: 3)  4  73  88 
(Length: 4)  4  44  78  96 
(Length: 4)  4  5  57  88 
(Length: 4)  5  78  96  97 
(Length: 3)  5  10  57 
(Length: 4)  5  29  48  81 
(Length: 4)  5  56  63  89 
(Length: 4)  5  42  48  81 
(Length: 4)  5  43  57  67 
(Length: 4)  5  42  81  92 
(Length: 4)  5  63  78  89 
(Length: 4)  5  6  89  97 
(Length: 4)  5  76  78  96 
(Length: 4)  5  42  48  51 
(Length: 4)  5  6  43  67 
(Length: 4)  5  28  43  67 
(Length: 4)  5  42  43  81 
(Length: 4)  5  52  81  92 
(Length: 4)  5  20  21  80 
(Length: 4)  5  6  43  97 
(Length: 4)  5  23  30  76 
(Length: 4)  5  28  29  51 
(Length: 3)  5  67  76 
(Length: 5)  5  6  42  56  88 
(Length: 4)  5  42  51  92 
(Length: 4)  5  78  81  96 
(Length: 4)  5  95  96  97 
(Length: 5)  5  6  42  43  88 
(Length: 4)  5  52  95  97 
(Length: 5)  5  6  10  56  92 
(Length: 4)  5  29  57  67 
(Length: 5)  5  6  42  56  92 
(Length: 4)  5  63  78  81 
(Length: 4)  5  78  89  97 
(Length: 4)  5  42  81  96 
(Length: 4)  5  10  56  95 
(Length: 4)  5  43  57  97 
(Length: 4)  5  43  78  97 
(Length: 4)  5  28  43  78 
(Length: 5)  5  6  10  56  89 
(Length: 4)  5  43  57  81 
(Length: 3)  5  20  48 
(Length: 3)  5  21  51 
(Length: 4)  5  21  52  80 
(Length: 3)  5  20  89 
(Length: 3)  5  20  92 
(Length: 3)  5  20  95 
(Length: 4)  5  43  57  88 
(Length: 4)  5  42  80  96 
(Length: 4)  5  23  48  81 
(Length: 3)  5  23  56 
(Length: 4)  5  63  76  78 
(Length: 4)  5  28  30  51 
(Length: 4)  5  29  52  81 
(Length: 5)  5  29  57  63  81 
(Length: 4)  5  28  29  67 
(Length: 4)  5  43  78  81 
(Length: 4)  5  28  51  78 
(Length: 3)  5  28  95 
(Length: 4)  5  29  48  67 
(Length: 4)  5  10  51  92 
(Length: 4)  6  9  64  94 
(Length: 4)  6  19  64  87 
(Length: 4)  6  16  41  65 
(Length: 3)  6  33  65 
(Length: 4)  6  43  67  74 
(Length: 3)  6  33  94 
(Length: 3)  6  33  97 
(Length: 5)  6  16  42  43  74 
(Length: 4)  6  42  86  87 
(Length: 4)  6  65  86  98 
(Length: 4)  6  43  74  97 
(Length: 5)  6  64  86  94  98 
(Length: 5)  6  42  43  74  94 
(Length: 6)  6  42  56  74  87  92 
(Length: 6)  6  19  56  74  87  92 
(Length: 5)  6  42  86  94  98 
(Length: 5)  6  10  56  87  89 
(Length: 4)  6  9  16  65 
(Length: 4)  6  64  67  98 
(Length: 4)  6  86  89  97 
(Length: 5)  6  10  56  87  92 
(Length: 5)  6  64  86  87  89 
(Length: 4)  6  16  65  88 
(Length: 3)  6  9  97 
(Length: 3)  6  9  56 
(Length: 4)  6  19  41  87 
(Length: 5)  6  16  42  43  88 
(Length: 4)  7  16  32  54 
(Length: 4)  7  13  28  93 
(Length: 3)  7  19  29 
(Length: 4)  7  13  28  68 
(Length: 3)  7  19  93 
(Length: 3)  7  14  40 
(Length: 3)  7  14  81 
(Length: 3)  7  22  93 
(Length: 4)  7  16  54  68 
(Length: 4)  7  16  32  40 
(Length: 3)  7  22  42 
(Length: 3)  7  14  68 
(Length: 3)  7  29  81 
(Length: 3)  7  13  42 
(Length: 3)  7  28  29 
(Length: 4)  7  16  32  81 
(Length: 4)  7  16  42  54 
(Length: 4)  7  16  42  81 
(Length: 5)  8  30  50  53  61 
(Length: 3)  8  17  34 
(Length: 3)  8  74  96 
(Length: 3)  8  17  38 
(Length: 4)  8  43  66  94 
(Length: 3)  8  12  24 
(Length: 4)  8  12  38  90 
(Length: 4)  8  12  43  94 
(Length: 4)  8  50  61  75 
(Length: 4)  8  12  30  53 
(Length: 4)  8  12  56  90 
(Length: 5)  8  17  30  50  53 
(Length: 4)  8  29  38  75 
(Length: 4)  8  12  90  94 
(Length: 4)  8  35  43  83 
(Length: 3)  8  35  53 
(Length: 3)  8  24  46 
(Length: 4)  8  56  61  74 
(Length: 4)  8  35  90  94 
(Length: 3)  8  43  46 
(Length: 3)  8  24  66 
(Length: 4)  8  34  66  94 
(Length: 4)  8  50  64  94 
(Length: 4)  8  17  53  72 
(Length: 4)  8  50  75  80 
(Length: 4)  8  43  74  83 
(Length: 4)  8  34  74  94 
(Length: 4)  8  35  43  94 
(Length: 4)  8  61  72  74 
(Length: 4)  8  53  61  72 
(Length: 4)  8  43  74  94 
(Length: 4)  8  29  38  90 
(Length: 4)  8  24  50  61 
(Length: 3)  8  29  74 
(Length: 3)  8  29  53 
(Length: 3)  9  85  97 
(Length: 4)  9  50  64  94 
(Length: 4)  9  47  76  82 
(Length: 3)  9  47  65 
(Length: 3)  9  62  70 
(Length: 4)  9  30  47  76 
(Length: 3)  9  47  85 
(Length: 4)  9  37  47  62 
(Length: 3)  9  35  65 
(Length: 5)  9  16  32  37  76 
(Length: 3)  9  35  82 
(Length: 4)  9  32  35  94 
(Length: 3)  9  35  97 
(Length: 3)  9  44  82 
(Length: 3)  9  21  47 
(Length: 3)  9  50  65 
(Length: 4)  9  32  50  94 
(Length: 4)  9  32  35  37 
(Length: 3)  9  79  94 
(Length: 4)  9  16  70  76 
(Length: 4)  9  37  47  76 
(Length: 3)  9  70  85 
(Length: 4)  9  70  76  82 
(Length: 3)  9  21  70 
(Length: 3)  9  15  21 
(Length: 4)  9  15  30  76 
(Length: 4)  9  15  32  44 
(Length: 3)  10  12  73 
(Length: 4)  10  12  31  57 
(Length: 4)  10  51  73  85 
(Length: 4)  10  12  45  56 
(Length: 4)  10  51  55  73 
(Length: 4)  10  51  85  92 
(Length: 4)  10  56  87  95 
(Length: 3)  10  15  57 
(Length: 4)  10  31  57  71 
(Length: 3)  10  71  73 
(Length: 4)  10  14  56  68 
(Length: 4)  10  14  45  56 
(Length: 4)  10  45  89  99 
(Length: 4)  10  27  51  55 
(Length: 4)  10  56  68  87 
(Length: 3)  10  27  89 
(Length: 3)  10  51  68 
(Length: 3)  10  15  27 
(Length: 3)  10  57  87 
(Length: 3)  10  85  95 
(Length: 4)  10  45  56  95 
(Length: 3)  10  55  56 
(Length: 3)  10  71  99 
(Length: 4)  10  45  56  89 
(Length: 4)  11  18  77  86 
(Length: 4)  11  42  86  90 
(Length: 3)  11  14  80 
(Length: 4)  11  42  81  86 
(Length: 4)  11  18  47  77 
(Length: 3)  11  14  81 
(Length: 3)  11  14  47 
(Length: 4)  11  12  42  90 
(Length: 3)  11  12  59 
(Length: 3)  12  38  49 
(Length: 4)  12  43  59  94 
(Length: 4)  12  42  90  94 
(Length: 4)  12  40  60  94 
(Length: 4)  12  31  57  79 
(Length: 3)  12  13  73 
(Length: 4)  12  39  53  57 
(Length: 4)  12  30  60  62 
(Length: 4)  12  13  42  94 
(Length: 4)  12  13  31  62 
(Length: 4)  12  13  39  49 
(Length: 4)  12  42  45  79 
(Length: 4)  12  40  79  94 
(Length: 3)  12  73  90 
(Length: 5)  12  42  43  79  94 
(Length: 4)  12  13  39  62 
(Length: 4)  12  42  56  90 
(Length: 3)  12  38  62 
(Length: 3)  12  24  45 
(Length: 4)  12  40  57  79 
(Length: 4)  12  53  57  79 
(Length: 4)  12  45  53  79 
(Length: 5)  12  39  43  49  57 
(Length: 4)  12  43  57  79 
(Length: 3)  12  53  59 
(Length: 3)  12  56  59 
(Length: 4)  12  13  39  53 
(Length: 4)  12  40  90  94 
(Length: 4)  12  38  42  90 
(Length: 4)  12  42  45  56 
(Length: 4)  13  23  25  49 
(Length: 4)  13  25  39  62 
(Length: 4)  13  23  25  83 
(Length: 3)  13  25  61 
(Length: 3)  13  33  94 
(Length: 5)  13  50  53  61  68 
(Length: 3)  13  50  62 
(Length: 3)  13  67  98 
(Length: 5)  13  36  39  86  98 
(Length: 3)  13  33  36 
(Length: 4)  13  15  39  46 
(Length: 4)  13  21  39  53 
(Length: 4)  13  15  25  28 
(Length: 5)  13  17  50  53  93 
(Length: 4)  13  25  39  49 
(Length: 4)  13  15  17  27 
(Length: 3)  13  28  73 
(Length: 4)  13  28  67  93 
(Length: 4)  13  28  50  68 
(Length: 4)  13  28  33  93 
(Length: 4)  13  50  94  98 
(Length: 5)  13  25  27  36  83 
(Length: 4)  13  15  25  39 
(Length: 5)  13  25  27  44  83 
(Length: 4)  13  21  36  39 
(Length: 5)  13  25  36  39  98 
(Length: 4)  13  39  46  86 
(Length: 4)  13  39  53  86 
(Length: 4)  13  15  21  39 
(Length: 3)  13  17  73 
(Length: 5)  13  42  86  94  98 
(Length: 5)  13  15  25  27  44 
(Length: 3)  13  62  67 
(Length: 3)  13  31  61 
(Length: 4)  13  50  68  98 
(Length: 3)  13  31  36 
(Length: 3)  13  44  86 
(Length: 4)  13  28  50  93 
(Length: 4)  14  26  48  81 
(Length: 4)  14  26  39  81 
(Length: 4)  14  39  70  98 
(Length: 3)  14  45  80 
(Length: 3)  14  26  40 
(Length: 3)  14  63  81 
(Length: 4)  14  56  63  68 
(Length: 4)  14  47  56  88 
(Length: 3)  14  47  48 
(Length: 4)  14  39  70  81 
(Length: 4)  14  40  70  98 
(Length: 3)  14  39  80 
(Length: 3)  14  48  68 
(Length: 4)  14  40  47  56 
(Length: 3)  14  70  88 
(Length: 4)  14  56  68  88 
(Length: 4)  14  63  68  98 
(Length: 3)  14  45  48 
(Length: 4)  15  25  44  57 
(Length: 3)  15  76  78 
(Length: 5)  15  25  39  57  90 
(Length: 3)  15  17  78 
(Length: 3)  15  17  30 
(Length: 4)  15  21  39  90 
(Length: 4)  15  25  28  78 
(Length: 4)  15  25  78  81 
(Length: 4)  15  25  28  90 
(Length: 3)  15  27  43 
(Length: 4)  15  25  32  81 
(Length: 4)  15  25  32  44 
(Length: 4)  15  43  57  77 
(Length: 5)  15  28  43  77  78 
(Length: 5)  15  18  25  27  44 
(Length: 5)  15  39  43  57  81 
(Length: 4)  15  25  27  90 
(Length: 5)  15  25  39  57  81 
(Length: 4)  15  25  44  78 
(Length: 5)  15  39  43  46  57 
(Length: 4)  15  28  30  77 
(Length: 3)  15  18  77 
(Length: 4)  15  43  78  81 
(Length: 4)  16  41  65  68 
(Length: 4)  16  41  66  76 
(Length: 4)  16  41  57  65 
(Length: 4)  16  43  57  77 
(Length: 5)  16  43  58  74  77 
(Length: 4)  16  58  66  76 
(Length: 5)  16  42  43  74  81 
(Length: 4)  16  43  57  81 
(Length: 5)  16  43  58  66  77 
(Length: 5)  16  32  37  41  48 
(Length: 4)  16  43  68  88 
(Length: 4)  16  32  37  40 
(Length: 5)  16  32  37  41  76 
(Length: 4)  16  32  58  76 
(Length: 3)  16  27  48 
(Length: 5)  16  37  41  48  68 
(Length: 5)  16  32  37  48  81 
(Length: 5)  16  42  48  74  81 
(Length: 5)  16  43  46  57  88 
(Length: 4)  16  48  68  74 
(Length: 4)  16  27  43  66 
(Length: 4)  16  65  68  77 
(Length: 4)  16  42  70  88 
(Length: 3)  16  60  68 
(Length: 4)  16  57  65  77 
(Length: 4)  16  41  46  57 
(Length: 4)  16  57  65  88 
(Length: 4)  16  42  54  88 
(Length: 4)  16  41  70  76 
(Length: 5)  16  43  68  74  77 
(Length: 5)  16  54  65  68  88 
(Length: 3)  16  40  57 
(Length: 4)  16  42  70  81 
(Length: 4)  16  40  60  70 
(Length: 3)  16  40  66 
(Length: 4)  17  50  53  95 
(Length: 4)  17  85  95  96 
(Length: 4)  17  53  63  78 
(Length: 4)  17  53  78  99 
(Length: 4)  17  20  50  95 
(Length: 3)  17  38  63 
(Length: 4)  17  20  38  95 
(Length: 3)  17  27  84 
(Length: 4)  17  34  63  84 
(Length: 4)  17  34  85  95 
(Length: 3)  17  85  93 
(Length: 4)  17  53  72  78 
(Length: 4)  17  73  85  96 
(Length: 3)  17  84  99 
(Length: 4)  17  20  27  38 
(Length: 5)  17  30  50  53  93 
(Length: 4)  18  22  47  77 
(Length: 4)  18  25  27  84 
(Length: 3)  18  47  49 
(Length: 3)  18  27  51 
(Length: 3)  18  25  49 
(Length: 3)  18  27  47 
(Length: 4)  18  22  47  87 
(Length: 4)  18  42  84  94 
(Length: 4)  18  86  87  89 
(Length: 4)  18  86  89  97 
(Length: 4)  18  22  42  94 
(Length: 4)  18  22  25  89 
(Length: 4)  18  22  87  89 
(Length: 4)  18  22  25  44 
(Length: 4)  18  77  86  89 
(Length: 4)  18  22  77  89 
(Length: 3)  18  73  77 
(Length: 4)  18  42  86  94 
(Length: 4)  18  25  27  89 
(Length: 3)  18  50  77 
(Length: 3)  18  49  51 
(Length: 4)  18  42  86  87 
(Length: 3)  18  50  94 
(Length: 4)  18  22  42  87 
(Length: 4)  19  63  76  82 
(Length: 4)  19  41  63  84 
(Length: 3)  19  20  92 
(Length: 3)  19  82  93 
(Length: 3)  19  82  92 
(Length: 4)  19  63  82  84 
(Length: 3)  19  77  93 
(Length: 5)  19  26  27  29  90 
(Length: 4)  19  26  29  74 
(Length: 4)  19  56  61  74 
(Length: 4)  19  27  29  64 
(Length: 4)  19  29  63  64 
(Length: 4)  19  41  66  76 
(Length: 4)  19  27  64  84 
(Length: 4)  19  41  87  93 
(Length: 3)  19  66  77 
(Length: 3)  19  74  77 
(Length: 4)  19  20  26  27 
(Length: 4)  19  56  63  90 
(Length: 4)  19  26  61  74 
(Length: 4)  19  29  63  90 
(Length: 3)  19  63  77 
(Length: 4)  19  63  64  84 
(Length: 4)  19  56  87  90 
(Length: 3)  19  27  66 
(Length: 4)  19  41  63  76 
(Length: 3)  20  40  98 
(Length: 3)  20  25  95 
(Length: 4)  20  50  75  98 
(Length: 4)  20  32  50  80 
(Length: 3)  20  25  98 
(Length: 4)  20  38  75  89 
(Length: 3)  20  50  92 
(Length: 4)  20  32  38  48 
(Length: 3)  20  22  71 
(Length: 4)  20  26  32  35 
(Length: 4)  20  21  26  40 
(Length: 3)  20  21  38 
(Length: 4)  20  25  27  89 
(Length: 4)  20  50  75  80 
(Length: 3)  20  33  92 
(Length: 3)  20  25  32 
(Length: 4)  20  38  48  75 
(Length: 4)  20  22  25  89 
(Length: 4)  20  27  38  48 
(Length: 4)  20  27  38  55 
(Length: 4)  20  27  38  89 
(Length: 4)  20  26  27  48 
(Length: 3)  20  22  48 
(Length: 3)  20  40  55 
(Length: 3)  20  33  71 
(Length: 3)  20  71  75 
(Length: 4)  20  26  32  40 
(Length: 4)  20  26  32  48 
(Length: 4)  20  26  32  50 
(Length: 4)  20  32  35  80 
(Length: 3)  20  22  92 
(Length: 3)  20  40  95 
(Length: 3)  21  38  58 
(Length: 5)  21  36  40  47  69 
(Length: 5)  21  26  36  39  69 
(Length: 3)  21  51  70 
(Length: 5)  21  36  40  69  70 
(Length: 5)  21  26  36  40  90 
(Length: 4)  21  39  52  80 
(Length: 5)  21  39  53  70  72 
(Length: 3)  21  38  51 
(Length: 3)  21  26  58 
(Length: 5)  21  26  36  39  72 
(Length: 4)  21  40  47  66 
(Length: 4)  21  39  72  80 
(Length: 5)  21  36  39  70  72 
(Length: 3)  21  45  58 
(Length: 3)  21  38  47 
(Length: 5)  21  36  39  69  70 
(Length: 3)  21  45  53 
(Length: 5)  21  26  39  52  69 
(Length: 3)  21  58  66 
(Length: 5)  21  26  36  39  90 
(Length: 4)  21  45  52  80 
(Length: 5)  21  26  36  40  69 
(Length: 3)  21  38  90 
(Length: 5)  22  52  74  87  92 
(Length: 4)  22  47  74  77 
(Length: 3)  22  87  93 
(Length: 5)  22  52  69  74  94 
(Length: 4)  22  47  69  74 
(Length: 4)  22  47  64  87 
(Length: 5)  22  47  74  87  92 
(Length: 3)  22  25  88 
(Length: 3)  22  44  93 
(Length: 4)  22  47  48  64 
(Length: 4)  22  64  87  89 
(Length: 4)  22  64  69  94 
(Length: 4)  22  77  89  99 
(Length: 5)  22  42  74  87  92 
(Length: 3)  22  46  99 
(Length: 3)  22  46  87 
(Length: 4)  22  47  65  77 
(Length: 4)  22  43  46  88 
(Length: 4)  22  42  48  74 
(Length: 4)  22  42  43  88 
(Length: 3)  22  77  93 
(Length: 5)  22  42  43  74  94 
(Length: 4)  22  43  71  94 
(Length: 4)  22  47  69  99 
(Length: 4)  22  71  77  99 
(Length: 3)  22  25  74 
(Length: 4)  22  69  89  99 
(Length: 4)  22  47  65  88 
(Length: 4)  22  47  69  88 
(Length: 4)  22  43  71  77 
(Length: 4)  22  47  77  99 
(Length: 4)  22  64  69  89 
(Length: 4)  22  47  64  69 
(Length: 4)  22  47  48  74 
(Length: 4)  22  43  74  77 
(Length: 4)  23  32  48  81 
(Length: 4)  23  25  32  81 
(Length: 4)  23  32  48  72 
(Length: 3)  23  32  56 
(Length: 4)  23  34  48  81 
(Length: 3)  23  34  76 
(Length: 4)  23  25  49  81 
(Length: 3)  23  32  76 
(Length: 3)  24  45  48 
(Length: 3)  24  58  66 
(Length: 3)  24  91  97 
(Length: 3)  24  50  92 
(Length: 3)  24  26  58 
(Length: 4)  24  26  37  48 
(Length: 3)  24  58  91 
(Length: 3)  24  45  58 
(Length: 4)  24  26  50  61 
(Length: 3)  25  32  41 
(Length: 3)  25  83  95 
(Length: 4)  25  41  49  57 
(Length: 5)  25  39  49  57  81 
(Length: 4)  25  36  57  83 
(Length: 4)  25  39  62  81 
(Length: 4)  25  44  78  83 
(Length: 3)  25  61  74 
(Length: 3)  25  61  89 
(Length: 4)  25  41  57  84 
(Length: 3)  25  74  91 
(Length: 4)  25  36  74  83 
(Length: 4)  25  36  74  81 
(Length: 4)  25  28  91  95 
(Length: 3)  25  78  89 
(Length: 4)  25  27  36  89 
(Length: 4)  25  27  36  90 
(Length: 3)  25  88  91 
(Length: 4)  25  36  57  88 
(Length: 4)  25  44  57  83 
(Length: 3)  25  32  61 
(Length: 4)  25  49  74  81 
(Length: 4)  25  62  91  95 
(Length: 5)  25  36  39  57  81 
(Length: 5)  25  36  39  57  90 
(Length: 4)  26  27  29  48 
(Length: 4)  26  36  69  74 
(Length: 4)  26  61  72  74 
(Length: 4)  26  48  72  74 
(Length: 4)  26  32  37  40 
(Length: 5)  26  36  40  57  90 
(Length: 4)  26  29  57  81 
(Length: 4)  26  36  72  74 
(Length: 5)  26  32  37  48  81 
(Length: 4)  26  35  57  81 
(Length: 4)  26  37  62  81 
(Length: 4)  26  27  36  90 
(Length: 4)  26  29  58  74 
(Length: 3)  26  50  62 
(Length: 4)  26  61  69  74 
(Length: 5)  26  29  48  74  81 
(Length: 3)  26  32  58 
(Length: 3)  26  58  62 
(Length: 5)  26  32  35  37  81 
(Length: 5)  26  29  52  69  74 
(Length: 4)  26  36  74  81 
(Length: 5)  26  36  39  57  81 
(Length: 5)  26  29  52  74  81 
(Length: 4)  26  32  50  61 
(Length: 4)  26  32  61  72 
(Length: 4)  26  35  57  90 
(Length: 5)  26  36  39  57  90 
(Length: 4)  26  29  57  90 
(Length: 4)  26  39  52  81 
(Length: 4)  26  32  48  72 
(Length: 3)  27  64  89 
(Length: 4)  27  38  51  55 
(Length: 3)  27  44  55 
(Length: 4)  27  38  47  48 
(Length: 4)  27  47  48  64 
(Length: 3)  27  36  47 
(Length: 3)  27  55  66 
(Length: 3)  27  43  83 
(Length: 5)  27  29  38  48  51 
(Length: 3)  27  51  83 
(Length: 4)  27  29  48  64 
(Length: 4)  27  48  64  84 
(Length: 4)  27  38  55  90 
(Length: 4)  27  29  38  90 
(Length: 4)  28  29  38  90 
(Length: 3)  28  60  78 
(Length: 4)  28  51  55  73 
(Length: 4)  28  29  51  70 
(Length: 4)  28  29  64  67 
(Length: 3)  28  50  95 
(Length: 5)  28  30  50  77  93 
(Length: 4)  28  70  85  93 
(Length: 4)  28  73  85  90 
(Length: 4)  28  73  77  91 
(Length: 4)  28  51  73  85 
(Length: 4)  28  30  51  68 
(Length: 4)  28  38  51  55 
(Length: 4)  28  29  38  75 
(Length: 4)  28  29  64  69 
(Length: 4)  28  51  55  70 
(Length: 3)  28  60  70 
(Length: 4)  28  29  69  70 
(Length: 4)  28  68  77  91 
(Length: 4)  28  47  85  95 
(Length: 4)  28  47  77  78 
(Length: 4)  28  47  64  67 
(Length: 4)  28  38  47  75 
(Length: 4)  28  71  73  90 
(Length: 4)  28  51  70  85 
(Length: 4)  28  55  73  90 
(Length: 4)  28  30  47  77 
(Length: 3)  28  33  71 
(Length: 3)  28  50  75 
(Length: 3)  28  50  64 
(Length: 3)  28  69  73 
(Length: 4)  28  38  55  90 
(Length: 4)  28  47  64  69 
(Length: 4)  28  43  68  77 
(Length: 4)  28  29  38  51 
(Length: 5)  28  30  50  60  68 
(Length: 4)  28  38  47  95 
(Length: 5)  28  30  50  68  77 
(Length: 4)  28  43  71  77 
(Length: 4)  28  33  70  93 
(Length: 4)  28  71  73  77 
(Length: 3)  28  71  75 
(Length: 3)  28  33  78 
(Length: 4)  29  57  64  67 
(Length: 5)  29  53  57  63  81 
(Length: 4)  29  57  63  90 
(Length: 4)  29  38  63  90 
(Length: 4)  29  38  63  81 
(Length: 4)  29  64  67  98 
(Length: 4)  29  38  63  75 
(Length: 4)  29  48  67  74 
(Length: 4)  29  58  64  67 
(Length: 4)  29  38  48  75 
(Length: 3)  29  52  75 
(Length: 4)  29  57  63  64 
(Length: 4)  29  48  64  67 
(Length: 4)  29  48  51  74 
(Length: 4)  29  63  75  98 
(Length: 4)  29  38  48  81 
(Length: 4)  29  53  70  81 
(Length: 4)  29  63  64  98 
(Length: 4)  29  58  67  74 
(Length: 3)  29  38  58 
(Length: 4)  29  64  69  98 
(Length: 4)  29  69  70  98 
(Length: 4)  30  50  60  62 
(Length: 5)  30  50  60  61  68 
(Length: 5)  30  50  53  61  68 
(Length: 3)  30  47  61 
(Length: 4)  31  60  78  96 
(Length: 3)  31  48  75 
(Length: 3)  31  34  48 
(Length: 4)  31  36  57  79 
(Length: 3)  31  71  75 
(Length: 4)  31  36  60  96 
(Length: 4)  31  76  78  96 
(Length: 3)  31  60  61 
(Length: 4)  32  38  48  81 
(Length: 3)  32  38  58 
(Length: 3)  32  58  94 
(Length: 4)  32  35  54  80 
(Length: 3)  32  44  80 
(Length: 3)  32  56  61 
(Length: 3)  32  40  94 
(Length: 4)  32  35  54  94 
(Length: 4)  32  35  81  94 
(Length: 4)  33  36  57  97 
(Length: 3)  33  57  65 
(Length: 4)  33  49  57  71 
(Length: 3)  33  78  97 
(Length: 3)  33  57  93 
(Length: 3)  33  71  94 
(Length: 4)  33  57  71  97 
(Length: 4)  33  36  70  72 
(Length: 4)  34  41  48  85 
(Length: 3)  34  84  94 
(Length: 4)  34  41  70  85 
(Length: 4)  34  70  81  92 
(Length: 4)  34  41  66  76 
(Length: 4)  34  58  66  94 
(Length: 4)  34  58  74  94 
(Length: 4)  34  48  74  81 
(Length: 4)  34  41  48  84 
(Length: 3)  34  63  81 
(Length: 4)  34  41  63  76 
(Length: 4)  34  58  66  76 
(Length: 4)  34  41  70  76 
(Length: 4)  34  70  85  92 
(Length: 4)  34  41  63  84 
(Length: 4)  34  74  81  94 
(Length: 4)  34  74  81  92 
(Length: 4)  35  43  57  81 
(Length: 4)  35  54  65  80 
(Length: 4)  35  43  57  67 
(Length: 4)  35  43  57  83 
(Length: 4)  35  43  81  94 
(Length: 4)  35  53  57  65 
(Length: 4)  35  53  57  97 
(Length: 3)  35  60  96 
(Length: 3)  35  60  94 
(Length: 3)  35  81  96 
(Length: 4)  35  43  57  97 
(Length: 3)  35  53  59 
(Length: 4)  35  45  53  65 
(Length: 3)  35  57  82 
(Length: 4)  35  53  57  81 
(Length: 4)  35  45  65  80 
(Length: 4)  35  43  59  94 
(Length: 3)  35  60  82 
(Length: 3)  35  59  80 
(Length: 4)  36  74  81  96 
(Length: 3)  36  72  89 
(Length: 4)  36  57  82  86 
(Length: 5)  36  40  69  70  98 
(Length: 4)  36  69  74  97 
(Length: 4)  36  39  70  81 
(Length: 5)  36  39  57  86  90 
(Length: 4)  36  47  74  96 
(Length: 4)  36  74  96  97 
(Length: 5)  36  39  57  86  97 
(Length: 4)  36  69  89  97 
(Length: 5)  36  39  57  81  86 
(Length: 4)  36  57  79  83 
(Length: 4)  36  40  57  79 
(Length: 4)  36  40  60  70 
(Length: 4)  36  60  70  82 
(Length: 3)  36  70  83 
(Length: 5)  36  39  69  70  98 
(Length: 4)  36  39  69  97 
(Length: 4)  36  47  69  74 
(Length: 4)  36  47  69  88 
(Length: 4)  36  86  89  97 
(Length: 3)  36  47  82 
(Length: 4)  36  69  70  88 
(Length: 3)  37  40  47 
(Length: 3)  37  41  49 
(Length: 3)  37  47  48 
(Length: 4)  37  41  68  87 
(Length: 3)  37  49  81 
(Length: 3)  37  47  49 
(Length: 3)  37  47  87 
(Length: 3)  38  47  49 
(Length: 4)  38  47  62  95 
(Length: 4)  38  47  75  87 
(Length: 4)  38  86  89  97 
(Length: 3)  38  58  62 
(Length: 4)  38  47  87  95 
(Length: 4)  38  63  81  86 
(Length: 5)  38  63  75  86  89 
(Length: 3)  38  62  81 
(Length: 5)  38  75  86  87  89 
(Length: 4)  38  63  86  90 
(Length: 5)  38  42  86  87  90 
(Length: 4)  38  49  63  81 
(Length: 4)  38  42  51  86 
(Length: 3)  38  51  62 
(Length: 3)  38  49  51 
(Length: 4)  38  55  63  90 
(Length: 4)  38  42  81  86 
(Length: 4)  38  42  48  51 
(Length: 4)  38  47  48  75 
(Length: 3)  38  95  97 
(Length: 4)  38  42  48  81 
(Length: 4)  39  53  70  81 
(Length: 4)  39  49  52  81 
(Length: 4)  39  62  70  81 
(Length: 5)  39  43  49  57  81 
(Length: 5)  39  53  57  86  97 
(Length: 4)  39  43  57  97 
(Length: 4)  39  46  57  86 
(Length: 4)  39  52  69  97 
(Length: 5)  39  53  57  81  86 
(Length: 3)  39  55  90 
(Length: 4)  40  47  56  95 
(Length: 4)  40  55  56  90 
(Length: 3)  40  55  66 
(Length: 3)  40  55  70 
(Length: 3)  40  91  94 
(Length: 3)  40  91  95 
(Length: 4)  40  69  94  98 
(Length: 4)  40  66  79  94 
(Length: 4)  41  57  87  93 
(Length: 4)  41  70  85  93 
(Length: 4)  41  53  63  68 
(Length: 4)  41  53  65  68 
(Length: 4)  41  53  57  93 
(Length: 4)  41  49  57  63 
(Length: 4)  41  46  57  87 
(Length: 4)  41  53  57  63 
(Length: 4)  41  53  70  93 
(Length: 4)  41  57  63  84 
(Length: 4)  41  53  57  65 
(Length: 4)  42  54  84  94 
(Length: 4)  42  74  87  96 
(Length: 4)  42  86  90  94 
(Length: 4)  42  81  86  94 
(Length: 4)  42  45  79  80 
(Length: 4)  42  74  91  94 
(Length: 3)  42  54  80 
(Length: 4)  42  74  87  91 
(Length: 4)  42  45  48  84 
(Length: 4)  42  45  48  74 
(Length: 4)  42  74  81  96 
(Length: 4)  42  86  91  94 
(Length: 4)  42  54  88  91 
(Length: 4)  42  74  81  92 
(Length: 4)  42  48  51  74 
(Length: 4)  42  51  70  92 
(Length: 3)  42  51  79 
(Length: 4)  42  70  81  92 
(Length: 5)  42  43  74  81  94 
(Length: 4)  42  86  87  91 
(Length: 4)  42  51  74  92 
(Length: 4)  42  54  91  94 
(Length: 3)  42  70  98 
(Length: 4)  42  45  56  74 
(Length: 4)  42  56  87  90 
(Length: 4)  43  58  74  94 
(Length: 4)  43  57  79  83 
(Length: 4)  43  58  67  74 
(Length: 4)  43  57  77  79 
(Length: 5)  43  59  66  71  94 
(Length: 4)  43  57  71  77 
(Length: 3)  43  78  83 
(Length: 4)  43  68  77  79 
(Length: 4)  43  49  67  74 
(Length: 5)  43  58  66  77  79 
(Length: 4)  43  49  57  67 
(Length: 4)  43  66  71  77 
(Length: 4)  43  49  57  71 
(Length: 4)  43  49  74  81 
(Length: 4)  43  57  71  97 
(Length: 5)  43  58  66  79  94 
(Length: 3)  44  55  80 
(Length: 4)  44  57  82  86 
(Length: 3)  44  80  96 
(Length: 4)  44  57  82  93 
(Length: 3)  44  59  80 
(Length: 4)  45  65  75  80 
(Length: 3)  45  53  95 
(Length: 3)  45  48  75 
(Length: 3)  45  53  99 
(Length: 3)  45  52  95 
(Length: 3)  45  52  74 
(Length: 4)  45  77  89  99 
(Length: 4)  45  58  74  77 
(Length: 3)  45  84  99 
(Length: 4)  45  52  75  80 
(Length: 4)  45  58  77  79 
(Length: 4)  45  65  77  80 
(Length: 3)  45  75  89 
(Length: 4)  45  77  79  80 
(Length: 4)  46  57  86  87 
(Length: 4)  47  56  61  74 
(Length: 3)  47  48  85 
(Length: 4)  47  77  78  99 
(Length: 3)  47  85  92 
(Length: 3)  47  82  92 
(Length: 3)  47  61  75 
(Length: 4)  47  48  67  74 
(Length: 5)  47  56  74  87  92 
(Length: 4)  47  56  87  95 
(Length: 4)  47  74  87  96 
(Length: 4)  47  87  95  96 
(Length: 3)  47  75  82 
(Length: 4)  47  85  95  96 
(Length: 4)  47  48  64  67 
(Length: 4)  47  49  67  74 
(Length: 3)  47  62  67 
(Length: 4)  47  54  65  75 
(Length: 4)  47  54  65  88 
(Length: 4)  47  61  69  74 
(Length: 4)  47  76  78  96 
(Length: 3)  48  51  85 
(Length: 4)  48  67  72  74 
(Length: 4)  48  64  67  84 
(Length: 4)  48  51  68  74 
(Length: 4)  49  52  74  81 
(Length: 3)  49  51  74 
(Length: 4)  49  57  63  71 
(Length: 4)  49  57  63  81 
(Length: 4)  50  64  94  98 
(Length: 4)  50  65  68  98 
(Length: 4)  50  65  77  80 
(Length: 3)  50  60  94 
(Length: 4)  50  65  68  77 
(Length: 4)  50  53  65  68 
(Length: 4)  50  65  75  98 
(Length: 3)  50  62  95 
(Length: 4)  50  65  75  80 
(Length: 4)  51  74  83  92 
(Length: 3)  51  78  83 
(Length: 3)  51  79  83 
(Length: 5)  51  70  83  85  92 
(Length: 3)  51  62  70 
(Length: 3)  51  68  79 
(Length: 3)  52  87  95 
(Length: 4)  52  74  81  94 
(Length: 4)  52  69  74  97 
(Length: 3)  52  75  87 
(Length: 4)  52  74  81  92 
(Length: 4)  53  59  70  72 
(Length: 4)  53  57  65  86 
(Length: 4)  53  86  91  97 
(Length: 3)  53  68  79 
(Length: 4)  53  91  95  97 
(Length: 3)  53  72  91 
(Length: 3)  53  68  91 
(Length: 4)  53  63  78  81 
(Length: 5)  53  57  63  81  86 
(Length: 3)  53  78  97 
(Length: 4)  54  65  75  80 
(Length: 4)  54  64  84  94 
(Length: 4)  54  68  88  91 
(Length: 4)  55  56  63  90 
(Length: 3)  55  56  61 
(Length: 3)  55  66  73 
(Length: 3)  56  61  89 
(Length: 3)  56  59  89 
(Length: 4)  56  61  68  74 
(Length: 4)  56  68  74  87 
(Length: 3)  56  59  92 
(Length: 4)  57  63  71  90 
(Length: 4)  57  63  77  86 
(Length: 3)  57  77  93 
(Length: 4)  57  65  77  86 
(Length: 4)  57  64  86  87 
(Length: 4)  57  63  64  86 
(Length: 3)  57  67  93 
(Length: 4)  57  63  64  84 
(Length: 4)  57  63  86  90 
(Length: 4)  57  63  82  84 
(Length: 4)  57  63  71  77 
(Length: 4)  57  64  67  84 
(Length: 4)  57  86  87  90 
(Length: 3)  58  62  67 
(Length: 4)  58  74  77  91 
(Length: 3)  58  62  66 
(Length: 4)  58  74  91  94 
(Length: 3)  58  64  94 
(Length: 3)  58  62  91 
(Length: 3)  58  67  76 
(Length: 3)  59  70  92 
(Length: 3)  59  72  80 
(Length: 3)  59  94  98 
(Length: 3)  59  72  89 
(Length: 3)  59  70  98 
(Length: 3)  60  62  70 
(Length: 3)  61  72  89 
(Length: 3)  61  69  89 
(Length: 3)  61  75  89 
(Length: 3)  63  71  75 
(Length: 4)  63  64  86  89 
(Length: 4)  63  77  86  89 
(Length: 3)  63  71  76 
(Length: 4)  63  64  86  98 
(Length: 3)  63  68  77 
(Length: 4)  63  77  78  89 
(Length: 4)  64  69  94  98 
(Length: 4)  65  75  86  98 
(Length: 4)  66  71  73  77 
(Length: 4)  68  74  77  91 
(Length: 4)  68  74  87  91 
(Length: 3)  69  73  88 
(Length: 3)  70  82  92 
(Length: 3)  70  82  93 
(Length: 3)  71  90  94 
(Length: 3)  72  78  89 
(Length: 3)  72  74  91 
(Length: 3)  73  77  80 
(Length: 3)  73  88  91 
(Length: 3)  74  91  97 
(Length: 4)  77  78  89  99 
(Length: 3)  83  85  95 
(Length: 4)  85  95  96  97 
(Length: 3)  87  91  95 
...model cost: 1.13 seconds  50977 FFE
 (opt) 447.00000000 == 447.00000000 (sur)  OPTIMALITY TEST PASSED!
   BESTimpr 385.00000000 -> 437.00000000
*111**1***1*1*1**1***11***111111111*11111111111***11*111*1*1*11*1*1*11*1*****1111*****111**1*11**11*


111*****1**11*11111**1***1111****111*1111**111**11***11**1****1**11**11*11**1*1*1*1**1**11**1*1*11**


1*1****11*1*11******1111***111******111*1*11111**111*1111*1***11**1*11*11*1111**11*1**1*1******111**

