Walsh model started...
 95  3  47  75  18  78  20  13  77  31  14  15  91  51  12  40  21  88  83  92  61  62  32  53  82  42  11  79  41  72  39  17  9 
 78  70  16  56  4  8  31  28  92  59  6  64  12  47  35  52  48  20  97  49  79  61 
 72  55  24  21  11  10  90  37  87  49  96  13  75  88 
 95  0  72  4  89  71  87  9  80  35  61  78  98  16  57  79  92 
 71  33  31  49  68  16  73  10  8  72  3  89  38  32  75  1  53  30  82  77  86  64  47  27  99  25  94  37  55  97  51  19 
 10  83  99  26  17  54  55  32  14  37  98  76  23  29  51  30  88  95  48  52  44  22 
 11  18  23  19  48  37  93  88  8  1  73  96 
 83  9  18  48  57  27  99  65  74  47  8  71  54  76  19  75  63  58  42 
 48  64  47  85  22  78  57  68  43  10  4  40  58  54  90  77  55  1  19  61  7  71  14  36  6  29  99  31  83 
 24  82  91  50  83  7  52  59  63  87  3  77  89  58  29  49  65  40  88  36  17  0 
 47  61  5  83  99  12  4  8  39  11  48  60  93  27  79  59  44  2  77  36  94  74  25  53  57  46 
 72  78  86  54  87  43  6  18  71  39  10  99  28  19  12  51  84  21  66  33  53  52  63  32  16  56  64  29  2  0  79  37  15  23  35  48  34 
 34  24  10  99  36  94  11  19  31  0  43  77  75  56  59  41  1  64  72  87  16  30  60  15 
 31  86  22  32  15  17  62  85  0  77  67  55  37  70  83  46  20  95  35  90  26  38  40  65  21  96  2 
 31  0  41  35  29  82  22  74  8  36  44  37  5  83  25  28  45  39 
 37  39  13  17  76  44  49  45  98  23  0  77  64  42  95  65  32  38  67  75  16  33  89  11  84  68  36  12 
 70  35  68  4  1  56  25  75  58  53  44  64  87  62  88  55  54  40  76  91  11  3  98  17  15  30  12  82 
 15  13  20  21  5  54  87  34  51  25  24  40  97  16  77  9  49  69  0 
 11  6  7  48  0  78  62  23  88  31  40  60  97  30  44  42  92  57  72  55 
 38  87  92  84  50  75  66  71  57  47  6  23  61  8  11  12  67  20  45  80  28  62  41  7  63  74  40  83  22  51  29  95  4 
 17  21  0  47  54  73  52  84  43  44  67  19  97  95  62  81  13  24  83  41  26  55  56  48  1  46  85  50  68  34  58  45  30  37  39  23  25 
 97  93  20  17  90  85  31  26  11  66  40  0  68  23  64  24  2  13  29  69 
 95  69  13  32  8  85  60  71  63  65  74  14  41  82  35  68  92  19  50  5  44  96  33 
 38  34  98  15  18  62  54  97  66  60  6  19  26  72  64  21  56  52  73  5  29  43  93  11  35  20  25 
 12  34  82  9  63  94  96  29  52  78  45  77  42  20  83  30  2  21  17  49 
 47  63  16  68  86  84  44  89  39  46  95  79  94  60  40  51  59  35  4  99  61  28  17  10  53  14  83  56  23  20 
 68  54  70  31  92  74  5  99  83  53  50  46  37  21  52  38  13  23  72  89  87  62  20  42  51 
 37  89  38  70  7  57  67  82  72  93  10  4  46  41  79  48  84 
 38  41  99  11  1  31  19  45  47  63  25  61  14  53  90 
 24  96  51  94  61  76  87  14  82  49  9  57  77  64  11  48  56  83  63  90  8  23  5  21  69  19 
 60  34  46  44  65  57  4  53  91  49  58  74  47  94  24  99  66  18  97  5  55  16  12  37  20 
 13  86  4  49  26  70  14  0  66  75  1  28  38  68  34  88  18  21  12  89  85  54  99  8 
 66  89  13  22  4  55  5  99  52  39  74  98  87  38  15  81  70  11  63  0  53  35 
 71  4  50  74  94  93  85  67  64  89  48  99  82  58  84  11  34  42  66  68  15  96  22 
 12  24  38  23  30  60  31  86  87  17  33  42  72  55  68  51  76  20  39  48  11 
 70  16  68  82  45  61  41  14  80  3  13  90  25  59  1  52  53  42  98  32  55  22  77  72  11  23 
 12  94  75  85  64  90  8  14  61  91  9  88  77  10  72  87  68  15 
 89  27  15  39  88  68  13  70  38  79  46  26  52  48  6  59  64  14  5  60  55  41  47  94  4  2  90  77  69  51  11  30  20  42 
 34  23  27  70  28  41  87  19  89  4  37  79  68  31  26  13  57  71  32  15  81  56  63  97  54  64  48 
 37  15  54  94  10  11  74  32  25  68  75  70  61  76  90  85  14  0  20  34  56 
 8  58  95  93  84  44  0  21  18  60  9  65  25  54  16  88  13  83  19  17  97  62 
 63  49  28  38  35  14  19  20  22  82  59  12  61  60  47  37  52  86  27  79  72  0  42  96 
 67  64  24  77  74  84  15  63  46  33  34  0  82  93  72  58  7  53  35  44  18  66  26  41  37 
 87  11  68  8  73  80  44  20  12  77  76  89  23  93  59  81 
 50  54  76  15  89  59  46  30  25  16  64  84  40  43  20  82  14  10  42  18  63  94  5  22 
 15  49  78  24  35  61  19  80  28  14  20  58 
 61  97  44  30  73  82  63  42  25  95  13  83  37  26  10  57  20  85  89  27 
 63  25  8  64  61  10  75  0  20  19  57  69  99  7  74  89  97  62  30  4  28  79  1  41  37  70  67  55  50 
 64  8  7  18  85  82  33  99  10  60  73  95  6  37  59  54  29  56  58  75  20  1  84  27  5  52  38  11  34  57 
 63  41  31  4  15  45  73  55  88  69  94  30  91  29  9  86  87  72  97  50  58  1  2  24  17 
 44  54  91  9  33  74  19  75  26  82  67  77  49  58  85  71  22  20  47 
 98  92  29  94  91  0  84  11  63  67  59  25  66  61  17  89  37  26  5  62  75  19  34  76  4 
 24  9  84  20  32  99  37  26  11  53  64  86  23  73  55  94  35  1  41  48  5  57 
 79  67  91  83  26  58  16  4  30  63  84  93  72  11  52  78  32  0  10  25  42  35  90  28 
 68  26  44  50  86  11  99  81  39  94  8  90  73  20  23  97  5  17  60  75  7  76  59  48  40  16  31  38  78  55  56 
 72  2  97  87  73  49  32  5  8  77  13  67  94  16  88  69  96  82  79  52  60  37  56  20  81  35  34  68  54  47  18  30  4 
 1  16  94  75  12  38  23  11  29  48  55  20  54  39  25 
 8  78  7  27  19  47  65  30  70  86  72  58  29  77  96  38  71  63  10  46  92  18  3  79  95  52  48 
 40  8  16  53  33  82  89  9  95  99  64  71  30  74  57  72  49  50  75  48  7  42  20  45  88  76 
 89  44  9  63  90  66  1  92  54  48  51  25  37  64  12  41  35  10  81  43 
 71  22  30  34  66  23  99  96  89  77  10  48  75  54  40  18  25  61  41  63  37  55  80  91  92  12 
 47  10  97  46  71  87  35  45  96  29  19  8  36  91  78  3  0  62  60  41  66  51  25  28  39  76  79  1  92 
 85  13  18  23  16  87  95  20  47  19  26  0  61  74  94  88  75  51  40 
 41  49  47  25  94  24  9  59  22  65  46  42  84  53  80  70  51  67  28  60  11  32  38  19  7  57  83  29  99  44  79 
 48  8  47  67  42  33  89  44  16  36  90  15  71  58  86  4  37  59  23  21  52  1  12  11  29  38 
 85  94  99  7  74  30  57  63  22  95  15  9  40  13 
 89  32  19  71  23  60  31  75  59  90  95  68  21  11  99  30  61  51  33  42  72 
 79  53  73  86  85  33  42  64  13  55  20  19  27  82  50  77  51  63  15  75  81  47  91 
 54  26  4  16  35  82  73  8  43  25  37  88  39  38  31  95  66  79  21  33  34  55  22  20  36  15 
 95  22  47  99  88  49  96  55  77  37  70  17  21  29 
 35  16  38  27  1  78  26  31  77  74  57  86  37  13  75  39  72  73  80  63  81  32  83  47  69 
 4  33  60  22  61  87  19  66  81  85  86  11  89  3  99  91  7  8  64  58  38  57  50 
 78  11  2  55  96  4  3  70  27  93  53  57  58  26  23  49  97  42  12  34  77  36  66  18  35  41  0 
 67  86  4  68  55  49  46  82  54  20  43  80  48  95  70  52  23  6  96 
 50  33  92  26  77  70  85  65  39  32  42  84  7  47  22  14  30  58  19  62  10  94 
 47  0  50  19  79  77  94  56  4  16  85  36  66  31  60  54  89  39  70  12  67  15  7  58  48  62  51  2  88 
 44  15  87  29  54  7  91  16  43  89  5  98  61  39  86  93  34  51  88  58 
 79  75  13  0  74  70  15  24  42  8  55  60  89  9  91  96  67  50  43  12  4  29  57  36  10  72  69  37  17  35 
 72  11  1  70  96  8  57  0  18  24  45  53  93  61  3  54  97 
 67  53  91  77  75  37  38  68  25  55  82  10  47  0  11  3  57  27  41  1  61  63 
 73  43  19  45  63  70  35  3  88  99  60  91 
 54  99  71  85  20  38  32  70  55  67  59  43 
 24  9  68  35  85  48  73  46  33  58  14  29  67  27  4  89  44  50  41  22  0  42  55  79  16 
 10  5  7  9  53  26  13  46  24  20  92  0  29  63  14  25  70  40  19  8 
 19  92  25  86  52  20  40  44  42  74  63  53  51  11  94  33  15  48  27 
 8  22  65  94  62  13  90  21  82  48  33  67  81  71  75  36  74  31  89  39  20  46  50 
 31  13  54  11  67  73  25  84  71  70  57  34  94  49  87  4  64  89  52  76  93  41 
 95  99  43  11  38  19  61  71  97  55  76  29  16  62  3  9  98  32  49  86  89  26  17  34  2  91  12  36  92 
 37  68  49  69  16  55  31  18  9  36  80  99  0  40  6  93  94  62  5  95  2  75  58  76 
 66  32  37  27  59  44  25  38  4  33  64  60  77  3  71  82  75  47  58  9  31  85  26  87  86  51  76  43  46  15 
 8  54  21  85  36  64  59  66  13  35  39  29  2  37  53  28  98 
 50  9  53  79  51  0  99  71  77  30  49  61  36  76  16  80  60  87  67 
 98  51  19  84  74  26  1  59  83  0  22  60  57  18  3  87  61 
 97  21  94  33  40  95  27  10  53  72  78  6  88  42  86  76  23  43 
 63  24  65  85  54  39  12  36  33  93  56  75  51  29  49  55  84  86  25  30  52  10  74  37  4  88  62  44 
 22  69  87  99  0  3  40  93  46  25  48  73  62  20  68  66  65  15  58  13  88  5  19  57 
 72  78  24  29  99  60  61  77  69  55  57  73  6  13  2  41  33  22 
 21  93  61  46  55  87  23  54  20  47  72  49  18  30  38  1  78  17  40  4 
 51  92  23  15  32  87  5  76  3  16  90  35 
 87  95  54  81  10  12  5  26  65  7  96  60  48  33  69  47  32  52  28  11  91  71  58  88  80  66  30  4  25  63  8  31 
-->CDecomWalshPart::vInitTrueLinkage-->GLBs: 1194
(Length: 3)  0  3  9 
(Length: 3)  0  14  83 
(Length: 4)  0  11  12  15 
(Length: 5)  0  13  15  17  77 
(Length: 3)  0  14  31 
(Length: 4)  0  9  17  40 
(Length: 4)  0  51  61  91 
(Length: 4)  0  51  61  92 
(Length: 4)  0  20  41  47 
(Length: 4)  0  31  75  88 
(Length: 4)  0  9  17  77 
(Length: 4)  0  3  61  78 
(Length: 4)  0  3  72  78 
(Length: 4)  0  9  40  83 
(Length: 3)  0  9  82 
(Length: 4)  0  9  40  88 
(Length: 4)  0  9  77  91 
(Length: 3)  0  3  95 
(Length: 4)  0  11  32  53 
(Length: 4)  0  15  39  75 
(Length: 3)  0  20  39 
(Length: 4)  0  42  53  72 
(Length: 4)  0  41  42  72 
(Length: 4)  0  3  61  79 
(Length: 4)  0  51  61  62 
(Length: 5)  0  41  47  61  79 
(Length: 4)  0  18  31  88 
(Length: 3)  0  39  61 
(Length: 4)  0  20  47  62 
(Length: 4)  0  53  79  91 
(Length: 3)  0  53  83 
(Length: 3)  0  83  92 
(Length: 4)  0  51  62  75 
(Length: 4)  0  77  79  91 
(Length: 4)  0  75  77  79 
(Length: 4)  0  18  42  72 
(Length: 5)  0  11  18  72  78 
(Length: 3)  0  18  92 
(Length: 3)  0  11  21 
(Length: 4)  0  42  72  77 
(Length: 4)  0  47  75  79 
(Length: 4)  0  12  31  75 
(Length: 5)  0  11  15  32  39 
(Length: 4)  0  12  72  77 
(Length: 4)  0  13  21  31 
(Length: 5)  0  13  17  21  40 
(Length: 4)  0  47  62  75 
(Length: 4)  0  12  41  72 
(Length: 4)  0  15  42  77 
(Length: 5)  0  13  20  62  95 
(Length: 4)  0  13  20  83 
(Length: 3)  0  11  51 
(Length: 4)  0  11  12  72 
(Length: 5)  0  12  15  75  77 
(Length: 4)  0  11  53  79 
(Length: 5)  0  40  62  88  95 
(Length: 5)  0  13  17  20  21 
(Length: 4)  0  13  40  83 
(Length: 4)  0  13  15  32 
(Length: 4)  0  61  79  91 
(Length: 4)  0  62  75  88 
(Length: 3)  0  17  51 
(Length: 5)  0  18  40  62  88 
(Length: 5)  0  13  40  62  95 
(Length: 4)  0  13  15  95 
(Length: 5)  0  11  53  72  78 
(Length: 4)  0  41  79  82 
(Length: 4)  0  47  61  62 
(Length: 4)  0  41  42  82 
(Length: 3)  0  14  39 
(Length: 4)  0  14  41  82 
(Length: 4)  0  3  61  92 
(Length: 3)  1  47  70 
(Length: 3)  1  35  61 
(Length: 3)  1  61  92 
(Length: 4)  1  4  47  97 
(Length: 4)  1  12  16  64 
(Length: 4)  1  4  8  31 
(Length: 4)  1  20  48  56 
(Length: 5)  1  4  8  47  64 
(Length: 4)  1  61  78  97 
(Length: 4)  1  4  31  49 
(Length: 3)  1  31  70 
(Length: 4)  1  20  47  97 
(Length: 4)  1  4  16  64 
(Length: 4)  1  8  47  61 
(Length: 4)  1  16  35  70 
(Length: 4)  1  47  61  79 
(Length: 4)  1  28  47  61 
(Length: 3)  1  35  52 
(Length: 4)  1  6  8  48 
(Length: 4)  1  8  61  78 
(Length: 4)  1  8  48  64 
(Length: 4)  1  4  49  97 
(Length: 4)  1  48  52  64 
(Length: 3)  1  12  31 
(Length: 3)  1  28  31 
(Length: 3)  1  59  92 
(Length: 4)  1  48  59  64 
(Length: 3)  1  70  78 
(Length: 4)  1  12  59  64 
(Length: 4)  1  12  16  56 
(Length: 4)  1  20  48  52 
(Length: 4)  1  47  61  97 
(Length: 3)  1  35  59 
(Length: 4)  2  13  21  90 
(Length: 3)  2  11  21 
(Length: 3)  2  24  49 
(Length: 3)  2  21  24 
(Length: 4)  2  49  55  88 
(Length: 4)  2  49  55  72 
(Length: 4)  2  55  72  96 
(Length: 4)  2  13  55  96 
(Length: 4)  2  13  37  90 
(Length: 3)  2  11  37 
(Length: 3)  2  24  96 
(Length: 3)  2  10  11 
(Length: 3)  2  75  88 
(Length: 4)  2  49  55  87 
(Length: 3)  2  11  72 
(Length: 3)  2  11  87 
(Length: 4)  2  13  37  55 
(Length: 4)  2  37  55  88 
(Length: 3)  3  35  80 
(Length: 4)  3  9  87  89 
(Length: 3)  3  35  61 
(Length: 4)  3  61  71  87 
(Length: 3)  3  57  92 
(Length: 4)  3  16  35  98 
(Length: 4)  3  4  71  89 
(Length: 3)  3  4  72 
(Length: 3)  3  57  95 
(Length: 4)  3  16  87  98 
(Length: 3)  3  35  72 
(Length: 4)  3  87  92  98 
(Length: 4)  3  71  87  89 
(Length: 4)  3  57  72  78 
(Length: 3)  3  57  79 
(Length: 3)  3  4  16 
(Length: 4)  3  61  87  92 
(Length: 3)  3  87  95 
(Length: 3)  3  57  71 
(Length: 5)  4  49  55  72  97 
(Length: 4)  4  49  73  86 
(Length: 5)  4  8  10  47  99 
(Length: 4)  4  8  19  47 
(Length: 4)  4  31  38  68 
(Length: 4)  4  51  75  89 
(Length: 4)  4  33  82  89 
(Length: 5)  4  38  64  71  89 
(Length: 5)  4  30  49  55  97 
(Length: 4)  4  8  31  68 
(Length: 4)  4  30  47  99 
(Length: 4)  4  31  75  89 
(Length: 5)  4  30  47  55  97 
(Length: 4)  4  8  31  99 
(Length: 5)  4  30  37  55  94 
(Length: 4)  4  37  55  77 
(Length: 5)  4  10  25  47  99 
(Length: 4)  4  37  55  68 
(Length: 4)  4  49  55  73 
(Length: 4)  4  25  51  89 
(Length: 4)  4  47  75  89 
(Length: 4)  4  37  38  68 
(Length: 4)  4  16  25  68 
(Length: 3)  4  53  72 
(Length: 4)  4  25  86  89 
(Length: 5)  4  27  37  38  89 
(Length: 4)  4  25  86  94 
(Length: 3)  4  27  72 
(Length: 4)  4  27  82  89 
(Length: 4)  4  10  25  94 
(Length: 5)  4  30  37  47  55 
(Length: 5)  4  30  49  55  94 
(Length: 4)  4  16  30  55 
(Length: 3)  4  32  53 
(Length: 3)  4  32  55 
(Length: 4)  4  19  38  71 
(Length: 4)  4  37  51  94 
(Length: 3)  4  38  97 
(Length: 3)  4  32  99 
(Length: 4)  4  33  68  82 
(Length: 5)  4  64  71  86  89 
(Length: 3)  4  33  94 
(Length: 4)  4  33  71  99 
(Length: 4)  4  25  47  89 
(Length: 4)  4  37  77  89 
(Length: 4)  4  37  51  89 
(Length: 5)  4  37  38  64  89 
(Length: 4)  4  31  86  89 
(Length: 4)  4  8  55  77 
(Length: 4)  4  10  25  53 
(Length: 4)  4  8  71  99 
(Length: 4)  4  8  55  68 
(Length: 4)  4  31  49  86 
(Length: 5)  4  37  47  64  89 
(Length: 4)  4  49  86  94 
(Length: 4)  4  55  72  77 
(Length: 4)  4  8  64  71 
(Length: 4)  4  19  51  75 
(Length: 4)  4  75  77  89 
(Length: 4)  4  31  38  89 
(Length: 4)  4  19  47  75 
(Length: 5)  4  55  68  73  82 
(Length: 4)  4  8  19  71 
(Length: 4)  4  8  10  77 
(Length: 4)  4  8  47  55 
(Length: 4)  4  25  51  94 
(Length: 4)  4  16  25  53 
(Length: 3)  4  10  27 
(Length: 4)  4  16  30  53 
(Length: 4)  4  32  38  89 
(Length: 5)  4  33  64  71  89 
(Length: 3)  4  16  75 
(Length: 5)  4  16  55  68  82 
(Length: 4)  4  51  75  94 
(Length: 3)  5  30  99 
(Length: 4)  5  48  95  99 
(Length: 3)  5  29  48 
(Length: 4)  5  26  37  51 
(Length: 4)  5  32  52  55 
(Length: 3)  5  54  55 
(Length: 4)  5  14  22  44 
(Length: 3)  5  32  98 
(Length: 4)  5  26  37  52 
(Length: 3)  5  22  95 
(Length: 4)  5  26  54  99 
(Length: 4)  5  26  52  99 
(Length: 4)  5  30  37  55 
(Length: 4)  5  44  54  76 
(Length: 4)  5  23  26  52 
(Length: 4)  5  23  26  54 
(Length: 3)  5  14  37 
(Length: 4)  5  48  52  99 
(Length: 4)  5  37  52  55 
(Length: 3)  5  22  32 
(Length: 4)  5  32  52  99 
(Length: 3)  5  10  83 
(Length: 3)  5  10  44 
(Length: 3)  5  17  51 
(Length: 4)  5  10  48  99 
(Length: 3)  5  23  29 
(Length: 3)  5  26  83 
(Length: 4)  5  14  29  83 
(Length: 4)  5  88  95  99 
(Length: 4)  5  37  48  52 
(Length: 4)  5  48  54  99 
(Length: 4)  5  51  76  98 
(Length: 3)  5  76  88 
(Length: 4)  5  29  51  76 
(Length: 3)  5  17  54 
(Length: 3)  5  23  98 
(Length: 3)  5  30  44 
(Length: 4)  5  37  55  88 
(Length: 3)  6  88  93 
(Length: 4)  6  11  18  23 
(Length: 4)  6  11  37  48 
(Length: 3)  6  48  73 
(Length: 4)  6  11  18  48 
(Length: 4)  6  11  19  23 
(Length: 3)  6  73  96 
(Length: 3)  6  8  19 
(Length: 3)  6  37  88 
(Length: 3)  6  23  73 
(Length: 3)  6  18  88 
(Length: 3)  6  23  93 
(Length: 3)  7  18  42 
(Length: 4)  7  19  63  83 
(Length: 4)  7  47  63  99 
(Length: 4)  7  27  48  57 
(Length: 5)  7  8  19  57  71 
(Length: 5)  7  8  48  57  58 
(Length: 5)  7  8  58  71  99 
(Length: 4)  7  8  47  99 
(Length: 5)  7  8  48  58  99 
(Length: 4)  7  9  63  65 
(Length: 5)  7  19  47  57  63 
(Length: 4)  7  57  63  65 
(Length: 3)  7  65  74 
(Length: 3)  7  58  76 
(Length: 4)  7  18  48  57 
(Length: 4)  7  42  58  74 
(Length: 3)  7  42  63 
(Length: 4)  7  9  63  83 
(Length: 4)  7  63  65  99 
(Length: 4)  7  48  54  75 
(Length: 5)  7  8  57  58  71 
(Length: 3)  7  54  76 
(Length: 4)  7  48  58  75 
(Length: 5)  7  8  48  54  99 
(Length: 5)  7  8  19  47  57 
(Length: 4)  7  8  19  83 
(Length: 4)  7  19  47  74 
(Length: 4)  7  19  47  75 
(Length: 3)  7  9  58 
(Length: 4)  8  29  64  90 
(Length: 3)  8  43  68 
(Length: 4)  8  31  54  68 
(Length: 4)  8  36  85  90 
(Length: 3)  8  31  85 
(Length: 3)  8  40  58 
(Length: 4)  8  19  40  83 
(Length: 4)  8  48  58  64 
(Length: 4)  8  19  61  71 
(Length: 4)  8  10  47  57 
(Length: 4)  8  10  47  61 
(Length: 4)  8  19  29  83 
(Length: 4)  8  31  54  99 
(Length: 3)  8  54  90 
(Length: 3)  8  54  78 
(Length: 4)  8  10  48  57 
(Length: 4)  8  36  64  90 
(Length: 4)  8  10  36  61 
(Length: 4)  8  14  29  83 
(Length: 4)  8  10  57  77 
(Length: 3)  8  14  31 
(Length: 3)  8  14  22 
(Length: 3)  8  14  36 
(Length: 4)  8  58  64  71 
(Length: 4)  8  22  71  85 
(Length: 3)  8  22  68 
(Length: 4)  8  19  22  71 
(Length: 4)  8  10  36  77 
(Length: 4)  8  19  47  61 
(Length: 3)  8  10  83 
(Length: 4)  8  29  57  77 
(Length: 4)  8  29  48  64 
(Length: 3)  8  40  54 
(Length: 3)  8  43  77 
(Length: 4)  8  54  55  68 
(Length: 4)  8  10  48  99 
(Length: 4)  8  19  29  61 
(Length: 3)  8  57  78 
(Length: 4)  8  19  29  57 
(Length: 3)  8  48  85 
(Length: 4)  8  29  48  57 
(Length: 3)  8  36  68 
(Length: 5)  9  24  29  49  63 
(Length: 4)  9  36  77  91 
(Length: 3)  9  59  63 
(Length: 4)  9  40  58  88 
(Length: 3)  9  40  65 
(Length: 4)  9  58  82  89 
(Length: 4)  9  17  24  49 
(Length: 4)  9  50  58  82 
(Length: 4)  9  49  58  88 
(Length: 4)  9  17  49  87 
(Length: 4)  9  17  24  77 
(Length: 4)  9  49  50  58 
(Length: 3)  9  24  52 
(Length: 4)  9  49  50  91 
(Length: 4)  9  24  29  77 
(Length: 4)  9  24  29  82 
(Length: 5)  9  24  29  63  83 
(Length: 4)  9  29  49  87 
(Length: 4)  9  49  87  91 
(Length: 3)  9  59  89 
(Length: 4)  9  36  87  91 
(Length: 3)  9  36  88 
(Length: 3)  9  77  89 
(Length: 4)  9  50  77  91 
(Length: 3)  10  48  59 
(Length: 4)  10  25  46  61 
(Length: 4)  10  27  57  79 
(Length: 5)  10  25  47  61  79 
(Length: 4)  10  25  39  94 
(Length: 3)  10  11  39 
(Length: 4)  10  25  60  99 
(Length: 4)  10  25  60  61 
(Length: 4)  10  11  48  99 
(Length: 3)  10  47  74 
(Length: 3)  10  74  77 
(Length: 4)  10  12  36  94 
(Length: 4)  10  25  44  94 
(Length: 4)  10  25  39  61 
(Length: 4)  10  48  60  99 
(Length: 4)  10  11  53  79 
(Length: 4)  10  39  74  94 
(Length: 4)  10  12  60  99 
(Length: 4)  10  11  12  99 
(Length: 4)  10  25  53  83 
(Length: 3)  10  12  59 
(Length: 3)  10  93  94 
(Length: 4)  10  25  44  59 
(Length: 4)  10  27  46  57 
(Length: 3)  10  53  93 
(Length: 4)  10  25  44  46 
(Length: 4)  10  57  77  79 
(Length: 3)  10  27  93 
(Length: 4)  10  25  46  83 
(Length: 4)  10  25  53  79 
(Length: 4)  10  12  36  77 
(Length: 4)  10  27  48  57 
(Length: 4)  10  47  57  79 
(Length: 4)  10  12  60  77 
(Length: 4)  11  23  34  72 
(Length: 4)  11  28  53  63 
(Length: 5)  11  37  48  52  64 
(Length: 4)  11  23  35  72 
(Length: 4)  11  23  52  64 
(Length: 4)  11  23  66  72 
(Length: 4)  11  19  23  29 
(Length: 4)  11  23  35  52 
(Length: 3)  11  23  43 
(Length: 4)  11  32  53  63 
(Length: 4)  11  52  53  84 
(Length: 4)  11  32  52  99 
(Length: 4)  11  48  52  84 
(Length: 4)  11  48  52  99 
(Length: 4)  11  52  64  86 
(Length: 4)  11  48  54  56 
(Length: 4)  11  19  23  66 
(Length: 4)  11  53  63  84 
(Length: 4)  11  23  54  56 
(Length: 4)  11  29  48  64 
(Length: 4)  11  19  51  66 
(Length: 4)  11  16  35  53 
(Length: 4)  11  33  48  99 
(Length: 5)  11  12  15  16  64 
(Length: 4)  11  32  63  99 
(Length: 4)  11  18  23  72 
(Length: 4)  11  16  54  56 
(Length: 4)  11  12  16  56 
(Length: 4)  11  12  16  87 
(Length: 4)  11  12  19  87 
(Length: 4)  11  19  28  63 
(Length: 5)  11  19  29  51  63 
(Length: 4)  11  19  66  71 
(Length: 4)  11  15  23  64 
(Length: 4)  11  15  33  64 
(Length: 4)  11  12  87  99 
(Length: 5)  11  21  23  29  64 
(Length: 4)  11  33  48  84 
(Length: 4)  11  12  34  72 
(Length: 4)  11  15  37  39 
(Length: 4)  11  12  43  87 
(Length: 4)  11  64  71  86 
(Length: 5)  11  32  35  52  53 
(Length: 4)  11  39  54  56 
(Length: 4)  11  32  66  99 
(Length: 4)  11  35  53  72 
(Length: 5)  11  19  51  63  84 
(Length: 4)  11  19  29  87 
(Length: 4)  11  19  71  87 
(Length: 4)  11  33  34  48 
(Length: 3)  11  54  86 
(Length: 5)  11  33  66  71  99 
(Length: 4)  11  32  87  99 
(Length: 4)  11  33  64  71 
(Length: 4)  11  15  33  84 
(Length: 4)  11  48  54  99 
(Length: 3)  11  34  39 
(Length: 3)  11  34  51 
(Length: 4)  11  34  86  87 
(Length: 4)  11  12  34  87 
(Length: 4)  11  71  86  87 
(Length: 4)  11  52  84  86 
(Length: 4)  11  71  87  99 
(Length: 4)  11  53  63  79 
(Length: 3)  11  37  51 
(Length: 4)  11  15  37  64 
(Length: 3)  11  54  78 
(Length: 4)  11  23  29  56 
(Length: 3)  11  37  79 
(Length: 4)  11  33  48  64 
(Length: 4)  11  29  48  56 
(Length: 4)  11  21  23  66 
(Length: 4)  11  28  63  99 
(Length: 3)  12  43  77 
(Length: 4)  12  36  75  94 
(Length: 3)  12  31  99 
(Length: 4)  12  24  30  34 
(Length: 3)  12  19  75 
(Length: 4)  12  15  36  64 
(Length: 4)  12  36  72  77 
(Length: 5)  12  15  36  75  77 
(Length: 3)  12  36  87 
(Length: 3)  12  43  59 
(Length: 4)  12  30  60  99 
(Length: 4)  12  15  16  75 
(Length: 4)  12  60  75  77 
(Length: 4)  12  56  75  94 
(Length: 3)  12  16  30 
(Length: 3)  12  19  41 
(Length: 4)  12  30  34  60 
(Length: 3)  12  24  77 
(Length: 3)  12  41  59 
(Length: 3)  12  41  60 
(Length: 4)  12  24  30  94 
(Length: 3)  12  31  34 
(Length: 4)  12  16  56  75 
(Length: 4)  13  15  67  77 
(Length: 4)  13  55  77  96 
(Length: 5)  13  20  26  46  83 
(Length: 4)  13  20  21  26 
(Length: 4)  13  20  37  55 
(Length: 4)  13  20  21  85 
(Length: 4)  13  32  35  55 
(Length: 4)  13  22  65  85 
(Length: 4)  13  32  35  70 
(Length: 3)  13  35  90 
(Length: 3)  13  22  96 
(Length: 5)  13  26  31  38  70 
(Length: 4)  13  15  32  38 
(Length: 5)  13  26  37  38  70 
(Length: 4)  13  15  37  77 
(Length: 4)  13  40  65  95 
(Length: 5)  13  20  26  37  46 
(Length: 3)  13  67  86 
(Length: 4)  13  55  67  77 
(Length: 4)  13  37  70  77 
(Length: 4)  13  31  70  86 
(Length: 4)  13  26  70  83 
(Length: 4)  13  35  70  77 
(Length: 4)  13  32  38  70 
(Length: 4)  13  22  65  95 
(Length: 4)  13  35  55  77 
(Length: 4)  13  20  46  95 
(Length: 4)  13  21  85  90 
(Length: 4)  13  20  67  85 
(Length: 4)  13  20  46  85 
(Length: 4)  13  20  62  85 
(Length: 4)  13  20  55  67 
(Length: 4)  13  21  31  85 
(Length: 4)  13  20  26  62 
(Length: 4)  13  21  26  31 
(Length: 4)  13  37  55  77 
(Length: 4)  13  22  32  35 
(Length: 4)  13  15  37  38 
(Length: 4)  13  15  65  95 
(Length: 4)  14  22  44  82 
(Length: 3)  14  35  45 
(Length: 5)  14  22  35  41  82 
(Length: 3)  14  22  74 
(Length: 3)  14  28  31 
(Length: 3)  14  25  39 
(Length: 3)  14  29  82 
(Length: 3)  14  25  35 
(Length: 3)  14  28  41 
(Length: 3)  14  25  44 
(Length: 3)  14  28  45 
(Length: 3)  14  25  83 
(Length: 3)  14  37  39 
(Length: 3)  14  39  74 
(Length: 3)  14  37  41 
(Length: 3)  14  25  28 
(Length: 3)  15  32  98 
(Length: 4)  15  37  38  68 
(Length: 3)  15  33  68 
(Length: 5)  15  37  38  64  89 
(Length: 4)  15  33  64  89 
(Length: 4)  15  44  64  89 
(Length: 4)  15  16  44  76 
(Length: 5)  15  33  42  64  67 
(Length: 4)  15  23  38  64 
(Length: 4)  15  42  44  84 
(Length: 3)  15  68  95 
(Length: 4)  15  16  44  64 
(Length: 4)  15  67  75  77 
(Length: 3)  15  16  68 
(Length: 3)  15  23  98 
(Length: 4)  15  32  38  89 
(Length: 4)  15  75  77  89 
(Length: 3)  15  39  76 
(Length: 4)  15  37  77  89 
(Length: 4)  15  44  76  89 
(Length: 4)  15  37  39  68 
(Length: 3)  15  36  68 
(Length: 4)  15  37  42  64 
(Length: 4)  15  37  42  77 
(Length: 4)  15  33  42  84 
(Length: 4)  15  42  67  77 
(Length: 4)  15  16  76  98 
(Length: 3)  15  17  49 
(Length: 3)  15  45  49 
(Length: 3)  15  16  17 
(Length: 4)  15  42  44  64 
(Length: 4)  16  76  87  91 
(Length: 4)  16  55  68  88 
(Length: 3)  16  58  82 
(Length: 3)  16  44  82 
(Length: 4)  16  17  25  40 
(Length: 4)  16  40  44  54 
(Length: 3)  16  70  75 
(Length: 5)  16  35  55  68  82 
(Length: 3)  16  58  64 
(Length: 3)  16  62  87 
(Length: 4)  16  30  53  58 
(Length: 3)  16  30  44 
(Length: 3)  16  25  56 
(Length: 4)  16  58  75  88 
(Length: 4)  16  25  40  44 
(Length: 4)  16  25  35  53 
(Length: 3)  16  17  87 
(Length: 4)  16  30  53  91 
(Length: 4)  16  62  75  88 
(Length: 4)  16  40  58  88 
(Length: 4)  16  54  55  68 
(Length: 4)  16  54  56  75 
(Length: 4)  16  17  40  54 
(Length: 4)  16  76  87  98 
(Length: 4)  16  25  35  68 
(Length: 4)  16  58  76  88 
(Length: 3)  16  55  87 
(Length: 4)  16  40  62  88 
(Length: 4)  16  54  55  56 
(Length: 4)  16  44  54  76 
(Length: 4)  17  20  24  34 
(Length: 3)  17  34  87 
(Length: 4)  17  20  54  97 
(Length: 3)  17  34  51 
(Length: 3)  17  25  51 
(Length: 4)  17  49  87  97 
(Length: 3)  17  69  77 
(Length: 4)  17  40  54  97 
(Length: 4)  17  20  21  97 
(Length: 3)  17  21  69 
(Length: 4)  17  21  40  97 
(Length: 3)  17  49  69 
(Length: 4)  17  20  21  24 
(Length: 3)  17  20  25 
(Length: 3)  18  42  44 
(Length: 3)  18  40  97 
(Length: 3)  18  40  44 
(Length: 3)  18  23  62 
(Length: 3)  18  55  88 
(Length: 3)  18  60  92 
(Length: 4)  18  30  55  97 
(Length: 3)  18  48  60 
(Length: 3)  18  30  44 
(Length: 4)  18  72  78  97 
(Length: 3)  18  40  60 
(Length: 3)  18  57  92 
(Length: 3)  18  23  60 
(Length: 3)  18  30  57 
(Length: 4)  18  57  72  78 
(Length: 4)  18  55  72  97 
(Length: 4)  18  30  55  60 
(Length: 4)  18  23  72  97 
(Length: 4)  19  28  45  61 
(Length: 3)  19  45  80 
(Length: 3)  19  20  83 
(Length: 4)  19  20  47  62 
(Length: 4)  19  47  62  75 
(Length: 3)  19  83  92 
(Length: 4)  19  38  57  63 
(Length: 4)  19  20  41  47 
(Length: 4)  19  61  66  71 
(Length: 4)  19  22  74  92 
(Length: 4)  19  29  57  63 
(Length: 4)  19  51  61  92 
(Length: 4)  19  51  61  66 
(Length: 4)  19  74  84  92 
(Length: 3)  19  23  38 
(Length: 4)  19  38  57  71 
(Length: 4)  19  38  71  87 
(Length: 4)  19  22  41  63 
(Length: 5)  19  28  41  47  63 
(Length: 5)  19  28  38  41  63 
(Length: 5)  19  20  47  50  67 
(Length: 4)  19  40  62  95 
(Length: 4)  19  29  63  83 
(Length: 4)  19  51  62  75 
(Length: 4)  19  51  66  75 
(Length: 4)  19  51  67  75 
(Length: 4)  19  47  63  67 
(Length: 3)  19  63  80 
(Length: 4)  19  51  63  67 
(Length: 3)  19  20  45 
(Length: 4)  19  51  61  62 
(Length: 5)  19  28  41  47  61 
(Length: 3)  19  40  84 
(Length: 4)  19  47  61  62 
(Length: 4)  19  61  71  87 
(Length: 4)  19  61  62  87 
(Length: 4)  19  22  50  74 
(Length: 3)  19  66  95 
(Length: 4)  19  47  50  74 
(Length: 3)  19  57  92 
(Length: 3)  19  57  95 
(Length: 5)  19  47  50  67  75 
(Length: 4)  19  62  87  95 
(Length: 4)  19  61  87  92 
(Length: 3)  19  22  95 
(Length: 4)  19  47  62  74 
(Length: 4)  19  29  51  61 
(Length: 4)  19  20  62  95 
(Length: 4)  19  22  50  71 
(Length: 4)  19  51  84  92 
(Length: 3)  19  20  84 
(Length: 4)  19  20  23  62 
(Length: 4)  19  29  61  87 
(Length: 4)  20  48  52  73 
(Length: 4)  20  23  43  73 
(Length: 4)  20  48  52  84 
(Length: 4)  20  68  73  95 
(Length: 4)  20  26  50  54 
(Length: 4)  20  44  50  54 
(Length: 3)  20  50  58 
(Length: 3)  20  39  85 
(Length: 4)  20  25  39  68 
(Length: 4)  20  39  54  68 
(Length: 3)  20  24  52 
(Length: 4)  20  25  46  83 
(Length: 3)  20  25  47 
(Length: 5)  20  30  37  47  55 
(Length: 4)  20  37  41  52 
(Length: 4)  20  25  68  95 
(Length: 4)  20  54  55  81 
(Length: 4)  20  54  55  97 
(Length: 4)  20  55  67  73 
(Length: 4)  20  55  67  81 
(Length: 4)  20  26  37  68 
(Length: 4)  20  26  54  68 
(Length: 4)  20  26  37  52 
(Length: 4)  20  52  55  73 
(Length: 4)  20  48  73  95 
(Length: 4)  20  48  54  56 
(Length: 4)  20  23  54  73 
(Length: 4)  20  50  67  85 
(Length: 4)  20  23  54  97 
(Length: 4)  20  23  54  56 
(Length: 4)  20  30  34  55 
(Length: 4)  20  21  23  26 
(Length: 4)  20  37  55  68 
(Length: 4)  20  30  44  46 
(Length: 4)  20  23  25  56 
(Length: 3)  20  23  34 
(Length: 3)  20  43  44 
(Length: 4)  20  43  68  73 
(Length: 3)  20  43  81 
(Length: 3)  20  24  45 
(Length: 3)  20  45  58 
(Length: 4)  20  37  48  52 
(Length: 4)  20  37  52  55 
(Length: 3)  20  30  58 
(Length: 4)  20  54  55  56 
(Length: 4)  20  30  37  46 
(Length: 4)  20  37  41  47 
(Length: 4)  20  25  46  95 
(Length: 4)  20  48  58  95 
(Length: 4)  20  25  44  84 
(Length: 4)  20  48  54  73 
(Length: 5)  20  30  47  55  97 
(Length: 4)  20  46  73  95 
(Length: 4)  20  47  55  67 
(Length: 4)  20  67  81  85 
(Length: 4)  20  39  54  56 
(Length: 3)  20  48  85 
(Length: 4)  20  34  39  68 
(Length: 4)  20  25  39  56 
(Length: 3)  20  24  83 
(Length: 5)  20  54  55  68  73 
(Length: 4)  20  23  52  73 
(Length: 4)  20  24  30  34 
(Length: 3)  20  34  48 
(Length: 4)  20  34  55  68 
(Length: 4)  20  37  39  68 
(Length: 4)  20  23  26  52 
(Length: 4)  20  23  26  54 
(Length: 4)  20  23  26  62 
(Length: 4)  20  21  26  68 
(Length: 4)  20  21  23  97 
(Length: 4)  20  25  44  46 
(Length: 4)  20  30  46  97 
(Length: 4)  21  31  66  68 
(Length: 4)  21  23  93  97 
(Length: 3)  21  24  29 
(Length: 3)  21  29  69 
(Length: 3)  21  66  90 
(Length: 4)  21  29  64  90 
(Length: 4)  21  26  31  68 
(Length: 4)  21  40  93  97 
(Length: 4)  22  65  74  85 
(Length: 3)  22  60  71 
(Length: 3)  22  68  95 
(Length: 4)  22  41  60  96 
(Length: 3)  22  33  96 
(Length: 3)  22  32  63 
(Length: 5)  22  33  50  71  85 
(Length: 3)  22  44  63 
(Length: 5)  22  33  50  74  85 
(Length: 4)  22  33  68  82 
(Length: 4)  22  35  68  82 
(Length: 3)  22  69  96 
(Length: 5)  22  33  50  82  85 
(Length: 4)  22  44  50  82 
(Length: 4)  22  41  60  63 
(Length: 3)  22  69  95 
(Length: 3)  22  63  65 
(Length: 3)  22  32  74 
(Length: 3)  22  60  92 
(Length: 3)  23  34  60 
(Length: 3)  23  34  38 
(Length: 3)  23  54  60 
(Length: 3)  23  25  60 
(Length: 3)  23  26  72 
(Length: 3)  23  60  66 
(Length: 4)  23  38  54  97 
(Length: 3)  23  25  35 
(Length: 4)  23  72  93  97 
(Length: 3)  23  43  93 
(Length: 4)  23  26  38  54 
(Length: 4)  23  38  54  56 
(Length: 3)  23  35  98 
(Length: 3)  24  45  78 
(Length: 3)  24  78  96 
(Length: 5)  24  29  49  63  94 
(Length: 3)  24  52  94 
(Length: 3)  24  42  77 
(Length: 4)  24  29  77  96 
(Length: 3)  24  42  82 
(Length: 3)  24  45  49 
(Length: 4)  24  30  49  94 
(Length: 3)  24  34  42 
(Length: 3)  24  42  63 
(Length: 4)  25  40  44  84 
(Length: 4)  25  53  63  79 
(Length: 4)  25  53  63  83 
(Length: 4)  25  53  63  84 
(Length: 3)  25  68  79 
(Length: 3)  25  60  89 
(Length: 3)  25  95  99 
(Length: 4)  25  39  56  94 
(Length: 3)  25  51  61 
(Length: 4)  25  84  86  94 
(Length: 4)  25  44  59  63 
(Length: 4)  25  44  46  63 
(Length: 4)  25  47  63  79 
(Length: 5)  25  44  63  84  94 
(Length: 4)  25  60  63  99 
(Length: 4)  25  28  47  61 
(Length: 3)  25  40  83 
(Length: 3)  25  35  59 
(Length: 4)  25  46  63  83 
(Length: 5)  25  28  47  63  99 
(Length: 4)  25  51  59  89 
(Length: 5)  25  51  63  84  94 
(Length: 3)  25  40  95 
(Length: 4)  25  28  53  63 
(Length: 4)  25  51  59  63 
(Length: 4)  25  44  59  89 
(Length: 3)  25  35  61 
(Length: 4)  25  44  46  89 
(Length: 3)  25  40  60 
(Length: 4)  26  37  38  89 
(Length: 3)  26  62  87 
(Length: 3)  26  52  53 
(Length: 3)  26  83  92 
(Length: 3)  26  62  74 
(Length: 4)  26  38  87  89 
(Length: 5)  26  31  38  54  68 
(Length: 4)  26  37  38  68 
(Length: 4)  26  31  38  89 
(Length: 3)  26  53  83 
(Length: 3)  26  70  74 
(Length: 3)  26  70  72 
(Length: 3)  26  50  74 
(Length: 3)  26  51  92 
(Length: 4)  26  42  53  72 
(Length: 3)  26  51  62 
(Length: 4)  26  37  51  89 
(Length: 3)  26  74  92 
(Length: 4)  26  37  42  46 
(Length: 4)  26  37  46  89 
(Length: 3)  26  87  92 
(Length: 3)  26  87  99 
(Length: 4)  26  31  54  99 
(Length: 3)  26  42  74 
(Length: 4)  27  38  48  57 
(Length: 4)  27  38  57  70 
(Length: 4)  27  41  79  82 
(Length: 3)  27  72  93 
(Length: 4)  27  37  38  70 
(Length: 4)  27  38  57  79 
(Length: 3)  27  48  84 
(Length: 3)  27  48  82 
(Length: 4)  27  37  46  89 
(Length: 5)  27  37  38  41  79 
(Length: 4)  27  67  79  82 
(Length: 4)  27  46  82  89 
(Length: 4)  27  57  70  72 
(Length: 4)  27  37  38  48 
(Length: 3)  27  41  72 
(Length: 3)  28  53  90 
(Length: 3)  28  31  38 
(Length: 3)  28  31  99 
(Length: 4)  29  57  77  96 
(Length: 3)  29  49  69 
(Length: 3)  29  48  82 
(Length: 3)  29  61  96 
(Length: 4)  29  51  63  94 
(Length: 4)  29  51  61  76 
(Length: 4)  29  61  76  87 
(Length: 4)  29  69  77  96 
(Length: 3)  29  56  94 
(Length: 3)  30  58  99 
(Length: 4)  30  34  55  60 
(Length: 4)  30  60  91  99 
(Length: 3)  30  46  57 
(Length: 3)  30  49  58 
(Length: 3)  30  47  57 
(Length: 3)  30  44  94 
(Length: 3)  30  49  91 
(Length: 3)  30  57  65 
(Length: 3)  30  65  99 
(Length: 4)  30  65  74  94 
(Length: 4)  30  37  55  60 
(Length: 4)  30  60  66  99 
(Length: 3)  30  57  58 
(Length: 3)  30  47  74 
(Length: 3)  30  58  74 
(Length: 3)  31  54  86 
(Length: 3)  31  49  88 
(Length: 3)  31  66  99 
(Length: 4)  31  66  75  89 
(Length: 3)  31  70  75 
(Length: 3)  31  88  99 
(Length: 3)  31  34  86 
(Length: 4)  31  75  85  89 
(Length: 3)  31  54  75 
(Length: 4)  31  34  38  68 
(Length: 3)  31  68  88 
(Length: 4)  32  35  52  55 
(Length: 3)  32  66  89 
(Length: 3)  32  35  98 
(Length: 4)  32  39  70  74 
(Length: 3)  32  55  87 
(Length: 4)  32  38  70  81 
(Length: 3)  32  55  81 
(Length: 4)  32  38  63  70 
(Length: 3)  32  87  98 
(Length: 4)  32  38  87  89 
(Length: 3)  32  81  99 
(Length: 4)  33  42  58  74 
(Length: 3)  33  42  66 
(Length: 3)  33  34  68 
(Length: 3)  33  66  68 
(Length: 4)  33  74  84  94 
(Length: 3)  33  93  94 
(Length: 4)  33  58  71  99 
(Length: 3)  33  96  99 
(Length: 4)  33  50  58  82 
(Length: 4)  33  48  58  99 
(Length: 4)  33  58  82  89 
(Length: 4)  33  48  82  85 
(Length: 4)  33  48  58  64 
(Length: 4)  33  74  85  94 
(Length: 5)  33  50  67  82  85 
(Length: 3)  33  34  42 
(Length: 4)  33  42  58  64 
(Length: 4)  33  71  85  89 
(Length: 4)  33  82  85  89 
(Length: 4)  33  48  58  82 
(Length: 3)  33  42  93 
(Length: 5)  33  58  64  71  89 
(Length: 4)  33  42  74  84 
(Length: 4)  33  66  71  89 
(Length: 4)  33  42  58  82 
(Length: 4)  33  42  67  82 
(Length: 4)  33  50  58  71 
(Length: 4)  33  50  58  74 
(Length: 3)  34  55  72 
(Length: 3)  34  48  60 
(Length: 3)  34  39  76 
(Length: 3)  34  38  48 
(Length: 3)  34  42  72 
(Length: 3)  34  51  76 
(Length: 3)  34  55  87 
(Length: 4)  34  76  86  87 
(Length: 3)  34  38  87 
(Length: 3)  35  41  59 
(Length: 3)  35  45  80 
(Length: 3)  35  70  80 
(Length: 3)  35  59  90 
(Length: 4)  35  55  72  77 
(Length: 3)  35  90  98 
(Length: 4)  35  41  42  82 
(Length: 4)  35  42  72  77 
(Length: 3)  35  41  61 
(Length: 4)  35  42  53  72 
(Length: 3)  35  41  52 
(Length: 4)  35  41  42  72 
(Length: 3)  35  45  61 
(Length: 3)  35  53  90 
(Length: 4)  35  70  72  77 
(Length: 4)  36  75  85  94 
(Length: 3)  36  68  88 
(Length: 4)  36  61  87  91 
(Length: 4)  36  75  88  94 
(Length: 4)  37  47  55  79 
(Length: 4)  37  48  59  64 
(Length: 4)  37  38  48  64 
(Length: 4)  37  59  64  89 
(Length: 3)  37  41  59 
(Length: 4)  37  69  70  77 
(Length: 4)  37  59  64  90 
(Length: 3)  37  39  70 
(Length: 4)  37  55  68  79 
(Length: 4)  37  55  69  77 
(Length: 4)  37  41  47  79 
(Length: 4)  37  52  55  94 
(Length: 4)  37  55  69  88 
(Length: 4)  37  47  69  70 
(Length: 3)  37  39  90 
(Length: 3)  37  39  94 
(Length: 4)  37  60  77  89 
(Length: 4)  37  55  68  88 
(Length: 4)  37  51  59  89 
(Length: 4)  37  55  88  94 
(Length: 4)  37  55  60  77 
(Length: 3)  37  41  42 
(Length: 3)  37  48  60 
(Length: 4)  37  55  77  79 
(Length: 4)  37  47  55  69 
(Length: 3)  37  41  60 
(Length: 4)  37  38  68  79 
(Length: 4)  38  71  87  89 
(Length: 3)  38  87  97 
(Length: 4)  38  57  63  70 
(Length: 4)  38  57  63  79 
(Length: 4)  38  48  54  56 
(Length: 3)  38  54  81 
(Length: 3)  38  71  81 
(Length: 4)  38  41  63  79 
(Length: 3)  39  61  76 
(Length: 4)  39  74  85  94 
(Length: 4)  39  75  85  94 
(Length: 3)  39  70  75 
(Length: 3)  39  85  90 
(Length: 3)  39  54  76 
(Length: 5)  39  54  56  75  94 
(Length: 3)  39  54  90 
(Length: 4)  40  58  88  95 
(Length: 4)  40  88  93  95 
(Length: 3)  40  54  60 
(Length: 3)  41  49  86 
(Length: 3)  41  49  63 
(Length: 3)  41  52  86 
(Length: 3)  41  72  96 
(Length: 3)  41  42  63 
(Length: 3)  41  49  72 
(Length: 4)  41  47  63  79 
(Length: 3)  41  59  63 
(Length: 4)  41  60  61  96 
(Length: 3)  42  74  77 
(Length: 4)  42  53  58  72 
(Length: 4)  42  44  63  84 
(Length: 4)  42  44  46  82 
(Length: 4)  42  53  63  84 
(Length: 3)  42  66  72 
(Length: 4)  42  44  46  63 
(Length: 4)  42  53  63  67 
(Length: 4)  42  53  72  93 
(Length: 3)  43  73  80 
(Length: 3)  43  76  93 
(Length: 4)  43  44  59  89 
(Length: 3)  43  77  89 
(Length: 4)  43  76  87  89 
(Length: 4)  43  44  76  89 
(Length: 3)  43  59  81 
(Length: 3)  44  54  59 
(Length: 4)  44  59  64  89 
(Length: 3)  44  54  94 
(Length: 4)  44  46  82  89 
(Length: 3)  45  61  78 
(Length: 3)  45  49  58 
(Length: 3)  46  61  97 
(Length: 3)  46  73  82 
(Length: 3)  46  57  63 
(Length: 3)  46  57  95 
(Length: 4)  46  82  85  89 
(Length: 3)  47  70  74 
(Length: 4)  47  67  75  79 
(Length: 4)  47  55  67  79 
(Length: 4)  47  63  67  79 
(Length: 3)  47  69  99 
(Length: 4)  47  57  63  79 
(Length: 3)  47  70  75 
(Length: 4)  47  57  63  70 
(Length: 3)  47  64  67 
(Length: 3)  48  73  82 
(Length: 4)  48  58  95  99 
(Length: 3)  48  52  57 
(Length: 3)  48  54  59 
(Length: 4)  48  54  56  75 
(Length: 4)  48  54  60  99 
(Length: 4)  48  54  60  75 
(Length: 4)  48  57  58  95 
(Length: 3)  48  75  85 
(Length: 4)  49  55  69  88 
(Length: 4)  49  55  87  97 
(Length: 3)  49  58  72 
(Length: 3)  49  86  87 
(Length: 4)  49  55  88  94 
(Length: 4)  50  67  75  85 
(Length: 4)  50  67  75  77 
(Length: 3)  50  54  75 
(Length: 3)  50  71  91 
(Length: 4)  50  67  77  91 
(Length: 3)  50  58  75 
(Length: 3)  50  74  77 
(Length: 4)  51  62  75  94 
(Length: 4)  51  61  76  91 
(Length: 3)  51  67  91 
(Length: 3)  51  92  98 
(Length: 3)  51  76  89 
(Length: 4)  51  59  66  89 
(Length: 4)  51  66  75  89 
(Length: 3)  51  59  92 
(Length: 4)  52  84  86  94 
(Length: 3)  52  73  86 
(Length: 3)  52  57  86 
(Length: 4)  53  72  78  93 
(Length: 4)  53  67  79  91 
(Length: 4)  53  63  67  79 
(Length: 3)  54  73  86 
(Length: 3)  54  59  81 
(Length: 3)  54  59  90 
(Length: 3)  54  81  99 
(Length: 3)  54  78  97 
(Length: 3)  54  86  94 
(Length: 4)  54  55  56  94 
(Length: 3)  54  55  60 
(Length: 3)  54  76  86 
(Length: 4)  55  67  77  79 
(Length: 4)  55  68  79  82 
(Length: 4)  55  60  77  96 
(Length: 3)  55  73  96 
(Length: 4)  55  72  77  96 
(Length: 4)  55  67  73  82 
(Length: 4)  55  69  77  96 
(Length: 4)  55  67  79  82 
(Length: 3)  57  65  95 
(Length: 3)  57  58  72 
(Length: 4)  57  72  78  96 
(Length: 4)  57  70  72  77 
(Length: 4)  57  70  72  78 
(Length: 4)  57  72  77  96 
(Length: 3)  57  70  86 
(Length: 3)  57  71  86 
(Length: 3)  58  76  89 
(Length: 4)  58  88  95  99 
(Length: 3)  58  75  89 
(Length: 3)  59  66  90 
(Length: 4)  60  66  71  89 
(Length: 4)  60  66  71  99 
(Length: 4)  60  80  91  99 
(Length: 4)  60  66  75  89 
(Length: 4)  60  61  71  91 
(Length: 3)  60  77  91 
(Length: 3)  60  61  92 
(Length: 4)  60  71  91  99 
(Length: 4)  60  61  66  71 
(Length: 3)  60  96  99 
(Length: 4)  60  63  80  99 
(Length: 4)  60  75  77  89 
(Length: 4)  61  76  87  91 
(Length: 3)  61  78  96 
(Length: 4)  61  71  87  91 
(Length: 3)  61  87  97 
(Length: 4)  62  75  85  94 
(Length: 4)  62  74  85  94 
(Length: 4)  62  75  88  94 
(Length: 3)  63  70  83 
(Length: 3)  63  65  94 
(Length: 3)  63  70  80 
(Length: 3)  64  67  86 
(Length: 4)  65  74  85  94 
(Length: 3)  65  95  99 
(Length: 3)  66  95  99 
(Length: 3)  66  68  95 
(Length: 4)  67  77  79  91 
(Length: 4)  67  75  77  79 
(Length: 3)  67  73  86 
(Length: 3)  68  88  95 
(Length: 3)  69  96  99 
(Length: 4)  69  88  95  99 
(Length: 3)  70  75  77 
(Length: 3)  70  73  86 
(Length: 3)  70  74  77 
(Length: 3)  70  73  80 
(Length: 4)  71  87  91  99 
(Length: 3)  71  81  99 
(Length: 3)  71  81  85 
(Length: 4)  71  86  87  89 
(Length: 4)  72  78  93  97 
(Length: 3)  76  88  93 
(Length: 3)  76  86  93 
(Length: 4)  76  86  87  89 
(Length: 3)  80  88  99 
(Length: 3)  86  93  94 
(Length: 3)  87  95  99 
(Length: 3)  88  93  94 
...model cost: 0.98 seconds  43153 FFE
 (opt) 447.00000000 == 447.00000000 (sur)  OPTIMALITY TEST PASSED!
   BESTimpr 386.00000000 -> 435.00000000
11*11******1*11*1**11*11*111****1****111**1**1**1**11**1*1**111**1*11***1*11***1*1*******11*11111*1*


****11*1*1***1111*****11**1**1*11****11*1*1*********11**11*11*1*****1111**1*1**1***1****111**11*1*1*


1**1*1*1**1*1*1**11*******11***111***11*1*1*11*1***1****1*1*1111*1****1*1**11*11***111*1*1***11*111*

