Walsh model started...
 16  39  69  6  19  13  47  74  22  58  73  8  18  5  36  79  61  41  29  45  10  88  24  78 
 59  46  24  69  25  21  82  92  72  86  10  7  94  30  39 
 48  74  8  51  71  76  15  32  27  30  85  50  44  60 
 91  24  46  32  40  55  86  82  62  43  79  52  63  87  56  83  47  45  13  73  60  66  31  28  48  94  11 
 84  38  98  16  71  85  60  17  81  49  93  29  48  37 
 93  53  43  10  51  13  26  92  18  0  73  79  6  76  96  57  83  86  55  70  40  23  66  49 
 36  83  8  25  15  78  0  69  59  39  74  95  73  85  55  27  5  17  45  99  61  51  35 
 36  9  19  73  78  28  31  37  52  77  10  64  83  65  48  1  94  63  50  17  89  68  26  55  59  97  45  76  75  29  95  88  38  46 
 25  6  79  19  54  11  65  27  61  43  0  13  2  51  39  80  57  49  71  82  66  31 
 85  37  7  36  40  19  74  13  96  62  70  95  94  33  24  43  46  71  69  29  42  41  90  79  88  89  67 
 5  43  7  64  87  78  27  23  86  1  0  22  31  61  37  14  33  66  30  95 
 51  41  54  8  15  14  27  75  39  42  97  88  46  69  72  98  44  65  79  89  55  82  30  3  94  37  20 
 60  80  43  33  94  73  85  99  40  37  84  27  72  82  64  23  48  65  38  19  26  31  67  47 
 46  78  18  20  0  47  9  74  82  84  71  51  5  97  95  8  60  34  92  3  73  36  49  69  22  91 
 15  11  85  33  38  37  71  80  53  39  26  82  94  57  25  56  10  22  55 
 6  78  99  41  11  14  22  28  53  97  49  27  88  95  46  79  31  96  43  76  67  23  85  2  32  35  54  63 
 89  20  57  49  39  0  19  98  4  85  44  43  42  74  34  25  71 
 33  96  23  94  4  81  6  45  83  20  7  89  22  98  55  54  41  25  80 
 93  22  13  20  43  99  82  49  66  5  0  77  48  83  26  31  69  23  19  45  96 
 39  92  79  8  77  74  16  0  7  73  40  9  99  58  63  75  85  96  23  12  38  65  24  27  66  18  45  68  41  29 
 82  25  16  89  13  18  21  59  50  54  28  24  83  17  68  96  70  49  26  55  97  62  41  91  37  11 
 67  36  92  60  20  59  65  68  42  95  62  25  1  44  86  27  45  77  89  83  29  63  96  97 
 93  18  37  77  47  79  98  87  15  28  27  83  0  74  82  80  48  97  42  10  17  38  43  69  13  55  14 
 72  96  17  94  79  49  27  10  12  48  19  85  15  51  67  18  66  40  92  5 
 54  37  1  69  91  3  62  42  30  56  67  28  20  9  43  19  27  41  0 
 82  20  8  6  55  43  88  90  99  54  59  1  21  35  93  98  62  91  31  53  73  64  34  71  66  85  45  96  49  38  14  16  68  56  78  94  17  92 
 77  59  27  37  87  79  5  92  54  43  69  14  82  53  47  83  18  68  7  31  12  20  55  86  91  73 
 47  30  11  75  65  8  22  83  63  44  54  42  26  37  21  45  15  88  92  50  10  23  12  72  2  6  55  24  19  38 
 78  7  15  22  64  57  48  24  20  49  31  3 
 80  40  51  69  90  41  45  0  83  21  9  4  48  75  77  7  19  92 
 47  27  79  80  24  56  96  38  2  58  88  90  51  39  1  99  84  82  11  98  95  10 
 89  35  81  90  7  37  74  65  91  25  34  15  79  60  96  93  18  69  26  12  61  10  28  3  8 
 75  48  93  43  67  46  3  73  59  15  2  96  70  85  80 
 43  12  97  52  85  14  17  96  63  73  9  36  87  67  41  57  10  66  74  80 
 73  86  42  71  49  50  66  90  97  65  87  62  60  13  31  74  75  43  25  16  91  98  82  36 
 55  70  31  89  77  39  25  93  52  72  76  15  96  87  90  51  6  91 
 6  83  46  48  67  21  42  99  7  9  85  59  47  91  0  79  33  70  13  49  87  72  55  50  34 
 24  54  9  85  40  49  22  77  38  14  31  7  78  27  26  12  84  73  66  76  10  61  99  4  71  62  93  11  20  91 
 84  4  81  75  37  14  39  96  30  65  12  41  61  19  25  99  52  22  27  60  46  7 
 19  92  98  48  16  0  77  35  76  68  83  73  42  11  6  74  14  38  8  81  30  1 
 80  29  66  79  49  37  19  9  99  12  3  55  81  84  94  47  72  23  5  70 
 51  11  99  15  49  93  73  86  29  90  61  0  95  38  9  42  63  89  81  54  17  57  33  62  20  24  68  19 
 36  99  88  62  24  92  21  39  11  71  34  27  54  16  43  22  48  9  41  58  74  45  98 
 55  25  12  33  99  18  32  67  61  8  94  5  10  54  46  62  3  49  80  96  15  9  24  26  69  16  42  34  53  44  66  97  22  89 
 16  85  53  97  63  27  86  21  51  11  2  43  66  76  80  60 
 87  95  21  27  65  29  0  25  96  47  3  6  17  19  18  7  76  79  42  98 
 78  13  36  48  1  59  3  32  11  69  87  64  54  43  95  15  72  58  71  9  60  79  38  7 
 30  27  22  79  0  13  91  36  63  65  93  62  71  96  45  3  69  26  40  72  92  56  67  12  48 
 98  39  75  32  46  36  93  74  2  57  82  79  53  28  22  7  52  12  23  18  77  42  86  63  55  92  29  4  87  81  85  47  3 
 16  57  40  37  41  93  82  51  34  50  72  74  79  23  97  15  66  18  43  80  4  25  8  81  28  20  36  13  85  5 
 34  49  89  59  53  94  92  27  20  54  63  7  2  85  82  36 
 41  11  82  49  29  69  44  13  5  8  2  67  23  30  90  53  80  60  35  6 
 33  97  63  7  77  88  35  72  48  79  3  99  38  91 
 93  5  44  97  15  14  79  48  50  94  73  25  43  26  56  51  82  85 
 24  37  67  97  11  8  99  25  78  27  42  46  43  73  20  50  26  79  98  64  62  59  70  58  82  17  41  15  76  80 
 35  70  25  43  3  40  6  27  11  89  57  48  26  20  7  17  67  36  86  5  22  14  73  79 
 30  24  92  73  63  64  83  3  57  95  25  59  53  14  47  67 
 16  49  81  94  48  82  80  96  75  76  28  64  88  93  74  14  8  56  95  55  65  78  41  33  83  5 
 99  19  0  73  46  71  30  88  94  79  54  70  74  42 
 1  46  21  20  85  36  6  25  77  26  89  50  73  32  99  65  62  54  70  56  97  7 
 12  80  21  92  89  78  4  71  13  34  74  81  31  96  3  66  2  38  44  51  79  46  77  84 
 43  8  0  41  95  38  68  65  31  10  37  99  85  6 
 42  88  24  95  21  3  43  47  93  67  9  70  34  87  98  25  54  59  64  82  41  20  37 
 27  44  33  52  74  19  47  65  64  56  87  3  7  50  77  21  86  48  95  41  79  15 
 86  78  87  46  7  10  28  57  83  96  12  82  25  90  63  56  98  54  62 
 79  89  21  68  27  8  31  74  47  63  99  59  97  34  83  7  45  11  38  12  67  61  19  85  96  78  57 
 40  79  49  18  34  90  81  75  88  25  71  43  44  3  60  19  8  76  37  23  10  33  5 
 54  97  21  36  43  32  98  91  72  99  62  24  76  15  87  33  65  89  51  23  47  56  12  55  9 
 39  83  21  65  94  95  61  26  7  20  25  41  19 
 0  6  1  24  29  51  88  98  78  46  11  94  97  26  43  47  9  31  18  85  22  13 
 55  35  9  62  96  75  76  36  59  54  58  32  20  5  40 
 42  34  14  80  85  96  4  60  13  82  47  2  76  75  58  46  25  66  9  8  78  98  16  37  91  73 
 23  96  67  99  49  74  11  98  35  52  12  27  46  1  47  40  87  36 
 74  86  41  7  19  34  39  92  12  85  58  0  32  59  37  54  56  97  33  79  5  53  25  95  6  13  3  91  71  55  26 
 48  2  86  73  77  19  0  22  72  49  9  13  31  65  63  6  39  57  34  60  81  16  93  58  42  91  33  80 
 48  32  81  38  11  27  57  76  19  85  66  88  71  34  70  96  29  77  7 
 39  77  75  57  2  71  67  15  70  35  5  96  66  37  44  80  45  7  54  78  86  91 
 35  39  19  74  22  37  76  26  59  7  52  21  89  18  48  63  29  75  60  84 
 86  64  46  13  6  15  89  60  7  28  98  69  37  54  87  10  71  25  65  57  0  81  76 
 19  8  66  40  65  89  22  47  80  30  49  23  48  53  26  87  36  0  15  31  73  5  54  11  3  52  94  58  85  91  45  88  9  60  46  63  55 
 29  40  12  60  96  57  95  89  14  71  79  30  82  22  49  43  8  85  32  44  76  51  74  33  17  54 
 94  57  90  31  38  75  40  66  17  4  74  60  39  49  89  41  48  87  78 
 25  20  49  51  57  48  18  22  80  84  13  3  86  71  1  92  12  64  26  14  50  54  93  83  8  11  30  62  89  53  85  34  98 
 36  6  68  39  27  22  64  96  65  7  56  3  21  29  26  18  20  17  93  82  57  5 
 4  38  82  13  37  12  40  94  30  99  60  77 
 9  37  14  33  59  36  16  44  73  12  96  71  4  19  75  23  15  25  6  2  50  65  91  79  32  80  69  61  48  82  53  49 
 88  93  64  78  74  73  41  34  44  21  3  82  10  1  63  48  55  5  91  26  76 
 22  98  64  46  45  95  26  79  10  78  34  62  97  33  67  63  3  36  72  48  81  90  35  94 
 86  93  42  62  98  69  25  90  11  97  57  52  15  27  75  66  30  58  0  79  9  95  7 
 16  20  31  35  78  60  90  65  79  80  95  50  59  21  77  67  11  55  17  7  81  41  82  93  9  43 
 81  31  89  88  25  34  66  29  41  64  30  51  95  9  87  35 
 3  24  98  67  47  36  25  31  85  79  34  74  71  73  13  20  52  35  86  26  76  37 
 19  39  21  60  73  42  56  27  50  5  26  1  82  48  93  94  96  13  47  29  23  25  99 
 18  22  53  5  88  86  32  48  41  49  57  25  35  47  62  4  74  31  92  82  83  89  37 
 81  57  23  17  12  43  69  97  68  95  53  50  9  84  40  1  7  14  79  58  96  92  25  3  11  98  87 
 80  89  21  62  45  87  68  94  97  13  46  15  9  6  73  41  61  57  56  63  90  88  7  30  10 
 23  72  33  17  80  57  85  71  9  19  47  83  64  15  43  38  30  60  31  70  75  25  45  32  94  92  76  5  35  20  65  21  18  99 
 54  67  33  52  11  88  44  53  69  94  49  15  13  95  34  65  73  22  87  20  21  59  7  43 
 48  39  88  69  22  87  91  67  78  4  16  11  72  62  25  64  54  17  71  30  34  82  42  45  94 
 36  42  15  41  43  18  25  54  72  67  19  58  12  40  59  65  38  52  30  84  37  61  6  96  92 
-->CDecomWalshPart::vInitTrueLinkage-->GLBs: 1166
(Length: 4)  0  5  6  73 
(Length: 4)  0  6  8  39 
(Length: 3)  0  5  10 
(Length: 4)  0  5  13  18 
(Length: 4)  0  19  45  79 
(Length: 5)  0  16  19  39  74 
(Length: 4)  0  13  22  74 
(Length: 3)  0  6  36 
(Length: 5)  0  19  58  73  74 
(Length: 3)  0  6  45 
(Length: 4)  0  13  69  78 
(Length: 4)  0  19  29  45 
(Length: 4)  0  6  69  78 
(Length: 5)  0  6  39  73  74 
(Length: 4)  0  5  73  79 
(Length: 4)  0  36  47  79 
(Length: 5)  0  19  39  73  74 
(Length: 4)  0  19  24  41 
(Length: 4)  0  19  29  41 
(Length: 4)  0  22  47  79 
(Length: 4)  0  6  8  61 
(Length: 3)  0  8  13 
(Length: 4)  0  8  19  39 
(Length: 4)  0  13  73  74 
(Length: 3)  0  69  88 
(Length: 3)  0  10  22 
(Length: 3)  0  29  69 
(Length: 3)  0  24  69 
(Length: 3)  0  10  61 
(Length: 3)  0  10  78 
(Length: 3)  0  41  61 
(Length: 4)  0  18  19  45 
(Length: 5)  0  13  18  22  69 
(Length: 4)  0  19  41  73 
(Length: 4)  0  13  36  47 
(Length: 4)  0  5  13  73 
(Length: 4)  0  45  47  79 
(Length: 4)  0  58  79  88 
(Length: 4)  0  8  19  79 
(Length: 5)  0  19  58  73  79 
(Length: 5)  0  13  22  47  69 
(Length: 4)  1  21  25  59 
(Length: 3)  1  21  86 
(Length: 3)  1  30  39 
(Length: 4)  1  25  82  92 
(Length: 3)  1  46  69 
(Length: 4)  1  7  46  59 
(Length: 4)  1  25  92  94 
(Length: 3)  1  69  94 
(Length: 3)  1  39  92 
(Length: 4)  1  21  25  92 
(Length: 3)  1  82  86 
(Length: 3)  1  10  86 
(Length: 3)  1  7  94 
(Length: 3)  1  10  30 
(Length: 3)  1  7  10 
(Length: 3)  1  46  72 
(Length: 3)  1  24  30 
(Length: 3)  1  30  82 
(Length: 3)  1  24  69 
(Length: 3)  2  71  85 
(Length: 3)  2  30  51 
(Length: 4)  2  44  51  60 
(Length: 3)  2  15  76 
(Length: 3)  2  15  27 
(Length: 3)  2  44  85 
(Length: 3)  2  50  85 
(Length: 3)  2  8  27 
(Length: 3)  2  60  71 
(Length: 3)  2  27  44 
(Length: 3)  2  27  50 
(Length: 3)  2  8  71 
(Length: 4)  2  32  48  85 
(Length: 3)  2  8  51 
(Length: 3)  2  60  74 
(Length: 3)  2  48  74 
(Length: 3)  2  71  76 
(Length: 4)  2  15  32  85 
(Length: 3)  2  44  76 
(Length: 3)  2  27  30 
(Length: 4)  3  55  73  86 
(Length: 4)  3  13  73  91 
(Length: 4)  3  46  60  79 
(Length: 3)  3  24  91 
(Length: 3)  3  11  82 
(Length: 3)  3  56  73 
(Length: 3)  3  82  83 
(Length: 3)  3  24  28 
(Length: 4)  3  73  86  91 
(Length: 4)  3  48  55  86 
(Length: 4)  3  48  55  79 
(Length: 3)  3  43  55 
(Length: 4)  3  32  46  48 
(Length: 4)  3  31  60  79 
(Length: 4)  3  13  46  60 
(Length: 4)  3  11  55  79 
(Length: 4)  3  11  79  94 
(Length: 4)  3  48  63  86 
(Length: 5)  3  48  63  79  87 
(Length: 3)  3  62  82 
(Length: 4)  3  73  79  91 
(Length: 4)  3  40  79  94 
(Length: 4)  3  47  79  91 
(Length: 4)  3  52  79  91 
(Length: 3)  3  13  82 
(Length: 4)  3  31  79  91 
(Length: 4)  3  13  47  91 
(Length: 4)  3  40  66  79 
(Length: 3)  3  24  56 
(Length: 5)  3  47  48  63  79 
(Length: 4)  3  40  55  79 
(Length: 4)  3  40  47  79 
(Length: 4)  3  45  79  87 
(Length: 4)  3  47  56  63 
(Length: 3)  3  56  83 
(Length: 3)  3  47  62 
(Length: 4)  3  11  46  79 
(Length: 4)  3  45  47  79 
(Length: 4)  3  48  82  86 
(Length: 3)  3  28  48 
(Length: 4)  3  24  43  62 
(Length: 5)  3  46  48  79  87 
(Length: 3)  3  43  66 
(Length: 3)  3  32  73 
(Length: 3)  3  62  87 
(Length: 3)  3  43  94 
(Length: 4)  3  32  43  46 
(Length: 4)  3  79  87  94 
(Length: 3)  3  28  31 
(Length: 4)  3  60  66  79 
(Length: 5)  3  48  52  63  79 
(Length: 4)  3  55  73  79 
(Length: 4)  4  38  60  84 
(Length: 3)  4  48  98 
(Length: 4)  4  37  38  84 
(Length: 3)  4  17  98 
(Length: 4)  4  37  49  93 
(Length: 3)  4  48  93 
(Length: 4)  4  37  71  85 
(Length: 4)  4  16  71  98 
(Length: 3)  4  48  81 
(Length: 3)  4  48  85 
(Length: 3)  4  29  48 
(Length: 3)  4  17  81 
(Length: 4)  4  16  71  85 
(Length: 4)  4  16  49  85 
(Length: 4)  4  38  60  81 
(Length: 3)  4  60  71 
(Length: 3)  4  49  81 
(Length: 4)  4  37  49  85 
(Length: 4)  5  10  23  66 
(Length: 4)  5  18  83  93 
(Length: 4)  5  23  49  51 
(Length: 4)  5  40  55  70 
(Length: 4)  5  49  57  93 
(Length: 4)  5  57  83  96 
(Length: 3)  5  66  76 
(Length: 4)  5  23  92  96 
(Length: 4)  5  57  76  96 
(Length: 3)  5  51  53 
(Length: 4)  5  18  83  96 
(Length: 6)  5  23  40  49  66  79 
(Length: 3)  5  6  51 
(Length: 4)  5  6  55  73 
(Length: 3)  5  6  83 
(Length: 4)  5  57  83  93 
(Length: 4)  5  13  73  92 
(Length: 4)  5  40  55  79 
(Length: 4)  5  18  43  96 
(Length: 4)  5  18  26  83 
(Length: 5)  5  26  55  73  86 
(Length: 3)  5  55  57 
(Length: 4)  5  26  43  55 
(Length: 4)  5  26  43  53 
(Length: 5)  5  18  43  49  66 
(Length: 5)  5  26  53  73  79 
(Length: 4)  5  10  43  66 
(Length: 5)  5  18  23  49  66 
(Length: 3)  5  76  86 
(Length: 3)  5  53  93 
(Length: 3)  5  86  93 
(Length: 4)  5  26  73  92 
(Length: 4)  5  18  23  96 
(Length: 4)  5  13  49  51 
(Length: 5)  5  26  55  73  79 
(Length: 4)  5  18  26  43 
(Length: 3)  5  92  93 
(Length: 4)  5  13  18  49 
(Length: 3)  5  10  86 
(Length: 4)  5  70  76  96 
(Length: 4)  5  18  49  93 
(Length: 3)  6  15  27 
(Length: 4)  6  17  25  45 
(Length: 5)  6  25  59  73  85 
(Length: 3)  6  73  95 
(Length: 3)  6  8  25 
(Length: 3)  6  8  27 
(Length: 3)  6  8  51 
(Length: 3)  6  39  83 
(Length: 3)  6  15  35 
(Length: 3)  6  27  45 
(Length: 3)  6  15  78 
(Length: 3)  6  27  83 
(Length: 3)  6  15  85 
(Length: 3)  6  15  95 
(Length: 3)  6  15  99 
(Length: 4)  6  36  59  99 
(Length: 4)  6  25  35  55 
(Length: 4)  6  17  25  55 
(Length: 3)  6  25  78 
(Length: 3)  6  17  83 
(Length: 3)  6  45  95 
(Length: 3)  6  36  55 
(Length: 4)  6  36  59  85 
(Length: 3)  6  36  83 
(Length: 3)  6  35  39 
(Length: 3)  6  35  51 
(Length: 3)  6  51  69 
(Length: 3)  6  61  85 
(Length: 3)  6  61  95 
(Length: 3)  6  61  99 
(Length: 3)  6  69  85 
(Length: 4)  6  25  55  73 
(Length: 4)  6  25  59  99 
(Length: 3)  6  27  55 
(Length: 4)  7  9  19  29 
(Length: 4)  7  50  59  89 
(Length: 4)  7  36  48  55 
(Length: 4)  7  75  76  77 
(Length: 4)  7  37  76  78 
(Length: 3)  7  17  45 
(Length: 4)  7  10  31  37 
(Length: 4)  7  19  63  77 
(Length: 4)  7  10  64  78 
(Length: 4)  7  65  68  83 
(Length: 4)  7  26  55  73 
(Length: 3)  7  10  95 
(Length: 3)  7  50  63 
(Length: 3)  7  29  83 
(Length: 5)  7  19  29  75  77 
(Length: 3)  7  63  95 
(Length: 4)  7  31  65  89 
(Length: 4)  7  26  68  83 
(Length: 4)  7  9  46  95 
(Length: 4)  7  26  37  73 
(Length: 4)  7  37  76  77 
(Length: 4)  7  68  94  95 
(Length: 4)  7  9  94  95 
(Length: 3)  7  75  88 
(Length: 4)  7  65  78  89 
(Length: 4)  7  94  95  97 
(Length: 4)  7  26  59  73 
(Length: 3)  7  50  94 
(Length: 3)  7  28  31 
(Length: 4)  7  19  38  75 
(Length: 3)  7  28  48 
(Length: 4)  7  9  89  95 
(Length: 4)  7  26  37  77 
(Length: 3)  7  63  64 
(Length: 4)  7  26  59  77 
(Length: 4)  7  19  65  68 
(Length: 3)  7  64  83 
(Length: 4)  7  19  63  65 
(Length: 4)  7  52  88  97 
(Length: 4)  7  36  46  48 
(Length: 4)  7  59  65  97 
(Length: 3)  7  38  46 
(Length: 4)  7  10  37  78 
(Length: 4)  7  9  36  46 
(Length: 3)  7  19  73 
(Length: 4)  7  88  95  97 
(Length: 3)  7  9  37 
(Length: 4)  7  59  73  97 
(Length: 3)  7  45  95 
(Length: 4)  7  19  38  65 
(Length: 4)  7  19  45  65 
(Length: 4)  7  36  46  59 
(Length: 4)  7  19  29  45 
(Length: 4)  7  59  65  89 
(Length: 4)  7  9  88  95 
(Length: 4)  7  59  77  89 
(Length: 4)  7  73  95  97 
(Length: 5)  7  29  48  75  77 
(Length: 3)  7  17  94 
(Length: 3)  7  36  83 
(Length: 4)  7  46  64  78 
(Length: 4)  7  28  64  78 
(Length: 3)  7  17  83 
(Length: 5)  7  48  52  63  77 
(Length: 3)  7  45  76 
(Length: 4)  7  17  55  89 
(Length: 3)  7  37  38 
(Length: 4)  7  26  31  37 
(Length: 3)  7  38  52 
(Length: 4)  7  36  50  59 
(Length: 3)  8  57  65 
(Length: 3)  8  25  31 
(Length: 4)  8  19  66  79 
(Length: 4)  8  25  49  82 
(Length: 4)  8  13  71  82 
(Length: 4)  8  31  65  79 
(Length: 5)  8  13  49  51  82 
(Length: 4)  8  11  54  82 
(Length: 4)  8  11  54  79 
(Length: 4)  8  31  61  65 
(Length: 4)  8  25  71  82 
(Length: 4)  8  11  27  65 
(Length: 4)  8  11  51  82 
(Length: 3)  8  11  39 
(Length: 4)  8  19  27  65 
(Length: 4)  8  49  79  80 
(Length: 4)  8  71  80  82 
(Length: 3)  8  43  61 
(Length: 5)  8  49  51  80  82 
(Length: 4)  8  54  79  80 
(Length: 4)  8  19  65  79 
(Length: 4)  8  25  66  71 
(Length: 5)  8  25  43  49  66 
(Length: 4)  8  25  54  82 
(Length: 4)  8  25  43  54 
(Length: 4)  8  49  66  79 
(Length: 4)  8  43  49  80 
(Length: 5)  8  49  57  80  82 
(Length: 4)  8  11  65  79 
(Length: 4)  8  54  80  82 
(Length: 4)  8  11  27  54 
(Length: 4)  8  43  54  80 
(Length: 3)  9  69  88 
(Length: 4)  9  62  88  95 
(Length: 4)  9  24  43  69 
(Length: 3)  9  62  70 
(Length: 4)  9  43  67  89 
(Length: 4)  9  33  43  96 
(Length: 5)  9  41  89  90  95 
(Length: 3)  9  33  74 
(Length: 3)  9  42  74 
(Length: 3)  9  69  85 
(Length: 4)  9  19  24  41 
(Length: 4)  9  37  71  85 
(Length: 4)  9  19  29  40 
(Length: 3)  9  19  74 
(Length: 4)  9  19  29  41 
(Length: 3)  9  29  69 
(Length: 3)  9  40  70 
(Length: 4)  9  19  40  79 
(Length: 4)  9  19  79  85 
(Length: 5)  9  24  41  42  62 
(Length: 5)  9  24  43  62  67 
(Length: 3)  9  42  71 
(Length: 3)  9  33  41 
(Length: 4)  9  33  43  67 
(Length: 4)  9  33  36  85 
(Length: 4)  9  43  46  69 
(Length: 3)  9  70  96 
(Length: 4)  9  36  79  85 
(Length: 3)  9  79  89 
(Length: 4)  9  19  85  96 
(Length: 4)  9  40  79  94 
(Length: 4)  9  41  62  95 
(Length: 4)  9  42  62  88 
(Length: 4)  9  88  90  95 
(Length: 4)  9  43  69  94 
(Length: 4)  9  33  85  96 
(Length: 4)  9  43  94  96 
(Length: 4)  9  24  37  62 
(Length: 3)  9  79  88 
(Length: 4)  9  29  41  90 
(Length: 3)  9  36  42 
(Length: 4)  9  33  36  67 
(Length: 4)  9  13  46  69 
(Length: 3)  9  37  40 
(Length: 4)  9  13  36  46 
(Length: 3)  9  36  70 
(Length: 4)  9  13  46  71 
(Length: 3)  9  13  74 
(Length: 4)  9  71  85  96 
(Length: 4)  9  36  46  79 
(Length: 4)  9  13  46  95 
(Length: 5)  9  24  42  43  62 
(Length: 3)  10  43  61 
(Length: 3)  10  22  43 
(Length: 4)  10  33  43  66 
(Length: 3)  10  14  33 
(Length: 4)  10  22  27  37 
(Length: 3)  10  87  95 
(Length: 4)  10  31  37  61 
(Length: 3)  10  23  27 
(Length: 3)  10  30  95 
(Length: 3)  10  27  30 
(Length: 3)  10  22  87 
(Length: 3)  10  37  66 
(Length: 4)  10  64  78  87 
(Length: 3)  10  33  87 
(Length: 4)  10  14  22  37 
(Length: 4)  10  64  78  86 
(Length: 3)  10  61  95 
(Length: 4)  11  27  30  88 
(Length: 3)  11  27  44 
(Length: 3)  11  27  55 
(Length: 3)  11  27  72 
(Length: 4)  11  27  75  88 
(Length: 4)  11  20  37  54 
(Length: 4)  11  41  42  54 
(Length: 4)  11  42  54  98 
(Length: 4)  11  15  79  88 
(Length: 4)  11  15  88  97 
(Length: 4)  11  20  54  97 
(Length: 4)  11  15  54  97 
(Length: 4)  11  27  37  54 
(Length: 4)  11  30  82  98 
(Length: 3)  11  41  51 
(Length: 5)  11  15  46  54  79 
(Length: 3)  11  14  94 
(Length: 4)  11  20  82  89 
(Length: 4)  11  15  27  88 
(Length: 4)  11  30  39  98 
(Length: 3)  11  44  97 
(Length: 3)  11  44  51 
(Length: 4)  11  30  88  98 
(Length: 4)  11  30  79  88 
(Length: 4)  11  27  42  88 
(Length: 4)  11  54  82  98 
(Length: 4)  11  69  94  97 
(Length: 4)  11  15  27  54 
(Length: 4)  11  15  41  54 
(Length: 3)  11  14  15 
(Length: 3)  11  14  82 
(Length: 4)  11  20  54  82 
(Length: 3)  11  46  69 
(Length: 3)  11  14  55 
(Length: 3)  11  72  98 
(Length: 3)  11  46  72 
(Length: 4)  11  27  42  54 
(Length: 4)  11  20  55  89 
(Length: 4)  11  65  79  89 
(Length: 3)  11  65  97 
(Length: 4)  11  69  88  97 
(Length: 4)  11  55  79  89 
(Length: 4)  11  30  51  82 
(Length: 4)  11  69  88  98 
(Length: 4)  11  69  94  98 
(Length: 3)  11  14  39 
(Length: 3)  11  14  37 
(Length: 4)  11  42  88  98 
(Length: 4)  11  20  41  89 
(Length: 3)  11  51  69 
(Length: 4)  11  39  42  98 
(Length: 4)  11  20  41  54 
(Length: 4)  12  26  27  37 
(Length: 4)  12  40  47  72 
(Length: 3)  12  26  43 
(Length: 3)  12  47  48 
(Length: 3)  12  43  94 
(Length: 4)  12  27  47  65 
(Length: 4)  12  27  47  72 
(Length: 3)  12  26  82 
(Length: 4)  12  26  37  73 
(Length: 4)  12  23  40  94 
(Length: 4)  12  26  31  37 
(Length: 4)  12  40  72  99 
(Length: 5)  12  19  27  38  65 
(Length: 4)  12  43  67  99 
(Length: 4)  12  23  67  72 
(Length: 4)  12  26  27  47 
(Length: 4)  12  19  23  40 
(Length: 3)  12  31  60 
(Length: 3)  12  60  80 
(Length: 3)  12  31  65 
(Length: 4)  12  47  67  72 
(Length: 4)  12  65  67  99 
(Length: 5)  12  37  40  84  99 
(Length: 4)  12  19  40  99 
(Length: 4)  12  80  82  85 
(Length: 4)  12  19  73  85 
(Length: 4)  12  23  48  85 
(Length: 4)  12  40  84  94 
(Length: 3)  12  64  82 
(Length: 4)  12  23  27  72 
(Length: 4)  12  19  23  27 
(Length: 4)  12  27  37  38 
(Length: 4)  12  38  60  84 
(Length: 4)  12  47  65  67 
(Length: 4)  12  19  65  85 
(Length: 5)  12  19  38  65  99 
(Length: 4)  12  23  40  72 
(Length: 4)  12  33  80  85 
(Length: 4)  12  67  72  99 
(Length: 3)  12  82  84 
(Length: 5)  12  37  38  84  99 
(Length: 3)  12  40  80 
(Length: 4)  12  37  73  85 
(Length: 4)  12  48  82  85 
(Length: 4)  12  33  43  80 
(Length: 4)  12  33  73  85 
(Length: 4)  12  19  23  85 
(Length: 4)  12  33  43  67 
(Length: 4)  13  34  49  82 
(Length: 4)  13  34  36  91 
(Length: 3)  13  82  84 
(Length: 3)  13  20  91 
(Length: 4)  13  34  49  97 
(Length: 4)  13  18  22  82 
(Length: 4)  13  73  95  97 
(Length: 4)  13  20  49  97 
(Length: 4)  13  22  69  97 
(Length: 4)  13  47  71  91 
(Length: 4)  13  36  47  91 
(Length: 3)  13  51  60 
(Length: 3)  13  47  92 
(Length: 3)  13  60  92 
(Length: 5)  13  34  73  74  91 
(Length: 4)  13  34  49  74 
(Length: 3)  13  51  69 
(Length: 4)  13  46  69  78 
(Length: 5)  13  34  71  73  91 
(Length: 5)  13  46  60  71  78 
(Length: 4)  13  34  60  74 
(Length: 3)  13  60  84 
(Length: 4)  13  34  36  49 
(Length: 5)  13  18  20  49  82 
(Length: 3)  13  82  92 
(Length: 4)  13  34  60  71 
(Length: 4)  13  34  71  82 
(Length: 4)  13  34  73  97 
(Length: 4)  14  57  80  82 
(Length: 5)  14  71  80  82  85 
(Length: 4)  14  25  53  94 
(Length: 5)  14  25  53  82  85 
(Length: 4)  14  26  53  82 
(Length: 3)  14  26  55 
(Length: 3)  14  56  57 
(Length: 4)  14  33  80  85 
(Length: 4)  14  22  37  38 
(Length: 3)  14  22  55 
(Length: 3)  14  15  22 
(Length: 4)  14  37  71  85 
(Length: 4)  14  22  80  82 
(Length: 4)  14  25  53  56 
(Length: 5)  14  25  71  82  85 
(Length: 3)  14  38  39 
(Length: 3)  14  57  94 
(Length: 3)  14  26  37 
(Length: 4)  14  33  57  80 
(Length: 4)  14  15  53  85 
(Length: 3)  14  55  57 
(Length: 3)  14  25  55 
(Length: 3)  14  25  38 
(Length: 4)  15  54  76  78 
(Length: 4)  15  54  67  76 
(Length: 4)  15  32  43  67 
(Length: 4)  15  43  49  97 
(Length: 3)  15  46  95 
(Length: 5)  15  43  54  67  99 
(Length: 3)  15  63  79 
(Length: 4)  15  41  63  95 
(Length: 4)  15  35  76  96 
(Length: 4)  15  31  35  96 
(Length: 4)  15  32  43  46 
(Length: 4)  15  32  85  96 
(Length: 3)  15  22  79 
(Length: 3)  15  31  79 
(Length: 4)  15  23  85  96 
(Length: 4)  15  43  53  97 
(Length: 4)  15  32  43  96 
(Length: 3)  15  28  49 
(Length: 4)  15  22  43  97 
(Length: 3)  15  28  31 
(Length: 3)  15  22  27 
(Length: 3)  15  27  63 
(Length: 3)  15  28  78 
(Length: 3)  15  22  28 
(Length: 3)  15  23  27 
(Length: 3)  15  23  67 
(Length: 4)  15  41  54  99 
(Length: 5)  15  23  49  79  85 
(Length: 4)  15  53  79  85 
(Length: 3)  15  41  49 
(Length: 4)  15  43  46  54 
(Length: 4)  15  46  54  78 
(Length: 4)  15  88  95  97 
(Length: 4)  15  43  96  99 
(Length: 5)  15  43  54  67  97 
(Length: 4)  16  34  49  74 
(Length: 4)  16  25  71  85 
(Length: 4)  16  25  49  85 
(Length: 3)  16  20  89 
(Length: 5)  16  25  34  71  98 
(Length: 4)  16  34  42  43 
(Length: 4)  16  34  42  74 
(Length: 5)  16  25  34  43  49 
(Length: 3)  16  43  44 
(Length: 3)  16  44  85 
(Length: 4)  16  20  25  49 
(Length: 4)  16  39  42  74 
(Length: 4)  16  39  42  98 
(Length: 5)  16  34  42  71  98 
(Length: 3)  16  19  85 
(Length: 3)  16  43  89 
(Length: 4)  16  49  57  74 
(Length: 3)  17  80  89 
(Length: 3)  17  81  94 
(Length: 4)  17  20  25  55 
(Length: 3)  17  22  98 
(Length: 3)  17  54  80 
(Length: 4)  17  20  83  96 
(Length: 4)  17  20  25  96 
(Length: 3)  17  22  83 
(Length: 4)  17  25  45  98 
(Length: 4)  17  25  45  96 
(Length: 4)  17  25  94  96 
(Length: 3)  17  33  41 
(Length: 4)  17  23  94  96 
(Length: 3)  17  22  55 
(Length: 4)  17  25  94  98 
(Length: 4)  17  20  25  54 
(Length: 4)  17  20  55  89 
(Length: 4)  17  25  54  98 
(Length: 4)  17  20  41  89 
(Length: 4)  17  33  80  96 
(Length: 3)  17  22  80 
(Length: 4)  17  41  81  89 
(Length: 4)  17  20  41  54 
(Length: 4)  18  26  31  69 
(Length: 4)  18  19  23  66 
(Length: 4)  18  43  96  99 
(Length: 5)  18  20  26  82  83 
(Length: 5)  18  22  82  83  93 
(Length: 4)  18  22  48  77 
(Length: 4)  18  19  23  96 
(Length: 4)  18  26  43  69 
(Length: 5)  18  22  48  82  93 
(Length: 3)  18  31  96 
(Length: 4)  18  20  83  96 
(Length: 4)  18  49  82  93 
(Length: 4)  18  19  45  96 
(Length: 4)  18  19  96  99 
(Length: 3)  18  19  77 
(Length: 3)  18  23  48 
(Length: 3)  18  31  93 
(Length: 3)  18  26  77 
(Length: 4)  18  22  43  69 
(Length: 3)  19  38  39 
(Length: 4)  19  63  74  77 
(Length: 4)  19  38  41  99 
(Length: 3)  19  41  63 
(Length: 4)  19  27  63  65 
(Length: 3)  19  41  68 
(Length: 4)  19  39  73  92 
(Length: 4)  19  27  38  75 
(Length: 3)  19  58  99 
(Length: 4)  19  39  74  77 
(Length: 3)  19  39  68 
(Length: 3)  19  66  75 
(Length: 5)  19  23  40  66  79 
(Length: 3)  19  29  92 
(Length: 5)  19  38  65  96  99 
(Length: 4)  19  65  79  85 
(Length: 4)  19  65  85  96 
(Length: 4)  19  23  27  92 
(Length: 4)  19  63  65  74 
(Length: 4)  19  63  65  79 
(Length: 4)  19  38  75  96 
(Length: 4)  19  23  92  96 
(Length: 4)  19  92  96  99 
(Length: 4)  19  75  85  96 
(Length: 4)  19  73  79  85 
(Length: 4)  19  45  65  96 
(Length: 4)  19  45  65  79 
(Length: 4)  19  23  85  96 
(Length: 3)  19  24  27 
(Length: 4)  19  27  45  65 
(Length: 4)  19  23  79  85 
(Length: 3)  20  25  91 
(Length: 5)  20  24  41  54  62 
(Length: 4)  20  26  68  83 
(Length: 3)  20  41  68 
(Length: 5)  20  21  25  59  62 
(Length: 4)  20  21  68  83 
(Length: 4)  20  26  37  54 
(Length: 3)  20  70  96 
(Length: 4)  20  50  82  89 
(Length: 3)  20  41  49 
(Length: 3)  20  37  49 
(Length: 4)  20  50  59  89 
(Length: 4)  20  50  54  59 
(Length: 4)  20  26  54  59 
(Length: 4)  20  25  49  82 
(Length: 5)  20  54  59  62  70 
(Length: 5)  20  25  54  62  82 
(Length: 4)  20  21  59  97 
(Length: 5)  20  25  54  59  62 
(Length: 4)  20  54  59  97 
(Length: 5)  20  24  37  54  62 
(Length: 4)  20  26  37  91 
(Length: 3)  20  28  49 
(Length: 4)  20  24  37  91 
(Length: 4)  20  21  25  96 
(Length: 4)  20  21  25  68 
(Length: 4)  20  21  59  89 
(Length: 3)  20  24  28 
(Length: 3)  20  55  70 
(Length: 4)  20  26  54  82 
(Length: 4)  20  50  54  82 
(Length: 4)  20  21  83  96 
(Length: 3)  20  26  55 
(Length: 4)  20  49  50  82 
(Length: 3)  21  68  95 
(Length: 3)  21  89  95 
(Length: 4)  21  45  65  96 
(Length: 4)  21  25  92  96 
(Length: 3)  21  95  97 
(Length: 3)  21  62  67 
(Length: 3)  21  44  60 
(Length: 3)  21  63  77 
(Length: 4)  21  27  42  92 
(Length: 4)  21  65  67  89 
(Length: 4)  21  27  42  45 
(Length: 4)  21  60  92  96 
(Length: 3)  21  36  83 
(Length: 3)  21  36  67 
(Length: 4)  21  27  45  65 
(Length: 3)  21  42  62 
(Length: 3)  21  45  95 
(Length: 4)  21  25  45  96 
(Length: 3)  21  36  59 
(Length: 4)  21  59  77  89 
(Length: 4)  21  27  44  63 
(Length: 4)  21  65  68  83 
(Length: 3)  21  29  83 
(Length: 4)  21  59  65  97 
(Length: 3)  21  29  92 
(Length: 4)  21  65  83  96 
(Length: 3)  21  36  42 
(Length: 4)  21  60  77  89 
(Length: 4)  21  44  63  86 
(Length: 4)  21  27  63  65 
(Length: 3)  21  62  95 
(Length: 3)  21  44  97 
(Length: 4)  21  59  65  89 
(Length: 4)  21  65  67  97 
(Length: 4)  21  27  65  83 
(Length: 3)  21  29  77 
(Length: 3)  21  29  45 
(Length: 3)  21  63  95 
(Length: 4)  22  48  74  77 
(Length: 4)  22  42  48  74 
(Length: 3)  22  43  80 
(Length: 3)  22  79  80 
(Length: 4)  22  48  55  79 
(Length: 3)  22  27  47 
(Length: 4)  22  48  74  93 
(Length: 4)  22  48  79  87 
(Length: 4)  22  47  48  79 
(Length: 3)  22  43  55 
(Length: 3)  22  27  42 
(Length: 4)  22  43  69  97 
(Length: 3)  22  74  80 
(Length: 4)  22  47  48  93 
(Length: 3)  22  37  77 
(Length: 4)  22  27  37  38 
(Length: 3)  22  37  93 
(Length: 3)  22  42  43 
(Length: 3)  22  69  98 
(Length: 3)  22  28  48 
(Length: 4)  22  42  48  98 
(Length: 4)  22  48  82  98 
(Length: 3)  22  87  97 
(Length: 4)  22  48  87  98 
(Length: 3)  22  27  55 
(Length: 3)  22  27  83 
(Length: 4)  23  40  79  94 
(Length: 4)  23  40  49  72 
(Length: 4)  23  48  79  85 
(Length: 3)  23  51  67 
(Length: 3)  23  48  92 
(Length: 4)  23  92  94  96 
(Length: 3)  23  72  96 
(Length: 4)  24  27  37  54 
(Length: 3)  24  27  30 
(Length: 3)  24  56  67 
(Length: 5)  24  41  42  54  62 
(Length: 3)  24  30  56 
(Length: 5)  24  43  54  62  67 
(Length: 4)  24  27  42  54 
(Length: 5)  24  42  43  54  62 
(Length: 3)  24  67  91 
(Length: 4)  25  31  34  91 
(Length: 4)  25  34  66  71 
(Length: 4)  25  56  59  73 
(Length: 4)  25  53  73  85 
(Length: 4)  25  43  54  99 
(Length: 5)  25  34  71  73  91 
(Length: 3)  25  68  94 
(Length: 3)  25  64  90 
(Length: 4)  25  92  96  99 
(Length: 5)  25  34  71  91  98 
(Length: 4)  25  56  73  92 
(Length: 5)  25  71  73  85  91 
(Length: 4)  25  53  82  93 
(Length: 5)  25  34  71  82  98 
(Length: 4)  25  71  85  96 
(Length: 5)  25  54  64  78  98 
(Length: 4)  25  31  35  90 
(Length: 4)  25  54  59  73 
(Length: 4)  25  62  88  93 
(Length: 4)  25  34  66  90 
(Length: 4)  25  49  82  85 
(Length: 4)  25  62  82  93 
(Length: 4)  25  49  82  93 
(Length: 3)  25  64  96 
(Length: 4)  25  82  92  93 
(Length: 4)  25  43  96  99 
(Length: 4)  25  66  88  90 
(Length: 4)  25  43  94  96 
(Length: 4)  25  92  94  96 
(Length: 5)  25  34  62  82  98 
(Length: 4)  25  53  56  73 
(Length: 4)  25  54  59  99 
(Length: 6)  25  54  62  64  82  98 
(Length: 3)  25  43  55 
(Length: 4)  25  71  78  98 
(Length: 4)  25  31  35  96 
(Length: 4)  25  31  35  93 
(Length: 4)  25  31  35  91 
(Length: 4)  25  31  34  90 
(Length: 4)  25  38  96  99 
(Length: 5)  25  34  43  49  66 
(Length: 3)  25  56  64 
(Length: 4)  25  34  49  82 
(Length: 4)  25  43  54  62 
(Length: 4)  25  62  88  98 
(Length: 4)  25  43  53  94 
(Length: 4)  25  34  43  62 
(Length: 3)  26  82  86 
(Length: 4)  26  37  54  73 
(Length: 3)  26  47  69 
(Length: 4)  26  27  37  54 
(Length: 3)  26  79  87 
(Length: 4)  26  37  73  91 
(Length: 3)  26  27  55 
(Length: 3)  26  27  83 
(Length: 3)  26  82  92 
(Length: 4)  26  31  37  91 
(Length: 4)  26  54  59  73 
(Length: 4)  26  73  86  91 
(Length: 3)  26  43  54 
(Length: 4)  26  73  79  91 
(Length: 4)  26  27  47  92 
(Length: 4)  26  47  79  91 
(Length: 4)  26  31  79  91 
(Length: 4)  26  54  73  79 
(Length: 4)  27  47  63  65 
(Length: 4)  27  45  47  65 
(Length: 3)  27  50  63 
(Length: 3)  27  50  54 
(Length: 3)  27  50  92 
(Length: 3)  27  30  38 
(Length: 3)  27  30  47 
(Length: 3)  28  49  57 
(Length: 4)  28  57  64  78 
(Length: 3)  28  48  57 
(Length: 3)  29  51  69 
(Length: 4)  29  41  51  90 
(Length: 3)  29  51  80 
(Length: 3)  29  40  80 
(Length: 3)  29  48  92 
(Length: 3)  30  47  56 
(Length: 4)  30  58  79  88 
(Length: 3)  30  47  79 
(Length: 3)  30  56  95 
(Length: 3)  30  58  99 
(Length: 4)  30  88  90  95 
(Length: 3)  30  38  39 
(Length: 3)  30  47  96 
(Length: 3)  30  80  96 
(Length: 4)  30  38  84  99 
(Length: 3)  30  82  84 
(Length: 4)  30  51  80  82 
(Length: 3)  30  51  90 
(Length: 4)  30  38  96  99 
(Length: 3)  30  79  80 
(Length: 3)  30  80  95 
(Length: 4)  31  34  65  74 
(Length: 3)  31  74  93 
(Length: 4)  31  60  81  89 
(Length: 4)  31  34  60  74 
(Length: 4)  31  35  89  93 
(Length: 4)  31  81  89  90 
(Length: 4)  31  65  79  89 
(Length: 3)  31  60  96 
(Length: 3)  31  37  93 
(Length: 4)  31  34  74  91 
(Length: 4)  31  35  89  90 
(Length: 3)  31  65  96 
(Length: 4)  31  60  74  81 
(Length: 4)  31  60  79  89 
(Length: 3)  32  48  93 
(Length: 4)  32  80  85  96 
(Length: 4)  32  43  80  96 
(Length: 3)  32  46  59 
(Length: 4)  32  48  75  85 
(Length: 3)  32  59  70 
(Length: 4)  32  70  75  96 
(Length: 4)  32  75  85  96 
(Length: 4)  32  59  73  85 
(Length: 4)  33  80  85  96 
(Length: 4)  33  57  74  80 
(Length: 4)  33  43  67  97 
(Length: 4)  33  43  80  96 
(Length: 3)  33  52  97 
(Length: 3)  33  63  87 
(Length: 3)  33  52  63 
(Length: 3)  33  73  74 
(Length: 4)  33  67  87  97 
(Length: 3)  33  41  63 
(Length: 3)  33  73  97 
(Length: 4)  33  36  67  87 
(Length: 4)  33  57  80  96 
(Length: 3)  33  63  74 
(Length: 3)  33  41  57 
(Length: 3)  33  41  73 
(Length: 3)  34  65  97 
(Length: 5)  34  73  74  86  91 
(Length: 4)  34  62  87  98 
(Length: 3)  34  36  42 
(Length: 4)  34  36  49  50 
(Length: 4)  34  42  62  98 
(Length: 4)  34  43  49  97 
(Length: 4)  34  66  71  75 
(Length: 4)  34  49  50  82 
(Length: 3)  34  36  87 
(Length: 3)  34  87  97 
(Length: 3)  34  87  90 
(Length: 3)  34  82  86 
(Length: 4)  34  42  43  62 
(Length: 4)  34  60  66  71 
(Length: 4)  35  39  76  77 
(Length: 4)  35  70  76  96 
(Length: 3)  35  52  91 
(Length: 3)  35  87  90 
(Length: 3)  35  55  89 
(Length: 3)  35  55  70 
(Length: 3)  35  52  72 
(Length: 3)  35  72  96 
(Length: 3)  35  72  87 
(Length: 3)  35  52  77 
(Length: 3)  35  51  90 
(Length: 3)  35  76  91 
(Length: 3)  35  77  89 
(Length: 4)  36  46  72  87 
(Length: 4)  36  47  67  72 
(Length: 4)  36  47  79  91 
(Length: 5)  36  46  48  79  87 
(Length: 4)  36  47  48  79 
(Length: 4)  36  48  79  85 
(Length: 3)  36  55  67 
(Length: 4)  36  49  50  85 
(Length: 3)  36  42  99 
(Length: 3)  36  42  48 
(Length: 4)  36  67  72  87 
(Length: 4)  36  49  79  85 
(Length: 3)  36  55  70 
(Length: 4)  36  48  55  79 
(Length: 4)  36  47  67  91 
(Length: 4)  36  50  59  85 
(Length: 3)  36  49  72 
(Length: 4)  36  79  85  91 
(Length: 4)  36  67  72  99 
(Length: 3)  36  59  70 
(Length: 4)  37  38  61  99 
(Length: 3)  37  77  84 
(Length: 3)  37  61  85 
(Length: 3)  37  62  93 
(Length: 3)  37  54  99 
(Length: 4)  37  71  76  78 
(Length: 4)  37  40  49  66 
(Length: 4)  37  71  76  91 
(Length: 4)  37  66  71  76 
(Length: 4)  37  54  76  78 
(Length: 5)  37  71  73  85  91 
(Length: 3)  38  60  96 
(Length: 3)  38  41  81 
(Length: 3)  38  46  60 
(Length: 4)  38  41  61  99 
(Length: 3)  38  75  81 
(Length: 3)  38  52  99 
(Length: 4)  38  61  65  99 
(Length: 3)  38  39  81 
(Length: 4)  39  48  74  77 
(Length: 3)  39  68  83 
(Length: 4)  39  42  48  92 
(Length: 4)  39  42  48  98 
(Length: 4)  39  48  74  81 
(Length: 4)  39  42  48  74 
(Length: 3)  40  81  94 
(Length: 4)  40  49  79  80 
(Length: 4)  40  49  66  81 
(Length: 3)  41  54  73 
(Length: 4)  41  81  89  90 
(Length: 4)  41  49  57  81 
(Length: 3)  41  49  51 
(Length: 3)  41  73  86 
(Length: 3)  41  89  93 
(Length: 3)  41  73  95 
(Length: 3)  41  62  93 
(Length: 3)  41  86  93 
(Length: 3)  41  63  86 
(Length: 3)  41  57  95 
(Length: 4)  41  42  54  99 
(Length: 4)  41  61  68  95 
(Length: 4)  41  49  57  93 
(Length: 4)  42  43  54  99 
(Length: 4)  42  62  88  98 
(Length: 3)  42  58  74 
(Length: 3)  42  58  88 
(Length: 3)  42  92  99 
(Length: 3)  42  58  71 
(Length: 3)  42  45  98 
(Length: 4)  42  54  62  98 
(Length: 4)  42  54  58  99 
(Length: 4)  43  69  94  97 
(Length: 3)  43  44  80 
(Length: 3)  43  44  66 
(Length: 4)  43  55  67  89 
(Length: 3)  43  80  89 
(Length: 3)  43  61  99 
(Length: 4)  43  53  94  97 
(Length: 4)  43  44  53  97 
(Length: 4)  44  51  60  80 
(Length: 3)  44  53  85 
(Length: 3)  44  66  76 
(Length: 3)  44  76  80 
(Length: 3)  44  60  66 
(Length: 3)  44  51  53 
(Length: 3)  44  80  85 
(Length: 3)  44  76  86 
(Length: 4)  45  47  65  96 
(Length: 3)  45  87  95 
(Length: 4)  45  47  65  79 
(Length: 3)  45  76  96 
(Length: 3)  45  87  98 
(Length: 3)  46  87  95 
(Length: 4)  46  54  64  78 
(Length: 3)  46  58  71 
(Length: 4)  46  64  78  87 
(Length: 3)  46  54  59 
(Length: 4)  46  54  58  79 
(Length: 4)  47  63  65  79 
(Length: 3)  47  62  67 
(Length: 3)  47  56  67 
(Length: 4)  47  48  92  93 
(Length: 3)  47  62  93 
(Length: 3)  47  71  96 
(Length: 3)  47  72  96 
(Length: 3)  47  92  96 
(Length: 3)  47  56  92 
(Length: 3)  48  55  57 
(Length: 4)  48  57  75  81 
(Length: 4)  48  63  74  77 
(Length: 4)  48  57  82  93 
(Length: 4)  48  82  92  93 
(Length: 4)  48  82  86  93 
(Length: 4)  48  53  82  85 
(Length: 4)  48  53  82  93 
(Length: 4)  48  53  79  85 
(Length: 4)  48  74  86  93 
(Length: 3)  48  81  87 
(Length: 4)  48  63  74  86 
(Length: 4)  48  57  74  81 
(Length: 4)  48  57  74  93 
(Length: 4)  49  79  80  85 
(Length: 4)  49  57  82  93 
(Length: 4)  49  80  82  85 
(Length: 4)  49  57  74  80 
(Length: 4)  49  57  74  81 
(Length: 3)  49  72  74 
(Length: 4)  49  50  82  85 
(Length: 4)  49  57  74  93 
(Length: 3)  50  53  94 
(Length: 3)  50  82  92 
(Length: 3)  50  92  94 
(Length: 4)  50  53  82  85 
(Length: 3)  51  53  82 
(Length: 3)  52  79  88 
(Length: 3)  52  72  99 
(Length: 3)  53  73  97 
(Length: 4)  53  73  79  85 
(Length: 3)  53  79  94 
(Length: 4)  54  59  73  97 
(Length: 4)  54  58  73  79 
(Length: 3)  54  76  80 
(Length: 4)  54  62  67  98 
(Length: 3)  54  70  76 
(Length: 3)  54  58  70 
(Length: 3)  56  63  95 
(Length: 3)  56  73  95 
(Length: 4)  56  57  64  83 
(Length: 3)  56  63  64 
(Length: 3)  56  57  95 
(Length: 4)  57  64  82  83 
(Length: 3)  57  94  96 
(Length: 4)  57  76  80  96 
(Length: 3)  57  94  95 
(Length: 3)  57  88  95 
(Length: 3)  57  88  93 
(Length: 3)  57  76  78 
(Length: 3)  57  81  94 
(Length: 3)  57  75  88 
(Length: 4)  57  75  76  96 
(Length: 3)  57  80  95 
(Length: 3)  57  65  78 
(Length: 4)  57  64  83  96 
(Length: 4)  57  82  83  93 
(Length: 3)  57  65  74 
(Length: 4)  57  65  83  96 
(Length: 3)  57  78  81 
(Length: 3)  58  79  94 
(Length: 3)  58  71  73 
(Length: 3)  59  65  85 
(Length: 3)  59  65  99 
(Length: 4)  60  79  80  89 
(Length: 3)  60  77  84 
(Length: 3)  60  66  81 
(Length: 4)  60  71  80  96 
(Length: 3)  60  74  80 
(Length: 3)  60  74  77 
(Length: 4)  60  78  81  89 
(Length: 3)  61  65  68 
(Length: 3)  61  65  85 
(Length: 3)  62  87  95 
(Length: 4)  62  64  87  98 
(Length: 4)  62  67  87  98 
(Length: 3)  63  64  86 
(Length: 3)  63  64  87 
(Length: 3)  63  87  95 
(Length: 3)  64  82  86 
(Length: 3)  64  87  90 
(Length: 4)  64  78  87  98 
(Length: 3)  66  75  88 
(Length: 3)  66  81  90 
(Length: 4)  66  71  75  76 
(Length: 3)  66  75  81 
(Length: 3)  66  79  88 
(Length: 3)  67  91  98 
(Length: 3)  67  76  91 
(Length: 4)  67  72  87  98 
(Length: 3)  69  78  98 
(Length: 4)  70  75  76  96 
(Length: 4)  71  80  85  96 
(Length: 4)  71  75  85  96 
(Length: 4)  71  75  76  96 
(Length: 4)  71  76  80  96 
(Length: 3)  72  96  99 
(Length: 4)  73  79  85  91 
(Length: 3)  76  78  86 
(Length: 3)  76  86  91 
(Length: 3)  78  81  87 
(Length: 3)  80  89  95 
(Length: 3)  80  82  89 
(Length: 3)  81  87  94 
(Length: 3)  81  87  90 
(Length: 3)  82  89  93 
(Length: 3)  86  88  93 
(Length: 3)  87  94  98 
(Length: 4)  87  94  95  97 
(Length: 3)  87  90  95 
...model cost: 0.97 seconds  41513 FFE
 (opt) 447.00000000 == 447.00000000 (sur)  OPTIMALITY TEST PASSED!
   BESTimpr 393.00000000 -> 441.00000000
1***11111*11111**1*1*****1*1**11*1*1111*1*11**1**1*1*****11111*111111***11**1*1***1***1*11*11***1*11


1*1***11111*11***111*1*1*1*1**1**1**111*1*1*****1*1**1**1*11*1*1*1*11**11**1111*11111***111111**1*11


111***1*1*11*1****111****1**1*1**1**1***1*1***1***1****1111**1***1*11**1**11*****1*1***11*111*1*1*11

