Walsh model started...
 13  22  141  119  133  32  130  57  74  147  77  39  61  14  9  94  60  69  144  17  92  108  24  27  76  97  101  102  129  66  105  53  96  75  126  68 
 141  77  59  51  149  4  26  44  140  43  6  84  61  33  66  16  78  93  104  9  60  39  22  132  74  116  72  136  11  62  121  54  115 
 118  23  30  133  3  85  10  51  75  127  146  128  81  47 
 116  27  11  89  142  31  2  85  140  82  77  99  79  25  51  88  94  49  92  118  33  93  120  121  7  137  113 
 29  149  138  79  1  144  118  123  116  52  43  141  85  134  133  90  132  15  103  31  30  24  66  23  64  20  94 
 143  144  110  142  64  104  149  148  109  32  134  119  6  83  56  121  94  111  74  28  16  53  60  14 
 31  96  141  5  83  1  84  60  72  94  109  9  123  64  147  111  139 
 144  78  89  118  87  18  44  50  128  147  94  26  80  127  75  70  42  93  131  98  119  64  3  121  111 
 128  48  13  135  20  26  138  27  23  53  14  50  69  60  148  125  12  75  142  32  127 
 68  26  69  120  108  14  0  104  1  126  142  6  109  127  67  138  43  81  42  89  36  106 
 149  148  69  29  106  60  24  20  23  147  85  120  109  117  30  90  16  84  51  2  123  86  32  125 
 149  107  111  129  49  67  21  138  89  3  115  41  110  13  102  91  83  142  62  70  63  98  74  147  43  19  88  94  1  31  44  47  53  80  22 
 115  81  17  91  134  124  68  87  43  21  98  92  52  62  42  75  8  131  26  79  130 
 95  50  22  0  26  104  35  43  8  135  71  27  51  19  110  11  32  142  74  131  70  53  24  45  136  55  49  63  144  82 
 141  29  80  33  134  0  9  90  128  68  64  49  137  37  79  50  8  19  117  59  121  131  15  97  72  98  17  51  18  42  94  5 
 66  71  28  91  61  135  142  93  68  80  132  4  83  17  14  131  113  44 
 72  139  22  130  138  115  42  35  49  118  149  98  73  95  89  66  1  147  10  84  77  119  5  53  114  132  38  21  120  109  44  125  70  78  34  27  60  93 
 27  122  148  32  91  12  95  144  52  82  53  65  78  102  108  40  130  0  92  19  146  63  118  43  84  98  141  83  15  109  67  80  51  59  49  14  105  38 
 77  42  87  7  83  34  19  112  72  68  33  92  79  126  103  95  96  123  133  64  14  84  81 
 89  71  112  18  104  43  146  17  51  13  118  143  53  30  14  117  78  20  11  107  137 
 25  134  36  105  24  10  53  80  63  110  8  26  75  51  59  140  123  122  78  19  73  91  64  4  106  113  147  136  44  142 
 138  134  11  88  63  12  43  116  106  60  123  49  77  147  30  118  75  38  16  26  103  101  132  74  31  69  44 
 13  0  148  94  130  16  98  99  147  35  90  132  1  30  43  76  81  69  126  11  102  128  119  37  134 
 58  40  2  118  147  10  62  74  8  53  125  110  130  113  73  90  43  146  136  30  66  4  131  86 
 58  86  57  48  10  20  83  80  47  82  129  37  0  108  49  68  77  107  124  45  53  13  69  127  30  4  135  136  28  133  125  52  141  113 
 20  134  53  96  107  92  85  141  3  79  118  143  68  27  70  31  74 
 9  68  13  104  147  50  114  138  116  115  1  44  40  78  8  20  34  7  94  83  80  21  103  39  65  12  131  49 
 17  122  97  61  123  114  116  3  128  118  138  8  71  13  67  80  0  76  55  132  25  68  38  72  16  60 
 15  91  61  72  63  78  74  5  41  106  133  24  46  145  64  73  69  35  83  90 
 10  69  141  14  74  125  4  149  134  128  93  39  89 
 61  54  52  143  2  133  90  10  147  21  113  32  19  53  65  59  96  23  136  72  111  24  4  22  43  137  67 
 6  96  3  142  94  90  57  52  101  87  103  4  44  11  48  81  74  21  25  70  104  147 
 139  36  133  0  148  17  96  118  109  5  54  33  38  82  45  113  97  104  13  68  30  117  136  37  63  137  62  122  145  61  10  125  114  69  8 
 80  14  54  32  96  83  1  61  46  107  142  108  18  92  126  43  93  104  145  95  99  118  89  3  149  65  137  45 
 82  124  107  74  83  18  111  36  93  114  54  135  109  121  45  90  104  26  41  120  119  78  52  16  50 
 65  51  13  43  16  42  144  94  38  90  97  22  77  64  89  44  45  120  69  28  131  40  73  87  129  148 
 139  32  38  121  105  20  48  132  111  34  145  50  54  75  122  95  41  86  87  109  40  89  9  102  142  66  108 
 148  50  84  114  88  49  86  118  100  38  24  129  92  45  93  67  85  14  79  83  128  98  59  53  32  63  39  102  115  108  40  57  121  137  22  134 
 36  121  82  32  97  80  132  91  100  37  94  35  79  40  48  61  119  101  21  16  122  60  27  72  17  105  81  139 
 134  109  0  61  66  120  47  59  60  1  106  67  37  102  44  147  93  29  65  26 
 78  143  23  58  111  53  103  149  17  108  26  79  38  148  64  147  126  135  69  57  37  109  36  35  131 
 52  89  91  137  11  115  127  121  87  65  36  34  28  106  128  146 
 77  18  64  55  16  35  73  7  93  62  12  81  9  135  148  14 
 123  59  126  68  52  47  13  35  140  1  104  19  12  21  101  110  118  17  4  90  23  138  9  33  11  22  30  131  84  89  86  132  85 
 114  147  50  7  26  1  72  112  89  35  39  65  53  31  11  16  109  142  20  71  15  97  124  77  145  69  21 
 139  32  34  90  64  97  37  93  49  128  115  77  24  124  53  35  13  114  33  137 
 33  107  28  145 
 88  136  135  98  79  65  52  43  59  39  24  82  142  121  68  92  87  11  53  2  127  148  116  96  99 
 57  24  36  132  72  93  128  8  38  61  109  63  56  94  81  31  68  90 
 115  141  66  119  11  67  37  88  16  118  84  131  85  126  92  137  14  59  55  45  128  138  135  24  68  21  77  56  71  3  94  105  116  97  132  72  13  63  17  91  129  26  78 
 95  13  148  37  147  26  108  74  44  7  36  145  14  8  119  34  109  55 
 67  129  35  65  75  141  52  110  135  101  59  1  144  113  20  13  19  85  109  10  2  88  3  73  17  80  14  64  127 
 41  89  110  51  124  149  47  43  82  17  30  143  75  67  31  57  4  97  53  12  73  125  24  34  83 
 143  112  40  111  20  80  17  65  130  138  25  96  23  8  52  97  147  19  30  5  16  13  24  45  37  44  0  105  125  119  73  11  47 
 30  61  33  32  36  75  145  111  135  34  107  70  58  77  136  139  76  81  63  74  56  92  121  1  99  78 
 126  122  64  42  59  142  49  104  107  86  136  13  27  132  149  119  99  108  109  50 
 125  85  101  89  122  106  121  5  117  129  77  124  71  49  48  94  92  54 
 0  130  24  48  132  146  31  52  102  140  40  37  65  92 
 78  113  24  86  146  95  23  40  106  98  85  129  124  126  54  77  118  71  97  112  69  123  81  142  84 
 43  123  47  39  142  51  1  55  91  129  99  137  49  87  138  20  140  14  121  98  37  96  30  85  117  60  120  17 
 106  10  88  93  0  94  72  6  1  39  21  123  102  83  5  69  8  38  132  120  59  86  62  16  27  104  99 
 30  54  0  39  97  27  135  15  72  28  1  33  38  48  77  112  123  91  145  32  82  83  126 
 139  88  97  104  118  74  23  92  141  11  138  32  137  1  12  42  79  64  86  60 
 21  88  133  108  20  110  135  94  103  91  17  28  78  109  48  11  98  37  32  54  74  49  13  93  119 
 5  104  42  55  14  68  97  45  119  40  148  134  73  123  6  77  35  72  69  79  62  136  75  28  20  4  133  18  115  113  7  127  51 
 47  79  35  51  17  53  119  89  144  105  41  87  113  30  112  44  57  92  149  33  95  131  39  26 
 71  15  49  119  120  39  127  79  1  16  129  0  133  109  107  87  4  23  108  36 
 93  139  51  129  11  49  104  112  75  52  27  80  85  37  106  39  109  9  73  30  137  17  115  97  136 
 9  26  126  43  14  64  72  18  136  129  87  12  47  121  80  15  49  24  32  104  145  120  144  141  92  25  27  90  48  0  106 
 9  120  10  29  108  133  70  0  144  135  40  58  127  24  60  8  64  72  113  141  22  126  35  28  118  99  32  91  78  21  44 
 133  69  111  135  107  54  7  75  11  13  25  31  82  16  125 
 66  15  140  143  89  19  72  119  27  13  133  128  58  118  97  56  49  44 
 16  139  71  119  48  93  61  28  68  18  60  6  126  145  44  112  64  69  111  30  136  1  94  106  49  132  27  38  14  98 
 78  93  16  42  113  23  134  64  51  67  115  96  20  91  28  53  52  114  120  75  35  87 
 147  0  140  92  29  125  108  50  107  34  62  23  131  13  115  132  28  5  1  116  11  141  120  63  54  21  31  25 
 141  51  36  54  67  52  20  116  95  7  70  2  127  118  21  64  136  131  137  96  0  12  8  130  107  78  101  73  134  92  126 
 0  27  81  54  22  112  96  99 
 18  42  141  1  147  0  99  135  129  56  90  96  58  54  146  115  45  49  21  124  24  107  3  16  119  35  64  61  112  92  44  145 
 58  113  143  40  144  7  107  109  102  112  17  93  73  26  1  28  63  141  95  34  119  20  19  123  142  104  94  16  54  75  91  69  111  49 
 47  65  86  96  4  138  38  40  127  66  37  14  3  25  18  126  62  64  12  130 
 33  14  83  24  20  53  97  38  145  86  146  110  67  27  68  15  7  127  26  17  51  11  111 
 115  12  99  119  135  127  76  54  42  9  48  31  86  121  58  142  22  128  2  83  120  84  18  38  139 
 124  34  38  32  52  17  47  24  140  3  70  107  144  13  147  90  61 
 93  135  90  18  34  96  33  80  24  89  103  5  6  91  11  109  115  37  128  60  17  15  26  81  120  52  28  126  61 
 114  37  49  131  6  1  133  104  117  95  10  16  17  130  43  89  108  138  58  123  18  81 
 125  56  49  126  3  2  10  120  129  58  25  141  67  37  4  108  137  51  109  59  117  138  102  132  43 
 24  58  79  96  118  37  145  80  132  102  131  100  123  10  107  55  87  36  81  121  60  62  23  43 
 131  106  18  7  115  88  68  12  41  65  105  148  138  59  101  31  99  146  66  107  86  36  47  92  73  35 
 139  62  47  136  97  104  125  21  63  37  49  60  93  115  87  90  117  51  3  11  94 
 52  41  19  71  7  118  91  140  103  83  119  65  56  101  11  3  95  16  35  44  33  141  36  9  43  84  149  29 
 135  83  14  128  34  45  31  94  35  97  77  96  22  133  4  30  10  146  88  117  43  23  148  108  68  48  82  147  28 
 15  28  17  12  89  140  132  38  41  137  59  129  130  63  83  11  110  149  123  61  73  20  141  49  69  78 
 140  74  125  137  37  49  25  107  0  17  62  141  33  18  98  12  68  129  146  77  3  118  57  65  56  54  47  87  75  126 
 83  135  67  139  48  72  142  15  88  60  78  73  114  34  124  1  37  45  42  7  33  104  29  39  3  120  119  63  16 
 148  22  123  99  0  60  35  38  7  26  31  90  135  63  96  6  111  5  3  49  11  88  48  56  106  72  131  126  113  78  4  103  14 
 13  50  146  58  17  144  16  89  78  141  116  75  36  122  117  84  142  145  33  103  18  65  131  101 
 31  6  32  118  79  86  33  83  141  137  106  53  25  90  77  94  59  30  115  73  0  75  139  132  117  112  76  123  18  47  99 
 88  62  27  61  38  80  90  35  113  32  64  45  71  58  0  101  52  53  115  127  49  14  67  44  124 
 114  109  135  47  22  99  106  58  101  140  149  16  142  37  59  12  92  141  17  63  11  134  128  7  131  72  14 
 22  98  135  77  94  123  119  81  137  59  87  146  3  118  33  69  76  54  108  55  104  60  96  47 
 146  105  38  37  86  131 
 140  98  135  51  56  89  43  110  126  112  31  87  0  97  148  130  119  38  132  21  95  75 
 78  112  17  132  86  11  129  0  60  37  39  140  57  138  85  22  142  36 
 149  40  89  83  110  63  31  4  21  26  18  95  94 
 5  64  26  13  125  88  112  67  62  118  34  43  19  32  9  1  133  84  68  126  55  93  33  142  78  147  31  60  99  136 
 100  146  36  20  144  65  148  87  0  53  49  116  17  38 
 10  60  131  87  98  58  96  137  122  56  116  21  67  39  28  41  94  72  20  113  68  9 
 149  11  78  109  74  34  25  92  46  33  54  70  138  113  77  24  66  87  55  86  19  137  82  75  130 
 50  74  69  9  63  133  17  40  0  24  137  85  33  142  127  37  115  122  117  90  148  138  84  99  55  66  36 
 98  114  5  32  107  78  134  39  141  113  121  34  10  117  115  83  51  85  6  9  67  63  48  66  133  17  36  40  16  44  50  55 
 5  142  52  51  63  20  146  80  13  11  103  43  101  23  125  149  91 
 140  141  11  129  40  53  36  34  145  54  70  133  94  5  118  147  6  72  30  80  7  78 
 143  53  102  78  104  67  19  18  44  72  126  101  58  118  128  125  77  61  65  96  76 
 58  78  141  109  51  97  32  107  138  23  73  30  65  15  142  69  20  106  94  64  115  24  137  3 
 98  109  84  37  147  44  123  27  26  138  93  34  16  132  32  45  129  137  73  120 
 12  81  49  141  138  16  116  26  87  88  11  41  109  83  45  77  74  132  37  108  97  127  73  96  67  64  113  1  136 
 26  115  3  27  21  106  123  4  75  95  1  74  142  49  105  145  126  148  47 
 56  122  10  109  95  84  14  19  90  88  32  136  85  59  108  96 
 2  23  32  96  7  89  104  62  86  37  49  16  128  27  144  4  19  143  17  43  58  71  112  111  147  21  75  3  92  25  129  137  99  33  69 
 141  0  49  66  134  5  72  71  89  65  142  126  99  81  64  77  16  34  78  38  101  125  53  93  63  149  55  7  50  128  22 
 69  9  66  39  10  85  148  130  121  34  145  68  141  74  16  35  60  59  93  3  83  81  114  73 
 38  36  133  126  109  34  56  5  47  68  41  127  120  59  14  125  37  137  86  81  54  1  3  7 
 123  135  17  27  55  126  131  137  56  106  117  36  95  20  38  32  108 
 122  135  43  59  27  114  142  94  99  4  116  21  60  6  64  20  86  10  61  91  78  58  139  96  18  84  128  127 
 82  34  52  149  134  12  93  139  58  126  77  56  24  45  44  97 
 85  56  104  88  29  74  92  137  23  110  112  128  127  121  148  8  119  53  10  32  16  70  24  52 
 55  122  43  68  121  133  142  119  85  49  124  58  72  145  9  112  101  135  40  104  79  18  33  116  69  22  94  131  0  83  61  75  92 
 136  133  79  66  41  121  80  7  135  81  9  108  2  75  69  24  115  97  125  47  128  123  64  51  8  142 
 90  14  118  27  7  147  48  8  134  29  71  133  45  49  37  83  112  125  98  81  2  41  146  123  127  119  22 
 11  111  51  67  24  37  68  136  59  91  56  77  85  58  102  66  0  92  118  137  114  49  132  143  35  148 
 0  57  22  16  138  53  91  17  148  120  23  147  84  101  75  107  12  79 
 106  87  137  122  84  49  86  100  74  13  14  15  75  23  43  94  126  7  98  35  40  65  95  12  26 
 36  48  91  38  86  102  57  146  74  115  22  1  4  15  16  114  101  21  55  27  60  49  72  139  96  85  43  143  129 
 32  0  127  136  63  108  121  126  70  69  111  2  30  71  128  84  104  4  90  66  109  28  24  18  64 
 21  138  20  25  39  109  119  5  29  14  124  12  128  4  73  64  98  22  37  75 
 122  123  98  47  93  83  90  61  15  51  101  99  77  54  34  13  8  63  94  70  69  138  49  127  81  126  40  24  136  148  42  142 
 88  47  127  133  68  129  54  139  32  117  23  30  13  55  24  135  72  1  64  75  147  20  115  67  104 
 92  125  131  122  91  41  96  106  99  59  49  14  108  85  32  62  129  118  121  37  30  67  75  19  107  114  33  45  3  113 
 21  134  11  16  115  4  79  114  26  130  53  8  27  139  142  107  113  49  135  62  87  59  43  9  85  102  108  84 
 36  32  88  62  72  16  93  67  45  124  142  138  136  54  6  123  96  132  38  81 
 111  141  71  143  74  92  89  91  101  98  1  43  20  59  82  3  102  57 
 0  119  140  111  49  115  29  14  77  1  109  113  75  51  96  6  85  25  62  92  78  95  4  98  17  144  68  74  120  91  89  69  24 
 110  5  119  126  15  93  59  123  55  98  47  3  31  139  138  13  11  9  33  108  116  95  113  78  104  58  81  135  8  44  20  102  36  127 
 78  40  5  144  71  140  53  112  52  30  118  19  25  132  129 
 78  7  143  5  95  17  51  35  4  118  69  0  65  105  141  68  82  13 
 36  50  111  54  86  80  72  126  68  120  95  33  116  61  32  28  46  77  44 
 95  58  100  105  132  57  80  110  19  17  90  77  87  99  23  2  92  128  41 
 74  0  26  50  114  44  77  7  128  23  10  22  16  130  30  21  40  53  111  118  6  39  11  104  31  20  136  82  90 
 149  10  17  32  37  50  22  94  5  40  64  120  130  105  87  101  8  125  135  42  90  108  116  47  129  35 
 11  107  148  10  5  29  4  103  40  52  124  98  16  1  110  91  33  65  55  119  89 
-->CDecomWalshPart::vInitTrueLinkage-->GLBs: 1820
(Length: 4)  0  9  14  68 
(Length: 3)  0  13  22 
(Length: 4)  0  24  68  141 
(Length: 4)  0  14  17  141 
(Length: 4)  0  9  69  126 
(Length: 3)  0  66  129 
(Length: 3)  0  77  147 
(Length: 3)  0  39  61 
(Length: 4)  0  101  119  126 
(Length: 4)  0  39  60  102 
(Length: 3)  0  39  66 
(Length: 3)  0  24  57 
(Length: 3)  0  66  119 
(Length: 4)  0  9  69  108 
(Length: 3)  0  76  96 
(Length: 4)  0  75  92  126 
(Length: 3)  0  74  147 
(Length: 3)  0  60  94 
(Length: 4)  0  68  92  126 
(Length: 3)  0  14  94 
(Length: 3)  0  14  97 
(Length: 4)  0  69  126  133 
(Length: 3)  0  27  76 
(Length: 3)  0  102  129 
(Length: 3)  0  27  60 
(Length: 4)  0  9  68  126 
(Length: 4)  0  14  68  141 
(Length: 4)  0  53  130  147 
(Length: 3)  0  74  108 
(Length: 4)  0  13  24  53 
(Length: 3)  0  13  27 
(Length: 3)  0  39  147 
(Length: 3)  0  13  32 
(Length: 3)  0  53  119 
(Length: 3)  0  61  126 
(Length: 4)  0  22  69  126 
(Length: 3)  0  13  74 
(Length: 3)  0  22  76 
(Length: 4)  0  22  94  126 
(Length: 3)  0  22  102 
(Length: 4)  0  22  119  126 
(Length: 4)  0  22  130  147 
(Length: 3)  0  13  144 
(Length: 3)  0  61  77 
(Length: 4)  0  24  69  141 
(Length: 4)  0  24  77  141 
(Length: 4)  0  77  96  141 
(Length: 4)  0  66  108  133 
(Length: 3)  0  27  68 
(Length: 3)  0  32  68 
(Length: 3)  0  53  96 
(Length: 4)  0  75  101  130 
(Length: 4)  0  68  92  129 
(Length: 4)  0  68  92  141 
(Length: 4)  0  74  92  141 
(Length: 3)  0  94  96 
(Length: 4)  0  77  92  141 
(Length: 3)  0  32  96 
(Length: 5)  0  24  69  108  133 
(Length: 3)  0  17  27 
(Length: 3)  0  17  32 
(Length: 4)  0  17  53  105 
(Length: 4)  0  17  92  141 
(Length: 3)  0  17  102 
(Length: 3)  0  17  108 
(Length: 4)  0  17  141  144 
(Length: 4)  0  24  77  129 
(Length: 3)  0  57  92 
(Length: 3)  0  57  102 
(Length: 3)  0  57  130 
(Length: 4)  0  75  96  141 
(Length: 4)  0  75  101  126 
(Length: 4)  0  24  68  129 
(Length: 4)  0  77  92  129 
(Length: 3)  0  60  69 
(Length: 4)  0  27  61  97 
(Length: 4)  0  32  61  97 
(Length: 3)  0  53  97 
(Length: 4)  0  75  92  141 
(Length: 4)  0  17  53  130 
(Length: 3)  0  97  101 
(Length: 4)  0  17  105  144 
(Length: 4)  0  32  69  133 
(Length: 4)  0  68  141  144 
(Length: 4)  0  77  119  141 
(Length: 4)  0  69  141  144 
(Length: 3)  1  104  136 
(Length: 4)  1  77  115  141 
(Length: 4)  1  9  26  104 
(Length: 4)  1  16  115  132 
(Length: 4)  1  54  61  77 
(Length: 3)  1  54  74 
(Length: 4)  1  11  62  74 
(Length: 4)  1  60  62  104 
(Length: 3)  1  11  44 
(Length: 4)  1  78  93  104 
(Length: 4)  1  39  60  93 
(Length: 4)  1  16  44  77 
(Length: 3)  1  61  72 
(Length: 5)  1  16  60  72  132 
(Length: 4)  1  16  44  72 
(Length: 4)  1  39  59  60 
(Length: 4)  1  60  93  104 
(Length: 3)  1  6  141 
(Length: 3)  1  6  84 
(Length: 3)  1  54  136 
(Length: 4)  1  62  74  141 
(Length: 4)  1  11  74  115 
(Length: 4)  1  6  60  72 
(Length: 3)  1  33  149 
(Length: 3)  1  4  149 
(Length: 3)  1  4  141 
(Length: 3)  1  4  116 
(Length: 4)  1  43  84  104 
(Length: 4)  1  22  43  132 
(Length: 3)  1  4  66 
(Length: 4)  1  33  93  104 
(Length: 4)  1  43  59  140 
(Length: 3)  1  16  149 
(Length: 3)  1  72  136 
(Length: 4)  1  74  115  116 
(Length: 3)  1  115  136 
(Length: 4)  1  33  54  61 
(Length: 3)  1  11  149 
(Length: 3)  1  78  141 
(Length: 3)  1  39  66 
(Length: 3)  1  54  78 
(Length: 5)  1  16  60  72  93 
(Length: 4)  1  74  115  141 
(Length: 3)  1  51  141 
(Length: 4)  1  74  115  132 
(Length: 4)  1  16  77  115 
(Length: 4)  1  74  140  141 
(Length: 3)  1  59  121 
(Length: 3)  1  54  121 
(Length: 4)  1  4  43  132 
(Length: 3)  1  6  9 
(Length: 3)  1  39  61 
(Length: 4)  1  11  22  43 
(Length: 3)  1  16  84 
(Length: 4)  1  16  22  132 
(Length: 4)  1  33  43  104 
(Length: 4)  1  26  39  44 
(Length: 4)  1  16  78  93 
(Length: 4)  1  9  43  104 
(Length: 3)  1  51  59 
(Length: 4)  1  26  78  104 
(Length: 4)  1  26  115  116 
(Length: 3)  1  16  66 
(Length: 4)  2  127  128  133 
(Length: 3)  2  23  118 
(Length: 4)  2  10  51  85 
(Length: 4)  2  51  75  127 
(Length: 3)  2  3  118 
(Length: 4)  2  10  23  30 
(Length: 3)  2  75  118 
(Length: 3)  2  47  127 
(Length: 3)  2  30  133 
(Length: 4)  2  81  127  128 
(Length: 3)  2  118  128 
(Length: 3)  2  128  146 
(Length: 3)  2  23  146 
(Length: 4)  2  3  51  85 
(Length: 3)  3  94  99 
(Length: 3)  3  7  94 
(Length: 5)  3  33  92  118  137 
(Length: 4)  3  33  93  142 
(Length: 3)  3  27  116 
(Length: 3)  3  82  140 
(Length: 3)  3  89  140 
(Length: 3)  3  94  113 
(Length: 4)  3  33  89  118 
(Length: 4)  3  25  92  118 
(Length: 5)  3  33  99  118  137 
(Length: 3)  3  25  85 
(Length: 3)  3  25  79 
(Length: 3)  3  25  31 
(Length: 4)  3  7  89  118 
(Length: 4)  3  11  31  94 
(Length: 3)  3  92  140 
(Length: 5)  3  49  92  118  137 
(Length: 3)  3  7  93 
(Length: 3)  3  49  116 
(Length: 3)  3  121  137 
(Length: 3)  3  77  99 
(Length: 3)  3  93  120 
(Length: 3)  3  120  121 
(Length: 3)  3  116  142 
(Length: 3)  3  51  88 
(Length: 4)  3  11  31  142 
(Length: 3)  3  51  113 
(Length: 4)  3  49  85  137 
(Length: 3)  3  7  121 
(Length: 3)  3  85  120 
(Length: 3)  3  11  89 
(Length: 3)  3  113  142 
(Length: 3)  3  113  137 
(Length: 4)  3  25  27  118 
(Length: 3)  3  88  93 
(Length: 5)  3  11  49  88  94 
(Length: 4)  3  49  77  92 
(Length: 3)  4  64  133 
(Length: 5)  4  23  30  43  90 
(Length: 3)  4  79  138 
(Length: 3)  4  85  141 
(Length: 4)  4  31  94  103 
(Length: 3)  4  31  52 
(Length: 4)  4  31  90  94 
(Length: 3)  4  94  123 
(Length: 4)  4  24  30  52 
(Length: 3)  4  118  144 
(Length: 4)  4  20  64  123 
(Length: 3)  4  15  66 
(Length: 3)  4  43  123 
(Length: 4)  4  43  85  138 
(Length: 3)  4  103  149 
(Length: 3)  4  116  123 
(Length: 4)  4  20  64  134 
(Length: 3)  4  141  144 
(Length: 3)  4  66  133 
(Length: 3)  4  15  132 
(Length: 3)  4  66  79 
(Length: 4)  4  24  30  133 
(Length: 4)  4  43  85  132 
(Length: 3)  4  29  149 
(Length: 3)  4  29  141 
(Length: 3)  4  24  141 
(Length: 3)  4  20  24 
(Length: 3)  4  29  134 
(Length: 4)  4  30  43  52 
(Length: 3)  4  23  66 
(Length: 4)  4  23  43  118 
(Length: 4)  4  30  90  133 
(Length: 3)  4  52  149 
(Length: 3)  4  134  138 
(Length: 3)  4  64  79 
(Length: 3)  5  56  121 
(Length: 3)  5  64  148 
(Length: 3)  5  14  121 
(Length: 3)  5  109  121 
(Length: 3)  5  143  144 
(Length: 4)  5  6  60  83 
(Length: 3)  5  119  142 
(Length: 3)  5  16  60 
(Length: 3)  5  32  104 
(Length: 3)  5  6  64 
(Length: 3)  5  104  142 
(Length: 3)  5  28  74 
(Length: 4)  5  14  64  134 
(Length: 3)  5  109  134 
(Length: 4)  5  64  119  134 
(Length: 3)  5  110  142 
(Length: 4)  5  6  60  94 
(Length: 3)  5  148  149 
(Length: 3)  5  16  109 
(Length: 3)  5  110  149 
(Length: 3)  5  64  104 
(Length: 4)  5  6  94  111 
(Length: 3)  5  60  104 
(Length: 3)  5  14  94 
(Length: 4)  5  16  53  119 
(Length: 3)  5  28  64 
(Length: 4)  5  16  119  149 
(Length: 4)  5  6  83  109 
(Length: 3)  5  32  148 
(Length: 3)  5  53  143 
(Length: 3)  5  53  111 
(Length: 3)  5  28  83 
(Length: 3)  5  32  109 
(Length: 3)  5  56  94 
(Length: 3)  5  94  148 
(Length: 4)  6  94  96  123 
(Length: 3)  6  111  141 
(Length: 3)  6  72  139 
(Length: 4)  6  96  123  139 
(Length: 4)  6  72  94  111 
(Length: 4)  6  31  94  96 
(Length: 3)  6  64  72 
(Length: 3)  6  84  123 
(Length: 3)  6  31  147 
(Length: 3)  6  64  123 
(Length: 3)  6  96  141 
(Length: 3)  6  109  141 
(Length: 3)  6  9  109 
(Length: 4)  6  60  72  94 
(Length: 4)  6  60  94  123 
(Length: 3)  6  111  147 
(Length: 3)  6  83  96 
(Length: 3)  7  119  128 
(Length: 4)  7  18  42  64 
(Length: 3)  7  18  87 
(Length: 3)  7  42  93 
(Length: 4)  7  111  118  147 
(Length: 3)  7  75  78 
(Length: 3)  7  70  111 
(Length: 3)  7  118  144 
(Length: 3)  7  80  127 
(Length: 4)  7  78  93  119 
(Length: 3)  7  78  144 
(Length: 3)  7  44  89 
(Length: 3)  7  50  119 
(Length: 4)  7  26  94  131 
(Length: 3)  7  87  131 
(Length: 4)  7  78  94  111 
(Length: 3)  7  26  80 
(Length: 4)  7  26  78  94 
(Length: 3)  7  127  128 
(Length: 3)  7  70  75 
(Length: 4)  7  118  128  147 
(Length: 3)  7  75  118 
(Length: 3)  7  80  111 
(Length: 5)  7  26  44  50  147 
(Length: 3)  7  89  119 
(Length: 3)  7  64  119 
(Length: 3)  7  121  127 
(Length: 3)  7  75  131 
(Length: 4)  7  64  75  127 
(Length: 3)  7  98  128 
(Length: 3)  7  98  131 
(Length: 4)  8  69  127  135 
(Length: 3)  8  32  69 
(Length: 4)  8  125  127  128 
(Length: 3)  8  60  69 
(Length: 4)  8  127  135  142 
(Length: 3)  8  12  26 
(Length: 3)  8  27  60 
(Length: 3)  8  27  128 
(Length: 3)  8  27  138 
(Length: 3)  8  20  53 
(Length: 3)  8  12  75 
(Length: 3)  8  20  26 
(Length: 4)  8  135  138  142 
(Length: 4)  8  13  26  50 
(Length: 3)  8  13  27 
(Length: 3)  8  13  32 
(Length: 3)  8  48  128 
(Length: 3)  8  14  50 
(Length: 3)  8  13  53 
(Length: 4)  8  13  135  142 
(Length: 3)  8  26  138 
(Length: 3)  8  50  148 
(Length: 3)  8  135  148 
(Length: 3)  8  20  142 
(Length: 3)  8  53  138 
(Length: 3)  8  20  75 
(Length: 3)  8  14  128 
(Length: 4)  8  32  125  148 
(Length: 3)  8  75  127 
(Length: 4)  8  23  53  125 
(Length: 5)  9  43  68  104  126 
(Length: 3)  9  26  138 
(Length: 3)  9  36  89 
(Length: 4)  9  36  108  142 
(Length: 3)  9  14  42 
(Length: 3)  9  67  104 
(Length: 4)  9  104  126  142 
(Length: 4)  9  69  108  127 
(Length: 3)  9  43  89 
(Length: 4)  9  26  68  104 
(Length: 3)  9  68  106 
(Length: 3)  9  68  120 
(Length: 3)  9  36  109 
(Length: 4)  9  108  127  142 
(Length: 3)  9  42  81 
(Length: 4)  9  81  127  142 
(Length: 3)  9  67  106 
(Length: 3)  9  67  109 
(Length: 3)  9  69  120 
(Length: 4)  9  108  138  142 
(Length: 3)  9  81  120 
(Length: 3)  9  43  138 
(Length: 3)  10  30  32 
(Length: 4)  10  60  69  120 
(Length: 3)  10  20  123 
(Length: 3)  10  16  109 
(Length: 3)  10  148  149 
(Length: 3)  10  29  149 
(Length: 3)  10  29  125 
(Length: 5)  10  23  30  90  147 
(Length: 3)  10  60  106 
(Length: 3)  10  20  106 
(Length: 3)  10  20  24 
(Length: 3)  10  24  86 
(Length: 3)  10  24  69 
(Length: 3)  10  20  51 
(Length: 3)  10  120  148 
(Length: 3)  10  24  30 
(Length: 3)  10  85  120 
(Length: 3)  10  24  125 
(Length: 4)  10  16  60  120 
(Length: 3)  10  20  147 
(Length: 3)  10  16  84 
(Length: 4)  10  51  85  109 
(Length: 3)  10  90  117 
(Length: 3)  10  16  125 
(Length: 3)  10  84  117 
(Length: 4)  10  32  109  117 
(Length: 3)  10  16  149 
(Length: 3)  10  85  125 
(Length: 4)  10  60  86  123 
(Length: 3)  10  23  125 
(Length: 3)  10  90  148 
(Length: 3)  10  23  86 
(Length: 3)  10  32  69 
(Length: 3)  10  29  69 
(Length: 4)  10  32  125  148 
(Length: 3)  10  16  147 
(Length: 3)  10  84  123 
(Length: 4)  10  85  109  117 
(Length: 4)  11  49  91  129 
(Length: 3)  11  107  149 
(Length: 3)  11  63  98 
(Length: 4)  11  47  98  142 
(Length: 3)  11  22  98 
(Length: 5)  11  21  31  74  147 
(Length: 4)  11  13  19  43 
(Length: 3)  11  62  88 
(Length: 4)  11  13  110  142 
(Length: 3)  11  44  89 
(Length: 4)  11  83  89  91 
(Length: 3)  11  70  111 
(Length: 3)  11  41  115 
(Length: 4)  11  89  91  149 
(Length: 3)  11  74  107 
(Length: 3)  11  94  111 
(Length: 3)  11  31  70 
(Length: 4)  11  21  63  74 
(Length: 3)  11  80  110 
(Length: 5)  11  21  31  44  147 
(Length: 4)  11  102  138  142 
(Length: 4)  11  53  80  111 
(Length: 3)  11  67  80 
(Length: 4)  11  13  49  63 
(Length: 3)  11  53  138 
(Length: 5)  11  21  49  63  88 
(Length: 4)  11  63  91  110 
(Length: 4)  11  49  67  129 
(Length: 5)  11  49  63  88  94 
(Length: 4)  11  13  63  110 
(Length: 4)  11  49  63  91 
(Length: 3)  11  80  83 
(Length: 4)  11  13  63  74 
(Length: 4)  11  41  89  91 
(Length: 3)  11  47  88 
(Length: 4)  11  49  88  115 
(Length: 3)  11  47  53 
(Length: 4)  11  49  67  115 
(Length: 3)  11  22  94 
(Length: 4)  11  44  53  147 
(Length: 4)  11  49  115  138 
(Length: 3)  11  107  138 
(Length: 3)  11  22  102 
(Length: 3)  11  62  138 
(Length: 4)  11  31  44  142 
(Length: 4)  11  91  110  149 
(Length: 4)  11  21  43  138 
(Length: 4)  11  13  43  110 
(Length: 3)  11  22  147 
(Length: 3)  11  19  107 
(Length: 4)  11  19  43  89 
(Length: 3)  11  83  115 
(Length: 3)  11  70  107 
(Length: 3)  11  98  149 
(Length: 3)  11  13  70 
(Length: 4)  11  13  19  53 
(Length: 4)  11  21  49  138 
(Length: 3)  11  43  47 
(Length: 4)  11  13  22  43 
(Length: 4)  11  53  111  147 
(Length: 3)  11  102  129 
(Length: 3)  11  111  129 
(Length: 3)  12  75  92 
(Length: 4)  12  17  91  130 
(Length: 4)  12  17  92  98 
(Length: 3)  12  26  68 
(Length: 4)  12  21  75  134 
(Length: 3)  12  42  62 
(Length: 3)  12  75  130 
(Length: 3)  12  124  134 
(Length: 3)  12  81  115 
(Length: 4)  12  68  87  92 
(Length: 3)  12  87  115 
(Length: 3)  12  79  130 
(Length: 3)  12  98  131 
(Length: 3)  12  98  134 
(Length: 3)  12  21  26 
(Length: 3)  12  75  131 
(Length: 4)  12  17  43  52 
(Length: 3)  12  26  115 
(Length: 3)  12  26  131 
(Length: 3)  12  43  131 
(Length: 3)  12  52  124 
(Length: 3)  12  52  75 
(Length: 3)  12  43  68 
(Length: 3)  12  21  43 
(Length: 3)  12  62  92 
(Length: 3)  12  42  81 
(Length: 3)  12  62  79 
(Length: 3)  12  87  131 
(Length: 3)  13  27  55 
(Length: 3)  13  49  71 
(Length: 3)  13  70  82 
(Length: 4)  13  35  51  144 
(Length: 3)  13  74  131 
(Length: 3)  13  50  74 
(Length: 3)  13  50  95 
(Length: 3)  13  26  104 
(Length: 4)  13  55  104  142 
(Length: 3)  13  51  135 
(Length: 4)  13  24  45  53 
(Length: 4)  13  55  104  136 
(Length: 3)  13  50  55 
(Length: 3)  13  19  51 
(Length: 3)  13  70  135 
(Length: 4)  13  22  35  43 
(Length: 3)  13  49  55 
(Length: 3)  13  19  71 
(Length: 4)  13  35  43  131 
(Length: 4)  13  49  63  135 
(Length: 3)  13  95  142 
(Length: 3)  13  95  131 
(Length: 3)  13  35  45 
(Length: 3)  13  32  82 
(Length: 4)  13  24  49  135 
(Length: 3)  13  32  63 
(Length: 4)  13  19  43  104 
(Length: 3)  13  32  45 
(Length: 4)  13  32  104  136 
(Length: 3)  13  95  144 
(Length: 3)  13  82  144 
(Length: 4)  13  24  45  49 
(Length: 3)  13  51  110 
(Length: 4)  13  26  49  131 
(Length: 3)  13  27  71 
(Length: 3)  13  24  82 
(Length: 4)  13  24  135  136 
(Length: 4)  14  37  59  98 
(Length: 3)  14  90  97 
(Length: 3)  14  90  128 
(Length: 3)  14  49  97 
(Length: 4)  14  49  72  94 
(Length: 4)  14  29  128  134 
(Length: 3)  14  37  79 
(Length: 5)  14  37  49  59  137 
(Length: 3)  14  37  50 
(Length: 3)  14  72  98 
(Length: 3)  14  64  97 
(Length: 4)  14  17  51  80 
(Length: 5)  14  18  64  68  72 
(Length: 4)  14  15  68  80 
(Length: 3)  14  51  64 
(Length: 4)  14  18  64  79 
(Length: 4)  14  17  51  59 
(Length: 4)  14  49  94  131 
(Length: 3)  14  18  19 
(Length: 4)  14  49  68  72 
(Length: 3)  14  68  90 
(Length: 3)  14  68  121 
(Length: 4)  14  17  19  51 
(Length: 4)  14  17  49  59 
(Length: 3)  14  80  97 
(Length: 3)  14  90  117 
(Length: 3)  14  33  137 
(Length: 3)  14  15  131 
(Length: 3)  14  18  33 
(Length: 3)  14  29  141 
(Length: 4)  14  49  131  137 
(Length: 3)  14  19  137 
(Length: 5)  14  37  98  128  134 
(Length: 4)  14  15  17  80 
(Length: 4)  14  49  68  141 
(Length: 3)  14  98  131 
(Length: 3)  14  19  117 
(Length: 4)  14  37  49  128 
(Length: 4)  14  17  59  98 
(Length: 4)  14  17  98  141 
(Length: 3)  14  33  80 
(Length: 5)  14  37  59  121  137 
(Length: 4)  14  17  49  141 
(Length: 4)  14  17  51  141 
(Length: 4)  14  18  42  64 
(Length: 3)  14  90  94 
(Length: 3)  14  59  117 
(Length: 4)  15  17  80  83 
(Length: 4)  15  83  93  135 
(Length: 3)  15  44  142 
(Length: 3)  15  44  71 
(Length: 4)  15  93  135  142 
(Length: 4)  15  61  83  135 
(Length: 4)  15  17  83  91 
(Length: 3)  15  91  132 
(Length: 5)  15  28  61  83  91 
(Length: 3)  15  113  142 
(Length: 3)  15  66  71 
(Length: 3)  16  66  120 
(Length: 4)  16  49  77  115 
(Length: 4)  16  49  66  119 
(Length: 4)  16  49  72  132 
(Length: 4)  16  53  130  138 
(Length: 4)  16  53  119  125 
(Length: 4)  16  49  72  119 
(Length: 4)  16  34  109  114 
(Length: 3)  16  53  73 
(Length: 4)  16  44  53  147 
(Length: 3)  16  89  118 
(Length: 4)  16  98  109  114 
(Length: 4)  16  27  114  138 
(Length: 4)  16  84  114  138 
(Length: 5)  16  73  93  114  120 
(Length: 4)  16  44  109  114 
(Length: 4)  16  72  93  139 
(Length: 4)  16  34  78  109 
(Length: 4)  16  60  93  120 
(Length: 4)  16  35  42  73 
(Length: 4)  16  72  93  119 
(Length: 3)  16  98  149 
(Length: 4)  16  84  89  95 
(Length: 3)  16  109  115 
(Length: 4)  16  49  115  132 
(Length: 5)  16  34  93  114  120 
(Length: 3)  16  78  95 
(Length: 5)  16  21  38  60  132 
(Length: 3)  16  72  98 
(Length: 4)  16  27  114  132 
(Length: 3)  16  27  118 
(Length: 4)  16  35  73  120 
(Length: 3)  16  73  115 
(Length: 4)  16  38  72  119 
(Length: 4)  16  42  73  93 
(Length: 4)  16  73  78  93 
(Length: 4)  16  35  42  77 
(Length: 4)  16  35  44  77 
(Length: 3)  16  138  139 
(Length: 3)  16  35  38 
(Length: 5)  16  38  72  132  139 
(Length: 3)  16  22  35 
(Length: 3)  16  70  125 
(Length: 4)  16  21  118  147 
(Length: 3)  16  22  119 
(Length: 5)  16  21  44  77  147 
(Length: 4)  16  84  130  138 
(Length: 4)  16  22  130  147 
(Length: 4)  16  49  77  119 
(Length: 3)  16  22  98 
(Length: 6)  16  27  38  60  72  132 
(Length: 4)  16  49  115  138 
(Length: 4)  16  21  49  138 
(Length: 4)  16  21  49  132 
(Length: 3)  16  120  130 
(Length: 4)  16  21  49  118 
(Length: 4)  16  35  44  89 
(Length: 5)  16  34  78  93  119 
(Length: 4)  16  53  130  147 
(Length: 4)  16  89  119  149 
(Length: 4)  16  21  49  77 
(Length: 4)  16  49  78  119 
(Length: 4)  16  49  84  138 
(Length: 3)  16  66  109 
(Length: 4)  16  44  114  147 
(Length: 3)  17  82  144 
(Length: 4)  17  27  38  80 
(Length: 4)  17  51  52  67 
(Length: 4)  17  19  43  118 
(Length: 4)  17  51  109  141 
(Length: 3)  17  49  84 
(Length: 3)  17  49  105 
(Length: 4)  17  32  38  122 
(Length: 3)  17  49  67 
(Length: 5)  17  49  63  78  91 
(Length: 3)  17  43  59 
(Length: 4)  17  65  95  144 
(Length: 3)  17  80  146 
(Length: 4)  17  40  78  109 
(Length: 4)  17  32  63  109 
(Length: 3)  17  52  83 
(Length: 3)  17  53  80 
(Length: 4)  17  78  109  141 
(Length: 3)  17  83  109 
(Length: 4)  17  27  38  122 
(Length: 4)  17  65  105  144 
(Length: 4)  17  49  92  141 
(Length: 4)  17  51  67  80 
(Length: 4)  17  51  67  109 
(Length: 3)  17  27  118 
(Length: 3)  17  38  105 
(Length: 5)  17  78  95  141  144 
(Length: 3)  17  84  95 
(Length: 3)  17  65  92 
(Length: 4)  17  53  65  105 
(Length: 3)  17  95  122 
(Length: 3)  17  32  148 
(Length: 3)  17  95  146 
(Length: 4)  17  49  59  91 
(Length: 5)  17  49  78  91  141 
(Length: 4)  17  40  108  148 
(Length: 3)  17  38  91 
(Length: 4)  17  92  98  141 
(Length: 4)  17  27  67  80 
(Length: 4)  17  98  109  141 
(Length: 3)  17  38  40 
(Length: 4)  17  32  38  82 
(Length: 3)  17  52  82 
(Length: 3)  17  92  146 
(Length: 3)  17  105  146 
(Length: 3)  17  43  84 
(Length: 3)  17  84  108 
(Length: 3)  17  105  148 
(Length: 3)  17  32  118 
(Length: 4)  17  49  92  118 
(Length: 3)  17  130  148 
(Length: 3)  17  40  53 
(Length: 3)  17  52  53 
(Length: 3)  17  19  146 
(Length: 3)  17  19  78 
(Length: 3)  17  78  102 
(Length: 3)  17  63  108 
(Length: 4)  17  63  98  109 
(Length: 4)  17  63  78  109 
(Length: 3)  17  108  122 
(Length: 3)  17  84  130 
(Length: 4)  17  51  65  144 
(Length: 4)  17  51  141  144 
(Length: 3)  17  19  53 
(Length: 3)  17  118  144 
(Length: 3)  18  84  95 
(Length: 3)  18  84  123 
(Length: 3)  18  84  133 
(Length: 3)  18  77  92 
(Length: 4)  18  68  92  126 
(Length: 4)  18  77  96  112 
(Length: 3)  18  126  133 
(Length: 3)  18  96  123 
(Length: 3)  18  34  83 
(Length: 3)  18  81  84 
(Length: 4)  18  68  87  92 
(Length: 3)  18  64  133 
(Length: 4)  18  72  112  126 
(Length: 3)  18  95  103 
(Length: 4)  18  33  83  126 
(Length: 4)  18  33  83  96 
(Length: 4)  18  33  92  126 
(Length: 3)  18  33  95 
(Length: 4)  18  42  64  77 
(Length: 3)  18  42  81 
(Length: 3)  18  64  123 
(Length: 3)  18  83  103 
(Length: 3)  18  19  112 
(Length: 3)  18  79  96 
(Length: 3)  18  79  126 
(Length: 4)  18  68  72  126 
(Length: 3)  18  81  83 
(Length: 4)  19  112  118  143 
(Length: 4)  19  78  104  112 
(Length: 4)  19  104  112  118 
(Length: 4)  19  71  89  118 
(Length: 4)  19  78  112  143 
(Length: 3)  19  30  43 
(Length: 3)  19  20  51 
(Length: 4)  19  71  118  143 
(Length: 4)  19  53  112  143 
(Length: 3)  19  107  137 
(Length: 3)  19  20  53 
(Length: 3)  19  118  137 
(Length: 3)  19  20  78 
(Length: 3)  19  78  107 
(Length: 4)  19  43  104  118 
(Length: 4)  19  43  89  118 
(Length: 4)  19  30  53  143 
(Length: 3)  19  30  137 
(Length: 4)  20  51  80  110 
(Length: 4)  20  73  75  78 
(Length: 4)  20  26  44  147 
(Length: 4)  20  44  53  147 
(Length: 5)  20  51  64  73  75 
(Length: 3)  20  25  134 
(Length: 3)  20  53  105 
(Length: 4)  20  73  78  113 
(Length: 3)  20  136  147 
(Length: 4)  20  63  78  91 
(Length: 3)  20  110  142 
(Length: 3)  20  122  123 
(Length: 4)  20  63  91  110 
(Length: 4)  20  24  53  80 
(Length: 4)  20  78  91  123 
(Length: 4)  20  73  78  91 
(Length: 3)  20  36  122 
(Length: 4)  20  59  91  123 
(Length: 3)  20  106  122 
(Length: 3)  20  36  142 
(Length: 3)  20  26  78 
(Length: 3)  20  24  113 
(Length: 3)  20  51  59 
(Length: 3)  20  24  136 
(Length: 4)  20  64  75  136 
(Length: 4)  20  59  123  142 
(Length: 4)  20  59  91  140 
(Length: 3)  20  26  80 
(Length: 3)  20  36  105 
(Length: 4)  20  78  123  142 
(Length: 3)  20  36  75 
(Length: 3)  20  25  53 
(Length: 5)  20  64  73  75  134 
(Length: 3)  20  106  113 
(Length: 4)  20  78  113  142 
(Length: 3)  20  53  73 
(Length: 3)  20  44  142 
(Length: 5)  20  51  64  73  113 
(Length: 3)  21  106  116 
(Length: 3)  21  75  118 
(Length: 3)  21  116  123 
(Length: 4)  21  26  49  116 
(Length: 3)  21  30  147 
(Length: 3)  21  74  116 
(Length: 3)  21  30  43 
(Length: 3)  21  74  132 
(Length: 3)  21  69  118 
(Length: 3)  21  31  103 
(Length: 3)  21  75  116 
(Length: 3)  21  60  106 
(Length: 3)  21  43  123 
(Length: 3)  21  43  118 
(Length: 3)  21  75  101 
(Length: 3)  21  31  101 
(Length: 3)  21  134  138 
(Length: 3)  21  26  103 
(Length: 3)  21  44  69 
(Length: 4)  21  26  44  147 
(Length: 4)  21  26  49  138 
(Length: 4)  21  43  101  132 
(Length: 3)  21  60  123 
(Length: 3)  21  63  103 
(Length: 3)  21  60  69 
(Length: 3)  21  60  88 
(Length: 4)  21  38  101  132 
(Length: 4)  22  30  43  90 
(Length: 4)  22  35  43  90 
(Length: 3)  22  37  102 
(Length: 3)  22  37  148 
(Length: 4)  22  76  81  99 
(Length: 3)  22  130  148 
(Length: 3)  22  98  99 
(Length: 5)  22  35  90  94  148 
(Length: 3)  22  43  126 
(Length: 4)  22  30  90  147 
(Length: 3)  22  94  99 
(Length: 4)  22  90  128  147 
(Length: 3)  22  102  132 
(Length: 4)  22  81  119  128 
(Length: 3)  22  69  99 
(Length: 5)  22  37  98  128  134 
(Length: 4)  22  119  128  134 
(Length: 3)  22  35  69 
(Length: 4)  22  81  99  119 
(Length: 3)  23  30  113 
(Length: 3)  23  74  131 
(Length: 4)  23  62  86  118 
(Length: 4)  23  58  86  118 
(Length: 4)  23  43  86  118 
(Length: 3)  23  110  125 
(Length: 3)  23  40  58 
(Length: 3)  23  43  110 
(Length: 3)  23  74  147 
(Length: 3)  23  62  74 
(Length: 4)  23  53  130  147 
(Length: 4)  23  43  86  131 
(Length: 3)  23  58  113 
(Length: 3)  23  118  147 
(Length: 3)  23  58  146 
(Length: 3)  23  74  125 
(Length: 4)  23  30  53  147 
(Length: 3)  23  90  146 
(Length: 3)  23  73  113 
(Length: 3)  23  110  146 
(Length: 3)  23  53  73 
(Length: 4)  23  30  136  147 
(Length: 4)  23  40  53  147 
(Length: 3)  23  40  131 
(Length: 4)  24  37  49  129 
(Length: 3)  24  83  135 
(Length: 3)  24  52  57 
(Length: 3)  24  48  57 
(Length: 3)  24  37  57 
(Length: 4)  24  69  113  141 
(Length: 4)  24  127  133  136 
(Length: 3)  24  48  68 
(Length: 3)  24  37  83 
(Length: 3)  24  125  127 
(Length: 4)  24  45  49  77 
(Length: 3)  24  80  83 
(Length: 3)  24  82  107 
(Length: 3)  24  37  86 
(Length: 3)  24  58  86 
(Length: 3)  24  86  107 
(Length: 3)  24  80  127 
(Length: 4)  24  49  77  129 
(Length: 4)  24  37  45  53 
(Length: 3)  24  80  86 
(Length: 4)  24  47  52  53 
(Length: 4)  24  47  52  82 
(Length: 4)  24  28  69  133 
(Length: 3)  24  52  83 
(Length: 4)  24  45  77  124 
(Length: 4)  24  52  53  125 
(Length: 5)  24  47  127  135  136 
(Length: 4)  24  30  133  136 
(Length: 4)  24  37  45  49 
(Length: 4)  24  68  129  136 
(Length: 3)  24  107  113 
(Length: 4)  24  49  77  135 
(Length: 4)  24  52  82  124 
(Length: 3)  24  77  107 
(Length: 4)  24  58  77  124 
(Length: 5)  24  69  108  127  133 
(Length: 4)  24  58  69  113 
(Length: 4)  24  58  77  129 
(Length: 4)  24  49  77  141 
(Length: 4)  24  69  127  135 
(Length: 3)  24  28  83 
(Length: 4)  24  30  52  53 
(Length: 3)  24  30  113 
(Length: 3)  24  37  108 
(Length: 4)  24  49  68  129 
(Length: 4)  24  47  68  136 
(Length: 3)  24  68  80 
(Length: 4)  24  49  68  141 
(Length: 3)  25  53  143 
(Length: 3)  25  31  70 
(Length: 4)  25  74  92  107 
(Length: 3)  25  31  96 
(Length: 3)  25  85  141 
(Length: 3)  25  79  96 
(Length: 3)  25  96  118 
(Length: 3)  25  70  107 
(Length: 4)  25  74  92  141 
(Length: 3)  25  31  74 
(Length: 4)  25  68  92  141 
(Length: 3)  25  27  68 
(Length: 3)  25  118  143 
(Length: 3)  25  96  141 
(Length: 3)  25  53  96 
(Length: 4)  26  34  78  104 
(Length: 3)  26  68  80 
(Length: 4)  26  49  115  116 
(Length: 3)  26  94  103 
(Length: 3)  26  83  103 
(Length: 4)  26  39  44  65 
(Length: 3)  26  34  83 
(Length: 3)  26  49  68 
(Length: 3)  26  34  50 
(Length: 4)  26  49  78  94 
(Length: 4)  26  44  114  147 
(Length: 3)  26  40  147 
(Length: 3)  26  40  103 
(Length: 3)  26  65  131 
(Length: 3)  26  83  115 
(Length: 3)  26  34  114 
(Length: 3)  26  114  138 
(Length: 3)  26  80  83 
(Length: 3)  26  40  78 
(Length: 4)  26  49  94  131 
(Length: 3)  26  104  147 
(Length: 4)  26  39  44  147 
(Length: 3)  26  40  131 
(Length: 4)  26  49  115  138 
(Length: 4)  27  67  80  97 
(Length: 3)  27  114  123 
(Length: 3)  27  71  97 
(Length: 3)  27  122  123 
(Length: 3)  27  123  128 
(Length: 3)  27  68  80 
(Length: 3)  27  116  123 
(Length: 3)  27  71  72 
(Length: 4)  27  38  61  97 
(Length: 3)  27  68  72 
(Length: 3)  27  55  122 
(Length: 3)  27  60  123 
(Length: 4)  27  38  80  97 
(Length: 4)  27  38  61  72 
(Length: 4)  27  71  118  128 
(Length: 3)  27  55  132 
(Length: 3)  27  61  123 
(Length: 4)  28  73  78  91 
(Length: 4)  28  63  78  91 
(Length: 4)  28  64  69  72 
(Length: 3)  28  35  90 
(Length: 4)  28  61  72  145 
(Length: 3)  28  63  133 
(Length: 3)  28  46  145 
(Length: 3)  28  41  106 
(Length: 3)  28  83  90 
(Length: 3)  28  41  91 
(Length: 4)  28  69  78  91 
(Length: 4)  28  64  69  133 
(Length: 3)  28  63  74 
(Length: 3)  28  72  106 
(Length: 4)  28  35  64  69 
(Length: 4)  28  35  64  73 
(Length: 3)  28  90  133 
(Length: 3)  29  89  141 
(Length: 3)  29  69  141 
(Length: 3)  29  125  128 
(Length: 3)  29  74  141 
(Length: 3)  29  89  149 
(Length: 3)  29  39  134 
(Length: 3)  29  39  93 
(Length: 3)  29  74  125 
(Length: 3)  30  52  67 
(Length: 3)  30  67  136 
(Length: 3)  30  67  137 
(Length: 4)  30  52  53  143 
(Length: 3)  30  65  113 
(Length: 4)  30  32  96  137 
(Length: 4)  30  32  54  61 
(Length: 4)  30  32  54  136 
(Length: 3)  30  72  136 
(Length: 4)  30  53  111  147 
(Length: 3)  30  72  111 
(Length: 4)  30  32  133  136 
(Length: 3)  30  111  133 
(Length: 3)  30  53  65 
(Length: 3)  30  43  59 
(Length: 3)  30  61  72 
(Length: 3)  30  54  111 
(Length: 3)  30  90  96 
(Length: 4)  30  59  96  137 
(Length: 3)  30  53  96 
(Length: 4)  30  32  113  137 
(Length: 3)  31  87  101 
(Length: 3)  31  81  142 
(Length: 4)  31  90  94  96 
(Length: 3)  31  90  147 
(Length: 3)  31  48  57 
(Length: 3)  31  104  147 
(Length: 3)  31  104  142 
(Length: 3)  31  52  57 
(Length: 3)  31  48  81 
(Length: 4)  31  48  90  94 
(Length: 3)  32  109  114 
(Length: 3)  32  96  139 
(Length: 3)  32  45  97 
(Length: 3)  32  62  97 
(Length: 3)  32  97  113 
(Length: 3)  32  117  122 
(Length: 3)  32  37  63 
(Length: 3)  32  96  117 
(Length: 4)  32  36  54  139 
(Length: 4)  32  63  109  133 
(Length: 3)  32  104  125 
(Length: 4)  32  36  38  122 
(Length: 5)  32  37  45  114  137 
(Length: 4)  32  33  45  137 
(Length: 3)  32  109  113 
(Length: 4)  32  38  61  82 
(Length: 3)  32  37  38 
(Length: 4)  32  36  38  139 
(Length: 3)  32  122  137 
(Length: 4)  32  54  136  139 
(Length: 3)  32  37  148 
(Length: 4)  32  62  118  137 
(Length: 3)  32  62  139 
(Length: 3)  32  69  113 
(Length: 3)  32  69  118 
(Length: 4)  32  33  104  118 
(Length: 3)  32  36  109 
(Length: 3)  32  117  136 
(Length: 4)  32  104  133  136 
(Length: 3)  32  125  137 
(Length: 3)  32  54  63 
(Length: 4)  32  62  104  118 
(Length: 4)  32  36  54  145 
(Length: 3)  32  68  145 
(Length: 4)  32  38  61  97 
(Length: 4)  32  68  104  136 
(Length: 5)  32  33  96  118  137 
(Length: 5)  32  33  54  61  145 
(Length: 3)  32  45  139 
(Length: 4)  32  37  118  137 
(Length: 4)  33  99  108  137 
(Length: 3)  33  46  145 
(Length: 3)  33  107  149 
(Length: 3)  33  80  145 
(Length: 3)  33  65  92 
(Length: 3)  33  108  142 
(Length: 4)  33  43  104  126 
(Length: 4)  33  99  104  118 
(Length: 3)  33  45  93 
(Length: 4)  33  65  89  149 
(Length: 3)  33  46  107 
(Length: 4)  33  65  89  95 
(Length: 3)  33  95  145 
(Length: 3)  33  80  83 
(Length: 3)  33  54  99 
(Length: 4)  33  104  126  142 
(Length: 4)  33  54  92  107 
(Length: 4)  33  43  104  118 
(Length: 4)  33  43  89  118 
(Length: 4)  33  92  107  137 
(Length: 4)  33  61  83  126 
(Length: 3)  33  83  89 
(Length: 5)  33  96  99  118  137 
(Length: 3)  33  83  93 
(Length: 3)  33  95  142 
(Length: 4)  33  61  126  145 
(Length: 4)  33  93  104  142 
(Length: 4)  34  78  107  109 
(Length: 4)  34  54  78  107 
(Length: 4)  34  36  54  111 
(Length: 3)  34  82  90 
(Length: 4)  34  83  93  120 
(Length: 3)  34  120  121 
(Length: 4)  34  36  50  109 
(Length: 3)  34  74  120 
(Length: 4)  34  36  54  121 
(Length: 3)  34  41  52 
(Length: 3)  34  50  119 
(Length: 3)  34  50  74 
(Length: 4)  34  54  74  107 
(Length: 3)  34  54  135 
(Length: 4)  34  83  93  135 
(Length: 4)  34  45  93  124 
(Length: 3)  34  45  90 
(Length: 4)  34  36  41  121 
(Length: 3)  34  82  107 
(Length: 3)  34  52  83 
(Length: 4)  34  83  90  135 
(Length: 4)  34  52  82  124 
(Length: 3)  34  83  109 
(Length: 4)  34  45  93  114 
(Length: 4)  34  78  93  104 
(Length: 4)  34  36  109  121 
(Length: 4)  34  54  78  111 
(Length: 3)  35  44  69 
(Length: 4)  35  42  64  148 
(Length: 4)  35  42  64  77 
(Length: 3)  35  38  94 
(Length: 3)  35  69  120 
(Length: 4)  35  51  64  73 
(Length: 3)  35  51  129 
(Length: 3)  35  44  97 
(Length: 3)  35  43  89 
(Length: 3)  35  129  148 
(Length: 3)  35  77  129 
(Length: 4)  35  51  65  144 
(Length: 4)  35  42  64  73 
(Length: 4)  35  45  90  97 
(Length: 3)  35  120  148 
(Length: 3)  35  87  148 
(Length: 4)  35  65  87  131 
(Length: 4)  35  44  65  89 
(Length: 3)  35  40  131 
(Length: 3)  35  38  97 
(Length: 4)  35  45  64  97 
(Length: 4)  35  45  77  90 
(Length: 3)  35  73  87 
(Length: 3)  35  38  40 
(Length: 4)  35  45  64  77 
(Length: 3)  35  69  144 
(Length: 4)  35  40  64  148 
(Length: 4)  35  40  64  69 
(Length: 3)  35  94  131 
(Length: 4)  36  38  132  139 
(Length: 3)  36  41  89 
(Length: 3)  36  38  105 
(Length: 3)  36  95  122 
(Length: 3)  36  41  87 
(Length: 3)  36  40  111 
(Length: 3)  36  40  108 
(Length: 4)  36  54  111  145 
(Length: 3)  36  95  142 
(Length: 3)  36  139  142 
(Length: 3)  36  108  122 
(Length: 3)  36  86  145 
(Length: 4)  36  50  95  145 
(Length: 3)  36  75  95 
(Length: 3)  36  102  142 
(Length: 3)  36  89  95 
(Length: 3)  36  86  87 
(Length: 3)  36  40  109 
(Length: 3)  36  66  87 
(Length: 3)  36  48  109 
(Length: 3)  36  86  121 
(Length: 4)  36  86  102  132 
(Length: 3)  36  66  109 
(Length: 3)  36  50  108 
(Length: 3)  36  38  40 
(Length: 4)  36  38  48  132 
(Length: 3)  36  66  108 
(Length: 3)  36  87  105 
(Length: 3)  36  54  75 
(Length: 3)  36  38  121 
(Length: 6)  37  49  59  85  129  137 
(Length: 3)  37  79  86 
(Length: 3)  37  39  102 
(Length: 3)  37  39  59 
(Length: 3)  37  40  57 
(Length: 3)  37  98  114 
(Length: 4)  37  39  67  93 
(Length: 4)  37  49  118  128 
(Length: 6)  37  49  92  118  129  137 
(Length: 3)  37  86  118 
(Length: 4)  37  45  93  114 
(Length: 3)  37  86  100 
(Length: 4)  37  45  49  128 
(Length: 3)  37  49  84 
(Length: 6)  37  49  67  85  129  137 
(Length: 3)  37  83  128 
(Length: 3)  37  92  98 
(Length: 3)  37  84  108 
(Length: 3)  37  57  92 
(Length: 4)  37  63  88  93 
(Length: 3)  37  86  102 
(Length: 4)  37  45  49  115 
(Length: 3)  37  63  108 
(Length: 4)  37  49  88  115 
(Length: 4)  37  49  63  88 
(Length: 4)  37  45  49  137 
(Length: 3)  37  57  102 
(Length: 4)  37  85  102  129 
(Length: 4)  37  38  40  79 
(Length: 4)  37  85  108  137 
(Length: 4)  37  49  67  115 
(Length: 3)  37  129  148 
(Length: 3)  37  83  93 
(Length: 3)  37  83  115 
(Length: 3)  37  38  121 
(Length: 3)  37  84  114 
(Length: 3)  37  38  100 
(Length: 3)  37  39  134 
(Length: 3)  37  63  98 
(Length: 3)  37  108  115 
(Length: 4)  37  40  108  148 
(Length: 4)  37  114  129  137 
(Length: 4)  37  50  108  148 
(Length: 3)  37  86  121 
(Length: 3)  37  40  53 
(Length: 4)  38  48  72  132 
(Length: 4)  38  48  72  94 
(Length: 3)  38  61  91 
(Length: 4)  38  60  72  94 
(Length: 3)  38  48  81 
(Length: 3)  38  81  121 
(Length: 3)  38  100  105 
(Length: 3)  38  97  101 
(Length: 4)  38  48  61  72 
(Length: 3)  38  91  132 
(Length: 3)  38  101  119 
(Length: 3)  38  81  119 
(Length: 3)  38  81  139 
(Length: 3)  39  60  106 
(Length: 4)  39  59  60  120 
(Length: 4)  39  60  93  120 
(Length: 3)  39  67  109 
(Length: 3)  39  44  109 
(Length: 3)  39  66  120 
(Length: 3)  39  67  106 
(Length: 3)  39  66  109 
(Length: 3)  39  47  65 
(Length: 3)  39  47  59 
(Length: 3)  39  109  134 
(Length: 3)  40  78  111 
(Length: 4)  40  58  69  126 
(Length: 3)  40  135  148 
(Length: 3)  40  148  149 
(Length: 4)  40  58  69  78 
(Length: 3)  40  78  143 
(Length: 3)  40  79  126 
(Length: 3)  40  53  143 
(Length: 3)  40  64  79 
(Length: 4)  40  53  111  147 
(Length: 3)  40  69  108 
(Length: 3)  40  126  131 
(Length: 4)  40  69  126  135 
(Length: 3)  40  103  149 
(Length: 3)  41  65  89 
(Length: 3)  41  52  89 
(Length: 3)  41  121  137 
(Length: 3)  41  121  127 
(Length: 3)  41  87  106 
(Length: 3)  41  106  137 
(Length: 3)  41  128  146 
(Length: 3)  41  127  128 
(Length: 3)  41  87  146 
(Length: 3)  41  65  87 
(Length: 3)  41  87  115 
(Length: 3)  41  115  127 
(Length: 3)  41  91  137 
(Length: 3)  42  77  135 
(Length: 3)  42  62  64 
(Length: 3)  42  93  135 
(Length: 3)  42  55  64 
(Length: 3)  42  135  148 
(Length: 3)  42  81  135 
(Length: 3)  43  84  138 
(Length: 3)  43  52  89 
(Length: 3)  43  101  126 
(Length: 3)  43  59  123 
(Length: 3)  43  84  131 
(Length: 3)  43  86  123 
(Length: 3)  43  68  90 
(Length: 3)  43  84  89 
(Length: 3)  43  52  110 
(Length: 3)  43  47  59 
(Length: 3)  43  47  52 
(Length: 3)  43  86  132 
(Length: 3)  43  47  68 
(Length: 4)  43  89  101  140 
(Length: 3)  43  85  126 
(Length: 3)  43  84  123 
(Length: 4)  43  59  85  138 
(Length: 3)  43  126  131 
(Length: 3)  43  101  110 
(Length: 4)  44  53  65  112 
(Length: 3)  44  77  112 
(Length: 3)  44  69  72 
(Length: 3)  44  71  72 
(Length: 3)  44  71  97 
(Length: 3)  44  53  97 
(Length: 3)  44  72  112 
(Length: 3)  44  50  145 
(Length: 3)  44  97  124 
(Length: 3)  44  77  145 
(Length: 3)  44  72  145 
(Length: 3)  44  71  89 
(Length: 3)  44  77  124 
(Length: 3)  44  50  109 
(Length: 3)  45  97  124 
(Length: 4)  45  64  77  115 
(Length: 3)  45  90  128 
(Length: 3)  45  53  97 
(Length: 4)  45  64  97  115 
(Length: 4)  45  49  97  115 
(Length: 4)  45  93  124  139 
(Length: 4)  45  49  77  115 
(Length: 3)  47  87  88 
(Length: 3)  47  79  127 
(Length: 3)  47  79  96 
(Length: 3)  47  59  121 
(Length: 4)  47  98  135  142 
(Length: 3)  47  53  65 
(Length: 4)  47  59  98  99 
(Length: 4)  47  65  87  92 
(Length: 3)  47  65  79 
(Length: 3)  47  53  96 
(Length: 4)  47  59  96  99 
(Length: 3)  47  68  121 
(Length: 3)  47  92  98 
(Length: 4)  47  59  87  99 
(Length: 3)  47  121  127 
(Length: 4)  47  59  98  142 
(Length: 3)  47  116  142 
(Length: 4)  47  98  99  135 
(Length: 3)  47  116  148 
(Length: 4)  47  68  87  92 
(Length: 4)  47  127  135  142 
(Length: 3)  47  135  148 
(Length: 3)  47  88  136 
(Length: 3)  47  87  148 
(Length: 3)  48  72  93 
(Length: 3)  48  57  132 
(Length: 3)  48  56  94 
(Length: 3)  48  90  128 
(Length: 3)  48  63  109 
(Length: 3)  48  81  128 
(Length: 3)  48  63  94 
(Length: 3)  48  68  90 
(Length: 3)  48  63  93 
(Length: 3)  48  68  72 
(Length: 4)  49  85  129  132 
(Length: 3)  49  85  126 
(Length: 4)  49  68  92  141 
(Length: 4)  49  68  92  129 
(Length: 4)  49  71  119  128 
(Length: 4)  49  72  119  126 
(Length: 4)  49  91  129  132 
(Length: 4)  49  67  97  115 
(Length: 4)  49  77  92  141 
(Length: 3)  49  56  71 
(Length: 4)  49  94  126  135 
(Length: 3)  49  66  129 
(Length: 4)  49  63  78  94 
(Length: 4)  49  66  71  119 
(Length: 4)  49  88  97  115 
(Length: 4)  49  71  118  128 
(Length: 3)  49  71  97 
(Length: 4)  49  77  119  141 
(Length: 4)  49  63  78  119 
(Length: 3)  49  56  94 
(Length: 4)  49  56  85  129 
(Length: 5)  49  56  77  92  129 
(Length: 4)  49  71  72  119 
(Length: 3)  49  55  132 
(Length: 4)  49  68  72  126 
(Length: 3)  49  105  116 
(Length: 4)  49  55  119  126 
(Length: 3)  49  55  59 
(Length: 4)  49  94  126  131 
(Length: 4)  49  68  92  126 
(Length: 3)  49  85  141 
(Length: 4)  49  78  119  141 
(Length: 3)  49  84  131 
(Length: 4)  49  59  85  138 
(Length: 3)  49  116  126 
(Length: 4)  49  72  94  126 
(Length: 4)  49  63  94  135 
(Length: 3)  49  135  138 
(Length: 5)  49  59  91  129  137 
(Length: 4)  49  77  115  141 
(Length: 3)  50  74  147 
(Length: 3)  50  55  108 
(Length: 3)  50  55  109 
(Length: 3)  50  74  108 
(Length: 3)  50  55  119 
(Length: 3)  51  75  141 
(Length: 3)  51  80  127 
(Length: 5)  51  52  67  73  75 
(Length: 4)  51  85  109  141 
(Length: 3)  51  52  110 
(Length: 3)  51  101  110 
(Length: 4)  51  59  85  129 
(Length: 4)  51  109  113  141 
(Length: 4)  51  67  85  129 
(Length: 3)  51  65  113 
(Length: 3)  51  101  135 
(Length: 3)  51  127  135 
(Length: 4)  51  64  75  127 
(Length: 4)  51  67  85  109 
(Length: 3)  51  75  101 
(Length: 3)  52  97  124 
(Length: 3)  52  67  97 
(Length: 3)  52  110  125 
(Length: 3)  52  83  89 
(Length: 3)  52  53  97 
(Length: 3)  52  53  73 
(Length: 3)  52  89  149 
(Length: 3)  52  110  149 
(Length: 3)  52  124  149 
(Length: 3)  53  80  97 
(Length: 3)  53  96  112 
(Length: 3)  53  65  119 
(Length: 3)  53  73  96 
(Length: 3)  53  112  125 
(Length: 4)  54  81  99  135 
(Length: 3)  54  81  139 
(Length: 3)  54  58  78 
(Length: 3)  54  58  77 
(Length: 3)  54  63  135 
(Length: 4)  54  76  81  99 
(Length: 3)  54  58  81 
(Length: 4)  54  74  92  107 
(Length: 3)  54  135  136 
(Length: 3)  54  75  136 
(Length: 4)  54  77  92  107 
(Length: 4)  54  75  78  107 
(Length: 4)  54  61  77  135 
(Length: 4)  54  61  77  145 
(Length: 3)  54  56  121 
(Length: 3)  54  70  135 
(Length: 4)  54  75  92  107 
(Length: 3)  54  63  78 
(Length: 3)  54  70  111 
(Length: 4)  54  56  77  92 
(Length: 3)  54  63  74 
(Length: 4)  54  77  99  135 
(Length: 4)  54  70  75  107 
(Length: 3)  54  81  121 
(Length: 3)  55  119  149 
(Length: 3)  55  108  122 
(Length: 4)  55  119  126  142 
(Length: 4)  55  64  104  136 
(Length: 3)  55  59  142 
(Length: 3)  55  107  109 
(Length: 4)  55  104  126  142 
(Length: 3)  55  122  126 
(Length: 3)  55  64  119 
(Length: 3)  55  99  119 
(Length: 3)  55  99  108 
(Length: 3)  55  99  104 
(Length: 3)  55  107  149 
(Length: 3)  55  86  107 
(Length: 3)  55  59  99 
(Length: 3)  55  108  142 
(Length: 3)  55  86  132 
(Length: 3)  56  92  125 
(Length: 3)  56  71  89 
(Length: 3)  56  117  122 
(Length: 3)  56  106  122 
(Length: 3)  56  77  124 
(Length: 3)  56  121  125 
(Length: 3)  56  85  117 
(Length: 3)  56  94  106 
(Length: 3)  56  89  101 
(Length: 3)  56  85  125 
(Length: 3)  57  65  92 
(Length: 3)  57  92  140 
(Length: 3)  57  102  132 
(Length: 3)  57  132  146 
(Length: 3)  57  92  146 
(Length: 3)  57  102  140 
(Length: 3)  58  78  112 
(Length: 4)  58  69  78  113 
(Length: 3)  58  81  142 
(Length: 4)  58  78  113  142 
(Length: 3)  58  77  146 
(Length: 3)  58  126  142 
(Length: 3)  58  69  118 
(Length: 3)  58  85  126 
(Length: 3)  58  98  106 
(Length: 3)  58  71  97 
(Length: 3)  58  84  123 
(Length: 3)  58  77  112 
(Length: 3)  58  112  118 
(Length: 3)  58  97  113 
(Length: 3)  58  71  118 
(Length: 3)  58  97  124 
(Length: 3)  58  124  126 
(Length: 3)  58  86  123 
(Length: 3)  58  106  113 
(Length: 3)  58  118  129 
(Length: 3)  58  95  146 
(Length: 4)  58  78  95  142 
(Length: 3)  58  85  129 
(Length: 4)  58  78  123  142 
(Length: 3)  58  112  126 
(Length: 3)  58  98  142 
(Length: 3)  58  84  95 
(Length: 3)  58  81  84 
(Length: 3)  58  81  86 
(Length: 4)  59  96  99  137 
(Length: 3)  59  85  117 
(Length: 4)  59  96  99  123 
(Length: 4)  59  60  99  123 
(Length: 3)  59  87  138 
(Length: 3)  59  138  142 
(Length: 3)  59  98  140 
(Length: 3)  59  85  120 
(Length: 3)  59  96  117 
(Length: 3)  59  120  121 
(Length: 3)  60  99  104 
(Length: 4)  60  62  88  104 
(Length: 3)  60  62  86 
(Length: 3)  60  69  72 
(Length: 4)  60  86  102  132 
(Length: 4)  60  72  94  106 
(Length: 4)  60  83  93  120 
(Length: 4)  60  88  93  104 
(Length: 4)  60  94  99  123 
(Length: 3)  60  88  94 
(Length: 3)  60  69  99 
(Length: 4)  61  72  126  145 
(Length: 4)  61  83  126  135 
(Length: 3)  61  123  135 
(Length: 4)  61  72  112  126 
(Length: 3)  61  91  123 
(Length: 3)  61  77  112 
(Length: 3)  62  64  104 
(Length: 3)  62  64  97 
(Length: 3)  62  88  139 
(Length: 3)  62  79  138 
(Length: 4)  62  74  92  141 
(Length: 4)  62  92  118  137 
(Length: 3)  62  138  139 
(Length: 3)  62  79  86 
(Length: 3)  62  88  97 
(Length: 3)  62  64  79 
(Length: 3)  63  108  133 
(Length: 4)  63  78  93  119 
(Length: 3)  63  98  135 
(Length: 3)  63  103  110 
(Length: 3)  63  94  103 
(Length: 3)  63  93  135 
(Length: 3)  63  74  108 
(Length: 3)  64  77  119 
(Length: 4)  64  75  127  136 
(Length: 4)  64  115  127  136 
(Length: 4)  64  68  72  136 
(Length: 3)  64  72  119 
(Length: 3)  64  69  113 
(Length: 4)  64  97  115  127 
(Length: 4)  64  68  104  136 
(Length: 4)  64  97  113  115 
(Length: 3)  64  123  127 
(Length: 4)  64  69  127  133 
(Length: 4)  64  127  133  136 
(Length: 4)  64  73  113  115 
(Length: 4)  64  104  133  136 
(Length: 3)  64  79  127 
(Length: 3)  65  87  105 
(Length: 3)  65  95  131 
(Length: 4)  65  89  119  149 
(Length: 3)  66  109  133 
(Length: 3)  66  79  127 
(Length: 3)  66  71  133 
(Length: 3)  66  107  109 
(Length: 3)  66  87  107 
(Length: 4)  66  108  127  133 
(Length: 3)  67  75  137 
(Length: 3)  67  136  139 
(Length: 3)  67  115  136 
(Length: 3)  67  104  136 
(Length: 3)  67  104  112 
(Length: 3)  67  73  115 
(Length: 3)  67  93  104 
(Length: 3)  67  109  115 
(Length: 3)  67  106  137 
(Length: 3)  67  129  136 
(Length: 3)  67  75  136 
(Length: 3)  67  73  93 
(Length: 3)  67  93  139 
(Length: 3)  68  87  106 
(Length: 4)  68  72  126  145 
(Length: 3)  68  120  121 
(Length: 3)  68  120  141 
(Length: 3)  68  120  145 
(Length: 3)  68  121  126 
(Length: 3)  68  72  106 
(Length: 3)  68  80  145 
(Length: 3)  69  120  141 
(Length: 3)  69  72  126 
(Length: 3)  69  99  108 
(Length: 3)  69  118  144 
(Length: 4)  69  78  91  141 
(Length: 4)  69  78  141  144 
(Length: 3)  69  70  135 
(Length: 3)  69  99  118 
(Length: 3)  69  99  135 
(Length: 4)  69  78  113  141 
(Length: 3)  69  70  133 
(Length: 3)  70  82  107 
(Length: 3)  70  111  133 
(Length: 3)  71  140  143 
(Length: 3)  71  89  140 
(Length: 3)  71  128  133 
(Length: 3)  71  89  119 
(Length: 3)  72  98  106 
(Length: 3)  72  111  145 
(Length: 3)  72  136  139 
(Length: 3)  73  87  115 
(Length: 3)  73  75  96 
(Length: 3)  73  96  115 
(Length: 3)  74  92  125 
(Length: 4)  74  92  140  141 
(Length: 3)  74  120  141 
(Length: 3)  74  108  115 
(Length: 3)  75  116  126 
(Length: 4)  75  96  118  137 
(Length: 3)  75  95  116 
(Length: 4)  75  92  118  137 
(Length: 3)  75  107  130 
(Length: 4)  75  92  107  137 
(Length: 3)  75  131  137 
(Length: 4)  75  78  95  141 
(Length: 3)  75  95  131 
(Length: 3)  75  126  131 
(Length: 3)  75  95  101 
(Length: 3)  76  96  112 
(Length: 3)  76  96  99 
(Length: 3)  77  99  119 
(Length: 3)  77  90  147 
(Length: 4)  77  96  115  141 
(Length: 3)  77  96  99 
(Length: 3)  77  90  96 
(Length: 3)  77  92  146 
(Length: 3)  77  90  135 
(Length: 3)  77  90  146 
(Length: 3)  77  99  146 
(Length: 3)  78  94  123 
(Length: 3)  78  94  113 
(Length: 3)  78  102  142 
(Length: 3)  78  102  112 
(Length: 4)  78  93  104  142 
(Length: 3)  78  111  141 
(Length: 3)  78  143  144 
(Length: 4)  78  109  113  141 
(Length: 4)  78  93  119  142 
(Length: 4)  78  107  109  113 
(Length: 3)  79  86  96 
(Length: 3)  79  130  138 
(Length: 3)  80  97  127 
(Length: 3)  80  111  145 
(Length: 3)  80  110  146 
(Length: 3)  80  86  145 
(Length: 3)  81  83  120 
(Length: 3)  81  119  142 
(Length: 3)  81  120  121 
(Length: 3)  81  83  135 
(Length: 3)  81  121  127 
(Length: 3)  81  83  115 
(Length: 3)  81  86  121 
(Length: 3)  81  115  127 
(Length: 3)  81  83  128 
(Length: 3)  81  139  142 
(Length: 4)  81  127  135  142 
(Length: 3)  82  90  147 
(Length: 3)  83  109  115 
(Length: 3)  83  96  115 
(Length: 3)  83  90  96 
(Length: 3)  83  90  128 
(Length: 3)  83  89  103 
(Length: 3)  84  95  117 
(Length: 3)  84  108  133 
(Length: 3)  84  108  138 
(Length: 3)  84  114  123 
(Length: 3)  84  104  133 
(Length: 3)  84  108  117 
(Length: 3)  84  95  131 
(Length: 3)  85  108  117 
(Length: 4)  85  102  129  132 
(Length: 3)  85  102  138 
(Length: 3)  85  125  137 
(Length: 3)  85  108  138 
(Length: 3)  85  120  141 
(Length: 3)  86  96  118 
(Length: 3)  86  100  131 
(Length: 3)  86  87  107 
(Length: 3)  86  87  131 
(Length: 3)  86  96  123 
(Length: 3)  86  96  132 
(Length: 3)  87  105  148 
(Length: 3)  87  105  146 
(Length: 3)  87  107  138 
(Length: 3)  87  92  146 
(Length: 3)  87  88  115 
(Length: 3)  87  101  148 
(Length: 3)  87  115  138 
(Length: 3)  87  106  131 
(Length: 3)  87  99  146 
(Length: 3)  87  92  107 
(Length: 3)  88  90  117 
(Length: 3)  88  117  136 
(Length: 3)  88  93  139 
(Length: 3)  88  104  125 
(Length: 3)  88  115  136 
(Length: 3)  88  90  97 
(Length: 3)  88  90  94 
(Length: 3)  88  136  139 
(Length: 3)  88  104  136 
(Length: 3)  89  103  149 
(Length: 3)  89  95  103 
(Length: 4)  89  91  140  141 
(Length: 3)  89  101  119 
(Length: 3)  89  95  101 
(Length: 3)  89  119  141 
(Length: 3)  89  95  141 
(Length: 3)  90  108  117 
(Length: 3)  90  128  133 
(Length: 3)  90  108  148 
(Length: 3)  90  96  117 
(Length: 4)  90  94  135  148 
(Length: 3)  90  108  133 
(Length: 3)  90  128  146 
(Length: 3)  92  125  137 
(Length: 4)  92  98  140  141 
(Length: 3)  93  139  142 
(Length: 4)  94  99  123  135 
(Length: 3)  94  106  113 
(Length: 3)  94  106  131 
(Length: 3)  94  96  106 
(Length: 4)  94  96  99  123 
(Length: 3)  95  117  122 
(Length: 3)  95  122  131 
(Length: 3)  95  116  142 
(Length: 3)  95  116  145 
(Length: 3)  96  115  132 
(Length: 3)  96  132  139 
(Length: 3)  96  112  118 
(Length: 3)  96  106  137 
(Length: 3)  98  101  140 
(Length: 3)  98  106  131 
(Length: 3)  98  109  134 
(Length: 3)  98  101  135 
(Length: 3)  100  105  146 
(Length: 3)  101  112  126 
(Length: 3)  101  126  135 
(Length: 3)  101  130  148 
(Length: 3)  101  135  148 
(Length: 3)  103  110  149 
(Length: 3)  104  118  147 
(Length: 3)  104  112  125 
(Length: 3)  104  136  147 
(Length: 3)  104  126  133 
(Length: 3)  104  112  126 
(Length: 3)  105  116  148 
(Length: 3)  106  113  137 
(Length: 4)  106  122  131  137 
(Length: 3)  107  113  137 
(Length: 3)  107  130  138 
(Length: 3)  107  113  138 
(Length: 3)  108  122  137 
(Length: 3)  108  115  138 
(Length: 3)  108  115  127 
(Length: 3)  108  117  122 
(Length: 4)  109  113  115  141 
(Length: 3)  109  121  133 
(Length: 3)  111  118  129 
(Length: 3)  111  140  141 
(Length: 3)  112  125  128 
(Length: 3)  112  118  128 
(Length: 3)  113  115  138 
(Length: 3)  113  138  142 
(Length: 3)  114  129  132 
(Length: 3)  116  123  142 
(Length: 3)  116  126  145 
(Length: 3)  116  126  142 
(Length: 3)  118  129  143 
(Length: 3)  118  143  144 
(Length: 3)  119  125  128 
(Length: 3)  120  130  148 
(Length: 3)  121  126  133 
(Length: 3)  121  127  133 
(Length: 3)  121  125  127 
(Length: 3)  121  125  137 
(Length: 3)  122  126  135 
(Length: 3)  122  126  131 
(Length: 3)  122  123  135 
(Length: 3)  123  127  128 
(Length: 3)  123  139  142 
(Length: 4)  123  127  135  142 
(Length: 3)  126  135  142 
(Length: 3)  129  132  143 
(Length: 3)  138  139  142 
...model cost: 1.81 seconds  48937 FFE
 (opt) 670.00000000 == 670.00000000 (sur)  OPTIMALITY TEST PASSED!
   BESTimpr 578.00000000 -> 655.00000000
*11*111**1111*1**111****1****1*11*1*1**11111**1**11**1**11*1*111*1111***1111**11*1**1**11**1*1*11*11**1*111***11*1***1111****111*1*1*1*1*1*1*11***1*11

   BESTimpr 655.00000000 -> 656.00000000
11*11***1*111111**1**1*11*1****1**111**1*1*1**1**1*1*1*1*1**1*1****11**11*****1********1*1*11**1****111*1*11*****11*1***11****1**111*1***11*11*11****1

