Walsh model started...
 145  83  98  85  1  46  55  136  107  69  14  111  52  27  88  105  131  24  35  121  45  84  73  19  138  93 
 17  8  0  46  40  87  83  78  122  143  138  115  23  79  130  132  120  94  147  76  85  13  52  109  145  6  118  3  146  107  24  142 
 91  52  9  15  35  58  138  75  84  68  73  90  122  18  32  39  108  76  28  53  116  54  144  94 
 101  99  110  57  34  74  129  100  102  109  51  7  9  46  71  52  1  53  58 
 34  149  43  77  80  81  75  117  50  134  66  71  40  58  98  123  17  120  138  7  9  91  31  133  135  114  93  38  62  54  45  111  104  27 
 16  23  73  49  33  40  8  65  79  93  90  20  52  131  67  27  57  117 
 34  53  69  64  144  68  26  27  73  123  120  32  143  117  93  136  145  90  107  11  125  116  130  1  118  59  60  86  134  33 
 111  125  69  41  134  104  110  58  143  8  56  39  115  4  9  92  43  44  79  57  3  78  107  141  49 
 55  130  134  54  17  1  111  69  5  65  39  83  95  96  7  56  82  105  118  114  86  18  122  16  89  85  81  48  126  49  146  31  41  149 
 119  98  15  2  139  138  7  4  134  41  127  124  3  57  27  71  63  69  51  93  68  74  43  65  115  53  81 
 47  79  19  40  44  130  106  67  24  83  32  89  90  146  132  62  115  25  82  48  21  144 
 95  90  122  133  97  145  21  79  70  6  125  69  67  27  86  98  134  146  141  75  71  126  109 
 101  74  108  31  23  90  107  144  83  95  26  128  54  51  120 
 104  88  71  78  34  14  95  103  60  105  127  144  1  52  90  143  107  123 
 102  131  53  85  124  145  107  92  129  37  61  133  0  46  137  135  82  138  123  87  71  149  18  115  56  118  141  34  13  21  62  75  60  110  50  22  100  101 
 140  57  77  118  9  2  142  119  86  45  83  47  149  31  123  73  135  72  90  26  110  37  38  44  113  21  51  100 
 5  23  134  53  22  109  24  76  98  122  8  46  80  78  119  55 
 27  37  8  1  146  29  83  43  4  137  32  35  95  113  70 
 145  32  78  127  38  92  28  132  96  105  121  55  126  50  14  149  134  111  73  39  61  26  144  2  86  8  79  74  102  90  101  136  123 
 40  10  141  22  83  57  86  89  71  100  148  130  138  0  46  48  32  115  70  88  64  91  131 
 144  42  137  49  5  90  130  73 
 27  44  134  76  116  22  122  148  11  145  79  78  26  60  140  25  74  141  43  87  14  62  126  31  136  120  102  41  96  51  94  89  81  15  114  34  48  10 
 141  19  116  21  53  16  46  100  14  40  136 
 43  96  16  5  134  104  132  53  47  77  135  117  138  90  12  1  79  67  52  44  114  37  85  86  122  120  26  100  105  145  27  32 
 116  132  63  124  99  66  10  83  129  53  79  142  131  0  109  16  87  33  39  120  56  54  1 
 99  141  33  110  65  143  43  121  89  21  140  10  82  54  87  80  138  92  107 
 62  97  31  101  36  130  6  27  21  60  119  136  18  144  15  140  120  23  102  12 
 66  34  21  44  134  62  17  37  45  131  129  57  52  0  6  26  124  115  51  77  35  73  101  144  138  9  11  86  104  4  67  5  70  109  29  49  65  53  32  23 
 102  47  120  65  105  108  140  59  18  132  103  94  61  76  2  38  81 
 110  64  53  149  148  60  121  42  146  17  132  74  106  72  83  61  82  144  138  127  69  109  27  111  115  101 
 117  120  77  85  146  121  126  128  127  69  99  61  34  64  53 
 101  26  74  114  67  105  12  108  100  125  89  55  73  76  123  15  79  34  4  91  44  132  58  115  126  21  59  66  47  97  72  146  8 
 18  145  76  38  63  55  48  91  49  120  135  101  10  89  65  138  54  118  6  35  104  137  17  140  2  41  37  36  47  73  19  115  64  53  92  27  23 
 25  110  5  40  143  67  123  77  78  43  138  89  55  148  99  144  113  24  87  91  134  6  39 
 53  6  4  149  27  66  117  110  3  31  79  44  89  84  13  14  103  96  61  30  114  21  43  49 
 77  129  58  2  93  56  78  65  73  27  104  32  62  90  81  68  121  0  95  17  72  67 
 40  79  73  97  92  63  68  57  26  130  96  102  41  45  32  77  101 
 27  17  100  52  129  14  104  45  112  144  101  77  85  23  41  32  110  15  103  94  55  47 
 76  32  94  107  92  18  52  105  43  100  121  113  57  137  149  104  4  62  15  44  28  81  60  102 
 99  86  102  149  85  75  56  50  8  83  132  138  7  115  81  51  73  18  2  108  24  120  67  47  33  78 
 19  10  79  36  123  122  87  1  5  33  58  4  130  92  63  77  119  106  22  136  42 
 124  118  115  144  69  7  56  146  36  45  113  103  64  65  134  9  133  37  32  127  111  135  78  21  96  129  57  8  149 
 141  105  29  121  126  112  144  20  108  103  127  134  125  138  130  40 
 4  77  80  96  23  33  78  121  25  38  100  17  55  68  85  112  87  21  148  65  61  52  92  7  114  9  34  49 
 140  112  10  130  21  27  70  82  52  34  31  7  69  114  23  125  38  15  94  136  149  61  122 
 95  53  37  104  131  27  15  86  126  137  41  36  88  0  49  116  58  4  111  123  138 
 0  1  14  134  128  78  123  83  51  22  16  71  3  48  19  102  80 
 79  10  149  67  102  28  53  23  56  139  15  115  68  86  32  73  66  31  144  94  122  39  55  37  145 
 66  121  60  86  32  91  63  69  135  76  112  143  46  19  128  95  81  8  10  21  107  73 
 5  73  32  120  133  85  77  135  137  20  139  109  51  53  96  89  86  45  141  7  34  43  52  99  8  27  138 
 56  39  4  134  126  18  79  108  110  14  107  140  73  117  103  132  137  133 
 145  115  89  92  27  77  81  39  83  46  49  53  109  3  9  69  144  71  78  110  21  96  15  87  147  79  120  12 
 91  2  37  100  38  105  111  0  27  82  44  106  145  95  104  146  43  61  76  86  67  23  13  1  5  131  3  125  49  99 
 34  6  45  95  85  14  29  149  134  79  129  24  23  47  145  118  75  22  16  49  51  126  63  2  116  30  64  9  115  58  3  91  32  92  114  27  65  140 
 91  120  113  73  134  8  138  139  32  118  127  126  25  87  56  24  135  4  130  107  2  144  128  12  133  124 
 8  130  0  136  91  58  32  63  89  31  98  126  73  18  121  43  68  33  148  97  103  123  87  149  47  37  16  119 
 79  114  96  78  50  39  47  139  41  146  35  93  8  7  65  57  115  14  76  117  124  24  54  116  91 
 15  140  19  83  110  3  36  68  129  27  65  56  120  72  38  137  79  7  9  69  74  5  117  41 
 119  101  91  55  35  2  40  4  73  7  143  74  93  31  132  112  64  116  45  81  117  131  53  3  108 
 84  124  116  148  98  80  140  28  63  144  136  77  122  120  89  66  31  100  60  6  70 
 148  29  82  103  97  114  147  99  48  86  65  143  26  21  14  75  13  105  139  137  59  6  38  102 
 72  132  14  133  144  65  76  77  85  105  18  28  145  80  43  52  83  29  143  136  118  114  108  34  30  44  122  135  116 
 26  97  134  27  81  93  10  132  135  123  90  35  129  83  14  21  38  4 
 24  124  92  36  32  55  65  69  59  144  118  73  40  77  48  126  53  71  9  72  88  113  103  79  95 
 29  110  93  69  6  41  65  132  123  82  112  58  101  32  19  30  53  122  125  140 
 100  69  120  28  143  25  63  5  8  60  144  61  32  138  78  35  104  56  57  64  41  129  106  148  43  140  9  27  53 
 27  34  24  99  121  48  132  144  4  71  106  129  146  70  117  102  59  31  136  130  47  100  140 
 106  10  149  47  81  121  31  105  143  33  148  141  86  117  83  103  23  52  69  11  146  134  39  27  5  72  35  144 
 36  57  144  6  75  134  84  2  55  43  81  35  86  47  146  110  9  74 
 93  64  100  65  41  7  107  0  111  8  63  6  125  104  48  44  67  11  57  74  9  51  30  127  88  119  29 
 107  126  125  114  82  44  89  143  146  66  142  134  11  79  128  148  83  88  19  116  59  27  17 
 78  13  66  4  93  111  87  14  100  19  9  63  144  51  46  3  102  101  75  11 
 61  132  90  15  120  57  29  106  63  88  97  31  67  35 
 97  36  54  113  135  125  5  49  145  137  63  118  55  58  91  2  6  123  31  76  106  148  15  35  27  39  18  110  117  84  0  129  32  47  130  20  107  48  50  92 
 75  141  31  114  101  12  89  104  129  3  111  112  29  132  21  93  58  57  69  79  145  68  9  102  18  99 
 141  74  102  107  81  4  39  85  98  97  120  142  53  2  138  68  134  133  84  118  14  60  71  11 
 38  32  134  21  149  85  31  73  61  77  48  135  101  143  16  98  52  86  1  56  117  104  2  28 
 43  4  112  136  118  15  129  35  123  33  59  23  135  83  49  61  76  27  51  138  40  63  37  101  85  30  100  36 
 18  127  96  56  71  13  33  43  65  35  1  46  104  21  79  135  149  41  107  7  51  110  80  16  87  39 
 47  10  56  114  40  36  143  108  134  53  24  142  5  93  21  78  31  34  88  85  50  11  70  23  1  103  102  57  7  115  18  145  74  133  147  51  95  63 
 4  43  59  98  136  97  145  61  111  141  85  121  78  16  25  138  102  46 
 134  128  4  75  67  121  120  116  93  62  96  129  39  51  35  68  92  126  38  28  21  89  8  48  58  119  9  124 
 60  103  14  138  70  44  52  25  10  105  8  64  29 
 145  0  19  57  24  10  8  39  1  17  15  77  51  46  67  103  62  129  61  29  148  70  12  95  113  137 
 119  131  114  138  59  124  121  95  2  68  133  75  89  34  73  0  129  147  127 
 53  14  39  75  98  0  76  149  133  49  88  79  112  43  61  105  37  23  77  30  1  8  89  103  125  80  121 
 99  39  145  108  15  45  48  60  94  125  19  89  67  117  68  47  76  52  18  8  23  122  11  27  49  123  6 
 116  101  40  1  104  71  14  43  21  24  33  54  25  55  149  51  78 
 104  13  105  0  85  79  45  63  72  70  19  69  119 
 94  145  129  137  55  31  51  92  104  74  10  32  86  19  143  70  33  25  84  34  96  49  120  59  113  8  85  21  81 
 11  95  123  103  149  118  10  146  72  15  62  35  23  12  145  6  2  122  147  108  5  20  101  18  142  13  143  107  134  92 
 54  120  2  52  58  55  32  48  73  126  103  4  31  33  131  19  116  56  53 
 141  137  14  107  63  36  38  18  104  110  51  89  130  40  43  7  111  103  81  126  25  32  73  114  53  90  118 
 64  69  118  116  81  62  35  56  79  5  71  111  6  136  107  74  58  145  0  9  4  133 
 89  145  107  38  86  125  130  110  103  28  120  1  21  44  37  47  122  2  116  147  131 
 11  90  45  53  109  111  121  84  122  8  96  52  104  142  120  103  13  114  35  17  128  48  12  83  131  127  79  63 
 43  23  56  78  109  134  103  106  101  135  18  105  36  102  8  95  81  129  89  49  34  21  51  41  127 
 62  26  73  36  60  114  75  98  133  11  80  136  126  55  31  72 
 119  9  85  0  75  97  111  149  59  80  55  126  4  123  16  76  134  11  144 
 25  141  3  101  86  39  24  66  147  60  148  33  30  128  74  52  49 
 69  65  37  52  31  125  43  38  71  19  3  102  149  59  77  23  105  22  14  66  140  15  142 
 119  58  31  26  3  99  12  74  116  87  96  135  32  104  37  77  143  76  27  64  112  90  18  142  36  131  14  71  102  148  29 
 131  14  109  126  75  107  47  28  39  149  36  96  100  3  117  66  103  79  21  26  74  18  60  38  71  101  111  122  104  46  80 
 90  123  60  82  106  96  108  42  41  113  28  94  91  126  67  83  102  79  95  13  55  34  111  92  125  85  37  63  115  146  120  132  50 
 13  88  37  45  134  7  110  132  23  92  87  101  89  74  69  125  95  52  65  78  35  32  76  38  4  27  102  126 
 141  42  31  67  28  108  38  52  18  96  88  0  61  85  82  8  60  13  100  23  132  106  125 
 10  67  103  96  129  66  52  145  148  73  65  29  72  40  119  105  132 
 102  75  126  70  14  92  94  38  69  0  118  12  144  93  6  78  7  140  50  130  54  48  73  25  1  146  90  134  13  123 
 143  79  145  86  12  31  28  105  42  103  111  121  50  147  90  39  2  123  118  114  61  58  132  113 
 102  126  95  111  96  134  49  139  16  24  3  51  145  1  29  27  11 
 29  64  57  3  104  7  25  33  92  34  130  94  73  117  14  50  51  78  68  146  15  37  133  144 
 7  125  109  95  69  8  149  98  52  0  71  93  74  112  108  121  146  18  134  41  127  92  103  80  141  45  4  102  122  29  115 
 44  140  136  77  126  42  144  37  111  74  85  43  116  145  64  58  101  143  48 
 54  73  122  116  127  139  41  103  121  38  144  33  89  145  15  149  63  137  17  125  117  83  108  114 
 56  79  84  138  31  74  97  60  125  70  144  126  44  23  118  8  95  122  43  4  108  61  34  21  113  92  53 
 51  145  144  41  27  124  39  7  10  47  138  1  14  56  79  31  19  32  146  103  9  53  29  111 
 132  24  146  133  148  59  101  87  122  113  22  21  118  93  120  81  112  145  6  130  2  53  144  58  45  70  56  91  94  135  61 
 4  34  30  120  138  23  6  143  86  67  102  66  73  110  56  76  5  57  50  125  113  58  131 
 124  41  77  15  149  90  93  116  145  53  135  131  63  73  32  54  75  107  14  8  114  123  108  61  6  1  92 
 101  58  84  131  138  132  98  9  142  15  26  136  141  123  133  143  40  106  88  69  81  16  55 
 91  54  28  65  30  117  144  142  75  116  81  49  32  133  126  6  72  57  95  4  138  1  94  89  59  23  26  136  21  39  24  103  146  51  12 
 66  48  81  67  84  95  29  42  43  25  18  55  113  38  108  111  35  0  146  30  80  85 
 123  40  113  116  95  11  59  148  21  128  135  1  143  2  90  23  86  114  124  142  16  8  144  94  47  64  125  102  111  126  44  61 
 90  103  40  122  131  126  33  77  73  6  4  98  31  15  46  14  135  62  132  64  141  119  108  118  55  45  138  86  144  136  18  107  13 
 14  145  59  84  24  63  118  41  27  115  127  9  133  122  142  56  146  81  54 
 111  7  73  135  31  100  114  70  94  86  69  104  6  11  44  103  85  64  122  42  138  113  117  105  52 
 109  102  131  123  107  70  112  42  98  55  120  133  45  137  127  54  50  18  144  114  91  103  63  53  97  21  31  128  92  81  30  11  8  122  104 
 18  78  139  113  126  54  124  9  42  134  41  111  13  144  147  84  30  69  96  29  131  95 
 81  134  46  122  135  70  126  30  95  48  99  12  54 
 89  137  14  37  77  35  53  24  57  27  106  66  74  3  96  81  65  62  83  84  73  41 
 140  142  44  10  8  55  26  36  94  110  92  40  1  132  19  148  6  116  136  66  20  73  107  54  42 
 84  119  102  14  126  123  45  27  118  135  0  24  5  52  101  91  19  127  95  58  117  147  94 
 61  72  116  24  138  119  66  144  104  23  18  28  39  10  62  29  74  130  1  64  123  31  58  105  106  108  103  50 
 146  116  14  61  11  97  49  85  120  126  84  75  141  4  135  124  41  143  119  79  93  110  144  137  50  54 
 81  128  62  27  76  21  54  8  104  7  53  79  96  109  16  23  4  50  46  68  75  70  142  18  111  41  9  42  127  146  67  98  11  33  6  90  107 
 73  125  14  137  96  101  118  131  32  77  23  49  122  128  15  123  62  78  149  48  76  4  133  41  54  139  146  61  116 
 112  77  0  55  59  80  97  6  93  26  119  61  143  21  120  130  66  40  22  44  149  123  18 
 141  92  129  89  14  135  145  73  45  126  49  20  57  38  17  32  139  60  113  83  50  133 
 84  114  132  119  139  54  82  14  2  75  65  32  117  23  39  77  33  1  115  4  120  9  144  27  19  0  29  123  45  125  42  80  25  49 
 138  54  47  56  127  113  49  109  9  137  60  135  146 
 44  112  130  142  15  57  59  28  21  25  65  32  26  107  50  66  100  64  53 
 92  137  75  74  99  25  19  22  42  105  148  67  21  14  133  119  123  80  111  11  146  7  49 
 140  130  120  144  24  79  15  119  75  70  134  95  124  122  90  101  100  1 
 79  108  65  25  33  67  60  89  70  58  7  6  117  122  1  101  76  147  61  136  133  119  112  48  13  90 
 115  41  66  132  120  142  63  59  20  42  6  68  61  65  112  37  114  126  107  12  18  26  113  33  138  27  13  127  51  71  122  116  47  149  29  110  133  2  54  123  98  67  10 
 0  83  18  32  94  89  124  14  51  115  108  86  118  53  73  137  52  106  11  21  6  90  80  61  116  112  93  79  74  109  1  113  23  47 
 116  133  56  41  17  29  10  90  70  66  52  111  67  134  121  30  124  68  110  11  141  115  103  139  135  120  31  8  1  107 
 60  99  108  90  143  1  127  84  51  79  131  94 
 60  29  116  59  67  141  122  21  106  73  55  33  99  43  65  19  130  70  83  101 
 4  34  29  53  47  67  102  39  118  90  111  98  76  85  15  14  18  135  78  38  100  144  113  87  55  136  44  41  8 
-->CDecomWalshPart::vInitTrueLinkage-->GLBs: 1803
(Length: 4)  0  1  24  83 
(Length: 3)  0  73  84 
(Length: 3)  0  55  136 
(Length: 3)  0  14  107 
(Length: 3)  0  14  85 
(Length: 3)  0  14  46 
(Length: 4)  0  19  46  83 
(Length: 3)  0  84  138 
(Length: 4)  0  27  35  73 
(Length: 4)  0  27  45  138 
(Length: 4)  0  85  88  105 
(Length: 4)  0  1  46  83 
(Length: 4)  0  1  52  145 
(Length: 3)  0  93  136 
(Length: 3)  0  45  111 
(Length: 3)  0  55  73 
(Length: 4)  0  27  52  131 
(Length: 3)  0  69  88 
(Length: 4)  0  27  45  131 
(Length: 3)  0  1  85 
(Length: 3)  0  19  138 
(Length: 3)  0  19  131 
(Length: 3)  0  19  88 
(Length: 3)  0  1  107 
(Length: 3)  0  98  111 
(Length: 3)  0  14  138 
(Length: 3)  0  52  111 
(Length: 3)  0  24  131 
(Length: 4)  0  69  93  111 
(Length: 3)  0  1  138 
(Length: 4)  0  1  83  145 
(Length: 3)  0  52  105 
(Length: 3)  0  111  121 
(Length: 3)  0  45  88 
(Length: 4)  0  69  93  107 
(Length: 3)  0  55  98 
(Length: 3)  0  55  121 
(Length: 3)  0  85  121 
(Length: 3)  0  84  121 
(Length: 3)  0  85  98 
(Length: 3)  0  93  145 
(Length: 3)  0  73  145 
(Length: 3)  0  35  121 
(Length: 3)  0  14  131 
(Length: 3)  0  84  131 
(Length: 3)  0  73  107 
(Length: 3)  0  35  93 
(Length: 3)  0  14  145 
(Length: 3)  1  3  46 
(Length: 4)  1  6  107  118 
(Length: 4)  1  8  17  83 
(Length: 3)  1  13  52 
(Length: 4)  1  23  52  145 
(Length: 3)  1  40  79 
(Length: 4)  1  79  143  147 
(Length: 4)  1  24  79  142 
(Length: 3)  1  24  87 
(Length: 4)  1  94  107  130 
(Length: 3)  1  94  147 
(Length: 3)  1  24  109 
(Length: 4)  1  24  120  142 
(Length: 3)  1  24  132 
(Length: 3)  1  3  52 
(Length: 3)  1  46  78 
(Length: 3)  1  3  109 
(Length: 3)  1  109  145 
(Length: 3)  1  6  120 
(Length: 4)  1  6  107  130 
(Length: 3)  1  6  143 
(Length: 4)  1  6  118  145 
(Length: 3)  1  107  146 
(Length: 3)  1  8  85 
(Length: 3)  1  8  118 
(Length: 3)  1  8  122 
(Length: 3)  1  8  130 
(Length: 4)  1  8  17  146 
(Length: 3)  1  120  146 
(Length: 3)  1  52  76 
(Length: 4)  1  13  78  107 
(Length: 3)  1  115  146 
(Length: 3)  1  13  143 
(Length: 3)  1  52  146 
(Length: 3)  1  76  143 
(Length: 4)  1  23  79  145 
(Length: 4)  1  23  79  85 
(Length: 4)  1  23  120  138 
(Length: 3)  1  23  122 
(Length: 4)  1  23  132  138 
(Length: 3)  1  122  143 
(Length: 3)  1  115  138 
(Length: 3)  1  122  142 
(Length: 3)  1  78  79 
(Length: 3)  1  76  85 
(Length: 3)  1  78  87 
(Length: 3)  1  94  120 
(Length: 3)  1  94  122 
(Length: 3)  1  40  87 
(Length: 3)  1  130  132 
(Length: 3)  1  130  142 
(Length: 3)  1  94  145 
(Length: 4)  1  79  115  145 
(Length: 3)  1  40  122 
(Length: 3)  1  40  130 
(Length: 5)  2  53  58  91  116 
(Length: 3)  2  9  138 
(Length: 4)  2  116  122  144 
(Length: 3)  2  52  91 
(Length: 4)  2  75  84  138 
(Length: 4)  2  32  35  73 
(Length: 3)  2  35  68 
(Length: 5)  2  32  54  73  91 
(Length: 4)  2  35  58  73 
(Length: 3)  2  90  122 
(Length: 3)  2  73  84 
(Length: 3)  2  28  76 
(Length: 3)  2  52  76 
(Length: 3)  2  18  144 
(Length: 3)  2  35  90 
(Length: 3)  2  90  108 
(Length: 3)  2  28  108 
(Length: 3)  2  68  144 
(Length: 3)  2  9  68 
(Length: 4)  2  18  32  73 
(Length: 4)  2  32  53  91 
(Length: 3)  2  18  90 
(Length: 4)  2  94  116  122 
(Length: 3)  2  15  90 
(Length: 4)  2  68  75  84 
(Length: 3)  2  9  53 
(Length: 3)  2  15  73 
(Length: 4)  2  58  73  91 
(Length: 4)  2  39  75  138 
(Length: 4)  2  32  73  76 
(Length: 4)  2  54  138  144 
(Length: 3)  2  58  108 
(Length: 3)  2  18  28 
(Length: 3)  2  39  108 
(Length: 3)  2  53  75 
(Length: 4)  2  18  39  73 
(Length: 3)  2  9  15 
(Length: 4)  2  32  54  138 
(Length: 3)  2  28  94 
(Length: 3)  3  52  100 
(Length: 3)  3  52  99 
(Length: 3)  3  51  110 
(Length: 3)  3  51  109 
(Length: 3)  3  53  58 
(Length: 4)  3  46  71  102 
(Length: 4)  3  71  101  102 
(Length: 4)  3  71  100  102 
(Length: 4)  3  74  101  102 
(Length: 4)  3  58  74  101 
(Length: 4)  3  9  51  71 
(Length: 3)  3  34  53 
(Length: 4)  3  9  51  53 
(Length: 3)  3  102  109 
(Length: 3)  3  53  129 
(Length: 4)  3  46  51  71 
(Length: 4)  3  74  99  101 
(Length: 4)  3  9  57  74 
(Length: 4)  3  57  74  129 
(Length: 4)  3  7  57  110 
(Length: 4)  3  7  9  57 
(Length: 3)  3  34  110 
(Length: 3)  3  7  58 
(Length: 3)  4  40  58 
(Length: 3)  4  43  80 
(Length: 4)  4  40  77  123 
(Length: 4)  4  9  71  93 
(Length: 4)  4  58  81  93 
(Length: 4)  4  31  58  91 
(Length: 3)  4  58  117 
(Length: 4)  4  34  43  114 
(Length: 4)  4  80  98  111 
(Length: 3)  4  93  133 
(Length: 3)  4  45  58 
(Length: 3)  4  31  123 
(Length: 4)  4  71  93  111 
(Length: 4)  4  9  98  134 
(Length: 4)  4  9  81  93 
(Length: 3)  4  71  75 
(Length: 4)  4  62  81  93 
(Length: 3)  4  17  27 
(Length: 3)  4  7  58 
(Length: 4)  4  45  123  138 
(Length: 4)  4  54  120  133 
(Length: 3)  4  54  134 
(Length: 4)  4  54  120  138 
(Length: 3)  4  34  149 
(Length: 4)  4  54  91  120 
(Length: 3)  4  43  77 
(Length: 4)  4  34  66  117 
(Length: 3)  4  66  71 
(Length: 4)  4  75  81  120 
(Length: 4)  4  77  123  135 
(Length: 4)  4  77  123  138 
(Length: 3)  4  38  104 
(Length: 3)  4  98  123 
(Length: 4)  4  75  120  133 
(Length: 4)  4  62  123  135 
(Length: 4)  4  38  62  81 
(Length: 4)  4  27  45  138 
(Length: 4)  4  54  133  135 
(Length: 4)  4  27  104  134 
(Length: 4)  4  7  104  134 
(Length: 4)  4  7  111  134 
(Length: 4)  4  31  34  66 
(Length: 3)  4  135  149 
(Length: 4)  4  9  27  138 
(Length: 4)  4  75  120  138 
(Length: 4)  4  117  120  138 
(Length: 4)  4  31  34  114 
(Length: 4)  4  27  34  66 
(Length: 3)  4  38  149 
(Length: 4)  4  62  81  134 
(Length: 4)  4  9  81  134 
(Length: 4)  4  75  98  134 
(Length: 4)  4  98  111  134 
(Length: 4)  4  98  111  149 
(Length: 4)  4  7  9  134 
(Length: 3)  4  80  138 
(Length: 4)  4  7  9  43 
(Length: 3)  4  50  134 
(Length: 3)  4  50  133 
(Length: 3)  4  45  111 
(Length: 4)  4  75  81  134 
(Length: 3)  4  50  117 
(Length: 4)  4  9  27  134 
(Length: 3)  4  17  43 
(Length: 4)  4  27  45  104 
(Length: 4)  4  27  62  134 
(Length: 4)  4  27  77  138 
(Length: 3)  4  38  43 
(Length: 3)  4  114  138 
(Length: 3)  5  57  79 
(Length: 3)  5  23  90 
(Length: 3)  5  23  79 
(Length: 4)  5  27  57  65 
(Length: 4)  5  27  49  52 
(Length: 3)  5  117  131 
(Length: 3)  5  40  79 
(Length: 3)  5  79  93 
(Length: 4)  5  27  49  73 
(Length: 3)  5  33  67 
(Length: 3)  5  73  117 
(Length: 3)  5  33  40 
(Length: 3)  5  57  117 
(Length: 4)  5  20  49  73 
(Length: 3)  5  8  16 
(Length: 3)  5  16  23 
(Length: 3)  5  8  65 
(Length: 4)  5  27  52  131 
(Length: 4)  5  23  67  117 
(Length: 5)  5  23  27  52  67 
(Length: 3)  5  20  90 
(Length: 3)  5  8  49 
(Length: 4)  6  90  107  134 
(Length: 5)  6  53  116  118  145 
(Length: 4)  6  64  69  125 
(Length: 4)  6  64  69  93 
(Length: 4)  6  69  93  107 
(Length: 4)  6  11  27  86 
(Length: 4)  6  26  27  144 
(Length: 4)  6  33  123  144 
(Length: 3)  6  59  60 
(Length: 4)  6  32  53  64 
(Length: 3)  6  68  86 
(Length: 5)  6  73  107  118  123 
(Length: 3)  6  123  136 
(Length: 4)  6  11  90  145 
(Length: 4)  6  11  86  125 
(Length: 3)  6  86  123 
(Length: 4)  6  27  32  53 
(Length: 3)  6  117  120 
(Length: 5)  6  32  53  118  145 
(Length: 3)  6  32  120 
(Length: 3)  6  33  134 
(Length: 4)  6  26  130  136 
(Length: 3)  6  64  123 
(Length: 4)  6  26  120  136 
(Length: 3)  6  68  134 
(Length: 4)  6  59  120  136 
(Length: 3)  6  60  143 
(Length: 4)  6  27  34  53 
(Length: 5)  6  59  116  120  144 
(Length: 4)  6  86  117  125 
(Length: 4)  6  27  32  73 
(Length: 3)  6  60  86 
(Length: 3)  6  33  143 
(Length: 3)  6  68  144 
(Length: 4)  6  11  90  134 
(Length: 5)  6  93  116  118  145 
(Length: 4)  6  90  118  145 
(Length: 3)  6  26  60 
(Length: 3)  6  136  143 
(Length: 3)  6  117  143 
(Length: 3)  6  90  143 
(Length: 3)  6  116  130 
(Length: 4)  6  11  86  145 
(Length: 4)  6  11  69  125 
(Length: 4)  6  11  27  134 
(Length: 4)  6  26  120  144 
(Length: 3)  6  93  136 
(Length: 5)  6  32  73  118  145 
(Length: 4)  6  107  123  144 
(Length: 4)  6  73  107  130 
(Length: 4)  6  93  107  118 
(Length: 4)  6  27  53  134 
(Length: 4)  6  73  117  125 
(Length: 5)  6  90  107  118  123 
(Length: 3)  6  34  117 
(Length: 4)  7  8  39  56 
(Length: 3)  7  43  92 
(Length: 3)  7  43  49 
(Length: 3)  7  79  143 
(Length: 4)  7  92  104  110 
(Length: 3)  7  92  107 
(Length: 4)  7  41  111  115 
(Length: 4)  7  56  79  115 
(Length: 3)  7  69  107 
(Length: 4)  7  9  41  134 
(Length: 4)  7  69  104  125 
(Length: 3)  7  79  134 
(Length: 4)  7  41  56  115 
(Length: 3)  7  43  78 
(Length: 4)  7  56  78  79 
(Length: 4)  7  92  111  141 
(Length: 4)  7  39  56  115 
(Length: 4)  7  41  56  78 
(Length: 3)  7  49  141 
(Length: 4)  7  9  41  115 
(Length: 4)  7  69  111  125 
(Length: 3)  7  58  143 
(Length: 4)  7  39  56  78 
(Length: 3)  7  8  49 
(Length: 4)  7  78  104  110 
(Length: 4)  7  44  69  125 
(Length: 4)  7  8  41  56 
(Length: 5)  7  9  41  57  69 
(Length: 4)  7  41  56  57 
(Length: 5)  7  8  41  69  111 
(Length: 3)  7  107  134 
(Length: 5)  7  8  41  111  134 
(Length: 3)  7  78  107 
(Length: 4)  7  56  57  79 
(Length: 4)  8  17  83  95 
(Length: 4)  8  49  85  89 
(Length: 4)  8  18  111  134 
(Length: 4)  8  114  122  126 
(Length: 4)  8  18  39  149 
(Length: 4)  8  41  111  149 
(Length: 4)  8  41  65  69 
(Length: 4)  8  41  118  149 
(Length: 4)  8  18  111  149 
(Length: 5)  8  41  111  134  146 
(Length: 4)  8  18  96  134 
(Length: 4)  8  49  89  96 
(Length: 4)  8  18  55  149 
(Length: 3)  8  86  122 
(Length: 3)  8  81  126 
(Length: 4)  8  81  89  96 
(Length: 4)  8  41  56  146 
(Length: 4)  8  41  56  96 
(Length: 4)  8  41  56  65 
(Length: 4)  8  81  96  134 
(Length: 3)  8  114  118 
(Length: 4)  8  95  114  122 
(Length: 4)  8  95  111  122 
(Length: 3)  8  95  96 
(Length: 3)  8  85  105 
(Length: 3)  8  54  134 
(Length: 3)  8  54  130 
(Length: 3)  8  54  126 
(Length: 3)  8  54  118 
(Length: 3)  8  48  95 
(Length: 3)  8  48  86 
(Length: 3)  8  48  81 
(Length: 3)  8  31  146 
(Length: 3)  8  55  130 
(Length: 4)  8  31  55  126 
(Length: 4)  8  31  114  126 
(Length: 3)  8  16  55 
(Length: 3)  8  16  122 
(Length: 3)  8  16  134 
(Length: 3)  8  39  81 
(Length: 3)  8  39  83 
(Length: 4)  8  39  85  149 
(Length: 3)  8  56  114 
(Length: 4)  8  18  55  126 
(Length: 3)  8  31  105 
(Length: 4)  8  49  86  89 
(Length: 4)  8  18  96  105 
(Length: 4)  8  41  96  134 
(Length: 4)  8  18  39  86 
(Length: 4)  8  31  55  89 
(Length: 3)  8  48  69 
(Length: 3)  8  54  56 
(Length: 3)  8  82  105 
(Length: 3)  9  51  81 
(Length: 4)  9  53  63  65 
(Length: 3)  9  43  65 
(Length: 3)  9  43  68 
(Length: 3)  9  69  119 
(Length: 3)  9  127  139 
(Length: 4)  9  68  81  134 
(Length: 3)  9  15  119 
(Length: 3)  9  138  139 
(Length: 3)  9  15  51 
(Length: 5)  9  41  57  65  69 
(Length: 4)  9  57  69  74 
(Length: 4)  9  41  127  134 
(Length: 3)  9  98  119 
(Length: 4)  9  27  115  138 
(Length: 4)  9  41  115  124 
(Length: 4)  9  27  53  65 
(Length: 4)  9  41  69  127 
(Length: 5)  9  27  51  53  115 
(Length: 4)  9  57  68  74 
(Length: 3)  9  51  69 
(Length: 3)  9  63  71 
(Length: 4)  9  69  74  93 
(Length: 3)  9  81  124 
(Length: 3)  9  119  138 
(Length: 3)  9  81  119 
(Length: 4)  9  41  124  127 
(Length: 4)  9  27  115  124 
(Length: 4)  9  27  65  138 
(Length: 4)  9  27  57  65 
(Length: 4)  9  27  53  134 
(Length: 3)  9  63  124 
(Length: 4)  9  63  65  69 
(Length: 3)  9  15  57 
(Length: 3)  10  62  83 
(Length: 3)  10  25  82 
(Length: 3)  10  67  83 
(Length: 3)  10  67  146 
(Length: 4)  10  19  40  130 
(Length: 4)  10  32  47  115 
(Length: 3)  10  90  146 
(Length: 3)  10  19  83 
(Length: 3)  10  40  106 
(Length: 3)  10  44  82 
(Length: 4)  10  19  32  89 
(Length: 4)  10  19  32  115 
(Length: 3)  10  62  90 
(Length: 3)  10  24  79 
(Length: 3)  10  115  146 
(Length: 3)  10  130  132 
(Length: 4)  10  21  25  89 
(Length: 3)  10  21  79 
(Length: 3)  10  24  132 
(Length: 4)  10  19  32  48 
(Length: 3)  10  67  106 
(Length: 3)  10  21  44 
(Length: 3)  10  21  48 
(Length: 3)  10  21  62 
(Length: 4)  10  47  115  144 
(Length: 3)  10  44  130 
(Length: 3)  10  40  79 
(Length: 3)  10  24  83 
(Length: 3)  10  106  132 
(Length: 4)  10  47  79  115 
(Length: 4)  10  47  67  144 
(Length: 3)  10  132  144 
(Length: 3)  10  62  132 
(Length: 4)  11  21  27  134 
(Length: 3)  11  95  109 
(Length: 4)  11  90  95  122 
(Length: 4)  11  21  79  145 
(Length: 4)  11  133  141  146 
(Length: 4)  11  27  109  134 
(Length: 3)  11  79  133 
(Length: 3)  11  79  95 
(Length: 4)  11  75  97  133 
(Length: 4)  11  75  98  134 
(Length: 3)  11  70  125 
(Length: 4)  11  70  134  146 
(Length: 4)  11  27  70  134 
(Length: 4)  11  97  98  126 
(Length: 4)  11  86  122  125 
(Length: 3)  11  71  75 
(Length: 4)  11  75  97  98 
(Length: 4)  11  67  134  146 
(Length: 3)  11  70  126 
(Length: 4)  11  67  141  146 
(Length: 4)  11  21  122  126 
(Length: 4)  11  27  67  134 
(Length: 3)  11  21  141 
(Length: 3)  11  109  126 
(Length: 3)  11  67  69 
(Length: 4)  11  90  134  146 
(Length: 4)  11  97  126  133 
(Length: 4)  11  75  133  141 
(Length: 3)  11  109  145 
(Length: 4)  11  70  79  134 
(Length: 4)  11  27  67  86 
(Length: 4)  11  21  79  134 
(Length: 3)  12  95  120 
(Length: 3)  12  23  90 
(Length: 3)  12  90  95 
(Length: 3)  12  90  101 
(Length: 4)  12  51  120  144 
(Length: 4)  12  54  120  144 
(Length: 4)  12  26  31  101 
(Length: 4)  12  54  107  144 
(Length: 3)  12  54  128 
(Length: 3)  12  95  128 
(Length: 4)  12  26  120  144 
(Length: 3)  12  83  95 
(Length: 4)  12  31  74  101 
(Length: 3)  12  51  83 
(Length: 3)  12  90  107 
(Length: 3)  12  31  108 
(Length: 4)  12  23  26  120 
(Length: 3)  12  90  108 
(Length: 3)  13  88  104 
(Length: 3)  13  14  34 
(Length: 3)  13  71  78 
(Length: 3)  13  127  144 
(Length: 3)  13  14  60 
(Length: 3)  13  78  104 
(Length: 3)  13  78  127 
(Length: 3)  13  60  103 
(Length: 3)  13  14  71 
(Length: 3)  13  60  105 
(Length: 4)  13  14  107  123 
(Length: 4)  13  90  107  123 
(Length: 3)  13  60  143 
(Length: 3)  13  88  105 
(Length: 3)  13  90  143 
(Length: 4)  13  107  123  144 
(Length: 3)  13  95  127 
(Length: 3)  13  71  144 
(Length: 3)  13  52  105 
(Length: 4)  13  52  95  104 
(Length: 4)  13  90  103  123 
(Length: 3)  13  34  103 
(Length: 4)  13  90  95  103 
(Length: 3)  14  37  110 
(Length: 4)  14  75  85  133 
(Length: 4)  14  61  133  135 
(Length: 4)  14  75  102  107 
(Length: 4)  14  100  102  149 
(Length: 4)  14  56  115  124 
(Length: 4)  14  107  118  123 
(Length: 3)  14  37  129 
(Length: 4)  14  71  87  101 
(Length: 4)  14  133  135  137 
(Length: 4)  14  61  85  133 
(Length: 4)  14  61  118  145 
(Length: 4)  14  71  75  102 
(Length: 4)  14  118  135  149 
(Length: 4)  14  21  60  102 
(Length: 4)  14  71  100  102 
(Length: 4)  14  75  133  141 
(Length: 4)  14  60  75  102 
(Length: 3)  14  21  62 
(Length: 3)  14  60  137 
(Length: 3)  14  82  138 
(Length: 4)  14  62  123  135 
(Length: 3)  14  129  137 
(Length: 4)  14  50  110  133 
(Length: 3)  14  62  129 
(Length: 3)  14  92  110 
(Length: 4)  14  92  107  118 
(Length: 5)  14  118  123  131  135 
(Length: 3)  14  123  138 
(Length: 3)  14  21  87 
(Length: 4)  14  133  137  141 
(Length: 4)  14  92  137  141 
(Length: 3)  14  34  61 
(Length: 3)  14  22  100 
(Length: 4)  14  34  53  149 
(Length: 4)  14  75  107  118 
(Length: 3)  14  123  141 
(Length: 4)  14  101  131  135 
(Length: 3)  14  75  138 
(Length: 3)  14  115  138 
(Length: 3)  14  22  53 
(Length: 4)  14  18  101  102 
(Length: 3)  14  137  145 
(Length: 3)  14  21  145 
(Length: 3)  14  37  100 
(Length: 4)  14  53  118  145 
(Length: 4)  14  53  75  118 
(Length: 3)  14  46  123 
(Length: 3)  14  60  82 
(Length: 4)  14  46  71  102 
(Length: 3)  14  37  85 
(Length: 4)  14  21  22  141 
(Length: 3)  14  18  92 
(Length: 4)  14  18  61  145 
(Length: 3)  14  87  149 
(Length: 4)  14  71  101  102 
(Length: 4)  14  118  124  145 
(Length: 3)  14  18  123 
(Length: 3)  14  18  50 
(Length: 3)  14  34  110 
(Length: 3)  14  21  34 
(Length: 3)  14  53  129 
(Length: 3)  14  37  101 
(Length: 3)  14  50  56 
(Length: 3)  14  50  107 
(Length: 3)  14  22  46 
(Length: 4)  14  53  118  149 
(Length: 4)  14  53  115  145 
(Length: 4)  14  115  124  145 
(Length: 4)  14  53  92  118 
(Length: 4)  14  53  85  149 
(Length: 4)  14  101  102  131 
(Length: 4)  14  18  102  149 
(Length: 4)  14  50  133  137 
(Length: 4)  14  53  75  85 
(Length: 3)  14  124  133 
(Length: 4)  14  61  118  135 
(Length: 4)  15  31  47  73 
(Length: 3)  15  37  110 
(Length: 3)  15  51  110 
(Length: 3)  15  57  110 
(Length: 3)  15  73  113 
(Length: 4)  15  90  118  149 
(Length: 3)  15  73  110 
(Length: 5)  15  77  118  123  135 
(Length: 3)  15  119  142 
(Length: 4)  15  100  140  142 
(Length: 4)  15  21  31  44 
(Length: 3)  15  21  51 
(Length: 4)  15  51  77  83 
(Length: 3)  15  57  83 
(Length: 3)  15  37  45 
(Length: 4)  15  90  118  123 
(Length: 3)  15  119  123 
(Length: 4)  15  118  135  149 
(Length: 4)  15  38  100  149 
(Length: 3)  15  38  57 
(Length: 4)  15  38  44  149 
(Length: 4)  15  21  26  31 
(Length: 4)  15  38  113  149 
(Length: 4)  15  37  77  100 
(Length: 4)  15  45  86  123 
(Length: 5)  15  73  118  123  135 
(Length: 3)  15  31  72 
(Length: 3)  15  57  72 
(Length: 3)  15  47  86 
(Length: 3)  15  26  119 
(Length: 3)  15  83  113 
(Length: 3)  15  37  47 
(Length: 4)  15  31  73  123 
(Length: 3)  15  47  149 
(Length: 3)  15  57  140 
(Length: 4)  15  21  26  140 
(Length: 3)  15  90  142 
(Length: 3)  15  31  100 
(Length: 4)  15  21  44  140 
(Length: 3)  15  72  90 
(Length: 3)  16  24  53 
(Length: 3)  16  24  109 
(Length: 4)  16  46  78  80 
(Length: 4)  16  23  53  134 
(Length: 3)  16  80  98 
(Length: 3)  16  46  134 
(Length: 3)  16  22  46 
(Length: 3)  16  109  134 
(Length: 4)  16  55  98  119 
(Length: 4)  16  76  98  134 
(Length: 3)  16  22  53 
(Length: 3)  16  23  122 
(Length: 3)  17  29  146 
(Length: 3)  17  32  137 
(Length: 4)  17  27  32  37 
(Length: 4)  17  83  113  137 
(Length: 3)  17  27  70 
(Length: 3)  17  27  29 
(Length: 3)  17  35  95 
(Length: 4)  17  27  32  35 
(Length: 3)  17  70  146 
(Length: 3)  17  70  83 
(Length: 3)  17  29  83 
(Length: 3)  18  26  144 
(Length: 3)  18  92  126 
(Length: 4)  18  61  132  144 
(Length: 3)  18  61  136 
(Length: 4)  18  123  132  144 
(Length: 3)  18  38  121 
(Length: 3)  18  92  111 
(Length: 3)  18  26  136 
(Length: 4)  18  39  50  73 
(Length: 4)  18  39  78  149 
(Length: 4)  18  39  102  149 
(Length: 4)  18  26  101  102 
(Length: 4)  18  28  38  102 
(Length: 3)  18  78  79 
(Length: 4)  18  74  101  102 
(Length: 4)  18  74  102  111 
(Length: 3)  18  102  126 
(Length: 3)  18  74  132 
(Length: 4)  18  32  55  73 
(Length: 4)  18  32  73  92 
(Length: 4)  18  74  79  145 
(Length: 3)  18  86  123 
(Length: 3)  18  86  145 
(Length: 3)  18  90  101 
(Length: 4)  18  96  127  134 
(Length: 4)  18  28  38  105 
(Length: 4)  18  38  102  149 
(Length: 4)  18  102  111  149 
(Length: 3)  18  32  101 
(Length: 4)  18  50  79  134 
(Length: 4)  18  55  123  136 
(Length: 3)  18  55  121 
(Length: 3)  18  50  126 
(Length: 4)  18  74  79  102 
(Length: 4)  18  55  73  123 
(Length: 4)  18  55  123  126 
(Length: 4)  18  55  136  149 
(Length: 3)  18  144  149 
(Length: 3)  18  90  149 
(Length: 4)  18  78  96  127 
(Length: 4)  18  111  127  134 
(Length: 3)  18  111  121 
(Length: 4)  18  39  50  132 
(Length: 4)  18  123  126  144 
(Length: 3)  18  90  145 
(Length: 3)  18  90  134 
(Length: 3)  18  90  92 
(Length: 4)  18  32  73  145 
(Length: 5)  18  28  61  105  132 
(Length: 3)  18  90  123 
(Length: 4)  18  96  101  102 
(Length: 4)  18  32  38  92 
(Length: 4)  18  126  127  144 
(Length: 3)  19  48  86 
(Length: 3)  19  22  141 
(Length: 3)  19  70  88 
(Length: 3)  19  70  89 
(Length: 3)  19  86  89 
(Length: 3)  19  71  100 
(Length: 4)  19  32  115  138 
(Length: 3)  19  46  71 
(Length: 3)  19  91  131 
(Length: 3)  19  57  83 
(Length: 3)  19  130  148 
(Length: 3)  19  32  64 
(Length: 3)  19  141  148 
(Length: 3)  19  22  40 
(Length: 4)  19  70  83  148 
(Length: 4)  19  32  48  91 
(Length: 3)  19  46  48 
(Length: 3)  19  22  46 
(Length: 3)  19  22  100 
(Length: 3)  20  42  144 
(Length: 3)  20  73  130 
(Length: 4)  20  49  73  137 
(Length: 3)  20  42  130 
(Length: 3)  21  22  116 
(Length: 3)  21  96  102 
(Length: 4)  21  44  94  122 
(Length: 4)  21  43  78  87 
(Length: 4)  21  41  78  96 
(Length: 3)  21  31  76 
(Length: 4)  21  81  116  120 
(Length: 4)  21  31  114  126 
(Length: 4)  21  62  81  134 
(Length: 4)  21  27  62  134 
(Length: 3)  21  43  148 
(Length: 3)  21  25  141 
(Length: 4)  21  44  114  122 
(Length: 4)  21  26  60  102 
(Length: 3)  21  25  140 
(Length: 4)  21  25  43  87 
(Length: 4)  21  31  34  89 
(Length: 4)  21  51  78  87 
(Length: 4)  21  26  120  136 
(Length: 4)  21  81  120  126 
(Length: 3)  21  76  134 
(Length: 4)  21  102  122  126 
(Length: 5)  21  51  81  89  96 
(Length: 3)  21  48  81 
(Length: 4)  21  27  34  44 
(Length: 4)  21  74  79  145 
(Length: 4)  21  31  74  89 
(Length: 3)  21  48  76 
(Length: 3)  21  22  136 
(Length: 5)  21  31  74  79  114 
(Length: 4)  21  43  78  96 
(Length: 4)  21  51  79  145 
(Length: 4)  21  51  78  96 
(Length: 4)  21  81  96  134 
(Length: 4)  21  34  43  96 
(Length: 4)  21  89  94  145 
(Length: 4)  21  94  116  122 
(Length: 4)  21  94  116  145 
(Length: 4)  21  26  27  62 
(Length: 3)  21  27  51 
(Length: 3)  21  141  148 
(Length: 3)  21  60  114 
(Length: 4)  21  74  79  102 
(Length: 5)  21  51  81  89  120 
(Length: 3)  21  74  141 
(Length: 3)  21  60  148 
(Length: 4)  21  94  116  120 
(Length: 4)  21  51  89  145 
(Length: 4)  21  114  122  126 
(Length: 4)  21  116  122  148 
(Length: 4)  21  74  89  145 
(Length: 3)  21  48  60 
(Length: 4)  21  34  43  114 
(Length: 5)  21  31  34  79  114 
(Length: 5)  21  31  34  44  114 
(Length: 3)  21  44  136 
(Length: 4)  21  51  78  79 
(Length: 4)  21  89  94  120 
(Length: 3)  21  87  116 
(Length: 4)  21  34  89  96 
(Length: 4)  21  41  96  134 
(Length: 3)  22  53  116 
(Length: 3)  22  40  136 
(Length: 3)  23  90  134 
(Length: 4)  23  44  114  122 
(Length: 3)  23  90  122 
(Length: 4)  23  52  86  145 
(Length: 5)  23  27  32  37  104 
(Length: 3)  23  114  138 
(Length: 4)  23  43  77  100 
(Length: 3)  23  90  145 
(Length: 3)  23  96  135 
(Length: 4)  23  27  44  52 
(Length: 4)  23  52  67  105 
(Length: 4)  23  43  52  100 
(Length: 4)  23  27  67  134 
(Length: 3)  23  104  132 
(Length: 3)  23  96  134 
(Length: 4)  23  53  79  134 
(Length: 5)  23  32  47  53  145 
(Length: 5)  23  47  53  79  145 
(Length: 3)  23  26  27 
(Length: 4)  23  43  77  85 
(Length: 3)  23  43  96 
(Length: 4)  23  52  100  105 
(Length: 3)  23  32  135 
(Length: 4)  23  27  104  134 
(Length: 3)  23  85  105 
(Length: 4)  23  32  120  138 
(Length: 4)  23  27  77  138 
(Length: 3)  23  77  135 
(Length: 4)  23  37  77  100 
(Length: 4)  23  37  77  85 
(Length: 4)  23  27  53  134 
(Length: 5)  23  27  37  52  104 
(Length: 3)  23  43  114 
(Length: 4)  23  47  86  145 
(Length: 4)  23  53  79  114 
(Length: 3)  23  122  135 
(Length: 4)  23  27  32  138 
(Length: 4)  23  47  67  86 
(Length: 4)  23  27  37  77 
(Length: 4)  23  53  79  85 
(Length: 4)  23  27  32  53 
(Length: 4)  23  32  37  47 
(Length: 4)  23  47  86  122 
(Length: 3)  23  96  105 
(Length: 3)  23  105  132 
(Length: 4)  23  117  120  138 
(Length: 4)  23  67  86  117 
(Length: 5)  23  27  52  67  86 
(Length: 4)  23  37  52  100 
(Length: 3)  24  87  116 
(Length: 3)  24  66  132 
(Length: 3)  24  66  129 
(Length: 3)  24  124  142 
(Length: 3)  24  54  120 
(Length: 3)  24  56  116 
(Length: 3)  24  54  87 
(Length: 3)  24  56  79 
(Length: 3)  24  53  116 
(Length: 4)  24  53  63  79 
(Length: 3)  24  116  132 
(Length: 3)  24  116  120 
(Length: 3)  24  39  132 
(Length: 3)  24  39  120 
(Length: 3)  24  83  129 
(Length: 3)  24  33  87 
(Length: 3)  24  39  83 
(Length: 3)  24  53  129 
(Length: 3)  24  66  99 
(Length: 3)  24  63  124 
(Length: 4)  24  54  56  124 
(Length: 3)  24  39  56 
(Length: 4)  24  33  39  99 
(Length: 3)  25  43  65 
(Length: 3)  25  54  87 
(Length: 3)  25  107  140 
(Length: 4)  25  43  80  121 
(Length: 4)  25  33  89  143 
(Length: 3)  25  82  138 
(Length: 3)  25  43  92 
(Length: 3)  25  33  99 
(Length: 4)  25  33  43  87 
(Length: 3)  25  54  107 
(Length: 3)  25  33  110 
(Length: 3)  25  33  138 
(Length: 3)  25  54  138 
(Length: 3)  25  65  140 
(Length: 3)  25  89  92 
(Length: 3)  25  65  138 
(Length: 3)  25  80  138 
(Length: 3)  25  92  110 
(Length: 3)  25  99  141 
(Length: 3)  25  65  143 
(Length: 3)  25  80  141 
(Length: 3)  25  92  141 
(Length: 3)  25  92  107 
(Length: 3)  26  119  136 
(Length: 3)  26  101  119 
(Length: 3)  26  27  101 
(Length: 3)  26  130  140 
(Length: 3)  26  31  97 
(Length: 4)  26  36  101  102 
(Length: 3)  26  36  97 
(Length: 3)  26  60  97 
(Length: 3)  26  36  130 
(Length: 3)  26  97  136 
(Length: 3)  26  62  97 
(Length: 4)  27  45  49  53 
(Length: 4)  27  32  49  138 
(Length: 4)  27  51  115  144 
(Length: 5)  27  29  115  138  144 
(Length: 3)  27  29  109 
(Length: 4)  27  37  77  101 
(Length: 4)  27  37  77  129 
(Length: 3)  27  29  101 
(Length: 4)  27  32  49  73 
(Length: 3)  27  101  131 
(Length: 4)  27  35  62  129 
(Length: 4)  27  32  115  138 
(Length: 5)  27  32  35  65  104 
(Length: 3)  27  35  67 
(Length: 4)  27  35  65  129 
(Length: 4)  27  49  52  86 
(Length: 4)  27  57  65  129 
(Length: 4)  27  35  77  129 
(Length: 4)  27  35  73  129 
(Length: 3)  27  37  144 
(Length: 4)  27  32  65  138 
(Length: 4)  27  45  49  86 
(Length: 4)  27  45  49  138 
(Length: 5)  27  32  37  101  104 
(Length: 4)  27  32  49  53 
(Length: 4)  27  53  65  129 
(Length: 4)  27  49  51  53 
(Length: 3)  27  66  144 
(Length: 4)  27  65  138  144 
(Length: 4)  27  29  53  115 
(Length: 4)  27  49  51  77 
(Length: 3)  27  66  129 
(Length: 4)  27  34  49  53 
(Length: 3)  27  66  70 
(Length: 4)  27  32  53  115 
(Length: 3)  27  44  70 
(Length: 4)  27  37  45  104 
(Length: 3)  27  67  144 
(Length: 4)  27  32  53  65 
(Length: 4)  27  49  77  138 
(Length: 4)  27  32  35  73 
(Length: 4)  27  49  51  109 
(Length: 3)  28  65  140 
(Length: 3)  28  65  120 
(Length: 3)  28  59  120 
(Length: 3)  28  59  140 
(Length: 3)  28  38  76 
(Length: 3)  28  38  94 
(Length: 3)  28  81  120 
(Length: 5)  28  61  105  108  132 
(Length: 3)  28  47  102 
(Length: 3)  28  38  81 
(Length: 3)  28  102  103 
(Length: 4)  28  103  108  132 
(Length: 3)  28  47  94 
(Length: 3)  28  61  65 
(Length: 4)  28  94  103  120 
(Length: 3)  28  61  76 
(Length: 4)  29  111  115  146 
(Length: 3)  29  53  64 
(Length: 3)  29  74  132 
(Length: 3)  29  110  144 
(Length: 3)  29  60  148 
(Length: 3)  29  64  101 
(Length: 3)  29  64  82 
(Length: 4)  29  69  74  111 
(Length: 3)  29  61  83 
(Length: 4)  29  61  132  144 
(Length: 4)  29  61  72  132 
(Length: 3)  29  106  148 
(Length: 4)  29  42  138  144 
(Length: 3)  29  64  110 
(Length: 3)  29  110  146 
(Length: 3)  29  74  101 
(Length: 3)  29  53  149 
(Length: 3)  29  111  149 
(Length: 3)  29  109  111 
(Length: 3)  29  83  148 
(Length: 3)  29  144  149 
(Length: 4)  29  42  127  144 
(Length: 3)  29  42  121 
(Length: 3)  29  64  132 
(Length: 4)  29  132  138  144 
(Length: 3)  29  60  82 
(Length: 4)  29  72  106  132 
(Length: 3)  29  82  138 
(Length: 3)  29  64  69 
(Length: 4)  29  111  121  146 
(Length: 3)  29  101  148 
(Length: 4)  29  69  111  127 
(Length: 3)  30  34  53 
(Length: 3)  30  117  120 
(Length: 3)  30  121  146 
(Length: 3)  30  64  69 
(Length: 3)  30  126  128 
(Length: 3)  30  126  127 
(Length: 3)  30  69  127 
(Length: 3)  30  99  128 
(Length: 3)  30  53  126 
(Length: 4)  30  61  77  85 
(Length: 3)  30  53  64 
(Length: 3)  30  34  117 
(Length: 3)  30  53  85 
(Length: 3)  30  34  61 
(Length: 3)  30  120  126 
(Length: 3)  30  120  146 
(Length: 3)  30  85  121 
(Length: 4)  31  58  74  132 
(Length: 3)  31  115  146 
(Length: 4)  31  55  91  126 
(Length: 3)  31  72  97 
(Length: 4)  31  97  114  126 
(Length: 3)  31  67  105 
(Length: 4)  31  55  97  126 
(Length: 4)  31  55  123  126 
(Length: 4)  31  79  108  114 
(Length: 4)  31  47  55  73 
(Length: 4)  31  59  66  100 
(Length: 5)  31  55  58  73  91 
(Length: 4)  31  47  79  115 
(Length: 4)  31  58  108  132 
(Length: 4)  31  105  108  132 
(Length: 4)  31  108  123  132 
(Length: 4)  31  44  114  125 
(Length: 3)  31  67  72 
(Length: 3)  31  47  66 
(Length: 3)  31  72  132 
(Length: 3)  31  47  67 
(Length: 3)  31  73  76 
(Length: 4)  31  55  73  97 
(Length: 4)  31  55  73  123 
(Length: 3)  31  73  125 
(Length: 4)  31  58  74  101 
(Length: 3)  31  59  89 
(Length: 4)  31  100  105  125 
(Length: 3)  31  66  132 
(Length: 3)  31  66  146 
(Length: 3)  31  76  101 
(Length: 3)  31  67  146 
(Length: 4)  32  76  101  135 
(Length: 4)  32  73  92  137 
(Length: 3)  32  36  41 
(Length: 4)  32  76  101  104 
(Length: 3)  32  36  101 
(Length: 5)  32  53  63  92  118 
(Length: 4)  32  47  55  73 
(Length: 3)  32  41  115 
(Length: 5)  32  48  73  76  135 
(Length: 5)  32  54  73  118  135 
(Length: 4)  32  49  120  138 
(Length: 4)  32  49  89  120 
(Length: 4)  32  89  137  145 
(Length: 4)  32  54  120  138 
(Length: 4)  32  89  92  104 
(Length: 3)  32  37  41 
(Length: 3)  32  55  89 
(Length: 4)  32  54  91  120 
(Length: 4)  32  65  120  138 
(Length: 4)  32  55  73  91 
(Length: 4)  32  89  92  137 
(Length: 4)  32  38  92  104 
(Length: 4)  32  48  63  73 
(Length: 4)  32  37  47  55 
(Length: 4)  32  38  76  104 
(Length: 4)  32  41  118  135 
(Length: 5)  32  36  63  73  92 
(Length: 4)  32  73  137  145 
(Length: 4)  32  47  73  145 
(Length: 4)  32  49  89  137 
(Length: 4)  32  41  64  65 
(Length: 4)  32  48  73  91 
(Length: 4)  32  53  63  65 
(Length: 5)  32  53  64  65  140 
(Length: 5)  32  49  73  135  137 
(Length: 4)  32  55  63  73 
(Length: 5)  32  63  73  92  118 
(Length: 4)  32  38  92  137 
(Length: 3)  32  64  101 
(Length: 5)  32  47  53  115  145 
(Length: 3)  33  55  89 
(Length: 3)  33  78  110 
(Length: 3)  33  39  138 
(Length: 3)  33  99  148 
(Length: 4)  33  43  78  87 
(Length: 3)  33  67  134 
(Length: 3)  33  67  143 
(Length: 3)  33  67  144 
(Length: 3)  33  89  113 
(Length: 4)  33  40  77  123 
(Length: 3)  33  55  91 
(Length: 3)  33  39  78 
(Length: 3)  33  39  67 
(Length: 4)  33  123  138  144 
(Length: 3)  33  40  87 
(Length: 4)  33  77  123  138 
(Length: 3)  33  110  144 
(Length: 3)  33  67  148 
(Length: 4)  33  43  55  87 
(Length: 3)  33  113  144 
(Length: 4)  33  43  55  148 
(Length: 3)  33  55  123 
(Length: 3)  33  43  77 
(Length: 4)  34  43  61  114 
(Length: 3)  34  84  89 
(Length: 3)  34  96  103 
(Length: 4)  34  44  61  114 
(Length: 4)  34  49  89  96 
(Length: 4)  34  53  79  114 
(Length: 3)  34  44  149 
(Length: 3)  34  79  103 
(Length: 3)  34  84  114 
(Length: 3)  34  110  117 
(Length: 4)  34  43  49  96 
(Length: 4)  35  65  78  104 
(Length: 4)  35  67  81  121 
(Length: 3)  35  67  72 
(Length: 4)  35  62  81  93 
(Length: 4)  35  58  81  93 
(Length: 3)  35  72  90 
(Length: 4)  35  56  65  78 
(Length: 3)  35  90  95 
(Length: 3)  35  62  90 
(Length: 3)  35  56  93 
(Length: 3)  35  68  81 
(Length: 4)  35  62  81  129 
(Length: 3)  35  95  121 
(Length: 3)  35  95  104 
(Length: 4)  36  40  92  130 
(Length: 4)  36  73  92  130 
(Length: 4)  36  40  63  77 
(Length: 4)  36  96  101  102 
(Length: 3)  36  41  45 
(Length: 3)  36  41  57 
(Length: 3)  36  79  102 
(Length: 3)  36  57  68 
(Length: 3)  36  77  101 
(Length: 3)  36  73  97 
(Length: 4)  36  40  63  92 
(Length: 4)  36  40  63  79 
(Length: 3)  36  57  79 
(Length: 3)  36  41  96 
(Length: 3)  37  110  144 
(Length: 3)  37  41  45 
(Length: 3)  37  47  94 
(Length: 3)  37  47  144 
(Length: 3)  37  112  144 
(Length: 3)  37  41  129 
(Length: 3)  37  41  144 
(Length: 3)  37  94  103 
(Length: 4)  37  77  85  112 
(Length: 3)  37  85  103 
(Length: 3)  37  94  110 
(Length: 4)  37  77  101  112 
(Length: 3)  37  41  103 
(Length: 3)  37  55  103 
(Length: 3)  37  104  110 
(Length: 3)  38  44  94 
(Length: 3)  38  60  137 
(Length: 3)  38  102  107 
(Length: 3)  38  81  121 
(Length: 3)  38  43  92 
(Length: 3)  38  94  107 
(Length: 4)  38  52  100  105 
(Length: 3)  38  43  121 
(Length: 3)  38  60  105 
(Length: 3)  38  92  107 
(Length: 4)  38  43  52  100 
(Length: 3)  38  102  104 
(Length: 3)  38  113  137 
(Length: 3)  38  113  121 
(Length: 3)  38  76  149 
(Length: 3)  38  44  52 
(Length: 3)  38  57  137 
(Length: 3)  38  60  102 
(Length: 4)  38  52  76  104 
(Length: 4)  38  100  102  149 
(Length: 3)  38  81  92 
(Length: 3)  39  86  108 
(Length: 4)  39  47  67  149 
(Length: 3)  39  75  102 
(Length: 3)  39  75  85 
(Length: 3)  39  50  56 
(Length: 3)  39  51  115 
(Length: 3)  39  51  83 
(Length: 4)  39  51  81  120 
(Length: 4)  39  47  102  149 
(Length: 4)  39  75  120  138 
(Length: 4)  39  75  81  120 
(Length: 4)  39  50  108  132 
(Length: 3)  39  67  81 
(Length: 3)  39  86  99 
(Length: 3)  39  132  138 
(Length: 3)  39  67  83 
(Length: 4)  39  47  67  86 
(Length: 4)  39  47  56  115 
(Length: 3)  39  51  78 
(Length: 3)  39  47  73 
(Length: 3)  39  115  138 
(Length: 4)  40  119  123  136 
(Length: 3)  40  42  130 
(Length: 4)  40  77  123  136 
(Length: 3)  40  130  136 
(Length: 3)  40  106  119 
(Length: 3)  40  122  123 
(Length: 3)  40  58  119 
(Length: 4)  41  69  111  127 
(Length: 4)  41  56  78  96 
(Length: 3)  41  65  144 
(Length: 4)  41  124  133  146 
(Length: 4)  41  118  135  149 
(Length: 4)  41  78  135  149 
(Length: 3)  41  103  113 
(Length: 5)  41  103  111  115  146 
(Length: 3)  41  96  103 
(Length: 4)  41  133  135  146 
(Length: 4)  41  78  96  127 
(Length: 3)  41  96  129 
(Length: 4)  41  64  65  69 
(Length: 4)  41  78  96  135 
(Length: 4)  41  113  127  144 
(Length: 4)  41  111  127  134 
(Length: 4)  41  56  65  78 
(Length: 3)  41  118  124 
(Length: 4)  41  96  127  134 
(Length: 3)  41  45  111 
(Length: 3)  41  133  144 
(Length: 4)  41  56  57  65 
(Length: 4)  41  57  65  129 
(Length: 3)  41  115  144 
(Length: 4)  41  113  144  149 
(Length: 5)  41  56  115  124  146 
(Length: 3)  42  127  134 
(Length: 3)  42  125  138 
(Length: 3)  42  103  125 
(Length: 3)  42  105  108 
(Length: 4)  42  112  126  144 
(Length: 3)  42  103  108 
(Length: 3)  42  103  126 
(Length: 4)  42  126  127  144 
(Length: 3)  42  105  125 
(Length: 3)  42  105  141 
(Length: 3)  42  108  121 
(Length: 4)  43  61  77  85 
(Length: 3)  43  65  78 
(Length: 3)  43  92  114 
(Length: 3)  43  52  61 
(Length: 3)  43  78  80 
(Length: 4)  43  61  80  85 
(Length: 3)  43  55  68 
(Length: 3)  43  65  100 
(Length: 3)  43  61  65 
(Length: 3)  43  49  52 
(Length: 4)  43  77  85  112 
(Length: 3)  43  55  121 
(Length: 4)  43  80  85  121 
(Length: 4)  43  49  77  85 
(Length: 3)  43  65  148 
(Length: 3)  44  112  140 
(Length: 3)  44  61  136 
(Length: 4)  44  70  114  125 
(Length: 3)  44  136  149 
(Length: 3)  44  52  125 
(Length: 3)  44  70  82 
(Length: 3)  44  52  82 
(Length: 3)  44  130  140 
(Length: 3)  44  52  61 
(Length: 4)  44  114  122  125 
(Length: 3)  44  130  136 
(Length: 4)  44  94  122  125 
(Length: 3)  44  94  130 
(Length: 4)  44  61  114  122 
(Length: 3)  44  112  136 
(Length: 3)  45  53  95 
(Length: 3)  45  95  111 
(Length: 3)  45  53  126 
(Length: 3)  45  126  137 
(Length: 3)  45  95  131 
(Length: 3)  45  88  104 
(Length: 3)  45  58  131 
(Length: 3)  45  49  137 
(Length: 4)  45  53  58  116 
(Length: 4)  45  123  126  131 
(Length: 3)  45  95  104 
(Length: 3)  45  104  126 
(Length: 3)  46  128  134 
(Length: 4)  46  51  71  78 
(Length: 3)  46  51  83 
(Length: 3)  46  80  102 
(Length: 3)  46  48  128 
(Length: 4)  47  67  144  149 
(Length: 3)  47  66  144 
(Length: 3)  47  66  102 
(Length: 4)  47  56  79  115 
(Length: 3)  47  102  122 
(Length: 4)  47  86  94  145 
(Length: 3)  47  55  68 
(Length: 3)  47  122  144 
(Length: 3)  47  68  86 
(Length: 4)  47  86  94  122 
(Length: 3)  47  79  102 
(Length: 5)  47  53  79  115  145 
(Length: 3)  47  56  139 
(Length: 3)  47  55  149 
(Length: 3)  47  68  144 
(Length: 3)  47  53  149 
(Length: 3)  48  73  107 
(Length: 3)  48  69  107 
(Length: 3)  48  63  69 
(Length: 3)  48  128  135 
(Length: 3)  48  95  128 
(Length: 3)  48  81  121 
(Length: 3)  48  66  121 
(Length: 3)  48  63  95 
(Length: 3)  48  95  121 
(Length: 3)  48  81  128 
(Length: 3)  48  60  143 
(Length: 3)  48  112  143 
(Length: 3)  48  60  86 
(Length: 3)  48  76  143 
(Length: 3)  48  76  86 
(Length: 3)  49  53  85 
(Length: 4)  49  135  137  139 
(Length: 4)  49  133  135  137 
(Length: 4)  49  52  86  99 
(Length: 3)  49  99  141 
(Length: 3)  49  120  133 
(Length: 4)  49  51  96  109 
(Length: 4)  49  133  137  141 
(Length: 4)  49  51  89  96 
(Length: 4)  49  51  89  120 
(Length: 3)  49  96  135 
(Length: 3)  49  138  139 
(Length: 3)  49  109  139 
(Length: 3)  49  77  135 
(Length: 3)  49  85  133 
(Length: 3)  50  107  140 
(Length: 3)  50  103  126 
(Length: 3)  50  56  117 
(Length: 4)  50  103  108  132 
(Length: 3)  50  79  133 
(Length: 3)  50  56  79 
(Length: 4)  50  126  133  137 
(Length: 4)  50  79  103  108 
(Length: 3)  50  73  107 
(Length: 4)  50  73  110  117 
(Length: 3)  50  107  134 
(Length: 3)  50  107  126 
(Length: 3)  50  73  137 
(Length: 5)  51  53  79  115  145 
(Length: 3)  51  78  110 
(Length: 3)  51  109  145 
(Length: 4)  51  71  78  87 
(Length: 3)  51  53  92 
(Length: 3)  51  83  145 
(Length: 3)  51  79  147 
(Length: 3)  51  110  144 
(Length: 4)  51  81  89  92 
(Length: 3)  51  71  144 
(Length: 3)  51  92  110 
(Length: 3)  52  111  146 
(Length: 3)  52  67  146 
(Length: 3)  52  106  145 
(Length: 3)  52  76  86 
(Length: 4)  52  67  105  106 
(Length: 3)  52  61  145 
(Length: 3)  52  61  105 
(Length: 3)  52  61  76 
(Length: 3)  52  86  125 
(Length: 4)  52  100  105  125 
(Length: 3)  52  91  131 
(Length: 3)  52  95  131 
(Length: 3)  52  104  125 
(Length: 3)  52  82  105 
(Length: 3)  52  111  125 
(Length: 3)  52  95  111 
(Length: 4)  53  92  114  126 
(Length: 4)  53  63  92  126 
(Length: 3)  53  75  134 
(Length: 4)  53  63  79  95 
(Length: 4)  53  79  95  114 
(Length: 4)  53  92  114  118 
(Length: 3)  53  58  64 
(Length: 3)  53  91  126 
(Length: 3)  54  107  134 
(Length: 3)  54  118  124 
(Length: 4)  54  73  107  118 
(Length: 4)  54  73  107  130 
(Length: 5)  54  120  126  133  144 
(Length: 3)  54  56  139 
(Length: 3)  54  124  133 
(Length: 3)  54  124  127 
(Length: 3)  54  56  91 
(Length: 3)  54  126  128 
(Length: 3)  54  138  139 
(Length: 3)  54  135  139 
(Length: 3)  54  127  134 
(Length: 4)  54  126  127  144 
(Length: 4)  54  113  127  139 
(Length: 3)  54  73  113 
(Length: 4)  54  107  126  144 
(Length: 4)  54  91  120  126 
(Length: 4)  54  113  127  144 
(Length: 4)  54  120  138  144 
(Length: 3)  54  128  134 
(Length: 3)  54  128  135 
(Length: 3)  55  98  149 
(Length: 4)  55  91  103  126 
(Length: 3)  55  97  136 
(Length: 4)  55  73  130  148 
(Length: 4)  55  98  119  123 
(Length: 3)  55  58  119 
(Length: 3)  55  130  136 
(Length: 4)  55  97  98  126 
(Length: 4)  55  63  103  126 
(Length: 4)  55  103  123  126 
(Length: 4)  55  98  123  126 
(Length: 3)  55  87  149 
(Length: 4)  55  119  123  136 
(Length: 3)  56  57  117 
(Length: 3)  56  79  114 
(Length: 3)  56  91  116 
(Length: 3)  56  139  146 
(Length: 3)  56  79  93 
(Length: 3)  56  76  117 
(Length: 3)  56  93  116 
(Length: 3)  56  116  146 
(Length: 3)  57  117  120 
(Length: 3)  57  65  140 
(Length: 3)  57  74  79 
(Length: 3)  57  65  120 
(Length: 4)  57  83  129  137 
(Length: 3)  57  110  117 
(Length: 3)  57  68  110 
(Length: 3)  57  72  120 
(Length: 4)  58  74  101  112 
(Length: 4)  58  101  119  143 
(Length: 4)  58  64  101  112 
(Length: 3)  58  119  132 
(Length: 3)  58  64  93 
(Length: 3)  58  73  117 
(Length: 4)  58  81  93  116 
(Length: 3)  58  91  131 
(Length: 3)  58  108  143 
(Length: 4)  58  101  119  131 
(Length: 4)  58  101  112  116 
(Length: 3)  58  116  132 
(Length: 4)  58  101  112  143 
(Length: 3)  58  74  93 
(Length: 3)  58  117  131 
(Length: 3)  58  64  132 
(Length: 3)  58  117  143 
(Length: 3)  58  81  119 
(Length: 3)  59  66  70 
(Length: 4)  59  70  116  148 
(Length: 3)  59  84  89 
(Length: 3)  59  63  124 
(Length: 3)  59  80  98 
(Length: 3)  59  122  124 
(Length: 3)  59  98  144 
(Length: 3)  59  63  144 
(Length: 3)  59  77  136 
(Length: 3)  59  66  136 
(Length: 4)  59  66  100  140 
(Length: 4)  59  116  122  148 
(Length: 3)  59  66  144 
(Length: 3)  59  60  148 
(Length: 3)  59  80  136 
(Length: 3)  59  89  120 
(Length: 3)  59  84  124 
(Length: 3)  59  63  77 
(Length: 3)  59  77  100 
(Length: 3)  59  70  89 
(Length: 4)  59  116  122  144 
(Length: 3)  60  65  143 
(Length: 3)  60  99  148 
(Length: 3)  60  82  103 
(Length: 3)  60  82  105 
(Length: 3)  60  75  97 
(Length: 3)  60  99  147 
(Length: 3)  60  97  114 
(Length: 3)  60  137  139 
(Length: 3)  60  143  147 
(Length: 3)  60  65  148 
(Length: 3)  60  102  103 
(Length: 3)  60  86  99 
(Length: 3)  61  76  143 
(Length: 4)  61  116  122  144 
(Length: 4)  61  116  133  135 
(Length: 4)  61  116  132  144 
(Length: 4)  61  116  118  145 
(Length: 3)  61  65  144 
(Length: 4)  61  116  118  135 
(Length: 4)  61  108  114  118 
(Length: 4)  61  108  118  145 
(Length: 3)  61  77  83 
(Length: 3)  61  136  143 
(Length: 3)  61  122  143 
(Length: 4)  61  76  77  85 
(Length: 4)  61  114  122  144 
(Length: 3)  61  80  145 
(Length: 3)  61  80  136 
(Length: 4)  61  116  133  144 
(Length: 3)  61  133  143 
(Length: 3)  61  83  145 
(Length: 3)  61  108  143 
(Length: 3)  61  77  136 
(Length: 4)  61  76  77  135 
(Length: 4)  61  116  122  135 
(Length: 3)  61  65  143 
(Length: 4)  61  77  118  135 
(Length: 3)  61  85  105 
(Length: 3)  62  90  123 
(Length: 3)  62  83  129 
(Length: 3)  62  90  134 
(Length: 3)  62  123  132 
(Length: 3)  63  113  144 
(Length: 3)  63  118  124 
(Length: 3)  63  69  88 
(Length: 3)  63  65  144 
(Length: 4)  63  92  103  126 
(Length: 3)  63  103  113 
(Length: 3)  63  126  144 
(Length: 3)  63  79  88 
(Length: 3)  63  73  113 
(Length: 3)  63  72  88 
(Length: 3)  63  77  118 
(Length: 4)  63  79  95  103 
(Length: 3)  63  71  144 
(Length: 3)  64  122  125 
(Length: 3)  64  122  123 
(Length: 3)  64  123  132 
(Length: 3)  64  112  140 
(Length: 3)  65  69  100 
(Length: 3)  65  69  104 
(Length: 3)  65  106  148 
(Length: 4)  65  120  138  144 
(Length: 3)  65  106  129 
(Length: 3)  65  100  140 
(Length: 3)  66  70  146 
(Length: 3)  66  102  117 
(Length: 3)  66  130  132 
(Length: 3)  66  132  144 
(Length: 3)  66  106  129 
(Length: 4)  66  71  100  102 
(Length: 3)  66  130  140 
(Length: 3)  66  130  136 
(Length: 3)  66  106  132 
(Length: 3)  66  71  144 
(Length: 3)  66  121  146 
(Length: 3)  67  105  141 
(Length: 3)  67  117  143 
(Length: 3)  67  141  148 
(Length: 3)  67  121  146 
(Length: 3)  67  103  146 
(Length: 3)  67  72  106 
(Length: 3)  67  106  148 
(Length: 3)  67  81  134 
(Length: 3)  67  83  148 
(Length: 3)  67  103  106 
(Length: 3)  67  83  103 
(Length: 3)  68  134  146 
(Length: 3)  68  110  144 
(Length: 3)  68  74  75 
(Length: 4)  68  75  81  134 
(Length: 3)  68  110  146 
(Length: 3)  69  74  104 
(Length: 4)  69  74  93  111 
(Length: 3)  69  88  119 
(Length: 3)  69  88  104 
(Length: 3)  69  100  125 
(Length: 3)  70  89  143 
(Length: 3)  70  126  128 
(Length: 3)  70  79  88 
(Length: 4)  70  79  134  142 
(Length: 3)  70  128  134 
(Length: 4)  70  107  134  146 
(Length: 3)  70  79  143 
(Length: 3)  70  116  146 
(Length: 3)  70  79  114 
(Length: 3)  70  107  126 
(Length: 3)  70  114  126 
(Length: 3)  71  102  111 
(Length: 3)  73  106  145 
(Length: 3)  73  76  117 
(Length: 4)  73  92  107  130 
(Length: 4)  73  113  117  125 
(Length: 3)  73  106  129 
(Length: 3)  73  106  148 
(Length: 4)  73  113  137  145 
(Length: 3)  73  84  129 
(Length: 3)  73  129  137 
(Length: 3)  73  125  135 
(Length: 4)  73  92  107  118 
(Length: 4)  73  92  110  130 
(Length: 3)  74  75  141 
(Length: 3)  74  112  145 
(Length: 3)  74  111  112 
(Length: 3)  74  111  141 
(Length: 3)  74  89  104 
(Length: 4)  74  79  93  145 
(Length: 3)  74  104  132 
(Length: 3)  74  99  141 
(Length: 3)  74  75  102 
(Length: 4)  74  101  102  104 
(Length: 3)  74  89  129 
(Length: 3)  75  84  133 
(Length: 3)  75  107  134 
(Length: 3)  75  134  142 
(Length: 3)  75  85  98 
(Length: 3)  75  120  142 
(Length: 3)  76  135  149 
(Length: 3)  76  104  134 
(Length: 3)  76  101  143 
(Length: 4)  76  85  98  149 
(Length: 3)  76  117  143 
(Length: 4)  76  77  101  135 
(Length: 3)  76  86  117 
(Length: 3)  77  83  129 
(Length: 3)  77  112  136 
(Length: 3)  78  87  149 
(Length: 3)  78  87  104 
(Length: 3)  79  133  143 
(Length: 3)  79  102  103 
(Length: 3)  79  93  133 
(Length: 3)  79  85  133 
(Length: 3)  79  95  142 
(Length: 4)  79  108  143  147 
(Length: 3)  79  108  145 
(Length: 3)  79  85  88 
(Length: 3)  79  85  103 
(Length: 3)  79  103  115 
(Length: 3)  80  97  98 
(Length: 3)  80  111  141 
(Length: 3)  80  97  136 
(Length: 3)  80  111  121 
(Length: 3)  80  102  111 
(Length: 3)  80  85  98 
(Length: 4)  81  89  96  129 
(Length: 3)  81  126  128 
(Length: 3)  81  92  126 
(Length: 3)  81  128  134 
(Length: 3)  83  103  113 
(Length: 4)  83  113  137  145 
(Length: 3)  83  95  103 
(Length: 3)  84  95  114 
(Length: 3)  84  119  131 
(Length: 4)  84  127  131  147 
(Length: 3)  84  124  127 
(Length: 3)  84  95  121 
(Length: 4)  84  95  127  131 
(Length: 3)  84  114  138 
(Length: 3)  84  119  133 
(Length: 3)  84  124  133 
(Length: 3)  84  119  138 
(Length: 3)  84  89  129 
(Length: 3)  85  105  125 
(Length: 3)  85  103  125 
(Length: 3)  86  108  145 
(Length: 4)  86  94  122  125 
(Length: 4)  86  89  94  145 
(Length: 3)  86  108  123 
(Length: 3)  86  122  123 
(Length: 3)  87  101  104 
(Length: 3)  87  101  116 
(Length: 3)  89  129  137 
(Length: 4)  89  113  137  145 
(Length: 4)  90  92  107  118 
(Length: 4)  90  108  118  123 
(Length: 3)  90  122  123 
(Length: 3)  90  92  103 
(Length: 3)  90  101  143 
(Length: 3)  90  122  143 
(Length: 4)  90  108  118  145 
(Length: 4)  90  103  108  123 
(Length: 3)  90  103  146 
(Length: 4)  90  107  134  146 
(Length: 3)  90  134  142 
(Length: 4)  90  95  122  142 
(Length: 3)  90  101  142 
(Length: 4)  90  108  143  147 
(Length: 3)  91  116  120 
(Length: 4)  91  103  120  126 
(Length: 3)  91  126  131 
(Length: 3)  92  126  137 
(Length: 3)  92  103  111 
(Length: 3)  92  107  126 
(Length: 3)  92  104  126 
(Length: 3)  93  116  133 
(Length: 3)  94  103  125 
(Length: 3)  94  116  130 
(Length: 3)  94  131  147 
(Length: 3)  94  110  130 
(Length: 3)  95  96  103 
(Length: 3)  95  96  127 
(Length: 3)  95  96  109 
(Length: 3)  95  103  120 
(Length: 3)  95  109  111 
(Length: 3)  95  120  142 
(Length: 3)  95  122  128 
(Length: 3)  95  111  127 
(Length: 3)  95  111  121 
(Length: 3)  95  103  111 
(Length: 3)  96  103  106 
(Length: 3)  96  105  106 
(Length: 3)  96  101  135 
(Length: 3)  96  102  109 
(Length: 3)  96  109  134 
(Length: 3)  96  102  103 
(Length: 3)  96  106  129 
(Length: 4)  98  123  126  144 
(Length: 3)  98  144  149 
(Length: 3)  99  141  148 
(Length: 3)  99  101  148 
(Length: 3)  101  116  148 
(Length: 3)  101  116  135 
(Length: 3)  101  119  142 
(Length: 3)  102  103  126 
(Length: 3)  102  109  111 
(Length: 3)  102  109  126 
(Length: 3)  102  103  111 
(Length: 3)  102  126  131 
(Length: 3)  102  107  126 
(Length: 3)  102  104  126 
(Length: 3)  102  111  122 
(Length: 3)  102  117  131 
(Length: 3)  103  106  132 
(Length: 3)  103  113  125 
(Length: 3)  103  120  146 
(Length: 4)  103  108  123  132 
(Length: 3)  103  108  111 
(Length: 3)  103  111  125 
(Length: 3)  103  108  113 
(Length: 3)  105  106  132 
(Length: 3)  106  119  132 
(Length: 4)  107  123  126  144 
(Length: 3)  107  130  140 
(Length: 3)  108  113  114 
(Length: 3)  108  113  121 
(Length: 3)  108  113  145 
(Length: 3)  108  111  121 
(Length: 3)  109  111  134 
(Length: 3)  110  133  146 
(Length: 3)  110  133  144 
(Length: 3)  111  141  146 
(Length: 3)  111  122  125 
(Length: 3)  112  136  143 
(Length: 3)  112  116  144 
(Length: 3)  112  116  145 
(Length: 3)  113  116  145 
(Length: 4)  113  114  122  125 
(Length: 4)  113  116  122  144 
(Length: 3)  113  137  139 
(Length: 4)  113  114  122  144 
(Length: 4)  114  122  126  144 
(Length: 3)  114  138  144 
(Length: 3)  114  125  138 
(Length: 4)  116  120  133  146 
(Length: 3)  116  130  148 
(Length: 4)  116  133  135  146 
(Length: 4)  116  120  133  144 
(Length: 3)  116  130  132 
(Length: 3)  117  125  138 
(Length: 3)  119  133  141 
(Length: 4)  119  123  132  138 
(Length: 3)  119  123  141 
(Length: 3)  119  123  131 
(Length: 3)  119  133  143 
(Length: 3)  119  136  143 
(Length: 3)  120  142  144 
(Length: 3)  122  128  135 
(Length: 3)  122  123  135 
(Length: 3)  122  125  135 
(Length: 4)  122  123  126  144 
(Length: 3)  122  124  142 
(Length: 3)  122  142  144 
(Length: 3)  122  126  128 
(Length: 4)  123  132  138  144 
(Length: 3)  126  127  131 
(Length: 3)  130  140  142 
(Length: 3)  135  139  146 
...model cost: 1.85 seconds  48973 FFE
 (opt) 670.00000000 == 670.00000000 (sur)  OPTIMALITY TEST PASSED!
   BESTimpr 594.00000000 -> 658.00000000
1*1111*****111*1**11**1*****1**1***1*1***1**1111*11*11**1**1**11*1*11**1*11**11*1*1*****11**1*11*1*1111**1**1111*11*1*11**1***11***11**1**1111*******1


**11*****1**11****11*1***11*11*1*1*1******1*11***11111*11**1*****111***1*111*****1111***1**11111***11*11111**111*1*11***111******1**11*1**11111***111*


11*11****1*****11111**1****111**1***11*1**1****1***11**1**1**1*1**11**11****111**11***1*111***11**1***1**1*111111*****11*11***1*1**1***1****111*11*11*

