Walsh model started...
 20  96  23  128  30  122  120  131  104  67  90  68  31  43  113  37  55  52  82  79  95  22  50  63  148 
 13  122  70  24  23  118  121  16  145  103  93  75  144  10  54  109  95  18  12  17  29  102  80 
 149  71  139  114  143  120  81  72  83  17  110  32  124  55  59  41  69  20  49  12  61  51  89  54 
 83  4  86  132  78  85  143  25  57  111  99  43  121  64 
 71  66  52  13  83  3  82  108  75  131  124  128  78  23  98  64  91  107  33  138  55  58  50  67  61  27  43 
 48  8  9  137  90  135  54  69  71  11  129  98  7  66  58  37  36  76  33  95 
 81  67  62  88  111  87  109  28  32  33  30  26  95  65  55  147  105  143  92  37  106  54  16  56  107  83  110  84  134 
 34  14  81  60  54  67  148  121  49  123  18  61  70  63  11  5  66  86  44  107  78  88  132  139  39 
 5  48  78  131  66  81  97  32  47  120  52  148  135  88  49  116  79  37  144  92  87  17  9 
 50  36  95  78  20  10  45  82  134  30  138  143  137  5  99  58  76  17  18  122  102  60  73  142  38  8  128  48  62  149  41  96  51 
 104  86  22  147  20  9  63  135  49  131  88  77  144  1  111  108  78  56  72  28  69  52 
 75  130  32  46  81  77  63  149  145  21  26  39  60  31  33  96  7  29  132  106  55  5  71  94  143  88  66  121  103  22  12  104  62 
 87  122  142  141  41  101  70  54  146  103  61  84  28  30  82  143  2  49  11  104  97  94  1  75 
 52  4  133  135  15  32  78  60  36  97  1  122  45  123  17  20  18  62  86  131  42  94  119  99 
 7  34  49  104  70  106  116  136  112  38  140  97  16  139  44  24  123  88  77  100  98  36  58  74  19  71  86  148  41  64 
 141  78  13  32  56  107  18  134  105  148  83  129  62  67  100  63  92  58  82  23  22  147  17  77 
 92  51  146  76  6  56  14  139  1  121  98  93  102  57 
 56  47  87  135  28  118  20  13  59  120  42  83  70  130  105  96  31  9  76  2  53  8  15  77  95  41  1  29  128  26 
 149  129  15  134  28  119  59  40  123  7  13  122  98  60  73  110  131  9  1  95  108  53  38  107  41  105  64 
 144  34  149  96  119  122  138  141  135  127  112  116  27  99  124  38  14  71 
 0  96  9  10  93  142  136  31  17  13  129  34  108  109  71  119  110  32  91  113  50  69  2  38  118  105  74  62  75  107  102  40 
 52  25  145  11  83  94  28  33  131  104  63  51  146  26  44  73  37 
 36  99  10  147  62  53  39  79  76  93  121  15  23  64  109  11  103  27  129  0  50  105  61  49 
 76  134  102  143  91  59  128  0  56  63  149  27  1  118  29  130  37  4  98  70  39  15  22  112  84  140  65  96 
 79  38  48  61  1  70  124  83  44  14  55  121 
 110  60  52  21  146  27  122  82  29  64  57  3 
 85  96  6  30  55  36  137  147  11  39  81  122  33  58  43  68  108  76  47  87  21  44  144  99  59  128  17  120  139  100  82 
 101  42  69  127  39  136  49  80  146  25  149  23  90  125  86  88  111  99  19  61  92  133  35  129  22  115  114  70  4  43 
 34  98  115  146  17  118  111  6  119  18  92  141  54  58  33  21  107  105  30  12  90  38  130  124  80  149  99  10  72  134  67  77 
 132  119  91  66  102  23  35  47  11  25  64  136  124  97  42  138  59  105  144  75  17  1 
 140  121  102  89  123  95  6  26  134  9  122  0  100  92  120  74  130  59  28  12  145  54  104  108  138  50  91  37  105  53 
 20  136  11  60  96  17  103  126  134  100  82  111  0  43  129  112  105 
 11  46  15  13  6  33  131  49  97  8  101  65  111  86  77  110  2  82  113  20  91  135  45  54  99  62 
 34  140  110  124  32  6  113  40  52  103  28  21  26  11  90  80  4  5  95  143  41  59  119 
 28  98  7  14  140  33  144  19  91  80  141  110  88  54  20  129  85  51  139  56  71  36  96  123  42  138  67  82 
 65  113  77  72  94  81  29  47  133  27  146 
 99  22  96  48  95  135  9  50  13  97  26  137  46  86  144  91  94  146  52  45  124  67  98  147  81  72  14  5  76  34 
 94  69  92  6  139  83  130  23  113  0  98  90  144  8  58  5  134  30  21  51 
 79  24  41  88  14  112  100  45  46  58  104  144  65  52  9  102  50  114  124  19  20  118  76  77  28  130  18  107  97 
 85  93  62  22  27  136  26  11  146  130  117  73  139  70  23  87  119  50  108  134  143  7 
 145  122  44  96  85  95  57  147  60  118  59  18  54  103  33  113  41  78  70  137  72  110  98  128  82  127  104  64  129  115  71  102  20 
 38  88  109  46  71  89  112  105  140  85  40  78  12  101  59  2  95  17  9  18  143  33  64  14 
 121  136  101  27  69  135  68  114  17  120  122  98  60  125  104  128  140  141  49  53  126  97  29  147  93  34  138  129  13  94 
 68  70  124  126  54  48  26  82  80  31  0  57  73  102  99  3  27  4 
 64  100  40  96  145  113  76  50  140  87  14  24  77  98  26  21  107  7  48  141 
 118  71  100  38  13  123  82  9  114  56  77  95  88  74  52  36  32  135  109  105  111  117  101  146 
 32  11  116  97  103  109  41  38  58  36  86  145  91  71  98  99  74  49  66  55  110  93  148  147  88  118  129 
 17  56  136  147  49  55  142  107  130  96  59  35  29  8  120  89  145  26  87  146  110  95  76  115 
 5  8  96  36  64  123  24  61  54  43  91  102  101  73  87  137  9  128  149  50  65  74  133  44  141 
 14  104  103  109  133  88  47  55  32  131  10  27  80  123  7  59  90  46  66  8  116  141  42  2  12  102  67  50  22 
 73  59  9  36  149  86  44  76  51  104  128  80  38  114  20  113  91  30  39  108  4  65  48  22  0  49 
 146  128  78  77  90  61  92  16  50  104  85  34  21  60  143  96  9  2  37 
 4  13  82  113  114  149  21  25  33  103  94  74  73  92  45  36  148  8  65  38  98  121  122  85  72  109  55  0  105  76  10  69 
 98  144  22  62  81  88  100  77  42  126  17  76  108  18  105  30 
 139  124  7  67  103  40  88  34  28  58  106  6  125  63  74  137  143  87  89  70  12  48  43  5  69  145  30  1  109  32  99  95  117  2  134 
 73  142  114  140  49  47  6  26  104  89  97  86  2  124  106  11  46  24  121  138  4  52  0  107  71  95  132  62 
 15  107  17  47  99  119  136  59  114  45  110  63  23  16  6  121  126  34  139  78  10 
 104  148  147  40  130  116  68  74  110  101  140  113  128  80  43  25  3  102  16 
 91  72  65  46  38  77  28  54  104  9  99  147  26  119  139  15  82  63  141  5  37  4  138  101  112  74  14 
 73  50  56  136  40  18  47  17  91  23  49  90  84  130  30  127  41  2  66  69  72  29  138  26  99  106  102  33  119 
 81  7  78  13  110  25  40  118  11  31  132  66  18  73  42  125  143  51  102  9  77  127  123  82  134  144  90 
 142  126  48  24  90  51  135  144  70  7  84  12  76  125  27  92  67  4  2  22  105 
 120  145  88  6  22  53  39  79  108  67  15  92  126  111  100  141  98  139  122  134  86  13  20  9  132  55  11  32  82 
 115  143  92  107  10  135  104  132  149  11  56  23  145  78  125  54  96  134  100  15  21  7  58  141  112  74  105  148  0 
 44  100  145  105  79  146  48  123  86  67  106  78  4  91  25  29  109  22  107  71  141  40  113  121  3  41  14  18 
 35  113  91  58  6  95  32  101  130  146  52  38  132  114  50  48  23  96 
 71  4  79  141  91  29  95  94  109  134  8  81  60  132  103  125  46  49  11  88  5  7  122  59  136  86 
 81  6  54  7  145  141  86  64  62  15  104  0  89  128  111  124  36  117  135  107  134  102  49  61  4  98  73  106  34  82  28  77 
 85  127  43  70  100  133  109  97  42  114  74  57  129  26  90  0  98  105  76 
 135  42  94  37  27  127  76  108  138  104  5  54  122  124  20  2  72  59  87  96  10  52 
 127  148  68  43  140  106  14  83  17  1  24  137  40  61  7  12  54  91  131  23  39  86  78  98  77  27  114 
 4  66  149  2  118  45  41  89  46  98  119  20  95  141  140  34  5  11  100  78  64  107  55  14  19  40  115 
 58  91  35  77  83  145  2  81  94  96  40  110  52  85  90  144  69  59  36  129  10  28 
 50  59  127  78  76  118  55  142  92  52  117  39  18  60  48  101  122  9  43  102  135  106  97  21  98  67 
 68  57  142  114  54  137  94  52  120  30  46  99  88  45  87  122  141  63  20  105  103  121  107  102  58  14  133  48 
 11  130  77  124  4  131  127  79  93  1  96  87  12  20  107  144  29 
 73  118  23  134  79  22  44  50  114  92  146  16  108  69  91  121  9  17  26  140  144  61  125  53  90  68  77  38  5  36  135  148  93  52  105  47  115 
 35  72  124  75  115  129  81  11  78  51  91  58  45  95  88  10  32  111  98  44  99  100  14  53  96  127  60  125  76  38  15  17  70  67  28 
 15  141  13  60  127  73  9  95  77  51  8  131  40  41  97  148  145  63  3  4  64  106  71  100  116  132  10  56  70  7  120  126  91 
 38  24  66  141  64  146  108  62  95  144  127  75  76  22  8  113  82  0 
 91  34  49  27  90  33  82  43  128  50  57  124  28  102  1 
 67  6  7  60  83  110  77  11  8  66  143  105  35  94  122  26  82  89  139  108  2  72  96  146  53  88  36  86 
 108  4  52  113  45  9  81  89  43  80  128  40  15  58  31  111  122  25  32  79  12  143  0  86  104  60  62  67  34  100  26 
 4  3  141  145  81  110  108  103  15  129  17  70  94  21  72  139  37  24  124  2  107  6  113  131  91 
 130  121  59  90  61  12  140  23  6  134  136  109  132 
 68  127  96  26  39  93  40  95  140  41  51  34  143  3  90  52  72  98  134 
 104  10  46  36  64  67  149  50  125  27  3  132  111  32  97  55  88  112  62  13  70  7  82  66  81  14  148 
 109  6  17  135  89  134  122  12  44  140  143  54  74  119  39  26  47  8  92  137  48  96  69  75 
 62  6  41  38  111  49  133  34  54  27  74  45  10  77  8  135  115  126  123  14  53  81  112  86  110  11  66  147  46  97  143  7  121 
 30  102  87  134  41  71  90  127  140  81  82  104  55  54  67  47  145  2 
 130  103  61  51  127  89  142  27  149  135  5  59  49  80  33  84  0  68  96  85  28  119  144  72  98  37  76  132  60  110 
 58  72  80  34  29  66  65  77  145  46  59  23  36  144  104  131  70  76  121  48  102  93  135  64  4  99  98  32  20  50  30  83  78 
 63  107  134  140  125  103  6  37  51  16  114  76  28  141  100  30  62  126  73  52  15  112  97  61  27  8  87 
 85  39  20  142  22  121  91  135  16  98  75  1  110  46  147  42  148  76 
 37  69  66  95  35  81  83  21  36  146  72  96  52  74  137  100  11  143  97  12  42  13 
 36  135  85  40  9  78  123  30  6  65  111  142  66  94  79  144  149  146  45  77  71  141  147  121  110  1  18  0  55  54  117  41  17  33  5  47 
 36  48  149  19  85  26  40  44  20  0  47  130  111  106  31  17  63  134  72  94  81  11  90  77  127  138  34  87  69  75  113  121  9  51  23  65 
 109  68  36  13  116  46  103  32  8  78  148  14  140  86  55  92  112  29  42  143  88  94  12  106  73  129  124  38 
 28  34  53  144  42  122  129  105  46  71  62  141  40  18  23  4  68  16  93  102  123  77  44  52  121  5  91  90  37  147  36  14  134  85  70  67  73 
 36  22  56  119  9  58  46  74  101  117  27  19  91  77  149  126  32  54  26  59  3  43  28  13 
 68  133  44  64  135  128  119  130  38  45  92  30  111  62  63  15  94  137  134  31  77  14  53  71  78  26  82 
 42  27  110  57  32  65  41  12  117  99  48  73  105  109  45  112  58 
 30  89  23  143  29  91  48  98  123  60  9  38  73  43  16  57  107  74  106  59  49  67  40  20  80  1 
 130  90  49  109  97  46  108  83  125  92  54  40  33  52  126  31  66  12  146  1  145  11  22  74  121 
 148  57  143  144  14  49  86  10  63  132  38  140  58  91  89  55  51  50  67  0  131  21  138  69  42  128  30  108  110  40  82  12  11 
 145  148  64  15  142  110  143  6  81  130  17  112  41  129  98  146  107  28  147  68  63  115  101  109  20  74  45  111  53  30  29  136  119  108  31  52  76  22  61  18 
 70  140  14  144  147  96  111  6  54  64  78  11  55  97  73  102  59  109  67  124 
 56  15  92  63  142  47  147  127  105  28  83  6  113  4  64  44  7  71  55  67  134  38  18  102  74  20  75 
 82  4  103  83  79  62  81  139  76  69  20  109  26  30  104  138  111  10  50  39  114  146  53  18  143  118  117  105  119 
 87  6  97  68  103  49  46  41  66  134  149  112  129  108  20  127  64  22  54  1  101  105  45  52  136  84  117  140  106 
 33  124  141  34  25  60  83  81  57  101  142  105  136  56  40  72  20  32  2  93  46  18  131  88  6  95  121  148  104  47  90 
 6  88  28  95  142  96  106  27  62  100  128  67  86  32  77  82  31  10  108  143  3  105  45 
 14  38  149  109  105  41  19  116  88  86  92  97  23  63  129  31  136  124  101  58 
 65  35  82  52  117  134  145  44  33  40  57  128  32  83  107  79  0  37  20  50  64  96  121 
 52  149  68  42  55  140  139  2  74  142  45  56  76  92  50  38  108  146  65  132  27  70 
 146  28  63  143  77  129  88  126  105  149  124  27  40  71  135  47  76 
 97  46  14  136  57  130  19  112  8  49  78  132 
 113  134  101  99  73  39  67  135  54  95  45  109  108 
 45  71  17  28  73  76  60  40  23  1  38  20  143  108  46  129 
 19  122  29  132  56  99  100  130  28  18  58  139  71  20  87  39  90  105  108  33  59  13 
 62  145  17  42  0  131  143  2  74  30  8  47  78  126  26  139 
 42  136  130  84  140  30  148  7  93  22  76  91  56  126  1  16  98  52  11  95  110  24  55  113  96  88  74  103  3  64 
 40  145  19  119  13  1  87  12  42  98  81  26  30  0  143  130  18  62  134  74  52  73  69  124  25  82  9  132  66 
 64  48  30  95  13  45  49  7  18  88  14  98  102  127  60  34 
 110  33  54  139  77  75  43  126  4  128  24  83  2  55  67  36  122  69  136  29  115  149  19  38  112  28  80  106  97 
 103  92  86  27  54  63  66  61  76  60  42  77 
 61  142  43  124  92  62  103  31  121  56  88  115  99  149  53  42  78  120 
 85  68  148  70  73  78  135  19  27  69  90  89  79  75  109  149  107  147  40  59  96  77  60  123 
 146  51  100  135  23  0  57  113  124  4  67  111  80  50  82  40  104  42  9  48  17  26 
 18  149  115  77  83  15  20  34  68  109  98  105  5  112  31  27  22  46  118  97  42  40  72 
 75  11  90  103  121  84  119  100  57  116  47  96  17  105  122  143  65  146  23  37  39  30  59  38  28 
 32  49  10  4  75  78  8  0  120  104  21  91  70  18  110  13  135  83 
 29  119  63  104  60  66  3  86  11  122  116  78  55  62  65  114  7  139  90  84 
 13  135  68  100  49  88  142  134  35  27  74  48 
 18  15  92  140  117  113  89  87  23  76  9  30  66  109  133  142  63  96  100  31  62  122  138  6  84  67  107  37  98  85  144  60  28  54  39  143 
 133  13  36  95  69  42  87  17  100  128  63  10  19  127  61  144  90  5  8  88  93  91  117  67  32  45  131  76  73  115  149 
 42  121  147  47  116  14  56  59  20  31  27  39  110  140  29  124  66  109  84  112  105 
 36  26  9  5  74  54  70  40  94  100  87  48 
 141  19  9  143  104  69  108  30  96  134  4  55  29  59  58  34  42 
 54  124  114  2  81  108  83  37  119  58  14  16  34  56  62  39  132  7  120  26 
 34  33  70  106  121  30  134  92  55  114  41  85  44  87  89  14  97  104  57  76  144  71  84  23  136  42  109 
 15  78  66  79  83  145  110  34  67  138  19  142  12  28  92  62  98  95  71  58  63  74  42  49  64  44  48 
 73  55  61  126  20  93  111  95  107  47  74  114  105  110  133  134  90  141  12  147  9 
 104  144  63  115  23  102  105  6  81  9  138  122  130  120  2  54  87  85  3  11  94  60  51  12  82  97  88  111  108  118  41  33  134  39 
 104  143  19  34  53  98  106  147  95  79  38  36  91  135  61  76  140  10  1  90  72  37  8  26  29  75  134  60 
 62  120  40  122  105  148  64  83  141  67  11  21  44  113  46  91  72  63  78  1  103  30  54  89  47 
 115  28  128  51  64  79  149  95  25  27  76  16  36  94  65  130  39  12  103  81  105  21  35  47  108  114  45 
 136  47  10  22  57  40  6  26  106  144  58  107  127  15  105  95  142  98  36  42  93  46  88 
 104  57  127  70  145  105  7  121  15  97  78  52  8  46  110  14  86  76  93  63  0 
 18  129  71  2  96  19  52  114  63  11  109  112  50  86  95  146  23  27  90  127  99  126  115  124  9  48  28  135 
-->CDecomWalshPart::vInitTrueLinkage-->GLBs: 1728
(Length: 4)  0  20  31  96 
(Length: 3)  0  22  23 
(Length: 3)  0  30  37 
(Length: 3)  0  23  128 
(Length: 3)  0  90  96 
(Length: 3)  0  120  131 
(Length: 3)  0  55  95 
(Length: 4)  0  31  43  82 
(Length: 4)  0  20  50  113 
(Length: 3)  0  52  55 
(Length: 4)  0  30  50  104 
(Length: 5)  0  67  82  104  128 
(Length: 3)  0  68  90 
(Length: 4)  0  52  82  122 
(Length: 4)  0  50  104  128 
(Length: 3)  0  52  148 
(Length: 4)  0  63  104  148 
(Length: 4)  0  20  96  113 
(Length: 3)  0  37  90 
(Length: 3)  0  104  131 
(Length: 4)  0  79  82  113 
(Length: 3)  0  30  95 
(Length: 3)  0  37  113 
(Length: 3)  0  30  120 
(Length: 3)  0  30  122 
(Length: 3)  0  79  95 
(Length: 3)  0  23  37 
(Length: 3)  0  22  50 
(Length: 4)  0  82  113  128 
(Length: 4)  0  23  63  96 
(Length: 4)  0  52  82  113 
(Length: 3)  0  43  68 
(Length: 4)  0  50  113  128 
(Length: 3)  0  22  79 
(Length: 3)  0  55  104 
(Length: 4)  1  16  93  121 
(Length: 3)  1  95  121 
(Length: 3)  1  17  29 
(Length: 3)  1  24  70 
(Length: 3)  1  17  118 
(Length: 3)  1  103  121 
(Length: 3)  1  23  70 
(Length: 4)  1  12  54  103 
(Length: 3)  1  16  102 
(Length: 3)  1  80  102 
(Length: 3)  1  23  118 
(Length: 4)  1  13  18  122 
(Length: 3)  1  17  95 
(Length: 4)  1  23  29  102 
(Length: 3)  1  122  145 
(Length: 3)  1  24  121 
(Length: 4)  1  29  75  144 
(Length: 3)  1  18  95 
(Length: 4)  1  54  103  109 
(Length: 3)  1  54  95 
(Length: 4)  1  12  54  70 
(Length: 3)  1  17  70 
(Length: 3)  1  75  93 
(Length: 3)  1  10  144 
(Length: 3)  1  12  75 
(Length: 3)  1  95  144 
(Length: 4)  1  54  103  145 
(Length: 3)  1  12  122 
(Length: 3)  1  13  17 
(Length: 4)  2  20  32  110 
(Length: 4)  2  12  54  143 
(Length: 3)  2  20  71 
(Length: 4)  2  54  124  139 
(Length: 3)  2  12  49 
(Length: 4)  2  17  41  59 
(Length: 3)  2  12  61 
(Length: 4)  2  41  71  89 
(Length: 3)  2  49  55 
(Length: 4)  2  59  69  72 
(Length: 4)  2  55  71  89 
(Length: 3)  2  71  149 
(Length: 5)  2  72  81  83  110 
(Length: 3)  2  81  89 
(Length: 3)  2  55  124 
(Length: 3)  2  32  49 
(Length: 3)  2  49  59 
(Length: 3)  2  32  54 
(Length: 3)  2  55  114 
(Length: 3)  2  20  69 
(Length: 3)  2  124  149 
(Length: 4)  2  83  124  139 
(Length: 4)  2  83  110  124 
(Length: 3)  2  120  143 
(Length: 3)  2  51  143 
(Length: 4)  2  54  69  124 
(Length: 3)  2  54  89 
(Length: 3)  2  17  20 
(Length: 4)  2  81  83  139 
(Length: 3)  2  114  139 
(Length: 3)  2  81  143 
(Length: 4)  2  12  41  143 
(Length: 3)  2  17  120 
(Length: 3)  2  51  61 
(Length: 3)  2  114  149 
(Length: 3)  2  17  83 
(Length: 3)  2  120  139 
(Length: 3)  3  25  64 
(Length: 3)  3  78  132 
(Length: 3)  3  4  83 
(Length: 3)  3  4  43 
(Length: 3)  3  111  143 
(Length: 3)  3  86  111 
(Length: 4)  3  4  64  78 
(Length: 3)  3  43  99 
(Length: 3)  3  85  143 
(Length: 3)  3  64  86 
(Length: 3)  3  25  57 
(Length: 3)  3  86  132 
(Length: 3)  3  64  121 
(Length: 3)  3  43  57 
(Length: 3)  4  52  98 
(Length: 3)  4  52  82 
(Length: 4)  4  13  78  131 
(Length: 3)  4  52  55 
(Length: 3)  4  33  52 
(Length: 4)  4  67  82  128 
(Length: 3)  4  43  124 
(Length: 3)  4  43  82 
(Length: 3)  4  13  52 
(Length: 3)  4  50  108 
(Length: 3)  4  27  61 
(Length: 3)  4  23  128 
(Length: 4)  4  64  71  78 
(Length: 3)  4  66  71 
(Length: 3)  4  50  128 
(Length: 3)  4  61  67 
(Length: 3)  4  55  124 
(Length: 3)  4  58  138 
(Length: 4)  4  55  71  107 
(Length: 3)  4  50  91 
(Length: 3)  4  71  98 
(Length: 3)  4  75  107 
(Length: 4)  4  23  91  98 
(Length: 4)  4  67  124  128 
(Length: 4)  4  64  78  91 
(Length: 3)  4  66  91 
(Length: 3)  4  58  82 
(Length: 3)  4  55  138 
(Length: 3)  4  67  98 
(Length: 3)  4  82  108 
(Length: 3)  4  83  107 
(Length: 4)  4  64  71  107 
(Length: 3)  4  75  124 
(Length: 4)  4  78  91  131 
(Length: 3)  4  75  131 
(Length: 4)  4  64  67  107 
(Length: 3)  4  83  124 
(Length: 3)  4  83  108 
(Length: 3)  4  23  27 
(Length: 3)  4  108  138 
(Length: 4)  4  83  91  131 
(Length: 3)  4  27  43 
(Length: 3)  4  33  124 
(Length: 3)  4  58  91 
(Length: 4)  5  48  54  137 
(Length: 3)  5  8  135 
(Length: 4)  5  66  71  95 
(Length: 4)  5  8  9  48 
(Length: 3)  5  37  58 
(Length: 4)  5  36  95  135 
(Length: 4)  5  36  76  135 
(Length: 3)  5  71  98 
(Length: 5)  5  9  36  48  137 
(Length: 3)  5  36  98 
(Length: 4)  5  37  90  98 
(Length: 3)  5  54  95 
(Length: 4)  5  9  36  76 
(Length: 3)  5  33  90 
(Length: 4)  5  69  76  135 
(Length: 4)  5  11  66  71 
(Length: 3)  5  33  95 
(Length: 4)  5  7  11  66 
(Length: 3)  5  8  37 
(Length: 3)  5  9  58 
(Length: 3)  5  54  58 
(Length: 3)  5  37  69 
(Length: 3)  5  54  69 
(Length: 3)  5  8  66 
(Length: 3)  5  98  129 
(Length: 3)  5  11  33 
(Length: 4)  5  76  90  135 
(Length: 3)  5  7  54 
(Length: 4)  5  9  36  95 
(Length: 3)  6  67  81 
(Length: 5)  6  30  37  92  134 
(Length: 5)  6  28  67  107  134 
(Length: 4)  6  62  67  111 
(Length: 4)  6  28  30  105 
(Length: 5)  6  54  87  109  134 
(Length: 4)  6  81  88  143 
(Length: 4)  6  28  67  111 
(Length: 4)  6  54  88  143 
(Length: 5)  6  28  54  67  134 
(Length: 4)  6  62  88  111 
(Length: 3)  6  26  30 
(Length: 5)  6  28  92  107  134 
(Length: 4)  6  28  105  107 
(Length: 4)  6  54  67  106 
(Length: 3)  6  28  33 
(Length: 4)  6  30  54  95 
(Length: 4)  6  81  105  143 
(Length: 4)  6  81  88  110 
(Length: 4)  6  81  83  110 
(Length: 3)  6  55  95 
(Length: 4)  6  105  107  147 
(Length: 3)  6  65  95 
(Length: 5)  6  54  87  134  143 
(Length: 4)  6  67  106  111 
(Length: 4)  6  28  105  111 
(Length: 4)  6  88  111  143 
(Length: 4)  6  62  67  134 
(Length: 3)  6  83  107 
(Length: 3)  6  106  147 
(Length: 3)  6  56  110 
(Length: 3)  6  55  107 
(Length: 3)  6  56  107 
(Length: 4)  6  105  111  143 
(Length: 4)  6  84  109  134 
(Length: 3)  6  16  92 
(Length: 3)  6  16  56 
(Length: 5)  6  28  30  92  134 
(Length: 3)  6  55  106 
(Length: 3)  6  55  62 
(Length: 3)  6  88  147 
(Length: 3)  6  26  33 
(Length: 5)  6  28  30  54  134 
(Length: 3)  6  26  55 
(Length: 4)  6  32  33  110 
(Length: 3)  6  105  109 
(Length: 3)  6  26  81 
(Length: 3)  6  26  87 
(Length: 3)  6  32  54 
(Length: 4)  6  32  62  111 
(Length: 3)  6  32  65 
(Length: 4)  6  33  95  110 
(Length: 4)  6  81  105  110 
(Length: 3)  6  95  147 
(Length: 3)  6  95  111 
(Length: 3)  6  37  83 
(Length: 3)  6  33  143 
(Length: 4)  6  87  92  134 
(Length: 4)  6  62  92  134 
(Length: 4)  6  54  106  109 
(Length: 3)  6  26  147 
(Length: 4)  7  34  54  88 
(Length: 4)  7  18  60  123 
(Length: 3)  7  11  39 
(Length: 4)  7  11  63  132 
(Length: 4)  7  60  78  132 
(Length: 5)  7  66  81  86  88 
(Length: 5)  7  11  66  81  88 
(Length: 5)  7  11  60  66  132 
(Length: 3)  7  81  139 
(Length: 3)  7  67  107 
(Length: 3)  7  61  67 
(Length: 3)  7  121  148 
(Length: 3)  7  44  107 
(Length: 5)  7  11  60  66  81 
(Length: 4)  7  34  54  139 
(Length: 3)  7  61  70 
(Length: 4)  7  70  78  148 
(Length: 4)  7  14  86  88 
(Length: 3)  7  132  139 
(Length: 3)  7  18  107 
(Length: 4)  7  67  81  86 
(Length: 4)  7  66  86  132 
(Length: 3)  7  39  70 
(Length: 4)  7  49  66  88 
(Length: 4)  7  63  78  148 
(Length: 3)  7  63  107 
(Length: 4)  7  63  78  132 
(Length: 3)  7  54  70 
(Length: 3)  7  54  63 
(Length: 3)  7  39  139 
(Length: 3)  7  14  44 
(Length: 5)  7  14  49  88  123 
(Length: 3)  7  49  67 
(Length: 4)  7  34  54  67 
(Length: 5)  7  14  70  86  148 
(Length: 5)  7  14  34  88  123 
(Length: 4)  7  11  88  121 
(Length: 4)  7  14  34  139 
(Length: 4)  8  78  97  148 
(Length: 4)  8  17  47  87 
(Length: 3)  8  9  17 
(Length: 3)  8  9  78 
(Length: 4)  8  17  47  120 
(Length: 3)  8  37  92 
(Length: 4)  8  49  66  88 
(Length: 4)  8  66  81  88 
(Length: 4)  8  32  131  135 
(Length: 3)  8  37  144 
(Length: 3)  8  52  92 
(Length: 3)  8  52  148 
(Length: 3)  8  92  97 
(Length: 3)  8  66  79 
(Length: 3)  8  135  144 
(Length: 3)  8  79  144 
(Length: 4)  8  78  97  116 
(Length: 3)  8  88  135 
(Length: 3)  8  88  97 
(Length: 3)  8  87  92 
(Length: 3)  8  32  97 
(Length: 4)  8  17  87  135 
(Length: 3)  8  49  116 
(Length: 3)  8  48  87 
(Length: 3)  8  47  49 
(Length: 4)  8  78  120  131 
(Length: 4)  8  32  49  131 
(Length: 4)  9  20  38  50 
(Length: 4)  9  50  73  76 
(Length: 4)  9  30  134  138 
(Length: 4)  9  30  122  134 
(Length: 4)  9  48  73  102 
(Length: 4)  9  48  50  128 
(Length: 4)  9  62  82  122 
(Length: 3)  9  73  142 
(Length: 4)  9  48  50  149 
(Length: 4)  9  36  50  76 
(Length: 4)  9  60  73  102 
(Length: 4)  9  18  122  134 
(Length: 3)  9  30  102 
(Length: 4)  9  18  73  122 
(Length: 3)  9  30  95 
(Length: 4)  9  18  60  73 
(Length: 4)  9  51  60  143 
(Length: 4)  9  18  95  149 
(Length: 3)  9  76  134 
(Length: 3)  9  30  50 
(Length: 4)  9  18  60  134 
(Length: 3)  9  10  20 
(Length: 4)  9  96  134  138 
(Length: 4)  9  60  134  143 
(Length: 4)  9  60  82  143 
(Length: 4)  9  60  73  78 
(Length: 4)  9  82  122  143 
(Length: 3)  9  10  78 
(Length: 4)  9  17  41  95 
(Length: 3)  9  17  76 
(Length: 3)  9  17  128 
(Length: 4)  9  48  96  149 
(Length: 4)  9  60  102  143 
(Length: 4)  9  134  138  143 
(Length: 4)  9  41  78  95 
(Length: 4)  9  18  41  95 
(Length: 3)  9  41  143 
(Length: 4)  9  36  45  95 
(Length: 4)  9  36  48  50 
(Length: 4)  9  36  48  96 
(Length: 3)  9  82  128 
(Length: 3)  9  36  99 
(Length: 3)  9  45  82 
(Length: 4)  9  17  20  96 
(Length: 4)  9  18  38  41 
(Length: 3)  9  38  45 
(Length: 4)  9  50  51  128 
(Length: 3)  9  38  58 
(Length: 3)  9  20  62 
(Length: 3)  9  95  142 
(Length: 4)  9  48  50  73 
(Length: 4)  9  38  50  76 
(Length: 3)  9  134  142 
(Length: 4)  9  51  60  78 
(Length: 4)  9  20  38  102 
(Length: 3)  9  99  149 
(Length: 3)  9  51  96 
(Length: 3)  9  58  82 
(Length: 3)  9  20  142 
(Length: 3)  9  58  99 
(Length: 4)  9  62  122  134 
(Length: 3)  9  58  138 
(Length: 4)  9  122  134  143 
(Length: 3)  10  77  78 
(Length: 3)  10  49  88 
(Length: 3)  10  22  49 
(Length: 3)  10  144  147 
(Length: 4)  10  20  69  108 
(Length: 3)  10  104  144 
(Length: 3)  10  88  147 
(Length: 3)  10  108  111 
(Length: 3)  10  63  104 
(Length: 3)  10  88  135 
(Length: 4)  10  86  88  111 
(Length: 4)  10  52  69  72 
(Length: 3)  10  131  135 
(Length: 3)  10  72  144 
(Length: 3)  10  69  135 
(Length: 3)  10  86  104 
(Length: 4)  10  69  104  108 
(Length: 4)  10  28  72  77 
(Length: 3)  10  22  147 
(Length: 3)  10  135  144 
(Length: 4)  10  56  63  78 
(Length: 4)  10  49  104  131 
(Length: 4)  10  28  77  111 
(Length: 3)  10  63  135 
(Length: 3)  10  78  131 
(Length: 4)  10  77  88  111 
(Length: 3)  11  96  106 
(Length: 4)  11  22  39  62 
(Length: 3)  11  26  39 
(Length: 4)  11  21  63  104 
(Length: 4)  11  81  88  143 
(Length: 4)  11  55  104  132 
(Length: 3)  11  32  33 
(Length: 3)  11  31  60 
(Length: 4)  11  39  130  143 
(Length: 4)  11  75  96  130 
(Length: 4)  11  81  94  96 
(Length: 3)  11  31  103 
(Length: 3)  11  21  94 
(Length: 4)  11  103  121  130 
(Length: 3)  11  62  88 
(Length: 3)  11  29  75 
(Length: 4)  11  63  96  149 
(Length: 4)  11  77  81  88 
(Length: 4)  11  77  81  96 
(Length: 3)  11  31  96 
(Length: 4)  11  46  66  103 
(Length: 4)  11  46  66  88 
(Length: 4)  11  22  103  121 
(Length: 3)  11  32  77 
(Length: 3)  11  33  143 
(Length: 3)  11  32  62 
(Length: 4)  11  26  81  96 
(Length: 3)  11  55  106 
(Length: 4)  11  75  77  96 
(Length: 4)  11  96  121  130 
(Length: 4)  11  12  104  143 
(Length: 3)  11  12  103 
(Length: 4)  11  12  94  143 
(Length: 4)  11  60  81  143 
(Length: 3)  11  32  46 
(Length: 4)  11  60  77  81 
(Length: 4)  11  29  66  132 
(Length: 4)  11  21  26  33 
(Length: 3)  11  12  75 
(Length: 4)  11  66  81  94 
(Length: 4)  11  55  62  132 
(Length: 4)  11  46  55  71 
(Length: 3)  11  33  103 
(Length: 4)  11  21  63  145 
(Length: 3)  11  71  149 
(Length: 4)  11  63  104  143 
(Length: 4)  11  46  103  145 
(Length: 4)  11  46  66  71 
(Length: 4)  11  63  104  132 
(Length: 3)  11  26  55 
(Length: 4)  11  81  94  143 
(Length: 3)  11  62  145 
(Length: 3)  11  55  121 
(Length: 4)  12  28  30  54 
(Length: 4)  12  87  122  143 
(Length: 4)  12  82  122  143 
(Length: 4)  12  82  104  143 
(Length: 3)  12  49  141 
(Length: 4)  12  54  87  143 
(Length: 3)  12  61  84 
(Length: 3)  12  30  104 
(Length: 3)  12  30  122 
(Length: 3)  12  28  146 
(Length: 3)  12  141  142 
(Length: 3)  12  75  87 
(Length: 3)  12  103  146 
(Length: 3)  12  41  101 
(Length: 4)  12  94  97  143 
(Length: 3)  12  49  104 
(Length: 3)  12  97  103 
(Length: 3)  12  49  103 
(Length: 3)  12  28  141 
(Length: 3)  12  61  142 
(Length: 3)  12  94  146 
(Length: 3)  12  61  70 
(Length: 3)  13  99  119 
(Length: 3)  13  78  97 
(Length: 4)  13  32  86  97 
(Length: 4)  13  17  42  135 
(Length: 3)  13  45  123 
(Length: 3)  13  15  78 
(Length: 3)  13  15  18 
(Length: 3)  13  15  17 
(Length: 4)  13  32  131  135 
(Length: 4)  13  15  32  62 
(Length: 3)  13  17  20 
(Length: 4)  13  32  45  135 
(Length: 4)  13  32  62  86 
(Length: 3)  13  18  131 
(Length: 4)  13  18  119  122 
(Length: 3)  13  60  78 
(Length: 3)  13  42  60 
(Length: 3)  13  20  119 
(Length: 4)  13  20  32  62 
(Length: 4)  13  36  45  52 
(Length: 3)  13  62  122 
(Length: 4)  13  36  94  97 
(Length: 3)  13  52  122 
(Length: 3)  13  133  135 
(Length: 4)  13  18  60  123 
(Length: 4)  13  36  86  97 
(Length: 4)  13  42  94  97 
(Length: 4)  13  36  45  135 
(Length: 4)  13  36  52  94 
(Length: 3)  13  32  99 
(Length: 3)  13  36  99 
(Length: 3)  13  42  122 
(Length: 4)  14  38  77  88 
(Length: 4)  14  34  98  123 
(Length: 5)  14  38  88  97  112 
(Length: 3)  14  104  140 
(Length: 4)  14  97  106  140 
(Length: 4)  14  38  58  77 
(Length: 4)  14  44  77  100 
(Length: 3)  14  16  98 
(Length: 4)  14  70  77  98 
(Length: 4)  14  34  71  98 
(Length: 4)  14  70  106  140 
(Length: 5)  14  86  88  97  112 
(Length: 3)  14  44  140 
(Length: 4)  14  19  34  71 
(Length: 4)  14  44  77  98 
(Length: 4)  14  44  64  100 
(Length: 4)  14  19  112  116 
(Length: 5)  14  38  41  88  112 
(Length: 3)  14  24  38 
(Length: 4)  14  38  58  104 
(Length: 3)  14  24  70 
(Length: 4)  14  38  77  100 
(Length: 3)  14  64  123 
(Length: 3)  14  24  44 
(Length: 4)  14  41  64  71 
(Length: 3)  14  136  140 
(Length: 4)  14  34  36  98 
(Length: 4)  14  19  38  112 
(Length: 4)  14  112  116  136 
(Length: 3)  14  64  106 
(Length: 4)  14  41  71  140 
(Length: 4)  14  64  71  100 
(Length: 4)  14  86  104  148 
(Length: 3)  14  16  139 
(Length: 3)  14  58  74 
(Length: 4)  14  34  71  140 
(Length: 3)  14  49  116 
(Length: 3)  14  74  88 
(Length: 3)  14  58  139 
(Length: 4)  14  86  97  148 
(Length: 4)  14  36  86  97 
(Length: 3)  14  49  104 
(Length: 3)  14  64  86 
(Length: 4)  14  97  112  116 
(Length: 4)  14  38  58  112 
(Length: 4)  15  56  63  107 
(Length: 4)  15  22  105  147 
(Length: 5)  15  62  92  100  134 
(Length: 3)  15  17  83 
(Length: 3)  15  77  129 
(Length: 3)  15  58  82 
(Length: 3)  15  32  77 
(Length: 4)  15  63  78  100 
(Length: 4)  15  63  92  141 
(Length: 4)  15  18  105  129 
(Length: 3)  15  17  77 
(Length: 4)  15  23  56  63 
(Length: 3)  15  22  62 
(Length: 3)  15  83  129 
(Length: 4)  15  22  105  129 
(Length: 4)  15  63  105  107 
(Length: 4)  15  32  62  82 
(Length: 4)  15  62  67  134 
(Length: 4)  15  67  107  134 
(Length: 5)  15  63  92  107  134 
(Length: 4)  15  62  92  141 
(Length: 3)  15  83  141 
(Length: 4)  15  62  67  82 
(Length: 3)  15  67  77 
(Length: 4)  15  63  78  141 
(Length: 3)  15  83  107 
(Length: 4)  15  77  78  100 
(Length: 4)  15  63  78  148 
(Length: 4)  15  105  107  147 
(Length: 4)  15  63  105  148 
(Length: 4)  15  58  63  141 
(Length: 3)  15  58  77 
(Length: 4)  15  62  82  100 
(Length: 3)  15  17  105 
(Length: 5)  15  63  92  100  134 
(Length: 4)  15  62  67  141 
(Length: 3)  15  58  147 
(Length: 4)  15  18  105  107 
(Length: 4)  15  18  107  134 
(Length: 3)  15  17  56 
(Length: 4)  15  23  63  134 
(Length: 4)  15  56  63  78 
(Length: 3)  15  22  23 
(Length: 3)  16  51  146 
(Length: 3)  16  56  139 
(Length: 3)  16  57  102 
(Length: 3)  16  76  146 
(Length: 4)  16  76  93  121 
(Length: 3)  16  98  102 
(Length: 3)  16  56  121 
(Length: 3)  16  76  92 
(Length: 4)  16  93  98  121 
(Length: 3)  16  51  92 
(Length: 3)  17  42  120 
(Length: 3)  17  76  135 
(Length: 3)  17  76  118 
(Length: 4)  17  20  31  105 
(Length: 4)  17  53  76  77 
(Length: 3)  17  42  53 
(Length: 3)  17  29  42 
(Length: 3)  17  28  118 
(Length: 4)  17  47  59  130 
(Length: 3)  17  26  128 
(Length: 4)  17  26  47  120 
(Length: 5)  17  26  47  87  96 
(Length: 4)  17  26  47  76 
(Length: 4)  17  47  56  59 
(Length: 3)  17  95  135 
(Length: 3)  17  77  96 
(Length: 3)  17  70  77 
(Length: 3)  17  47  95 
(Length: 3)  17  28  77 
(Length: 4)  17  42  128  135 
(Length: 3)  17  70  83 
(Length: 4)  17  29  47  59 
(Length: 3)  17  77  95 
(Length: 4)  17  26  47  59 
(Length: 4)  17  28  105  130 
(Length: 3)  17  29  105 
(Length: 3)  17  41  105 
(Length: 4)  17  53  76  105 
(Length: 4)  17  20  31  96 
(Length: 3)  17  20  118 
(Length: 4)  17  47  96  130 
(Length: 4)  18  40  60  110 
(Length: 4)  18  53  105  108 
(Length: 4)  18  28  98  134 
(Length: 4)  18  98  105  129 
(Length: 4)  18  28  105  119 
(Length: 4)  18  28  105  107 
(Length: 4)  18  40  95  110 
(Length: 4)  18  28  38  107 
(Length: 4)  18  40  41  59 
(Length: 4)  18  98  122  134 
(Length: 4)  18  40  98  122 
(Length: 3)  18  59  73 
(Length: 4)  18  105  108  119 
(Length: 4)  18  41  64  105 
(Length: 4)  18  40  98  129 
(Length: 3)  18  129  149 
(Length: 4)  18  64  105  107 
(Length: 3)  18  98  123 
(Length: 3)  18  64  123 
(Length: 4)  18  73  98  122 
(Length: 3)  18  28  149 
(Length: 3)  18  59  119 
(Length: 4)  18  40  41  64 
(Length: 3)  18  95  123 
(Length: 4)  18  40  41  95 
(Length: 4)  18  28  107  134 
(Length: 4)  18  28  98  105 
(Length: 4)  18  53  98  105 
(Length: 3)  18  110  131 
(Length: 3)  18  105  110 
(Length: 4)  19  34  96  138 
(Length: 3)  19  122  124 
(Length: 4)  19  34  138  141 
(Length: 4)  19  112  124  149 
(Length: 4)  19  96  127  149 
(Length: 3)  19  99  119 
(Length: 4)  19  27  127  149 
(Length: 3)  19  38  144 
(Length: 4)  19  38  112  124 
(Length: 4)  19  27  99  149 
(Length: 3)  19  34  144 
(Length: 3)  19  71  149 
(Length: 3)  19  119  122 
(Length: 4)  19  34  71  141 
(Length: 3)  19  71  119 
(Length: 3)  19  135  144 
(Length: 4)  19  127  135  149 
(Length: 4)  20  74  102  107 
(Length: 3)  20  75  93 
(Length: 3)  20  62  108 
(Length: 3)  20  75  96 
(Length: 3)  20  32  91 
(Length: 3)  20  32  113 
(Length: 4)  20  105  110  142 
(Length: 4)  20  105  110  136 
(Length: 4)  20  105  108  119 
(Length: 3)  20  34  91 
(Length: 3)  20  34  96 
(Length: 3)  20  71  107 
(Length: 3)  20  34  110 
(Length: 3)  20  71  119 
(Length: 3)  20  34  129 
(Length: 3)  20  50  91 
(Length: 3)  20  50  108 
(Length: 3)  20  38  118 
(Length: 3)  20  40  102 
(Length: 3)  20  40  110 
(Length: 3)  20  34  71 
(Length: 4)  20  40  118  129 
(Length: 4)  20  105  109  129 
(Length: 3)  20  108  118 
(Length: 4)  20  38  102  107 
(Length: 3)  20  107  113 
(Length: 3)  20  75  107 
(Length: 4)  20  93  110  142 
(Length: 4)  20  40  96  113 
(Length: 4)  20  105  108  109 
(Length: 4)  20  105  109  136 
(Length: 4)  20  40  71  118 
(Length: 4)  20  31  105  129 
(Length: 4)  20  31  105  136 
(Length: 5)  20  74  105  107  142 
(Length: 3)  20  91  102 
(Length: 3)  20  91  93 
(Length: 3)  20  69  96 
(Length: 3)  21  37  51 
(Length: 3)  21  28  33 
(Length: 3)  21  25  52 
(Length: 3)  21  83  145 
(Length: 3)  21  26  44 
(Length: 3)  21  44  145 
(Length: 3)  21  51  104 
(Length: 3)  21  51  146 
(Length: 3)  21  28  146 
(Length: 3)  21  104  131 
(Length: 3)  21  33  52 
(Length: 3)  21  94  146 
(Length: 3)  21  52  94 
(Length: 3)  21  25  146 
(Length: 4)  21  37  83  94 
(Length: 3)  21  83  131 
(Length: 3)  21  52  73 
(Length: 4)  22  23  27  39 
(Length: 4)  22  36  50  76 
(Length: 4)  22  53  76  105 
(Length: 4)  22  64  105  109 
(Length: 3)  22  53  62 
(Length: 3)  22  64  79 
(Length: 4)  22  105  109  129 
(Length: 3)  22  23  76 
(Length: 3)  22  27  61 
(Length: 3)  22  49  50 
(Length: 3)  22  64  121 
(Length: 4)  22  49  103  109 
(Length: 3)  22  39  50 
(Length: 3)  22  62  79 
(Length: 3)  22  39  93 
(Length: 3)  22  27  49 
(Length: 3)  22  27  99 
(Length: 3)  22  27  129 
(Length: 3)  22  93  147 
(Length: 4)  22  61  76  105 
(Length: 3)  22  76  79 
(Length: 4)  22  76  93  121 
(Length: 3)  22  36  99 
(Length: 3)  22  36  147 
(Length: 3)  23  118  143 
(Length: 4)  23  59  84  130 
(Length: 3)  23  65  91 
(Length: 4)  23  63  134  143 
(Length: 3)  23  56  59 
(Length: 3)  23  102  143 
(Length: 5)  23  29  59  91  102 
(Length: 4)  23  39  130  143 
(Length: 4)  23  84  134  140 
(Length: 3)  23  37  130 
(Length: 3)  23  27  149 
(Length: 4)  23  63  112  149 
(Length: 4)  23  65  96  130 
(Length: 4)  23  63  96  134 
(Length: 4)  23  63  96  149 
(Length: 4)  23  76  134  140 
(Length: 3)  23  76  118 
(Length: 4)  23  39  134  143 
(Length: 3)  23  76  91 
(Length: 4)  23  37  98  134 
(Length: 4)  23  70  91  98 
(Length: 3)  23  70  140 
(Length: 4)  23  27  39  70 
(Length: 4)  23  91  98  102 
(Length: 3)  24  55  124 
(Length: 3)  24  70  83 
(Length: 3)  24  61  70 
(Length: 3)  24  38  79 
(Length: 3)  24  44  48 
(Length: 3)  24  38  124 
(Length: 3)  24  55  121 
(Length: 3)  24  48  61 
(Length: 3)  24  83  124 
(Length: 3)  25  57  110 
(Length: 3)  25  64  146 
(Length: 3)  25  29  64 
(Length: 3)  25  60  110 
(Length: 3)  25  27  146 
(Length: 4)  25  52  82  122 
(Length: 3)  25  60  82 
(Length: 3)  26  44  76 
(Length: 3)  26  68  76 
(Length: 3)  26  36  99 
(Length: 3)  26  30  100 
(Length: 4)  26  36  81  96 
(Length: 3)  26  43  82 
(Length: 4)  26  36  76  144 
(Length: 3)  26  30  108 
(Length: 3)  26  76  108 
(Length: 3)  26  33  59 
(Length: 3)  26  58  82 
(Length: 3)  26  68  85 
(Length: 3)  26  30  120 
(Length: 3)  26  43  68 
(Length: 3)  26  43  99 
(Length: 3)  26  47  55 
(Length: 3)  26  36  137 
(Length: 3)  26  30  122 
(Length: 4)  26  82  100  128 
(Length: 3)  26  47  147 
(Length: 3)  26  68  100 
(Length: 3)  26  39  85 
(Length: 3)  26  30  59 
(Length: 4)  26  81  82  108 
(Length: 3)  26  87  122 
(Length: 4)  26  81  108  139 
(Length: 4)  26  39  108  139 
(Length: 3)  26  58  99 
(Length: 3)  26  58  139 
(Length: 3)  26  58  147 
(Length: 3)  26  39  87 
(Length: 3)  26  87  137 
(Length: 3)  26  44  100 
(Length: 3)  26  100  137 
(Length: 3)  26  59  99 
(Length: 3)  26  85  96 
(Length: 4)  26  44  87  96 
(Length: 3)  26  120  139 
(Length: 4)  26  81  82  122 
(Length: 4)  26  36  144  147 
(Length: 4)  27  115  129  149 
(Length: 3)  27  99  101 
(Length: 3)  27  86  149 
(Length: 3)  27  70  86 
(Length: 3)  27  35  133 
(Length: 3)  27  69  127 
(Length: 3)  27  61  70 
(Length: 3)  27  70  114 
(Length: 3)  27  42  129 
(Length: 3)  27  88  115 
(Length: 3)  27  35  146 
(Length: 4)  27  86  88  111 
(Length: 3)  27  42  136 
(Length: 3)  27  92  114 
(Length: 3)  27  39  146 
(Length: 3)  27  42  114 
(Length: 3)  27  43  80 
(Length: 3)  27  42  69 
(Length: 3)  27  86  125 
(Length: 3)  27  42  101 
(Length: 4)  27  49  88  133 
(Length: 4)  27  61  92  125 
(Length: 4)  27  49  80  90 
(Length: 4)  27  114  146  149 
(Length: 4)  27  90  127  149 
(Length: 3)  27  70  127 
(Length: 3)  27  42  49 
(Length: 3)  27  43  70 
(Length: 3)  27  42  125 
(Length: 3)  27  43  99 
(Length: 3)  27  61  90 
(Length: 3)  27  39  136 
(Length: 4)  27  115  146  149 
(Length: 4)  28  105  115  146 
(Length: 4)  28  58  72  77 
(Length: 4)  28  33  80  90 
(Length: 4)  28  34  54  67 
(Length: 3)  28  90  149 
(Length: 4)  28  33  90  119 
(Length: 4)  28  38  58  77 
(Length: 3)  28  92  141 
(Length: 4)  28  67  77  124 
(Length: 4)  28  105  119  130 
(Length: 5)  28  34  67  98  141 
(Length: 4)  28  54  58  99 
(Length: 4)  28  58  77  99 
(Length: 4)  28  115  146  149 
(Length: 4)  28  67  77  98 
(Length: 4)  28  67  98  134 
(Length: 4)  28  67  77  111 
(Length: 3)  28  72  90 
(Length: 4)  28  38  77  124 
(Length: 3)  28  38  130 
(Length: 3)  28  90  98 
(Length: 4)  28  90  119  130 
(Length: 4)  28  33  80  124 
(Length: 3)  28  38  118 
(Length: 4)  28  33  34  80 
(Length: 4)  28  105  130  146 
(Length: 3)  28  99  149 
(Length: 4)  28  115  124  149 
(Length: 3)  28  58  141 
(Length: 4)  28  77  115  124 
(Length: 4)  28  58  99  119 
(Length: 4)  28  30  105  130 
(Length: 4)  28  54  67  124 
(Length: 4)  29  47  59  136 
(Length: 3)  29  59  138 
(Length: 3)  29  42  138 
(Length: 3)  29  97  124 
(Length: 3)  29  59  119 
(Length: 3)  29  75  124 
(Length: 3)  29  64  105 
(Length: 3)  29  35  47 
(Length: 3)  29  42  97 
(Length: 4)  29  59  66  136 
(Length: 3)  29  42  136 
(Length: 3)  29  119  132 
(Length: 3)  29  124  136 
(Length: 4)  29  59  66  91 
(Length: 3)  29  91  144 
(Length: 3)  29  105  119 
(Length: 3)  29  105  136 
(Length: 3)  29  64  91 
(Length: 3)  30  59  130 
(Length: 3)  30  53  100 
(Length: 3)  30  95  123 
(Length: 3)  30  37  130 
(Length: 3)  30  74  120 
(Length: 3)  30  95  121 
(Length: 3)  30  74  121 
(Length: 3)  30  59  138 
(Length: 3)  30  122  145 
(Length: 3)  30  102  123 
(Length: 3)  30  89  102 
(Length: 3)  30  74  102 
(Length: 4)  30  50  91  104 
(Length: 4)  30  59  91  102 
(Length: 4)  30  53  105  108 
(Length: 3)  30  74  105 
(Length: 4)  30  92  134  140 
(Length: 4)  30  92  100  134 
(Length: 3)  30  91  121 
(Length: 3)  30  105  145 
(Length: 4)  30  89  134  140 
(Length: 4)  30  54  89  145 
(Length: 4)  30  104  108  138 
(Length: 3)  30  121  140 
(Length: 3)  30  120  145 
(Length: 3)  30  74  122 
(Length: 4)  30  89  104  140 
(Length: 4)  30  50  104  108 
(Length: 4)  30  50  59  91 
(Length: 3)  30  54  74 
(Length: 3)  30  100  130 
(Length: 3)  30  91  145 
(Length: 4)  30  54  89  134 
(Length: 3)  30  122  130 
(Length: 3)  30  121  130 
(Length: 3)  31  60  134 
(Length: 3)  31  96  111 
(Length: 4)  31  105  112  129 
(Length: 3)  31  100  134 
(Length: 4)  31  105  112  136 
(Length: 3)  31  60  82 
(Length: 3)  31  105  111 
(Length: 3)  31  96  134 
(Length: 3)  31  103  126 
(Length: 3)  31  43  126 
(Length: 4)  31  82  100  111 
(Length: 4)  32  46  86  97 
(Length: 3)  32  54  99 
(Length: 4)  32  45  77  111 
(Length: 4)  32  45  82  111 
(Length: 3)  32  99  101 
(Length: 3)  32  101  110 
(Length: 5)  32  62  82  86  111 
(Length: 3)  32  46  49 
(Length: 3)  32  65  113 
(Length: 3)  32  82  113 
(Length: 3)  32  65  91 
(Length: 4)  32  77  91  99 
(Length: 4)  32  46  91  99 
(Length: 3)  32  46  110 
(Length: 3)  32  110  131 
(Length: 3)  32  45  101 
(Length: 3)  32  33  113 
(Length: 4)  32  91  131  135 
(Length: 3)  32  65  101 
(Length: 4)  33  59  90  119 
(Length: 3)  33  34  140 
(Length: 3)  33  110  124 
(Length: 3)  33  34  110 
(Length: 3)  33  90  110 
(Length: 3)  33  52  113 
(Length: 4)  33  40  41  59 
(Length: 3)  33  41  143 
(Length: 3)  33  41  140 
(Length: 4)  33  40  95  110 
(Length: 3)  33  52  103 
(Length: 3)  33  40  113 
(Length: 3)  33  90  103 
(Length: 3)  33  40  103 
(Length: 4)  33  40  41  95 
(Length: 5)  34  36  91  98  144 
(Length: 4)  34  71  98  141 
(Length: 3)  34  56  139 
(Length: 3)  34  110  141 
(Length: 3)  34  85  98 
(Length: 3)  34  36  96 
(Length: 3)  34  140  144 
(Length: 4)  34  42  138  141 
(Length: 4)  34  36  67  98 
(Length: 3)  34  80  91 
(Length: 3)  34  85  140 
(Length: 3)  34  56  110 
(Length: 4)  34  51  85  96 
(Length: 3)  34  80  82 
(Length: 4)  34  42  98  141 
(Length: 4)  34  42  98  129 
(Length: 3)  34  67  82 
(Length: 3)  34  42  140 
(Length: 3)  34  88  110 
(Length: 4)  35  81  94  146 
(Length: 3)  35  65  113 
(Length: 4)  35  72  81  94 
(Length: 3)  35  47  146 
(Length: 4)  35  72  77  81 
(Length: 3)  35  65  146 
(Length: 5)  36  72  81  94  96 
(Length: 4)  36  95  144  147 
(Length: 3)  36  52  76 
(Length: 4)  36  46  91  98 
(Length: 4)  36  67  81  86 
(Length: 4)  36  72  91  144 
(Length: 3)  36  94  137 
(Length: 4)  36  95  135  144 
(Length: 4)  36  98  144  147 
(Length: 4)  36  52  72  94 
(Length: 4)  36  94  95  146 
(Length: 3)  36  52  98 
(Length: 3)  36  97  124 
(Length: 4)  36  46  86  97 
(Length: 3)  36  67  124 
(Length: 3)  36  50  86 
(Length: 4)  36  50  76  91 
(Length: 4)  36  48  50  91 
(Length: 4)  36  46  91  99 
(Length: 4)  36  46  98  147 
(Length: 3)  36  76  146 
(Length: 4)  36  81  94  146 
(Length: 4)  36  45  95  135 
(Length: 4)  36  45  95  146 
(Length: 3)  36  67  135 
(Length: 5)  36  76  91  135  144 
(Length: 3)  37  83  139 
(Length: 3)  37  58  139 
(Length: 4)  37  90  98  144 
(Length: 3)  37  90  130 
(Length: 3)  37  69  94 
(Length: 3)  37  83  113 
(Length: 3)  37  113  134 
(Length: 4)  37  98  134  144 
(Length: 3)  37  51  90 
(Length: 3)  37  51  92 
(Length: 3)  38  100  130 
(Length: 3)  38  58  65 
(Length: 3)  38  65  130 
(Length: 4)  38  46  88  97 
(Length: 4)  38  52  65  114 
(Length: 3)  38  45  118 
(Length: 3)  38  46  58 
(Length: 3)  38  50  104 
(Length: 3)  38  76  118 
(Length: 4)  38  50  76  114 
(Length: 4)  38  76  79  144 
(Length: 4)  38  50  65  114 
(Length: 3)  38  76  77 
(Length: 4)  38  52  76  114 
(Length: 4)  38  45  77  100 
(Length: 3)  38  46  118 
(Length: 4)  38  41  46  88 
(Length: 4)  38  45  52  114 
(Length: 3)  38  104  144 
(Length: 4)  38  97  112  124 
(Length: 4)  38  45  77  88 
(Length: 3)  39  108  117 
(Length: 3)  39  50  73 
(Length: 3)  39  73  117 
(Length: 3)  39  108  143 
(Length: 3)  39  50  108 
(Length: 3)  39  130  146 
(Length: 4)  39  62  108  139 
(Length: 3)  39  85  93 
(Length: 4)  39  85  134  143 
(Length: 3)  39  117  134 
(Length: 3)  39  62  134 
(Length: 3)  39  119  130 
(Length: 3)  39  87  119 
(Length: 4)  39  108  119  139 
(Length: 3)  39  108  146 
(Length: 4)  39  87  134  143 
(Length: 3)  40  72  129 
(Length: 4)  40  72  85  96 
(Length: 3)  40  85  98 
(Length: 3)  40  98  102 
(Length: 3)  40  98  147 
(Length: 3)  40  72  110 
(Length: 4)  40  54  103  145 
(Length: 3)  40  70  98 
(Length: 3)  40  54  95 
(Length: 4)  40  70  78  127 
(Length: 4)  40  57  113  128 
(Length: 3)  40  95  147 
(Length: 4)  40  41  85  95 
(Length: 3)  40  59  127 
(Length: 3)  40  59  102 
(Length: 3)  40  59  72 
(Length: 5)  40  41  71  78  95 
(Length: 3)  40  82  122 
(Length: 4)  40  85  96  127 
(Length: 3)  40  57  102 
(Length: 4)  40  82  113  128 
(Length: 3)  40  44  98 
(Length: 3)  40  122  145 
(Length: 5)  40  41  64  71  78 
(Length: 3)  40  60  82 
(Length: 3)  40  71  98 
(Length: 3)  40  71  115 
(Length: 5)  40  44  64  113  145 
(Length: 4)  40  57  104  128 
(Length: 3)  40  127  147 
(Length: 4)  40  44  96  113 
(Length: 4)  40  60  78  127 
(Length: 3)  40  57  147 
(Length: 4)  40  64  78  145 
(Length: 4)  40  57  104  110 
(Length: 3)  40  72  145 
(Length: 3)  40  115  129 
(Length: 3)  40  60  118 
(Length: 4)  40  54  70  137 
(Length: 4)  40  82  104  128 
(Length: 3)  40  60  102 
(Length: 4)  41  64  105  109 
(Length: 3)  41  105  143 
(Length: 3)  41  109  140 
(Length: 4)  41  71  89  140 
(Length: 3)  41  88  143 
(Length: 3)  41  46  71 
(Length: 3)  41  85  143 
(Length: 5)  41  101  105  109  112 
(Length: 3)  41  85  140 
(Length: 3)  41  46  109 
(Length: 3)  42  68  114 
(Length: 3)  42  97  140 
(Length: 4)  42  68  97  129 
(Length: 3)  42  104  128 
(Length: 3)  42  93  135 
(Length: 3)  42  114  140 
(Length: 3)  42  53  98 
(Length: 3)  42  120  126 
(Length: 3)  42  121  126 
(Length: 3)  42  69  94 
(Length: 3)  42  136  147 
(Length: 4)  42  69  104  138 
(Length: 3)  42  69  122 
(Length: 3)  42  69  135 
(Length: 4)  42  93  98  147 
(Length: 3)  42  49  141 
(Length: 3)  42  98  122 
(Length: 4)  42  93  98  121 
(Length: 4)  42  121  136  140 
(Length: 3)  42  49  104 
(Length: 3)  42  53  126 
(Length: 3)  42  60  125 
(Length: 3)  42  104  140 
(Length: 4)  42  68  98  129 
(Length: 3)  43  99  126 
(Length: 4)  43  57  80  102 
(Length: 3)  43  54  99 
(Length: 3)  43  80  124 
(Length: 3)  43  48  54 
(Length: 3)  43  80  82 
(Length: 3)  43  68  70 
(Length: 3)  43  124  126 
(Length: 4)  43  48  73  102 
(Length: 3)  43  54  124 
(Length: 3)  43  54  70 
(Length: 3)  43  57  68 
(Length: 3)  44  50  76 
(Length: 3)  44  77  96 
(Length: 3)  44  48  50 
(Length: 4)  44  64  141  145 
(Length: 3)  44  50  113 
(Length: 4)  44  64  107  113 
(Length: 3)  44  76  77 
(Length: 4)  44  48  87  96 
(Length: 3)  44  87  140 
(Length: 3)  44  76  140 
(Length: 3)  44  98  141 
(Length: 4)  44  48  64  141 
(Length: 4)  45  95  117  135 
(Length: 4)  45  101  109  117 
(Length: 3)  45  114  146 
(Length: 3)  45  71  100 
(Length: 3)  45  71  118 
(Length: 4)  45  101  105  109 
(Length: 3)  45  95  123 
(Length: 4)  45  82  100  111 
(Length: 3)  45  52  82 
(Length: 3)  45  74  88 
(Length: 3)  45  88  135 
(Length: 3)  45  100  135 
(Length: 3)  45  105  111 
(Length: 4)  45  52  74  114 
(Length: 4)  45  77  95  111 
(Length: 3)  45  88  123 
(Length: 4)  45  52  105  109 
(Length: 4)  45  77  88  111 
(Length: 3)  45  105  146 
(Length: 3)  45  56  114 
(Length: 3)  45  71  95 
(Length: 4)  45  77  100  111 
(Length: 4)  45  52  74  105 
(Length: 3)  46  74  103 
(Length: 3)  46  58  147 
(Length: 4)  46  86  97  148 
(Length: 5)  46  49  66  103  109 
(Length: 4)  46  93  110  148 
(Length: 3)  46  91  145 
(Length: 4)  46  91  93  98 
(Length: 4)  46  58  74  99 
(Length: 3)  46  97  116 
(Length: 3)  46  145  148 
(Length: 3)  46  88  147 
(Length: 3)  46  71  118 
(Length: 3)  46  88  110 
(Length: 3)  46  98  129 
(Length: 4)  46  55  86  97 
(Length: 3)  46  49  116 
(Length: 3)  46  49  55 
(Length: 4)  46  58  91  99 
(Length: 4)  46  66  86  88 
(Length: 4)  46  97  109  129 
(Length: 4)  46  93  98  147 
(Length: 4)  46  86  88  97 
(Length: 3)  46  71  98 
(Length: 3)  46  118  129 
(Length: 4)  46  97  103  109 
(Length: 3)  46  66  91 
(Length: 3)  46  74  88 
(Length: 4)  46  49  66  88 
(Length: 3)  47  89  145 
(Length: 3)  47  87  89 
(Length: 4)  47  107  142  147 
(Length: 3)  47  120  145 
(Length: 4)  47  76  115  146 
(Length: 4)  47  95  110  142 
(Length: 4)  47  56  110  136 
(Length: 4)  47  55  107  142 
(Length: 3)  47  130  146 
(Length: 3)  47  55  89 
(Length: 4)  47  55  95  142 
(Length: 4)  47  95  142  147 
(Length: 3)  47  95  146 
(Length: 3)  47  136  147 
(Length: 3)  47  56  107 
(Length: 4)  47  56  59  136 
(Length: 3)  47  49  59 
(Length: 3)  47  49  55 
(Length: 3)  48  64  123 
(Length: 3)  48  65  101 
(Length: 3)  48  65  96 
(Length: 3)  48  102  123 
(Length: 4)  48  50  65  91 
(Length: 3)  48  64  91 
(Length: 3)  48  74  133 
(Length: 3)  48  74  102 
(Length: 5)  48  54  74  87  137 
(Length: 3)  48  91  102 
(Length: 3)  48  74  141 
(Length: 3)  48  73  101 
(Length: 3)  49  67  141 
(Length: 3)  49  67  104 
(Length: 3)  49  59  102 
(Length: 3)  49  50  80 
(Length: 3)  49  80  102 
(Length: 3)  49  90  103 
(Length: 3)  49  55  104 
(Length: 3)  49  50  104 
(Length: 3)  49  59  66 
(Length: 3)  49  66  141 
(Length: 3)  49  59  90 
(Length: 3)  49  67  102 
(Length: 3)  49  102  123 
(Length: 3)  49  50  59 
(Length: 4)  50  76  108  114 
(Length: 3)  50  86  149 
(Length: 3)  50  59  73 
(Length: 3)  50  86  104 
(Length: 4)  50  51  104  128 
(Length: 3)  50  65  113 
(Length: 3)  50  80  128 
(Length: 3)  50  80  91 
(Length: 3)  50  114  149 
(Length: 3)  51  85  143 
(Length: 3)  51  128  146 
(Length: 3)  51  61  92 
(Length: 3)  51  60  90 
(Length: 3)  51  104  143 
(Length: 4)  51  60  77  78 
(Length: 3)  51  77  96 
(Length: 3)  51  61  90 
(Length: 4)  51  85  90  96 
(Length: 4)  52  76  105  148 
(Length: 3)  52  113  121 
(Length: 3)  52  74  122 
(Length: 3)  52  85  98 
(Length: 3)  52  98  121 
(Length: 3)  52  114  149 
(Length: 3)  52  65  113 
(Length: 3)  52  55  114 
(Length: 3)  52  92  103 
(Length: 4)  52  73  98  122 
(Length: 4)  52  74  103  121 
(Length: 4)  52  73  76  92 
(Length: 4)  52  76  121  148 
(Length: 3)  52  55  121 
(Length: 3)  52  72  85 
(Length: 3)  52  69  122 
(Length: 3)  52  109  149 
(Length: 4)  52  76  92  114 
(Length: 3)  52  69  76 
(Length: 4)  52  69  72  94 
(Length: 3)  52  55  73 
(Length: 3)  52  98  105 
(Length: 3)  52  74  94 
(Length: 3)  52  103  109 
(Length: 3)  53  76  144 
(Length: 3)  53  62  100 
(Length: 4)  53  76  105  108 
(Length: 3)  53  77  98 
(Length: 4)  53  81  105  108 
(Length: 3)  53  62  108 
(Length: 4)  53  62  88  126 
(Length: 3)  53  98  144 
(Length: 4)  53  77  81  88 
(Length: 3)  53  77  100 
(Length: 3)  53  62  98 
(Length: 4)  54  63  134  143 
(Length: 3)  54  63  145 
(Length: 4)  54  67  106  124 
(Length: 4)  54  67  89  134 
(Length: 4)  54  58  74  99 
(Length: 3)  54  95  117 
(Length: 4)  54  67  89  145 
(Length: 4)  54  58  63  74 
(Length: 3)  54  70  106 
(Length: 3)  54  74  88 
(Length: 4)  54  87  89  134 
(Length: 3)  54  99  117 
(Length: 3)  54  103  125 
(Length: 4)  54  67  117  134 
(Length: 3)  54  69  87 
(Length: 4)  54  109  117  134 
(Length: 3)  54  74  103 
(Length: 3)  54  58  139 
(Length: 3)  54  63  125 
(Length: 4)  55  71  89  140 
(Length: 3)  55  73  142 
(Length: 4)  55  97  106  124 
(Length: 4)  55  86  104  132 
(Length: 4)  55  97  106  140 
(Length: 3)  55  95  121 
(Length: 4)  55  73  97  106 
(Length: 3)  55  104  138 
(Length: 4)  55  89  104  140 
(Length: 3)  55  121  140 
(Length: 4)  55  62  86  132 
(Length: 3)  55  71  95 
(Length: 3)  55  114  132 
(Length: 3)  55  114  140 
(Length: 3)  55  114  142 
(Length: 3)  56  121  126 
(Length: 3)  56  99  126 
(Length: 3)  56  119  139 
(Length: 4)  56  110  121  136 
(Length: 3)  56  114  139 
(Length: 4)  56  59  99  119 
(Length: 3)  56  78  126 
(Length: 3)  57  80  128 
(Length: 3)  57  68  74 
(Length: 4)  57  104  110  148 
(Length: 3)  57  74  102 
(Length: 3)  57  101  110 
(Length: 3)  57  116  130 
(Length: 3)  57  104  140 
(Length: 4)  58  63  74  141 
(Length: 3)  58  65  91 
(Length: 3)  58  91  104 
(Length: 3)  58  63  112 
(Length: 3)  58  63  104 
(Length: 3)  58  138  141 
(Length: 3)  58  104  138 
(Length: 3)  58  119  139 
(Length: 3)  58  99  101 
(Length: 4)  58  72  77  91 
(Length: 3)  58  82  104 
(Length: 3)  58  65  101 
(Length: 3)  58  101  112 
(Length: 4)  58  77  91  99 
(Length: 3)  59  73  127 
(Length: 3)  59  72  91 
(Length: 4)  59  84  90  130 
(Length: 4)  59  73  102  106 
(Length: 3)  59  69  138 
(Length: 3)  59  72  90 
(Length: 3)  59  69  127 
(Length: 4)  59  90  119  130 
(Length: 3)  59  91  99 
(Length: 3)  59  84  136 
(Length: 3)  59  90  127 
(Length: 3)  60  77  125 
(Length: 4)  60  77  78  127 
(Length: 3)  60  123  127 
(Length: 3)  60  66  134 
(Length: 3)  60  66  125 
(Length: 3)  60  81  110 
(Length: 3)  60  102  123 
(Length: 3)  60  118  143 
(Length: 4)  60  73  78  127 
(Length: 3)  60  73  118 
(Length: 4)  60  134  143  144 
(Length: 3)  60  90  144 
(Length: 3)  60  90  132 
(Length: 4)  60  81  82  143 
(Length: 3)  60  90  127 
(Length: 3)  60  90  110 
(Length: 3)  61  90  142 
(Length: 3)  61  126  142 
(Length: 3)  61  105  142 
(Length: 4)  61  76  92  125 
(Length: 5)  61  76  90  135  144 
(Length: 3)  61  67  135 
(Length: 3)  61  92  126 
(Length: 3)  61  84  90 
(Length: 4)  62  98  122  134 
(Length: 3)  62  120  126 
(Length: 4)  62  79  82  108 
(Length: 3)  62  120  145 
(Length: 5)  62  67  82  86  111 
(Length: 4)  62  67  141  145 
(Length: 3)  62  122  145 
(Length: 3)  62  79  141 
(Length: 4)  62  82  108  111 
(Length: 4)  62  82  100  111 
(Length: 3)  62  132  139 
(Length: 3)  62  122  132 
(Length: 4)  62  86  88  111 
(Length: 3)  62  120  139 
(Length: 4)  62  67  98  134 
(Length: 4)  62  67  98  141 
(Length: 3)  62  92  126 
(Length: 4)  63  105  115  143 
(Length: 4)  63  78  141  145 
(Length: 3)  63  92  112 
(Length: 3)  63  105  112 
(Length: 4)  63  115  135  149 
(Length: 4)  63  105  145  148 
(Length: 3)  63  100  135 
(Length: 3)  63  92  125 
(Length: 4)  63  78  145  148 
(Length: 4)  63  74  105  107 
(Length: 3)  64  79  113 
(Length: 3)  64  113  121 
(Length: 3)  64  105  146 
(Length: 3)  64  106  109 
(Length: 3)  64  78  106 
(Length: 4)  64  71  78  141 
(Length: 3)  64  67  106 
(Length: 4)  64  71  78  100 
(Length: 3)  64  105  145 
(Length: 4)  64  78  91  145 
(Length: 4)  64  67  141  145 
(Length: 4)  64  78  141  145 
(Length: 3)  64  91  121 
(Length: 3)  64  67  86 
(Length: 3)  64  79  146 
(Length: 3)  64  79  141 
(Length: 3)  65  95  146 
(Length: 3)  65  114  146 
(Length: 3)  65  114  132 
(Length: 3)  65  96  113 
(Length: 3)  65  130  146 
(Length: 3)  66  94  95 
(Length: 3)  66  109  134 
(Length: 3)  66  122  132 
(Length: 3)  66  109  136 
(Length: 4)  66  79  95  141 
(Length: 3)  66  122  134 
(Length: 3)  66  81  122 
(Length: 3)  66  103  125 
(Length: 3)  66  86  125 
(Length: 4)  66  71  95  141 
(Length: 4)  67  73  98  102 
(Length: 4)  67  81  82  89 
(Length: 4)  67  82  86  104 
(Length: 3)  67  128  135 
(Length: 4)  67  81  82  86 
(Length: 4)  67  82  89  104 
(Length: 3)  67  89  102 
(Length: 4)  67  73  102  106 
(Length: 3)  67  102  107 
(Length: 4)  67  82  111  128 
(Length: 4)  67  73  117  135 
(Length: 3)  67  77  81 
(Length: 4)  68  97  109  129 
(Length: 3)  68  74  105 
(Length: 3)  68  74  133 
(Length: 3)  68  70  98 
(Length: 3)  68  100  133 
(Length: 4)  68  85  90  98 
(Length: 3)  68  76  105 
(Length: 3)  68  76  114 
(Length: 3)  68  109  127 
(Length: 3)  68  70  114 
(Length: 4)  68  98  105  129 
(Length: 3)  68  76  90 
(Length: 4)  68  105  109  129 
(Length: 4)  68  85  90  127 
(Length: 3)  68  70  127 
(Length: 3)  68  74  114 
(Length: 3)  69  96  127 
(Length: 3)  69  96  138 
(Length: 3)  69  127  135 
(Length: 4)  69  104  108  138 
(Length: 3)  69  87  96 
(Length: 4)  69  72  94  96 
(Length: 3)  69  76  108 
(Length: 3)  69  122  124 
(Length: 3)  69  87  122 
(Length: 3)  69  87  135 
(Length: 4)  70  77  78  91 
(Length: 3)  70  114  140 
(Length: 4)  70  83  91  131 
(Length: 4)  70  77  91  98 
(Length: 4)  70  77  78  127 
(Length: 4)  70  78  127  148 
(Length: 3)  70  78  106 
(Length: 4)  70  78  91  131 
(Length: 3)  71  115  149 
(Length: 3)  71  95  149 
(Length: 4)  71  78  95  141 
(Length: 3)  71  100  119 
(Length: 3)  72  77  129 
(Length: 4)  72  85  90  96 
(Length: 3)  72  90  144 
(Length: 4)  72  83  91  145 
(Length: 3)  72  83  129 
(Length: 4)  72  81  83  94 
(Length: 4)  72  77  81  96 
(Length: 3)  72  90  110 
(Length: 4)  73  78  97  106 
(Length: 3)  73  127  135 
(Length: 3)  73  76  118 
(Length: 3)  73  101  117 
(Length: 3)  73  76  135 
(Length: 3)  73  92  97 
(Length: 3)  74  141  142 
(Length: 3)  74  88  121 
(Length: 3)  74  114  142 
(Length: 3)  74  94  137 
(Length: 3)  74  87  122 
(Length: 3)  74  88  133 
(Length: 3)  74  133  142 
(Length: 3)  75  87  96 
(Length: 3)  75  77  124 
(Length: 4)  75  77  96  127 
(Length: 3)  75  79  144 
(Length: 3)  75  79  127 
(Length: 3)  75  107  127 
(Length: 4)  76  79  108  146 
(Length: 3)  76  108  118 
(Length: 4)  76  108  114  146 
(Length: 3)  76  115  135 
(Length: 4)  76  105  115  146 
(Length: 4)  76  105  108  146 
(Length: 4)  76  91  93  135 
(Length: 3)  76  77  91 
(Length: 3)  76  121  140 
(Length: 4)  76  92  134  140 
(Length: 3)  76  77  125 
(Length: 4)  76  134  140  144 
(Length: 3)  76  77  115 
(Length: 4)  76  92  114  140 
(Length: 4)  76  93  121  148 
(Length: 4)  76  91  93  121 
(Length: 3)  77  96  111 
(Length: 3)  77  78  95 
(Length: 3)  77  88  115 
(Length: 3)  77  115  129 
(Length: 3)  77  98  129 
(Length: 3)  78  120  145 
(Length: 3)  78  120  126 
(Length: 3)  78  116  132 
(Length: 3)  79  95  144 
(Length: 3)  79  95  146 
(Length: 3)  80  124  128 
(Length: 3)  80  82  128 
(Length: 3)  80  91  102 
(Length: 4)  81  105  108  143 
(Length: 4)  81  105  108  146 
(Length: 4)  81  82  122  143 
(Length: 4)  81  83  108  139 
(Length: 4)  81  82  108  143 
(Length: 4)  82  104  108  143 
(Length: 4)  82  100  111  128 
(Length: 4)  82  108  111  143 
(Length: 3)  83  110  131 
(Length: 3)  83  103  145 
(Length: 3)  83  141  145 
(Length: 3)  83  103  108 
(Length: 3)  83  113  145 
(Length: 3)  83  107  113 
(Length: 3)  83  110  141 
(Length: 3)  84  90  132 
(Length: 4)  84  109  136  140 
(Length: 4)  84  121  136  140 
(Length: 4)  84  109  134  140 
(Length: 3)  84  121  130 
(Length: 3)  85  96  134 
(Length: 3)  85  93  98 
(Length: 3)  85  134  140 
(Length: 4)  85  90  96  127 
(Length: 3)  85  98  134 
(Length: 3)  86  112  149 
(Length: 4)  87  89  134  140 
(Length: 3)  87  96  134 
(Length: 4)  87  92  134  140 
(Length: 4)  87  109  134  140 
(Length: 3)  87  119  122 
(Length: 4)  87  122  134  143 
(Length: 3)  88  115  135 
(Length: 3)  88  115  126 
(Length: 3)  88  97  143 
(Length: 3)  88  110  121 
(Length: 3)  88  121  126 
(Length: 3)  88  133  135 
(Length: 3)  88  115  143 
(Length: 3)  89  90  127 
(Length: 4)  90  127  135  149 
(Length: 3)  90  110  142 
(Length: 3)  90  119  132 
(Length: 4)  90  96  127  149 
(Length: 3)  90  96  130 
(Length: 3)  90  103  130 
(Length: 4)  91  93  98  121 
(Length: 3)  91  104  144 
(Length: 3)  91  104  131 
(Length: 3)  92  103  125 
(Length: 3)  92  97  112 
(Length: 3)  92  103  126 
(Length: 3)  92  97  140 
(Length: 3)  92  97  103 
(Length: 4)  93  110  121  148 
(Length: 3)  93  142  147 
(Length: 3)  94  100  137 
(Length: 3)  95  111  142 
(Length: 3)  95  110  121 
(Length: 4)  95  110  141  142 
(Length: 3)  95  146  149 
(Length: 3)  95  135  149 
(Length: 3)  96  106  111 
(Length: 3)  96  113  134 
(Length: 3)  96  113  121 
(Length: 4)  97  106  109  140 
(Length: 4)  97  109  112  129 
(Length: 3)  98  105  147 
(Length: 3)  98  102  123 
(Length: 3)  99  126  149 
(Length: 3)  99  101  117 
(Length: 3)  100  119  130 
(Length: 3)  100  128  135 
(Length: 3)  100  133  135 
(Length: 3)  100  133  134 
(Length: 3)  101  105  110 
(Length: 3)  103  121  126 
(Length: 3)  103  108  146 
(Length: 3)  103  130  146 
(Length: 3)  103  108  109 
(Length: 3)  104  143  144 
(Length: 3)  104  110  131 
(Length: 3)  104  140  144 
(Length: 4)  104  108  138  143 
(Length: 4)  105  108  111  143 
(Length: 3)  105  110  148 
(Length: 4)  105  109  112  136 
(Length: 3)  105  136  147 
(Length: 3)  105  115  129 
(Length: 4)  105  107  142  147 
(Length: 4)  105  109  112  129 
(Length: 3)  105  111  142 
(Length: 3)  105  130  143 
(Length: 3)  106  140  144 
(Length: 3)  106  144  147 
(Length: 3)  107  113  134 
(Length: 3)  107  127  147 
(Length: 3)  107  134  142 
(Length: 3)  108  114  139 
(Length: 3)  108  109  117 
(Length: 3)  108  118  143 
(Length: 4)  109  112  129  149 
(Length: 3)  109  127  149 
(Length: 3)  110  124  136 
(Length: 3)  112  124  136 
(Length: 3)  113  117  134 
(Length: 3)  114  132  139 
(Length: 4)  115  124  126  149 
(Length: 3)  119  122  130 
(Length: 3)  119  122  132 
(Length: 3)  119  132  139 
(Length: 3)  122  130  143 
(Length: 3)  133  134  142 
...model cost: 1.76 seconds  47037 FFE
 (opt) 670.00000000 == 670.00000000 (sur)  OPTIMALITY TEST PASSED!
   BESTimpr 586.00000000 -> 655.00000000
11*11*1*1***111*1*1***1**1111*11*1*1***1*****1*1**111******1**1****1*1111**1**11111*1**1*****111*11**11**1*1*1*11****1*****11**1**1**111111111***1**11


*1*1**1*11***11*11111****1*11*1*1***1**1***1**11***1**11*1***111*1*1**11******11*11*111111**1**11**1*11*11****111***111*1*1111*1***111*1111*1111*1*1*1


11*1111*1****11**1111*11111******1*1111*1*111**11**1**1*11*11*1***1*11*1**1**11**1***1*1*1*11111*1111111***111**1*11111**1111*1***11***1**1*1***11**11

