Walsh model started...
 124  148  67  103  29  53  4  90  141  68  1  77  54  33  12  119  142  27  73  128  122  114  65  76  49  22 
 105  6  65  101  67  55  137  84  149  46  93  136  0  148  63  125  144  69  60  38  25  81  98  35  71  61  97  45  62  42  74  54  32  68  20  80 
 75  52  81  147  10  50  112  101  22  11  117  71  103  34  92  65  4  36  33  61  5  53  111  115  57  90 
 132  39  149  113  26  19  64  122  123  4  118  42  107  84  92  47  82  99  125  35  111  130  101  127  91  50  81  12  49  15  63  93 
 66  23  96  73  0  90  118  3  141  85  119  65  2  113  35  18  17  32  101  129  112  111  147  72  89  22  16 
 96  42  37  71  75  120  86  138  58  69  114  142  100  53  145  137  141  2  10  70 
 1  105  33  54  87  47  8  118  119  115  120  42  49  121  38  44  123  63  7 
 138  105  29  117  17  8  101  140  39  33  109  83  121  65  141  110  20  135  64  45  63  50  15  69  58  78  88  96  38  6  37  82  100  53 
 56  15  22  80  102  99  65  75  7  17  46  149  6  118  95  61  84  81  85  88  55  40  13  137  76 
 63  109  65  111  13  25  120  31  104  55  137  81  22  28  62  129  82  119  118  54  112  68  131  67  127  35  141  145 
 77  76  17  86  42  2  50  135  45  94  143  139  118  137  105  34  21  130  51  37  53  22  142  5  70  106  81  73  122 
 71  111  13  104  25  34  2  117  68  136  54  109  93  72  123  18  74  27  138  147  88  30  140  120  63  28  56 
 55  120  83  64  113  106  33  0  117  23  49  141  145  62  70  80  3  41  103  79  48 
 83  113  20  131  104  11  9  25  19  138  48  121  120  65  34  54  66  103  80  40  8  97  23  73 
 82  129  57  34  132  83  35  123  64  25  22  137  141  31  48  105  148  66  125  101  49  80 
 56  8  67  21  107  132  85  36  104  118  48  93  69  7  63  3  91  114 
 95  43  131  118  106  124  23  50  69  91  92  42  36  104  46  123  142  83  22  4  24  127  105  21  45  99 
 10  86  61  28  7  8  63  37  137  111  144  126  77  30  107  136  32  24  18  4  110  66  67  95  64  122  60 
 141  113  49  40  30  34  58  112  134  96  26  80  82  76  4  17  102  83  69  67  29  61  110  51  11  54  52  35  125  66  45  19  90  103  64 
 113  69  30  75  40  120  49  65  3  26  64  70  13  138  35  76  142  131  72  96  141  50  90  33  18  54  143 
 131  13  138  54  27  115  7  135  147  130  55  105  43  90  87  60  1  80  89  28 
 107  15  134  79  72  83  98  41  73  65  148  137  80  133  85  101  117  104  81  75  34  10  45  36  93  16  95  130  144  132 
 99  23  80  8  2  50  86  135  139  61  112  64  9  28  14  25  58  97  72  113  49  35  123  4  16  63  88  106  32  10  142  0  82  95 
 99  22  16  124  4  66  12  117  108  138  55  49  30  31  90  32  79  114  146  104  134  46  25  70  97  13  62  149 
 127  46  53  49  129  34  32  17  138  77  69  141  118  137  123  113  114  74  36  16  72  26  62  147 
 90  99  11  34  75  112  9  13  73  71  63  45  14  22  142  65  48  54  114  38  1  74  52  59  100  135  35  129  61  49  125  141  33  136  23  70 
 3  19  59  139  18  80  90  95  98  54  41  129  24  72 
 125  71  115  20  51  99  70  46  142  0  11  74  92  120 
 70  38  45  122  61  17  43  52  22  9  114  56  125  74  99  110  72  11  85  146  60  20  89 
 117  7  138  51  0  53  36  100  147  62  48  127  74  18  61  66  143  54  103  70  65  109  38 
 75  19  73  147  18  34  104  97  90  99  77  17  133  76  88  36  23  117  62  123  146  143  11  70 
 60  39  120  9  14  48  73  64  103  126  99  23  101  63  38 
 131  125  17  24  101  4  60  110  90  23  97  107  117  37  106  22  68  1 
 89  54  6  42  64  93  76  7  39  12  0  119  75  88  66  37  94  2  61  47  67  59  142  136  25  19  90 
 116  139  25  11  14  57  90  137  30  18  80  95  43  92  2  24  129  77  117  55  144  60  125  65  13  42  38  97  112  136  21  10  146  64  99  133  52  56 
 134  43  51  110  74  68  14  123  133  86  89  90  113  4  76  19  1  71  22  132  41  72  25  135  111  146  3  39  105  125  18  48  141  9 
 114  67  82  97  100  144  50  89  15  104  29  147  2  88  30  16  142  40  140  61  55  24  80  21  130  54  53  70 
 136  106  17  63  5  71  124  133  62  89  33  94  148  82  53  10  117  32  7 
 70  28  110  126  143  78  53  65  25  1  6  87  115  128  42  34  63  31  58  7  97  109  29 
 132  3  103  88  60  31  45  146  7  33  86  119  35  105  113  115  96  56  90  130 
 19  120  90  71  18  49  75  137  52  121  133  94  55  73  140  58  103  47  142  36  8  13  127 
 139  98  57  103  64  90  21  26  129  132  35  143  142  61  110  12  79  119  62  141  121  135 
 5  96  76  10  64  33  130  118  149  111  70  99  3  107  69  122  120  6  16  47  34  38  90  126  109  148  101  1  62  114  68  105  43  136  86 
 95  16  106  35  134  102  123  28  52  34  116  59  51  146  69  105  20  110  47  98  42 
 112  94  62  96  70  108  78  97  123  6  55  124  61  121 
 56  129  28  122  76  86  143  49  120  119  68  87  39  146  63  25  135  10  7  21  79  125  1  142  66  18  61  47  16  99 
 77  94  102  146  127  24  149  8  81  1  70  27  123  16  23  134  54  140  129  126 
 87  6  105  124  42  111  3  82  103  40  33  67  62  97  98  43  70  114  45  61  48  95 
 13  25  146  88  31  14  29  127  145  108  118  15  98  116  75  113  35  84  95  47  79  65  12 
 19  65  45  143  18  40  53  24  12  141  6  121  130  113  22  55  23  68  78  25  14  3  0  51  61 
 80  132  10  2  22  64  128  36  89  16  69  54  120  55  135  103  112  141  19  110  7  81  3 
 35  110  138  29  57  132  86  58  27  99  59  43  134  118  52  96  18  121  80  130  10  126  122  139  143  91  49  61 
 2  75  127  111  109  116  28  43  40  121  120  146  55  57  74  25  118  51  96  18  34  125 
 149  117  127  115  24  49  29  0  65  38  124  145  5  69  105  75  58  37  10  2  100  7  36  70 
 33  89  6  71  131  20  138  80  107  77  0  86  102  114  25  109  11  98  26  120  50  118  9  66  13  18  117  103  29  76  78  75  130  36  46  140  74  1  143  19 
 12  120  1  67  104  9  57  52  34  129  40  73  144  61  78  89  50  135  23  49  20  130  56  82  36  102  8  44  124 
 15  8  45  129  77  136  67  121  65  28  114  69  103  101  87  76  130  55  82  145  86  96  39  62  110  11  34 
 137  72  41  103  14  34  132  51  80  144  55  52  131  124  120  70  106  85  74  97  113  114  62  90  2 
 18  112  51  86  68  144  22  5  69  140  40  114  75  53  7  78  38  139 
 26  139  51  43  141  62  67  106  25  100  142  33 
 85  140  31  39  1  69  34  125  110  32  91  101  20  138  96  147  17  28  99  100 
 117  101  126  71  17  28  139  22  83  96  95  8  144  55  2  33  1  29  18  41  110  140  36  129  25  109  128  44  121  124  134  45  47  51  49 
 129  9  37  89  141  59  29  147  96  44  145  12  132  63  74  81  47  97  30  123  114  57  1  42  24  56  110  41  23  149 
 109  9  111  71  77  146  17  37  76  141  25  45  1  125  7  137  79  82  70  62  132  88  22  38  31  11  15  3  6  65  130 
 19  3  90  41  83  103  12  42  33  50  128  14  82  22  112  116  131  65  7  105  81  73  31  17  122  146  34  108  89  113  123  124  18 
 1  101  94  146  49  19  99  79  75  8  111  9  56  121  139  125  142  25  7  53  38  73  21  4  2  64  34  13  148  143  116  72  124  114  0  76  70  29  63  130  48 
 4  23  33  88  54  13  14  125  110  17  29  143  79  103  18  45  139  140 
 148  112  56  15  1  55  98  137  114  36  103  0  113  107  59  106  47  33  69  18  17  95  127  9  140  135 
 74  35  87  45  80  11  136  141  0  58  144  111  133  9  131  49  78  114  42  32  1 
 19  113  50  16  121  85  56  103  42  122  70  125  43  146  141  24  1  60  5  58  93  102  18  67  109  53  105  15  7  132  111  73  86 
 38  28  19  75  136  116  147  106  42  99  69  125  27  46  104  128  120  57  63  82  80  12  44  108  65  29  23  25  114  47  30  88  10  5  134  127  140  36  53 
 88  87  125  27  126  61  11  111  54  131  63  90  40  97  92  103  2  25  73  5  37  35  1  107 
 137  57  95  21  83  111  80  97  22  35  19  96  116  65  89  4  93  11  24  26  76  28 
 147  30  25  71  96  4  40  55  21  65  102  129  31  64  0  128  69  86  13  135  10 
 68  35  80  25  52  29  117  24  114  81  62  57  85  11  27  125  28  1  54  83  91 
 30  19  87  79  2  52  65  8  112  25  70  40  137  134  127  120  5  119  33  81  21  143  135  53  58  113  148  48  54  138 
 77  10  96  123  45  86  42  33  93  63  141  130  88  82  18  35  19  133  30  56  0  65  142  54  78  72  108  127  137  8 
 46  94  56  136  10  76  63  146  148  97  0  54  17  30  24  138  34  117  87  134  147  141  114  149  145  101 
 112  79  143  38  89  55  44  97  148  139  114  116  104  68  49  54  76  7  58 
 87  75  99  65  112  78  134  21  96  143  137  63  93  104  45  23  114  66  103  118  124  119  41  48  12 
 22  8  132  50  107  54  95  34  68  74  26  18  57  144  111  72  21  133  70  12  51  121  36  103  13  136  14  114  88  20  1 
 2  147  46  127  137  9  105  64  98  1  84  8  74  62  75  21  87  50  3  129  100  106  10 
 129  14  97  36  64  18  76  9  119  47  3  63  70  37  148  55  56  7  22  95  145 
 113  13  103  64  12  14  132  61  96  7  109  21  72  18  102  136  137  142  16  91  74 
 114  97  137  1  3  92  81  8  127  48 
 140  60  149  88  120  90  132  15  121  69  141  4  145  130  21  101  57  106  74  8  113  146  28  118  109 
 10  17  76  45  135  22  51  58  119  39  54  102  133  35  138  5  145  56  73  69  136  42 
 88  71  94  89  79  75  108  138  68  45  6  47  77  134  38  101  56  127  81  90  20 
 87  71  146  149  85  113  126  39  103  133  130  76  48  33  66  30  36  8  63  22  11  70  7  96  114  80 
 94  87  33  54  121  99  50  36  62  37  90  35  78  55  72  4  117  108  64  20  28 
 131  148  113  103  99  25  133  95  71  40  64  41  137  34  120  85  4  0  30  26  89  35  144  42  126  32  23  87  20  19  33  116  118  39  130  18  57  2 
 138  108  145  137  16  92  127  3  60  101  123  129  15  114  83  74  51  143 
 96  95  122  130  71  97  91  16  34  2  84  3  27  120  134  139 
 33  76  1  136  69  102  79  104  72  11  97  15  21  134  132  125  3 
 44  112  89  87  65  146  77  46  40  133  37  33  143  10  114 
 43  16  96  92  137  72  133  90  80  34  26  61  8  17  67  105  140  21  22  82  48  47 
 92  95  76  123  5  42  134  18  4  73  61  83  79  143  62  44  19  72  51  52  127  113  104  39  56  7  88  147  60 
 114  84  71  92  30  104  77  148  82  36  72  22  78  44  34  57  47  62  93  1  32  107  38  115  13  23 
 139  41  67  137  21  26  54  81  1  48  116  126  110  112  47  43  125  132 
 23  22  8  102  65  79  90  25  121  89  27  51  30  70  42  104  146  110  122  125  128  3  120  31  34  133  143  28  45  16  140  60  100 
 113  123  144  36  29  116  128  25  59  142  5  81  129  7  53  60  99 
 1  65  128  134  117  61  2  112  140  7  32  4  21  85  87  56  138  114  14  31  130  3  91  60  148  42  145  77 
 8  99  146  46  43  123  120  109  86  54  112  121  18  83  73  129  69  93  55 
 113  90  39  88  41  57  83  64  71  2  67  0  69  56  40  47  31  126  50  112  122  54  29  80  13  79  66  12  18  135 
 116  115  13  11  30  97  55  9  36  15  99  146  70  128  142  132  117  21  16  79  93  78  23  113  96 
 1  6  7  138  47  124  64  81  148  14  10  137  39  35  43  20  140  95  53  69  42  16  127 
 16  43  136  37  12  113  70  147  59  67  57  85  32  22  138  10  81  122 
 21  15  80  54  113  67  3  42  17  136  125  71  32  97 
 138  91  87  145  48  23  70  44  125  132  64  89  76  127 
 63  9  116  52  120  102  7  83  128  142  54  11  123  61  69  42  29  38  118  85 
 38  126  35  51  141  7  99  122  18  60  32  61  41  17  66  98  123  43  50  28  62  56 
 65  9  11  71  127  52  63  140  120  149  42  137  17  68  133  147  144  80  72  47  4  35  146  3  132  69  2  115 
 148  67  44  94  75  25  2  101  18  58  79  78  22  64  121  102  4  129  9  137  34  136  103  50  114  98  126  134 
 19  69  141  18  149  3  83  13  90  103  126  88  123  100  12  106  67  107  24  35  4  49  22  57  85  39  115  96  127  75  148  48  104  64 
 84  97  67  36  28  56  54  25  137  122  139  58  5  24  74  138  101  112  78  65  23  79  0  77  57  62  70  47  42  68  94  15  91  88  80 
 127  53  116  104  27  20  6  119  128  38  39  113  145  141  97  111  2 
 34  139  115  104  70  136  109  52  43  131  64  100  128  72  65  98  48  78  118  90  143 
 29  7  149  53  101  61  11  2  119  128  34  77  12  23  147  136  104  21  74  30  89  54  37  32 
 131  16  130  42  8  6  4  3  24  137  54  9  51  52  15  48  139  10  116  90  79  124  125  85  109 
 120  45  140  144  6  115  86  39  117  128  33  75  82  9  0  4  79  41 
 19  40  12  55  140  111  119  45  31  9  90  85  109  102  75  5  52  146  6  42  54  50  121  13  70  57  99  27  92  11  127 
 56  65  99  89  85  69  7  52  40  112  102  6  49  120  13  130  51  80  61  44  141  41 
 92  130  28  45  123  3  42  69  137  114  139  110  99  64  17  0  103  126  51  106  10 
 96  76  113  100  14  35  43  102  122  3  24  22  46  16  109  11  62  30  110  44  6  64  91  129 
 148  0  16  23  133  37  47  105  131  57  65  53  55  44  61  134  64  128  118  79 
 71  27  139  65  1  63  131  32  70  69  60  34  99  128  3  14  66  45  107  132  108  35  18  25  141  28  74  98  118  52  93 
 38  110  71  61  113  88  144  17  129  147  31  103  90  42  98  112  51  122  46 
 53  115  111  52  46  24  81  75  134  29  48  67  9  87  3  91  96  113  84  40  120  16  105  76  108  70 
 134  101  64  50  109  142  119  117  70  104  100  116  125  99  115  38  140  131  73  0  61  124 
 56  45  82  14  62  9  24  34  126  147  55  41  26  73  102  4  112  25  61  123  91  81  100  46 
 92  122  118  42  76  88  145  85  147  20  121  49  56  55  101  3  51  10  36  54  90  39  65  63  144  21 
 118  16  90  148  20  13  71  54  125  32  116  64  124  57  142  19  140  128  68  9  143 
 39  3  80  50  14  83  57  51  15  85  142  104  35  41  62  63  125  108  111  69  93  134  98  21 
 90  95  88  149  124  37  35  86  111  68  40  94  80  21  76  30  99  34 
 128  101  35  43  18  96  75  127  21  79  87  77  51  23  46  61  124  92  139  93  132  112  148  70 
 86  22  45  10  7  20  50  55  25  35  143  75  140  67  41  103  73 
 56  77  37  106  70  116  146  142  68  11  1  93  17  107  117  147  112  34  83  137  33  25  80  144  86  42 
 72  57  95  98  67  90  34  145  91  40  75  84  1  17  111  9  81  14  141  122  114  118  24  148  21  63  79  112  10  105  5  83  136  76  8 
 7  105  108  91  87  20  54  19  13  29  51  24  77  86  5  23  114  101  147  11  75  60  106 
 34  116  98  41  59  26  125  65  61  22  122  114  118  10  148  78  134  92  51  58  66  140 
 85  60  120  111  144  119  101  7  58  40  131  128  61  36  105  95  135  67  11  46  54  139  66  99  70 
 18  113  63  76  68  0  110  7  14  137  59  62  4  85  69  24  49  12  147  77  5  50  19  25  125  145  115  35  9  121  41 
 146  136  65  25  128  109  132  104  131  19  40  36  0  27  41  143  100  5  83  16  59  33  45  76  22  10 
 45  49  38  78  96  79  94  10  148  65  135  75  41  142  29  66  99  30  54  19  116  131  51  91 
 100  36  140  119  126  17  58  68  149  1  80  57  147  111  61  55  90  34  136  130  21 
 137  91  85  130  12  62  108  48  53  5  115  141  86  56  9  82  77  101 
 149  88  94  65  102  46  77  63  142  136  39  45  120  52  43  69  48  99  104  111  35  64  34  23  30  85  28 
 73  30  81  2  70  106  126  129  29  62  111  144  130  20  36  117  136  4  77  141  138  11  24  96  60 
 67  112  131  90  124  0  77  97  1  137  21  65  143  105  14  37  82  78  139  113  75  101  42  134 
 146  88  3  113  85  117  53  46  8  133  1  111  42  144  77  23  62 
-->CDecomWalshPart::vInitTrueLinkage-->GLBs: 1722
(Length: 3)  0  1  54 
(Length: 3)  0  4  22 
(Length: 3)  0  114  122 
(Length: 3)  0  12  33 
(Length: 3)  0  33  67 
(Length: 4)  0  49  53  65 
(Length: 3)  0  27  142 
(Length: 4)  0  29  53  65 
(Length: 3)  0  33  90 
(Length: 3)  0  12  103 
(Length: 4)  0  1  65  148 
(Length: 3)  0  33  119 
(Length: 4)  0  1  67  148 
(Length: 3)  0  1  68 
(Length: 3)  0  124  128 
(Length: 4)  0  33  54  76 
(Length: 3)  0  90  148 
(Length: 3)  0  103  122 
(Length: 3)  0  90  103 
(Length: 4)  0  29  54  103 
(Length: 4)  0  54  77  114 
(Length: 3)  0  119  128 
(Length: 3)  0  73  128 
(Length: 4)  0  33  76  142 
(Length: 4)  0  65  124  148 
(Length: 4)  0  65  76  142 
(Length: 4)  0  54  76  77 
(Length: 3)  0  65  114 
(Length: 4)  0  53  65  124 
(Length: 3)  0  22  49 
(Length: 4)  0  76  77  141 
(Length: 3)  0  128  142 
(Length: 4)  0  4  65  73 
(Length: 4)  0  49  68  141 
(Length: 3)  0  68  114 
(Length: 3)  0  4  90 
(Length: 3)  0  4  119 
(Length: 3)  0  4  141 
(Length: 3)  0  22  142 
(Length: 3)  0  67  103 
(Length: 3)  0  77  148 
(Length: 4)  0  12  49  141 
(Length: 3)  0  67  114 
(Length: 4)  1  6  38  42 
(Length: 4)  1  20  54  80 
(Length: 5)  1  25  35  71  125 
(Length: 4)  1  32  60  101 
(Length: 3)  1  46  54 
(Length: 5)  1  68  80  136  144 
(Length: 4)  1  25  54  71 
(Length: 4)  1  81  84  137 
(Length: 4)  1  69  93  125 
(Length: 3)  1  54  98 
(Length: 3)  1  144  149 
(Length: 4)  1  55  61  144 
(Length: 5)  1  25  63  65  125 
(Length: 4)  1  25  45  61 
(Length: 5)  1  25  38  63  65 
(Length: 4)  1  35  68  74 
(Length: 3)  1  55  67 
(Length: 5)  1  25  35  74  125 
(Length: 3)  1  67  69 
(Length: 4)  1  67  98  137 
(Length: 3)  1  45  68 
(Length: 3)  1  71  97 
(Length: 3)  1  35  105 
(Length: 3)  1  46  81 
(Length: 3)  1  84  97 
(Length: 5)  1  25  45  63  125 
(Length: 4)  1  25  61  71 
(Length: 3)  1  6  54 
(Length: 4)  1  42  62  149 
(Length: 4)  1  6  38  63 
(Length: 4)  1  42  68  136 
(Length: 4)  1  42  69  105 
(Length: 4)  1  54  74  80 
(Length: 3)  1  46  149 
(Length: 3)  1  38  97 
(Length: 4)  1  42  101  148 
(Length: 4)  1  6  42  105 
(Length: 3)  1  25  136 
(Length: 5)  1  25  63  71  125 
(Length: 4)  1  25  54  74 
(Length: 4)  1  62  74  81 
(Length: 4)  1  105  137  148 
(Length: 4)  1  81  98  137 
(Length: 4)  1  81  105  137 
(Length: 3)  1  93  97 
(Length: 3)  1  93  136 
(Length: 3)  1  98  125 
(Length: 3)  1  97  148 
(Length: 4)  1  67  137  148 
(Length: 3)  1  62  63 
(Length: 3)  1  32  68 
(Length: 4)  1  60  69  125 
(Length: 3)  1  62  97 
(Length: 3)  1  63  137 
(Length: 3)  1  20  55 
(Length: 3)  1  20  60 
(Length: 3)  1  32  97 
(Length: 3)  1  136  137 
(Length: 3)  1  20  105 
(Length: 4)  1  42  105  148 
(Length: 3)  1  61  101 
(Length: 4)  1  32  60  125 
(Length: 4)  1  68  74  80 
(Length: 4)  1  65  101  148 
(Length: 3)  2  52  75 
(Length: 4)  2  71  90  103 
(Length: 4)  2  4  22  112 
(Length: 3)  2  36  53 
(Length: 4)  2  11  117  147 
(Length: 3)  2  71  92 
(Length: 3)  2  111  115 
(Length: 3)  2  75  81 
(Length: 4)  2  61  101  117 
(Length: 4)  2  50  103  112 
(Length: 3)  2  36  61 
(Length: 3)  2  36  50 
(Length: 4)  2  4  111  147 
(Length: 3)  2  75  112 
(Length: 3)  2  36  147 
(Length: 3)  2  10  34 
(Length: 4)  2  10  50  81 
(Length: 3)  2  53  117 
(Length: 3)  2  53  115 
(Length: 3)  2  81  147 
(Length: 4)  2  22  50  112 
(Length: 4)  2  11  34  117 
(Length: 3)  2  34  65 
(Length: 4)  2  34  57  90 
(Length: 3)  2  52  111 
(Length: 3)  2  34  112 
(Length: 4)  2  10  22  50 
(Length: 4)  2  34  52  57 
(Length: 4)  2  5  10  53 
(Length: 3)  2  33  75 
(Length: 3)  2  22  61 
(Length: 4)  2  11  111  147 
(Length: 4)  2  4  65  101 
(Length: 3)  2  33  61 
(Length: 3)  2  34  92 
(Length: 3)  2  4  90 
(Length: 3)  2  33  90 
(Length: 4)  2  57  90  103 
(Length: 3)  2  61  71 
(Length: 4)  2  4  65  111 
(Length: 4)  2  5  53  75 
(Length: 4)  2  53  65  75 
(Length: 4)  2  11  71  111 
(Length: 3)  2  5  71 
(Length: 4)  2  4  101  112 
(Length: 3)  3  84  92 
(Length: 4)  3  4  35  111 
(Length: 4)  3  12  64  113 
(Length: 3)  3  113  127 
(Length: 3)  3  49  130 
(Length: 3)  3  113  149 
(Length: 4)  3  19  50  64 
(Length: 3)  3  39  130 
(Length: 3)  3  4  118 
(Length: 4)  3  19  64  113 
(Length: 3)  3  91  101 
(Length: 3)  3  91  92 
(Length: 4)  3  81  84  127 
(Length: 4)  3  15  93  132 
(Length: 4)  3  35  111  132 
(Length: 4)  3  19  49  113 
(Length: 4)  3  42  64  122 
(Length: 3)  3  111  127 
(Length: 4)  3  35  39  132 
(Length: 3)  3  50  132 
(Length: 4)  3  42  122  130 
(Length: 4)  3  12  49  113 
(Length: 3)  3  19  26 
(Length: 4)  3  63  125  132 
(Length: 3)  3  42  107 
(Length: 3)  3  47  82 
(Length: 4)  3  35  125  132 
(Length: 3)  3  4  101 
(Length: 4)  3  4  35  113 
(Length: 4)  3  42  47  111 
(Length: 4)  3  63  111  132 
(Length: 3)  3  91  123 
(Length: 4)  3  64  113  123 
(Length: 4)  3  92  122  130 
(Length: 4)  3  50  64  81 
(Length: 3)  3  118  125 
(Length: 3)  3  99  125 
(Length: 4)  3  64  122  123 
(Length: 3)  3  64  82 
(Length: 4)  3  15  63  132 
(Length: 4)  3  35  39  113 
(Length: 4)  3  19  35  113 
(Length: 3)  3  91  127 
(Length: 4)  3  93  125  132 
(Length: 4)  3  35  113  123 
(Length: 4)  3  42  111  149 
(Length: 3)  3  63  130 
(Length: 3)  3  15  118 
(Length: 4)  3  42  101  130 
(Length: 3)  3  15  107 
(Length: 4)  3  42  99  122 
(Length: 3)  3  107  113 
(Length: 4)  3  42  118  130 
(Length: 3)  3  107  125 
(Length: 3)  3  15  91 
(Length: 3)  3  63  82 
(Length: 4)  4  16  22  23 
(Length: 4)  4  17  18  66 
(Length: 4)  4  22  35  72 
(Length: 3)  4  141  147 
(Length: 4)  4  85  90  113 
(Length: 4)  4  85  90  118 
(Length: 4)  4  85  113  141 
(Length: 3)  4  112  129 
(Length: 3)  4  72  96 
(Length: 3)  4  23  66 
(Length: 4)  4  35  72  89 
(Length: 3)  4  17  32 
(Length: 4)  4  22  23  32 
(Length: 5)  4  18  35  113  141 
(Length: 3)  4  32  101 
(Length: 4)  4  22  35  113 
(Length: 4)  4  73  96  147 
(Length: 4)  4  73  129  147 
(Length: 3)  4  85  101 
(Length: 4)  4  35  72  111 
(Length: 4)  4  35  89  90 
(Length: 3)  4  18  112 
(Length: 4)  4  23  32  90 
(Length: 4)  4  18  96  113 
(Length: 5)  4  18  35  90  113 
(Length: 3)  4  17  111 
(Length: 4)  4  65  72  111 
(Length: 3)  4  16  118 
(Length: 4)  5  10  42  86 
(Length: 3)  5  86  145 
(Length: 4)  5  53  58  75 
(Length: 4)  5  42  70  120 
(Length: 3)  5  86  138 
(Length: 4)  5  10  53  70 
(Length: 4)  5  137  141  145 
(Length: 4)  5  42  69  70 
(Length: 3)  5  75  137 
(Length: 4)  5  53  69  70 
(Length: 4)  5  42  69  86 
(Length: 4)  5  53  70  75 
(Length: 3)  5  114  138 
(Length: 3)  5  75  138 
(Length: 3)  5  42  96 
(Length: 3)  5  100  142 
(Length: 4)  5  10  42  70 
(Length: 3)  5  53  145 
(Length: 4)  5  58  69  86 
(Length: 3)  5  10  137 
(Length: 4)  5  70  75  120 
(Length: 4)  5  53  58  69 
(Length: 3)  5  58  114 
(Length: 4)  5  42  70  114 
(Length: 4)  5  10  37  53 
(Length: 3)  5  69  141 
(Length: 3)  5  53  100 
(Length: 3)  5  114  137 
(Length: 3)  5  37  71 
(Length: 3)  5  10  142 
(Length: 3)  6  44  123 
(Length: 3)  6  47  87 
(Length: 3)  6  115  119 
(Length: 3)  6  120  121 
(Length: 4)  6  42  47  105 
(Length: 3)  6  33  119 
(Length: 3)  6  54  118 
(Length: 4)  6  7  38  63 
(Length: 3)  6  7  8 
(Length: 3)  6  44  121 
(Length: 4)  6  33  42  47 
(Length: 3)  6  49  121 
(Length: 3)  6  38  87 
(Length: 3)  6  38  115 
(Length: 3)  6  42  118 
(Length: 3)  6  42  120 
(Length: 3)  6  119  120 
(Length: 3)  6  8  118 
(Length: 3)  6  33  54 
(Length: 3)  6  54  120 
(Length: 3)  6  7  105 
(Length: 3)  6  7  121 
(Length: 3)  6  7  33 
(Length: 3)  7  64  82 
(Length: 4)  7  20  105  138 
(Length: 3)  7  135  140 
(Length: 3)  7  8  17 
(Length: 3)  7  101  117 
(Length: 4)  7  39  88  96 
(Length: 4)  7  37  53  117 
(Length: 4)  7  38  53  58 
(Length: 4)  7  29  53  100 
(Length: 3)  7  65  101 
(Length: 4)  7  53  69  105 
(Length: 4)  7  29  38  109 
(Length: 3)  7  38  110 
(Length: 4)  7  29  53  117 
(Length: 3)  7  65  121 
(Length: 3)  7  29  138 
(Length: 3)  7  58  140 
(Length: 3)  7  64  83 
(Length: 3)  7  64  105 
(Length: 3)  7  50  135 
(Length: 3)  7  63  141 
(Length: 3)  7  17  110 
(Length: 3)  7  63  88 
(Length: 3)  7  8  65 
(Length: 3)  7  20  135 
(Length: 4)  7  37  63  82 
(Length: 3)  7  101  138 
(Length: 3)  7  17  64 
(Length: 3)  7  101  140 
(Length: 3)  7  39  45 
(Length: 3)  7  50  64 
(Length: 3)  7  45  63 
(Length: 4)  7  38  58  78 
(Length: 3)  7  105  140 
(Length: 3)  7  39  105 
(Length: 3)  7  45  135 
(Length: 3)  7  8  88 
(Length: 3)  7  15  69 
(Length: 3)  7  64  65 
(Length: 5)  7  29  38  53  65 
(Length: 3)  7  69  109 
(Length: 4)  7  53  58  69 
(Length: 3)  7  83  96 
(Length: 4)  7  50  69  141 
(Length: 4)  7  38  63  109 
(Length: 3)  7  15  63 
(Length: 3)  7  8  15 
(Length: 3)  7  83  109 
(Length: 4)  7  38  63  65 
(Length: 4)  7  17  37  63 
(Length: 4)  7  33  39  88 
(Length: 3)  7  33  64 
(Length: 4)  7  69  121  141 
(Length: 4)  7  50  110  141 
(Length: 3)  7  33  37 
(Length: 3)  8  13  40 
(Length: 3)  8  13  80 
(Length: 3)  8  65  75 
(Length: 4)  8  56  65  76 
(Length: 3)  8  65  99 
(Length: 3)  8  99  102 
(Length: 3)  8  13  65 
(Length: 4)  8  15  85  118 
(Length: 4)  8  40  75  137 
(Length: 4)  8  22  80  95 
(Length: 3)  8  22  99 
(Length: 4)  8  81  84  137 
(Length: 3)  8  46  102 
(Length: 3)  8  76  88 
(Length: 3)  8  46  81 
(Length: 4)  8  17  95  137 
(Length: 3)  8  55  61 
(Length: 3)  8  76  137 
(Length: 3)  8  15  56 
(Length: 4)  8  85  88  149 
(Length: 3)  8  46  149 
(Length: 4)  8  75  81  137 
(Length: 3)  8  55  56 
(Length: 3)  8  118  137 
(Length: 3)  8  55  102 
(Length: 4)  8  22  61  95 
(Length: 4)  8  22  80  88 
(Length: 4)  8  17  61  95 
(Length: 3)  8  40  55 
(Length: 4)  9  62  81  129 
(Length: 3)  9  67  127 
(Length: 3)  9  55  120 
(Length: 4)  9  13  54  131 
(Length: 3)  9  119  120 
(Length: 4)  9  111  120  127 
(Length: 4)  9  54  109  120 
(Length: 3)  9  13  104 
(Length: 4)  9  63  137  141 
(Length: 3)  9  31  120 
(Length: 4)  9  67  112  137 
(Length: 4)  9  13  25  54 
(Length: 3)  9  81  137 
(Length: 4)  9  63  65  111 
(Length: 3)  9  82  145 
(Length: 3)  9  118  137 
(Length: 4)  9  55  82  129 
(Length: 4)  9  54  118  131 
(Length: 4)  9  25  35  141 
(Length: 4)  9  54  109  118 
(Length: 3)  9  82  119 
(Length: 4)  9  63  111  137 
(Length: 3)  9  55  104 
(Length: 3)  9  81  127 
(Length: 4)  9  22  25  35 
(Length: 4)  9  137  141  145 
(Length: 4)  9  22  63  82 
(Length: 3)  9  22  28 
(Length: 3)  9  55  67 
(Length: 4)  9  62  63  141 
(Length: 3)  9  31  63 
(Length: 4)  9  22  25  112 
(Length: 4)  9  22  25  63 
(Length: 4)  9  25  63  141 
(Length: 4)  9  13  54  120 
(Length: 4)  9  62  141  145 
(Length: 4)  9  35  68  111 
(Length: 4)  9  35  68  141 
(Length: 4)  9  25  63  65 
(Length: 4)  9  25  112  129 
(Length: 4)  9  13  25  65 
(Length: 3)  9  63  109 
(Length: 3)  9  68  131 
(Length: 3)  10  17  86 
(Length: 3)  10  21  130 
(Length: 4)  10  45  142  143 
(Length: 4)  10  22  86  135 
(Length: 4)  10  42  76  130 
(Length: 3)  10  106  122 
(Length: 4)  10  81  105  137 
(Length: 3)  10  70  106 
(Length: 4)  10  51  118  130 
(Length: 3)  10  76  77 
(Length: 3)  10  37  106 
(Length: 3)  10  94  143 
(Length: 4)  10  42  118  130 
(Length: 4)  10  42  76  86 
(Length: 3)  10  53  105 
(Length: 4)  10  51  122  139 
(Length: 4)  10  42  122  130 
(Length: 4)  10  51  122  130 
(Length: 3)  10  118  137 
(Length: 4)  10  51  118  139 
(Length: 3)  10  22  106 
(Length: 4)  10  73  86  135 
(Length: 3)  10  51  143 
(Length: 4)  10  45  76  142 
(Length: 3)  10  34  139 
(Length: 3)  10  22  142 
(Length: 3)  10  34  42 
(Length: 3)  10  45  122 
(Length: 4)  10  45  135  143 
(Length: 3)  10  81  106 
(Length: 3)  10  42  105 
(Length: 3)  10  17  77 
(Length: 3)  10  34  77 
(Length: 3)  10  37  94 
(Length: 3)  10  76  137 
(Length: 4)  10  21  34  137 
(Length: 4)  10  22  50  135 
(Length: 4)  10  17  122  137 
(Length: 3)  10  51  86 
(Length: 3)  10  17  37 
(Length: 3)  10  22  139 
(Length: 3)  10  77  94 
(Length: 3)  10  21  45 
(Length: 4)  10  45  76  86 
(Length: 4)  10  45  86  135 
(Length: 4)  10  21  81  137 
(Length: 3)  10  21  73 
(Length: 3)  11  63  109 
(Length: 3)  11  27  120 
(Length: 3)  11  27  74 
(Length: 3)  11  28  72 
(Length: 4)  11  54  120  140 
(Length: 3)  11  68  136 
(Length: 4)  11  54  74  117 
(Length: 3)  11  68  111 
(Length: 4)  11  25  34  136 
(Length: 3)  11  13  104 
(Length: 3)  11  27  71 
(Length: 4)  11  34  56  136 
(Length: 4)  11  13  25  54 
(Length: 3)  11  109  123 
(Length: 3)  11  72  93 
(Length: 4)  11  30  117  147 
(Length: 3)  11  30  123 
(Length: 4)  11  13  25  34 
(Length: 4)  11  13  54  120 
(Length: 4)  11  54  109  120 
(Length: 3)  11  28  74 
(Length: 3)  11  30  88 
(Length: 3)  11  93  136 
(Length: 3)  11  72  111 
(Length: 3)  11  93  104 
(Length: 4)  11  63  71  88 
(Length: 3)  11  138  147 
(Length: 4)  11  25  54  74 
(Length: 4)  11  111  120  140 
(Length: 4)  11  63  71  111 
(Length: 4)  11  25  63  71 
(Length: 4)  11  34  117  136 
(Length: 4)  11  25  54  71 
(Length: 3)  11  68  74 
(Length: 3)  11  18  54 
(Length: 4)  11  30  34  117 
(Length: 4)  11  30  104  117 
(Length: 4)  11  117  136  147 
(Length: 4)  11  18  30  34 
(Length: 4)  11  13  54  138 
(Length: 3)  11  28  56 
(Length: 3)  12  48  113 
(Length: 3)  12  70  106 
(Length: 3)  12  70  120 
(Length: 4)  12  41  62  141 
(Length: 3)  12  48  79 
(Length: 3)  12  33  64 
(Length: 3)  12  70  80 
(Length: 3)  12  80  103 
(Length: 4)  12  41  79  103 
(Length: 3)  12  48  145 
(Length: 3)  12  55  120 
(Length: 3)  12  106  113 
(Length: 4)  12  41  64  103 
(Length: 4)  12  62  141  145 
(Length: 5)  12  64  83  103  113 
(Length: 4)  12  23  49  55 
(Length: 4)  12  49  113  141 
(Length: 3)  12  23  62 
(Length: 3)  12  23  70 
(Length: 3)  12  23  79 
(Length: 3)  12  23  117 
(Length: 3)  13  23  66 
(Length: 4)  13  23  97  104 
(Length: 4)  13  25  48  65 
(Length: 4)  13  83  103  113 
(Length: 4)  13  20  54  138 
(Length: 4)  13  40  120  121 
(Length: 3)  13  34  97 
(Length: 4)  13  19  54  131 
(Length: 4)  13  54  80  103 
(Length: 3)  13  23  25 
(Length: 4)  13  20  54  131 
(Length: 3)  13  65  121 
(Length: 4)  13  19  54  120 
(Length: 3)  13  104  113 
(Length: 3)  13  48  113 
(Length: 3)  13  40  73 
(Length: 4)  13  25  34  65 
(Length: 3)  13  23  138 
(Length: 3)  13  19  113 
(Length: 3)  13  19  65 
(Length: 4)  13  20  54  80 
(Length: 3)  13  34  80 
(Length: 3)  13  40  103 
(Length: 4)  13  25  65  73 
(Length: 3)  13  80  121 
(Length: 4)  13  19  40  120 
(Length: 4)  13  19  54  138 
(Length: 4)  13  54  66  103 
(Length: 4)  14  34  57  80 
(Length: 3)  14  82  148 
(Length: 4)  14  22  25  49 
(Length: 3)  14  83  137 
(Length: 3)  14  83  132 
(Length: 4)  14  57  80  132 
(Length: 4)  14  34  57  137 
(Length: 3)  14  31  101 
(Length: 3)  14  31  48 
(Length: 3)  14  137  141 
(Length: 3)  14  66  125 
(Length: 4)  14  25  49  141 
(Length: 3)  14  35  105 
(Length: 5)  14  25  35  125  141 
(Length: 4)  14  25  34  125 
(Length: 4)  14  35  125  132 
(Length: 4)  14  22  64  82 
(Length: 4)  14  22  25  35 
(Length: 3)  14  22  80 
(Length: 4)  14  25  35  48 
(Length: 4)  14  22  64  123 
(Length: 3)  14  34  64 
(Length: 3)  14  31  64 
(Length: 4)  14  105  137  148 
(Length: 3)  14  101  148 
(Length: 3)  14  123  129 
(Length: 3)  14  64  105 
(Length: 3)  14  64  83 
(Length: 4)  14  22  35  123 
(Length: 3)  14  82  129 
(Length: 4)  14  25  34  129 
(Length: 4)  15  56  67  114 
(Length: 4)  15  21  36  104 
(Length: 3)  15  67  107 
(Length: 4)  15  69  85  132 
(Length: 3)  15  91  114 
(Length: 3)  15  48  118 
(Length: 5)  15  21  93  104  132 
(Length: 4)  15  69  93  132 
(Length: 4)  15  36  67  114 
(Length: 4)  15  56  67  69 
(Length: 4)  15  21  85  132 
(Length: 3)  15  21  107 
(Length: 3)  16  22  123 
(Length: 5)  16  42  43  69  105 
(Length: 3)  16  23  124 
(Length: 3)  16  22  142 
(Length: 4)  16  24  46  123 
(Length: 3)  16  24  118 
(Length: 4)  16  24  46  127 
(Length: 3)  16  42  118 
(Length: 3)  16  43  123 
(Length: 3)  16  105  124 
(Length: 4)  16  118  124  131 
(Length: 3)  16  105  127 
(Length: 3)  16  92  95 
(Length: 3)  16  131  142 
(Length: 3)  16  36  50 
(Length: 3)  16  50  69 
(Length: 3)  16  91  92 
(Length: 3)  16  91  123 
(Length: 3)  16  91  127 
(Length: 3)  16  83  142 
(Length: 4)  16  23  99  104 
(Length: 4)  16  36  104  142 
(Length: 4)  16  21  36  104 
(Length: 3)  16  21  83 
(Length: 3)  16  21  95 
(Length: 3)  16  45  99 
(Length: 3)  16  45  142 
(Length: 3)  16  42  99 
(Length: 3)  16  24  36 
(Length: 3)  16  43  106 
(Length: 3)  16  24  69 
(Length: 3)  16  23  46 
(Length: 3)  16  22  50 
(Length: 3)  16  83  91 
(Length: 3)  16  22  95 
(Length: 4)  16  22  23  99 
(Length: 3)  16  22  106 
(Length: 4)  16  43  95  105 
(Length: 3)  16  21  45 
(Length: 4)  17  61  110  126 
(Length: 3)  17  67  107 
(Length: 3)  17  77  136 
(Length: 3)  17  136  137 
(Length: 3)  17  64  122 
(Length: 3)  17  24  32 
(Length: 3)  17  24  137 
(Length: 3)  17  30  77 
(Length: 4)  17  28  60  110 
(Length: 4)  17  28  110  122 
(Length: 3)  17  18  64 
(Length: 4)  17  32  60  110 
(Length: 4)  17  18  66  110 
(Length: 4)  17  28  61  110 
(Length: 3)  17  107  136 
(Length: 4)  17  110  122  126 
(Length: 3)  17  18  67 
(Length: 4)  17  18  61  110 
(Length: 3)  17  18  30 
(Length: 4)  17  67  95  137 
(Length: 3)  17  111  144 
(Length: 3)  17  136  144 
(Length: 3)  17  63  77 
(Length: 3)  17  32  37 
(Length: 3)  17  24  77 
(Length: 4)  17  63  111  137 
(Length: 3)  17  37  136 
(Length: 4)  17  61  126  144 
(Length: 3)  17  32  107 
(Length: 3)  17  86  136 
(Length: 4)  18  29  51  61 
(Length: 3)  18  83  102 
(Length: 3)  18  112  134 
(Length: 4)  18  35  125  141 
(Length: 3)  18  45  76 
(Length: 4)  18  19  40  49 
(Length: 3)  18  54  102 
(Length: 4)  18  45  49  61 
(Length: 4)  18  19  40  90 
(Length: 5)  18  19  35  113  141 
(Length: 4)  18  19  96  113 
(Length: 4)  18  67  103  112 
(Length: 4)  18  35  51  134 
(Length: 5)  18  19  64  90  113 
(Length: 4)  18  19  26  90 
(Length: 4)  18  30  34  90 
(Length: 4)  18  34  64  90 
(Length: 4)  18  40  90  103 
(Length: 4)  18  54  80  103 
(Length: 5)  18  64  90  103  113 
(Length: 5)  18  19  35  76  141 
(Length: 4)  18  26  54  80 
(Length: 4)  18  19  26  54 
(Length: 5)  18  64  83  103  113 
(Length: 3)  18  76  82 
(Length: 3)  18  102  112 
(Length: 5)  18  29  54  66  103 
(Length: 4)  18  19  76  96 
(Length: 5)  18  67  69  103  113 
(Length: 4)  18  19  30  76 
(Length: 4)  18  35  51  110 
(Length: 3)  18  34  80 
(Length: 4)  18  51  61  110 
(Length: 5)  18  19  69  113  141 
(Length: 3)  18  64  82 
(Length: 5)  18  51  61  96  134 
(Length: 4)  18  61  83  96 
(Length: 4)  18  49  51  61 
(Length: 4)  18  83  96  113 
(Length: 4)  18  19  30  90 
(Length: 3)  18  40  58 
(Length: 3)  18  40  52 
(Length: 3)  18  58  112 
(Length: 4)  18  69  125  141 
(Length: 4)  18  45  66  125 
(Length: 4)  18  34  52  125 
(Length: 4)  18  19  54  76 
(Length: 3)  18  51  58 
(Length: 4)  18  35  110  141 
(Length: 4)  18  64  103  112 
(Length: 4)  18  34  64  112 
(Length: 3)  18  69  102 
(Length: 5)  18  19  35  90  113 
(Length: 3)  18  58  69 
(Length: 5)  18  19  49  113  141 
(Length: 3)  18  51  80 
(Length: 4)  18  51  52  96 
(Length: 3)  19  26  72 
(Length: 4)  19  30  75  143 
(Length: 4)  19  65  76  142 
(Length: 4)  19  54  75  138 
(Length: 4)  19  40  90  120 
(Length: 4)  19  65  142  143 
(Length: 4)  19  40  75  120 
(Length: 4)  19  33  54  76 
(Length: 4)  19  35  72  76 
(Length: 4)  19  50  69  141 
(Length: 3)  19  69  70 
(Length: 3)  19  75  113 
(Length: 4)  19  70  75  120 
(Length: 4)  19  131  142  143 
(Length: 4)  19  49  65  143 
(Length: 3)  19  96  143 
(Length: 4)  19  65  75  143 
(Length: 4)  19  65  70  75 
(Length: 4)  19  33  76  142 
(Length: 4)  19  33  64  90 
(Length: 4)  19  54  75  143 
(Length: 4)  19  54  75  120 
(Length: 4)  19  33  54  75 
(Length: 4)  19  54  131  143 
(Length: 3)  19  40  142 
(Length: 4)  19  64  90  131 
(Length: 3)  19  64  65 
(Length: 4)  19  30  70  75 
(Length: 4)  19  50  54  120 
(Length: 4)  19  72  76  96 
(Length: 4)  19  65  72  76 
(Length: 3)  20  54  130 
(Length: 3)  20  90  130 
(Length: 4)  20  60  138  147 
(Length: 3)  20  27  115 
(Length: 3)  20  28  43 
(Length: 4)  20  87  89  90 
(Length: 3)  20  54  89 
(Length: 3)  20  55  135 
(Length: 3)  20  28  60 
(Length: 3)  20  90  131 
(Length: 3)  20  87  138 
(Length: 3)  20  28  89 
(Length: 3)  20  43  105 
(Length: 3)  20  130  147 
(Length: 3)  20  55  89 
(Length: 3)  20  55  130 
(Length: 4)  21  65  75  148 
(Length: 4)  21  75  79  137 
(Length: 4)  21  75  79  134 
(Length: 3)  21  83  132 
(Length: 4)  21  36  80  144 
(Length: 3)  21  65  73 
(Length: 3)  21  65  72 
(Length: 4)  21  65  75  79 
(Length: 3)  21  80  132 
(Length: 3)  21  80  107 
(Length: 4)  21  79  93  134 
(Length: 3)  21  34  65 
(Length: 4)  21  81  98  137 
(Length: 4)  21  72  95  137 
(Length: 3)  21  34  117 
(Length: 3)  21  104  117 
(Length: 4)  21  75  134  148 
(Length: 4)  21  36  130  144 
(Length: 4)  21  75  81  137 
(Length: 4)  21  72  83  137 
(Length: 4)  21  65  101  148 
(Length: 4)  21  101  134  148 
(Length: 5)  21  34  80  95  133 
(Length: 4)  21  41  98  132 
(Length: 4)  21  75  137  148 
(Length: 3)  21  72  93 
(Length: 3)  21  41  79 
(Length: 4)  21  79  93  104 
(Length: 3)  21  101  117 
(Length: 4)  21  34  95  137 
(Length: 4)  21  72  80  95 
(Length: 4)  21  65  101  130 
(Length: 4)  21  93  132  134 
(Length: 4)  21  85  101  130 
(Length: 3)  21  45  79 
(Length: 4)  21  34  80  144 
(Length: 4)  22  35  113  123 
(Length: 4)  22  25  35  135 
(Length: 3)  22  106  113 
(Length: 3)  22  50  80 
(Length: 4)  22  25  49  61 
(Length: 3)  22  28  61 
(Length: 3)  22  28  72 
(Length: 3)  22  28  99 
(Length: 3)  22  32  106 
(Length: 4)  22  72  80  95 
(Length: 3)  22  72  97 
(Length: 3)  22  58  86 
(Length: 3)  22  49  113 
(Length: 3)  22  88  113 
(Length: 3)  22  82  95 
(Length: 3)  22  61  139 
(Length: 3)  22  25  142 
(Length: 4)  22  23  32  97 
(Length: 4)  22  50  64  112 
(Length: 3)  22  82  97 
(Length: 4)  22  23  25  99 
(Length: 4)  22  23  25  49 
(Length: 4)  22  35  86  135 
(Length: 3)  22  63  88 
(Length: 3)  22  58  139 
(Length: 3)  22  58  112 
(Length: 4)  22  64  113  123 
(Length: 3)  23  114  138 
(Length: 3)  23  108  138 
(Length: 4)  23  30  62  97 
(Length: 3)  23  55  104 
(Length: 4)  23  46  70  134 
(Length: 4)  23  25  70  114 
(Length: 4)  23  46  146  149 
(Length: 4)  23  25  90  99 
(Length: 3)  23  31  99 
(Length: 3)  23  79  114 
(Length: 3)  23  62  149 
(Length: 4)  23  25  70  99 
(Length: 3)  23  117  149 
(Length: 4)  23  62  97  114 
(Length: 3)  23  55  124 
(Length: 5)  23  30  99  104  146 
(Length: 4)  23  30  104  117 
(Length: 4)  23  30  97  104 
(Length: 4)  23  30  90  99 
(Length: 5)  23  30  70  99  104 
(Length: 4)  23  79  124  134 
(Length: 3)  23  32  117 
(Length: 4)  23  79  99  104 
(Length: 3)  23  70  108 
(Length: 3)  23  66  79 
(Length: 3)  24  137  141 
(Length: 4)  24  62  141  147 
(Length: 4)  24  69  113  141 
(Length: 4)  24  77  114  138 
(Length: 4)  24  62  129  147 
(Length: 4)  24  77  138  147 
(Length: 3)  24  49  53 
(Length: 3)  24  34  77 
(Length: 3)  24  26  129 
(Length: 3)  24  34  129 
(Length: 3)  24  72  137 
(Length: 3)  24  34  137 
(Length: 3)  24  53  127 
(Length: 4)  24  77  141  147 
(Length: 3)  24  53  69 
(Length: 3)  24  26  72 
(Length: 4)  24  49  113  141 
(Length: 3)  24  113  127 
(Length: 4)  24  46  123  129 
(Length: 3)  24  46  77 
(Length: 4)  24  62  123  129 
(Length: 3)  24  114  137 
(Length: 3)  24  36  114 
(Length: 3)  24  36  147 
(Length: 4)  24  62  74  114 
(Length: 3)  24  36  53 
(Length: 3)  24  113  123 
(Length: 3)  24  118  137 
(Length: 3)  25  59  141 
(Length: 4)  25  33  136  142 
(Length: 4)  25  59  100  142 
(Length: 4)  25  33  59  142 
(Length: 3)  25  33  90 
(Length: 3)  25  45  135 
(Length: 4)  25  33  54  75 
(Length: 3)  25  33  61 
(Length: 3)  25  65  142 
(Length: 3)  25  71  73 
(Length: 4)  25  35  71  90 
(Length: 3)  25  73  129 
(Length: 3)  25  45  142 
(Length: 3)  25  73  135 
(Length: 4)  25  52  74  125 
(Length: 3)  25  75  112 
(Length: 4)  25  54  74  114 
(Length: 3)  25  49  65 
(Length: 3)  25  52  75 
(Length: 3)  25  112  114 
(Length: 4)  25  34  38  65 
(Length: 3)  25  75  135 
(Length: 3)  25  70  136 
(Length: 5)  25  34  65  99  125 
(Length: 5)  25  38  63  65  70 
(Length: 4)  25  63  125  141 
(Length: 4)  25  45  61  129 
(Length: 4)  25  45  99  125 
(Length: 4)  25  45  49  61 
(Length: 4)  25  34  112  129 
(Length: 4)  25  34  90  99 
(Length: 4)  25  34  52  125 
(Length: 3)  25  99  100 
(Length: 3)  25  100  129 
(Length: 4)  25  48  65  75 
(Length: 4)  25  34  112  136 
(Length: 4)  25  65  70  75 
(Length: 4)  25  65  70  114 
(Length: 5)  25  63  65  70  125 
(Length: 5)  25  65  70  99  125 
(Length: 3)  26  90  95 
(Length: 4)  26  41  98  139 
(Length: 3)  26  41  129 
(Length: 3)  26  59  139 
(Length: 3)  26  54  98 
(Length: 3)  26  41  90 
(Length: 4)  26  72  80  95 
(Length: 3)  27  51  99 
(Length: 4)  27  70  99  120 
(Length: 3)  27  92  120 
(Length: 3)  27  46  70 
(Length: 3)  27  71  125 
(Length: 4)  27  70  99  125 
(Length: 3)  27  71  92 
(Length: 3)  27  74  125 
(Length: 3)  28  89  99 
(Length: 3)  28  74  114 
(Length: 4)  28  60  99  110 
(Length: 4)  28  60  99  125 
(Length: 3)  28  38  70 
(Length: 4)  28  45  99  146 
(Length: 4)  28  70  99  125 
(Length: 3)  28  60  85 
(Length: 4)  28  52  74  125 
(Length: 4)  28  99  110  122 
(Length: 3)  28  56  114 
(Length: 3)  28  45  56 
(Length: 3)  28  72  89 
(Length: 3)  28  70  114 
(Length: 3)  28  114  122 
(Length: 3)  28  38  110 
(Length: 3)  28  56  110 
(Length: 3)  28  43  110 
(Length: 4)  28  43  52  146 
(Length: 3)  28  74  85 
(Length: 4)  28  45  99  125 
(Length: 4)  28  45  99  122 
(Length: 3)  28  45  61 
(Length: 3)  28  85  146 
(Length: 3)  29  62  74 
(Length: 4)  29  36  53  70 
(Length: 3)  29  51  138 
(Length: 3)  29  36  54 
(Length: 3)  29  62  147 
(Length: 3)  29  54  109 
(Length: 4)  29  54  74  117 
(Length: 3)  29  48  127 
(Length: 3)  29  54  138 
(Length: 3)  29  48  65 
(Length: 3)  29  61  117 
(Length: 3)  29  51  143 
(Length: 4)  29  36  70  147 
(Length: 3)  29  61  109 
(Length: 5)  29  38  53  65  70 
(Length: 4)  29  38  65  143 
(Length: 4)  29  54  66  143 
(Length: 3)  29  36  61 
(Length: 4)  29  36  53  100 
(Length: 3)  29  117  147 
(Length: 4)  29  53  70  127 
(Length: 3)  29  138  147 
(Length: 4)  30  36  97  104 
(Length: 4)  30  34  77  97 
(Length: 4)  30  34  77  117 
(Length: 4)  30  34  77  146 
(Length: 4)  30  76  88  133 
(Length: 3)  30  62  147 
(Length: 3)  30  76  77 
(Length: 3)  30  99  143 
(Length: 4)  30  34  99  146 
(Length: 4)  30  77  117  147 
(Length: 4)  30  36  70  88 
(Length: 3)  30  62  123 
(Length: 3)  30  76  123 
(Length: 4)  30  36  70  104 
(Length: 3)  30  88  146 
(Length: 4)  30  36  70  147 
(Length: 3)  30  73  147 
(Length: 5)  30  34  90  99  133 
(Length: 3)  31  60  101 
(Length: 3)  31  103  126 
(Length: 3)  31  99  120 
(Length: 3)  31  38  63 
(Length: 3)  31  39  60 
(Length: 3)  31  64  73 
(Length: 3)  31  39  103 
(Length: 3)  31  60  99 
(Length: 3)  31  64  103 
(Length: 3)  31  38  126 
(Length: 3)  32  90  131 
(Length: 3)  32  68  131 
(Length: 3)  32  125  131 
(Length: 3)  32  107  125 
(Length: 3)  32  37  117 
(Length: 3)  32  97  107 
(Length: 3)  32  37  106 
(Length: 3)  32  101  117 
(Length: 3)  33  47  61 
(Length: 4)  33  42  64  90 
(Length: 3)  33  47  67 
(Length: 3)  33  42  76 
(Length: 3)  33  42  136 
(Length: 3)  33  76  88 
(Length: 3)  33  54  89 
(Length: 3)  33  76  93 
(Length: 3)  33  39  119 
(Length: 3)  33  75  119 
(Length: 3)  33  93  136 
(Length: 4)  33  64  89  90 
(Length: 3)  33  59  67 
(Length: 3)  33  54  66 
(Length: 3)  33  37  136 
(Length: 4)  33  37  89  94 
(Length: 3)  33  66  88 
(Length: 3)  33  39  90 
(Length: 3)  34  42  136 
(Length: 4)  34  90  95  137 
(Length: 4)  34  42  64  90 
(Length: 4)  34  64  65  116 
(Length: 4)  34  90  95  133 
(Length: 4)  34  52  55  57 
(Length: 3)  34  56  65 
(Length: 4)  34  65  99  146 
(Length: 3)  34  116  136 
(Length: 4)  34  42  90  99 
(Length: 3)  34  38  42 
(Length: 4)  34  64  65  146 
(Length: 4)  34  65  125  139 
(Length: 3)  34  42  43 
(Length: 3)  34  38  97 
(Length: 3)  34  92  95 
(Length: 3)  34  43  95 
(Length: 4)  34  57  80  144 
(Length: 3)  34  92  97 
(Length: 4)  34  65  116  139 
(Length: 4)  34  55  56  129 
(Length: 4)  34  64  90  116 
(Length: 3)  34  57  97 
(Length: 4)  34  43  52  146 
(Length: 4)  34  43  52  116 
(Length: 4)  34  57  90  144 
(Length: 4)  34  60  99  125 
(Length: 4)  34  112  136  137 
(Length: 4)  34  77  117  136 
(Length: 4)  34  55  57  144 
(Length: 3)  34  92  139 
(Length: 4)  34  57  90  137 
(Length: 4)  34  77  136  146 
(Length: 4)  34  56  77  136 
(Length: 4)  34  80  136  144 
(Length: 4)  35  39  90  113 
(Length: 3)  35  43  105 
(Length: 3)  35  48  146 
(Length: 3)  35  51  86 
(Length: 3)  35  41  135 
(Length: 3)  35  41  90 
(Length: 4)  35  43  51  110 
(Length: 3)  35  71  111 
(Length: 3)  35  90  133 
(Length: 3)  35  41  132 
(Length: 4)  35  41  110  141 
(Length: 4)  35  43  110  123 
(Length: 4)  35  76  86  133 
(Length: 3)  35  39  105 
(Length: 3)  35  39  86 
(Length: 4)  35  68  111  133 
(Length: 3)  35  111  146 
(Length: 3)  35  39  146 
(Length: 3)  35  43  146 
(Length: 3)  35  76  123 
(Length: 4)  35  43  51  134 
(Length: 4)  35  51  132  134 
(Length: 3)  35  48  113 
(Length: 4)  36  130  144  147 
(Length: 4)  36  61  140  144 
(Length: 3)  36  70  82 
(Length: 4)  36  50  54  80 
(Length: 4)  36  54  80  114 
(Length: 3)  36  100  144 
(Length: 3)  36  88  130 
(Length: 4)  36  55  130  144 
(Length: 5)  36  70  80  88  114 
(Length: 4)  36  55  61  144 
(Length: 3)  36  54  140 
(Length: 3)  36  54  130 
(Length: 3)  36  100  142 
(Length: 3)  36  55  67 
(Length: 3)  36  82  97 
(Length: 3)  36  40  55 
(Length: 3)  36  55  82 
(Length: 3)  36  55  104 
(Length: 4)  36  50  54  89 
(Length: 3)  36  40  140 
(Length: 3)  36  40  142 
(Length: 3)  36  67  140 
(Length: 4)  36  50  55  89 
(Length: 3)  36  70  140 
(Length: 3)  36  97  114 
(Length: 3)  37  117  136 
(Length: 3)  37  53  124 
(Length: 3)  37  94  133 
(Length: 3)  37  89  117 
(Length: 3)  37  124  133 
(Length: 3)  37  82  148 
(Length: 3)  37  62  63 
(Length: 3)  37  124  148 
(Length: 3)  37  106  136 
(Length: 3)  37  63  71 
(Length: 3)  37  62  89 
(Length: 3)  38  42  109 
(Length: 3)  38  42  126 
(Length: 3)  38  78  143 
(Length: 3)  38  110  126 
(Length: 3)  38  109  128 
(Length: 3)  38  97  115 
(Length: 3)  38  78  97 
(Length: 3)  38  70  128 
(Length: 3)  38  53  115 
(Length: 3)  38  42  70 
(Length: 3)  38  115  128 
(Length: 3)  39  88  146 
(Length: 3)  39  115  119 
(Length: 3)  39  60  96 
(Length: 4)  39  45  56  86 
(Length: 3)  39  56  103 
(Length: 4)  39  88  96  113 
(Length: 3)  39  90  130 
(Length: 3)  39  88  130 
(Length: 3)  39  56  130 
(Length: 4)  39  45  86  119 
(Length: 3)  39  56  96 
(Length: 3)  39  113  115 
(Length: 3)  39  45  146 
(Length: 4)  39  90  103  113 
(Length: 4)  39  88  103  113 
(Length: 3)  40  120  140 
(Length: 5)  40  52  75  120  127 
(Length: 4)  40  52  55  120 
(Length: 3)  40  90  133 
(Length: 3)  40  58  75 
(Length: 3)  40  49  55 
(Length: 3)  40  47  103 
(Length: 3)  40  71  73 
(Length: 3)  40  58  140 
(Length: 4)  40  71  90  103 
(Length: 3)  40  94  133 
(Length: 4)  40  52  120  121 
(Length: 3)  40  55  73 
(Length: 3)  40  90  137 
(Length: 3)  40  49  121 
(Length: 4)  41  62  110  141 
(Length: 3)  41  121  141 
(Length: 3)  41  62  129 
(Length: 4)  41  57  90  103 
(Length: 3)  41  61  121 
(Length: 3)  41  61  139 
(Length: 3)  41  61  110 
(Length: 3)  41  79  143 
(Length: 3)  41  61  129 
(Length: 3)  41  135  143 
(Length: 3)  41  103  135 
(Length: 4)  41  64  90  103 
(Length: 3)  41  98  110 
(Length: 4)  41  57  62  132 
(Length: 3)  41  142  143 
(Length: 3)  41  79  119 
(Length: 3)  41  132  142 
(Length: 3)  42  69  122 
(Length: 4)  42  47  62  114 
(Length: 4)  42  47  70  114 
(Length: 3)  42  90  148 
(Length: 3)  42  70  136 
(Length: 3)  42  62  96 
(Length: 3)  42  68  111 
(Length: 3)  42  68  114 
(Length: 4)  42  70  99  120 
(Length: 3)  42  86  136 
(Length: 4)  42  90  99  120 
(Length: 3)  42  111  120 
(Length: 3)  42  90  126 
(Length: 3)  42  101  114 
(Length: 3)  42  122  126 
(Length: 3)  42  107  136 
(Length: 3)  42  109  118 
(Length: 3)  42  109  120 
(Length: 4)  42  43  47  105 
(Length: 3)  42  64  105 
(Length: 3)  42  76  96 
(Length: 3)  42  69  109 
(Length: 3)  42  69  111 
(Length: 3)  42  114  122 
(Length: 4)  42  90  118  130 
(Length: 4)  43  69  102  146 
(Length: 3)  43  98  116 
(Length: 3)  43  51  59 
(Length: 3)  43  51  52 
(Length: 4)  43  47  95  105 
(Length: 3)  43  102  123 
(Length: 3)  43  59  106 
(Length: 3)  43  98  110 
(Length: 3)  43  47  98 
(Length: 4)  44  62  96  123 
(Length: 3)  44  78  112 
(Length: 3)  44  55  78 
(Length: 3)  44  62  97 
(Length: 3)  44  112  121 
(Length: 3)  44  61  96 
(Length: 3)  44  94  112 
(Length: 3)  44  78  97 
(Length: 4)  44  55  61  124 
(Length: 3)  44  61  121 
(Length: 3)  44  70  108 
(Length: 3)  45  63  76 
(Length: 4)  45  79  99  143 
(Length: 4)  45  56  76  86 
(Length: 3)  45  49  143 
(Length: 4)  45  66  79  143 
(Length: 3)  45  63  146 
(Length: 3)  45  63  79 
(Length: 3)  45  68  87 
(Length: 3)  45  56  129 
(Length: 3)  45  47  61 
(Length: 3)  45  79  119 
(Length: 3)  45  142  146 
(Length: 3)  45  119  120 
(Length: 3)  45  47  87 
(Length: 3)  45  56  87 
(Length: 4)  45  99  120  146 
(Length: 3)  45  79  87 
(Length: 3)  45  49  68 
(Length: 3)  46  70  140 
(Length: 3)  46  54  77 
(Length: 3)  46  54  140 
(Length: 4)  46  70  127  134 
(Length: 3)  46  81  129 
(Length: 3)  46  54  102 
(Length: 3)  46  77  134 
(Length: 4)  46  102  123  129 
(Length: 3)  46  126  129 
(Length: 3)  46  81  127 
(Length: 4)  46  77  94  146 
(Length: 4)  46  77  146  149 
(Length: 3)  46  102  146 
(Length: 3)  47  48  95 
(Length: 4)  47  62  97  114 
(Length: 3)  47  61  124 
(Length: 3)  47  82  95 
(Length: 3)  47  67  103 
(Length: 3)  47  67  95 
(Length: 3)  47  105  124 
(Length: 3)  47  48  98 
(Length: 3)  47  70  82 
(Length: 3)  47  61  95 
(Length: 3)  47  67  114 
(Length: 3)  47  82  97 
(Length: 3)  47  67  98 
(Length: 3)  48  88  146 
(Length: 3)  48  116  118 
(Length: 3)  48  88  113 
(Length: 3)  48  65  116 
(Length: 4)  48  65  75  79 
(Length: 3)  48  84  127 
(Length: 3)  48  98  116 
(Length: 4)  48  75  113  127 
(Length: 3)  48  79  118 
(Length: 3)  48  108  127 
(Length: 3)  48  65  146 
(Length: 3)  48  108  145 
(Length: 4)  49  65  121  130 
(Length: 3)  49  121  141 
(Length: 3)  49  55  130 
(Length: 3)  49  68  78 
(Length: 3)  49  55  61 
(Length: 3)  49  51  143 
(Length: 4)  49  51  61  121 
(Length: 3)  49  78  143 
(Length: 4)  49  51  121  130 
(Length: 3)  49  55  78 
(Length: 3)  50  69  103 
(Length: 3)  50  64  89 
(Length: 3)  50  55  120 
(Length: 3)  50  80  132 
(Length: 3)  50  69  132 
(Length: 4)  50  54  80  103 
(Length: 3)  50  55  135 
(Length: 4)  50  64  103  112 
(Length: 3)  50  64  128 
(Length: 3)  50  103  135 
(Length: 3)  51  99  143 
(Length: 3)  51  52  121 
(Length: 3)  51  91  143 
(Length: 3)  51  80  121 
(Length: 3)  51  58  139 
(Length: 4)  51  61  134  139 
(Length: 3)  51  52  118 
(Length: 3)  51  59  139 
(Length: 4)  51  57  80  132 
(Length: 4)  51  99  110  122 
(Length: 3)  51  96  143 
(Length: 3)  51  86  138 
(Length: 3)  51  91  138 
(Length: 4)  51  110  122  126 
(Length: 3)  51  52  57 
(Length: 4)  51  61  110  126 
(Length: 3)  51  58  86 
(Length: 3)  51  99  121 
(Length: 3)  52  96  127 
(Length: 4)  52  111  120  146 
(Length: 4)  52  55  57  120 
(Length: 3)  52  57  74 
(Length: 3)  52  109  120 
(Length: 4)  52  109  116  118 
(Length: 4)  52  111  120  127 
(Length: 3)  52  118  125 
(Length: 3)  53  105  124 
(Length: 3)  53  115  145 
(Length: 3)  53  115  127 
(Length: 4)  53  70  75  127 
(Length: 4)  53  65  70  75 
(Length: 3)  53  105  127 
(Length: 3)  53  117  149 
(Length: 3)  54  77  117 
(Length: 3)  54  76  130 
(Length: 3)  54  76  86 
(Length: 3)  54  76  78 
(Length: 3)  54  78  89 
(Length: 3)  54  71  131 
(Length: 3)  54  71  107 
(Length: 3)  54  71  103 
(Length: 3)  54  86  138 
(Length: 3)  54  66  140 
(Length: 3)  54  131  140 
(Length: 3)  54  78  143 
(Length: 4)  54  74  80  114 
(Length: 4)  54  102  109  120 
(Length: 3)  54  118  130 
(Length: 3)  54  80  107 
(Length: 3)  54  86  102 
(Length: 3)  54  89  117 
(Length: 4)  54  77  114  138 
(Length: 3)  54  78  114 
(Length: 3)  55  67  135 
(Length: 3)  55  102  120 
(Length: 3)  55  61  129 
(Length: 3)  55  73  135 
(Length: 3)  55  56  130 
(Length: 4)  55  56  82  129 
(Length: 3)  55  56  67 
(Length: 3)  55  57  124 
(Length: 4)  55  73  102  129 
(Length: 3)  55  78  104 
(Length: 3)  55  78  89 
(Length: 4)  56  77  101  145 
(Length: 4)  56  65  101  114 
(Length: 3)  56  69  86 
(Length: 3)  56  76  82 
(Length: 3)  56  62  145 
(Length: 3)  56  62  129 
(Length: 3)  56  62  114 
(Length: 3)  56  62  110 
(Length: 3)  56  62  96 
(Length: 3)  56  86  136 
(Length: 4)  56  77  87  101 
(Length: 4)  56  101  130  145 
(Length: 4)  56  65  121  130 
(Length: 3)  56  76  77 
(Length: 4)  56  77  101  114 
(Length: 4)  56  67  69  103 
(Length: 3)  56  86  145 
(Length: 3)  56  69  121 
(Length: 3)  56  76  96 
(Length: 4)  56  65  76  130 
(Length: 4)  56  65  101  130 
(Length: 3)  56  82  145 
(Length: 4)  57  74  80  114 
(Length: 3)  57  114  137 
(Length: 3)  57  74  85 
(Length: 3)  57  72  80 
(Length: 4)  57  70  80  114 
(Length: 4)  57  85  90  113 
(Length: 3)  57  80  103 
(Length: 3)  57  70  120 
(Length: 3)  57  85  132 
(Length: 3)  57  70  106 
(Length: 4)  57  85  106  113 
(Length: 3)  57  124  131 
(Length: 4)  57  85  90  120 
(Length: 3)  57  90  131 
(Length: 4)  57  62  97  114 
(Length: 4)  57  90  103  113 
(Length: 3)  57  72  97 
(Length: 3)  57  72  137 
(Length: 4)  57  62  74  114 
(Length: 3)  58  140  144 
(Length: 3)  58  75  112 
(Length: 4)  58  78  112  114 
(Length: 4)  58  68  78  114 
(Length: 4)  58  78  114  139 
(Length: 3)  58  68  144 
(Length: 3)  58  139  140 
(Length: 3)  59  67  106 
(Length: 3)  59  62  141 
(Length: 3)  60  69  85 
(Length: 4)  60  85  101  140 
(Length: 4)  60  91  101  138 
(Length: 3)  60  99  100 
(Length: 3)  60  99  140 
(Length: 3)  60  96  147 
(Length: 3)  61  71  126 
(Length: 3)  61  139  140 
(Length: 4)  61  101  128  134 
(Length: 3)  61  126  129 
(Length: 4)  61  101  117  128 
(Length: 3)  61  83  109 
(Length: 3)  61  95  96 
(Length: 4)  61  101  128  140 
(Length: 3)  61  109  128 
(Length: 4)  61  124  128  134 
(Length: 3)  61  95  140 
(Length: 4)  62  81  129  147 
(Length: 3)  62  63  132 
(Length: 3)  62  96  147 
(Length: 3)  62  110  123 
(Length: 4)  63  76  88  130 
(Length: 3)  63  76  82 
(Length: 4)  63  65  76  130 
(Length: 3)  63  70  82 
(Length: 3)  63  65  79 
(Length: 3)  63  77  146 
(Length: 3)  63  70  88 
(Length: 4)  63  76  137  141 
(Length: 3)  63  88  146 
(Length: 4)  63  76  77  141 
(Length: 3)  63  79  137 
(Length: 4)  63  65  111  146 
(Length: 3)  64  103  122 
(Length: 3)  64  81  105 
(Length: 4)  64  90  116  131 
(Length: 4)  64  116  128  131 
(Length: 3)  64  65  73 
(Length: 3)  64  65  124 
(Length: 3)  64  105  124 
(Length: 3)  64  73  128 
(Length: 4)  64  124  128  131 
(Length: 3)  64  89  108 
(Length: 3)  65  79  124 
(Length: 3)  65  79  114 
(Length: 3)  65  139  148 
(Length: 4)  65  75  79  143 
(Length: 3)  65  99  121 
(Length: 3)  65  94  114 
(Length: 3)  65  70  116 
(Length: 3)  65  72  116 
(Length: 3)  65  142  146 
(Length: 3)  65  94  143 
(Length: 3)  65  94  146 
(Length: 3)  65  114  139 
(Length: 4)  65  75  143  148 
(Length: 4)  65  79  99  143 
(Length: 3)  65  116  143 
(Length: 3)  66  139  140 
(Length: 3)  66  125  139 
(Length: 3)  66  88  103 
(Length: 3)  66  79  103 
(Length: 3)  67  113  148 
(Length: 3)  67  95  140 
(Length: 4)  67  98  112  137 
(Length: 3)  67  106  113 
(Length: 3)  67  103  135 
(Length: 4)  67  112  114  137 
(Length: 3)  67  113  127 
(Length: 3)  67  135  140 
(Length: 3)  67  107  113 
(Length: 4)  67  112  137  148 
(Length: 4)  68  80  111  133 
(Length: 4)  68  74  80  114 
(Length: 4)  68  80  111  144 
(Length: 4)  69  93  125  132 
(Length: 3)  69  85  109 
(Length: 3)  69  111  132 
(Length: 3)  69  103  122 
(Length: 3)  69  85  146 
(Length: 4)  69  85  121  141 
(Length: 3)  69  111  146 
(Length: 4)  69  73  86  102 
(Length: 3)  69  93  102 
(Length: 3)  69  102  109 
(Length: 4)  69  85  113  141 
(Length: 3)  69  70  125 
(Length: 3)  69  102  121 
(Length: 4)  70  99  125  128 
(Length: 4)  70  99  120  140 
(Length: 3)  70  80  136 
(Length: 4)  70  75  120  127 
(Length: 3)  70  116  136 
(Length: 4)  70  75  127  134 
(Length: 4)  70  99  104  128 
(Length: 4)  70  99  128  140 
(Length: 3)  70  108  127 
(Length: 3)  70  108  125 
(Length: 3)  70  128  134 
(Length: 4)  70  106  136  147 
(Length: 4)  70  104  116  128 
(Length: 3)  71  97  107 
(Length: 3)  71  90  131 
(Length: 3)  71  107  125 
(Length: 3)  71  87  88 
(Length: 3)  71  87  90 
(Length: 4)  71  88  103  126 
(Length: 4)  71  90  103  126 
(Length: 3)  71  125  131 
(Length: 3)  71  92  97 
(Length: 3)  72  111  137 
(Length: 3)  72  80  111 
(Length: 3)  72  76  93 
(Length: 3)  72  93  97 
(Length: 3)  72  76  137 
(Length: 3)  72  83  96 
(Length: 3)  72  95  96 
(Length: 3)  74  91  114 
(Length: 3)  74  83  91 
(Length: 4)  75  87  127  134 
(Length: 4)  75  79  112  137 
(Length: 4)  75  81  87  127 
(Length: 3)  75  79  119 
(Length: 4)  75  112  134  148 
(Length: 3)  75  87  138 
(Length: 4)  75  112  137  148 
(Length: 3)  75  119  120 
(Length: 4)  75  79  112  134 
(Length: 4)  75  79  87  134 
(Length: 3)  75  135  143 
(Length: 3)  75  113  148 
(Length: 3)  76  96  127 
(Length: 3)  76  96  123 
(Length: 3)  76  88  96 
(Length: 3)  76  108  127 
(Length: 4)  77  117  136  147 
(Length: 3)  77  97  148 
(Length: 3)  77  87  94 
(Length: 4)  77  101  134  148 
(Length: 4)  77  87  101  134 
(Length: 4)  77  87  101  138 
(Length: 3)  77  117  149 
(Length: 3)  77  97  114 
(Length: 4)  77  101  114  138 
(Length: 3)  77  141  145 
(Length: 3)  77  94  114 
(Length: 3)  77  101  117 
(Length: 3)  78  97  104 
(Length: 3)  78  79  143 
(Length: 3)  78  104  116 
(Length: 4)  78  79  112  114 
(Length: 3)  78  116  139 
(Length: 3)  78  97  148 
(Length: 3)  78  79  104 
(Length: 3)  78  116  143 
(Length: 3)  78  143  148 
(Length: 3)  78  139  148 
(Length: 3)  78  97  114 
(Length: 3)  78  112  148 
(Length: 3)  79  96  104 
(Length: 4)  79  112  114  137 
(Length: 3)  79  96  134 
(Length: 3)  79  118  124 
(Length: 3)  79  103  112 
(Length: 3)  79  118  137 
(Length: 3)  79  96  143 
(Length: 3)  80  111  132 
(Length: 3)  80  107  136 
(Length: 3)  80  88  103 
(Length: 3)  80  88  133 
(Length: 3)  81  105  127 
(Length: 3)  81  106  147 
(Length: 3)  81  100  129 
(Length: 3)  82  97  148 
(Length: 3)  83  91  137 
(Length: 3)  83  136  137 
(Length: 3)  83  109  142 
(Length: 3)  83  102  109 
(Length: 3)  83  136  142 
(Length: 3)  83  132  142 
(Length: 3)  84  114  137 
(Length: 3)  84  92  97 
(Length: 3)  84  97  114 
(Length: 3)  85  120  146 
(Length: 3)  85  120  140 
(Length: 4)  85  88  146  149 
(Length: 3)  85  109  118 
(Length: 3)  85  121  130 
(Length: 3)  85  109  120 
(Length: 3)  85  141  145 
(Length: 3)  85  120  121 
(Length: 4)  85  88  113  149 
(Length: 3)  85  88  130 
(Length: 4)  85  101  130  145 
(Length: 4)  85  90  118  130 
(Length: 3)  87  89  108 
(Length: 3)  87  108  138 
(Length: 3)  87  108  127 
(Length: 3)  87  89  94 
(Length: 3)  88  133  149 
(Length: 4)  88  103  113  126 
(Length: 3)  89  90  99 
(Length: 3)  89  99  121 
(Length: 4)  90  103  113  126 
(Length: 3)  90  131  148 
(Length: 3)  90  137  148 
(Length: 3)  90  126  144 
(Length: 3)  90  130  144 
(Length: 4)  90  116  118  131 
(Length: 3)  90  113  148 
(Length: 3)  90  118  137 
(Length: 3)  91  108  145 
(Length: 3)  91  137  145 
(Length: 3)  91  114  137 
(Length: 4)  91  101  114  138 
(Length: 3)  91  123  129 
(Length: 3)  91  108  127 
(Length: 3)  91  108  138 
(Length: 3)  91  101  145 
(Length: 3)  92  134  139 
(Length: 3)  92  95  96 
(Length: 3)  92  122  139 
(Length: 3)  92  96  134 
(Length: 3)  93  97  104 
(Length: 3)  94  112  114 
(Length: 3)  95  105  140 
(Length: 3)  95  105  137 
(Length: 3)  96  104  113 
(Length: 3)  96  113  123 
(Length: 3)  96  113  127 
(Length: 3)  96  127  134 
(Length: 3)  97  104  115 
(Length: 3)  98  125  132 
(Length: 3)  98  110  126 
(Length: 3)  98  116  139 
(Length: 3)  98  125  139 
(Length: 3)  98  112  126 
(Length: 4)  99  102  120  146 
(Length: 3)  99  100  128 
(Length: 4)  99  102  120  121 
(Length: 3)  100  128  142 
(Length: 3)  100  116  128 
(Length: 3)  100  113  123 
(Length: 3)  100  123  129 
(Length: 4)  101  112  134  148 
(Length: 3)  101  112  114 
(Length: 3)  102  109  123 
(Length: 3)  102  112  121 
(Length: 3)  102  112  129 
(Length: 3)  103  112  126 
(Length: 3)  103  122  126 
(Length: 3)  104  117  128 
(Length: 3)  104  132  142 
(Length: 4)  104  115  116  128 
(Length: 3)  104  142  146 
(Length: 3)  104  113  115 
(Length: 3)  104  128  142 
(Length: 3)  105  124  148 
(Length: 3)  106  138  147 
(Length: 3)  108  125  132 
(Length: 3)  109  128  142 
(Length: 3)  109  116  128 
(Length: 3)  110  122  123 
(Length: 3)  111  146  149 
(Length: 3)  111  144  149 
(Length: 3)  111  144  147 
(Length: 3)  111  140  144 
(Length: 3)  111  133  149 
(Length: 3)  111  115  127 
(Length: 3)  112  126  129 
(Length: 3)  113  115  127 
(Length: 3)  113  115  141 
(Length: 3)  114  122  139 
(Length: 3)  114  122  137 
(Length: 3)  115  119  128 
(Length: 3)  115  141  145 
(Length: 3)  116  118  139 
(Length: 3)  116  131  143 
(Length: 3)  117  119  128 
(Length: 3)  118  125  139 
(Length: 3)  118  125  131 
(Length: 3)  119  120  140 
(Length: 3)  119  128  140 
(Length: 3)  119  140  144 
(Length: 3)  124  134  148 
(Length: 3)  124  131  148 
(Length: 3)  125  128  131 
(Length: 3)  126  129  147 
(Length: 3)  126  144  147 
(Length: 3)  128  131  140 
(Length: 3)  128  131  142 
(Length: 3)  131  143  148 
(Length: 3)  134  139  148 
(Length: 3)  136  144  147 
(Length: 3)  136  142  146 
...model cost: 1.74 seconds  45621 FFE
 (opt) 670.00000000 == 670.00000000 (sur)  OPTIMALITY TEST PASSED!
   BESTimpr 586.00000000 -> 653.00000000
111*1*11*1**1*1*11*11**1*1**1*1**1*1*111**111*11*111*11**1*1*1***11*111*****111**1***111111***1*****11**1**1111*1****11*11*1*111**1*1*1*1*11***111*111


*111**111*11****11*1*****1*1**1*1*1111*11*1*1*11*1*1***111***1****111*1*1**1**1**1****111***1****1*111**111**11**1****1*******1*1**1**11***1*****1111*

   BESTimpr 653.00000000 -> 654.00000000
11*11**11**1**11**11*1***11***1*11*1*111*1111*1**1**11111**1**11**11*11**11***1*11*****11**1*1**1***1111111**11**1*1111111**1*****11**111****111*11*11

