Walsh model started...
 110  107  119  54  94  109  128  136  104  15  13  67  133  85  31  23  135  26  72  134  95  123  76  29  113  20 
 72  30  45  67  102  83  75  136  68  61  138  79  100  132 
 33  110  4  144  86  134  101  141  129  9  62  28  47  100  52  98  61  69 
 148  109  5  50  126  60  87  97  133  120  113  84  11  139  15  131  65  63  47  107  130 
 99  92  72  133  144  2  23  132  93  86  49  90 
 78  60  6  15  3  50  132  74  27  138  70  23  118  114  120  75  73  80  142  105  117  22  72  33  148  64  51  77  121  123  84  91  43  48 
 126  109  57  13  5  15  135  14  132  9  78  24  50  88  68  65  52  73  96  140  104  128  116  94  30  38  33  70  26  121  46 
 99  96  54  118  62  145  17  32  106  119  141  132  139  109  87  142  27  147  89  19  136  105  63  52  111  112  97  122 
 90  108  127  82  118  129  144  49  110  116  124  128  138  48  14  52  95  100  29  11  39  117  130  86  20  87  121  62  80  24 
 113  87  124  33  20  116  132  6  22  37  143  29  99  140  10  129  2  73  83  110  72  38  109 
 140  33  121  85  103  34  55  19  63  108  89  106  66  68  129  123  72  61  9  54  23  102  16  48  90  35  112 
 36  31  15  98  113  93  128  66  68  63  84  117  115  119  135  137  3  57  42  8  29  79  40  75  33  94  88  64  41  23 
 39  108  107  129  102  40  63  47  57  59  131  92  88  135  144  147  112  58  126  74  38  29  69  26  17  80  14  110 
 57  6  14  82  76  41  118  101  67  0  15  79  74  43  26  139  134  108  127  84  27  95  42  65 
 13  82  6  135  112  78  21  44  68  52  8  32  125  77  60  69  132  116  83  104  100  12  110  39  16 
 5  6  11  98  136  138  43  33  104  0  130  77  111  38  13  79  145  124  34  64  139  3  39  48  91  52  82  127 
 56  99  109  106  95  120  85  134  128  10  102  78  47  49  123  14  39  59  98  110  145  87 
 145  7  19  124  64  99  26  44  130  128  77  50  105  83  88  12  40  86  36  112 
 118  39  102  41  135  89  53  142  31  76  46  36  45  49  104 
 34  149  55  10  17  124  122  44  21  28  87  75  7  32  109  89  60  143  128  54 
 126  89  128  111  116  9  106  57  127  121  104  43  122  37  36  34  81  46  75  94  129  140  29  110  115  105  8  87  92  95  124  113  0 
 148  125  22  138  63  85  66  34  44  14  76  139  81  119  59  77  28  19  49  40  121  45  113  108 
 21  138  9  37  112  81  68  53  124  84  87  111  117  5  72  67  50  55 
 113  99  55  118  121  91  132  4  70  5  96  97  72  31  0  119  81  76  37  133  50  54  10  73  116  114  126  62  47  110  112  138  51  137  60  85  36  142  38  65  11  41 
 82  141  117  96  27  47  73  53  78  6  56  108  55  106  142  28  8  80  133  30 
 132  112  122  96  109  44  39  76  149  88  78  125  148  64  79  89  133  32  124  136  105  141  130 
 90  36  83  113  141  76  65  71  106  102  120  34  128  84  27  135  0  40  39  17  44  13  139  69  12  89  97  81  41  70  6  29  112  111  93  50 
 89  140  5  138  70  111  24  47  142  7  39  83  26  84  32  42  114  81  13  95  139  31  128  71 
 83  81  89  49  21  19  2  62  24  142  128  134 
 86  101  58  63  83  41  122  66  143  9  149  111  100  33  141  91  84  38  12  20  140  8  11  76  0  112  26  50 
 72  1  141  37  64  39  108  34  119  78  52  79  6  38  117  47  135  130  133  24 
 116  142  36  11  121  38  18  23  0  34  52  33  124  110  27  139  103  114  72  148  95  92  125 
 115  95  138  99  7  106  48  33  55  42  39  101  111  90  114  27  125  14  19  38  104  52  123  44  25  69  149  54  78  64  112 
 140  10  110  2  43  15  124  9  117  108  32  48  92  136  67  93  55  84  143  146  87  68  141  29  132  106  5  148  114  31  62  66  53  111  70  6  11  75 
 101  69  66  21  103  10  98  113  19  149  20  36  26  120  30  108  59  147  93  58  142  129  145  85  15  64  46  71  31  52  77  72  124  51  92  146  117 
 87  89  149  66  83  135  139  10  68  130  110  123  141 
 90  26  11  31  20  34  83  65  70  41  18  45  127  91  124  93  42  103  23  142  92  112  17 
 22  9  30  141  122  20  68  104  103  105  76  23  117  82 
 86  49  121  31  65  118  42  53  56  93  111  15  12  29  32  104  23  30  6  72  9  109 
 71  136  108  12  18  118  25  76  149  63  64  30  137  32  42  83  27  40  26  110  48  15  115  91  117  8  142  82  14  16 
 102  12  59  58  122  131  26  39  49  21  79  11  17  86 
 76  13  102  18  135  127  92  83  29  61  131  70  36  114  81  26  42  11  23 
 38  53  61  83  32  39  27  57  11  36  103  119  72  41  92  13  101  65 
 15  33  20  104  115  75  127  101  55  74  13  82  142  91  5  92  103  133  83  111 
 109  25  139  71  21  14  54  96  67  81  52  111  105  127  122  19  26  17  32  77  64  75  97 
 129  74  142  89  1  67  83  72  18  36  52  121  21  54  139 
 87  89  122  112  81  20  95  131  49  113  18  76  34  71  75  145  142  51  144  105  129  82  6  88 
 143  126  90  79  65  142  12  63  24  27  60  64  84  128  97  68  71  132  62  23  2  100  120  139  16  78  3  117  30  87  96 
 32  33  102  137  138  8  71  55  49  140  51  125  110  39  70  118  15  10  63  139  124  5 
 86  38  135  96  144  8  118  78  28  89  105  93  99  48  140  92  97  113  46  128  40  21  74  82  104  18  66  4  90  81  16  123  72 
 5  3  126  91  104  79  6  78  133  23  100  85  106  103  22  55  77  17  115  129  29  26 
 78  140  64  85  102  127  57  117  48  125  5  70  23  142  46  34  124 
 92  86  76  118  95  96  145  136  44  111  6  65  14  8  31  34  91  15  32  123  45  89  79  30  122  83  98  2  64  7 
 118  86  42  38  24  73  68  22  18  89  81  84  77  56  145  62  33  111  119 
 103  126  100  96  7  118  119  0  44  139  86  23  10  143  147  45  68  110  138  95  19  128  32  78  136  107 
 107  143  118  23  65  86  19  10  48  32  68  133  93  33  101  43  124  121  22  50  24  106  99  108  60  76  59 
 99  16  38  93  83  127  108  24  128  104  53  145  73  70 
 6  13  106  20  59  12  51  117  126  68  134  95  11  42 
 29  63  40  59  93  34  141  101  12  112  132  139 
 40  58  57  12  71  111  147  34  21  77  124  146  104  126  96  16  98  143  55 
 78  5  88  83  3  126  47  64  133  75  70  141  132  81  66  77  14  114  68  82  148  23  137  19  143  99  119  55  106 
 85  115  119  98  75  138  107  63  125  42  83  41  131  72  10  68  1  69  2 
 91  106  137  84  118  7  138  107  148  100  47  23  103  33  66  68  53  97  95  2  28  8  121 
 58  29  85  21  149  39  12  47  64  106  10  108  135  107  61  68  11  142  130  113  122  129  48  105  7  3 
 116  78  123  146  47  60  63  106  85  51  110  120  30  39  126  34  15  99  17  148  25  5  77  44  52  32  11  88 
 142  47  26  71  129  111  86  55  105  92  38  118  83  36  6  52  128  123  84  88  91  110  102  126  23  131  3  42  13 
 129  108  34  21  149  35  122  29  68  10  128  11  60  81  86  49  62  33  120  116  75  138  94 
 105  76  44  81  111  134  33  136  1  45  13  0  127  135  124  108  82  138  22  110  103  96  106 
 53  22  37  104  66  10  133  55  78  14  6  88  74  112  63  11  87  33  146  73  126  57  97  47  35  62  61  1  60  114  54  110  121 
 101  34  12  26  14  132  106  61  2  149  32 
 128  104  111  27  23  5  36  41  75  60  48  118  73  56  51  33  108  6  26  121  101 
 78  127  39  136  139  44  26  65  111  59  48  102  128  83  100  121  104  101  134  47  132  46  34  80  98  27 
 4  133  1  30  45  83  91  23  61  10  22  5  77  34  0  134  148  31  42  119  38  49  110  9 
 24  53  81  68  146  75  5  6  96  116  23  70  56  136  77  9  83  127  87  102  144 
 5  132  45  129  140  125  68  112  43  13  87  99  126  12  49  82  141  122  146  138 
 118  121  138  61  43  115  131  122  73  5  70  60  20  94  105  46  145  136  1  87  19  11  33  44  97  66 
 13  41  141  26  52  118  39  25  93  100  105  67  139  21  82  23  37  18  46  129  78  92  112  103  0  29  55 
 130  15  21  59  124  53  84  34  72  128  78  5  121  17  50  136  73  60  14  101  44  64 
 127  71  60  5  64  116  14  112  51  140  24  6  50  120  68  125  25  118  49  30  119  142  143  98  83  128  77  136  99  129  76  16  47  54  32 
 90  47  116  120  50  104  106  128  84  97  15  13  110  119  52  30  132  25  11  40  138  1  83 
 86  107  102  116  142  5  71  98  110  108  8  24  112  12 
 83  28  142  91  82  22  112  44  67  21  119  73  53  109  97  20  46  23  60  66  27  114  92  149  26  41  49  135  140  127 
 14  13  127  8  141  24  83  81  76  67  43  142  49  74  15  39  60  148  46  129  117  37 
 26  113  81  28  88  60  82  29  41  149  36  65  35  135  45  72  102  1  61  42  112  89  39  27  100  71  127  56  98  78  17  105  116  14  93  52  79  73  9  144  131  43  111 
 62  137  98  107  128  47  33  143  124  22  79  97  11  117  26  27  3  53  77  88  65  91  29  13  127  5  123  101  145 
 115  61  10  121  63  21  138  132  137  144  64  51  16  95  0  110  126  145  34  136  100  50  23  105 
 92  52  29  101  38  49  65  55  53  118  80  107  106  116  2  134  139  54  99  93  4  147  123  137  66  8  130  40  17  142  89 
 9  113  46  89  35  144  121  97  3  106  143  7  145  146  33  68  139  22  111  74  99  75  19  8  20  127  73  47  96  109  16 
 83  60  134  107  149  25  92  12  148  115  6  68  84  65  128  17  130  131  106  46  11  64  105 
 87  46  126  20  129  136  142  45  27  140  35  122  95  18  53  10  106  114  83  112  28  49  147  7  52  133  25  26  97  109  19  86  131  119 
 36  26  8  108  47  79  142  101  145  107  32  114  124  10  140  4  49 
 106  62  142  81  121  23  126  50  72  135  139  127  36  52  15  65  110  39  115  84  29  43  5 
 52  86  99  4  127  41  105  65  33  124  88  12  97  49  128  142  81  95  31  76  129  36  34  43  20  42 
 76  100  113  11  38  56  33  55  34  58  105  49  111  108  86  4  83  36  110  109  131  26 
 132  140  0  109  20  75  116  6  66  11 
 32  115  135  122  89  52  96  120  16  85  57  134  46  131  136  123  0  8  100  13  27  97  62  92  31  54  138  20  124 
 122  25  100  54  7  99  52  95  135  49  117  24  44  23  97  6  73  127  59  126  108  67  138  47  87 
 109  118  87  3  23  96  81  84  79  92  49  47  68  123  113  62  95  89  26  75  44  7  122 
 128  100  15  11  113  34  119  61  144  112  118  109  84  107  130  114  147  141  83  78  125  149  71  80  137  129  52  2  16  59 
 23  113  56  16  7  96  92  4  138  32  114  129  116  137  9  140  49  86  74  87  64  17  127  55  108  78  136  60  119 
 128  98  96  54  76  93  83  71  111  29  85  50  148  62  8  95  2  47  14  104  1  132 
 29  86  118  13  34  69  142  90  147  144  43  55  32  111  141  58  134  71  2  84  77  121  70  42 
 41  18  12  40  26  106  48  137  116  80  71  51  127  1  83  10  16  65  126  144  73 
 54  126  34  10  37  105  110  67  106  50  131  116  138  62  31  114  36  42  76  112  133  43 
 70  128  20  43  68  37  145  138  15  0  50  79  140  6  121  71  56  49  18  59  146  38  32  110  134  107  14  100 
 146  148  143  109  76  67  65  92  140  103  37  127  44  93  49  75  5  111  139  17  83  20  46  144  7  63  119  112  110  85  25  88  141  107  136 
 91  62  142  140  26  102  109  16  57  20  32  7  64  63  86  116  143  87  10  89  128  79  132  33  103  50  24  55  69  136  67  60  88 
 110  0  55  143  129  12  88  134  138  62  145  90  80  86  84  98  61  63  125  142  104  136  54  130  3  141  105 
 39  12  66  129  90  8  115  122  33  117  63  10  30  34  124  67  111  93  56  24  114  13  134  96  55  99  131  146  80  110  70  112  21  113 
 126  6  3  148  97  118  25  44  143  105  16  106  94  0  98  7  139  81  145  144  89  19  93  131  9  38  87 
 107  0  33  2  116  8  120  64  85  48  39  79  119  67  103  65  91  31  23  130  35  20  104  113  93  80  108  68  54  14  12  9  72  131  127  16  145  105 
 128  20  65  129  70  27  71  59  134  67  52  44  38  15  101  32  100  29  93  108  22  87  105  139  53  33  7  83  43  26 
 132  25  122  46  14  78  22  81  144  98  74  68  83  89  12  58  138  23  80  76  103  10  108  29  26  105  119  36  17  7  32 
 9  87  23  99  26  83  98  34  142  131  11  93  120  3  130  63  144  123  49  46  97  110  21  108  20  0 
 129  99  130  98  136  89  118  5  90  32  23  126  33  108  27  81  135  41  103  31  60  68 
 85  61  32  95  122  108  43  75  127  148  88  119  11  39  91  20  128  129  50 
 31  142  64  78  20  9  120  79  110  8  102  80  86  106  99  137  73  23  103  131  94  6  83  14  66 
 96  24  33  108  57  51  84  11  22  5  39  8  30  47  146  34  37  82 
 109  97  18  39  55  23  13  101  52  76  7  54  62  8  129  75  121  53  86  38  65  98  114  5  49  78  70  48  136 
 0  54  61  98  7  141  81  21  148  121  30  78  23  115  11  79  110  125  42  72  99  60  105  112  89  53  139  147 
 95  16  116  79  110  64  26  34  5  78  3  113  66  139  47 
 10  85  118  75  91  23  87  144  20  127  31  38  119  148  124  55  104  71  5  77  145  21  45  8  62  70  101  138  6  68 
 145  125  25  96  46  112  95  135  89  115  108  40  131  37  20  29  66  75  19  44  129  63  52  136  141  74  7  97 
 146  64  129  10  65  128  144  113  147  86  32  52  95  0  5  84  97  16  49  35  141 
 33  9  128  8  19  17  92  108  67  84  22  55  121  145  15  77  59  31  90  36  34  51  25  136  139  48  95  20  125 
 148  21  122  145  74  140  78  25  61  107  48  51  119  98  149  32  14  124  31 
 103  54  6  109  143  47  20  89  3  60  50  91  64  85  57  68  12  74  114  23  59  96  102  65 
 78  71  82  8  41  92  20  121  115  43  102  51  135  67  105  44  83  56  99  96  36  91  13  84  15  144  87  73  131  110  140  81 
 100  98  70  104  111  20  0  136  124  8  66  11  106  79  84  47  71  26  65  123  134  16  56  49  92  130  17  77  78  6  88  115  19  54  28  27 
 107  12  66  108  136  89  45  74  146  142  8  118  65  111  141  135  114  99  123  10  34  20  9  122  63  2  76  78  137  98  115  50  92  46  82 
 114  98  77  15  63  113  17  128  35  110  8  86  131  88  135  30  107  3  141  25 
 122  40  142  113  12  75  61  41  46  95  103  116  146  108  109  93  3  65  130  88  89  83  110  127 
 140  94  112  25  5  74  23  4  6  9  85  138  7  139  141  60  33  106  71  47  69  14  79  100  1  58 
 4  72  60  3  68  55  0  136  142  134  23  50  89  25  103  43  30  24 
 88  107  86  2  111  67  142  133  57  95  101  71  128  16  13  108  137  72  0  104  28 
 6  14  18  41  95  122  96  49  141  129  83  35  12  63  127  67  91  139  26  0  11  137  114  81  138  130  30 
 39  71  129  89  15  138  128  0  145  52  33  67  114  133  85  95  75  1  77  73  78  99  122  106  118  7  124  25  54  107  105  143 
 62  84  48  102  144  85  99  116  149  39  11  135  86  134  98  129  23  60 
 22  21  136  15  27  5  62  107  99  32  85  132  75  61  104  145  48  8  67  103  112  23  79  1  135  96  54  95  121  66  74  146 
 44  71  76  21  132  7  109  35  87  86  54  91  135  111  105  26  13  15  3  27  31  120  47  45  48  124  58  119  147 
 132  94  33  10  106  142  89  27  74  125  105  146  78  51  9  99  48  49  6  104  90  20  29  127  81 
 26  76  82  24  30  37  135  129  119  7  132  60  101  58  147  98  33  29  2  122  74  123  35  130  25  107  105 
 106  140  65  47  91  81  116  31  45  89  129  146  90  101  113  131  18  27  7  133  134  34  80  5  63  107  43  82  78  143  46  51  92  39  23  36  86  24  28 
 107  55  126  47  105  109  106  87  29  9  84  33  78  142  54  147  19  60  59  136 
 4  2  87  121  49  8  112  98  147  101  137  85  12  123  113  109  145  46  105  127  83  102  73 
 122  125  17  7  90  107  104  138  52  136  87  34  85  124  15  46  75  56  53  109  144  121  84  110  16 
 105  148  129  142  123  64  140  33  87  68  73  59  104  131  108  34  117  74  138 
 101  144  59  34  12  98  141  86  123  89  7  54  143  139  119 
 3  109  125  21  146  105  115  88  119  121  5  33  62  100  25  64  72  31  60  82 
 63  39  34  19  35  66  25  88  83  29  137  98  125  81  69  32 
-->CDecomWalshPart::vInitTrueLinkage-->GLBs: 1769
(Length: 3)  0  13  15 
(Length: 4)  0  20  110  113 
(Length: 3)  0  20  29 
(Length: 5)  0  23  31  72  110 
(Length: 4)  0  13  26  76 
(Length: 3)  0  26  113 
(Length: 4)  0  104  107  110 
(Length: 3)  0  26  128 
(Length: 3)  0  26  135 
(Length: 3)  0  67  135 
(Length: 4)  0  13  67  76 
(Length: 3)  0  23  76 
(Length: 4)  0  13  95  134 
(Length: 3)  0  15  104 
(Length: 3)  0  94  109 
(Length: 4)  0  20  104  128 
(Length: 3)  0  15  136 
(Length: 3)  0  113  123 
(Length: 5)  0  23  54  110  119 
(Length: 3)  0  20  95 
(Length: 4)  0  54  128  136 
(Length: 3)  0  20  94 
(Length: 3)  0  133  136 
(Length: 3)  0  95  135 
(Length: 3)  0  95  123 
(Length: 4)  0  54  107  136 
(Length: 4)  0  54  95  136 
(Length: 4)  0  104  128  134 
(Length: 4)  0  26  29  76 
(Length: 4)  0  20  104  110 
(Length: 4)  0  54  107  110 
(Length: 4)  0  85  95  136 
(Length: 3)  0  67  136 
(Length: 3)  0  67  110 
(Length: 4)  0  13  67  134 
(Length: 4)  0  23  85  110 
(Length: 3)  0  31  95 
(Length: 4)  0  23  110  113 
(Length: 4)  0  104  107  134 
(Length: 5)  0  23  72  110  119 
(Length: 4)  0  23  72  133 
(Length: 3)  0  123  128 
(Length: 4)  0  72  133  134 
(Length: 4)  1  61  72  83 
(Length: 4)  1  45  72  83 
(Length: 3)  1  83  102 
(Length: 3)  1  45  67 
(Length: 4)  1  67  136  138 
(Length: 4)  1  75  136  138 
(Length: 3)  1  79  83 
(Length: 3)  1  30  79 
(Length: 4)  1  79  132  138 
(Length: 3)  1  83  100 
(Length: 3)  1  61  68 
(Length: 3)  1  30  72 
(Length: 3)  1  100  132 
(Length: 4)  1  61  75  138 
(Length: 3)  2  4  144 
(Length: 4)  2  98  129  141 
(Length: 3)  2  28  134 
(Length: 3)  2  69  101 
(Length: 3)  2  9  129 
(Length: 3)  2  33  62 
(Length: 4)  2  9  33  110 
(Length: 3)  2  98  144 
(Length: 4)  2  86  101  134 
(Length: 3)  2  61  98 
(Length: 3)  2  33  141 
(Length: 3)  2  98  100 
(Length: 3)  2  101  144 
(Length: 3)  2  61  69 
(Length: 3)  2  101  141 
(Length: 3)  2  28  62 
(Length: 3)  2  52  98 
(Length: 3)  2  52  86 
(Length: 3)  2  4  86 
(Length: 4)  2  47  62  100 
(Length: 4)  3  47  60  126 
(Length: 4)  3  47  87  97 
(Length: 3)  3  47  63 
(Length: 3)  3  50  126 
(Length: 4)  3  113  130  131 
(Length: 3)  3  5  50 
(Length: 3)  3  15  130 
(Length: 4)  3  63  107  130 
(Length: 4)  3  87  97  109 
(Length: 4)  3  47  87  139 
(Length: 3)  3  11  15 
(Length: 3)  3  5  15 
(Length: 3)  3  84  107 
(Length: 4)  3  47  65  84 
(Length: 4)  3  47  84  97 
(Length: 3)  3  5  84 
(Length: 4)  3  87  97  113 
(Length: 3)  3  109  126 
(Length: 3)  3  109  131 
(Length: 4)  3  87  109  139 
(Length: 3)  3  109  148 
(Length: 3)  3  5  120 
(Length: 4)  3  11  63  113 
(Length: 3)  3  11  84 
(Length: 4)  3  63  113  130 
(Length: 3)  3  113  120 
(Length: 4)  3  5  60  148 
(Length: 3)  3  65  131 
(Length: 4)  3  47  120  139 
(Length: 3)  3  60  133 
(Length: 4)  3  47  65  126 
(Length: 3)  3  50  133 
(Length: 3)  3  15  139 
(Length: 3)  4  23  99 
(Length: 3)  4  49  90 
(Length: 4)  4  23  72  133 
(Length: 3)  4  23  132 
(Length: 4)  4  49  86  93 
(Length: 3)  4  49  72 
(Length: 3)  4  49  144 
(Length: 5)  4  49  86  92  99 
(Length: 4)  5  15  64  77 
(Length: 4)  5  6  15  33 
(Length: 3)  5  72  77 
(Length: 4)  5  15  48  138 
(Length: 4)  5  64  78  120 
(Length: 4)  5  60  64  148 
(Length: 3)  5  72  148 
(Length: 3)  5  77  121 
(Length: 3)  5  77  84 
(Length: 4)  5  23  91  121 
(Length: 3)  5  73  77 
(Length: 5)  5  60  64  77  78 
(Length: 4)  5  23  91  142 
(Length: 4)  5  33  43  75 
(Length: 3)  5  22  72 
(Length: 3)  5  27  142 
(Length: 4)  5  43  91  142 
(Length: 4)  5  48  70  118 
(Length: 4)  5  51  64  78 
(Length: 4)  5  15  43  91 
(Length: 4)  5  70  73  75 
(Length: 4)  5  48  51  70 
(Length: 4)  5  23  51  142 
(Length: 4)  5  60  70  75 
(Length: 4)  5  23  60  114 
(Length: 4)  5  23  50  91 
(Length: 4)  5  23  60  132 
(Length: 4)  5  23  70  73 
(Length: 4)  5  33  48  70 
(Length: 3)  5  75  105 
(Length: 4)  5  23  132  138 
(Length: 4)  5  6  70  121 
(Length: 3)  5  33  148 
(Length: 4)  5  6  33  132 
(Length: 4)  5  22  84  117 
(Length: 3)  5  33  114 
(Length: 3)  5  105  148 
(Length: 3)  5  84  123 
(Length: 3)  5  22  138 
(Length: 4)  5  74  132  138 
(Length: 3)  5  121  148 
(Length: 3)  5  51  117 
(Length: 4)  5  75  121  138 
(Length: 3)  5  64  123 
(Length: 4)  5  6  70  73 
(Length: 4)  5  23  60  70 
(Length: 4)  5  33  84  117 
(Length: 4)  5  6  50  78 
(Length: 4)  5  15  33  48 
(Length: 3)  5  80  142 
(Length: 4)  5  15  33  43 
(Length: 4)  5  33  70  75 
(Length: 3)  5  27  70 
(Length: 4)  5  51  78  142 
(Length: 5)  5  23  70  118  121 
(Length: 4)  5  23  121  138 
(Length: 3)  5  27  138 
(Length: 3)  5  27  114 
(Length: 3)  5  27  84 
(Length: 4)  5  23  51  70 
(Length: 4)  5  6  33  70 
(Length: 3)  5  78  118 
(Length: 5)  5  70  75  118  121 
(Length: 4)  5  23  114  118 
(Length: 3)  5  84  91 
(Length: 3)  5  43  74 
(Length: 3)  5  22  50 
(Length: 4)  5  50  77  78 
(Length: 4)  5  23  72  91 
(Length: 3)  6  96  135 
(Length: 4)  6  9  38  109 
(Length: 3)  6  13  15 
(Length: 4)  6  24  30  78 
(Length: 4)  6  13  26  65 
(Length: 4)  6  38  104  121 
(Length: 3)  6  46  88 
(Length: 3)  6  14  52 
(Length: 3)  6  13  57 
(Length: 4)  6  14  68  78 
(Length: 3)  6  94  109 
(Length: 3)  6  14  135 
(Length: 3)  6  33  68 
(Length: 3)  6  50  126 
(Length: 3)  6  52  65 
(Length: 3)  6  30  38 
(Length: 3)  6  52  96 
(Length: 4)  6  57  68  126 
(Length: 3)  6  30  52 
(Length: 4)  6  24  73  96 
(Length: 3)  6  96  126 
(Length: 3)  6  78  128 
(Length: 4)  6  68  104  121 
(Length: 3)  6  30  135 
(Length: 3)  6  78  140 
(Length: 3)  6  38  65 
(Length: 3)  6  26  50 
(Length: 3)  6  68  73 
(Length: 3)  6  68  88 
(Length: 4)  6  14  68  104 
(Length: 4)  6  14  78  116 
(Length: 4)  6  26  70  128 
(Length: 3)  6  94  116 
(Length: 3)  6  13  14 
(Length: 4)  6  94  132  140 
(Length: 5)  6  9  33  132  140 
(Length: 4)  6  65  88  128 
(Length: 4)  6  15  38  104 
(Length: 3)  6  50  104 
(Length: 4)  6  70  104  121 
(Length: 3)  6  65  126 
(Length: 3)  6  104  140 
(Length: 4)  6  9  73  116 
(Length: 4)  6  26  65  128 
(Length: 3)  6  26  135 
(Length: 3)  6  15  52 
(Length: 3)  6  14  132 
(Length: 4)  6  70  104  128 
(Length: 3)  6  109  126 
(Length: 3)  7  17  145 
(Length: 4)  7  89  112  119 
(Length: 4)  7  87  109  145 
(Length: 4)  7  89  106  142 
(Length: 4)  7  87  109  139 
(Length: 4)  7  89  106  136 
(Length: 5)  7  87  89  97  109 
(Length: 4)  7  96  97  122 
(Length: 3)  7  17  19 
(Length: 4)  7  105  119  141 
(Length: 3)  7  54  96 
(Length: 4)  7  63  106  142 
(Length: 3)  7  32  99 
(Length: 5)  7  54  119  139  147 
(Length: 4)  7  105  111  139 
(Length: 4)  7  87  111  139 
(Length: 5)  7  19  87  89  109 
(Length: 4)  7  27  32  111 
(Length: 3)  7  132  139 
(Length: 4)  7  89  119  147 
(Length: 5)  7  52  122  136  145 
(Length: 3)  7  62  106 
(Length: 3)  7  63  105 
(Length: 3)  7  106  132 
(Length: 3)  7  122  141 
(Length: 3)  7  99  136 
(Length: 4)  7  52  118  136 
(Length: 4)  7  89  112  122 
(Length: 5)  7  87  89  106  109 
(Length: 4)  7  89  97  122 
(Length: 4)  7  27  111  139 
(Length: 5)  7  52  89  122  136 
(Length: 3)  7  32  112 
(Length: 4)  7  52  96  122 
(Length: 3)  7  32  106 
(Length: 3)  7  63  122 
(Length: 4)  7  27  89  142 
(Length: 4)  7  19  32  54 
(Length: 4)  7  32  52  111 
(Length: 4)  7  19  89  122 
(Length: 4)  7  97  109  118 
(Length: 3)  7  99  119 
(Length: 3)  7  132  141 
(Length: 3)  7  105  136 
(Length: 4)  7  105  119  139 
(Length: 4)  7  119  141  147 
(Length: 4)  7  54  118  136 
(Length: 3)  7  112  132 
(Length: 3)  7  17  99 
(Length: 4)  7  87  96  99 
(Length: 4)  7  87  96  97 
(Length: 4)  7  17  105  112 
(Length: 4)  7  105  109  139 
(Length: 4)  7  62  97  118 
(Length: 4)  7  105  112  119 
(Length: 4)  8  24  82  117 
(Length: 4)  8  62  118  121 
(Length: 3)  8  48  124 
(Length: 4)  8  24  108  117 
(Length: 3)  8  14  100 
(Length: 4)  8  24  80  108 
(Length: 3)  8  49  128 
(Length: 3)  8  86  130 
(Length: 4)  8  20  121  124 
(Length: 5)  8  87  121  127  144 
(Length: 4)  8  20  124  128 
(Length: 4)  8  20  110  127 
(Length: 3)  8  128  130 
(Length: 3)  8  118  129 
(Length: 4)  8  14  39  110 
(Length: 3)  8  48  138 
(Length: 3)  8  49  144 
(Length: 4)  8  39  82  117 
(Length: 3)  8  82  127 
(Length: 3)  8  82  129 
(Length: 3)  8  11  117 
(Length: 4)  8  39  108  117 
(Length: 4)  8  62  95  100 
(Length: 4)  8  52  86  118 
(Length: 3)  8  49  82 
(Length: 4)  8  48  49  118 
(Length: 4)  8  14  110  116 
(Length: 3)  8  108  129 
(Length: 4)  8  80  86  116 
(Length: 4)  8  49  86  118 
(Length: 3)  8  20  29 
(Length: 4)  8  90  108  124 
(Length: 3)  8  29  86 
(Length: 3)  8  49  90 
(Length: 4)  8  80  108  110 
(Length: 3)  8  20  129 
(Length: 4)  8  20  110  116 
(Length: 4)  8  14  39  82 
(Length: 3)  8  29  100 
(Length: 4)  8  20  95  124 
(Length: 4)  8  80  110  116 
(Length: 5)  8  20  87  121  127 
(Length: 4)  8  39  48  118 
(Length: 4)  8  62  95  138 
(Length: 3)  8  110  130 
(Length: 3)  8  100  128 
(Length: 4)  8  62  121  138 
(Length: 4)  8  39  108  110 
(Length: 3)  8  52  95 
(Length: 4)  8  39  48  110 
(Length: 3)  8  11  128 
(Length: 3)  8  11  29 
(Length: 3)  8  14  52 
(Length: 4)  9  73  83  116 
(Length: 3)  9  73  87 
(Length: 4)  9  29  33  143 
(Length: 3)  9  38  72 
(Length: 3)  9  10  72 
(Length: 3)  9  83  113 
(Length: 3)  9  20  129 
(Length: 4)  9  20  110  116 
(Length: 3)  9  20  124 
(Length: 4)  9  20  110  113 
(Length: 3)  9  10  129 
(Length: 4)  9  20  87  113 
(Length: 4)  9  20  29  140 
(Length: 3)  9  29  83 
(Length: 3)  9  20  37 
(Length: 4)  9  29  33  140 
(Length: 3)  9  99  129 
(Length: 3)  9  22  37 
(Length: 4)  9  87  99  113 
(Length: 3)  9  22  124 
(Length: 4)  9  33  87  143 
(Length: 4)  9  87  109  143 
(Length: 3)  9  29  38 
(Length: 3)  9  99  116 
(Length: 3)  9  22  87 
(Length: 4)  9  10  33  140 
(Length: 3)  9  99  140 
(Length: 3)  9  33  124 
(Length: 3)  9  72  83 
(Length: 3)  9  22  72 
(Length: 3)  9  72  110 
(Length: 3)  10  54  68 
(Length: 3)  10  23  72 
(Length: 4)  10  23  85  121 
(Length: 3)  10  54  103 
(Length: 3)  10  23  112 
(Length: 3)  10  63  106 
(Length: 4)  10  33  66  108 
(Length: 4)  10  89  106  140 
(Length: 4)  10  33  55  68 
(Length: 3)  10  103  112 
(Length: 4)  10  33  48  140 
(Length: 3)  10  19  54 
(Length: 3)  10  19  55 
(Length: 5)  10  34  66  108  129 
(Length: 3)  10  34  85 
(Length: 3)  10  19  89 
(Length: 3)  10  34  103 
(Length: 3)  10  123  129 
(Length: 3)  10  35  89 
(Length: 4)  10  35  66  68 
(Length: 3)  10  89  112 
(Length: 3)  10  23  54 
(Length: 3)  10  68  112 
(Length: 4)  10  61  63  85 
(Length: 4)  10  63  108  129 
(Length: 3)  10  90  108 
(Length: 3)  10  48  63 
(Length: 3)  10  16  123 
(Length: 4)  10  16  102  106 
(Length: 3)  10  19  34 
(Length: 3)  10  16  85 
(Length: 4)  10  61  63  68 
(Length: 3)  10  108  112 
(Length: 3)  10  89  129 
(Length: 3)  10  35  123 
(Length: 4)  10  33  106  140 
(Length: 3)  10  48  102 
(Length: 4)  10  55  68  121 
(Length: 4)  10  33  55  108 
(Length: 4)  10  33  55  106 
(Length: 4)  10  33  66  68 
(Length: 4)  10  33  48  55 
(Length: 3)  10  90  140 
(Length: 3)  10  34  72 
(Length: 3)  10  103  106 
(Length: 3)  10  61  72 
(Length: 4)  10  23  55  121 
(Length: 3)  11  23  119 
(Length: 3)  11  57  117 
(Length: 4)  11  66  75  94 
(Length: 3)  11  42  119 
(Length: 3)  11  63  64 
(Length: 3)  11  68  88 
(Length: 3)  11  23  113 
(Length: 4)  11  84  88  128 
(Length: 4)  11  88  115  128 
(Length: 3)  11  64  88 
(Length: 3)  11  40  79 
(Length: 4)  11  79  84  128 
(Length: 3)  11  115  119 
(Length: 3)  11  29  41 
(Length: 3)  11  79  119 
(Length: 3)  11  15  33 
(Length: 3)  11  63  68 
(Length: 3)  11  41  135 
(Length: 3)  11  42  57 
(Length: 3)  11  63  135 
(Length: 4)  11  29  33  84 
(Length: 3)  11  31  33 
(Length: 4)  11  23  31  36 
(Length: 3)  11  29  63 
(Length: 3)  11  98  113 
(Length: 3)  11  98  119 
(Length: 4)  11  33  84  117 
(Length: 4)  11  36  41  42 
(Length: 3)  11  15  98 
(Length: 3)  11  36  93 
(Length: 3)  11  33  93 
(Length: 3)  11  15  79 
(Length: 3)  11  93  113 
(Length: 4)  11  29  33  66 
(Length: 4)  11  84  98  137 
(Length: 4)  11  33  66  75 
(Length: 4)  11  33  66  68 
(Length: 4)  11  23  36  41 
(Length: 3)  11  66  128 
(Length: 3)  11  75  115 
(Length: 4)  11  84  98  128 
(Length: 3)  11  57  68 
(Length: 3)  11  135  137 
(Length: 3)  11  15  64 
(Length: 3)  11  23  137 
(Length: 4)  12  29  58  63 
(Length: 3)  12  74  126 
(Length: 4)  12  14  39  110 
(Length: 4)  12  40  58  59 
(Length: 3)  12  26  135 
(Length: 4)  12  57  59  126 
(Length: 3)  12  26  69 
(Length: 3)  12  74  112 
(Length: 3)  12  17  88 
(Length: 4)  12  26  40  102 
(Length: 4)  12  17  26  112 
(Length: 3)  12  40  131 
(Length: 4)  12  80  108  110 
(Length: 3)  12  29  38 
(Length: 3)  12  88  92 
(Length: 4)  12  63  107  129 
(Length: 4)  12  29  58  112 
(Length: 3)  12  59  147 
(Length: 3)  12  144  147 
(Length: 4)  12  108  110  131 
(Length: 3)  12  47  126 
(Length: 4)  12  39  108  110 
(Length: 4)  12  63  108  129 
(Length: 3)  12  88  107 
(Length: 3)  12  92  129 
(Length: 4)  12  80  107  110 
(Length: 4)  12  26  29  112 
(Length: 4)  12  26  39  40 
(Length: 3)  12  47  63 
(Length: 4)  12  39  63  108 
(Length: 3)  12  14  69 
(Length: 3)  12  14  135 
(Length: 3)  12  14  112 
(Length: 4)  12  17  26  40 
(Length: 3)  12  80  102 
(Length: 3)  12  102  126 
(Length: 3)  12  102  144 
(Length: 4)  12  80  108  112 
(Length: 4)  12  63  129  135 
(Length: 3)  12  88  131 
(Length: 3)  12  112  144 
(Length: 3)  12  74  129 
(Length: 3)  13  27  42 
(Length: 3)  13  14  82 
(Length: 3)  13  101  118 
(Length: 4)  13  26  27  139 
(Length: 3)  13  84  127 
(Length: 3)  13  41  127 
(Length: 4)  13  57  95  134 
(Length: 4)  13  26  65  84 
(Length: 3)  13  41  42 
(Length: 3)  13  15  139 
(Length: 3)  13  15  79 
(Length: 3)  13  84  101 
(Length: 5)  13  15  43  82  127 
(Length: 3)  13  79  84 
(Length: 4)  13  67  82  127 
(Length: 3)  13  65  118 
(Length: 4)  13  26  27  84 
(Length: 4)  13  67  108  134 
(Length: 4)  13  26  41  76 
(Length: 4)  13  67  76  82 
(Length: 3)  13  76  118 
(Length: 4)  13  43  74  82 
(Length: 3)  13  43  101 
(Length: 3)  13  42  57 
(Length: 3)  13  42  65 
(Length: 3)  13  27  95 
(Length: 3)  13  42  101 
(Length: 3)  13  101  134 
(Length: 4)  13  26  76  139 
(Length: 4)  14  78  83  116 
(Length: 4)  14  78  83  112 
(Length: 4)  14  32  44  52 
(Length: 3)  14  83  135 
(Length: 3)  14  112  132 
(Length: 3)  14  100  132 
(Length: 3)  14  69  132 
(Length: 3)  14  100  104 
(Length: 3)  14  60  132 
(Length: 3)  14  83  100 
(Length: 4)  14  68  78  112 
(Length: 4)  14  68  104  110 
(Length: 3)  14  32  39 
(Length: 4)  14  32  78  125 
(Length: 4)  14  60  68  78 
(Length: 3)  14  52  83 
(Length: 3)  14  21  125 
(Length: 4)  14  60  78  83 
(Length: 4)  14  60  82  83 
(Length: 3)  14  32  69 
(Length: 3)  14  16  78 
(Length: 3)  14  32  104 
(Length: 4)  14  60  77  78 
(Length: 4)  14  32  78  112 
(Length: 4)  14  39  82  83 
(Length: 4)  14  21  44  77 
(Length: 4)  14  16  39  110 
(Length: 3)  15  39  48 
(Length: 4)  15  34  64  77 
(Length: 4)  15  33  124  136 
(Length: 4)  15  104  138  145 
(Length: 4)  15  34  52  64 
(Length: 3)  15  111  139 
(Length: 3)  15  91  139 
(Length: 4)  15  136  138  145 
(Length: 4)  15  77  124  136 
(Length: 3)  15  98  130 
(Length: 3)  15  77  130 
(Length: 3)  15  38  111 
(Length: 4)  15  43  91  127 
(Length: 4)  15  33  43  111 
(Length: 4)  15  33  48  124 
(Length: 4)  15  79  104  138 
(Length: 3)  15  43  104 
(Length: 4)  15  124  136  145 
(Length: 4)  15  34  77  124 
(Length: 4)  15  48  124  139 
(Length: 3)  15  39  136 
(Length: 3)  15  39  91 
(Length: 3)  15  39  82 
(Length: 3)  15  39  64 
(Length: 4)  15  34  52  145 
(Length: 4)  15  52  136  145 
(Length: 3)  15  52  111 
(Length: 4)  15  34  52  98 
(Length: 3)  15  52  91 
(Length: 4)  15  34  124  145 
(Length: 3)  15  52  79 
(Length: 3)  16  87  99 
(Length: 3)  16  106  128 
(Length: 3)  16  85  95 
(Length: 3)  16  110  120 
(Length: 3)  16  95  134 
(Length: 4)  16  47  78  120 
(Length: 4)  16  49  123  128 
(Length: 3)  16  128  134 
(Length: 3)  16  95  123 
(Length: 3)  16  56  128 
(Length: 3)  16  56  145 
(Length: 4)  16  49  78  128 
(Length: 4)  16  85  110  145 
(Length: 3)  16  59  98 
(Length: 4)  16  87  106  109 
(Length: 3)  16  98  109 
(Length: 3)  16  47  87 
(Length: 3)  16  95  120 
(Length: 4)  16  87  109  145 
(Length: 3)  16  56  99 
(Length: 4)  16  78  98  128 
(Length: 4)  16  47  78  128 
(Length: 4)  16  49  78  99 
(Length: 3)  17  26  44 
(Length: 4)  17  88  128  130 
(Length: 4)  17  44  64  77 
(Length: 4)  17  77  128  130 
(Length: 3)  17  64  99 
(Length: 3)  17  124  145 
(Length: 3)  17  26  128 
(Length: 3)  17  86  130 
(Length: 3)  17  40  86 
(Length: 4)  17  83  88  105 
(Length: 4)  17  77  124  128 
(Length: 3)  17  86  99 
(Length: 4)  17  19  124  128 
(Length: 3)  17  26  50 
(Length: 5)  17  26  36  83  112 
(Length: 3)  17  44  105 
(Length: 4)  17  83  105  112 
(Length: 3)  17  64  88 
(Length: 3)  17  36  124 
(Length: 3)  17  19  44 
(Length: 3)  17  50  77 
(Length: 3)  18  49  135 
(Length: 3)  18  41  76 
(Length: 3)  18  41  102 
(Length: 3)  18  41  135 
(Length: 3)  18  36  41 
(Length: 4)  18  46  49  89 
(Length: 3)  18  49  104 
(Length: 3)  18  53  89 
(Length: 3)  18  46  76 
(Length: 4)  18  31  36  142 
(Length: 3)  18  39  142 
(Length: 4)  18  39  76  118 
(Length: 3)  18  53  118 
(Length: 4)  18  46  89  142 
(Length: 4)  18  45  89  142 
(Length: 4)  18  36  45  142 
(Length: 3)  18  49  118 
(Length: 4)  19  87  109  143 
(Length: 3)  19  75  87 
(Length: 3)  19  32  149 
(Length: 3)  19  21  34 
(Length: 3)  19  54  128 
(Length: 4)  19  44  75  122 
(Length: 4)  19  32  44  54 
(Length: 3)  19  34  124 
(Length: 3)  19  28  89 
(Length: 3)  19  21  28 
(Length: 3)  19  44  109 
(Length: 3)  19  34  149 
(Length: 3)  19  28  128 
(Length: 3)  19  55  124 
(Length: 3)  19  54  143 
(Length: 3)  19  21  44 
(Length: 3)  19  60  75 
(Length: 3)  19  32  55 
(Length: 4)  19  55  60  143 
(Length: 5)  20  34  36  92  124 
(Length: 4)  20  43  75  115 
(Length: 3)  20  57  95 
(Length: 3)  20  46  81 
(Length: 3)  20  29  111 
(Length: 3)  20  29  122 
(Length: 4)  20  115  122  129 
(Length: 3)  20  89  126 
(Length: 4)  20  105  110  127 
(Length: 5)  20  46  89  122  129 
(Length: 3)  20  105  111 
(Length: 3)  20  111  128 
(Length: 3)  20  111  129 
(Length: 3)  20  57  106 
(Length: 3)  20  37  122 
(Length: 4)  20  87  89  106 
(Length: 3)  20  37  104 
(Length: 3)  20  115  128 
(Length: 3)  20  106  128 
(Length: 4)  20  43  115  127 
(Length: 4)  20  89  106  140 
(Length: 3)  20  106  116 
(Length: 4)  20  75  115  122 
(Length: 3)  20  43  111 
(Length: 3)  20  87  111 
(Length: 3)  20  43  104 
(Length: 3)  20  75  94 
(Length: 4)  20  46  75  87 
(Length: 4)  20  92  95  124 
(Length: 4)  20  34  92  129 
(Length: 4)  20  92  124  128 
(Length: 4)  20  36  92  127 
(Length: 4)  20  92  105  127 
(Length: 4)  20  34  46  113 
(Length: 5)  20  46  89  95  122 
(Length: 3)  20  37  105 
(Length: 4)  20  34  46  129 
(Length: 4)  20  105  127  140 
(Length: 4)  20  43  92  127 
(Length: 4)  20  81  92  127 
(Length: 3)  20  57  126 
(Length: 4)  20  46  87  89 
(Length: 4)  20  81  127  140 
(Length: 3)  20  94  116 
(Length: 4)  20  46  75  105 
(Length: 3)  20  94  140 
(Length: 4)  20  46  87  113 
(Length: 4)  20  75  87  121 
(Length: 4)  20  46  75  122 
(Length: 3)  20  104  121 
(Length: 3)  20  104  140 
(Length: 4)  20  95  115  122 
(Length: 3)  21  44  81 
(Length: 4)  21  34  66  108 
(Length: 3)  21  63  85 
(Length: 3)  21  119  139 
(Length: 4)  21  119  125  148 
(Length: 3)  21  49  113 
(Length: 3)  21  22  81 
(Length: 4)  21  119  121  148 
(Length: 3)  21  40  49 
(Length: 3)  21  44  139 
(Length: 3)  21  77  121 
(Length: 4)  21  28  49  81 
(Length: 4)  21  34  59  77 
(Length: 3)  21  81  119 
(Length: 3)  21  76  139 
(Length: 3)  21  34  85 
(Length: 3)  21  45  139 
(Length: 4)  21  85  121  138 
(Length: 3)  21  45  121 
(Length: 3)  21  66  138 
(Length: 4)  21  34  108  113 
(Length: 4)  21  49  66  81 
(Length: 4)  21  63  108  113 
(Length: 3)  21  22  138 
(Length: 3)  21  40  59 
(Length: 3)  22  84  124 
(Length: 3)  22  81  112 
(Length: 3)  22  67  124 
(Length: 3)  22  67  81 
(Length: 3)  22  68  112 
(Length: 3)  22  55  68 
(Length: 3)  22  53  111 
(Length: 3)  22  68  87 
(Length: 3)  22  37  68 
(Length: 3)  22  55  124 
(Length: 3)  22  37  117 
(Length: 3)  22  67  111 
(Length: 3)  22  53  68 
(Length: 3)  22  53  81 
(Length: 3)  22  67  138 
(Length: 3)  22  50  55 
(Length: 3)  22  87  111 
(Length: 3)  22  112  138 
(Length: 3)  22  53  84 
(Length: 4)  23  41  81  114 
(Length: 4)  23  60  114  126 
(Length: 3)  23  113  142 
(Length: 3)  23  81  97 
(Length: 4)  23  112  132  138 
(Length: 3)  23  99  113 
(Length: 3)  23  119  121 
(Length: 3)  23  97  113 
(Length: 3)  23  62  137 
(Length: 4)  23  38  118  121 
(Length: 4)  23  65  91  110 
(Length: 4)  23  50  85  126 
(Length: 4)  23  62  121  138 
(Length: 4)  23  47  60  132 
(Length: 4)  23  55  60  99 
(Length: 4)  23  36  41  70 
(Length: 4)  23  31  38  72 
(Length: 4)  23  47  60  126 
(Length: 4)  23  47  96  97 
(Length: 4)  23  60  81  114 
(Length: 3)  23  31  114 
(Length: 4)  23  47  65  126 
(Length: 4)  23  60  99  137 
(Length: 4)  23  47  62  97 
(Length: 4)  23  55  118  121 
(Length: 4)  23  72  91  110 
(Length: 4)  23  54  96  138 
(Length: 4)  23  85  121  138 
(Length: 3)  23  133  142 
(Length: 4)  23  62  118  121 
(Length: 4)  23  31  38  121 
(Length: 4)  23  31  116  142 
(Length: 4)  23  38  65  118 
(Length: 4)  23  55  76  118 
(Length: 3)  23  37  76 
(Length: 4)  23  60  81  119 
(Length: 3)  23  76  112 
(Length: 4)  23  55  65  118 
(Length: 3)  23  85  137 
(Length: 4)  23  31  36  142 
(Length: 4)  23  85  132  138 
(Length: 3)  23  36  112 
(Length: 5)  23  36  65  91  142 
(Length: 3)  23  73  81 
(Length: 3)  23  73  96 
(Length: 4)  23  62  91  121 
(Length: 4)  23  65  91  126 
(Length: 3)  23  51  85 
(Length: 4)  23  81  91  142 
(Length: 4)  23  99  116  137 
(Length: 3)  23  54  118 
(Length: 4)  23  47  96  126 
(Length: 4)  23  60  99  114 
(Length: 3)  23  73  116 
(Length: 4)  23  54  96  126 
(Length: 4)  23  60  99  119 
(Length: 4)  23  55  60  133 
(Length: 4)  23  50  91  126 
(Length: 4)  23  81  112  119 
(Length: 4)  23  96  99  138 
(Length: 4)  23  31  110  116 
(Length: 4)  23  62  97  118 
(Length: 3)  23  41  76 
(Length: 4)  23  50  55  133 
(Length: 4)  23  47  65  142 
(Length: 4)  24  30  47  78 
(Length: 3)  24  55  106 
(Length: 4)  24  30  108  117 
(Length: 3)  24  30  133 
(Length: 3)  24  30  141 
(Length: 4)  24  47  96  117 
(Length: 4)  24  27  47  142 
(Length: 4)  24  53  56  73 
(Length: 3)  24  82  142 
(Length: 3)  24  56  108 
(Length: 3)  24  55  108 
(Length: 4)  24  96  108  117 
(Length: 4)  24  30  47  117 
(Length: 4)  24  47  78  142 
(Length: 3)  24  55  133 
(Length: 3)  24  106  142 
(Length: 3)  24  133  142 
(Length: 3)  24  82  141 
(Length: 3)  24  80  142 
(Length: 3)  24  28  142 
(Length: 4)  25  32  44  64 
(Length: 3)  25  130  141 
(Length: 4)  25  64  88  148 
(Length: 4)  25  32  39  64 
(Length: 4)  25  76  78  112 
(Length: 3)  25  88  130 
(Length: 3)  25  124  136 
(Length: 4)  25  105  109  148 
(Length: 3)  25  79  132 
(Length: 4)  25  44  105  109 
(Length: 3)  25  124  125 
(Length: 4)  25  89  133  136 
(Length: 4)  25  32  78  125 
(Length: 3)  25  88  149 
(Length: 3)  25  39  136 
(Length: 4)  25  32  125  149 
(Length: 3)  25  132  141 
(Length: 4)  25  32  78  112 
(Length: 4)  25  89  122  136 
(Length: 4)  25  44  96  122 
(Length: 3)  25  105  136 
(Length: 3)  25  122  125 
(Length: 4)  25  76  105  141 
(Length: 4)  25  32  39  149 
(Length: 4)  25  32  64  78 
(Length: 4)  25  88  105  148 
(Length: 3)  25  89  109 
(Length: 3)  25  122  141 
(Length: 3)  25  125  148 
(Length: 3)  25  39  76 
(Length: 4)  25  76  105  112 
(Length: 4)  25  89  112  122 
(Length: 3)  25  112  132 
(Length: 3)  25  78  136 
(Length: 4)  26  34  113  120 
(Length: 4)  26  83  93  113 
(Length: 3)  26  89  97 
(Length: 4)  26  81  83  112 
(Length: 5)  26  27  71  83  111 
(Length: 4)  26  27  83  89 
(Length: 4)  26  36  83  93 
(Length: 4)  26  65  84  128 
(Length: 3)  26  135  141 
(Length: 5)  26  65  71  83  111 
(Length: 3)  26  120  139 
(Length: 3)  26  102  106 
(Length: 5)  26  44  71  111  139 
(Length: 5)  26  27  71  111  139 
(Length: 3)  26  135  139 
(Length: 3)  26  106  128 
(Length: 4)  26  36  41  70 
(Length: 5)  26  65  71  83  102 
(Length: 4)  26  83  93  111 
(Length: 4)  26  29  41  83 
(Length: 4)  26  36  65  83 
(Length: 3)  26  29  84 
(Length: 4)  26  27  84  128 
(Length: 3)  26  84  97 
(Length: 4)  26  27  81  83 
(Length: 3)  26  34  71 
(Length: 4)  26  34  93  113 
(Length: 4)  26  44  81  97 
(Length: 3)  26  36  90 
(Length: 5)  26  27  70  111  128 
(Length: 3)  26  50  106 
(Length: 5)  26  27  39  71  83 
(Length: 3)  26  29  50 
(Length: 3)  26  39  76 
(Length: 5)  26  27  71  111  128 
(Length: 4)  26  29  41  76 
(Length: 4)  26  34  36  93 
(Length: 3)  26  76  93 
(Length: 4)  26  29  76  112 
(Length: 5)  26  65  71  111  128 
(Length: 4)  26  29  76  141 
(Length: 3)  26  34  69 
(Length: 4)  26  36  41  83 
(Length: 5)  26  41  81  83  135 
(Length: 4)  26  29  83  112 
(Length: 3)  26  97  113 
(Length: 4)  26  41  83  102 
(Length: 4)  26  29  83  111 
(Length: 4)  26  83  89  112 
(Length: 3)  26  89  106 
(Length: 3)  26  69  106 
(Length: 3)  27  89  95 
(Length: 4)  27  32  95  138 
(Length: 4)  27  47  71  128 
(Length: 3)  27  39  142 
(Length: 3)  27  81  114 
(Length: 4)  27  39  42  83 
(Length: 3)  27  31  95 
(Length: 3)  27  32  114 
(Length: 3)  27  89  114 
(Length: 3)  27  31  142 
(Length: 4)  27  89  140  142 
(Length: 3)  27  31  139 
(Length: 3)  27  31  114 
(Length: 4)  27  47  71  139 
(Length: 4)  27  32  39  42 
(Length: 4)  27  47  84  128 
(Length: 4)  27  81  140  142 
(Length: 3)  28  49  89 
(Length: 3)  28  128  134 
(Length: 3)  28  49  128 
(Length: 3)  28  83  89 
(Length: 3)  28  81  83 
(Length: 3)  28  89  142 
(Length: 3)  28  134  142 
(Length: 3)  28  81  142 
(Length: 4)  29  33  84  143 
(Length: 3)  29  66  149 
(Length: 3)  29  33  111 
(Length: 3)  29  84  91 
(Length: 3)  29  112  122 
(Length: 3)  29  38  86 
(Length: 4)  29  83  100  111 
(Length: 3)  29  101  111 
(Length: 3)  29  50  100 
(Length: 3)  29  38  111 
(Length: 3)  29  50  91 
(Length: 3)  29  83  149 
(Length: 3)  29  33  141 
(Length: 3)  29  66  122 
(Length: 3)  29  66  86 
(Length: 3)  29  122  141 
(Length: 3)  29  76  100 
(Length: 3)  29  63  149 
(Length: 3)  29  63  122 
(Length: 4)  29  58  101  141 
(Length: 3)  29  86  101 
(Length: 3)  29  84  101 
(Length: 3)  30  119  141 
(Length: 4)  30  34  52  64 
(Length: 4)  30  47  64  78 
(Length: 3)  30  78  119 
(Length: 3)  30  34  72 
(Length: 4)  30  39  108  117 
(Length: 3)  30  37  141 
(Length: 3)  30  72  119 
(Length: 3)  30  47  79 
(Length: 3)  30  39  64 
(Length: 3)  30  72  133 
(Length: 4)  30  34  108  117 
(Length: 4)  30  130  135  141 
(Length: 3)  30  38  72 
(Length: 3)  30  79  119 
(Length: 3)  30  37  117 
(Length: 3)  30  52  79 
(Length: 3)  31  103  114 
(Length: 3)  31  33  114 
(Length: 4)  31  92  95  124 
(Length: 3)  31  33  148 
(Length: 4)  31  34  36  103 
(Length: 3)  31  124  125 
(Length: 3)  31  34  72 
(Length: 4)  31  103  110  116 
(Length: 3)  31  124  139 
(Length: 5)  31  34  36  92  142 
(Length: 4)  31  52  92  95 
(Length: 3)  31  125  148 
(Length: 5)  31  34  36  92  124 
(Length: 3)  31  72  148 
(Length: 3)  31  121  124 
(Length: 3)  31  121  148 
(Length: 3)  31  33  110 
(Length: 4)  31  34  52  92 
(Length: 4)  31  33  92  124 
(Length: 3)  32  54  78 
(Length: 4)  32  54  95  138 
(Length: 4)  32  52  95  123 
(Length: 4)  32  33  55  106 
(Length: 3)  32  38  111 
(Length: 3)  32  55  101 
(Length: 4)  32  44  52  64 
(Length: 3)  32  55  99 
(Length: 4)  32  52  64  123 
(Length: 4)  32  64  78  99 
(Length: 3)  32  104  138 
(Length: 3)  32  69  106 
(Length: 3)  32  69  149 
(Length: 3)  32  38  42 
(Length: 3)  32  112  138 
(Length: 3)  32  95  115 
(Length: 3)  32  39  48 
(Length: 3)  32  48  125 
(Length: 3)  32  42  101 
(Length: 4)  32  33  48  55 
(Length: 3)  32  90  101 
(Length: 3)  32  38  104 
(Length: 3)  32  69  101 
(Length: 3)  32  39  115 
(Length: 3)  32  99  138 
(Length: 4)  32  44  52  111 
(Length: 3)  32  99  114 
(Length: 3)  32  48  138 
(Length: 3)  32  33  114 
(Length: 3)  32  64  106 
(Length: 3)  32  33  111 
(Length: 3)  32  101  111 
(Length: 3)  32  90  114 
(Length: 4)  33  53  62  68 
(Length: 4)  33  67  106  136 
(Length: 3)  33  114  136 
(Length: 3)  33  108  114 
(Length: 3)  33  87  111 
(Length: 3)  33  132  141 
(Length: 4)  33  108  117  146 
(Length: 3)  33  84  124 
(Length: 3)  33  75  136 
(Length: 3)  33  75  87 
(Length: 4)  33  70  108  111 
(Length: 4)  33  106  136  143 
(Length: 4)  33  106  132  140 
(Length: 4)  33  67  108  110 
(Length: 4)  33  93  108  110 
(Length: 4)  33  93  108  111 
(Length: 4)  33  55  108  124 
(Length: 3)  33  140  146 
(Length: 4)  33  55  93  108 
(Length: 4)  33  55  106  143 
(Length: 3)  33  48  110 
(Length: 4)  33  67  108  111 
(Length: 4)  33  87  106  143 
(Length: 4)  33  48  55  124 
(Length: 3)  33  62  148 
(Length: 3)  33  43  55 
(Length: 3)  33  43  92 
(Length: 4)  33  62  66  68 
(Length: 4)  33  53  62  84 
(Length: 4)  33  68  87  146 
(Length: 4)  33  67  124  136 
(Length: 3)  33  62  106 
(Length: 3)  33  68  110 
(Length: 3)  33  53  111 
(Length: 3)  33  68  114 
(Length: 4)  33  67  108  124 
(Length: 3)  33  146  148 
(Length: 4)  34  46  51  142 
(Length: 3)  34  58  59 
(Length: 4)  34  51  64  85 
(Length: 3)  34  64  120 
(Length: 3)  34  64  146 
(Length: 3)  34  71  101 
(Length: 4)  34  59  77  124 
(Length: 3)  34  66  120 
(Length: 4)  34  59  98  147 
(Length: 4)  34  108  117  146 
(Length: 4)  34  108  129  146 
(Length: 4)  34  93  108  113 
(Length: 3)  34  98  113 
(Length: 3)  34  72  77 
(Length: 4)  34  92  129  142 
(Length: 3)  34  69  101 
(Length: 3)  34  66  149 
(Length: 3)  34  101  147 
(Length: 4)  34  46  113  142 
(Length: 3)  34  51  124 
(Length: 3)  34  58  101 
(Length: 3)  34  59  146 
(Length: 4)  34  59  71  98 
(Length: 3)  34  101  142 
(Length: 3)  34  46  145 
(Length: 3)  34  98  129 
(Length: 3)  34  85  145 
(Length: 3)  34  77  101 
(Length: 3)  34  108  124 
(Length: 3)  34  46  71 
(Length: 3)  34  98  149 
(Length: 3)  34  51  117 
(Length: 4)  34  129  142  146 
(Length: 4)  34  46  129  142 
(Length: 3)  34  58  93 
(Length: 3)  34  69  149 
(Length: 3)  35  135  139 
(Length: 3)  35  83  149 
(Length: 3)  35  68  87 
(Length: 3)  35  123  141 
(Length: 3)  35  83  135 
(Length: 3)  35  83  89 
(Length: 3)  35  68  110 
(Length: 3)  35  66  149 
(Length: 3)  35  87  89 
(Length: 3)  35  87  139 
(Length: 3)  35  110  130 
(Length: 4)  35  130  135  141 
(Length: 3)  36  103  112 
(Length: 4)  36  41  42  92 
(Length: 3)  36  42  103 
(Length: 3)  36  90  142 
(Length: 4)  36  42  65  83 
(Length: 3)  36  90  124 
(Length: 4)  36  41  92  127 
(Length: 3)  36  91  127 
(Length: 4)  36  41  42  83 
(Length: 4)  36  41  83  127 
(Length: 4)  36  65  92  142 
(Length: 4)  36  42  65  92 
(Length: 3)  36  45  83 
(Length: 4)  37  76  82  141 
(Length: 4)  37  76  103  105 
(Length: 4)  37  76  105  141 
(Length: 3)  37  82  117 
(Length: 3)  37  122  141 
(Length: 3)  37  68  104 
(Length: 3)  38  109  118 
(Length: 3)  38  53  56 
(Length: 3)  38  42  65 
(Length: 3)  38  65  111 
(Length: 3)  38  53  111 
(Length: 4)  38  65  86  118 
(Length: 3)  38  93  111 
(Length: 3)  38  93  109 
(Length: 3)  38  56  93 
(Length: 3)  38  42  72 
(Length: 4)  38  49  86  118 
(Length: 3)  38  49  104 
(Length: 3)  38  49  72 
(Length: 4)  38  49  86  93 
(Length: 3)  38  42  53 
(Length: 3)  38  56  104 
(Length: 4)  38  53  86  118 
(Length: 3)  39  82  142 
(Length: 3)  39  91  110 
(Length: 3)  39  118  136 
(Length: 3)  39  91  115 
(Length: 3)  39  48  63 
(Length: 3)  39  48  71 
(Length: 3)  39  48  137 
(Length: 3)  39  108  115 
(Length: 3)  39  64  110 
(Length: 3)  39  76  82 
(Length: 3)  39  63  64 
(Length: 3)  39  91  142 
(Length: 3)  39  71  136 
(Length: 3)  39  63  149 
(Length: 3)  39  63  142 
(Length: 3)  39  83  149 
(Length: 3)  39  137  149 
(Length: 3)  40  49  86 
(Length: 3)  40  122  131 
(Length: 4)  41  83  102  127 
(Length: 4)  41  83  127  131 
(Length: 3)  41  76  92 
(Length: 4)  41  81  114  135 
(Length: 4)  41  42  61  83 
(Length: 4)  41  81  92  127 
(Length: 4)  41  61  83  131 
(Length: 5)  41  81  83  127  135 
(Length: 4)  42  61  72  83 
(Length: 4)  42  61  72  119 
(Length: 3)  42  53  119 
(Length: 3)  43  82  142 
(Length: 3)  43  55  133 
(Length: 3)  43  101  142 
(Length: 3)  43  83  111 
(Length: 3)  43  133  142 
(Length: 3)  43  55  101 
(Length: 3)  43  92  142 
(Length: 3)  43  103  133 
(Length: 4)  43  82  83  127 
(Length: 3)  43  101  111 
(Length: 4)  43  91  115  127 
(Length: 4)  44  67  105  127 
(Length: 4)  44  105  111  139 
(Length: 4)  44  75  97  122 
(Length: 4)  44  96  97  122 
(Length: 3)  44  75  105 
(Length: 3)  44  54  139 
(Length: 4)  44  52  96  122 
(Length: 4)  44  105  109  139 
(Length: 4)  44  67  81  127 
(Length: 3)  44  54  96 
(Length: 4)  44  67  96  127 
(Length: 3)  44  71  127 
(Length: 4)  44  67  105  111 
(Length: 4)  44  81  97  109 
(Length: 3)  45  54  139 
(Length: 4)  45  89  129  142 
(Length: 4)  45  52  83  89 
(Length: 3)  45  74  129 
(Length: 4)  46  49  105  144 
(Length: 4)  46  89  112  122 
(Length: 3)  46  81  112 
(Length: 4)  46  105  112  144 
(Length: 4)  46  49  81  82 
(Length: 4)  46  82  129  142 
(Length: 3)  46  88  105 
(Length: 4)  46  113  131  142 
(Length: 4)  46  76  82  129 
(Length: 4)  46  75  122  131 
(Length: 4)  46  89  131  142 
(Length: 4)  46  87  144  145 
(Length: 4)  46  81  82  142 
(Length: 4)  46  75  87  145 
(Length: 4)  46  49  113  144 
(Length: 4)  46  87  113  144 
(Length: 4)  46  89  129  142 
(Length: 4)  46  75  122  145 
(Length: 4)  46  76  105  112 
(Length: 3)  46  88  131 
(Length: 5)  46  89  95  122  131 
(Length: 4)  47  65  84  128 
(Length: 3)  47  84  117 
(Length: 4)  47  60  64  78 
(Length: 4)  47  60  78  143 
(Length: 4)  47  65  71  128 
(Length: 4)  47  87  96  97 
(Length: 4)  47  68  87  97 
(Length: 4)  47  71  100  128 
(Length: 4)  47  62  84  97 
(Length: 4)  47  60  68  78 
(Length: 4)  47  62  68  97 
(Length: 3)  47  87  143 
(Length: 3)  47  90  142 
(Length: 4)  47  78  142  143 
(Length: 4)  47  71  78  128 
(Length: 4)  47  60  64  126 
(Length: 4)  47  71  132  139 
(Length: 3)  47  63  64 
(Length: 3)  47  79  90 
(Length: 3)  47  63  68 
(Length: 3)  47  96  100 
(Length: 3)  47  79  120 
(Length: 3)  47  79  132 
(Length: 4)  47  60  68  126 
(Length: 4)  47  64  78  120 
(Length: 3)  47  63  142 
(Length: 4)  47  71  100  132 
(Length: 4)  47  60  126  143 
(Length: 3)  47  84  143 
(Length: 4)  47  79  84  128 
(Length: 4)  47  79  84  97 
(Length: 3)  48  71  102 
(Length: 3)  48  71  139 
(Length: 3)  48  102  137 
(Length: 3)  48  49  140 
(Length: 4)  48  51  124  125 
(Length: 3)  48  51  102 
(Length: 4)  48  51  125  140 
(Length: 3)  48  55  118 
(Length: 3)  49  96  99 
(Length: 3)  49  104  140 
(Length: 3)  49  89  97 
(Length: 4)  49  74  99  140 
(Length: 3)  49  104  128 
(Length: 3)  49  81  135 
(Length: 3)  49  81  140 
(Length: 3)  49  105  140 
(Length: 3)  49  90  140 
(Length: 3)  49  93  113 
(Length: 3)  49  78  118 
(Length: 4)  49  78  99  140 
(Length: 3)  49  93  105 
(Length: 4)  49  113  123  144 
(Length: 3)  49  66  86 
(Length: 3)  49  89  140 
(Length: 3)  49  66  128 
(Length: 3)  49  86  89 
(Length: 3)  49  96  135 
(Length: 4)  49  81  92  97 
(Length: 3)  49  97  118 
(Length: 3)  49  99  113 
(Length: 4)  49  97  113  123 
(Length: 3)  49  74  82 
(Length: 3)  49  92  105 
(Length: 3)  49  92  128 
(Length: 3)  49  86  123 
(Length: 3)  49  96  97 
(Length: 3)  50  85  115 
(Length: 3)  50  103  126 
(Length: 3)  50  78  129 
(Length: 3)  50  100  104 
(Length: 3)  50  79  104 
(Length: 3)  50  85  100 
(Length: 3)  50  79  106 
(Length: 3)  50  103  133 
(Length: 3)  50  103  106 
(Length: 3)  50  115  129 
(Length: 3)  50  91  106 
(Length: 3)  50  55  106 
(Length: 3)  50  91  115 
(Length: 4)  51  78  140  142 
(Length: 3)  51  57  117 
(Length: 4)  51  78  125  140 
(Length: 3)  51  102  127 
(Length: 4)  51  78  127  140 
(Length: 4)  52  95  96  122 
(Length: 4)  52  65  86  92 
(Length: 5)  52  89  95  122  136 
(Length: 4)  52  65  86  118 
(Length: 3)  52  76  118 
(Length: 3)  52  86  89 
(Length: 3)  52  79  83 
(Length: 3)  52  65  91 
(Length: 4)  52  65  86  123 
(Length: 3)  52  76  92 
(Length: 3)  52  83  98 
(Length: 3)  52  98  118 
(Length: 4)  52  65  83  111 
(Length: 3)  53  68  73 
(Length: 3)  53  77  84 
(Length: 3)  53  81  119 
(Length: 3)  53  89  119 
(Length: 3)  53  73  77 
(Length: 3)  53  84  145 
(Length: 3)  53  62  118 
(Length: 3)  53  73  81 
(Length: 3)  53  86  89 
(Length: 3)  53  56  145 
(Length: 3)  54  103  138 
(Length: 4)  54  107  136  143 
(Length: 4)  54  95  96  100 
(Length: 3)  54  86  107 
(Length: 3)  54  126  143 
(Length: 4)  54  95  136  138 
(Length: 3)  54  103  110 
(Length: 3)  54  86  118 
(Length: 4)  54  78  118  136 
(Length: 3)  54  103  126 
(Length: 3)  54  143  147 
(Length: 3)  54  68  110 
(Length: 4)  54  107  136  138 
(Length: 3)  54  68  78 
(Length: 4)  54  95  96  138 
(Length: 3)  54  100  128 
(Length: 4)  54  78  128  136 
(Length: 4)  54  78  136  143 
(Length: 3)  54  78  119 
(Length: 3)  54  68  126 
(Length: 4)  54  86  139  147 
(Length: 3)  55  99  108 
(Length: 3)  55  59  143 
(Length: 3)  55  86  106 
(Length: 4)  55  86  101  118 
(Length: 3)  55  86  107 
(Length: 4)  55  101  118  121 
(Length: 3)  55  86  99 
(Length: 3)  55  76  93 
(Length: 4)  55  60  68  133 
(Length: 3)  55  86  93 
(Length: 3)  55  107  143 
(Length: 4)  55  60  106  143 
(Length: 3)  55  59  124 
(Length: 3)  55  121  124 
(Length: 4)  55  65  86  118 
(Length: 4)  56  73  83  127 
(Length: 3)  56  104  145 
(Length: 4)  56  70  104  128 
(Length: 3)  56  99  108 
(Length: 3)  56  83  93 
(Length: 3)  56  70  108 
(Length: 3)  56  99  127 
(Length: 3)  56  93  108 
(Length: 3)  56  70  73 
(Length: 3)  58  132  141 
(Length: 3)  58  112  132 
(Length: 3)  58  132  139 
(Length: 3)  59  71  104 
(Length: 3)  59  96  126 
(Length: 3)  59  104  146 
(Length: 3)  59  143  147 
(Length: 3)  59  126  143 
(Length: 3)  59  71  111 
(Length: 4)  60  68  114  126 
(Length: 4)  60  64  78  99 
(Length: 4)  60  64  88  148 
(Length: 3)  60  68  88 
(Length: 3)  60  66  81 
(Length: 3)  60  83  88 
(Length: 3)  60  66  68 
(Length: 4)  60  78  99  119 
(Length: 3)  60  106  132 
(Length: 3)  60  132  141 
(Length: 3)  60  82  148 
(Length: 3)  60  82  141 
(Length: 3)  60  119  148 
(Length: 4)  60  81  82  83 
(Length: 4)  60  64  88  106 
(Length: 3)  60  119  141 
(Length: 3)  60  66  75 
(Length: 3)  61  75  115 
(Length: 3)  61  83  98 
(Length: 3)  61  107  138 
(Length: 4)  61  98  119  125 
(Length: 3)  61  75  131 
(Length: 3)  61  85  138 
(Length: 4)  61  98  107  125 
(Length: 3)  61  63  107 
(Length: 3)  61  85  115 
(Length: 3)  61  115  119 
(Length: 3)  62  103  138 
(Length: 3)  62  84  137 
(Length: 3)  62  66  138 
(Length: 3)  62  121  148 
(Length: 3)  62  68  121 
(Length: 3)  62  84  91 
(Length: 3)  62  84  107 
(Length: 3)  62  107  138 
(Length: 3)  62  91  106 
(Length: 3)  62  103  106 
(Length: 3)  62  95  97 
(Length: 3)  62  100  148 
(Length: 3)  63  85  105 
(Length: 3)  63  64  85 
(Length: 3)  63  105  107 
(Length: 3)  63  113  142 
(Length: 3)  63  64  106 
(Length: 4)  63  108  122  129 
(Length: 4)  63  107  129  142 
(Length: 3)  63  130  135 
(Length: 4)  63  122  129  135 
(Length: 4)  64  110  116  120 
(Length: 3)  64  85  126 
(Length: 3)  64  146  148 
(Length: 3)  64  85  110 
(Length: 4)  64  78  99  116 
(Length: 3)  64  106  116 
(Length: 3)  64  123  146 
(Length: 4)  64  78  116  120 
(Length: 4)  65  84  88  128 
(Length: 4)  65  84  123  128 
(Length: 4)  65  86  92  142 
(Length: 4)  65  83  88  131 
(Length: 4)  65  83  105  111 
(Length: 3)  65  105  110 
(Length: 4)  65  88  92  105 
(Length: 3)  65  110  131 
(Length: 4)  65  92  129  142 
(Length: 3)  65  123  129 
(Length: 4)  65  88  92  128 
(Length: 3)  65  102  126 
(Length: 3)  65  111  129 
(Length: 3)  65  131  142 
(Length: 4)  65  83  88  105 
(Length: 3)  65  118  129 
(Length: 3)  65  84  91 
(Length: 3)  66  75  138 
(Length: 3)  66  86  116 
(Length: 3)  66  75  122 
(Length: 3)  66  94  116 
(Length: 3)  66  81  149 
(Length: 4)  66  108  122  129 
(Length: 3)  66  116  120 
(Length: 4)  67  81  82  127 
(Length: 4)  67  96  127  135 
(Length: 4)  67  105  110  127 
(Length: 4)  67  76  103  105 
(Length: 4)  67  96  135  138 
(Length: 4)  67  108  111  134 
(Length: 3)  67  96  108 
(Length: 3)  67  103  138 
(Length: 3)  67  105  136 
(Length: 4)  67  103  105  110 
(Length: 3)  67  103  106 
(Length: 4)  67  81  127  135 
(Length: 3)  68  87  121 
(Length: 4)  68  73  87  146 
(Length: 3)  68  74  126 
(Length: 4)  68  74  87  146 
(Length: 3)  68  104  146 
(Length: 3)  68  74  112 
(Length: 3)  69  106  132 
(Length: 3)  70  101  111 
(Length: 4)  70  101  118  121 
(Length: 4)  71  104  128  134 
(Length: 4)  71  111  128  134 
(Length: 4)  71  78  98  128 
(Length: 4)  71  78  83  127 
(Length: 4)  71  83  98  100 
(Length: 3)  71  101  121 
(Length: 4)  71  78  128  136 
(Length: 4)  71  100  104  128 
(Length: 3)  71  121  127 
(Length: 4)  71  83  102  127 
(Length: 4)  71  101  111  134 
(Length: 3)  71  80  102 
(Length: 3)  71  80  98 
(Length: 4)  71  78  83  98 
(Length: 4)  71  83  100  111 
(Length: 4)  71  98  100  128 
(Length: 4)  71  100  111  128 
(Length: 3)  71  104  121 
(Length: 3)  72  119  148 
(Length: 4)  73  81  83  127 
(Length: 4)  73  87  96  127 
(Length: 3)  73  75  136 
(Length: 5)  73  83  102  127  144 
(Length: 3)  73  75  87 
(Length: 4)  73  87  127  144 
(Length: 4)  73  83  102  116 
(Length: 3)  73  77  136 
(Length: 3)  74  132  141 
(Length: 3)  74  99  138 
(Length: 3)  74  138  146 
(Length: 3)  74  112  122 
(Length: 4)  74  112  132  138 
(Length: 3)  74  129  146 
(Length: 3)  74  99  129 
(Length: 4)  74  122  129  141 
(Length: 3)  74  87  99 
(Length: 3)  74  122  125 
(Length: 3)  74  125  140 
(Length: 3)  74  140  146 
(Length: 3)  74  132  140 
(Length: 4)  74  82  129  141 
(Length: 3)  75  97  118 
(Length: 4)  75  122  136  145 
(Length: 4)  75  121  138  145 
(Length: 3)  75  87  97 
(Length: 3)  75  118  136 
(Length: 4)  75  136  138  145 
(Length: 4)  75  87  121  145 
(Length: 3)  75  105  136 
(Length: 4)  76  78  118  129 
(Length: 3)  76  93  105 
(Length: 4)  76  82  129  141 
(Length: 3)  76  105  139 
(Length: 3)  76  93  100 
(Length: 4)  76  103  105  112 
(Length: 3)  76  92  105 
(Length: 3)  76  92  129 
(Length: 4)  77  84  124  128 
(Length: 3)  77  101  121 
(Length: 4)  77  78  128  136 
(Length: 3)  77  84  101 
(Length: 3)  77  121  124 
(Length: 4)  77  124  128  136 
(Length: 4)  78  83  98  112 
(Length: 4)  78  98  118  129 
(Length: 3)  78  116  142 
(Length: 4)  78  98  112  119 
(Length: 4)  78  99  129  136 
(Length: 3)  78  129  142 
(Length: 4)  78  98  119  125 
(Length: 4)  78  118  129  136 
(Length: 4)  78  99  127  140 
(Length: 3)  79  106  128 
(Length: 3)  79  106  116 
(Length: 3)  79  106  132 
(Length: 4)  79  110  116  120 
(Length: 3)  79  104  128 
(Length: 3)  79  104  110 
(Length: 3)  79  83  116 
(Length: 3)  79  110  119 
(Length: 3)  80  102  116 
(Length: 4)  80  86  107  142 
(Length: 3)  80  98  112 
(Length: 3)  80  98  107 
(Length: 4)  80  86  116  142 
(Length: 3)  81  83  149 
(Length: 4)  81  82  83  127 
(Length: 3)  81  92  142 
(Length: 4)  81  91  127  135 
(Length: 4)  83  105  127  144 
(Length: 4)  83  105  112  144 
(Length: 3)  83  89  131 
(Length: 4)  83  98  113  144 
(Length: 4)  83  93  105  111 
(Length: 3)  83  116  131 
(Length: 3)  83  98  149 
(Length: 4)  83  93  113  131 
(Length: 4)  83  93  100  111 
(Length: 3)  83  88  149 
(Length: 4)  83  98  112  144 
(Length: 3)  84  124  145 
(Length: 3)  84  107  143 
(Length: 3)  84  98  107 
(Length: 3)  84  88  107 
(Length: 3)  84  107  145 
(Length: 3)  84  91  127 
(Length: 3)  84  97  123 
(Length: 4)  85  95  136  138 
(Length: 3)  85  105  136 
(Length: 4)  85  121  144  145 
(Length: 3)  85  105  144 
(Length: 3)  85  95  100 
(Length: 3)  85  95  115 
(Length: 3)  85  137  144 
(Length: 3)  85  105  110 
(Length: 4)  85  136  138  145 
(Length: 3)  85  100  132 
(Length: 4)  85  121  138  145 
(Length: 3)  86  89  147 
(Length: 3)  86  134  137 
(Length: 4)  86  106  116  142 
(Length: 3)  86  123  147 
(Length: 4)  86  107  134  142 
(Length: 3)  86  107  130 
(Length: 3)  86  101  147 
(Length: 4)  86  101  134  142 
(Length: 4)  86  99  116  137 
(Length: 4)  86  89  106  142 
(Length: 4)  87  121  144  145 
(Length: 4)  87  96  99  127 
(Length: 4)  87  109  144  145 
(Length: 4)  87  106  109  143 
(Length: 3)  88  128  134 
(Length: 3)  88  105  107 
(Length: 3)  88  107  134 
(Length: 3)  88  106  128 
(Length: 3)  88  107  130 
(Length: 3)  88  130  131 
(Length: 3)  88  115  148 
(Length: 3)  89  109  126 
(Length: 4)  89  122  129  136 
(Length: 3)  89  114  126 
(Length: 3)  89  109  131 
(Length: 4)  89  114  129  136 
(Length: 4)  89  95  97  122 
(Length: 3)  89  133  142 
(Length: 4)  89  106  140  142 
(Length: 3)  90  101  142 
(Length: 3)  90  108  114 
(Length: 3)  90  124  145 
(Length: 3)  90  140  142 
(Length: 3)  90  107  145 
(Length: 3)  90  107  142 
(Length: 3)  91  110  127 
(Length: 3)  91  135  139 
(Length: 3)  91  121  127 
(Length: 3)  91  106  142 
(Length: 3)  92  95  97 
(Length: 3)  92  99  127 
(Length: 3)  92  99  129 
(Length: 5)  93  108  110  113  131 
(Length: 3)  93  105  110 
(Length: 3)  93  105  109 
(Length: 3)  93  109  131 
(Length: 4)  95  96  122  135 
(Length: 4)  95  96  97  122 
(Length: 3)  95  97  123 
(Length: 3)  95  124  136 
(Length: 4)  95  96  135  138 
(Length: 3)  96  108  122 
(Length: 3)  96  99  108 
(Length: 4)  98  114  118  129 
(Length: 3)  98  109  118 
(Length: 3)  98  113  130 
(Length: 3)  98  125  149 
(Length: 4)  98  107  130  141 
(Length: 3)  98  129  137 
(Length: 3)  98  144  147 
(Length: 3)  98  114  130 
(Length: 3)  98  137  144 
(Length: 3)  98  137  149 
(Length: 3)  98  128  130 
(Length: 3)  98  109  144 
(Length: 4)  98  119  141  147 
(Length: 4)  98  107  129  141 
(Length: 4)  99  108  114  129 
(Length: 3)  99  136  138 
(Length: 4)  99  114  129  136 
(Length: 3)  99  108  113 
(Length: 3)  99  129  137 
(Length: 3)  101  121  144 
(Length: 3)  101  144  147 
(Length: 3)  101  141  147 
(Length: 3)  102  116  137 
(Length: 3)  102  137  144 
(Length: 3)  102  106  116 
(Length: 3)  103  112  138 
(Length: 4)  103  110  116  131 
(Length: 3)  103  106  116 
(Length: 3)  103  114  126 
(Length: 3)  104  140  146 
(Length: 4)  104  107  138  145 
(Length: 3)  104  138  146 
(Length: 4)  104  121  138  145 
(Length: 4)  104  107  110  145 
(Length: 4)  105  107  136  143 
(Length: 3)  105  107  110 
(Length: 3)  105  146  148 
(Length: 3)  105  110  119 
(Length: 3)  105  140  146 
(Length: 3)  105  109  144 
(Length: 3)  105  109  143 
(Length: 3)  105  119  148 
(Length: 3)  105  107  141 
(Length: 3)  106  142  143 
(Length: 3)  106  128  136 
(Length: 3)  107  125  145 
(Length: 3)  107  142  143 
(Length: 4)  107  136  138  145 
(Length: 3)  107  110  130 
(Length: 3)  107  129  136 
(Length: 3)  108  111  129 
(Length: 4)  108  115  122  129 
(Length: 3)  108  112  122 
(Length: 3)  108  122  131 
(Length: 3)  108  131  146 
(Length: 3)  109  126  143 
(Length: 3)  110  113  120 
(Length: 4)  110  113  130  131 
(Length: 3)  110  127  131 
(Length: 3)  114  130  135 
(Length: 3)  114  129  135 
(Length: 4)  114  118  129  136 
(Length: 3)  115  119  148 
(Length: 3)  116  131  142 
(Length: 3)  121  124  145 
(Length: 4)  122  129  135  141 
(Length: 3)  122  125  145 
(Length: 3)  123  129  146 
(Length: 3)  123  144  147 
(Length: 3)  123  129  141 
(Length: 3)  123  141  147 
(Length: 3)  124  125  145 
(Length: 3)  129  135  137 
(Length: 3)  131  142  146 
(Length: 3)  133  134  142 
(Length: 3)  140  142  146 
...model cost: 1.85 seconds  48785 FFE
 (opt) 670.00000000 == 670.00000000 (sur)  OPTIMALITY TEST PASSED!
   BESTimpr 588.00000000 -> 648.00000000
1***1**1*1**1111**1*11**11111*****1**1**1**1*111***1**1******1*****1*111***1**1111*11*1*1*****1**11**1**11*11******11111111**1***11*1*11*111111*11****

   BESTimpr 648.00000000 -> 652.00000000
*1**11**1*111*****1*1***111***1**1**1111*11*111**1**11111***11*111**1111***1**1*111*1***11***1****1****1***111***1*1**11*1111**1**11*1*11*1**11*11*1**

