Walsh model started...
 79  102  88  83  55  131  115  50  124  15  96  98  103  59  112  1  41  47  26  146  20 
 36  116  54  137  145  107  102  3  5  19  146  135  24  0  112  43  60  123  94  50 
 18  70  133  27  73  131  34  103  138  74  100  53  116  62  127  54  22  71  66  82 
 4  83  92  43  75  147  73  18  8  19  1  102  93  34  86  66  41  61  125  100 
 74  56  3  83  63  103  135  121  21  69  46  5  60  17  14  11  84  45  125  8  27  105  75  98 
 104  29  40  83  53  143  22  134  77  67  43  91  1  19  60  4  132  7  115  76  100  139  108  9  70  37  141  112 
 93  40  124  92  148  106  52  141  66  9  104  145  17  73  94  146  138  29  65  126  7  26  86 
 79  119  141  55  89  117  137  149  31  36  88  109  132  5  107  114  74  19  93  25  124  81  72  96  56  120  126  6  65 
 3  19  40  114  61  36  86  51  15  125  4  75  104  23 
 30  52  75  69  114  24  15  13  67  104  6  131  145  108  5  29  97  99  106  77  34 
 144  89  118  16  71  41  126  102  99  79  98  64  56  51  135  148  57 
 64  65  38  136  54  23  75  22  14  4  48  32  140  20  85  26  82  74  145  95 
 50  30  40  51  125  130  141  116  88  76  57  62  42  102  111  80  131  90  138 
 48  105  124  126  102  92  16  129  9  67  74  114  89  131  112  99  122  72 
 130  60  70  126  58  48  20  74  11  4  30  80  62  72  102  98  117  123  35  53  43 
 110  25  20  87  45  141  132  111  148  99  30  42  23  142  69  9  124  102  89  19  0  128  26  51  8  149  62  73  98  75  116  83  106  35 
 10  118  99  143  13  129  132  74  28  90  110  116  70  41  88  48 
 131  28  55  47  143  99  139  149  34  108  4  46  90  65  84  87  110  32  66  68  6  73  74  27  137  91  138  78  146  85 
 2  70  21  36  3  73  57  141  48  103  120  131  23  20 
 131  36  8  3  5  1  136  35  15  124  39  87  32  93  128  68  74  50  7  31  28  23  112  110 
 15  87  50  80  147  133  70  84  45  125  135  58  130  57  74  14  139  100  41  140  11  37  146  0  18  23  21  111  122  123 
 139  47  18  36  82  53  93  56  85  27  109  114  121  4  74  33  89  99  128  30  105  34  118  113  145  68  59  71  64  112  111  20 
 56  89  87  113  27  115  76  121  71  108  5  134  11  75  94  118  73  95  141  49  132  148  84  116  2 
 36  124  45  108  46  126  74  119  44  130  105  58  54  11  142  15  103  52  24  94  139  28  118  144  100  125  127  59  112  117  55  102  18  20  140  82  83  61  96  19  8 
 134  28  114  9  124  50  23  94  1  102  73  100  75  40  42  120  148  127 
 15  110  89  109  98  71  122  7  93 
 112  149  50  81  110  139  127  142  115  56  83  44  144  125  122  15  0  85  11  71  49  104  103  6  86 
 34  94  131  126  148  110  22  115  133  2  21  85  76  50  101  73  51  136  116  117  97  74  17  4  105  120  130 
 134  24  17  131  85  109  124  135  139  23  45  100  102  93  95  42  92  46  16  74  132  32  101  76  19  31  122  142  51  111  82 
 104  5  147  112  56  102  50  51  34  96  79  122  31  142  80  77  6  65  97  9 
 136  65  52  9  90  148  50  12  126  41  15  42  55  76  87  67  21  105  14  80  77  123 
 134  35  97  68  36  7  126  52  55  129  91  73  29  122  141  102  56  87  90  109  19  28  100  144  77 
 34  70  96  83  19  93  11  48  91  79  17  110  95  130  132  28  82 
 112  133  103  97  104  49  75  130  53  45  91  62  93  96  44  146  89  21  78  47  52 
 94  27  148  55  32  70  123  76  56  74  131  89  29  17  108  61  142  93  3  86  124  21  118  103  2  80  91  149  87  109  62  83  120  77  9  44  42 
 134  31  46  118  66  148  73  102  136  19  64  121  42  54  123  14  91  15  106  60  142  110  127  38  132 
 23  124  21  18  131  19  1  116  31  7  59  134  74  55  53  78  56  61  8  43  90  86  132  38  84  112  44 
 121  67  46  90  108  51  135  149  47  112  146  52  140  20  130  70  5  61  104  98  109 
 136  11  52  59  68  61  65  41  60  132  84  36  103  121  35 
 92  144  122  100  87  19  108  56  72  73 
 93  6  5  83  92  69  51  12  91  123  145  110  56  109  49  85  8  114  148  118  136  64  50  113  24  75 
 45  141  120  124  61  66  30  126  71  10  63  58  65  38  20  135  110  112  94  47  0  72  73  86  3  16  143 
 43  131  30  15  62  12  119  116  95  28  82  101  35  54  121  113  120  24  149  44  34 
 117  76  131  42  92  3  123  126  115  122  45  5  91  78  96  104  80  132  1  60  119  68  36  90  14  53  49  133 
 75  69  130  23  33  146  128  82  95  60  26  144  145  71  73  88  119  68  149  122  36  112  45  137  42  34  64  140 
 106  51  23  108  141  41  15  20  53  33  127  137  121  103  71  54  123  43  28  100  144  128  84  4  89  119  50  88  68  147  44  105 
 56  131  104  76  90  37  23  126  68  81  35  118  94  54  143  69  4  135  77  61  17  83  96  66  136  120  92  28  146  127  124  93  105  47  121 
 139  21  101  112  88  135  17  55  114  91  70  37  92  90  78  33  41  0  126  62  127  131  121  46  108  118 
 13  105  123  59  98  124  14  58  63  99  118  114  84  120  103  18  146  75  121  76  11  32  62  113  74  88  16 
 121  112  104  33  148  115  89  139  85  40  132  22  26  71  43  133 
 26  81  146  70  80  20  30  12  124  62  132  127  51  29  24  125  76  27  115  0  69  90  59  88  74  19  45  40  113  147  94  1  130  77 
 106  45  40  12  108  37  50  29  61  105  92  147  141  73  27  140  132  109  10  56  15  8  122  28  101  96 
 30  9  76  68  38  59  149  137  126  31  103  23  129  73  146  37  124  6  64  133  77  33  62 
 21  82  5  143  33  45  125  129  124  55  36  109  62  64  113  2  116  139  59  148  84  147  104  14  43  149  85  117 
 104  143  83  138  124  87  46  23  11  1  137  45  71  74  136  118  92  123  42  35  103  2  149  101  98 
 17  47  141  7  70  148  34  131  0  31  129  30  76  36  53  113  111  61  109  103  122  117  23  112  110 
 22  89  66  109  74  4  29  102  131  46  93  21  26  83  34  119  141  120  40  108  39  81  92  31  87  78  36  10  51  91  7  65 
 98  100  76  12  20  130  18  141  62  80  104  145  64  129  86  106  132  10  148 
 20  135  23  105  14  48  41  63  91  95  59 
 38  52  48  123  36  134  104  72  83  100  113  135  0  103  23  112  88  50  53  139  110  21  71  58  95 
 142  99  14  130  104  67  5  4  77  128  95  44  38  132  1  43  126  113  78  35 
 51  105  66  41  68  38  139  77  69  46  75  121  134  34  142  110  85  36  8  55  109  149  63  3  83  23  78  74  37  104  124  133  128 
 132  118  119  137  93  124  50  33  91  57  80  12  42  109  53  146  126  47  148  79  15  149  2  127  34  70  14  116  86  48  113  147  52 
 103  4  99  48  41  58  114  133  149  61 
 128  109  11  65  147  117  10  98  35  121  125  53  88  139  136  40  57  129  52  133  112  21  44  140 
 136  30  11  64  117  130  41  38  17  90  29  6  137  128  7  56 
 109  56  35  148  61  41  147  75  134  96  46  141  6  17  68  3  116  91  2  82 
 104  60  121  37  77  5  9  13  87  30  122  138 
 84  118  147  100  76  52  81  46  97  31  61  38  124  88  106  91  19  128  82  98  95  66  17  43  119  44  21  145  45 
 75  44  92  40  9  15  4  46  61  104  133  50  90 
 18  2  146  50  20  84  55  47  80  108  32  34  126  14  90  141  130  96  100  37  5  116  16  62  133  106 
 22  108  79  78  45  54  101  105  41  10  25  122  145  44  59  21  26  49  132  83  2  114  115  85  144 
 104  59  73  39  131  82  41  110  14  102  7  96  122  13 
 112  117  3  18  113  118  2  131  91  31  141  51  75  35  102  129  52  27  24  100  22  72  39  44  88  124  148  86  41  105  146  125  122  6  17  101  132  15  82  128 
 4  56  23  119  34  144  148  16  132  54  136  20  14  21  36  13  114  133  98  131  78  28  2  138  19  50  7  17  27  61  145  11  48 
 69  44  9  3  147  33  130  73  113  11  22  66  121  61  146  48  118  110  128  148  24  40  104  8  98  15  4 
 145  146  43  117  104  46  22  121  52  68  12  88  34  123  79  95  50  27  57  118  144  107  114  109  124  111  93  119  122  133  135  30  55  48  5  115  97  108  28  101  105  127  138 
 5  67  135  46  139  61  60  128  29  96  144  104  31  52  9  34  30  123  50  130 
 71  79  96  43  56  36  131  74  124  47  33  113  60  61  138  17  145  100  149  119 
 7  119  81  134  0  102  71  78  76  95  96  29  99  10  140  135  32  91  129  127  62  148 
 50  20  108  70  137  134  132  142  29  57  62  43  104  111  12  34  91  30  14  100  148 
 26  50  79  134  68  46  56  92  124  7  108  101  109  105 
 21  53  146  106  130  147  44  128  124  102  145  72  131  42  101  68  98  32  11  140  23  73  28  111  2  66  139  123  117 
 40  5  4  3  26  56  95  93  54  138  88  0  96  32  59  100  116  145  46  143  131  61  23  132  71  34  120  15 
 100  144  68  118  70  20  48  120  87  17  45  4  22  116  117  146  148  53  38  36 
 21  27  28  109  49  40  61  110  134  148  11  26  53  71  144  146  17 
 117  138  131  100  87  102  34  124  73  41  8  3  129  57  132  36  116  62  26  6 
 20  15  22  113  54  124  141  86  102  129  147  39  19  31  56  67  30  84  17  34  149 
 47  135  118  132  83  0  12  76  124  68  109  7  44  73  59  50  95  139  64  90  45  48  16 
 144  10  22  56  117  7  131  34  15  25  137  101  33  21  139  49  45  119  13 
 148  30  46  37  94  122  127  70  141  17  65  69  50  92  47  91  105  31  109  16  110  133  88  12  36  43 
 114  47  40  123  115  110  113  149  102  33  62  31  73  43  5  68  106  96  130  32  79  105  90  80  34  146  131  56  58  122  137  17  116  66  35 
 69  40  13  102  43  3  124  6  51  147  144  39  56  81  90  47  46  28  54  123  96  111  99  106 
 6  40  62  119  56  21  95  83  33  96  117  111  76  94  142  127  123  19  32  28  102  34  3  149  140  46  105  7  25  115  131 
 34  27  123  113  90  46  93  142  24  23  134  22  101  129  127  41  112  6  141  50  1 
 101  112  83  93  76  79  96  104  117  127  137  44  60  22  141  28  42  88  68  130  32  58  59  11  145 
 104  95  83  32  93  33  29  79  78  43  0  98  91  130  66  46  70  77  111  92  118  124  7  72  23  101  51 
 103  33  109  134  68  31  27  76  123  122  29  9 
 114  130  100  57  124  48  74  133  25  109  10  64  0  96  68  82  14  117  15  75  4  121  37  101  54 
 142  60  16  143  17  15  148  63  48  79  10  128  21  145  106  92  9  112  13 
 84  144  147  68  98  57  114  128  86  131  39  122  139  20  83  59  28  45  73  24  109  23  125  5  70  2  3  31  112  149  78  148  80 
 112  47  95  146  125  148  27  71  105  137  89  94  129  82  42  28  76  73  108  81  51  96  54  98 
 56  29  13  92  79  0  91  149  124  15  86  87  1  3  35  73  126  10  31  134  24  145  82  12  130  28  93  23  122  72  14  135 
 97  33  137  149  63  4  121  45  142  141  135  52  23  48  18  0  59  34  2  55  122  54  38  104  26 
 5  29  33  49  60  67  46  76  143  54  96  95  72  59  43  80  145  57  133  69  9  6  131  77  144  61  37  53  147  146  111  75  8  149  103  26  128 
 13  48  51  61  23  58  71  101  30  21  91  90  146  73  46  93  118  136  27  4  76  127  123  45  109  81 
 51  45  125  113  146  82  148  6  68  91  143  112  133  70  99  92  9  132  57  15  35 
 145  1  76  114  115  129  7  132  142 
 45  23  80  70  51  37  71  22  56  39  34  17  76  5  9  81  101  47  118 
 128  64  66  56  134  97  21  114  85  28  76  124  40  25  98  88  7  132  51  62  53  131  100  31  90  61  55  34  81  105  37 
 15  25  26  139  27  148  127  137  134  115  91  40  145  149  138  41  120  118  75  61  85  17  32  90  16  72  123  59  112  55  19  35 
 113  117  132  15  76  93  144  127  80  12  55  126  130  96  92  146  104  28  82  21  20 
 133  33  26  149  101  47  95  142  123  73  117  49  121  29  147  37  0  1  41  94  23  59  106  143  55  110  100  64  21  5  141  99  13  36  44  19 
 87  22  111  117  123  94  125  106  130  122  115  91  145  133  73  118  75  135  59  55  53  21  78  60  121  42  143  137  50  40  62  48 
 98  130  91  47  128  100  9  24  21  109  76  107  118  48  13  74  40  8  7  63  133  71  115 
 22  27  142  26  91  110  113  148  49  43  122  0  50  107  129  5  76  93  131  114  71 
 120  146  141  12  1  36  27  136  83  145  119  42  131  2  53  22  84  70  16  86  62  66  91  15 
 112  73  43  76  113  111  86  138  89  7  129  144  64  147  93  95  130  65  131  27  55  23  84  146  14  98  82  53 
 132  62  68  84  10  16  88  35  46  76  144  73  113  127  149  114  48  54  23  22  34  21  110  75  148  40  136  105  96  124  108  47 
 62  137  79  7  93  74  23  56  141  120  76  122  42  116  45  89  43  68  44  78 
 41  124  116  146  119  56  48  84  18  131  110  136  46  141  138  42  24  130  27  34  83  7 
 49  112  37  67  22  76  45  103  4  21  75  61  48  64  35  113  42  38  47  46  98 
 134  135  130  113  90  127  115  43  39  100  29  31  76  119  25  71  125  26  67  138  103  55  73  91  102  142  28  51  123  97  149  44  72  13  20 
 142  112  113  94  91  40  48  59  34  76  126  43  45  127  93  138  144  54  92  110  1  97  122  14  35  137  77  30  105  139  82  20 
 23  36  13  126  120  41  50  62  92  6  54  87  24  98  48  125  68  88  28  135  102  15  109  76  19  0  82  53  52  73  34  86  78  46  118  96  81  7  133  61 
 106  113  12  130  135  20  50  124  146  101  129  53  26  122  100  23  64  4  8  73  3 
 13  124  27  131  46  23  70  14  52  31  30  41  123  43  102  10  132  138  62  47  60  111  130  6  7 
 110  26  50  132  122  90  45  137  95  118  149  123  93  111  144  79  129  23  94  146  46  2  62  47  131  105  76  148  24  35 
 109  64  114  100  44  82  60  77  19  68  99  21  75  148  15  45  65  137  73  61  104 
 144  117  13  16  31  55  125  53  87  147  73  52  141  107  115  94  101  79  127  57  64  86 
 14  60  98  114  125  12  122  113  75  33  44  23  20  57  82  147  117  65  102  96  91  70  95  32  126  111  37  120  27  50  77 
 27  126  17  28  43  42  56  46  36  19  55  0  89  34  86  100  73  2  83  117  109  18  120  78  74  132  72  82  116  12  104  9  91  47  127  93  115  13 
 118  62  88  50  127  111  15  16  74  80  134  7  5  38  60  49  22  109  51  126  138  131  43  142  107  32  28  86  36  73  83  71  106  57  35 
 112  33  147  20  2  27  145  113  74  98  135  76  104  69  141  90  63  114  64  52  70  106  43  49  124  61 
 24  28  31  35  122  135  79  81  80  137  110  109  97  5  22  59  36  132  102  94  61  66  85  148 
 88  47  134  122  125  20  58  124  28  103  4  46  77  37  149  146  1  133  76  113  59  140  79  41  102  10 
 30  65  38  11  54  74  35  19  27  116  120  46  64  40  118  105 
 62  119  103  149  80  134  110  52  7  127  45  54  1  95  89  101  143  113  91  17  123  65  128  44 
 117  86  83  54  110  149  123  144  132  126  122  67  2  74  120  141  78  17  6  146  76  12 
 47  21  26  110  17  149  77  61  20  100  89  49  28  23  5  88  64  53  59  123  82 
 79  135  37  51  93  149  11  20  23  82  44  64 
 45  41  55  7  12  116  15  87  18  57  56  119  51  73  142  103  31  129  90  70  22  95  66  6  133  120  138  94  5  112 
 99  60  112  123  115  26  23  15  103  141  29  80  94  93  34  61  132  107  122  28  35 
 99  16  104  54  17  53  5  46  145  83  106  112  113  137  41 
 89  10  100  84  129  117  148  74  76  118  92  39  123  138  111  127  44  26  23  45  77  104  31  71  85 
 76  146  133  113  40  110  107  1  102  82  116  83  143  99  104  57  44  71  9  6  21  68  78  74  11  95 
 50  70  145  76  116  120  82  106  101  125  44  33  1  135  52  37  48  75  62  91  105  73  46  127  0  20  117  84  104  111  6  138  17  85 
 100  68  29  112  133  20  3  75  64  117  51  92  82  130  66  87  129  53  104  45  62  50 
 90  30  27  110  55  34  35  66  106  6  15  99  115  49  144  74  101  73  22  118  40  128  75  85  134  62  79  53  84  127  24  10  57  100  80 
 26  112  103  137  52  91  102  7  110  138  17  139  127  118  135  37  93  140  34  87  63  61  15  62  122  44  104  53  42  54  100  78 
-->CDecomWalshPart::vInitTrueLinkage-->GLBs: 1742
(Length: 4)  0  1  50  146 
(Length: 3)  0  1  112 
(Length: 4)  0  26  50  115 
(Length: 3)  0  15  20 
(Length: 4)  0  96  98  124 
(Length: 4)  0  41  47  112 
(Length: 4)  0  20  50  146 
(Length: 4)  0  59  83  88 
(Length: 4)  0  50  59  88 
(Length: 4)  0  15  26  83 
(Length: 3)  0  20  41 
(Length: 3)  0  79  96 
(Length: 3)  0  83  131 
(Length: 3)  0  1  102 
(Length: 3)  0  115  131 
(Length: 4)  0  47  55  131 
(Length: 3)  0  41  124 
(Length: 3)  0  47  88 
(Length: 4)  0  15  98  124 
(Length: 4)  0  47  55  112 
(Length: 3)  0  59  103 
(Length: 3)  0  59  112 
(Length: 4)  0  50  88  124 
(Length: 4)  0  15  102  124 
(Length: 3)  0  79  102 
(Length: 3)  0  83  96 
(Length: 3)  0  55  103 
(Length: 3)  0  26  103 
(Length: 3)  0  26  112 
(Length: 4)  1  24  50  94 
(Length: 3)  1  3  102 
(Length: 4)  1  54  123  137 
(Length: 3)  1  36  43 
(Length: 3)  1  107  145 
(Length: 3)  1  36  116 
(Length: 3)  1  102  145 
(Length: 3)  1  43  123 
(Length: 3)  1  102  135 
(Length: 4)  1  5  43  60 
(Length: 4)  1  19  36  112 
(Length: 4)  1  94  112  123 
(Length: 4)  1  116  145  146 
(Length: 3)  1  3  19 
(Length: 3)  1  135  146 
(Length: 4)  1  5  19  112 
(Length: 3)  1  3  43 
(Length: 3)  1  19  50 
(Length: 3)  1  24  102 
(Length: 4)  2  27  74  133 
(Length: 4)  2  53  62  116 
(Length: 4)  2  27  73  131 
(Length: 4)  2  73  82  131 
(Length: 3)  2  53  82 
(Length: 4)  2  73  100  131 
(Length: 3)  2  127  131 
(Length: 3)  2  70  133 
(Length: 3)  2  62  127 
(Length: 4)  2  62  70  116 
(Length: 3)  2  34  103 
(Length: 3)  2  70  100 
(Length: 4)  2  34  62  70 
(Length: 4)  2  22  27  116 
(Length: 5)  2  27  34  74  131 
(Length: 3)  2  18  70 
(Length: 3)  2  66  116 
(Length: 3)  2  22  71 
(Length: 4)  2  22  27  73 
(Length: 4)  2  27  116  131 
(Length: 3)  2  54  103 
(Length: 3)  2  18  103 
(Length: 4)  2  54  74  138 
(Length: 4)  2  18  73  131 
(Length: 3)  2  66  82 
(Length: 3)  2  54  71 
(Length: 4)  3  73  86  102 
(Length: 4)  3  4  8  75 
(Length: 3)  3  92  147 
(Length: 3)  3  100  147 
(Length: 3)  3  92  102 
(Length: 3)  3  83  100 
(Length: 4)  3  34  83  93 
(Length: 3)  3  34  86 
(Length: 4)  3  73  86  100 
(Length: 3)  3  8  19 
(Length: 4)  3  41  73  86 
(Length: 3)  3  73  75 
(Length: 4)  3  66  75  147 
(Length: 4)  3  4  8  125 
(Length: 3)  3  19  93 
(Length: 3)  3  8  86 
(Length: 4)  3  41  61  66 
(Length: 4)  3  61  66  75 
(Length: 3)  3  43  92 
(Length: 4)  3  34  61  83 
(Length: 4)  3  73  100  125 
(Length: 3)  3  4  83 
(Length: 3)  3  18  73 
(Length: 3)  3  93  102 
(Length: 4)  3  8  61  75 
(Length: 4)  4  11  14  74 
(Length: 3)  4  45  105 
(Length: 3)  4  103  135 
(Length: 4)  4  17  27  74 
(Length: 3)  4  45  84 
(Length: 4)  4  45  103  121 
(Length: 3)  4  17  84 
(Length: 3)  4  5  60 
(Length: 4)  4  21  27  74 
(Length: 3)  4  5  83 
(Length: 3)  4  46  135 
(Length: 3)  4  11  75 
(Length: 4)  4  14  74  98 
(Length: 3)  4  46  69 
(Length: 3)  4  46  121 
(Length: 3)  4  17  46 
(Length: 3)  4  46  105 
(Length: 4)  4  75  98  121 
(Length: 4)  4  21  27  105 
(Length: 4)  4  21  56  74 
(Length: 3)  4  69  75 
(Length: 3)  4  63  103 
(Length: 3)  4  21  121 
(Length: 4)  4  46  56  83 
(Length: 3)  4  125  135 
(Length: 3)  4  14  60 
(Length: 4)  5  43  60  132 
(Length: 3)  5  70  141 
(Length: 3)  5  100  112 
(Length: 4)  5  43  76  115 
(Length: 4)  5  43  53  104 
(Length: 3)  5  100  139 
(Length: 5)  5  60  67  77  104 
(Length: 3)  5  7  132 
(Length: 3)  5  7  19 
(Length: 5)  5  9  29  77  104 
(Length: 4)  5  22  76  108 
(Length: 4)  5  37  67  104 
(Length: 3)  5  40  83 
(Length: 3)  5  7  141 
(Length: 3)  5  112  141 
(Length: 3)  5  112  143 
(Length: 5)  5  9  67  77  104 
(Length: 3)  5  53  139 
(Length: 3)  5  40  91 
(Length: 3)  5  9  108 
(Length: 3)  5  29  112 
(Length: 3)  5  70  100 
(Length: 3)  5  77  139 
(Length: 4)  5  53  104  143 
(Length: 4)  5  43  76  104 
(Length: 4)  5  22  76  115 
(Length: 4)  5  22  132  134 
(Length: 3)  5  22  141 
(Length: 4)  5  37  70  108 
(Length: 3)  5  37  112 
(Length: 3)  5  83  100 
(Length: 3)  5  83  132 
(Length: 3)  5  83  143 
(Length: 4)  5  43  91  115 
(Length: 4)  5  43  60  104 
(Length: 3)  6  29  65 
(Length: 3)  6  106  146 
(Length: 3)  6  40  148 
(Length: 3)  6  92  124 
(Length: 3)  6  92  106 
(Length: 3)  6  17  66 
(Length: 3)  6  138  141 
(Length: 4)  6  9  104  145 
(Length: 3)  6  73  141 
(Length: 4)  6  52  73  124 
(Length: 3)  6  40  145 
(Length: 3)  6  73  148 
(Length: 4)  6  52  73  146 
(Length: 4)  6  52  124  126 
(Length: 3)  6  86  138 
(Length: 4)  6  17  73  146 
(Length: 3)  6  9  52 
(Length: 3)  6  66  141 
(Length: 4)  6  73  86  124 
(Length: 3)  6  26  86 
(Length: 3)  6  94  141 
(Length: 3)  6  40  92 
(Length: 3)  6  26  104 
(Length: 4)  6  9  29  104 
(Length: 3)  6  7  141 
(Length: 3)  6  9  106 
(Length: 4)  6  104  145  146 
(Length: 4)  6  17  138  146 
(Length: 3)  6  17  65 
(Length: 3)  6  7  65 
(Length: 4)  6  7  124  126 
(Length: 3)  6  93  94 
(Length: 3)  6  40  93 
(Length: 3)  6  106  148 
(Length: 3)  6  126  138 
(Length: 3)  6  7  93 
(Length: 3)  6  66  148 
(Length: 3)  7  96  124 
(Length: 3)  7  126  132 
(Length: 4)  7  19  31  36 
(Length: 3)  7  93  96 
(Length: 3)  7  79  119 
(Length: 4)  7  56  81  109 
(Length: 4)  7  31  56  109 
(Length: 3)  7  107  132 
(Length: 3)  7  79  81 
(Length: 3)  7  79  96 
(Length: 3)  7  120  124 
(Length: 3)  7  109  114 
(Length: 3)  7  93  149 
(Length: 3)  7  93  117 
(Length: 4)  7  36  74  132 
(Length: 4)  7  89  119  137 
(Length: 3)  7  74  114 
(Length: 3)  7  65  117 
(Length: 4)  7  31  56  141 
(Length: 4)  7  31  55  141 
(Length: 4)  7  19  36  74 
(Length: 4)  7  31  36  56 
(Length: 4)  7  31  36  55 
(Length: 3)  7  137  149 
(Length: 4)  7  36  56  74 
(Length: 3)  7  55  117 
(Length: 3)  7  31  126 
(Length: 4)  7  19  36  124 
(Length: 5)  7  56  119  120  141 
(Length: 3)  7  72  96 
(Length: 4)  7  31  55  109 
(Length: 4)  7  56  74  119 
(Length: 3)  7  56  65 
(Length: 4)  7  81  109  124 
(Length: 4)  7  88  109  124 
(Length: 3)  7  89  117 
(Length: 3)  7  19  93 
(Length: 3)  7  25  109 
(Length: 3)  7  65  137 
(Length: 4)  7  88  109  132 
(Length: 4)  7  56  93  119 
(Length: 3)  7  107  114 
(Length: 3)  7  25  93 
(Length: 4)  7  56  89  119 
(Length: 3)  7  25  89 
(Length: 3)  8  51  61 
(Length: 3)  8  36  86 
(Length: 4)  8  15  19  23 
(Length: 3)  8  40  51 
(Length: 4)  8  23  36  61 
(Length: 3)  8  15  75 
(Length: 3)  8  40  114 
(Length: 4)  8  19  23  36 
(Length: 3)  8  15  51 
(Length: 3)  8  23  125 
(Length: 3)  8  40  75 
(Length: 4)  8  61  75  104 
(Length: 3)  9  15  30 
(Length: 4)  9  29  34  77 
(Length: 3)  9  99  145 
(Length: 3)  9  24  75 
(Length: 3)  9  104  131 
(Length: 3)  9  13  99 
(Length: 4)  9  30  52  77 
(Length: 3)  9  13  114 
(Length: 4)  9  69  75  104 
(Length: 3)  9  13  131 
(Length: 3)  9  34  108 
(Length: 3)  9  13  67 
(Length: 3)  9  24  114 
(Length: 4)  9  15  69  75 
(Length: 3)  9  34  131 
(Length: 4)  9  15  99  106 
(Length: 4)  9  30  67  77 
(Length: 3)  9  29  97 
(Length: 3)  10  71  144 
(Length: 4)  10  118  144  148 
(Length: 4)  10  79  102  135 
(Length: 3)  10  41  71 
(Length: 4)  10  57  64  98 
(Length: 3)  10  16  99 
(Length: 3)  10  16  118 
(Length: 3)  10  56  89 
(Length: 3)  10  56  102 
(Length: 3)  10  41  126 
(Length: 3)  10  51  56 
(Length: 3)  10  102  126 
(Length: 3)  10  89  144 
(Length: 3)  10  16  41 
(Length: 3)  10  41  135 
(Length: 4)  10  79  99  148 
(Length: 3)  10  57  148 
(Length: 3)  10  71  79 
(Length: 3)  11  22  95 
(Length: 3)  11  32  48 
(Length: 3)  11  82  145 
(Length: 3)  11  64  140 
(Length: 4)  11  20  23  140 
(Length: 4)  11  14  48  74 
(Length: 4)  11  23  82  140 
(Length: 4)  11  54  74  136 
(Length: 3)  11  48  75 
(Length: 3)  11  32  82 
(Length: 3)  11  32  95 
(Length: 4)  11  20  23  74 
(Length: 4)  11  64  65  136 
(Length: 3)  11  22  75 
(Length: 4)  11  14  20  74 
(Length: 4)  11  23  54  74 
(Length: 4)  11  38  65  136 
(Length: 3)  11  95  145 
(Length: 3)  11  74  145 
(Length: 3)  11  26  85 
(Length: 3)  12  76  138 
(Length: 3)  12  116  141 
(Length: 4)  12  50  88  90 
(Length: 3)  12  57  141 
(Length: 3)  12  30  42 
(Length: 3)  12  138  141 
(Length: 4)  12  40  50  51 
(Length: 3)  12  57  130 
(Length: 4)  12  30  50  80 
(Length: 3)  12  102  130 
(Length: 4)  12  50  76  88 
(Length: 4)  12  42  62  116 
(Length: 3)  12  80  111 
(Length: 4)  12  30  50  76 
(Length: 4)  12  30  50  90 
(Length: 4)  12  50  125  130 
(Length: 4)  12  42  116  131 
(Length: 3)  12  51  141 
(Length: 3)  12  111  130 
(Length: 3)  12  76  111 
(Length: 4)  12  57  62  80 
(Length: 3)  12  90  141 
(Length: 3)  12  57  76 
(Length: 4)  12  50  62  80 
(Length: 4)  13  48  74  114 
(Length: 3)  13  48  124 
(Length: 3)  13  92  99 
(Length: 4)  13  16  48  74 
(Length: 4)  13  72  102  122 
(Length: 3)  13  16  129 
(Length: 3)  13  99  112 
(Length: 3)  13  74  131 
(Length: 4)  13  92  102  124 
(Length: 3)  13  72  131 
(Length: 3)  13  126  131 
(Length: 3)  13  67  122 
(Length: 4)  13  102  124  126 
(Length: 4)  13  16  48  99 
(Length: 3)  13  89  131 
(Length: 3)  13  48  105 
(Length: 4)  14  43  60  126 
(Length: 4)  14  70  126  130 
(Length: 4)  14  98  117  130 
(Length: 3)  14  48  58 
(Length: 4)  14  43  123  126 
(Length: 3)  14  35  123 
(Length: 4)  14  62  70  80 
(Length: 4)  14  62  70  126 
(Length: 3)  14  48  123 
(Length: 3)  14  35  60 
(Length: 3)  14  48  62 
(Length: 4)  14  43  53  117 
(Length: 4)  14  60  126  130 
(Length: 4)  14  20  70  80 
(Length: 4)  14  48  74  98 
(Length: 3)  14  53  62 
(Length: 4)  14  30  123  126 
(Length: 4)  14  20  70  130 
(Length: 3)  14  43  80 
(Length: 3)  14  35  102 
(Length: 3)  14  30  80 
(Length: 3)  14  20  123 
(Length: 3)  14  72  102 
(Length: 4)  14  102  126  130 
(Length: 3)  14  20  58 
(Length: 3)  15  20  87 
(Length: 3)  15  20  111 
(Length: 3)  15  26  142 
(Length: 3)  15  83  132 
(Length: 3)  15  83  116 
(Length: 3)  15  141  142 
(Length: 3)  15  116  141 
(Length: 3)  15  25  110 
(Length: 3)  15  25  98 
(Length: 3)  15  45  128 
(Length: 3)  15  45  89 
(Length: 4)  15  45  51  141 
(Length: 3)  15  30  42 
(Length: 4)  15  45  51  106 
(Length: 4)  15  35  110  148 
(Length: 4)  15  35  106  148 
(Length: 4)  15  35  132  142 
(Length: 4)  15  51  73  141 
(Length: 3)  15  30  148 
(Length: 4)  15  87  102  124 
(Length: 4)  15  99  106  148 
(Length: 4)  15  26  110  149 
(Length: 3)  15  30  87 
(Length: 4)  15  75  110  148 
(Length: 4)  15  51  106  132 
(Length: 4)  15  99  128  148 
(Length: 5)  15  73  75  128  148 
(Length: 3)  15  62  132 
(Length: 3)  15  62  124 
(Length: 4)  15  20  23  45 
(Length: 3)  15  25  89 
(Length: 4)  15  42  62  116 
(Length: 4)  15  35  73  102 
(Length: 3)  15  99  142 
(Length: 3)  15  111  132 
(Length: 3)  15  75  98 
(Length: 3)  15  87  141 
(Length: 4)  15  87  102  149 
(Length: 4)  15  35  73  148 
(Length: 4)  15  35  73  132 
(Length: 4)  15  73  102  124 
(Length: 4)  15  35  106  132 
(Length: 4)  15  51  73  132 
(Length: 3)  15  35  42 
(Length: 4)  15  42  62  149 
(Length: 4)  15  19  35  110 
(Length: 3)  15  23  83 
(Length: 4)  15  19  87  124 
(Length: 4)  15  23  102  124 
(Length: 4)  15  19  23  124 
(Length: 3)  15  19  128 
(Length: 3)  15  23  142 
(Length: 3)  15  62  148 
(Length: 3)  16  70  90 
(Length: 3)  16  41  110 
(Length: 3)  16  90  110 
(Length: 3)  16  110  118 
(Length: 4)  16  48  88  118 
(Length: 3)  16  70  116 
(Length: 3)  16  41  143 
(Length: 4)  16  88  118  132 
(Length: 3)  16  88  90 
(Length: 3)  16  99  143 
(Length: 4)  16  28  74  132 
(Length: 4)  17  28  46  131 
(Length: 4)  17  47  91  131 
(Length: 4)  17  90  91  110 
(Length: 4)  17  66  68  91 
(Length: 3)  17  65  90 
(Length: 3)  17  28  85 
(Length: 3)  17  28  139 
(Length: 4)  17  74  78  138 
(Length: 4)  17  73  91  146 
(Length: 4)  17  27  85  110 
(Length: 3)  17  84  146 
(Length: 3)  17  84  87 
(Length: 3)  17  68  84 
(Length: 4)  17  46  47  90 
(Length: 4)  17  78  138  149 
(Length: 4)  17  74  78  131 
(Length: 4)  17  28  74  131 
(Length: 3)  17  65  137 
(Length: 3)  17  46  146 
(Length: 3)  17  46  143 
(Length: 3)  17  85  146 
(Length: 3)  17  47  139 
(Length: 4)  17  46  47  131 
(Length: 3)  17  47  108 
(Length: 4)  17  47  90  91 
(Length: 4)  17  34  55  131 
(Length: 4)  17  46  66  68 
(Length: 4)  17  47  55  131 
(Length: 3)  17  137  143 
(Length: 4)  17  27  73  131 
(Length: 5)  17  27  34  74  131 
(Length: 4)  17  47  78  131 
(Length: 5)  17  91  110  137  149 
(Length: 4)  17  32  34  91 
(Length: 4)  17  34  87  149 
(Length: 3)  17  34  108 
(Length: 4)  17  34  91  149 
(Length: 4)  17  34  91  131 
(Length: 4)  17  32  91  110 
(Length: 4)  17  110  139  149 
(Length: 4)  17  110  138  149 
(Length: 4)  17  73  91  131 
(Length: 3)  17  99  143 
(Length: 3)  17  28  32 
(Length: 3)  17  55  110 
(Length: 3)  18  23  36 
(Length: 3)  18  36  131 
(Length: 3)  18  120  131 
(Length: 3)  18  20  21 
(Length: 3)  18  48  103 
(Length: 3)  18  23  103 
(Length: 3)  18  70  141 
(Length: 3)  18  57  141 
(Length: 3)  18  120  141 
(Length: 3)  18  48  120 
(Length: 3)  18  73  141 
(Length: 3)  18  103  141 
(Length: 3)  18  20  23 
(Length: 3)  18  21  36 
(Length: 3)  18  20  57 
(Length: 3)  18  20  70 
(Length: 4)  19  28  93  131 
(Length: 4)  19  23  28  124 
(Length: 3)  19  32  110 
(Length: 3)  19  35  136 
(Length: 3)  19  39  87 
(Length: 4)  19  23  36  74 
(Length: 4)  19  23  36  112 
(Length: 4)  19  23  28  74 
(Length: 4)  19  28  32  93 
(Length: 4)  19  23  36  124 
(Length: 3)  19  50  74 
(Length: 4)  19  28  74  131 
(Length: 3)  19  68  128 
(Length: 3)  19  110  112 
(Length: 3)  19  50  124 
(Length: 3)  19  68  124 
(Length: 3)  19  28  31 
(Length: 3)  19  31  35 
(Length: 3)  19  31  68 
(Length: 3)  19  31  87 
(Length: 3)  19  74  136 
(Length: 4)  19  36  74  131 
(Length: 4)  20  50  70  80 
(Length: 3)  20  133  147 
(Length: 3)  20  133  135 
(Length: 3)  20  57  130 
(Length: 4)  20  50  130  147 
(Length: 4)  20  100  122  125 
(Length: 3)  20  21  74 
(Length: 3)  20  21  111 
(Length: 3)  20  21  139 
(Length: 3)  20  23  58 
(Length: 4)  20  45  84  100 
(Length: 4)  20  23  45  100 
(Length: 3)  20  45  123 
(Length: 4)  20  23  125  130 
(Length: 3)  20  41  45 
(Length: 4)  20  41  58  135 
(Length: 3)  20  84  87 
(Length: 3)  20  87  147 
(Length: 4)  20  50  125  146 
(Length: 3)  20  111  130 
(Length: 4)  20  37  135  140 
(Length: 3)  20  122  123 
(Length: 4)  20  122  125  130 
(Length: 4)  20  122  125  135 
(Length: 3)  20  74  133 
(Length: 3)  20  111  146 
(Length: 4)  20  57  80  100 
(Length: 4)  20  70  84  146 
(Length: 4)  20  37  70  146 
(Length: 3)  20  123  139 
(Length: 4)  20  37  135  146 
(Length: 4)  20  37  70  130 
(Length: 4)  20  45  50  147 
(Length: 3)  20  50  74 
(Length: 4)  20  70  84  100 
(Length: 4)  20  70  80  100 
(Length: 3)  20  80  111 
(Length: 4)  20  50  125  130 
(Length: 4)  20  50  70  130 
(Length: 3)  20  70  133 
(Length: 4)  20  50  70  146 
(Length: 4)  20  125  135  146 
(Length: 4)  20  23  100  139 
(Length: 4)  20  23  100  125 
(Length: 4)  20  45  100  147 
(Length: 4)  21  33  47  112 
(Length: 3)  21  111  113 
(Length: 3)  21  30  105 
(Length: 3)  21  27  85 
(Length: 3)  21  74  114 
(Length: 4)  21  53  82  139 
(Length: 3)  21  93  105 
(Length: 4)  21  34  56  89 
(Length: 4)  21  36  56  74 
(Length: 4)  21  34  56  93 
(Length: 3)  21  82  111 
(Length: 4)  21  68  82  128 
(Length: 4)  21  53  59  139 
(Length: 3)  21  71  114 
(Length: 4)  21  34  56  74 
(Length: 4)  21  34  56  109 
(Length: 4)  21  36  53  59 
(Length: 3)  21  34  118 
(Length: 3)  21  71  105 
(Length: 4)  21  53  85  109 
(Length: 3)  21  99  145 
(Length: 4)  21  53  64  109 
(Length: 3)  21  71  85 
(Length: 3)  21  89  139 
(Length: 3)  21  93  111 
(Length: 3)  21  113  118 
(Length: 3)  21  74  145 
(Length: 4)  21  68  82  145 
(Length: 3)  21  99  112 
(Length: 4)  21  53  59  113 
(Length: 3)  21  99  128 
(Length: 4)  21  27  34  74 
(Length: 3)  21  33  53 
(Length: 3)  21  33  89 
(Length: 3)  21  33  93 
(Length: 4)  21  47  114  118 
(Length: 3)  21  105  109 
(Length: 4)  21  109  114  128 
(Length: 4)  21  47  112  121 
(Length: 3)  21  71  145 
(Length: 3)  21  47  139 
(Length: 3)  21  113  121 
(Length: 3)  21  59  71 
(Length: 4)  21  64  109  128 
(Length: 4)  21  36  59  112 
(Length: 3)  21  105  118 
(Length: 3)  21  68  118 
(Length: 4)  21  64  112  121 
(Length: 3)  21  113  145 
(Length: 4)  21  53  64  139 
(Length: 3)  22  27  94 
(Length: 3)  22  87  113 
(Length: 4)  22  75  113  121 
(Length: 4)  22  56  87  141 
(Length: 3)  22  84  87 
(Length: 3)  22  113  115 
(Length: 3)  22  116  141 
(Length: 3)  22  84  116 
(Length: 3)  22  49  89 
(Length: 3)  22  94  134 
(Length: 3)  22  76  121 
(Length: 4)  22  49  71  115 
(Length: 3)  22  134  148 
(Length: 4)  22  84  118  148 
(Length: 3)  22  71  108 
(Length: 3)  22  56  108 
(Length: 4)  22  73  118  132 
(Length: 5)  22  73  75  118  148 
(Length: 3)  22  76  95 
(Length: 4)  22  27  76  115 
(Length: 3)  22  94  113 
(Length: 3)  22  94  141 
(Length: 4)  22  49  115  148 
(Length: 5)  22  73  75  113  118 
(Length: 4)  22  27  73  148 
(Length: 3)  22  49  121 
(Length: 3)  22  56  89 
(Length: 3)  22  95  141 
(Length: 4)  22  76  108  118 
(Length: 3)  22  73  141 
(Length: 4)  22  27  115  148 
(Length: 4)  22  49  71  132 
(Length: 5)  23  46  105  118  127 
(Length: 3)  23  108  118 
(Length: 4)  23  82  102  130 
(Length: 3)  23  124  125 
(Length: 4)  23  46  94  127 
(Length: 4)  23  46  124  126 
(Length: 4)  23  28  82  139 
(Length: 5)  23  28  82  102  124 
(Length: 4)  23  59  100  139 
(Length: 3)  23  55  103 
(Length: 4)  23  46  61  105 
(Length: 3)  23  96  130 
(Length: 4)  23  59  83  100 
(Length: 3)  23  117  144 
(Length: 4)  23  44  82  130 
(Length: 4)  23  44  82  140 
(Length: 5)  23  46  96  118  124 
(Length: 4)  23  55  112  117 
(Length: 4)  23  24  28  100 
(Length: 4)  23  102  124  126 
(Length: 3)  23  61  142 
(Length: 3)  23  61  139 
(Length: 3)  23  74  144 
(Length: 3)  23  74  119 
(Length: 4)  23  36  44  112 
(Length: 4)  23  46  54  83 
(Length: 4)  23  36  61  74 
(Length: 4)  23  46  61  83 
(Length: 4)  23  36  61  124 
(Length: 4)  23  46  83  96 
(Length: 4)  23  59  100  112 
(Length: 4)  23  36  55  112 
(Length: 4)  23  52  59  103 
(Length: 4)  23  24  94  127 
(Length: 3)  23  58  105 
(Length: 3)  23  103  142 
(Length: 4)  23  45  100  144 
(Length: 4)  23  45  127  144 
(Length: 4)  23  46  61  124 
(Length: 4)  23  44  45  144 
(Length: 4)  23  118  127  144 
(Length: 4)  23  45  54  103 
(Length: 4)  23  36  55  61 
(Length: 3)  23  28  142 
(Length: 4)  23  28  100  139 
(Length: 4)  23  45  105  127 
(Length: 3)  23  45  108 
(Length: 4)  23  44  45  119 
(Length: 4)  23  52  124  126 
(Length: 4)  23  82  117  130 
(Length: 5)  23  46  54  118  124 
(Length: 5)  23  24  28  102  124 
(Length: 4)  23  36  59  112 
(Length: 4)  23  94  112  142 
(Length: 4)  23  102  126  130 
(Length: 4)  23  28  46  124 
(Length: 3)  23  58  59 
(Length: 4)  23  28  45  100 
(Length: 3)  24  50  124 
(Length: 4)  24  40  75  148 
(Length: 3)  24  42  120 
(Length: 3)  24  40  114 
(Length: 4)  24  73  75  148 
(Length: 4)  24  28  102  134 
(Length: 3)  24  40  50 
(Length: 3)  24  120  124 
(Length: 3)  24  127  148 
(Length: 3)  24  134  148 
(Length: 4)  24  73  100  148 
(Length: 3)  24  94  134 
(Length: 4)  24  73  102  124 
(Length: 4)  24  50  94  127 
(Length: 3)  24  28  42 
(Length: 3)  24  100  114 
(Length: 3)  25  71  122 
(Length: 3)  25  98  109 
(Length: 3)  26  50  127 
(Length: 3)  26  50  125 
(Length: 3)  26  56  81 
(Length: 4)  26  115  122  142 
(Length: 3)  26  110  115 
(Length: 4)  26  49  71  115 
(Length: 4)  26  103  104  149 
(Length: 4)  26  122  127  149 
(Length: 4)  26  110  127  149 
(Length: 3)  26  71  83 
(Length: 4)  26  49  71  85 
(Length: 3)  26  49  104 
(Length: 4)  26  103  122  142 
(Length: 4)  26  110  139  149 
(Length: 4)  26  44  71  122 
(Length: 3)  26  112  142 
(Length: 4)  26  44  122  149 
(Length: 3)  26  104  144 
(Length: 4)  26  71  115  122 
(Length: 4)  26  110  112  149 
(Length: 3)  26  122  125 
(Length: 3)  26  127  144 
(Length: 3)  26  49  112 
(Length: 3)  26  85  110 
(Length: 4)  26  71  85  144 
(Length: 4)  26  44  112  149 
(Length: 3)  26  50  81 
(Length: 4)  26  44  71  144 
(Length: 4)  26  103  122  149 
(Length: 3)  26  49  139 
(Length: 3)  26  56  83 
(Length: 3)  27  74  136 
(Length: 4)  27  110  115  148 
(Length: 3)  27  115  131 
(Length: 3)  27  34  76 
(Length: 3)  27  126  131 
(Length: 3)  27  76  117 
(Length: 4)  27  50  76  115 
(Length: 3)  27  50  130 
(Length: 3)  27  50  74 
(Length: 5)  27  51  73  101  105 
(Length: 4)  27  34  120  131 
(Length: 3)  27  76  97 
(Length: 3)  27  105  136 
(Length: 4)  27  116  120  136 
(Length: 3)  27  76  133 
(Length: 4)  27  73  101  148 
(Length: 3)  27  110  120 
(Length: 4)  27  34  74  148 
(Length: 4)  27  116  120  131 
(Length: 3)  27  117  130 
(Length: 3)  27  34  94 
(Length: 4)  27  73  117  131 
(Length: 4)  27  76  101  105 
(Length: 3)  27  50  94 
(Length: 3)  27  120  130 
(Length: 3)  27  94  101 
(Length: 3)  27  50  51 
(Length: 4)  27  85  110  148 
(Length: 3)  27  126  130 
(Length: 3)  28  82  111 
(Length: 4)  28  31  100  122 
(Length: 4)  28  42  95  101 
(Length: 3)  28  92  111 
(Length: 3)  28  132  142 
(Length: 3)  28  122  142 
(Length: 4)  28  92  102  124 
(Length: 5)  28  102  122  134  135 
(Length: 5)  28  31  102  122  134 
(Length: 4)  28  31  100  109 
(Length: 4)  28  109  132  134 
(Length: 4)  28  42  82  101 
(Length: 4)  28  76  95  101 
(Length: 4)  28  100  109  131 
(Length: 4)  28  74  131  132 
(Length: 4)  28  46  76  93 
(Length: 4)  28  31  109  134 
(Length: 3)  28  51  92 
(Length: 3)  28  45  51 
(Length: 3)  28  51  101 
(Length: 4)  28  51  109  132 
(Length: 3)  28  32  82 
(Length: 4)  28  32  93  95 
(Length: 3)  28  93  102 
(Length: 3)  28  32  132 
(Length: 3)  28  51  122 
(Length: 3)  28  93  142 
(Length: 4)  28  42  82  131 
(Length: 4)  28  46  92  124 
(Length: 4)  28  76  93  95 
(Length: 4)  28  76  109  124 
(Length: 4)  28  76  93  111 
(Length: 4)  28  76  122  135 
(Length: 5)  28  46  76  124  135 
(Length: 4)  28  46  93  131 
(Length: 3)  28  111  132 
(Length: 4)  28  85  109  134 
(Length: 4)  28  109  131  132 
(Length: 4)  28  102  124  135 
(Length: 3)  29  50  77 
(Length: 4)  29  34  80  142 
(Length: 3)  29  34  56 
(Length: 3)  29  51  56 
(Length: 4)  29  31  97  122 
(Length: 3)  29  51  96 
(Length: 3)  29  104  147 
(Length: 3)  29  112  142 
(Length: 3)  29  79  102 
(Length: 3)  29  31  77 
(Length: 4)  29  77  96  104 
(Length: 3)  29  50  80 
(Length: 3)  29  122  142 
(Length: 4)  29  31  102  122 
(Length: 3)  29  56  65 
(Length: 4)  29  31  56  102 
(Length: 3)  29  79  96 
(Length: 3)  29  51  122 
(Length: 4)  29  50  51  147 
(Length: 3)  29  80  104 
(Length: 3)  29  112  147 
(Length: 3)  30  105  136 
(Length: 3)  30  52  76 
(Length: 3)  30  41  65 
(Length: 3)  30  90  105 
(Length: 3)  30  65  136 
(Length: 3)  30  90  148 
(Length: 3)  30  41  126 
(Length: 3)  30  52  126 
(Length: 3)  30  80  148 
(Length: 3)  30  65  90 
(Length: 4)  30  76  105  123 
(Length: 3)  30  67  87 
(Length: 3)  30  55  76 
(Length: 3)  30  50  77 
(Length: 3)  30  55  148 
(Length: 3)  30  77  123 
(Length: 3)  31  77  144 
(Length: 3)  31  90  109 
(Length: 4)  31  90  91  122 
(Length: 4)  31  55  129  141 
(Length: 4)  31  97  122  134 
(Length: 3)  31  100  144 
(Length: 4)  31  56  91  102 
(Length: 4)  31  56  87  141 
(Length: 3)  31  129  144 
(Length: 3)  31  68  91 
(Length: 4)  31  73  129  141 
(Length: 4)  31  87  129  141 
(Length: 4)  31  56  87  102 
(Length: 4)  31  35  102  134 
(Length: 4)  31  52  73  129 
(Length: 5)  31  73  91  102  122 
(Length: 4)  31  73  100  122 
(Length: 3)  31  52  77 
(Length: 3)  31  52  68 
(Length: 3)  31  55  122 
(Length: 3)  31  36  90 
(Length: 3)  31  36  134 
(Length: 3)  31  68  97 
(Length: 5)  31  35  73  91  102 
(Length: 3)  31  90  141 
(Length: 3)  31  102  126 
(Length: 3)  31  68  100 
(Length: 3)  31  52  126 
(Length: 4)  31  97  109  134 
(Length: 3)  32  34  70 
(Length: 3)  32  82  130 
(Length: 4)  32  70  96  130 
(Length: 4)  32  91  96  130 
(Length: 3)  32  83  132 
(Length: 4)  32  95  96  130 
(Length: 4)  32  79  91  96 
(Length: 4)  32  34  83  93 
(Length: 5)  32  83  93  95  96 
(Length: 4)  32  79  95  96 
(Length: 4)  33  49  112  133 
(Length: 3)  33  103  104 
(Length: 3)  33  45  103 
(Length: 3)  33  47  78 
(Length: 4)  33  47  62  91 
(Length: 3)  33  44  112 
(Length: 3)  33  49  89 
(Length: 3)  33  53  62 
(Length: 3)  33  52  103 
(Length: 3)  33  45  53 
(Length: 4)  33  49  104  133 
(Length: 4)  33  44  75  146 
(Length: 3)  33  96  104 
(Length: 4)  33  91  96  130 
(Length: 3)  33  62  93 
(Length: 3)  33  93  96 
(Length: 4)  33  75  104  146 
(Length: 3)  33  52  133 
(Length: 4)  33  44  75  130 
(Length: 3)  33  53  104 
(Length: 4)  33  62  91  146 
(Length: 3)  33  44  45 
(Length: 3)  33  78  96 
(Length: 4)  33  52  62  146 
(Length: 3)  33  45  89 
(Length: 3)  33  97  103 
(Length: 4)  34  62  118  149 
(Length: 4)  34  62  118  148 
(Length: 3)  34  55  103 
(Length: 3)  34  56  108 
(Length: 4)  34  42  120  131 
(Length: 4)  34  62  91  149 
(Length: 4)  34  62  80  148 
(Length: 3)  34  55  148 
(Length: 5)  34  93  94  123  142 
(Length: 4)  34  55  109  131 
(Length: 4)  34  61  109  124 
(Length: 4)  34  55  76  109 
(Length: 4)  34  62  70  80 
(Length: 4)  34  70  80  108 
(Length: 3)  34  91  123 
(Length: 4)  34  62  118  124 
(Length: 4)  34  62  109  124 
(Length: 4)  34  62  93  149 
(Length: 4)  34  62  86  124 
(Length: 5)  34  56  83  93  131 
(Length: 4)  34  42  44  149 
(Length: 3)  34  61  74 
(Length: 3)  34  61  77 
(Length: 4)  34  55  61  109 
(Length: 5)  34  56  83  120  131 
(Length: 3)  34  61  142 
(Length: 3)  34  61  149 
(Length: 4)  34  42  62  149 
(Length: 3)  34  86  131 
(Length: 4)  34  86  87  124 
(Length: 3)  34  77  123 
(Length: 3)  34  56  87 
(Length: 3)  34  120  124 
(Length: 3)  34  103  142 
(Length: 3)  34  103  149 
(Length: 4)  34  76  108  118 
(Length: 4)  34  76  109  124 
(Length: 4)  34  56  109  131 
(Length: 4)  34  56  91  131 
(Length: 4)  34  76  93  123 
(Length: 4)  34  76  118  124 
(Length: 4)  34  56  89  131 
(Length: 4)  34  56  74  131 
(Length: 4)  34  62  80  91 
(Length: 3)  34  55  70 
(Length: 4)  35  46  118  127 
(Length: 3)  35  123  142 
(Length: 3)  35  38  136 
(Length: 5)  35  110  118  127  148 
(Length: 3)  35  64  121 
(Length: 3)  35  46  66 
(Length: 3)  35  46  121 
(Length: 4)  35  118  127  132 
(Length: 4)  35  66  134  148 
(Length: 4)  35  110  134  148 
(Length: 4)  35  110  123  127 
(Length: 3)  35  64  136 
(Length: 3)  35  91  106 
(Length: 3)  35  38  121 
(Length: 4)  35  60  132  142 
(Length: 3)  35  42  121 
(Length: 4)  35  73  118  132 
(Length: 4)  35  91  110  123 
(Length: 4)  35  73  118  148 
(Length: 3)  35  132  134 
(Length: 3)  35  66  91 
(Length: 3)  35  42  54 
(Length: 4)  35  38  60  132 
(Length: 3)  35  54  123 
(Length: 5)  35  46  54  118  136 
(Length: 3)  36  38  59 
(Length: 4)  36  43  78  131 
(Length: 3)  36  59  134 
(Length: 3)  36  38  84 
(Length: 3)  36  38  61 
(Length: 4)  36  61  74  78 
(Length: 3)  36  43  90 
(Length: 4)  36  43  131  132 
(Length: 3)  36  132  134 
(Length: 3)  36  61  134 
(Length: 3)  36  53  55 
(Length: 4)  36  74  131  132 
(Length: 4)  36  86  116  131 
(Length: 3)  36  86  124 
(Length: 4)  36  86  131  132 
(Length: 4)  36  61  78  124 
(Length: 3)  36  38  132 
(Length: 3)  36  55  131 
(Length: 3)  36  53  124 
(Length: 3)  36  43  53 
(Length: 5)  36  56  74  78  131 
(Length: 4)  36  53  84  116 
(Length: 4)  37  47  70  90 
(Length: 4)  37  46  47  121 
(Length: 4)  37  46  47  135 
(Length: 4)  37  46  135  146 
(Length: 4)  37  46  61  104 
(Length: 3)  37  52  149 
(Length: 4)  37  46  104  146 
(Length: 3)  37  98  109 
(Length: 3)  37  51  108 
(Length: 3)  37  67  121 
(Length: 3)  37  52  146 
(Length: 3)  37  51  140 
(Length: 3)  37  98  121 
(Length: 3)  37  98  130 
(Length: 4)  37  135  140  149 
(Length: 3)  37  112  149 
(Length: 3)  37  90  109 
(Length: 4)  37  61  104  149 
(Length: 4)  37  51  61  109 
(Length: 4)  37  46  47  90 
(Length: 4)  37  46  61  121 
(Length: 4)  37  47  70  108 
(Length: 4)  37  47  112  121 
(Length: 3)  38  41  65 
(Length: 3)  38  61  121 
(Length: 3)  38  61  68 
(Length: 3)  38  103  121 
(Length: 4)  38  52  59  103 
(Length: 3)  38  41  61 
(Length: 3)  38  52  68 
(Length: 3)  38  68  84 
(Length: 3)  39  56  108 
(Length: 4)  39  73  100  122 
(Length: 3)  39  56  92 
(Length: 3)  39  92  144 
(Length: 4)  39  72  73  122 
(Length: 3)  39  56  87 
(Length: 3)  39  100  144 
(Length: 3)  40  64  136 
(Length: 3)  40  69  75 
(Length: 3)  40  69  92 
(Length: 4)  40  75  113  118 
(Length: 3)  40  110  145 
(Length: 4)  40  91  113  123 
(Length: 5)  40  75  110  118  148 
(Length: 4)  40  91  110  123 
(Length: 4)  40  56  83  93 
(Length: 3)  40  113  145 
(Length: 3)  40  83  145 
(Length: 3)  40  85  109 
(Length: 3)  40  109  114 
(Length: 3)  40  64  109 
(Length: 4)  40  51  56  92 
(Length: 4)  40  85  110  148 
(Length: 3)  40  91  114 
(Length: 3)  40  114  118 
(Length: 4)  40  49  85  148 
(Length: 3)  40  56  91 
(Length: 4)  40  51  56  109 
(Length: 3)  40  93  123 
(Length: 3)  40  92  123 
(Length: 3)  40  118  136 
(Length: 3)  40  50  113 
(Length: 3)  40  50  69 
(Length: 3)  41  110  112 
(Length: 3)  41  120  124 
(Length: 3)  41  124  126 
(Length: 3)  41  124  135 
(Length: 3)  41  47  126 
(Length: 3)  41  45  141 
(Length: 4)  41  94  112  141 
(Length: 3)  41  120  141 
(Length: 3)  41  47  135 
(Length: 4)  41  73  112  141 
(Length: 3)  41  112  143 
(Length: 3)  41  61  63 
(Length: 3)  41  61  110 
(Length: 3)  41  61  124 
(Length: 3)  41  66  141 
(Length: 3)  41  45  71 
(Length: 4)  41  73  86  124 
(Length: 3)  41  72  73 
(Length: 3)  41  110  120 
(Length: 3)  41  72  110 
(Length: 3)  41  58  63 
(Length: 3)  42  44  82 
(Length: 3)  42  44  95 
(Length: 3)  42  113  121 
(Length: 4)  42  116  119  120 
(Length: 3)  42  54  149 
(Length: 4)  42  116  120  131 
(Length: 3)  42  43  119 
(Length: 4)  42  62  116  119 
(Length: 3)  42  62  113 
(Length: 3)  42  44  119 
(Length: 3)  42  43  131 
(Length: 3)  42  54  101 
(Length: 3)  43  76  117 
(Length: 4)  43  90  91  122 
(Length: 3)  43  80  104 
(Length: 3)  43  96  104 
(Length: 3)  43  91  96 
(Length: 3)  43  78  96 
(Length: 3)  43  78  119 
(Length: 3)  43  60  78 
(Length: 4)  43  68  76  119 
(Length: 3)  43  90  133 
(Length: 4)  43  126  131  132 
(Length: 4)  43  76  115  122 
(Length: 4)  43  76  122  123 
(Length: 3)  43  49  115 
(Length: 3)  43  80  91 
(Length: 3)  43  68  91 
(Length: 3)  43  104  131 
(Length: 4)  43  49  104  133 
(Length: 3)  43  45  53 
(Length: 3)  43  90  92 
(Length: 3)  43  49  132 
(Length: 3)  43  92  123 
(Length: 4)  43  91  115  131 
(Length: 3)  43  117  131 
(Length: 4)  43  76  119  122 
(Length: 4)  43  76  104  133 
(Length: 4)  43  45  68  119 
(Length: 4)  43  91  122  123 
(Length: 4)  43  60  126  132 
(Length: 3)  43  80  132 
(Length: 4)  43  91  115  122 
(Length: 3)  43  45  123 
(Length: 3)  43  92  96 
(Length: 3)  44  64  128 
(Length: 3)  44  64  140 
(Length: 3)  44  122  130 
(Length: 3)  44  73  122 
(Length: 3)  44  119  122 
(Length: 4)  44  82  145  146 
(Length: 4)  44  45  119  137 
(Length: 4)  44  73  82  128 
(Length: 4)  44  73  82  146 
(Length: 4)  44  73  75  128 
(Length: 4)  44  68  82  145 
(Length: 4)  44  68  82  128 
(Length: 3)  44  64  112 
(Length: 3)  44  73  112 
(Length: 3)  44  95  112 
(Length: 4)  44  60  95  130 
(Length: 4)  44  45  128  137 
(Length: 3)  44  137  149 
(Length: 3)  44  140  149 
(Length: 3)  44  69  75 
(Length: 4)  44  45  68  88 
(Length: 3)  44  71  145 
(Length: 4)  44  68  95  145 
(Length: 3)  44  95  137 
(Length: 3)  44  60  128 
(Length: 4)  44  45  71  144 
(Length: 4)  44  68  88  95 
(Length: 4)  44  73  75  146 
(Length: 4)  44  45  68  119 
(Length: 4)  44  45  68  128 
(Length: 3)  44  73  88 
(Length: 3)  44  64  88 
(Length: 4)  45  68  84  100 
(Length: 3)  45  51  108 
(Length: 4)  45  50  51  147 
(Length: 3)  45  119  141 
(Length: 4)  45  68  100  147 
(Length: 4)  45  123  127  137 
(Length: 3)  45  53  147 
(Length: 3)  45  71  108 
(Length: 3)  45  51  105 
(Length: 3)  45  68  106 
(Length: 4)  45  105  123  127 
(Length: 3)  45  71  105 
(Length: 3)  45  50  88 
(Length: 3)  45  103  141 
(Length: 3)  45  89  144 
(Length: 4)  45  89  119  137 
(Length: 4)  45  84  100  144 
(Length: 4)  45  123  127  144 
(Length: 4)  45  54  103  137 
(Length: 3)  45  54  71 
(Length: 4)  45  54  123  137 
(Length: 3)  45  53  84 
(Length: 3)  45  50  127 
(Length: 4)  45  68  100  128 
(Length: 4)  46  47  90  92 
(Length: 4)  46  81  92  124 
(Length: 4)  46  54  92  124 
(Length: 4)  46  54  83  143 
(Length: 4)  46  93  94  127 
(Length: 4)  46  90  105  127 
(Length: 4)  46  47  126  131 
(Length: 5)  46  68  76  118  124 
(Length: 4)  46  47  90  127 
(Length: 3)  46  81  105 
(Length: 5)  46  76  93  105  127 
(Length: 4)  46  93  127  131 
(Length: 5)  46  76  105  118  127 
(Length: 4)  46  61  77  104 
(Length: 3)  46  56  66 
(Length: 4)  46  68  81  124 
(Length: 3)  46  120  124 
(Length: 5)  46  56  83  120  131 
(Length: 3)  46  66  96 
(Length: 4)  46  90  94  127 
(Length: 4)  46  77  96  104 
(Length: 4)  46  105  118  136 
(Length: 3)  46  104  131 
(Length: 3)  46  77  135 
(Length: 3)  46  120  136 
(Length: 4)  46  61  66  68 
(Length: 4)  46  54  104  143 
(Length: 4)  46  92  96  124 
(Length: 4)  46  56  81  92 
(Length: 4)  46  83  93  96 
(Length: 4)  46  69  90  92 
(Length: 5)  46  56  83  93  131 
(Length: 4)  46  47  127  131 
(Length: 4)  46  76  135  146 
(Length: 5)  46  76  105  127  146 
(Length: 4)  46  47  118  127 
(Length: 4)  46  76  104  146 
(Length: 3)  46  120  146 
(Length: 4)  46  61  68  124 
(Length: 4)  46  61  69  104 
(Length: 3)  46  76  121 
(Length: 3)  47  101  108 
(Length: 4)  47  62  118  127 
(Length: 3)  47  91  114 
(Length: 3)  47  55  70 
(Length: 3)  47  88  90 
(Length: 3)  47  88  118 
(Length: 3)  47  88  135 
(Length: 3)  47  88  139 
(Length: 3)  47  101  112 
(Length: 3)  47  108  118 
(Length: 4)  47  62  70  126 
(Length: 3)  48  63  99 
(Length: 4)  48  76  114  118 
(Length: 4)  48  76  105  118 
(Length: 4)  48  62  113  118 
(Length: 4)  48  59  113  123 
(Length: 3)  48  59  103 
(Length: 3)  48  84  118 
(Length: 4)  48  62  118  124 
(Length: 4)  48  74  98  114 
(Length: 4)  48  84  120  146 
(Length: 3)  48  63  103 
(Length: 3)  48  59  88 
(Length: 3)  48  75  146 
(Length: 3)  48  63  114 
(Length: 3)  48  58  59 
(Length: 3)  48  58  105 
(Length: 3)  48  98  124 
(Length: 4)  48  76  105  146 
(Length: 4)  48  75  113  118 
(Length: 5)  48  76  88  118  124 
(Length: 3)  48  58  63 
(Length: 4)  48  76  105  123 
(Length: 3)  48  120  124 
(Length: 4)  48  75  98  121 
(Length: 4)  48  75  113  121 
(Length: 3)  48  76  121 
(Length: 3)  48  103  121 
(Length: 3)  48  62  146 
(Length: 3)  49  112  121 
(Length: 3)  49  89  139 
(Length: 3)  50  51  132 
(Length: 3)  50  113  115 
(Length: 3)  50  62  124 
(Length: 3)  50  124  125 
(Length: 3)  50  74  132 
(Length: 4)  50  62  127  146 
(Length: 3)  50  59  113 
(Length: 3)  50  88  132 
(Length: 4)  50  76  88  124 
(Length: 4)  50  62  70  146 
(Length: 3)  50  94  113 
(Length: 4)  50  62  80  132 
(Length: 4)  50  113  125  130 
(Length: 4)  50  62  127  132 
(Length: 4)  50  62  70  80 
(Length: 3)  50  70  90 
(Length: 4)  50  76  127  146 
(Length: 3)  50  77  130 
(Length: 4)  50  90  94  127 
(Length: 3)  50  62  147 
(Length: 3)  50  81  124 
(Length: 3)  50  69  90 
(Length: 3)  50  62  113 
(Length: 3)  51  92  96 
(Length: 3)  51  56  108 
(Length: 3)  51  56  141 
(Length: 3)  51  101  108 
(Length: 4)  51  61  105  109 
(Length: 3)  51  96  101 
(Length: 3)  51  92  106 
(Length: 3)  51  92  147 
(Length: 3)  51  73  122 
(Length: 3)  52  64  133 
(Length: 3)  52  64  129 
(Length: 4)  52  62  137  149 
(Length: 4)  52  103  137  149 
(Length: 4)  52  76  124  133 
(Length: 4)  52  62  124  126 
(Length: 3)  52  76  146 
(Length: 4)  52  68  76  124 
(Length: 3)  53  62  148 
(Length: 3)  53  62  113 
(Length: 5)  53  64  117  129  147 
(Length: 3)  53  139  149 
(Length: 4)  53  55  117  129 
(Length: 3)  53  59  104 
(Length: 4)  53  62  109  124 
(Length: 3)  53  124  125 
(Length: 4)  53  82  117  147 
(Length: 3)  53  55  109 
(Length: 4)  53  64  125  129 
(Length: 4)  53  55  113  117 
(Length: 3)  53  62  147 
(Length: 3)  53  55  148 
(Length: 3)  53  84  148 
(Length: 3)  53  113  125 
(Length: 3)  53  113  143 
(Length: 3)  53  104  147 
(Length: 3)  53  85  148 
(Length: 3)  53  82  124 
(Length: 3)  53  104  149 
(Length: 3)  53  62  149 
(Length: 3)  53  84  117 
(Length: 3)  54  123  138 
(Length: 3)  54  137  143 
(Length: 4)  54  103  137  149 
(Length: 3)  54  71  101 
(Length: 4)  54  103  104  149 
(Length: 3)  54  118  149 
(Length: 3)  54  92  123 
(Length: 3)  54  101  137 
(Length: 3)  54  71  83 
(Length: 3)  54  83  138 
(Length: 3)  54  74  98 
(Length: 3)  54  87  149 
(Length: 3)  54  87  124 
(Length: 3)  54  138  149 
(Length: 3)  54  98  124 
(Length: 3)  54  98  101 
(Length: 3)  55  76  122 
(Length: 4)  55  111  113  117 
(Length: 3)  55  61  110 
(Length: 4)  55  76  111  117 
(Length: 3)  55  110  112 
(Length: 3)  55  110  148 
(Length: 3)  55  113  122 
(Length: 3)  55  70  141 
(Length: 3)  55  103  122 
(Length: 3)  55  112  141 
(Length: 3)  55  117  131 
(Length: 3)  55  103  141 
(Length: 4)  56  74  78  119 
(Length: 3)  56  81  108 
(Length: 3)  56  66  141 
(Length: 3)  56  92  102 
(Length: 3)  56  66  109 
(Length: 3)  56  93  102 
(Length: 3)  56  66  91 
(Length: 3)  57  86  129 
(Length: 3)  57  106  132 
(Length: 4)  57  62  80  148 
(Length: 3)  57  98  130 
(Length: 3)  57  129  141 
(Length: 3)  57  106  148 
(Length: 4)  57  62  86  132 
(Length: 4)  57  80  100  148 
(Length: 3)  57  64  129 
(Length: 3)  57  98  100 
(Length: 3)  57  86  100 
(Length: 3)  57  80  104 
(Length: 4)  57  76  104  145 
(Length: 4)  57  62  80  132 
(Length: 3)  58  59  95 
(Length: 3)  58  59  135 
(Length: 3)  58  91  105 
(Length: 3)  59  134  135 
(Length: 3)  59  103  104 
(Length: 3)  59  71  83 
(Length: 3)  59  113  135 
(Length: 3)  59  103  135 
(Length: 3)  59  72  110 
(Length: 3)  59  72  104 
(Length: 3)  59  88  135 
(Length: 3)  59  88  139 
(Length: 3)  59  95  112 
(Length: 4)  59  110  112  123 
(Length: 3)  59  110  134 
(Length: 4)  59  110  123  139 
(Length: 3)  59  95  104 
(Length: 4)  59  83  88  95 
(Length: 3)  60  95  104 
(Length: 3)  60  99  142 
(Length: 4)  60  77  104  128 
(Length: 3)  60  113  130 
(Length: 3)  60  77  130 
(Length: 3)  60  99  128 
(Length: 3)  60  78  113 
(Length: 3)  61  68  128 
(Length: 4)  61  85  110  134 
(Length: 3)  61  74  133 
(Length: 4)  61  66  109  134 
(Length: 3)  61  109  128 
(Length: 4)  61  75  104  128 
(Length: 3)  61  63  133 
(Length: 4)  61  85  109  134 
(Length: 3)  61  75  110 
(Length: 4)  61  77  104  128 
(Length: 3)  61  77  139 
(Length: 4)  61  69  104  133 
(Length: 3)  61  75  121 
(Length: 3)  61  63  149 
(Length: 3)  61  78  149 
(Length: 4)  61  110  139  149 
(Length: 3)  61  124  133 
(Length: 4)  61  69  75  104 
(Length: 4)  62  118  127  132 
(Length: 4)  62  80  91  137 
(Length: 4)  62  118  127  148 
(Length: 4)  62  118  127  149 
(Length: 3)  62  86  116 
(Length: 4)  62  91  137  149 
(Length: 4)  62  91  113  137 
(Length: 3)  62  79  119 
(Length: 4)  62  127  137  149 
(Length: 3)  62  93  119 
(Length: 4)  62  79  127  148 
(Length: 3)  62  119  137 
(Length: 3)  62  109  132 
(Length: 4)  62  91  116  146 
(Length: 3)  62  79  91 
(Length: 4)  62  70  116  146 
(Length: 3)  62  126  132 
(Length: 4)  62  93  127  149 
(Length: 3)  63  103  149 
(Length: 3)  63  114  133 
(Length: 3)  64  65  128 
(Length: 4)  64  112  117  147 
(Length: 3)  64  88  139 
(Length: 3)  64  88  109 
(Length: 3)  64  98  133 
(Length: 3)  64  98  109 
(Length: 4)  64  112  133  147 
(Length: 3)  64  98  117 
(Length: 3)  64  65  117 
(Length: 3)  64  98  121 
(Length: 3)  65  128  137 
(Length: 3)  65  117  130 
(Length: 3)  66  116  141 
(Length: 3)  66  91  96 
(Length: 3)  66  91  116 
(Length: 4)  66  68  82  147 
(Length: 3)  66  75  148 
(Length: 3)  67  122  138 
(Length: 4)  68  76  88  95 
(Length: 4)  68  82  98  124 
(Length: 3)  68  84  118 
(Length: 4)  68  76  95  145 
(Length: 3)  68  91  106 
(Length: 3)  68  98  100 
(Length: 3)  68  82  106 
(Length: 5)  68  76  88  118  124 
(Length: 3)  68  76  97 
(Length: 3)  69  90  133 
(Length: 4)  70  90  133  141 
(Length: 3)  70  106  146 
(Length: 3)  70  106  133 
(Length: 3)  70  116  141 
(Length: 4)  70  84  116  146 
(Length: 3)  71  114  115 
(Length: 3)  71  101  108 
(Length: 3)  71  101  105 
(Length: 3)  71  83  145 
(Length: 3)  71  78  145 
(Length: 3)  71  78  79 
(Length: 3)  71  83  132 
(Length: 3)  72  96  104 
(Length: 4)  72  73  82  102 
(Length: 3)  72  104  131 
(Length: 4)  72  73  102  122 
(Length: 4)  72  73  82  131 
(Length: 4)  73  100  122  125 
(Length: 4)  73  88  118  132 
(Length: 4)  73  91  105  146 
(Length: 4)  73  82  101  146 
(Length: 3)  73  112  117 
(Length: 3)  73  100  112 
(Length: 3)  73  124  125 
(Length: 4)  73  101  125  146 
(Length: 4)  73  101  105  146 
(Length: 4)  73  82  117  131 
(Length: 4)  73  86  117  131 
(Length: 4)  73  101  125  129 
(Length: 4)  73  86  102  124 
(Length: 4)  73  86  131  132 
(Length: 4)  73  113  122  125 
(Length: 4)  73  86  100  131 
(Length: 4)  73  88  118  124 
(Length: 4)  73  100  128  148 
(Length: 4)  73  82  102  124 
(Length: 4)  73  82  117  146 
(Length: 4)  73  86  117  129 
(Length: 3)  73  113  117 
(Length: 4)  73  91  113  122 
(Length: 3)  73  105  118 
(Length: 3)  73  101  112 
(Length: 3)  74  138  144 
(Length: 3)  74  144  148 
(Length: 3)  74  78  145 
(Length: 3)  74  133  145 
(Length: 3)  74  132  138 
(Length: 4)  74  98  114  133 
(Length: 3)  75  98  130 
(Length: 3)  75  113  130 
(Length: 3)  75  130  147 
(Length: 3)  75  104  147 
(Length: 4)  76  123  138  144 
(Length: 4)  76  122  123  138 
(Length: 3)  76  107  145 
(Length: 3)  76  114  133 
(Length: 4)  76  93  111  117 
(Length: 5)  76  93  105  123  127 
(Length: 4)  76  97  122  123 
(Length: 4)  76  104  133  145 
(Length: 4)  76  118  127  144 
(Length: 4)  76  123  127  144 
(Length: 4)  76  104  111  146 
(Length: 4)  76  93  95  127 
(Length: 4)  76  111  117  146 
(Length: 4)  76  93  95  117 
(Length: 4)  76  111  117  144 
(Length: 4)  76  117  138  144 
(Length: 4)  76  111  127  144 
(Length: 4)  76  79  95  127 
(Length: 3)  76  101  108 
(Length: 4)  76  111  127  146 
(Length: 4)  76  93  111  127 
(Length: 3)  76  105  109 
(Length: 3)  76  79  119 
(Length: 4)  76  88  109  124 
(Length: 3)  76  109  114 
(Length: 3)  76  93  115 
(Length: 4)  76  107  114  115 
(Length: 4)  76  104  145  146 
(Length: 4)  76  122  123  127 
(Length: 4)  76  104  111  144 
(Length: 3)  76  93  119 
(Length: 3)  76  79  135 
(Length: 4)  76  88  124  135 
(Length: 3)  76  97  109 
(Length: 4)  76  95  104  145 
(Length: 4)  76  101  105  146 
(Length: 4)  76  117  138  146 
(Length: 4)  76  124  133  135 
(Length: 3)  77  123  144 
(Length: 3)  77  96  130 
(Length: 3)  77  104  144 
(Length: 3)  77  123  139 
(Length: 3)  78  100  149 
(Length: 3)  78  113  145 
(Length: 3)  78  100  131 
(Length: 3)  78  79  119 
(Length: 3)  78  96  124 
(Length: 3)  78  79  96 
(Length: 3)  79  127  129 
(Length: 3)  79  91  102 
(Length: 3)  79  134  148 
(Length: 3)  79  135  140 
(Length: 3)  79  81  134 
(Length: 4)  79  102  134  135 
(Length: 3)  80  104  111 
(Length: 3)  80  111  132 
(Length: 3)  80  132  134 
(Length: 3)  80  134  137 
(Length: 3)  80  134  148 
(Length: 3)  80  132  142 
(Length: 3)  81  101  108 
(Length: 3)  81  105  109 
(Length: 3)  81  109  134 
(Length: 3)  81  101  105 
(Length: 4)  82  98  117  130 
(Length: 3)  82  102  145 
(Length: 3)  82  106  146 
(Length: 3)  82  123  139 
(Length: 4)  82  117  130  147 
(Length: 4)  82  111  117  130 
(Length: 3)  82  98  101 
(Length: 4)  82  111  117  146 
(Length: 3)  83  100  131 
(Length: 3)  83  132  138 
(Length: 3)  83  88  132 
(Length: 3)  83  143  145 
(Length: 3)  83  95  145 
(Length: 4)  83  116  120  131 
(Length: 3)  83  131  132 
(Length: 3)  83  116  145 
(Length: 3)  83  120  138 
(Length: 3)  84  117  146 
(Length: 4)  84  100  144  148 
(Length: 4)  84  118  144  148 
(Length: 3)  84  117  144 
(Length: 4)  84  116  120  146 
(Length: 4)  85  110  134  148 
(Length: 3)  85  144  148 
(Length: 4)  86  87  102  124 
(Length: 3)  86  132  138 
(Length: 3)  86  117  138 
(Length: 3)  86  87  129 
(Length: 3)  87  129  147 
(Length: 3)  88  90  109 
(Length: 3)  89  117  131 
(Length: 3)  89  101  137 
(Length: 3)  89  117  144 
(Length: 3)  90  94  141 
(Length: 3)  90  91  105 
(Length: 3)  90  105  109 
(Length: 3)  90  122  127 
(Length: 4)  90  110  127  148 
(Length: 3)  91  114  130 
(Length: 3)  91  110  115 
(Length: 4)  91  102  122  130 
(Length: 4)  91  102  122  149 
(Length: 4)  91  113  115  122 
(Length: 4)  91  113  122  123 
(Length: 4)  91  110  123  137 
(Length: 4)  91  113  122  130 
(Length: 3)  91  114  115 
(Length: 3)  91  106  146 
(Length: 3)  91  116  131 
(Length: 4)  91  113  123  137 
(Length: 3)  91  105  123 
(Length: 3)  91  106  113 
(Length: 3)  92  96  111 
(Length: 3)  92  123  144 
(Length: 3)  92  111  144 
(Length: 3)  92  99  106 
(Length: 3)  93  102  149 
(Length: 3)  93  96  111 
(Length: 3)  93  115  142 
(Length: 3)  93  115  131 
(Length: 3)  93  117  131 
(Length: 3)  93  140  149 
(Length: 4)  93  94  123  127 
(Length: 3)  94  129  141 
(Length: 4)  94  112  141  142 
(Length: 3)  94  127  129 
(Length: 3)  94  113  123 
(Length: 4)  94  112  123  142 
(Length: 3)  94  101  112 
(Length: 3)  94  101  129 
(Length: 3)  95  96  101 
(Length: 3)  95  127  137 
(Length: 3)  95  112  141 
(Length: 3)  95  96  104 
(Length: 3)  95  112  117 
(Length: 3)  95  101  112 
(Length: 3)  95  117  130 
(Length: 3)  95  101  137 
(Length: 3)  96  104  111 
(Length: 3)  96  98  101 
(Length: 3)  96  98  130 
(Length: 3)  96  111  130 
(Length: 3)  97  103  122 
(Length: 3)  98  124  133 
(Length: 3)  98  114  130 
(Length: 4)  98  100  109  114 
(Length: 3)  98  109  124 
(Length: 4)  99  106  112  143 
(Length: 3)  99  112  142 
(Length: 3)  99  143  145 
(Length: 3)  100  139  149 
(Length: 4)  100  109  114  128 
(Length: 3)  100  122  149 
(Length: 3)  100  112  149 
(Length: 3)  100  112  147 
(Length: 4)  102  122  135  149 
(Length: 4)  103  122  135  149 
(Length: 3)  103  141  142 
(Length: 3)  104  143  145 
(Length: 3)  104  133  147 
(Length: 3)  106  112  133 
(Length: 3)  106  125  146 
(Length: 3)  106  113  133 
(Length: 3)  106  113  143 
(Length: 3)  106  113  125 
(Length: 3)  107  115  142 
(Length: 3)  107  132  142 
(Length: 3)  107  115  129 
(Length: 4)  110  127  137  149 
(Length: 3)  110  120  138 
(Length: 4)  110  118  127  149 
(Length: 3)  110  134  137 
(Length: 4)  110  123  127  137 
(Length: 3)  110  123  138 
(Length: 3)  111  126  130 
(Length: 3)  111  126  132 
(Length: 3)  111  127  132 
(Length: 4)  111  113  117  130 
(Length: 3)  112  133  141 
(Length: 4)  113  122  125  130 
(Length: 3)  113  143  145 
(Length: 3)  113  133  135 
(Length: 3)  113  133  145 
(Length: 3)  113  137  143 
(Length: 4)  113  122  125  135 
(Length: 4)  116  119  120  141 
(Length: 3)  117  129  144 
(Length: 4)  118  127  144  148 
(Length: 3)  120  138  146 
(Length: 3)  120  138  141 
(Length: 3)  122  138  149 
(Length: 3)  122  123  142 
(Length: 3)  123  126  138 
(Length: 3)  124  125  135 
(Length: 3)  126  132  138 
(Length: 3)  127  131  132 
(Length: 3)  127  129  144 
...model cost: 1.84 seconds  48093 FFE
 (opt) 670.00000000 == 670.00000000 (sur)  OPTIMALITY TEST PASSED!
   BESTimpr 581.00000000 -> 649.00000000
1***1111111***111**11*111**1****1111***111*111**1**1**11111**11****11*1*11**1**111*1*111****11**11*11**11***11**1**1*1*11***1***11*11111**1*1*1*1****1

   BESTimpr 649.00000000 -> 653.00000000
**1111111***11**111*1111*1***1**1*1*11***111***111*1****1**11*111*1***1*1*****1*1*1111*11**111******1**11**1*11*1**11*1*111***1*1*1*111****11111111111

