Walsh model started...
 1  64  96  98  75  139  70  116  129  17  16  4  143  85  27  135  63  133  24  95  6 
 0  64  17  25  112  118  138  73  115  88  55  101  6  69  54  123  85  80  117  45  9  81  19  126  99 
 113  28  37  6  102  14  36  42  7  124  85  149  122  32  16  131  106  98  35  139  39  142  111 
 98  48  56  35  91  51  120  11  20  103  131  33  19  78  87  148  129  132  42  49  67  37  71 
 143  121  95  59  145  87  64  92  27  133  16  0  86  82  138  115  84  147  73  62  139  65  6  35  132 
 32  53  12  97  50  78  136  117  146  85  13  26  36  41  55  110  87  58  76  43  108  129  118  125  121  48  149  31  133 
 24  26  41  7  11  103  2  37  136  132  149  62  118  1  59  19  22  98  69  139  97  87  27  70  145  18  91  0  4  104  116  100  77 
 89  60  41  6  25  64  36  31  66  15  97  112  127  110  85  130  137  100  140  124  2  18  54  50 
 31  55  23  83  97  76  17  21  131  98  149  116  100  38  148  59  69  113  25 
 84  29  99  58  38  13  54  94  93  39  119  117  1  81 
 65  113  15  61  66  16  71  21  102  123  145  130 
 96  84  92  131  103  6  61  112  31  94  90  119  120  3  79  64  101  56  60  130  41  95  102  52  124 
 5  97  72  21  30  35  14  108  101  84  131  77  17  120  130  39  66  40  132  109  90 
 131  77  38  9  117  54  26  5  74  22  102  64  57  88  125  98  61  21  121  62  76  106  42 
 64  147  102  2  86  36  39  92  35  12  25  80  130 
 10  61  66  7  139  21  84  126  104  106  45  70  24  43 
 24  96  106  113  19  99  28  70  18  137  82  149  66  10  105  52  38  44  0  4  45  29  64  89  121  2 
 25  1  115  116  8  21  129  0  125  53  45  80  136  62  64  105  144  120  102  126  58  20  77  12  99  147 
 118  124  69  109  16  137  30  121  49  63  126  78  140  26  68  91  93  34  41  101  75  7  54  6  96  149  94  76  128  90  81  83 
 56  48  16  99  31  43  46  143  144  41  6  59  67  58  78  3  25  106  107  1  54  109  113 
 70  74  71  120  142  55  97  132  3  103  57  80  95  48  121  124  125  58  17  108  93 
 29  128  145  31  97  68  69  147  12  72  116  36  105  37  8  17  139  15  53  46  35  77  10  71  13  61  82  51 
 100  98  89  104  101  13  74  70  48  38  79  6  92  117  24  28  25 
 8  83  60  140  62  91  63  50  89  40  80  102  81  37  103  57  53  122  124  82  145  113  90  54  144  117  131  51  130  128 
 16  96  26  6  70  40  39  79  81  117  22  105  0  95  43  15  122  52  112  61  84  98 
 17  1  63  67  64  7  127  140  19  106  14  80  102  108  145  77  50  28  22  91  99  65  74  83  8 
 90  140  34  93  32  121  24  6  114  68  109  100  137  47  126  13  5  129  53  125  31  136  45  18  62  141  73  119  58 
 61  119  42  29  135  104  60  127  125  65  56  101  71  84  145  120  88  4  133  132  96  100  144  0  140  139  6  126  48  32  129 
 55  60  2  113  16  70  63  85  104  61  110  108  56  30  71  44  76  88  59  125  84  22  25 
 21  128  109  79  42  27  64  129  9  84  71  137  45  16  118  125  111  96  115  76  48  32  83  100  39 
 12  72  121  18  28  71  66  77  83  93  145  136 
 41  82  145  21  55  8  33  79  138  72  96  58  94  132  19  43  118  11  36  7  113  135  125  26  100  77  107  65  35  75  67  148  81  62  133  5  115  87 
 70  138  53  5  26  121  55  114  140  48  112  65  141  122  2  83  29  86  92  27  129  109 
 79  31  114  94  131  3  53  46  91  58  109  76  134 
 93  26  135  52  89  57  60  130  92  143  125  51  77  41  18  100  145  132  53 
 56  3  101  38  115  128  14  12  54  58  77  21  31  75  67  125  126  148  114  111  132  82  57  122  79  4  98  2  53 
 101  61  115  108  128  53  31  7  116  21  42  2  129  76  14  86  41  5  102  112  63  109  147  69 
 56  76  123  99  80  66  2  6  136  83  93  105  21  106  147  62  81  23  129  141  119  79  71  3  148  137 
 41  71  35  101  61  13  9  127  70  45  44  16  79  22  75  92  103  140  100  8  146  94  131  73 
 94  140  71  56  78  101  24  79  129  121  68  130  14  92  99  127  95  115  134  40  72  9  93  65  138  66  12  100  29  139  2  146  147 
 63  85  70  24  139  98  107  141  89  23  112  81  134  39  78  110  73  129  133  132  105  109  101  108  114  82  138  51  140  12 
 31  82  116  100  71  38  7  6  67  110  93  146  47  102  140  103  19  144  36  5  77  79  108  128  98  84  34  18  121  11  95  136  70  148  145  45 
 29  27  36  2  92  133  108  81  136  78  85  146  125  59  77  44  113  132  3  90  106  13 
 77  84  122  51  31  19  123  120  75  109  149  63  112  79  118  76  5  71  91  129  70  114  54  24  15  110  88 
 123  109  101  63  144  73  38  16  138  83  88  134  87  121  102  95  74  66  77  42  76  28  149 
 135  81  143  66  38  70  17  80  16  29  100  26  101  60  117  1  15  89  110  145  41  139  126  82 
 86  124  19  143  81  56  145  21  53  33 
 70  49  61  95  26  126  41  102  89  106  107  127  93  96  105  116  82  139  140 
 133  51  98  3  56  19  123  50  70  22  71  20  142  141  140  32  126  27  104  137  29  76  5  149 
 62  53  70  47  107  18  63  146  100  56  52  124  141  87  147  3  67  83  64 
 78  5  149  71  63  23  123  48  147  59  136  118  25  77  122  7  64  110  117 
 133  48  125  70  55  149  122  43  120  74  3  91  123  141  139  102  34  118  124  89  117  109  66  84  138  131  23  52  40  140  82  21 
 93  61  138  70  135  34  123  77  134  73  105  16  56  49  130  133  51  122  24  124  11 
 32  5  49  62  128  36  58  111  57  105  21  46  17  125  129  26  23  122  109  112  33  88  110  132  34  35 
 117  13  84  101  9  94  58  35  82  64  97  121  69  1  23  144  18  7  79  96  43  114  19 
 51  149  31  8  28  60  71  91  144  142  20  101  1  32  114  117  136  5  110  141 
 91  139  3  35  19  48  76  37  78  59  77  116  71  39  46  81  115  27  101  143  108  28  52  49  11  117  107  73  57  119  113 
 93  66  89  34  105  53  75  134  71  20  103  23  121  13  88  132  90  109  102  73  56  35  82  108  65  112 
 96  31  99  9  53  111  135  95  128  66  54  35  5  87  67  19  91  33  84  110  62  107  20  17  26  137  121 
 69  79  78  56  95  4  143  147  50  6  19  85  76  125  42  137  144  88  28  68  92  148  8 
 89  7  28  55  23  140  27  127  130  34  103  110  97  114  11  115  83  101  86  45  129  109  94  105  124 
 101  36  52  93  145  88  27  119  11  112  38  10  15  47  95  28  104  127  13  21  89  74  130  140  24  82  138 
 49  53  68  115  135  65  91  23  107  123  72  37  6  136  17  124  73  4  82  147  58  26  141  76  13  75  31 
 85  40  67  25  101  44  127  124  23  50  105  72  28  140  68  49  18  43  112  131  96  80  111  36  109  0  133 
 1  0  14  147  25  7  129  29  108  140  79  11  92  4  102  13  17  105  82  54  16  89  103  83  49  145  98  50 
 113  10  137  112  135  62  125  27  107  31  39  138  98  144  141  93  32  57  108  133  130  139  4  74  25 
 132  98  57  93  80  37  141  121  15  7  108  143  45  10  16  67  128  58  74  44  126  82  30  77  51  109  39  12  73  88 
 41  110  63  25  88  69  129  66  132  125  35  58  19  96  31  121  49  3  141  123 
 114  26  62  115  97  21  39  130  141  128  140  63  125  83  18  59  92 
 59  79  21  147  88  67  18  109  140  134  54  1  92  84  6  139  36  93  104  8  113 
 138  32  24  40  51  125  49  47  74  20  52  16  28  107  130  0  116  48  22  38  45  103  84  106  141  6  145  129  43  15  41  136 
 81  128  41  38  120  20  55  91  50  149  56  39  115  127  98  27  29  57  30  28  48  10  21  43  132  122  37  3 
 138  31  12  21  63  105  123  62  30  134  39 
 130  101  139  144  138  1  134  52  44  4  62  110  40  91  79  57  56  26  119  88  66  131  38 
 70  20  120  51  13  22  140  101  66  44  79  107  89  61  149  115  123  65  25 
 129  114  0  139  120  43  134  57  35  31  38  18  101  132  128  62  97  131 
 124  101  56  37  142  120  97  8  129  36  85  59  109  110  5  43  44  28  33  29  48  62  13  94  18  119 
 43  84  131  13  56  116  52  123  112  81  31  100  35  21  41  79  34  135  30  66  44  42  145  25  17  12  50  143  92  82  6  108  90 
 56  59  50  5  39  101  18  126  136  42  40  112  19  3  129  140  85  79  149 
 129  141  69  59  29  109  33  31  39  24  11  64  89  99  38  22  41  77  118  43  87  90  74  107  119  37  73  91  96  54  146  139  122  35  78  149  82  136 
 66  37  128  138  23  102  20  95  45  17  63  111  14  25  85  1  112 
 71  128  46  56  45  135  133  138  112  77  23  37  40  136  108  42  24  117  9  1  31  118  83  18 
 41  31  98  91  149  16  86  4  64  54  147  62  23  145  66  126  138  40  35  57  117  124  112  100  77  47  61  21  51  136  79  45 
 134  88  8  23  37  93  131  144  44  138  126  106  125  68  60  115  30  49  64  32  29  81  18  147  114  25 
 43  77  11  96  118  132  9  29  124  121  101  54  27  145  95  105  126  15  137  113  90  69  92  4  147  103  70  98  41  58  110  12  131  51  138  125  28  24 
 63  40  28  146  5  7  130  117  59  76  97  109  143  0  42  149  2  80  1  112  78  140  119 
 124  46  145  14  36  129  87  82  4  94  128  60  101  92  32 
 145  4  129  86  5  58  121  44  90  79  97  6  3  103  49  147  31  115 
 141  147  134  83  61  145  91  89  69  67  1  115  27  120  44  57  13  132  124  53  110  59  28  73  66  43  94  116 
 60  7  91  88  125  141  57  34  104  22  40  23  79  99  47  106  16  64  103  107  138  74  61  51  117  118  45  110 
 140  26  11  119  113  84  87  79  114  105  23  106  132  57  42  133  102  128  18  109  12  108  77 
 139  56  89  88  3  51  55  71  62  23  98  82  144  114  103  18  93  58  33  112  126  43  73  79  6  97  25  99 
 110  148  131  11  42  133  14  39  64  4  146  104  69  84  34  143  139  22  38  138  132  68  59  77  86  32  137  136 
 34  26  52  61  57  66  41  146  83  37  137  91  18  96  47  9  39  69  104  30  65  141  140  117  120  139  106  20  108 
 108  106  132  31  39  140  118  11  54  9  114  33  128  86  60  105  146  38  18  76  116  88  134 
 59  4  61  47  84  105  58  135  20  80  39  115  133  120  44  102  96  41  11  0  24 
 11  84  0  98  16  24  58  31  144  131  120  101  108  118  132  27  63  111  29  67  93  47  95  79  54  125  18  149  141  112  129 
 133  104  68  21  12  5  146  123  8  76  7  112  20  132  60  114  109  85  54  121  6  87  91  131  75 
 3  48  114  115  132  66  0  96  22  100  139  40  82  91  127  71  8  131  6  13  125  84  41  110  122  65  144  64  145  24  35  2 
 16  19  37  123  58  9  39  127  79  89  147  113  17  91  25  126  1 
 116  41  22  98  109  26  137  7  49  146  31  77  112  113  45  27  144  125  102  34  145  119  8  38  82  29  39  6 
 61  36  76  124  35  38  130  73  132  131  39  78  63  44  120  96  27  56  84  54  104  22  55  1  140  141  74  108  12  11  60  86  45  18  75  40  109  125 
 2  14  41  47  80  23  36  112  64  13  44  95  51  139  125  100  17  126  57  109  25  108  10  123  120  130  90  11 
 11  6  138  112  41  140  3  20  110  60  23  57  91  114  84  70  64  89  38  87 
 133  97  135  27  28  61  89  22  110  101  119  129  15  106  146  92  127  93  69  137  48  148  112  6  116 
 63  72  21  37  57  53  84  95  52  16  17  64  114  90  121  40  24  60  94  47  116 
 108  94  16  113  115  37  147  126  83  47  89  15  104  141  70  19  25  114  90  139  93  131  2  42  13 
 128  133  70  130  40  141  62  49  31  65  47  127  89  138  74  79  19  56  58 
 115  36  94  106  140  64  118  96  121  66  28  56  81  42  12  101  128  41  102  25  40  114  5  129  57  65  20  93  90  77 
 44  123  117  113  29  79  26  100  69  18  149  43  97  85  137  110  76  53  112  114  139  36  63  129  60  40  101  57  102  51  66  119  33  19  12  90  32 
 148  92  41  67  129  136  147  104  28  7  127  103  60  5  55  109  76  73  40  58  84  98  122  145  53  88  43  45  89  50  117 
 53  58  63  80  114  35  96  29  142  2 
 137  65  1  118  61  11  138  103  97  7  77  81  63  43  40  102  36  113  100  78  109  53  91  126  32  148  104  80  85  141  96  57  82  24 
 65  10  117  109  16  106  2  28  115  135  31  112  100  90  84  23  133  42  147  99  119  56  19  8  69 
 115  98  75  129  26  68  33  94  32  55  97  60  91  103  111  35  109  139  90  105  106  40  108  43  54  132  147  83 
 114  98  36  108  62  68  106  113  71  56  116  17  1  88  35  128  95  39  138  4  60  83  123  29  74  31  87 
 41  100  127  148  56  77  21  36  115  17  70  0  117  149  8  47  105  94  88  6  104 
 109  113  5  136  54  13  130  85  55  81  24  56  116  22  89  51  45  1  119  9  23  82  93  120  50  110 
 124  18  1  112  84  132  94  31  108  96  6  79  43  29  125  51  144  131  5  89  141  136  50  122  81 
 27  61  135  128  11  90  104  129  79  37  109  100  9  117  26  73  113  56  76  85 
 71  20  51  74  142  76  96  101  43  75  3  11  27  88  17  144  133  95  130  102  12  135  121  117  93  129 
 26  32  4  143  141  66  84  124  129  39  108  30  18  57  20  87  44  54  97  105  16  67  41  5  13  135  120  58 
 43  51  53  23  123  134  98  110  132  71  79  35  32  2  50  118  52  24 
 44  109  37  99  51  43  146  97  48  50  52  77  72  62  134  122  115  1  102  10  74  67  141 
 76  101  86  46  118  18  84  121  127  63  49  141  62  23  140  20  125  134  135  7  2  51  88  132  60  82  52  11 
 51  70  89  141  27  65  17  53  26  31  68  83  67  35  34  118  29  102  100  20  124  13  98  42  59  5  96  101  28  84 
 26  47  84  15  83  106  18  78  148  35  66  82  17  102  91  112  27  48  139  45  99  1 
 148  116  63  124  60  27  71  98  38  61  7  110  99  39  25  47  107  104  145 
 107  133  81  71  29  21  36  53  80  138  135  119  141  68  35  115  58  66  94  86  108  41  75  132  136  130  23  18  90 
 75  114  79  141  64  29  121  39  67  110  36  76  119  104  0  17  87  86  26  53  136  145  147  78  40  37  109  60  148  3  70  43  108  5  130  32  27  120  96 
 101  73  107  70  60  34  39  68  7  85  117  11  61  52  120  102  147  129  12  14  65  133  10  145  128  23  138 
 13  77  92  11  101  132  144  96  83  33  3  8  98  63  12  84  118  23  51  2  106  97  75  73  38 
 98  66  118  84  94  31  101  131  6  149  97  20  27  96  67  133  40  57  90  88  124  122  71  114  35  75  128  92  138  3  42  34  53  12  4 
 51  48  128  107  97  104  42  92  138  81  4  27  120  95  132  40  63  0  113  65  130  52  90  31  5 
 83  88  75  57  73  52  69  140  44  138  40  39  123  122  124  135  72  94  33 
 65  62  104  27  52  34  119  128  45  81  113  31  58  95  0  77  124  134  140  120  121 
 5  117  37  6  110  147  55  81  129  26  62  17  42  78  50  118  41  70  128  137  92  30  145  82  79 
 112  65  93  26  16  18  7  100  109  29  84  59  144  104  48  58  136  92  37  148 
 70  32  52  72  31  1  73  103  112  128  80  133  81  44  83  134  115  4  89  107  65  39  51  84  92  132  82  40  130  61 
 91  56  75  0  73  144  40  98  21  15  51  102  109  114  69  6  92  146  27  79  93  106  4  65  126  45  2  39  47  140 
 90  26  23  60  39  94  108  64  68  63  41  103  101  141  74  69  134  25  7  124  18  38  135  27  48  32  93  61  51  40  78  85  47  139 
 88  147  79  129  125  89  66  121  107  40  68  128  101  140  124  49  51  142  48  106  70  37  65  93  118  26  62  55  32  96  112  67  123 
 76  120  55  20  48  141  111  2 
 4  121  46  19  59  56  45  66  85  0  92  34  77 
 73  139  131  96  55  91  83  44  19  41  17  120  100  27  23  54  59  137  118  98  65 
 61  88  31  21  4  87  86  46  84  27  23  82  129  147  110  127  34  100  6  70  25  77  64  98  10  130  41  45  30  136 
 93  41  97  123  85  5  49  100  104  92  42  139  79  38  94  39  147 
 141  88  21  69  14  64  136  110  59  50  106  37  4  84  82  62  145  129  36  49  87  99  113  130  17  83  114  39  146 
 110  92  127  116  126  35  129  3  104  112  41  31  8  59  37  137 
 51  55  50  71  132  6  109  43  82  16  85  2  116  8  96  18  74  44  48  5  78  79 
-->CDecomWalshPart::vInitTrueLinkage-->GLBs: 1745
(Length: 3)  0  1  6 
(Length: 5)  0  4  6  27  139 
(Length: 4)  0  24  95  96 
(Length: 4)  0  24  96  98 
(Length: 4)  0  16  24  70 
(Length: 4)  0  1  17  64 
(Length: 4)  0  4  16  64 
(Length: 3)  0  95  135 
(Length: 4)  0  6  24  70 
(Length: 3)  0  63  96 
(Length: 3)  0  63  85 
(Length: 4)  0  4  95  133 
(Length: 3)  0  75  139 
(Length: 3)  0  75  129 
(Length: 3)  0  1  85 
(Length: 4)  0  27  96  129 
(Length: 4)  0  16  24  96 
(Length: 4)  0  4  27  133 
(Length: 3)  0  27  135 
(Length: 4)  0  6  98  139 
(Length: 3)  0  4  143 
(Length: 3)  0  85  143 
(Length: 3)  0  63  133 
(Length: 4)  0  6  70  116 
(Length: 3)  0  64  98 
(Length: 3)  0  17  116 
(Length: 4)  0  17  64  129 
(Length: 3)  0  70  129 
(Length: 4)  0  6  24  98 
(Length: 3)  1  69  88 
(Length: 4)  1  81  112  138 
(Length: 4)  1  17  25  99 
(Length: 4)  1  45  81  117 
(Length: 4)  1  9  54  117 
(Length: 3)  1  6  19 
(Length: 3)  1  55  101 
(Length: 3)  1  6  69 
(Length: 4)  1  17  99  126 
(Length: 3)  1  115  123 
(Length: 4)  1  81  112  118 
(Length: 3)  1  55  117 
(Length: 3)  1  73  88 
(Length: 3)  1  19  54 
(Length: 3)  1  73  101 
(Length: 3)  1  88  115 
(Length: 3)  1  73  138 
(Length: 4)  1  19  25  99 
(Length: 4)  1  17  25  64 
(Length: 3)  1  6  118 
(Length: 3)  1  99  123 
(Length: 3)  1  85  117 
(Length: 3)  1  17  115 
(Length: 4)  1  17  45  126 
(Length: 4)  1  80  112  138 
(Length: 4)  1  80  85  112 
(Length: 3)  1  45  101 
(Length: 4)  1  17  45  80 
(Length: 3)  1  112  126 
(Length: 3)  1  115  138 
(Length: 3)  1  54  64 
(Length: 3)  1  54  69 
(Length: 4)  1  9  81  117 
(Length: 4)  1  17  25  80 
(Length: 3)  1  9  99 
(Length: 3)  1  54  101 
(Length: 3)  2  6  7 
(Length: 3)  2  14  39 
(Length: 4)  2  14  36  102 
(Length: 3)  2  6  37 
(Length: 3)  2  42  85 
(Length: 3)  2  7  85 
(Length: 3)  2  37  106 
(Length: 4)  2  6  98  139 
(Length: 3)  2  7  124 
(Length: 3)  2  111  142 
(Length: 3)  2  6  149 
(Length: 3)  2  36  42 
(Length: 3)  2  28  85 
(Length: 3)  2  106  131 
(Length: 4)  2  42  106  113 
(Length: 3)  2  16  149 
(Length: 4)  2  16  106  113 
(Length: 3)  2  35  111 
(Length: 4)  2  35  98  122 
(Length: 3)  2  85  149 
(Length: 3)  2  14  35 
(Length: 3)  2  98  131 
(Length: 4)  2  16  28  113 
(Length: 3)  2  39  139 
(Length: 3)  2  102  139 
(Length: 3)  2  106  139 
(Length: 3)  2  32  122 
(Length: 3)  2  7  36 
(Length: 3)  3  49  87 
(Length: 4)  3  20  48  71 
(Length: 3)  3  20  103 
(Length: 3)  3  67  129 
(Length: 3)  3  87  103 
(Length: 4)  3  35  98  132 
(Length: 4)  3  37  129  148 
(Length: 4)  3  98  131  132 
(Length: 4)  3  37  56  71 
(Length: 3)  3  33  91 
(Length: 3)  3  51  120 
(Length: 3)  3  48  51 
(Length: 3)  3  19  67 
(Length: 4)  3  20  71  132 
(Length: 4)  3  56  71  91 
(Length: 3)  3  35  148 
(Length: 4)  3  71  91  98 
(Length: 4)  3  71  98  132 
(Length: 4)  3  48  71  98 
(Length: 4)  3  35  67  132 
(Length: 3)  3  42  78 
(Length: 3)  3  33  131 
(Length: 4)  3  20  71  120 
(Length: 3)  3  91  103 
(Length: 3)  3  51  91 
(Length: 3)  3  78  129 
(Length: 3)  3  87  129 
(Length: 3)  3  11  56 
(Length: 4)  3  48  56  71 
(Length: 3)  3  49  67 
(Length: 3)  3  51  131 
(Length: 3)  3  49  56 
(Length: 4)  3  19  48  56 
(Length: 4)  3  19  56  78 
(Length: 3)  3  120  129 
(Length: 3)  3  42  132 
(Length: 3)  3  11  131 
(Length: 3)  3  11  120 
(Length: 3)  3  35  56 
(Length: 3)  3  11  103 
(Length: 4)  4  84  145  147 
(Length: 3)  4  59  147 
(Length: 3)  4  35  82 
(Length: 3)  4  6  59 
(Length: 3)  4  6  62 
(Length: 4)  4  27  65  133 
(Length: 4)  4  27  84  132 
(Length: 4)  4  6  87  145 
(Length: 4)  4  6  27  132 
(Length: 4)  4  6  27  145 
(Length: 3)  4  73  138 
(Length: 3)  4  115  138 
(Length: 3)  4  84  95 
(Length: 3)  4  35  132 
(Length: 3)  4  84  121 
(Length: 4)  4  27  132  133 
(Length: 3)  4  87  115 
(Length: 3)  4  121  143 
(Length: 4)  4  87  145  147 
(Length: 3)  4  64  92 
(Length: 4)  4  86  87  145 
(Length: 3)  4  95  115 
(Length: 3)  4  73  139 
(Length: 3)  4  82  138 
(Length: 3)  4  86  92 
(Length: 4)  4  27  84  145 
(Length: 4)  4  27  65  139 
(Length: 3)  4  35  115 
(Length: 4)  4  82  86  145 
(Length: 4)  4  65  133  138 
(Length: 5)  4  92  132  133  138 
(Length: 4)  4  59  92  143 
(Length: 3)  4  62  115 
(Length: 5)  4  64  82  145  147 
(Length: 5)  4  84  92  132  138 
(Length: 4)  4  62  82  147 
(Length: 3)  4  62  73 
(Length: 4)  4  16  64  82 
(Length: 3)  4  62  65 
(Length: 3)  4  16  121 
(Length: 3)  4  92  139 
(Length: 3)  4  87  121 
(Length: 3)  4  59  95 
(Length: 4)  5  13  26  125 
(Length: 3)  5  48  76 
(Length: 3)  5  55  149 
(Length: 4)  5  50  118  136 
(Length: 3)  5  13  76 
(Length: 3)  5  31  55 
(Length: 5)  5  26  32  53  129 
(Length: 3)  5  32  48 
(Length: 4)  5  36  108  129 
(Length: 4)  5  53  58  110 
(Length: 3)  5  13  117 
(Length: 4)  5  58  87  121 
(Length: 5)  5  43  76  110  129 
(Length: 4)  5  26  31  58 
(Length: 3)  5  108  118 
(Length: 4)  5  48  50  149 
(Length: 4)  5  41  108  121 
(Length: 3)  5  31  133 
(Length: 3)  5  85  117 
(Length: 4)  5  13  26  121 
(Length: 3)  5  48  133 
(Length: 3)  5  12  97 
(Length: 4)  5  76  85  97 
(Length: 4)  5  87  97  121 
(Length: 3)  5  97  133 
(Length: 4)  5  85  97  146 
(Length: 4)  5  78  85  149 
(Length: 4)  5  50  78  136 
(Length: 3)  5  41  146 
(Length: 5)  5  55  110  117  136 
(Length: 4)  5  31  43  118 
(Length: 4)  5  41  110  136 
(Length: 4)  5  31  36  41 
(Length: 3)  5  12  108 
(Length: 3)  5  32  55 
(Length: 3)  5  43  149 
(Length: 4)  5  31  58  87 
(Length: 4)  5  26  58  121 
(Length: 4)  5  26  31  125 
(Length: 4)  5  26  53  58 
(Length: 4)  5  26  53  125 
(Length: 4)  5  26  129  136 
(Length: 4)  5  87  121  129 
(Length: 4)  5  108  121  129 
(Length: 5)  5  50  110  117  136 
(Length: 4)  5  36  41  108 
(Length: 4)  5  31  118  125 
(Length: 4)  5  50  78  149 
(Length: 4)  5  78  129  136 
(Length: 4)  5  110  129  136 
(Length: 5)  5  26  32  121  129 
(Length: 4)  5  36  53  129 
(Length: 4)  5  36  76  129 
(Length: 4)  5  53  110  129 
(Length: 4)  6  11  41  103 
(Length: 3)  6  104  116 
(Length: 3)  6  116  149 
(Length: 4)  6  22  24  70 
(Length: 3)  6  18  91 
(Length: 3)  6  18  149 
(Length: 4)  6  27  100  145 
(Length: 3)  6  27  104 
(Length: 3)  6  7  97 
(Length: 3)  6  118  132 
(Length: 3)  6  118  136 
(Length: 4)  6  41  70  103 
(Length: 5)  6  41  77  100  116 
(Length: 5)  6  41  98  100  145 
(Length: 3)  6  19  41 
(Length: 3)  6  19  59 
(Length: 3)  6  24  26 
(Length: 4)  6  22  24  98 
(Length: 3)  6  22  104 
(Length: 3)  6  132  149 
(Length: 4)  6  41  70  116 
(Length: 4)  6  7  41  100 
(Length: 5)  6  41  77  100  145 
(Length: 5)  6  41  70  136  145 
(Length: 3)  6  18  69 
(Length: 3)  6  59  69 
(Length: 4)  6  7  18  41 
(Length: 3)  6  69  104 
(Length: 3)  6  69  139 
(Length: 3)  6  97  132 
(Length: 3)  6  97  104 
(Length: 3)  6  26  100 
(Length: 3)  6  87  103 
(Length: 3)  6  87  97 
(Length: 4)  6  37  62  136 
(Length: 3)  6  18  26 
(Length: 4)  6  26  62  136 
(Length: 3)  6  62  91 
(Length: 3)  6  91  97 
(Length: 4)  6  91  98  139 
(Length: 3)  6  91  103 
(Length: 3)  6  18  118 
(Length: 3)  6  98  132 
(Length: 4)  6  22  98  100 
(Length: 3)  7  50  110 
(Length: 4)  7  60  89  110 
(Length: 4)  7  31  36  41 
(Length: 4)  7  25  50  64 
(Length: 3)  7  85  130 
(Length: 3)  7  54  97 
(Length: 4)  7  100  112  137 
(Length: 3)  7  64  89 
(Length: 3)  7  18  54 
(Length: 3)  7  15  66 
(Length: 3)  7  41  110 
(Length: 4)  7  85  97  112 
(Length: 4)  7  60  124  140 
(Length: 4)  7  18  124  140 
(Length: 3)  7  60  130 
(Length: 3)  7  85  140 
(Length: 4)  7  60  110  127 
(Length: 4)  7  60  124  127 
(Length: 3)  7  60  97 
(Length: 4)  7  18  41  140 
(Length: 3)  7  18  137 
(Length: 3)  7  36  112 
(Length: 4)  7  31  41  100 
(Length: 4)  7  25  64  140 
(Length: 3)  7  54  64 
(Length: 3)  7  25  127 
(Length: 3)  8  55  149 
(Length: 3)  8  31  148 
(Length: 3)  8  98  100 
(Length: 4)  8  31  100  113 
(Length: 3)  8  21  97 
(Length: 3)  8  21  31 
(Length: 3)  8  21  69 
(Length: 3)  8  17  25 
(Length: 4)  8  23  83  131 
(Length: 3)  8  38  100 
(Length: 3)  8  23  113 
(Length: 3)  8  59  69 
(Length: 3)  8  38  131 
(Length: 3)  8  98  131 
(Length: 3)  8  100  116 
(Length: 3)  8  76  97 
(Length: 3)  8  97  131 
(Length: 3)  8  31  55 
(Length: 4)  8  17  21  116 
(Length: 3)  8  25  83 
(Length: 3)  8  116  148 
(Length: 3)  8  116  149 
(Length: 3)  8  69  113 
(Length: 3)  8  59  76 
(Length: 3)  8  59  148 
(Length: 3)  9  93  117 
(Length: 3)  9  117  119 
(Length: 3)  9  39  99 
(Length: 3)  9  39  94 
(Length: 3)  9  39  93 
(Length: 3)  9  29  84 
(Length: 3)  9  13  38 
(Length: 3)  9  29  39 
(Length: 4)  9  54  58  84 
(Length: 3)  9  38  94 
(Length: 3)  9  58  99 
(Length: 4)  9  13  54  117 
(Length: 3)  9  54  94 
(Length: 3)  10  16  113 
(Length: 3)  10  65  130 
(Length: 3)  10  65  113 
(Length: 4)  10  15  21  61 
(Length: 3)  10  102  123 
(Length: 3)  10  102  130 
(Length: 3)  10  15  66 
(Length: 4)  10  21  61  145 
(Length: 4)  10  61  130  145 
(Length: 3)  10  16  66 
(Length: 3)  10  21  71 
(Length: 3)  11  60  103 
(Length: 4)  11  102  120  130 
(Length: 3)  11  102  112 
(Length: 3)  11  90  102 
(Length: 3)  11  64  92 
(Length: 3)  11  64  102 
(Length: 3)  11  64  103 
(Length: 3)  11  52  56 
(Length: 3)  11  64  79 
(Length: 4)  11  41  84  95 
(Length: 3)  11  103  112 
(Length: 3)  11  61  95 
(Length: 4)  11  60  101  130 
(Length: 4)  11  84  101  124 
(Length: 4)  11  61  101  130 
(Length: 3)  11  56  101 
(Length: 3)  11  84  90 
(Length: 3)  11  56  119 
(Length: 4)  11  84  92  131 
(Length: 4)  11  84  95  96 
(Length: 4)  11  79  90  119 
(Length: 3)  11  31  94 
(Length: 4)  11  31  79  96 
(Length: 3)  11  60  94 
(Length: 4)  11  60  101  124 
(Length: 4)  11  41  84  103 
(Length: 4)  11  41  95  102 
(Length: 4)  11  95  102  120 
(Length: 4)  11  95  96  120 
(Length: 3)  11  96  112 
(Length: 3)  11  61  112 
(Length: 5)  11  84  96  101  131 
(Length: 4)  11  101  120  130 
(Length: 3)  11  61  119 
(Length: 4)  11  52  61  130 
(Length: 4)  11  31  41  79 
(Length: 3)  11  52  124 
(Length: 4)  11  96  101  120 
(Length: 4)  12  14  39  130 
(Length: 4)  12  40  101  132 
(Length: 3)  12  66  109 
(Length: 3)  12  14  35 
(Length: 4)  12  77  90  108 
(Length: 3)  12  39  72 
(Length: 4)  12  40  101  108 
(Length: 4)  12  77  84  131 
(Length: 3)  12  97  109 
(Length: 4)  12  17  21  77 
(Length: 4)  12  66  77  108 
(Length: 4)  12  101  120  130 
(Length: 4)  12  40  101  109 
(Length: 4)  12  30  66  77 
(Length: 3)  12  17  120 
(Length: 5)  12  84  101  131  132 
(Length: 4)  12  39  40  101 
(Length: 3)  12  21  97 
(Length: 4)  12  77  84  90 
(Length: 3)  12  21  72 
(Length: 4)  12  35  101  132 
(Length: 4)  12  84  90  132 
(Length: 3)  12  30  72 
(Length: 4)  12  21  35  77 
(Length: 3)  12  66  132 
(Length: 3)  12  90  109 
(Length: 4)  12  97  131  132 
(Length: 3)  12  39  66 
(Length: 4)  12  39  101  130 
(Length: 3)  13  54  64 
(Length: 3)  13  38  61 
(Length: 3)  13  57  102 
(Length: 3)  13  21  61 
(Length: 3)  13  22  117 
(Length: 3)  13  26  62 
(Length: 3)  13  77  131 
(Length: 3)  13  98  125 
(Length: 3)  13  98  131 
(Length: 3)  13  42  125 
(Length: 3)  13  106  131 
(Length: 3)  13  54  121 
(Length: 3)  13  61  88 
(Length: 3)  13  61  74 
(Length: 3)  13  22  98 
(Length: 3)  13  57  88 
(Length: 3)  13  42  106 
(Length: 3)  13  22  38 
(Length: 3)  13  22  74 
(Length: 3)  13  57  121 
(Length: 3)  13  102  125 
(Length: 3)  13  62  76 
(Length: 3)  13  38  131 
(Length: 3)  13  21  77 
(Length: 3)  13  42  77 
(Length: 3)  13  64  102 
(Length: 3)  13  64  98 
(Length: 4)  14  25  64  102 
(Length: 3)  14  64  147 
(Length: 4)  14  25  80  102 
(Length: 3)  14  102  130 
(Length: 3)  14  36  86 
(Length: 3)  14  64  92 
(Length: 3)  14  39  92 
(Length: 3)  14  36  147 
(Length: 3)  14  86  92 
(Length: 4)  14  39  130  147 
(Length: 3)  15  24  61 
(Length: 3)  15  45  70 
(Length: 4)  15  45  66  126 
(Length: 3)  15  21  139 
(Length: 4)  15  45  126  139 
(Length: 5)  15  24  43  70  84 
(Length: 3)  15  70  106 
(Length: 3)  15  61  104 
(Length: 3)  15  84  126 
(Length: 4)  15  106  126  139 
(Length: 3)  15  104  106 
(Length: 4)  16  45  66  82 
(Length: 3)  16  29  64 
(Length: 3)  16  28  44 
(Length: 3)  16  70  106 
(Length: 4)  16  18  96  149 
(Length: 4)  16  44  66  121 
(Length: 3)  16  18  121 
(Length: 3)  16  89  106 
(Length: 3)  16  18  137 
(Length: 3)  16  38  44 
(Length: 3)  16  64  105 
(Length: 3)  16  64  89 
(Length: 4)  16  24  52  70 
(Length: 4)  16  19  106  113 
(Length: 4)  16  24  52  105 
(Length: 3)  16  45  89 
(Length: 4)  16  19  99  113 
(Length: 4)  16  38  45  70 
(Length: 3)  16  29  96 
(Length: 3)  16  28  70 
(Length: 3)  16  89  99 
(Length: 3)  16  105  121 
(Length: 3)  16  82  149 
(Length: 3)  16  29  45 
(Length: 3)  16  29  137 
(Length: 3)  16  44  149 
(Length: 4)  17  62  136  147 
(Length: 4)  17  21  105  116 
(Length: 3)  17  53  125 
(Length: 3)  17  25  77 
(Length: 3)  17  20  125 
(Length: 3)  17  20  120 
(Length: 4)  17  25  80  102 
(Length: 3)  17  58  99 
(Length: 3)  17  20  80 
(Length: 4)  17  129  136  147 
(Length: 3)  17  120  129 
(Length: 3)  17  53  129 
(Length: 4)  17  53  58  62 
(Length: 4)  17  21  77  116 
(Length: 3)  17  120  144 
(Length: 3)  17  115  116 
(Length: 3)  17  64  105 
(Length: 3)  17  20  58 
(Length: 3)  17  62  115 
(Length: 3)  17  102  126 
(Length: 3)  17  21  147 
(Length: 3)  17  102  125 
(Length: 3)  17  102  120 
(Length: 4)  17  21  53  105 
(Length: 3)  17  99  147 
(Length: 4)  17  25  64  102 
(Length: 4)  17  64  129  147 
(Length: 3)  18  91  93 
(Length: 4)  18  41  93  140 
(Length: 4)  18  30  83  93 
(Length: 4)  18  26  34  93 
(Length: 4)  18  49  63  124 
(Length: 3)  18  75  101 
(Length: 3)  18  76  94 
(Length: 4)  18  78  101  140 
(Length: 3)  18  81  83 
(Length: 4)  18  26  93  137 
(Length: 3)  18  54  121 
(Length: 3)  18  96  118 
(Length: 4)  18  63  96  101 
(Length: 3)  18  49  83 
(Length: 3)  18  41  128 
(Length: 4)  18  63  68  140 
(Length: 4)  18  26  93  140 
(Length: 3)  18  41  121 
(Length: 3)  18  94  140 
(Length: 3)  18  26  126 
(Length: 3)  18  118  124 
(Length: 3)  18  54  94 
(Length: 3)  18  26  121 
(Length: 3)  18  109  149 
(Length: 3)  18  83  126 
(Length: 3)  18  54  69 
(Length: 3)  18  94  128 
(Length: 3)  18  30  121 
(Length: 4)  18  34  41  93 
(Length: 3)  18  68  128 
(Length: 3)  18  121  124 
(Length: 3)  18  68  83 
(Length: 4)  18  26  109  137 
(Length: 4)  18  69  93  140 
(Length: 4)  18  63  101  109 
(Length: 4)  18  76  101  124 
(Length: 3)  18  93  96 
(Length: 3)  18  81  128 
(Length: 3)  18  78  126 
(Length: 3)  18  94  118 
(Length: 4)  18  76  101  109 
(Length: 3)  18  78  149 
(Length: 4)  18  26  90  140 
(Length: 3)  18  81  118 
(Length: 3)  18  75  128 
(Length: 4)  18  26  68  140 
(Length: 4)  18  26  90  109 
(Length: 3)  18  90  128 
(Length: 5)  18  63  101  124  140 
(Length: 3)  18  69  109 
(Length: 3)  18  91  126 
(Length: 4)  18  54  96  101 
(Length: 3)  19  41  144 
(Length: 4)  19  56  59  143 
(Length: 3)  19  43  54 
(Length: 4)  19  31  58  107 
(Length: 3)  19  59  144 
(Length: 3)  19  25  106 
(Length: 3)  19  56  107 
(Length: 3)  19  54  58 
(Length: 4)  19  56  59  78 
(Length: 3)  19  109  113 
(Length: 3)  19  58  99 
(Length: 3)  19  25  67 
(Length: 3)  19  31  113 
(Length: 4)  19  46  56  143 
(Length: 4)  19  31  58  67 
(Length: 3)  19  43  109 
(Length: 3)  19  31  43 
(Length: 4)  19  31  41  67 
(Length: 3)  19  54  144 
(Length: 3)  19  56  113 
(Length: 3)  20  48  70 
(Length: 3)  20  120  142 
(Length: 4)  20  57  71  132 
(Length: 3)  20  97  132 
(Length: 3)  20  121  124 
(Length: 4)  20  57  93  108 
(Length: 3)  20  58  95 
(Length: 3)  20  58  121 
(Length: 3)  20  70  125 
(Length: 3)  20  124  125 
(Length: 3)  20  95  120 
(Length: 3)  20  124  132 
(Length: 3)  20  70  74 
(Length: 3)  20  70  103 
(Length: 3)  20  55  142 
(Length: 3)  20  48  142 
(Length: 3)  20  74  120 
(Length: 3)  20  93  120 
(Length: 3)  20  120  121 
(Length: 3)  20  57  103 
(Length: 4)  20  57  108  121 
(Length: 3)  20  55  71 
(Length: 3)  20  80  95 
(Length: 3)  20  97  121 
(Length: 3)  21  68  97 
(Length: 4)  21  36  69  147 
(Length: 4)  21  29  71  128 
(Length: 5)  21  31  77  82  145 
(Length: 3)  21  37  71 
(Length: 3)  21  46  53 
(Length: 3)  21  68  128 
(Length: 4)  21  36  53  128 
(Length: 4)  21  35  53  128 
(Length: 3)  21  31  36 
(Length: 3)  21  51  139 
(Length: 3)  21  37  105 
(Length: 3)  21  37  147 
(Length: 3)  21  46  145 
(Length: 3)  21  51  82 
(Length: 3)  21  31  72 
(Length: 3)  21  72  105 
(Length: 5)  21  31  35  77  82 
(Length: 3)  21  69  139 
(Length: 3)  21  36  116 
(Length: 3)  21  36  61 
(Length: 4)  21  61  82  145 
(Length: 4)  21  82  145  147 
(Length: 3)  22  89  104 
(Length: 3)  22  38  79 
(Length: 3)  22  74  101 
(Length: 3)  22  48  70 
(Length: 3)  22  70  74 
(Length: 3)  22  24  79 
(Length: 3)  22  24  117 
(Length: 3)  22  38  70 
(Length: 4)  22  74  79  89 
(Length: 3)  22  25  28 
(Length: 3)  22  25  74 
(Length: 3)  22  48  104 
(Length: 3)  22  38  92 
(Length: 3)  22  28  70 
(Length: 3)  22  48  98 
(Length: 3)  22  38  101 
(Length: 3)  22  28  104 
(Length: 3)  22  38  100 
(Length: 3)  22  92  104 
(Length: 3)  22  89  117 
(Length: 3)  22  101  104 
(Length: 3)  23  130  145 
(Length: 3)  23  53  62 
(Length: 4)  23  60  124  140 
(Length: 3)  23  53  57 
(Length: 4)  23  83  131  144 
(Length: 3)  23  50  117 
(Length: 3)  23  128  130 
(Length: 3)  23  53  122 
(Length: 3)  23  90  128 
(Length: 3)  23  81  128 
(Length: 3)  23  80  128 
(Length: 4)  23  51  82  124 
(Length: 4)  23  51  82  91 
(Length: 4)  23  51  89  117 
(Length: 3)  23  37  80 
(Length: 4)  23  37  81  83 
(Length: 4)  23  62  82  91 
(Length: 3)  23  57  82 
(Length: 4)  23  54  82  117 
(Length: 4)  23  40  51  82 
(Length: 3)  23  51  131 
(Length: 3)  23  102  130 
(Length: 3)  23  51  122 
(Length: 3)  23  80  102 
(Length: 4)  23  57  90  102 
(Length: 4)  23  60  103  140 
(Length: 4)  23  89  91  103 
(Length: 4)  23  57  89  103 
(Length: 3)  23  37  62 
(Length: 3)  23  50  63 
(Length: 3)  23  90  140 
(Length: 4)  23  51  124  140 
(Length: 3)  23  60  83 
(Length: 4)  23  60  89  103 
(Length: 3)  23  90  113 
(Length: 3)  23  51  102 
(Length: 4)  23  40  63  140 
(Length: 4)  23  40  51  140 
(Length: 4)  23  51  89  91 
(Length: 3)  23  91  144 
(Length: 3)  23  60  130 
(Length: 4)  23  62  82  124 
(Length: 3)  23  63  131 
(Length: 4)  23  40  51  89 
(Length: 3)  23  40  81 
(Length: 3)  23  82  145 
(Length: 3)  23  117  130 
(Length: 3)  23  50  122 
(Length: 3)  23  113  117 
(Length: 4)  23  51  82  117 
(Length: 3)  23  81  117 
(Length: 4)  23  63  124  140 
(Length: 3)  23  54  144 
(Length: 3)  23  63  80 
(Length: 3)  23  53  128 
(Length: 3)  24  39  95 
(Length: 3)  24  39  79 
(Length: 3)  24  52  122 
(Length: 3)  24  98  122 
(Length: 3)  24  61  112 
(Length: 3)  24  79  96 
(Length: 4)  24  84  95  96 
(Length: 3)  24  39  40 
(Length: 3)  24  81  117 
(Length: 3)  24  40  98 
(Length: 3)  24  40  105 
(Length: 4)  24  84  95  105 
(Length: 3)  24  96  112 
(Length: 3)  24  61  95 
(Length: 4)  24  43  79  122 
(Length: 4)  24  84  96  98 
(Length: 4)  24  40  81  112 
(Length: 3)  24  40  70 
(Length: 3)  24  43  112 
(Length: 3)  24  52  61 
(Length: 3)  25  63  127 
(Length: 3)  25  64  145 
(Length: 3)  25  50  77 
(Length: 3)  25  50  63 
(Length: 3)  25  106  108 
(Length: 3)  25  83  106 
(Length: 3)  25  28  108 
(Length: 3)  25  77  108 
(Length: 4)  25  64  108  140 
(Length: 3)  25  63  140 
(Length: 3)  25  77  145 
(Length: 3)  25  127  145 
(Length: 3)  25  99  127 
(Length: 3)  25  64  83 
(Length: 3)  25  74  140 
(Length: 3)  25  63  67 
(Length: 4)  25  64  102  108 
(Length: 3)  25  65  108 
(Length: 3)  25  91  99 
(Length: 3)  25  28  63 
(Length: 3)  25  65  74 
(Length: 3)  25  63  80 
(Length: 4)  26  90  109  114 
(Length: 4)  26  109  119  129 
(Length: 5)  26  32  121  129  141 
(Length: 4)  26  68  140  141 
(Length: 4)  26  100  109  137 
(Length: 4)  26  32  140  141 
(Length: 4)  26  47  93  140 
(Length: 4)  26  90  109  119 
(Length: 3)  26  45  100 
(Length: 4)  26  34  100  125 
(Length: 3)  26  62  73 
(Length: 4)  26  31  58  62 
(Length: 3)  26  136  137 
(Length: 5)  26  32  109  114  129 
(Length: 4)  26  68  125  141 
(Length: 3)  26  58  137 
(Length: 4)  26  34  53  125 
(Length: 5)  26  32  53  109  129 
(Length: 4)  26  53  58  62 
(Length: 4)  26  100  109  119 
(Length: 3)  26  45  126 
(Length: 4)  26  31  100  125 
(Length: 3)  26  47  126 
(Length: 4)  26  93  140  141 
(Length: 4)  26  62  68  141 
(Length: 3)  26  68  114 
(Length: 3)  26  73  119 
(Length: 4)  27  29  32  48 
(Length: 3)  27  65  135 
(Length: 3)  27  65  125 
(Length: 3)  27  88  120 
(Length: 5)  27  84  96  101  132 
(Length: 3)  27  60  129 
(Length: 3)  27  60  127 
(Length: 4)  27  96  101  120 
(Length: 4)  27  61  101  104 
(Length: 4)  27  32  48  140 
(Length: 4)  27  29  32  129 
(Length: 3)  27  48  126 
(Length: 4)  27  48  104  133 
(Length: 4)  27  29  100  125 
(Length: 5)  27  29  84  96  125 
(Length: 4)  27  29  48  71 
(Length: 3)  27  32  65 
(Length: 4)  27  61  127  145 
(Length: 4)  27  48  56  71 
(Length: 4)  27  29  42  125 
(Length: 3)  27  56  101 
(Length: 3)  27  126  139 
(Length: 3)  27  56  119 
(Length: 3)  27  71  120 
(Length: 3)  27  56  139 
(Length: 3)  27  71  127 
(Length: 5)  27  84  96  101  125 
(Length: 4)  27  29  96  129 
(Length: 3)  27  135  140 
(Length: 3)  27  88  132 
(Length: 3)  27  120  135 
(Length: 3)  27  120  133 
(Length: 4)  27  42  132  133 
(Length: 3)  27  71  132 
(Length: 4)  27  104  119  135 
(Length: 4)  27  61  104  119 
(Length: 4)  27  61  104  127 
(Length: 4)  27  104  119  129 
(Length: 3)  27  100  144 
(Length: 4)  27  61  101  140 
(Length: 3)  27  100  119 
(Length: 3)  27  129  145 
(Length: 4)  27  96  120  129 
(Length: 4)  27  96  120  144 
(Length: 3)  27  84  126 
(Length: 4)  27  65  139  144 
(Length: 3)  27  139  140 
(Length: 4)  27  61  88  145 
(Length: 4)  27  60  101  140 
(Length: 3)  28  61  104 
(Length: 4)  28  59  76  85 
(Length: 4)  28  56  59  76 
(Length: 3)  28  59  125 
(Length: 3)  28  84  110 
(Length: 3)  28  88  110 
(Length: 3)  28  59  88 
(Length: 3)  28  104  110 
(Length: 4)  28  70  84  125 
(Length: 3)  28  44  63 
(Length: 3)  28  61  88 
(Length: 3)  28  44  76 
(Length: 4)  28  55  60  110 
(Length: 3)  28  56  113 
(Length: 3)  28  56  108 
(Length: 3)  28  84  113 
(Length: 3)  28  30  71 
(Length: 3)  28  55  71 
(Length: 3)  28  56  71 
(Length: 3)  28  44  88 
(Length: 3)  28  63  85 
(Length: 3)  28  76  110 
(Length: 3)  29  83  115 
(Length: 3)  29  96  111 
(Length: 4)  29  64  79  129 
(Length: 4)  29  79  109  129 
(Length: 3)  29  84  137 
(Length: 3)  29  32  83 
(Length: 3)  29  83  125 
(Length: 4)  29  39  79  129 
(Length: 3)  29  48  76 
(Length: 4)  29  79  96  118 
(Length: 4)  29  76  109  129 
(Length: 3)  29  48  137 
(Length: 4)  29  100  109  137 
(Length: 4)  29  71  115  128 
(Length: 4)  29  32  109  129 
(Length: 3)  29  39  100 
(Length: 4)  29  79  96  129 
(Length: 3)  29  45  100 
(Length: 4)  29  39  71  115 
(Length: 3)  29  64  83 
(Length: 5)  29  84  96  118  125 
(Length: 3)  30  66  121 
(Length: 3)  30  66  93 
(Length: 3)  30  136  145 
(Length: 3)  30  77  145 
(Length: 5)  31  41  77  79  82 
(Length: 3)  31  33  58 
(Length: 4)  31  62  65  107 
(Length: 5)  31  65  107  133  138 
(Length: 4)  31  94  118  132 
(Length: 4)  31  58  67  96 
(Length: 4)  31  67  96  125 
(Length: 4)  31  132  133  138 
(Length: 3)  31  35  148 
(Length: 3)  31  79  87 
(Length: 3)  31  81  118 
(Length: 4)  31  65  113  135 
(Length: 3)  31  79  107 
(Length: 3)  31  113  115 
(Length: 3)  31  72  138 
(Length: 3)  31  65  125 
(Length: 4)  31  65  113  133 
(Length: 3)  31  36  115 
(Length: 4)  31  35  67  125 
(Length: 3)  31  87  115 
(Length: 3)  31  82  138 
(Length: 4)  31  43  79  118 
(Length: 4)  31  62  65  135 
(Length: 4)  31  77  81  135 
(Length: 4)  31  96  118  125 
(Length: 4)  31  96  118  132 
(Length: 4)  31  58  62  107 
(Length: 3)  31  115  138 
(Length: 3)  31  41  148 
(Length: 3)  31  35  115 
(Length: 3)  31  62  115 
(Length: 3)  31  87  145 
(Length: 4)  31  67  96  132 
(Length: 3)  31  43  75 
(Length: 4)  31  58  62  135 
(Length: 3)  31  62  72 
(Length: 4)  31  35  75  132 
(Length: 4)  31  35  67  132 
(Length: 3)  31  62  82 
(Length: 3)  31  62  75 
(Length: 4)  31  43  77  79 
(Length: 4)  31  81  133  138 
(Length: 3)  31  33  79 
(Length: 3)  31  33  94 
(Length: 6)  31  41  77  82  100  145 
(Length: 4)  31  35  58  67 
(Length: 4)  31  79  96  118 
(Length: 5)  31  35  77  79  82 
(Length: 4)  32  70  129  141 
(Length: 3)  32  83  114 
(Length: 3)  32  86  92 
(Length: 3)  32  70  138 
(Length: 4)  32  48  140  141 
(Length: 4)  32  48  70  141 
(Length: 3)  32  53  122 
(Length: 3)  32  92  138 
(Length: 3)  32  86  129 
(Length: 3)  32  55  114 
(Length: 4)  32  65  112  138 
(Length: 3)  32  83  138 
(Length: 4)  32  53  109  112 
(Length: 4)  32  65  112  141 
(Length: 3)  32  55  141 
(Length: 3)  33  76  109 
(Length: 3)  33  94  114 
(Length: 3)  33  46  53 
(Length: 3)  33  53  109 
(Length: 3)  33  53  58 
(Length: 3)  33  79  109 
(Length: 3)  33  58  91 
(Length: 3)  33  91  114 
(Length: 3)  33  94  134 
(Length: 3)  33  79  91 
(Length: 3)  33  109  114 
(Length: 3)  33  76  94 
(Length: 5)  34  41  77  100  145 
(Length: 3)  34  52  130 
(Length: 3)  34  57  93 
(Length: 4)  34  52  77  135 
(Length: 4)  34  53  57  132 
(Length: 4)  34  77  92  143 
(Length: 3)  34  60  89 
(Length: 3)  34  52  93 
(Length: 3)  34  60  130 
(Length: 3)  34  51  52 
(Length: 3)  34  130  145 
(Length: 3)  34  57  89 
(Length: 3)  34  92  132 
(Length: 4)  34  51  89  125 
(Length: 3)  35  98  125 
(Length: 4)  35  75  128  132 
(Length: 4)  35  98  114  115 
(Length: 3)  35  38  79 
(Length: 3)  35  56  115 
(Length: 4)  35  38  75  101 
(Length: 3)  35  54  101 
(Length: 4)  35  53  128  132 
(Length: 3)  35  54  58 
(Length: 3)  35  56  101 
(Length: 3)  35  53  125 
(Length: 3)  35  79  122 
(Length: 3)  35  57  82 
(Length: 3)  35  126  148 
(Length: 3)  35  56  57 
(Length: 4)  35  75  101  132 
(Length: 3)  35  56  77 
(Length: 3)  35  82  98 
(Length: 4)  35  53  58  111 
(Length: 3)  35  82  126 
(Length: 4)  35  75  114  132 
(Length: 3)  35  111  114 
(Length: 3)  35  54  114 
(Length: 4)  35  53  57  132 
(Length: 3)  35  101  125 
(Length: 4)  35  53  58  128 
(Length: 4)  35  53  122  132 
(Length: 4)  35  54  79  82 
(Length: 4)  35  98  122  132 
(Length: 4)  35  57  75  132 
(Length: 4)  35  98  114  132 
(Length: 3)  35  115  128 
(Length: 4)  36  102  109  112 
(Length: 4)  36  76  109  129 
(Length: 3)  36  69  109 
(Length: 4)  36  41  102  108 
(Length: 3)  36  86  128 
(Length: 3)  36  86  129 
(Length: 3)  36  129  147 
(Length: 3)  36  61  101 
(Length: 4)  36  76  101  109 
(Length: 4)  36  63  109  112 
(Length: 4)  36  53  109  129 
(Length: 4)  36  63  101  109 
(Length: 4)  36  108  115  128 
(Length: 4)  36  41  108  128 
(Length: 3)  36  101  108 
(Length: 3)  36  42  108 
(Length: 3)  36  61  112 
(Length: 3)  36  115  116 
(Length: 3)  36  86  101 
(Length: 4)  36  53  109  112 
(Length: 3)  36  41  116 
(Length: 3)  37  99  123 
(Length: 4)  37  79  129  141 
(Length: 4)  37  56  76  119 
(Length: 4)  37  93  106  141 
(Length: 4)  37  83  106  147 
(Length: 3)  37  99  147 
(Length: 3)  37  79  99 
(Length: 3)  37  93  137 
(Length: 4)  37  62  136  147 
(Length: 3)  37  66  80 
(Length: 4)  37  129  141  147 
(Length: 4)  37  56  71  81 
(Length: 3)  37  136  137 
(Length: 4)  37  83  93  106 
(Length: 3)  37  137  148 
(Length: 4)  37  129  136  147 
(Length: 3)  37  62  76 
(Length: 4)  37  76  119  129 
(Length: 3)  37  81  136 
(Length: 4)  37  62  123  141 
(Length: 4)  37  66  93  141 
(Length: 4)  37  79  119  129 
(Length: 4)  37  106  141  147 
(Length: 4)  37  62  141  147 
(Length: 4)  37  79  129  136 
(Length: 4)  38  44  73  101 
(Length: 3)  38  94  140 
(Length: 3)  38  92  131 
(Length: 3)  38  94  146 
(Length: 3)  38  92  146 
(Length: 4)  38  41  45  70 
(Length: 4)  38  41  100  146 
(Length: 3)  38  71  127 
(Length: 4)  38  41  103  140 
(Length: 3)  38  73  79 
(Length: 4)  38  73  101  131 
(Length: 3)  38  61  127 
(Length: 4)  38  75  101  131 
(Length: 4)  38  41  45  100 
(Length: 4)  38  41  70  103 
(Length: 3)  38  45  101 
(Length: 3)  38  41  71 
(Length: 4)  38  61  101  140 
(Length: 4)  38  41  79  146 
(Length: 3)  39  115  138 
(Length: 3)  39  68  140 
(Length: 5)  39  40  78  101  140 
(Length: 4)  39  79  139  146 
(Length: 4)  39  40  134  138 
(Length: 4)  39  40  78  129 
(Length: 4)  39  78  79  129 
(Length: 3)  39  99  147 
(Length: 4)  39  40  134  140 
(Length: 4)  39  94  134  140 
(Length: 4)  39  56  71  115 
(Length: 4)  39  65  130  138 
(Length: 4)  39  93  139  140 
(Length: 3)  39  99  127 
(Length: 3)  39  68  115 
(Length: 3)  39  56  139 
(Length: 4)  39  92  139  146 
(Length: 3)  39  121  129 
(Length: 3)  39  66  93 
(Length: 4)  39  93  139  146 
(Length: 3)  39  92  138 
(Length: 3)  39  66  121 
(Length: 3)  39  94  146 
(Length: 3)  39  68  92 
(Length: 3)  39  100  146 
(Length: 3)  39  79  99 
(Length: 4)  39  129  130  147 
(Length: 4)  39  56  78  101 
(Length: 3)  39  71  127 
(Length: 4)  39  72  134  138 
(Length: 3)  39  146  147 
(Length: 3)  39  95  115 
(Length: 3)  39  68  130 
(Length: 4)  39  65  93  139 
(Length: 4)  39  40  139  140 
(Length: 4)  40  89  107  138 
(Length: 4)  40  70  129  141 
(Length: 4)  40  109  114  139 
(Length: 3)  40  73  101 
(Length: 3)  40  81  108 
(Length: 4)  40  78  85  140 
(Length: 4)  40  108  114  129 
(Length: 4)  40  101  108  140 
(Length: 4)  40  78  85  112 
(Length: 4)  40  70  107  138 
(Length: 4)  40  51  89  138 
(Length: 4)  40  81  112  138 
(Length: 4)  40  51  89  141 
(Length: 3)  40  63  105 
(Length: 3)  40  63  133 
(Length: 4)  40  63  101  109 
(Length: 4)  40  70  107  141 
(Length: 3)  40  98  110 
(Length: 4)  40  109  110  129 
(Length: 4)  40  63  85  140 
(Length: 3)  40  112  141 
(Length: 3)  40  73  110 
(Length: 4)  40  98  114  132 
(Length: 3)  40  105  114 
(Length: 4)  40  73  134  138 
(Length: 4)  40  81  133  138 
(Length: 3)  40  82  98 
(Length: 4)  40  51  82  138 
(Length: 4)  40  51  139  140 
(Length: 4)  40  132  133  138 
(Length: 3)  40  73  139 
(Length: 4)  40  51  109  139 
(Length: 4)  40  51  70  138 
(Length: 4)  40  51  133  138 
(Length: 4)  40  98  114  139 
(Length: 4)  40  51  70  141 
(Length: 4)  40  109  114  129 
(Length: 4)  40  107  133  138 
(Length: 4)  40  51  140  141 
(Length: 3)  40  89  110 
(Length: 4)  40  89  107  141 
(Length: 4)  40  63  101  140 
(Length: 5)  40  63  85  109  112 
(Length: 4)  40  82  112  138 
(Length: 4)  40  101  140  141 
(Length: 5)  41  45  82  100  145 
(Length: 3)  41  71  128 
(Length: 4)  41  47  95  102 
(Length: 3)  41  100  102 
(Length: 4)  41  47  70  116 
(Length: 5)  41  84  98  110  145 
(Length: 3)  41  110  148 
(Length: 4)  41  93  108  140 
(Length: 4)  41  84  103  110 
(Length: 4)  41  45  110  145 
(Length: 4)  41  70  84  103 
(Length: 3)  41  93  146 
(Length: 3)  41  77  108 
(Length: 3)  41  67  110 
(Length: 4)  41  45  70  145 
(Length: 3)  41  47  82 
(Length: 4)  41  47  93  140 
(Length: 3)  41  71  98 
(Length: 3)  41  128  136 
(Length: 4)  41  110  136  145 
(Length: 5)  41  82  98  100  145 
(Length: 4)  41  70  84  145 
(Length: 4)  41  82  136  145 
(Length: 3)  41  116  148 
(Length: 3)  41  84  121 
(Length: 4)  41  98  100  144 
(Length: 3)  41  67  121 
(Length: 4)  41  77  84  145 
(Length: 4)  41  79  82  136 
(Length: 3)  42  81  133 
(Length: 3)  42  81  136 
(Length: 3)  42  92  146 
(Length: 4)  42  90  106  113 
(Length: 3)  42  44  77 
(Length: 4)  42  90  106  108 
(Length: 3)  42  92  136 
(Length: 4)  42  90  113  133 
(Length: 3)  42  85  146 
(Length: 4)  42  59  78  85 
(Length: 4)  42  92  132  133 
(Length: 4)  42  77  81  108 
(Length: 4)  42  90  132  133 
(Length: 4)  42  77  90  108 
(Length: 3)  42  77  92 
(Length: 3)  42  78  136 
(Length: 3)  42  59  125 
(Length: 3)  42  59  92 
(Length: 3)  43  88  91 
(Length: 3)  43  70  129 
(Length: 5)  43  76  109  110  129 
(Length: 3)  43  77  84 
(Length: 3)  43  79  91 
(Length: 4)  43  79  118  122 
(Length: 3)  43  77  112 
(Length: 4)  43  79  109  149 
(Length: 3)  43  77  123 
(Length: 3)  43  91  114 
(Length: 3)  43  54  84 
(Length: 3)  43  110  122 
(Length: 3)  43  112  118 
(Length: 3)  43  88  120 
(Length: 4)  43  51  109  123 
(Length: 3)  43  88  110 
(Length: 4)  43  51  118  122 
(Length: 3)  43  51  91 
(Length: 4)  43  75  120  129 
(Length: 4)  43  51  84  118 
(Length: 3)  43  54  114 
(Length: 4)  43  109  114  129 
(Length: 4)  43  76  120  129 
(Length: 3)  43  84  110 
(Length: 4)  43  51  122  123 
(Length: 3)  43  54  79 
(Length: 4)  43  51  70  84 
(Length: 4)  43  75  114  129 
(Length: 3)  43  91  112 
(Length: 3)  43  51  120 
(Length: 4)  43  63  109  112 
(Length: 3)  43  71  91 
(Length: 4)  43  51  109  149 
(Length: 4)  43  79  109  129 
(Length: 3)  43  71  149 
(Length: 3)  43  71  122 
(Length: 3)  43  71  120 
(Length: 3)  44  66  77 
(Length: 3)  44  74  101 
(Length: 3)  44  66  109 
(Length: 3)  44  74  123 
(Length: 4)  44  83  134  138 
(Length: 3)  44  95  102 
(Length: 3)  44  87  121 
(Length: 4)  44  76  101  109 
(Length: 3)  44  74  149 
(Length: 3)  44  109  149 
(Length: 3)  44  66  74 
(Length: 4)  44  66  73  88 
(Length: 4)  44  83  88  134 
(Length: 3)  44  83  144 
(Length: 4)  44  73  134  138 
(Length: 3)  44  73  144 
(Length: 4)  44  63  101  109 
(Length: 3)  44  77  123 
(Length: 4)  44  73  88  134 
(Length: 4)  44  102  109  123 
(Length: 3)  44  123  134 
(Length: 4)  45  60  89  110 
(Length: 4)  45  66  82  126 
(Length: 3)  45  66  80 
(Length: 3)  45  82  117 
(Length: 3)  45  81  135 
(Length: 3)  45  66  143 
(Length: 3)  45  60  101 
(Length: 4)  45  89  110  117 
(Length: 3)  46  86  145 
(Length: 3)  46  86  124 
(Length: 3)  46  56  81 
(Length: 4)  47  93  106  139 
(Length: 3)  47  107  127 
(Length: 3)  47  105  116 
(Length: 3)  47  116  127 
(Length: 4)  47  93  139  140 
(Length: 3)  47  95  105 
(Length: 3)  47  70  106 
(Length: 3)  47  89  106 
(Length: 3)  47  82  126 
(Length: 4)  47  106  126  139 
(Length: 3)  47  95  96 
(Length: 4)  47  49  70  107 
(Length: 3)  47  61  82 
(Length: 3)  47  93  96 
(Length: 4)  47  102  126  139 
(Length: 3)  47  89  107 
(Length: 3)  47  61  89 
(Length: 4)  47  61  93  140 
(Length: 3)  47  61  95 
(Length: 3)  47  61  127 
(Length: 3)  48  76  142 
(Length: 3)  48  141  142 
(Length: 3)  48  50  123 
(Length: 3)  48  51  149 
(Length: 3)  48  104  137 
(Length: 3)  48  51  133 
(Length: 4)  48  51  123  141 
(Length: 4)  48  51  70  141 
(Length: 3)  48  56  76 
(Length: 4)  48  51  140  141 
(Length: 4)  48  50  71  149 
(Length: 4)  49  70  107  141 
(Length: 4)  49  62  141  147 
(Length: 3)  49  87  147 
(Length: 3)  49  56  107 
(Length: 3)  49  52  124 
(Length: 3)  49  63  67 
(Length: 3)  49  146  147 
(Length: 3)  49  52  56 
(Length: 3)  49  67  141 
(Length: 3)  49  52  70 
(Length: 4)  49  62  124  141 
(Length: 3)  49  100  146 
(Length: 3)  49  53  62 
(Length: 4)  49  62  107  141 
(Length: 4)  49  64  83  147 
(Length: 3)  50  71  122 
(Length: 3)  50  59  147 
(Length: 3)  50  64  147 
(Length: 3)  50  122  123 
(Length: 3)  50  77  123 
(Length: 3)  50  110  122 
(Length: 4)  50  110  136  147 
(Length: 3)  50  118  122 
(Length: 3)  50  59  78 
(Length: 3)  51  74  89 
(Length: 3)  51  74  120 
(Length: 5)  51  118  124  125  141 
(Length: 4)  51  102  109  139 
(Length: 3)  51  66  74 
(Length: 4)  51  70  125  141 
(Length: 3)  51  66  109 
(Length: 3)  51  70  74 
(Length: 3)  51  52  124 
(Length: 5)  51  84  118  124  125 
(Length: 3)  51  55  117 
(Length: 3)  51  102  120 
(Length: 3)  51  66  82 
(Length: 3)  51  91  139 
(Length: 4)  51  124  140  141 
(Length: 3)  51  74  140 
(Length: 4)  51  102  109  123 
(Length: 4)  51  84  118  131 
(Length: 3)  51  66  141 
(Length: 3)  51  109  117 
(Length: 3)  51  120  133 
(Length: 3)  51  117  120 
(Length: 4)  51  52  133  138 
(Length: 4)  51  52  122  123 
(Length: 3)  51  74  123 
(Length: 4)  51  52  70  138 
(Length: 3)  51  55  149 
(Length: 3)  51  55  141 
(Length: 4)  51  70  84  125 
(Length: 3)  51  55  91 
(Length: 5)  51  89  118  125  141 
(Length: 3)  51  102  125 
(Length: 3)  51  82  149 
(Length: 3)  51  74  149 
(Length: 4)  51  70  84  138 
(Length: 3)  52  56  73 
(Length: 4)  52  70  130  138 
(Length: 3)  52  56  77 
(Length: 4)  52  73  130  138 
(Length: 3)  52  77  123 
(Length: 4)  52  73  134  138 
(Length: 4)  52  130  133  138 
(Length: 4)  52  61  130  138 
(Length: 4)  52  122  123  134 
(Length: 3)  52  61  93 
(Length: 4)  52  124  134  135 
(Length: 4)  53  109  110  129 
(Length: 3)  53  110  122 
(Length: 4)  53  57  88  132 
(Length: 4)  53  57  109  112 
(Length: 3)  53  88  110 
(Length: 3)  53  57  105 
(Length: 3)  54  96  144 
(Length: 4)  54  84  96  101 
(Length: 3)  54  79  96 
(Length: 3)  54  94  114 
(Length: 3)  54  69  84 
(Length: 3)  54  69  79 
(Length: 4)  54  58  84  121 
(Length: 4)  54  64  79  82 
(Length: 3)  54  97  121 
(Length: 4)  54  58  84  96 
(Length: 3)  54  97  114 
(Length: 3)  55  91  114 
(Length: 3)  55  60  114 
(Length: 3)  55  141  142 
(Length: 3)  55  60  101 
(Length: 3)  55  71  91 
(Length: 3)  55  71  149 
(Length: 3)  55  101  141 
(Length: 3)  55  91  144 
(Length: 4)  56  113  117  119 
(Length: 3)  56  57  73 
(Length: 4)  56  77  81  108 
(Length: 3)  56  108  115 
(Length: 3)  56  57  71 
(Length: 4)  56  73  91  139 
(Length: 3)  56  73  101 
(Length: 3)  56  57  108 
(Length: 3)  56  73  119 
(Length: 3)  56  115  116 
(Length: 3)  56  81  117 
(Length: 3)  56  77  116 
(Length: 3)  56  113  115 
(Length: 3)  56  101  108 
(Length: 3)  56  116  117 
(Length: 3)  56  77  143 
(Length: 3)  56  76  101 
(Length: 3)  57  88  89 
(Length: 4)  57  66  108  121 
(Length: 3)  57  82  112 
(Length: 3)  57  103  112 
(Length: 4)  57  73  88  134 
(Length: 4)  57  90  102  108 
(Length: 3)  57  105  121 
(Length: 3)  57  66  82 
(Length: 3)  57  75  134 
(Length: 4)  57  66  88  132 
(Length: 3)  57  66  109 
(Length: 3)  57  90  105 
(Length: 4)  57  66  93  108 
(Length: 4)  57  66  73  88 
(Length: 4)  57  90  102  109 
(Length: 4)  57  65  93  108 
(Length: 3)  57  90  132 
(Length: 3)  57  65  112 
(Length: 4)  57  102  109  112 
(Length: 3)  58  84  137 
(Length: 3)  58  95  135 
(Length: 3)  58  96  111 
(Length: 3)  58  66  128 
(Length: 3)  58  107  128 
(Length: 3)  58  91  99 
(Length: 4)  58  66  67  121 
(Length: 3)  58  62  91 
(Length: 3)  58  121  135 
(Length: 3)  58  84  110 
(Length: 4)  58  84  95  96 
(Length: 3)  58  128  135 
(Length: 3)  58  67  110 
(Length: 3)  59  85  143 
(Length: 3)  59  137  144 
(Length: 3)  59  78  79 
(Length: 3)  59  68  92 
(Length: 3)  59  69  92 
(Length: 4)  59  69  88  147 
(Length: 3)  59  69  79 
(Length: 4)  59  92  137  148 
(Length: 3)  59  68  125 
(Length: 4)  60  89  103  110 
(Length: 3)  60  101  109 
(Length: 4)  60  97  109  114 
(Length: 4)  60  109  114  129 
(Length: 4)  60  101  124  140 
(Length: 4)  60  83  114  115 
(Length: 3)  60  94  140 
(Length: 3)  60  103  114 
(Length: 4)  60  94  105  114 
(Length: 3)  60  86  129 
(Length: 3)  60  129  130 
(Length: 3)  60  86  94 
(Length: 4)  60  86  101  124 
(Length: 4)  60  109  110  129 
(Length: 3)  61  104  112 
(Length: 3)  61  89  104 
(Length: 3)  61  74  89 
(Length: 3)  61  88  89 
(Length: 4)  61  74  101  140 
(Length: 4)  61  82  112  138 
(Length: 3)  61  89  138 
(Length: 3)  61  93  104 
(Length: 4)  62  82  136  147 
(Length: 3)  62  72  123 
(Length: 3)  62  68  115 
(Length: 4)  62  65  107  141 
(Length: 3)  62  73  91 
(Length: 3)  62  76  124 
(Length: 3)  62  124  135 
(Length: 3)  62  115  123 
(Length: 4)  63  96  101  131 
(Length: 3)  63  96  112 
(Length: 3)  63  124  127 
(Length: 3)  63  67  96 
(Length: 3)  63  96  111 
(Length: 3)  63  80  111 
(Length: 4)  63  80  85  112 
(Length: 3)  63  72  105 
(Length: 3)  64  79  89 
(Length: 3)  64  108  129 
(Length: 3)  64  89  103 
(Length: 4)  64  129  145  147 
(Length: 4)  64  82  98  145 
(Length: 3)  64  103  140 
(Length: 3)  65  93  137 
(Length: 3)  65  137  144 
(Length: 3)  65  74  107 
(Length: 3)  65  125  141 
(Length: 4)  65  98  139  144 
(Length: 5)  65  107  130  133  138 
(Length: 3)  65  112  137 
(Length: 3)  65  98  125 
(Length: 3)  65  93  141 
(Length: 3)  65  112  113 
(Length: 3)  66  121  143 
(Length: 3)  66  82  98 
(Length: 3)  66  128  141 
(Length: 4)  66  67  88  141 
(Length: 4)  66  67  121  141 
(Length: 3)  66  128  132 
(Length: 3)  66  80  128 
(Length: 3)  66  108  128 
(Length: 3)  66  98  132 
(Length: 3)  66  77  82 
(Length: 3)  66  77  143 
(Length: 4)  66  67  88  132 
(Length: 3)  67  88  110 
(Length: 4)  67  96  125  141 
(Length: 3)  67  110  129 
(Length: 3)  67  123  141 
(Length: 4)  67  96  129  141 
(Length: 4)  67  121  129  141 
(Length: 3)  67  69  88 
(Length: 4)  68  83  114  115 
(Length: 3)  68  115  128 
(Length: 3)  68  83  125 
(Length: 3)  68  128  130 
(Length: 3)  68  128  141 
(Length: 3)  68  97  114 
(Length: 3)  69  88  134 
(Length: 3)  69  134  140 
(Length: 3)  69  92  104 
(Length: 4)  69  84  113  147 
(Length: 4)  69  79  109  139 
(Length: 3)  69  93  104 
(Length: 3)  69  92  139 
(Length: 3)  69  84  92 
(Length: 3)  69  109  113 
(Length: 4)  69  93  139  140 
(Length: 3)  70  74  107 
(Length: 3)  70  106  141 
(Length: 4)  70  129  136  145 
(Length: 4)  70  107  130  138 
(Length: 4)  70  129  130  145 
(Length: 4)  70  84  103  138 
(Length: 4)  71  98  122  132 
(Length: 3)  71  81  128 
(Length: 3)  71  128  132 
(Length: 3)  71  98  127 
(Length: 3)  71  132  149 
(Length: 3)  71  98  115 
(Length: 3)  72  123  134 
(Length: 3)  73  88  110 
(Length: 4)  73  79  91  139 
(Length: 4)  73  91  139  144 
(Length: 3)  73  101  130 
(Length: 3)  73  79  119 
(Length: 3)  73  88  91 
(Length: 3)  73  131  144 
(Length: 4)  74  79  89  107 
(Length: 3)  74  101  120 
(Length: 3)  74  79  149 
(Length: 3)  74  115  123 
(Length: 3)  75  101  120 
(Length: 4)  75  97  114  132 
(Length: 4)  75  97  131  132 
(Length: 4)  75  101  131  132 
(Length: 3)  75  114  139 
(Length: 4)  76  109  119  129 
(Length: 3)  76  101  120 
(Length: 3)  76  120  142 
(Length: 4)  76  85  97  109 
(Length: 4)  76  85  109  119 
(Length: 3)  77  79  90 
(Length: 3)  77  81  112 
(Length: 4)  77  82  100  112 
(Length: 4)  77  84  92  131 
(Length: 3)  78  79  149 
(Length: 3)  78  112  126 
(Length: 4)  78  79  129  136 
(Length: 3)  79  82  91 
(Length: 4)  79  109  119  129 
(Length: 3)  79  82  149 
(Length: 4)  79  89  91  99 
(Length: 4)  79  90  109  119 
(Length: 4)  79  89  118  141 
(Length: 3)  79  87  129 
(Length: 4)  79  89  107  141 
(Length: 4)  79  96  118  141 
(Length: 4)  79  96  129  141 
(Length: 3)  79  118  136 
(Length: 3)  79  96  149 
(Length: 3)  79  87  90 
(Length: 3)  80  128  138 
(Length: 3)  80  102  112 
(Length: 3)  80  95  102 
(Length: 3)  81  83  138 
(Length: 3)  81  128  135 
(Length: 4)  81  128  133  138 
(Length: 3)  81  128  136 
(Length: 3)  81  118  136 
(Length: 3)  81  108  118 
(Length: 3)  81  117  136 
(Length: 3)  81  108  128 
(Length: 3)  82  91  98 
(Length: 3)  82  86  124 
(Length: 4)  82  91  112  126 
(Length: 3)  82  117  136 
(Length: 4)  82  136  145  147 
(Length: 4)  83  106  114  115 
(Length: 3)  83  88  115 
(Length: 3)  83  88  147 
(Length: 3)  83  115  138 
(Length: 3)  83  106  131 
(Length: 3)  83  106  126 
(Length: 4)  83  106  114  147 
(Length: 3)  84  92  137 
(Length: 4)  84  101  124  125 
(Length: 4)  84  118  124  132 
(Length: 5)  84  96  118  131  132 
(Length: 3)  84  90  113 
(Length: 4)  84  110  145  147 
(Length: 3)  84  105  121 
(Length: 3)  84  121  124 
(Length: 4)  84  96  98  125 
(Length: 5)  84  96  98  131  132 
(Length: 3)  84  92  110 
(Length: 4)  84  92  131  132 
(Length: 3)  84  90  105 
(Length: 4)  84  101  124  132 
(Length: 5)  84  96  101  131  132 
(Length: 4)  85  109  117  119 
(Length: 3)  85  109  149 
(Length: 3)  85  117  130 
(Length: 4)  85  97  109  112 
(Length: 4)  86  87  129  145 
(Length: 3)  86  94  128 
(Length: 4)  87  129  145  147 
(Length: 4)  88  110  145  147 
(Length: 3)  88  89  110 
(Length: 3)  88  94  132 
(Length: 3)  88  89  141 
(Length: 3)  88  94  134 
(Length: 3)  88  94  116 
(Length: 3)  88  141  147 
(Length: 3)  88  124  132 
(Length: 3)  88  115  116 
(Length: 3)  88  124  134 
(Length: 3)  88  124  141 
(Length: 3)  88  89  91 
(Length: 3)  89  103  138 
(Length: 3)  89  104  106 
(Length: 3)  89  104  110 
(Length: 3)  89  106  141 
(Length: 3)  90  105  114 
(Length: 4)  90  128  132  133 
(Length: 3)  90  119  128 
(Length: 4)  90  106  108  114 
(Length: 3)  90  108  128 
(Length: 4)  90  109  113  119 
(Length: 3)  90  108  140 
(Length: 3)  90  114  132 
(Length: 4)  91  98  114  139 
(Length: 3)  91  99  126 
(Length: 4)  91  98  139  144 
(Length: 3)  91  103  112 
(Length: 3)  91  93  139 
(Length: 3)  91  126  139 
(Length: 3)  91  97  112 
(Length: 3)  91  103  114 
(Length: 3)  91  97  114 
(Length: 4)  92  104  137  148 
(Length: 3)  92  104  133 
(Length: 4)  92  104  110  148 
(Length: 3)  92  110  136 
(Length: 3)  92  136  137 
(Length: 3)  92  104  146 
(Length: 3)  93  117  120 
(Length: 3)  93  104  137 
(Length: 3)  93  104  146 
(Length: 3)  93  106  108 
(Length: 3)  93  96  108 
(Length: 3)  93  104  106 
(Length: 3)  93  96  141 
(Length: 3)  93  96  120 
(Length: 4)  94  106  108  114 
(Length: 3)  94  105  116 
(Length: 3)  94  108  118 
(Length: 3)  94  108  128 
(Length: 3)  94  114  132 
(Length: 3)  94  128  132 
(Length: 3)  94  108  140 
(Length: 3)  95  120  133 
(Length: 3)  95  120  135 
(Length: 3)  96  108  118 
(Length: 3)  96  108  129 
(Length: 4)  96  98  131  144 
(Length: 3)  96  132  149 
(Length: 4)  96  112  118  141 
(Length: 3)  96  101  108 
(Length: 4)  96  118  125  141 
(Length: 4)  96  101  125  141 
(Length: 4)  96  118  131  144 
(Length: 3)  97  104  146 
(Length: 3)  97  123  146 
(Length: 3)  97  104  133 
(Length: 3)  97  132  133 
(Length: 3)  97  104  112 
(Length: 3)  97  109  123 
(Length: 3)  98  100  125 
(Length: 3)  98  110  122 
(Length: 4)  98  110  127  145 
(Length: 3)  99  113  147 
(Length: 4)  100  109  112  113 
(Length: 4)  100  109  113  119 
(Length: 4)  100  102  109  112 
(Length: 4)  100  109  112  137 
(Length: 3)  100  137  144 
(Length: 3)  100  102  125 
(Length: 4)  101  124  140  141 
(Length: 4)  101  124  125  141 
(Length: 3)  102  112  126 
(Length: 3)  103  112  138 
(Length: 4)  104  110  127  148 
(Length: 4)  104  112  137  148 
(Length: 4)  104  116  127  148 
(Length: 4)  104  110  129  148 
(Length: 3)  106  113  115 
(Length: 3)  106  113  147 
(Length: 4)  106  108  114  115 
(Length: 3)  106  114  139 
(Length: 5)  107  128  130  133  138 
(Length: 3)  107  128  141 
(Length: 4)  109  113  117  119 
(Length: 3)  109  110  117 
(Length: 5)  110  129  136  145  147 
(Length: 3)  112  126  148 
(Length: 3)  113  119  135 
(Length: 3)  114  129  147 
(Length: 3)  115  128  138 
(Length: 3)  117  120  130 
(Length: 3)  118  122  132 
(Length: 3)  119  128  135 
(Length: 3)  120  129  130 
(Length: 3)  120  121  129 
(Length: 3)  120  121  135 
(Length: 3)  120  130  133 
(Length: 3)  121  124  135 
(Length: 3)  121  124  141 
(Length: 4)  124  134  135  140 
(Length: 4)  128  132  133  138 
(Length: 4)  129  130  145  147 
...model cost: 1.77 seconds  47493 FFE
 (opt) 670.00000000 == 670.00000000 (sur)  OPTIMALITY TEST PASSED!
   BESTimpr 587.00000000 -> 656.00000000
*****11*111111***1****111**1*1*1*11*11*111**1******11*1***1**1****11***11*11111**1***1***11*1*1*1***111111111*1*111**11*1*1*11*11*11*1**11***1***1*1*1


1**1111*1*1111**111*1*1*1**1***1*111*1*1111**1****1111****11*111***11**11*1*11****1****111**1*1*1111111*111111***1***1**11*111**111****111***1*1*11*11

