Walsh model started...
 34  4  13  80  6  112  1  65  72  126  111  115  19  73  98  94  104  69  9  145  10  87  132  58  137  50  103  33  93  91  27  54  61  116  45 
 0  65  131  58  5  6  147  117  32  146  59  104  67  99  38  20  18  87  4  70  116  52 
 119  129  62  146  44  76  32  65  121  103  97  107  131  127  69  11  142  52  45  112  23  77  101 
 27  145  22  8  60  49  103  51  98  84  26  129  46  37  17  7  63  73  142  126  19  123  75  65  101  109  107  54  104  30  105 
 0  34  101  131  75  116  19  11  57  141  41  81  70  68  148  1  58  25  137  80 
 116  89  71  59  75  105  72  123  1  6  73  32  110  24  134  23  36  48  33  27  93  96  104  80  7 
 112  0  90  53  10  103  146  126  5  1  43  50  116  130  25  108  105  120  119  122  29 
 133  24  13  51  137  128  99  39  3  17  45  32  78  118  136  72  64  16  76  117  130  148  15  105  74  114  80  5 
 123  38  67  50  93  119  79  129  74  17  22  3  149  94  87  90  82  49  96  14  148  88  34  135  117  133  24 
 13  19  22  114  85  128  34  87  145  0  37  89  23  108  27  52  26  75  119  80  135 
 103  6  42  28  86  33  87  0  91  85  115  53  104  46  11  109  95  83  102  62 
 140  19  92  90  41  63  53  15  145  64  67  57  30  87  4  81  105  46  52  69  2  144  101  109  10  61  37  104  135  43  96 
 148  132  89  120  143  22  30  60  127  53  50  110  103  40  118  67  78  76  142  28 
 141  139  80  0  92  38  88  73  19  9  7  51  147  21  115  128  136  37  104  86  58  117  62  46  109  118  78 
 97  27  50  140  120  137  96  142  52  92  8  43  58  59  130  133  90  109  44  57  28  30  141  21  98  91  69  18  80  111  134  113 
 66  63  32  36  11  53  148  103  121  82  105  99  61  123  115  71  64  137  147  67  125  136  92  65  102  7 
 84  89  65  40  125  33  21  91  146  107  139  72  36  38  44  7  76  145  53  73  117 
 74  8  48  46  26  117  50  47  3  7  58  69  142  87  123  126  124  147 
 38  43  34  72  37  44  137  55  52  30  48  47  63  122  133  100  104  81  42  1  87  14  69  56  95  84  35  62  21 
 11  140  145  78  13  9  0  73  75  20  135  84  4  125  134  95  53  43  116  79  89  126  3  46  51  115  141  26  120  61  62  105 
 120  101  93  58  75  19  48  43  38  1  135  124  55  30 
 145  42  39  125  81  55  139  104  54  56  117  67  45  78  13  147  130  46  66  16  91  90  52  141  14  51  49  47  59  32  106  40  18 
 79  121  141  98  43  85  110  49  101  27  29  96  114  9  147  67  3  8  143  12  65  122  144  134  58  72  81  61  37  86  142  33  53  135  139  24  71  145  55  30  42  70  92  123  44 
 114  69  120  85  67  136  43  84  104  72  135  28  62  111  39  41  100  126  134  5  52  141  9  108  142  2  75  124  24  128  125  140 
 133  7  132  31  99  119  109  28  144  135  86  81  87  72  90  149  96  29  110  5  71  22  101  41  23  128  8 
 27  39  101  102  140  142  54  145  62  100  119  60  115  149  86  137  110  122  61  6  130  146  58  4 
 46  94  101  36  64  136  52  141  81  129  17  117  3  44  63  128  98  108  144  9  75  48  29  19  73 
 39  25  14  97  140  22  101  3  145  122  115  62  56  69  32  71  100  91  0  33  5  9  52 
 24  144  42  10  130  77  147  95  32  127  62  23  66  14  30  91  80  136  124  83  142  12 
 91  128  58  93  139  69  22  96  125  115  133  37  42  122  24  61  54  94  62  118  88  112  26  48  6  110  114 
 133  83  46  43  11  87  143  113  100  140  85  88  60  12  105  57  52  18  28  14  64  42  54  55  22  20  3  84  35  69  121  138 
 97  138  88  144  60  56  132  24  47  38  110  95  63  42 
 36  15  93  131  106  148  71  27  28  127  84  1  146  98  35  78  7  2  65  73  5  56  109  102  129  51  90  33  62  117  21  142  147 
 107  35  16  125  101  140  10  86  100  119  0  93  124  85  128  39  142  22  5  27  114  130  80  62  145  32  118  61 
 0  4  18  72  9  87  81  79  61  145  50  8  41  57 
 107  33  38  46  68  110  98  32  51  72  47  146  115  65  30  84  95  102  76  60  62  18 
 101  26  32  15  59  125  43  128  135  111  70  115  16  38  5  48  68  96 
 110  112  126  97  18  44  133  45  29  136  13  3  46  96  87  22  86  63  89  9  116  108  104  11  67 
 18  43  124  120  123  8  92  13  47  31  89  60  35  46  16  36  101  44  20  1 
 27  25  21  125  145  7  99  23  111  78  104  128  33  109  103  70  129  105  79  63  143  45  43 
 44  136  65  16  116  149  84  52  146  70  12  103  112  46  21  106  41  74  45 
 11  63  124  84  78  54  144  140  94  130  23  100  34  4  56  121  57  81  104  101  24  135  149  141  75  129  116  40 
 145  21  117  76  55  59  28  10  62  100  29  122  89  139  127  82  149  108  47  90  54  46  63  31  81  18  48  53  70  64  30  86  102  67  22 
 18  38  22  85  36  128  79  137  127  67  46  30  124  84  23  50  6  58  14  103  19  116  144  51  119  143  117  105  53  93  20  70  123  11  96  113  45  39 
 88  46  148  76  2  40  136  18  37  71  53  59  121  26  101  14  57  112  139  132  38  16  115  78  67  144  85  123  22 
 73  129  123  140  148  82  78  21  133  37  131  145  71  62  7  137  112  2  0  111  146  142  47  60  74  40  39  43 
 26  94  88  44  52  143  124  62  43  30  48  17  35  38  3  37  130  21  132  102  126  11  53  54  42  109  71  131  19  51  104  10  135  113  61  69  72  59  127  60  112  40  119  137  67  100  89  13 
 66  64  31  38  50  17  42  90  18  48  35  146  56  21  59  67  63  45  60 
 46  17  82  136  84  123  117  53  18  47  20  75  5  36  58  143  42  109  97  26  29 
 110  55  22  60  3  137  147  106  95  82  8  56  21  83  146  124  126 
 8  67  14  140  138  79  71  115  47  17  43  6  103  0  137  34  12  110  120  78  86  73  104  77 
 102  55  70  13  7  148  92  103  3  130  89  104  35  72  144  43  21  46  19  32  90 
 141  26  143  46  14  92  84  40  18  30  11  21  90  122  23  2  142  27  9  116  1 
 11  15  90  6  71  44  103  60  140  115  95  19  46  83  130  127  12  117  48  116  65  10  22  43  132  16  145  70  42  133  106  131  120 
 142  25  21  56  41  78  61  29  58  99  73  132  42  46  133  79  0  83  30  104  3  107  131 
 87  88  89  128  110  49  51  102  21  81  70  42  59  133  105  104  135  69  99  137  18  114  139  125  97  96  22  30  20 
 60  31  69  144  54  21  27  72  76  114  66  119  81  138  95  109  32  49  100  41  121  18  47 
 93  149  67  11  69  105  30  4  141  127  91  14  44  74  72  114  34  41  81  138  65  78  102  131  113  61 
 20  93  29  126  114  1  131  72  22  43  14  54  99  132  0  17  69  48  143  70  75  13  86  25  4 
 36  125  71  5  109  110  55  42  134  63  124  99  44  121  14  130  104  1  46  72  64  83  21  47  117  95 
 31  56  103  53  49  3  114  143  89  38  142  110  30  12  78  127  113  75  25  115  46  74  62  35  76  47  45 
 69  73  15  123  145  34  54  29  22  81  83  98  85  94  46  102  76  122  25  0  11  118  33  19  120  86  92  57 
 146  2  46  124  136  81  25  27  42  100  71  45  126  95  115  28  23  99  148  139  94  29  80  33  74  60  13  117  32  141  69  19  105  35  18  10  102 
 66  15  41  11  139  117  134  59  26  3  138  79  37  18  42  31  102  144  96  67  47  39  143 
 137  112  26  136  77  78  66  47  145  11  65  67  15  128  111  72  7  142  138  42  30  83  59  102  94 
 40  16  0  1  126  85  64  67  22  122  2  32  92  97  116  53  89  3  101  57  78  35  115  15  102 
 15  63  64  47  87  105  21  56  77  28 
 8  50  43  127  11  57  147  22  117  21  23  136  64  65  15  89  120  118  90  1  99  132  78  37  44  68  75  47  63  46  42  12 
 110  35  148  4  67  75  96  36 
 73  61  114  23  134  83  56  144  139  29  57  105  27  55  99  147  104  0  17  58  100  120  2  11  46  14  18  30  140  125  89  141  62 
 103  113  51  55  117  74  36  115  118  111  121  110  146  40  81  4  80  75  58  53  42  43  123  1  129  39  85  142  22  92 
 59  5  53  44  144  91  50  115  15  45  62  32  27  90  107  131  46  89  84  24  22 
 34  18  0  126  123  5  24  90  56  76  58  22  114  23  135  51  35  16  139  102  98  57  7  64  46  59  113  134  130 
 69  61  45  129  13  88  0  19  5  32  3  142  54  132  121  146  86  50  26  117  16  140  95 
 17  8  117  70  114  145  75  91  57  105  115  60  62  7  40  45 
 4  116  5  105  20  19  113  60  74  91  3  123  48  87  122  110  93  70  58  136  23  26  9  67  68  124  85  41  129  137  144  135 
 44  2  117  42  113  124  72  56  104  131  16  7  102  61  91  103  35  60  12 
 64  78  130  28  66  114  89  127  132  94  145  104  2  101  50 
 145  19  64  77  79  129  45  21  41  54  127  60  32  7  148  137  144  39  104  67  132  50  120  115  44  57  65  108  89  12  118  13 
 22  121  43  137  8  129  50  138  122  141  78  124  81  34  19  89  63  133  54  105  39 
 13  0  70  81  91  28  33  62  9  119  14  111  135  123  7  5  4  137 
 26  129  21  55  138  125  136  62  24  87  34  79  104  124  22  61  119  56  11  105  115  89  4  70  80  96  18  42  57  41 
 121  15  45  148  48  136  116  112  49  8  127  42  104  103  108  107 
 69  134  133  30  130  53  114  84  98  61  64  59  112  122  104  106  54  49  146  28  95  10 
 16  89  111  104  124  41  114  122  3  98  43  23  135  19  52  40  32  127  48  123  83  126  71  18  95  30  35 
 22  43  23  120  65  126  9  128  30  88  91  10  124  33  94  61  70  142  75  44  144 
 135  24  10  33  37  22  149  25  50  73  42  102  108  99  13  58  117  137  61  92 
 55  88  30  11  66  105  81  24  9  34  96  37  8  90  10  0  122  75  142  17  1  18  135  130  136  137  97  124 
 87  55  46  44  144  31  148  13  73  30  85  8  132  89  101  117  29  112  126 
 16  84  55  128  116  5  12  120  38  60  125  133  42  139  130  51  79  19  132  88  81  115  114  77  67  37  9  65  71  108  78  69  46  100 
 11  92  108  95  6  53  72  24  8  87  47  42  71  107  21  52  14  109  67  118  32  51  113 
 29  128  115  107  144  71  57  127  16  21  10  85  134  98  74  75  0  27  28  80  14  76  103  113 
 11  90  13  38  148  51  14  52  133  65  97  105  15  70  22  61  86 
 131  32  20  58  29  8  119  149  57  33  0  43  75  110  116  125  135  96  5  148  103 
 26  46  98  0  149  8  130  41  132  77  29  62  85  61  109  111  102  64 
 108  90  147  28  106  49  119  148  115  62  19  53  56  138  31  110  18  84  35  102  59  117  83  10  73  140 
 22  29  142  14  24  149  37  87  8  110  121  55  81  117  63  11  43  93  5  104  68  36 
 31  138  126  37  14  27  92  65  55  125  107  2  105  114  109  48  87  124 
 135  99  141  22  3  84  111  138  94  0  35  32  26  128  72  102  83  61  134  91  146  139  14 
 98  135  24  119  124  59  7  39  69  55  105  15  58  54  132  108  107  116  62  148  67  1  86  146  100 
 115  112  30  140  42  62  119  25  33  41  23  120  69  27  56  104  18  146  46  89  99 
 26  36  131  4  120  20  102  25  22  27  142  33  140  44  38  65  3  11  144  117  88  41  24  77  2  126 
 140  118  51  55  101  25  115  135  132  46  72  98  126  123  32  129  76  61  63  144  86  42  57  131  95  35  65  15  148  107  64  94  10  62 
 113  70  110  129  15  148  10  6  53  60  51  3  124  115  149  43  50  121  2  126  0  12  40  109  39  104  82  91  76  93 
 84  111  21  139  55  135  0  69  76  131  81  124  114  23  51  13  59  1  39  78  100  18  77  145  10  46  82  103  41  106  83  50  37  11  54  3  96  5 
 5  75  55  133  57  69  87  66  99  15  30  81  11  114  97  92  117  43  74  3  39  79  7  108  6  19  62 
 113  144  49  95  32  148  133  53  104  83  21  40 
 35  33  132  119  115  91  90  71  16  146  97  2  116  99  3  109  131  54  148  102  82  108 
 90  95  149  42  132  99  9  23  26  144  37  116  86  78  89  6  105  82  107 
 24  132  110  59  14  90  56  32  143  46  39  103  3  107  11  10  126  48  97  94  111  13 
 112  37  129  103  49  55  22  109  59  60  142  68  35  124  70  121  31  95  147  139  12  50  24  5  137  25  96  75  93  120  128  114  29 
 84  104  0  115  135  36  98  138  70  118  23  39  64  128  45  80  14  109  94 
 110  37  137  64  6  0  129  147  115  100  116  82  139  44  45  2  83  122  88  29  46  40 
 144  106  103  70  76  124  143  30  75  60  135  46  90  72  128  43  134  14  91  57  136  138 
 69  23  58  126  22  9  143  60  122  84  55  139  147  72  56  104  74  145  83  89  77  105  97  57  115  33  130  125  121  7  110  29 
 91  107  111  0  102  135  122  27  125  29  100  112  53  140  71  50  15  13  128  103  149  36  70  95  62  60  25  81  89  10  139  74  114  78  44  19  141  35  65 
 89  5  75  4  149  40  112  82  19  43  65  53  107  99  37  108  93  125  6  0  52  1  41 
 63  139  76  42  21  67  26  17  1  147  70  74  53  48  105  43  101  88  96  130  7  13  62  73  16  86  137  59  95  8  133  32 
 140  102  70  111  67  90  143  12  7  136  133  29  61  33  78  13 
 129  2  132  107  24  99  93  8  100  25  95  148  33  81  56  43  143  135  46  137  9  80  120  6 
 124  38  101  20  89  12  23  85  142  14  137  67  100  69  50  78  110  128  19  61  119  6  131  53 
 22  79  15  82  59  44  2  103  70  110  96  56  41  73  146  125  114  30  138 
 27  115  141  79  114  84  65  22  42  29  52  87  75  18  133  61  25  112  83  6 
 38  8  45  140  72  5  15  61  48  84  126  102  3  75  17  43  70  135  80  22  44 
 38  120  46  62  113  76  41  84  79  43  59  99  103  110  81  104  33  85  135  20  23  28  17  147  75  49  126  97  87 
 36  59  21  39  138  81  127  128  16  33  29  115  133  89  19  134  15  136  55  97  116  93  121  114  69  140  23 
 97  37  58  114  146  6  0  72  65  85  46  62  103  23  84  123  102  19  3  17  109  101  88  49  124 
 43  67  125  128  28  32  57  91  82  42  84  78  60  146  149  12  53  77  132  2  131  46 
 91  29  89  55  36  43  125  127  7  137  9  85  115  13  26  98  64  111  39  33  23  24  120  110  113 
 119  2  110  103  73  45  26  81  112  147  79  8  78  3  32  102  134  148  70  39  75  41 
 77  28  21  46  94  41  89  51  59  14  83  53  135  87  33  114  117  7  6  25  134  72 
 101  4  93  32  1  58  45  145  104  76  2  127  71  46  57  102  107  54  53  120 
 107  119  148  12  24  31  109  46  102  88  89  58  0  99  108  77  127  94  73  54  53  44  67  78 
 24  7  83  30  55  105  37  45  125  89  29  14  92  122  18  79  54  53  106  118  8  117 
 69  83  59  63  144  22  19  125  98  91  23  5  148  129  130  72  14  113 
 98  99  86  24  102  115  55  104  111  36  19  84  23  72  8  22  130  87  113  46  147  141  119  93  20  124  11  41  123  80  9  75 
 64  26  44  40  81  62  67  23  82  48  13  37  125  15  118  7  28  147  137  87  75  113  138 
 64  112  43  79  7  128  120  14  147  49  55  18  15  45  78  144  0  50  110  25  136  87  119  46  117  86  148  75  4  80 
 31  97  81  125  50  79  98  111  56  95  63  57  64  142  121  30  136  113 
 13  141  63  117  21  104  29  69  55  114  89  42  16  72  110  147  112  44  146  98  115  62  22  143 
 11  19  118  102  45  123  27  25  50  14  53  115  101  33  144  41  100  30  69  125  23  73  95 
 13  139  52  26  22  98  122  79  4  57  14  21  23  19  115  147  135  149  41  69  62 
 25  54  101  120  60  110  96  14  3  73  22  33  17  87  2  52  23  64  138  70  85  146  45  147  32  12  28 
 52  46  113  30  114  60  12  22  144  146  119  43  58  48  109  118  139  63  39 
 113  106  88  31  69  56  24  28  71  91  140  41  134  22  143  146  78  137  43  51  26  108  11  101  102  63  44  85  75 
 21  42  19  78  11  64  3  27  25  39  45  131  74  114  61  34  9  0  77  104  16  53  33  22 
 62  2  6  126  32  1  127  149  144  143  16  107  70  40  139  98  47  35  73  121  100  25  83  49  142  45  99 
 129  112  22  67  137  49  13  21  1  117  28  95  69  114  15  110  139  136  141  135  17  124  142  32 
 88  44  12  132  15  103  92  51  45  82  32  106  95  119  8  78  99  62  134  129  68  4  7  137  102  107  93 
 93  57  116  40  24  96  94  8  115  103  108  42  146  127  25  86  141  41 
-->CDecomWalshPart::vInitTrueLinkage-->GLBs: 1744
(Length: 4)  0  1  4  58 
(Length: 4)  0  19  61  145 
(Length: 4)  0  1  6  116 
(Length: 4)  0  9  13  19 
(Length: 3)  0  72  98 
(Length: 3)  0  34  50 
(Length: 4)  0  4  19  116 
(Length: 4)  0  61  69  73 
(Length: 3)  0  27  69 
(Length: 3)  0  10  33 
(Length: 3)  0  4  34 
(Length: 3)  0  45  73 
(Length: 4)  0  54  58  132 
(Length: 4)  0  1  65  116 
(Length: 3)  0  80  91 
(Length: 3)  0  58  69 
(Length: 4)  0  54  61  73 
(Length: 4)  0  58  72  126 
(Length: 4)  0  4  80  137 
(Length: 3)  0  1  87 
(Length: 3)  0  58  93 
(Length: 4)  0  61  94  98 
(Length: 3)  0  34  72 
(Length: 3)  0  1  104 
(Length: 4)  0  1  4  116 
(Length: 3)  0  104  145 
(Length: 3)  0  104  111 
(Length: 3)  0  45  111 
(Length: 4)  0  9  34  145 
(Length: 4)  0  27  91  115 
(Length: 4)  0  45  112  137 
(Length: 4)  0  54  73  132 
(Length: 3)  0  45  145 
(Length: 3)  0  94  132 
(Length: 3)  0  65  115 
(Length: 4)  0  94  98  111 
(Length: 3)  0  54  104 
(Length: 3)  0  93  116 
(Length: 3)  0  93  103 
(Length: 3)  0  65  126 
(Length: 3)  0  87  137 
(Length: 4)  0  6  103  126 
(Length: 4)  0  6  10  103 
(Length: 4)  0  6  50  103 
(Length: 4)  0  6  112  116 
(Length: 3)  0  50  73 
(Length: 4)  0  50  103  104 
(Length: 3)  0  80  111 
(Length: 3)  0  111  115 
(Length: 4)  0  34  61  145 
(Length: 4)  0  9  27  145 
(Length: 4)  0  9  34  87 
(Length: 3)  0  69  104 
(Length: 4)  0  50  103  115 
(Length: 3)  0  112  115 
(Length: 3)  0  13  58 
(Length: 4)  0  19  61  73 
(Length: 4)  0  13  19  73 
(Length: 3)  0  50  137 
(Length: 4)  0  9  13  80 
(Length: 4)  0  27  33  145 
(Length: 3)  0  13  104 
(Length: 4)  0  13  19  115 
(Length: 3)  0  19  126 
(Length: 4)  0  33  61  145 
(Length: 3)  0  91  98 
(Length: 4)  0  9  19  145 
(Length: 3)  0  33  80 
(Length: 3)  0  10  87 
(Length: 5)  0  10  91  103  115 
(Length: 3)  0  33  93 
(Length: 4)  0  10  103  104 
(Length: 4)  1  5  6  116 
(Length: 3)  1  70  146 
(Length: 3)  1  18  38 
(Length: 3)  1  20  38 
(Length: 4)  1  4  58  70 
(Length: 3)  1  58  99 
(Length: 4)  1  4  58  131 
(Length: 3)  1  20  58 
(Length: 4)  1  32  117  147 
(Length: 3)  1  52  116 
(Length: 4)  1  67  117  147 
(Length: 3)  1  32  146 
(Length: 3)  1  99  116 
(Length: 3)  1  67  99 
(Length: 3)  1  5  32 
(Length: 3)  1  59  99 
(Length: 3)  1  32  131 
(Length: 4)  1  5  59  104 
(Length: 3)  1  99  146 
(Length: 3)  1  32  65 
(Length: 3)  1  65  67 
(Length: 3)  1  6  146 
(Length: 3)  1  70  117 
(Length: 3)  1  18  52 
(Length: 3)  1  18  87 
(Length: 3)  1  18  104 
(Length: 3)  1  59  117 
(Length: 3)  1  104  131 
(Length: 4)  2  23  62  69 
(Length: 3)  2  11  52 
(Length: 3)  2  76  103 
(Length: 3)  2  44  76 
(Length: 3)  2  44  112 
(Length: 3)  2  44  121 
(Length: 4)  2  32  127  146 
(Length: 3)  2  32  65 
(Length: 4)  2  32  62  146 
(Length: 3)  2  107  131 
(Length: 3)  2  119  129 
(Length: 4)  2  45  62  146 
(Length: 3)  2  101  142 
(Length: 3)  2  103  121 
(Length: 3)  2  103  129 
(Length: 3)  2  76  131 
(Length: 4)  2  45  142  146 
(Length: 3)  2  44  101 
(Length: 3)  2  97  107 
(Length: 3)  2  65  97 
(Length: 3)  2  65  101 
(Length: 3)  2  32  129 
(Length: 4)  2  32  142  146 
(Length: 4)  2  32  127  131 
(Length: 3)  2  121  146 
(Length: 4)  2  45  112  129 
(Length: 3)  2  45  131 
(Length: 3)  2  77  127 
(Length: 3)  2  107  146 
(Length: 3)  2  107  119 
(Length: 3)  2  101  131 
(Length: 3)  2  11  101 
(Length: 3)  2  11  69 
(Length: 3)  2  77  101 
(Length: 4)  2  23  52  142 
(Length: 4)  3  37  46  126 
(Length: 3)  3  17  142 
(Length: 4)  3  17  123  126 
(Length: 4)  3  84  123  126 
(Length: 3)  3  84  104 
(Length: 3)  3  26  98 
(Length: 3)  3  84  98 
(Length: 4)  3  26  73  129 
(Length: 3)  3  8  129 
(Length: 3)  3  75  123 
(Length: 3)  3  60  75 
(Length: 3)  3  60  142 
(Length: 4)  3  30  46  54 
(Length: 3)  3  7  105 
(Length: 3)  3  22  37 
(Length: 4)  3  19  46  126 
(Length: 3)  3  7  51 
(Length: 4)  3  54  73  142 
(Length: 4)  3  8  22  123 
(Length: 3)  3  49  126 
(Length: 4)  3  19  26  75 
(Length: 3)  3  60  103 
(Length: 4)  3  103  109  126 
(Length: 3)  3  103  129 
(Length: 3)  3  104  145 
(Length: 3)  3  54  107 
(Length: 3)  3  30  105 
(Length: 4)  3  19  26  73 
(Length: 4)  3  19  46  51 
(Length: 3)  3  30  84 
(Length: 4)  3  65  101  126 
(Length: 4)  3  30  46  60 
(Length: 3)  3  7  17 
(Length: 3)  3  22  30 
(Length: 4)  3  8  22  49 
(Length: 4)  3  22  65  101 
(Length: 3)  3  37  63 
(Length: 4)  3  46  51  104 
(Length: 4)  3  17  46  126 
(Length: 4)  3  22  27  101 
(Length: 4)  3  37  46  104 
(Length: 3)  3  22  98 
(Length: 4)  3  46  54  104 
(Length: 4)  3  26  75  129 
(Length: 3)  3  49  60 
(Length: 4)  3  22  27  145 
(Length: 4)  3  51  103  104 
(Length: 4)  3  8  17  123 
(Length: 3)  3  26  101 
(Length: 4)  3  22  101  142 
(Length: 3)  3  19  145 
(Length: 4)  3  19  84  126 
(Length: 4)  3  17  26  46 
(Length: 3)  3  107  109 
(Length: 4)  3  19  75  105 
(Length: 3)  3  26  63 
(Length: 4)  3  19  26  46 
(Length: 4)  3  46  109  126 
(Length: 4)  4  58  70  75 
(Length: 4)  4  70  80  81 
(Length: 4)  4  41  75  116 
(Length: 3)  4  137  148 
(Length: 3)  4  57  131 
(Length: 3)  4  101  131 
(Length: 4)  4  41  57  141 
(Length: 4)  4  11  41  101 
(Length: 3)  4  11  19 
(Length: 3)  4  25  58 
(Length: 3)  4  68  75 
(Length: 5)  4  11  41  57  81 
(Length: 4)  4  19  75  116 
(Length: 3)  4  19  141 
(Length: 3)  4  25  101 
(Length: 3)  4  25  137 
(Length: 5)  4  34  41  57  81 
(Length: 3)  4  75  137 
(Length: 3)  4  68  148 
(Length: 4)  5  32  33  93 
(Length: 3)  5  23  104 
(Length: 4)  5  75  93  116 
(Length: 4)  5  59  72  134 
(Length: 3)  5  23  75 
(Length: 3)  5  33  80 
(Length: 3)  5  32  73 
(Length: 3)  5  7  80 
(Length: 3)  5  36  59 
(Length: 4)  5  23  24  72 
(Length: 3)  5  7  105 
(Length: 4)  5  24  96  110 
(Length: 4)  5  75  93  110 
(Length: 3)  5  72  123 
(Length: 3)  5  32  36 
(Length: 4)  5  27  32  71 
(Length: 3)  5  7  32 
(Length: 4)  5  27  32  33 
(Length: 3)  5  80  123 
(Length: 3)  5  6  105 
(Length: 4)  5  93  96  110 
(Length: 4)  5  23  72  134 
(Length: 3)  5  75  105 
(Length: 3)  5  36  48 
(Length: 3)  5  96  104 
(Length: 3)  5  71  89 
(Length: 4)  5  7  24  72 
(Length: 3)  5  89  116 
(Length: 3)  5  59  110 
(Length: 3)  5  59  71 
(Length: 3)  5  36  96 
(Length: 3)  5  24  71 
(Length: 4)  5  48  75  123 
(Length: 3)  6  108  116 
(Length: 4)  6  43  53  116 
(Length: 3)  6  43  105 
(Length: 4)  6  10  53  103 
(Length: 3)  6  126  146 
(Length: 3)  6  105  108 
(Length: 3)  6  53  130 
(Length: 3)  6  90  108 
(Length: 4)  6  43  53  103 
(Length: 3)  6  53  120 
(Length: 3)  6  25  146 
(Length: 4)  6  29  112  122 
(Length: 4)  6  43  50  103 
(Length: 3)  6  50  120 
(Length: 3)  6  25  122 
(Length: 3)  6  43  119 
(Length: 3)  6  25  119 
(Length: 3)  6  119  120 
(Length: 3)  6  53  90 
(Length: 3)  6  25  130 
(Length: 3)  7  24  133 
(Length: 3)  7  24  99 
(Length: 4)  7  13  118  136 
(Length: 3)  7  117  130 
(Length: 4)  7  74  105  114 
(Length: 4)  7  17  74  117 
(Length: 3)  7  13  117 
(Length: 3)  7  117  137 
(Length: 3)  7  13  128 
(Length: 4)  7  51  72  130 
(Length: 4)  7  105  117  133 
(Length: 5)  7  45  78  137  148 
(Length: 3)  7  45  133 
(Length: 3)  7  39  128 
(Length: 4)  7  39  99  105 
(Length: 3)  7  45  74 
(Length: 4)  7  64  78  137 
(Length: 4)  7  39  45  78 
(Length: 3)  7  80  137 
(Length: 4)  7  64  128  137 
(Length: 4)  7  74  105  117 
(Length: 3)  7  64  72 
(Length: 4)  7  16  72  76 
(Length: 3)  7  118  133 
(Length: 4)  7  15  32  148 
(Length: 4)  7  15  99  148 
(Length: 3)  7  32  117 
(Length: 4)  7  15  99  105 
(Length: 4)  7  32  78  148 
(Length: 5)  7  15  64  136  137 
(Length: 4)  7  16  76  117 
(Length: 4)  7  15  137  148 
(Length: 3)  7  13  51 
(Length: 4)  7  13  78  118 
(Length: 3)  7  13  80 
(Length: 4)  7  32  51  148 
(Length: 4)  7  72  114  130 
(Length: 3)  7  24  128 
(Length: 3)  8  14  96 
(Length: 3)  8  17  87 
(Length: 3)  8  14  133 
(Length: 4)  8  93  96  149 
(Length: 4)  8  119  129  148 
(Length: 4)  8  22  24  96 
(Length: 4)  8  24  87  96 
(Length: 4)  8  22  123  135 
(Length: 3)  8  94  149 
(Length: 3)  8  79  133 
(Length: 3)  8  79  129 
(Length: 3)  8  17  50 
(Length: 4)  8  34  50  79 
(Length: 3)  8  38  123 
(Length: 3)  8  24  133 
(Length: 3)  8  96  117 
(Length: 4)  8  24  119  135 
(Length: 3)  8  67  117 
(Length: 3)  8  49  82 
(Length: 4)  8  93  119  135 
(Length: 3)  8  87  88 
(Length: 4)  8  24  96  149 
(Length: 4)  8  24  87  135 
(Length: 4)  8  17  74  117 
(Length: 3)  8  22  67 
(Length: 3)  8  22  79 
(Length: 3)  8  117  133 
(Length: 4)  8  93  119  148 
(Length: 4)  8  22  24  135 
(Length: 3)  8  88  148 
(Length: 3)  8  88  117 
(Length: 3)  8  14  50 
(Length: 3)  8  82  148 
(Length: 4)  8  24  87  90 
(Length: 3)  8  50  67 
(Length: 3)  8  14  90 
(Length: 3)  8  67  90 
(Length: 3)  8  34  87 
(Length: 3)  9  23  108 
(Length: 4)  9  75  87  135 
(Length: 3)  9  26  108 
(Length: 3)  9  23  52 
(Length: 4)  9  23  75  135 
(Length: 4)  9  23  75  85 
(Length: 3)  9  19  89 
(Length: 4)  9  19  75  135 
(Length: 3)  9  22  37 
(Length: 3)  9  89  114 
(Length: 3)  9  27  52 
(Length: 3)  9  13  37 
(Length: 3)  9  22  85 
(Length: 4)  9  19  26  75 
(Length: 4)  9  22  27  145 
(Length: 4)  9  23  85  128 
(Length: 4)  9  22  114  145 
(Length: 4)  9  37  89  108 
(Length: 3)  9  89  128 
(Length: 3)  9  23  114 
(Length: 3)  9  37  87 
(Length: 4)  9  80  119  135 
(Length: 3)  9  13  128 
(Length: 3)  9  26  52 
(Length: 3)  9  26  128 
(Length: 3)  9  22  135 
(Length: 4)  10  42  46  53 
(Length: 4)  10  11  46  109 
(Length: 4)  10  11  46  104 
(Length: 3)  10  11  87 
(Length: 4)  10  53  83  95 
(Length: 4)  10  53  95  115 
(Length: 5)  10  42  46  62  102 
(Length: 4)  10  53  103  115 
(Length: 4)  10  11  46  53 
(Length: 3)  10  83  104 
(Length: 5)  10  62  95  102  115 
(Length: 4)  10  28  62  95 
(Length: 3)  10  28  91 
(Length: 4)  10  42  86  102 
(Length: 3)  10  33  86 
(Length: 3)  10  33  85 
(Length: 3)  10  103  109 
(Length: 4)  10  28  42  62 
(Length: 3)  10  33  62 
(Length: 3)  10  85  91 
(Length: 4)  10  28  83  95 
(Length: 3)  11  90  109 
(Length: 4)  11  15  64  67 
(Length: 3)  11  43  96 
(Length: 4)  11  30  43  105 
(Length: 3)  11  87  90 
(Length: 3)  11  43  144 
(Length: 4)  11  37  87  96 
(Length: 3)  11  67  90 
(Length: 3)  11  15  53 
(Length: 4)  11  30  43  46 
(Length: 4)  11  37  46  67 
(Length: 5)  11  19  43  46  53 
(Length: 4)  11  37  46  104 
(Length: 4)  11  57  61  69 
(Length: 4)  11  41  63  144 
(Length: 3)  11  57  67 
(Length: 4)  11  81  87  96 
(Length: 4)  11  41  81  104 
(Length: 4)  11  57  81  105 
(Length: 4)  11  19  46  61 
(Length: 4)  11  19  43  105 
(Length: 4)  11  19  46  135 
(Length: 4)  11  19  53  140 
(Length: 4)  11  19  53  145 
(Length: 3)  11  87  135 
(Length: 3)  11  64  145 
(Length: 3)  11  104  145 
(Length: 4)  11  19  61  145 
(Length: 4)  11  15  63  67 
(Length: 4)  11  37  63  96 
(Length: 4)  11  69  140  144 
(Length: 4)  11  41  104  135 
(Length: 5)  11  41  101  140  144 
(Length: 4)  11  81  87  105 
(Length: 4)  11  81  96  104 
(Length: 4)  11  57  61  81 
(Length: 4)  11  37  63  67 
(Length: 4)  11  37  96  104 
(Length: 4)  11  46  61  69 
(Length: 4)  11  30  69  140 
(Length: 4)  11  15  92  105 
(Length: 3)  11  53  90 
(Length: 4)  11  46  104  135 
(Length: 4)  11  46  69  104 
(Length: 4)  11  52  90  92 
(Length: 4)  11  15  61  92 
(Length: 4)  11  30  46  52 
(Length: 5)  11  30  57  69  105 
(Length: 3)  11  30  64 
(Length: 4)  11  43  46  67 
(Length: 4)  11  30  46  69 
(Length: 4)  11  30  87  105 
(Length: 3)  12  28  127 
(Length: 5)  12  67  78  89  132 
(Length: 5)  12  67  78  89  120 
(Length: 4)  12  110  120  142 
(Length: 3)  12  103  148 
(Length: 3)  12  118  143 
(Length: 4)  12  78  132  148 
(Length: 4)  12  22  30  143 
(Length: 4)  12  60  78  89 
(Length: 3)  12  53  120 
(Length: 4)  12  22  110  142 
(Length: 4)  12  53  127  132 
(Length: 4)  12  50  103  110 
(Length: 3)  12  40  103 
(Length: 3)  12  28  30 
(Length: 4)  12  53  60  127 
(Length: 3)  12  22  67 
(Length: 5)  12  67  78  127  132 
(Length: 4)  12  67  78  118 
(Length: 3)  12  28  142 
(Length: 4)  12  60  110  142 
(Length: 4)  12  60  78  127 
(Length: 4)  12  60  103  110 
(Length: 4)  12  30  60  143 
(Length: 5)  12  50  67  78  120 
(Length: 4)  12  50  110  120 
(Length: 3)  12  22  53 
(Length: 4)  12  60  76  103 
(Length: 4)  12  53  60  103 
(Length: 3)  13  58  86 
(Length: 5)  13  21  46  51  104 
(Length: 3)  13  38  46 
(Length: 4)  13  19  46  51 
(Length: 4)  13  19  78  115 
(Length: 3)  13  136  147 
(Length: 5)  13  21  139  141  147 
(Length: 5)  13  19  62  115  141 
(Length: 4)  13  73  86  117 
(Length: 4)  13  73  88  117 
(Length: 3)  13  46  109 
(Length: 4)  13  37  46  104 
(Length: 3)  13  62  80 
(Length: 5)  13  62  115  139  141 
(Length: 3)  13  51  92 
(Length: 3)  13  37  136 
(Length: 4)  13  21  104  139 
(Length: 3)  13  46  88 
(Length: 5)  13  21  117  139  147 
(Length: 4)  13  62  117  139 
(Length: 3)  13  37  86 
(Length: 3)  13  38  92 
(Length: 3)  13  115  128 
(Length: 4)  13  21  78  104 
(Length: 3)  13  86  92 
(Length: 3)  13  62  136 
(Length: 4)  13  19  46  62 
(Length: 4)  14  91  113  134 
(Length: 3)  14  80  137 
(Length: 4)  14  18  21  52 
(Length: 4)  14  50  120  137 
(Length: 3)  14  28  130 
(Length: 3)  14  28  142 
(Length: 3)  14  59  109 
(Length: 3)  14  80  111 
(Length: 4)  14  91  98  134 
(Length: 3)  14  28  30 
(Length: 3)  14  27  52 
(Length: 4)  14  57  69  141 
(Length: 4)  14  30  69  140 
(Length: 3)  14  69  134 
(Length: 3)  14  92  133 
(Length: 3)  14  69  120 
(Length: 4)  14  18  30  52 
(Length: 4)  14  30  57  113 
(Length: 4)  14  18  30  69 
(Length: 4)  14  18  30  133 
(Length: 4)  14  18  43  137 
(Length: 4)  14  57  91  113 
(Length: 3)  14  44  57 
(Length: 4)  14  30  57  69 
(Length: 3)  14  44  59 
(Length: 3)  14  97  109 
(Length: 3)  14  50  140 
(Length: 4)  14  59  130  134 
(Length: 4)  14  52  90  92 
(Length: 3)  14  43  58 
(Length: 3)  14  90  109 
(Length: 3)  14  90  113 
(Length: 4)  14  27  69  140 
(Length: 4)  14  30  43  113 
(Length: 3)  14  27  91 
(Length: 3)  14  27  97 
(Length: 3)  14  58  69 
(Length: 3)  14  98  111 
(Length: 3)  14  98  141 
(Length: 4)  14  43  50  137 
(Length: 3)  14  96  142 
(Length: 3)  14  120  142 
(Length: 3)  14  92  97 
(Length: 4)  14  18  30  43 
(Length: 3)  14  18  44 
(Length: 4)  14  21  59  130 
(Length: 4)  14  21  52  90 
(Length: 3)  14  21  91 
(Length: 4)  14  21  52  141 
(Length: 3)  14  52  142 
(Length: 4)  14  28  80  91 
(Length: 3)  14  43  96 
(Length: 3)  14  109  111 
(Length: 4)  15  67  136  147 
(Length: 4)  15  82  103  121 
(Length: 4)  15  32  102  148 
(Length: 3)  15  92  148 
(Length: 3)  15  125  136 
(Length: 3)  15  63  66 
(Length: 3)  15  82  136 
(Length: 4)  15  53  103  115 
(Length: 4)  15  32  65  102 
(Length: 3)  15  32  71 
(Length: 4)  15  61  102  123 
(Length: 4)  15  53  71  115 
(Length: 4)  15  65  102  115 
(Length: 4)  15  64  65  67 
(Length: 3)  15  32  147 
(Length: 4)  15  53  65  115 
(Length: 4)  15  136  137  147 
(Length: 3)  15  32  36 
(Length: 3)  15  121  125 
(Length: 4)  15  36  115  125 
(Length: 3)  15  66  105 
(Length: 3)  15  67  99 
(Length: 3)  15  64  66 
(Length: 3)  15  65  92 
(Length: 4)  15  64  65  102 
(Length: 4)  15  64  67  136 
(Length: 4)  15  82  103  148 
(Length: 3)  15  63  102 
(Length: 3)  16  33  145 
(Length: 3)  16  33  125 
(Length: 3)  16  36  38 
(Length: 3)  16  73  117 
(Length: 3)  16  38  44 
(Length: 3)  16  44  53 
(Length: 3)  16  44  139 
(Length: 3)  16  40  65 
(Length: 3)  16  38  89 
(Length: 3)  16  36  125 
(Length: 3)  16  73  146 
(Length: 3)  16  84  89 
(Length: 3)  16  33  107 
(Length: 3)  16  53  145 
(Length: 3)  16  89  125 
(Length: 4)  16  21  117  139 
(Length: 3)  16  21  145 
(Length: 3)  16  21  125 
(Length: 3)  16  21  91 
(Length: 3)  16  53  117 
(Length: 3)  16  40  44 
(Length: 3)  16  53  65 
(Length: 3)  16  40  84 
(Length: 3)  16  65  89 
(Length: 3)  16  40  146 
(Length: 3)  16  89  139 
(Length: 3)  16  21  40 
(Length: 3)  16  76  91 
(Length: 3)  16  139  146 
(Length: 3)  16  91  107 
(Length: 3)  16  44  76 
(Length: 3)  16  107  146 
(Length: 3)  16  72  139 
(Length: 3)  17  142  147 
(Length: 3)  17  58  126 
(Length: 3)  17  48  123 
(Length: 4)  17  26  48  117 
(Length: 4)  17  26  46  48 
(Length: 3)  17  47  48 
(Length: 4)  17  46  124  126 
(Length: 3)  17  117  147 
(Length: 3)  17  124  147 
(Length: 3)  17  87  142 
(Length: 3)  17  58  69 
(Length: 3)  17  87  124 
(Length: 3)  17  46  69 
(Length: 3)  17  48  58 
(Length: 3)  17  69  147 
(Length: 3)  17  47  50 
(Length: 4)  18  21  42  47 
(Length: 5)  18  21  55  81  104 
(Length: 4)  18  52  84  122 
(Length: 4)  18  34  81  87 
(Length: 4)  18  35  62  95 
(Length: 3)  18  35  72 
(Length: 4)  18  35  84  95 
(Length: 3)  18  84  104 
(Length: 3)  18  37  63 
(Length: 3)  18  37  87 
(Length: 3)  18  37  104 
(Length: 3)  18  37  133 
(Length: 3)  18  87  122 
(Length: 4)  18  55  87  137 
(Length: 4)  18  69  100  104 
(Length: 4)  18  30  69  100 
(Length: 4)  18  55  69  104 
(Length: 4)  18  30  55  133 
(Length: 5)  18  21  42  55  81 
(Length: 3)  18  122  133 
(Length: 3)  18  56  72 
(Length: 4)  18  30  55  69 
(Length: 4)  18  62  69  100 
(Length: 4)  18  30  42  100 
(Length: 3)  18  34  72 
(Length: 4)  18  30  35  84 
(Length: 3)  18  37  44 
(Length: 3)  18  38  43 
(Length: 3)  18  38  44 
(Length: 4)  18  35  38  47 
(Length: 4)  18  42  47  48 
(Length: 4)  18  21  47  56 
(Length: 4)  18  42  47  63 
(Length: 3)  18  42  122 
(Length: 4)  18  42  62  100 
(Length: 4)  18  42  62  81 
(Length: 4)  18  56  69  100 
(Length: 4)  18  30  43  84 
(Length: 3)  18  56  95 
(Length: 4)  18  21  56  81 
(Length: 4)  18  30  52  84 
(Length: 4)  18  30  55  87 
(Length: 4)  18  55  81  87 
(Length: 3)  18  48  84 
(Length: 4)  18  30  42  55 
(Length: 3)  19  20  43 
(Length: 4)  19  62  95  115 
(Length: 4)  19  46  51  89 
(Length: 4)  19  43  53  116 
(Length: 4)  19  78  89  115 
(Length: 4)  19  115  135  141 
(Length: 4)  19  46  62  126 
(Length: 3)  19  62  105 
(Length: 3)  19  84  95 
(Length: 4)  19  78  89  120 
(Length: 4)  19  73  95  140 
(Length: 4)  19  78  79  89 
(Length: 4)  19  43  46  51 
(Length: 3)  19  20  120 
(Length: 3)  19  53  120 
(Length: 3)  19  61  120 
(Length: 4)  19  89  115  125 
(Length: 3)  19  26  141 
(Length: 3)  19  79  141 
(Length: 3)  19  84  135 
(Length: 4)  19  115  125  140 
(Length: 5)  19  53  95  115  140 
(Length: 4)  19  20  75  135 
(Length: 3)  19  84  89 
(Length: 4)  19  43  79  105 
(Length: 3)  19  43  84 
(Length: 3)  19  78  145 
(Length: 4)  19  89  116  125 
(Length: 3)  19  125  134 
(Length: 4)  20  38  120  124 
(Length: 3)  20  55  135 
(Length: 4)  20  75  124  135 
(Length: 4)  20  38  101  120 
(Length: 4)  20  48  58  75 
(Length: 4)  20  38  43  124 
(Length: 4)  20  58  75  93 
(Length: 3)  20  30  43 
(Length: 4)  20  75  93  135 
(Length: 4)  20  43  58  93 
(Length: 3)  20  30  55 
(Length: 3)  21  32  56 
(Length: 4)  21  47  56  66 
(Length: 3)  21  32  78 
(Length: 3)  21  32  106 
(Length: 3)  21  67  78 
(Length: 4)  21  55  81  125 
(Length: 3)  21  104  106 
(Length: 4)  21  42  67  117 
(Length: 4)  21  54  78  104 
(Length: 3)  21  49  56 
(Length: 4)  21  55  59  104 
(Length: 3)  21  40  45 
(Length: 3)  21  40  106 
(Length: 4)  21  51  55  104 
(Length: 4)  21  42  46  59 
(Length: 4)  21  40  46  52 
(Length: 4)  21  67  117  147 
(Length: 3)  21  49  147 
(Length: 4)  21  42  117  139 
(Length: 4)  21  32  117  147 
(Length: 3)  21  54  56 
(Length: 3)  21  49  55 
(Length: 4)  21  46  54  104 
(Length: 4)  21  55  104  139 
(Length: 3)  21  49  106 
(Length: 4)  21  55  59  125 
(Length: 4)  21  42  47  59 
(Length: 4)  21  42  55  139 
(Length: 4)  21  42  46  54 
(Length: 4)  21  42  55  59 
(Length: 4)  21  42  46  67 
(Length: 4)  21  46  59  104 
(Length: 5)  21  39  45  78  145 
(Length: 4)  21  42  59  117 
(Length: 4)  21  46  59  130 
(Length: 3)  21  42  145 
(Length: 4)  21  59  117  130 
(Length: 4)  21  46  51  130 
(Length: 5)  21  42  47  67  90 
(Length: 3)  21  45  47 
(Length: 5)  21  39  78  104  145 
(Length: 3)  21  39  125 
(Length: 4)  21  32  51  90 
(Length: 4)  22  55  96  110 
(Length: 4)  22  30  43  85 
(Length: 4)  22  44  71  144 
(Length: 3)  22  65  85 
(Length: 4)  22  29  61  122 
(Length: 4)  22  70  110  121 
(Length: 4)  22  70  110  142 
(Length: 3)  22  27  71 
(Length: 4)  22  72  123  135 
(Length: 4)  22  72  98  135 
(Length: 4)  22  72  98  139 
(Length: 4)  22  44  101  144 
(Length: 4)  22  55  81  96 
(Length: 4)  22  42  55  139 
(Length: 4)  22  98  139  141 
(Length: 4)  22  135  141  147 
(Length: 4)  22  24  86  135 
(Length: 3)  22  134  144 
(Length: 4)  22  43  85  144 
(Length: 3)  22  70  92 
(Length: 3)  22  27  122 
(Length: 3)  22  44  139 
(Length: 4)  22  42  53  70 
(Length: 3)  22  44  123 
(Length: 4)  22  96  110  121 
(Length: 4)  22  44  53  71 
(Length: 4)  22  49  110  147 
(Length: 4)  22  24  81  96 
(Length: 4)  22  110  142  147 
(Length: 4)  22  70  85  142 
(Length: 4)  22  114  139  143 
(Length: 3)  22  79  121 
(Length: 3)  22  67  147 
(Length: 3)  22  42  67 
(Length: 4)  22  37  44  67 
(Length: 4)  22  43  70  123 
(Length: 4)  22  139  141  147 
(Length: 4)  22  43  70  85 
(Length: 5)  22  29  110  114  139 
(Length: 3)  22  30  121 
(Length: 4)  22  58  72  114 
(Length: 4)  22  49  55  110 
(Length: 4)  22  27  33  101 
(Length: 4)  22  96  110  142 
(Length: 4)  22  98  135  141 
(Length: 4)  22  30  43  143 
(Length: 4)  22  24  72  135 
(Length: 3)  22  55  135 
(Length: 3)  22  42  86 
(Length: 3)  22  37  86 
(Length: 5)  22  42  55  70  81 
(Length: 4)  22  33  114  145 
(Length: 5)  22  29  37  96  110 
(Length: 4)  22  29  42  122 
(Length: 3)  22  65  122 
(Length: 3)  22  79  81 
(Length: 4)  22  79  122  141 
(Length: 3)  22  61  81 
(Length: 5)  22  24  29  96  110 
(Length: 4)  22  61  86  92 
(Length: 4)  22  29  42  139 
(Length: 3)  22  61  98 
(Length: 4)  22  29  114  122 
(Length: 4)  22  43  58  143 
(Length: 3)  22  61  123 
(Length: 4)  22  30  42  55 
(Length: 4)  22  27  33  145 
(Length: 4)  22  33  101  142 
(Length: 3)  22  43  67 
(Length: 4)  22  43  58  70 
(Length: 3)  22  43  79 
(Length: 4)  22  33  61  85 
(Length: 4)  22  29  58  114 
(Length: 3)  22  58  86 
(Length: 3)  22  43  96 
(Length: 4)  22  58  114  143 
(Length: 4)  22  43  143  144 
(Length: 3)  22  65  67 
(Length: 4)  22  44  85  144 
(Length: 3)  22  53  65 
(Length: 3)  22  65  92 
(Length: 4)  22  24  101  144 
(Length: 4)  22  33  61  86 
(Length: 4)  22  24  71  144 
(Length: 4)  22  43  53  70 
(Length: 4)  22  33  85  142 
(Length: 4)  22  33  61  145 
(Length: 4)  22  72  114  139 
(Length: 4)  22  72  98  134 
(Length: 4)  22  55  70  110 
(Length: 4)  22  110  114  121 
(Length: 5)  22  110  114  139  147 
(Length: 3)  22  44  121 
(Length: 5)  22  55  110  114  139 
(Length: 4)  22  42  53  145 
(Length: 4)  23  69  114  125 
(Length: 4)  23  69  125  140 
(Length: 4)  23  39  111  128 
(Length: 4)  23  41  100  140 
(Length: 4)  23  85  120  124 
(Length: 4)  23  85  120  142 
(Length: 3)  23  43  67 
(Length: 4)  23  84  104  114 
(Length: 3)  23  24  28 
(Length: 4)  23  39  43  128 
(Length: 4)  23  24  41  135 
(Length: 4)  23  72  114  126 
(Length: 3)  23  24  128 
(Length: 4)  23  24  72  135 
(Length: 3)  23  52  84 
(Length: 3)  23  52  141 
(Length: 4)  23  28  62  124 
(Length: 4)  23  67  75  136 
(Length: 4)  23  43  84  124 
(Length: 4)  23  43  85  124 
(Length: 3)  23  67  120 
(Length: 4)  23  62  69  100 
(Length: 4)  23  69  104  114 
(Length: 4)  23  69  125  134 
(Length: 4)  23  62  69  141 
(Length: 5)  23  41  75  124  135 
(Length: 4)  23  39  104  111 
(Length: 6)  23  41  84  104  124  135 
(Length: 5)  23  84  104  111  135 
(Length: 4)  23  84  114  126 
(Length: 3)  23  28  142 
(Length: 4)  23  39  125  128 
(Length: 4)  23  41  100  104 
(Length: 4)  23  41  135  141 
(Length: 4)  23  85  120  128 
(Length: 3)  23  125  136 
(Length: 4)  23  75  85  124 
(Length: 4)  23  62  124  126 
(Length: 4)  23  28  62  136 
(Length: 4)  23  84  124  126 
(Length: 4)  23  85  124  126 
(Length: 4)  23  43  85  128 
(Length: 4)  23  69  100  104 
(Length: 4)  23  69  100  120 
(Length: 4)  23  69  100  140 
(Length: 3)  24  86  149 
(Length: 3)  24  109  110 
(Length: 3)  24  29  133 
(Length: 3)  24  72  90 
(Length: 3)  24  31  144 
(Length: 3)  24  41  149 
(Length: 3)  24  31  110 
(Length: 3)  24  109  132 
(Length: 3)  24  28  144 
(Length: 4)  24  29  110  128 
(Length: 4)  24  99  119  132 
(Length: 3)  24  71  90 
(Length: 3)  24  90  109 
(Length: 3)  24  31  132 
(Length: 4)  24  99  119  135 
(Length: 4)  24  41  101  144 
(Length: 3)  24  41  81 
(Length: 4)  24  86  99  135 
(Length: 4)  24  81  87  96 
(Length: 3)  24  81  119 
(Length: 4)  25  102  115  140 
(Length: 4)  25  27  39  145 
(Length: 3)  25  54  58 
(Length: 4)  25  60  62  115 
(Length: 3)  25  58  86 
(Length: 4)  25  62  100  146 
(Length: 5)  25  27  100  115  140 
(Length: 3)  25  61  145 
(Length: 3)  25  110  137 
(Length: 4)  25  27  115  122 
(Length: 4)  25  27  101  140 
(Length: 3)  25  86  137 
(Length: 4)  25  62  102  115 
(Length: 3)  25  61  122 
(Length: 3)  25  142  146 
(Length: 3)  25  86  149 
(Length: 3)  25  146  149 
(Length: 3)  25  100  119 
(Length: 3)  25  54  142 
(Length: 4)  25  61  86  102 
(Length: 5)  25  27  62  100  115 
(Length: 3)  25  101  142 
(Length: 3)  25  115  149 
(Length: 3)  25  54  61 
(Length: 4)  25  101  102  140 
(Length: 3)  25  119  137 
(Length: 4)  25  60  110  142 
(Length: 3)  26  46  94 
(Length: 3)  26  36  101 
(Length: 3)  26  64  94 
(Length: 3)  26  94  98 
(Length: 3)  26  29  128 
(Length: 4)  26  44  101  144 
(Length: 3)  26  81  136 
(Length: 3)  26  108  144 
(Length: 3)  26  36  48 
(Length: 3)  26  36  128 
(Length: 3)  26  63  117 
(Length: 3)  26  73  117 
(Length: 3)  26  44  46 
(Length: 3)  26  46  52 
(Length: 3)  26  52  141 
(Length: 3)  26  98  141 
(Length: 3)  26  64  136 
(Length: 3)  26  63  144 
(Length: 4)  26  48  75  136 
(Length: 3)  26  44  136 
(Length: 3)  26  98  128 
(Length: 3)  26  64  128 
(Length: 3)  26  75  144 
(Length: 3)  26  29  94 
(Length: 3)  26  81  129 
(Length: 3)  26  101  117 
(Length: 3)  26  29  48 
(Length: 4)  27  33  39  145 
(Length: 4)  27  56  69  100 
(Length: 4)  27  32  62  71 
(Length: 4)  27  71  91  115 
(Length: 3)  27  52  122 
(Length: 4)  27  32  33  62 
(Length: 4)  27  33  101  140 
(Length: 4)  27  69  100  140 
(Length: 4)  27  33  62  100 
(Length: 4)  27  62  69  100 
(Length: 3)  27  32  56 
(Length: 4)  27  33  100  140 
(Length: 4)  27  62  71  115 
(Length: 3)  28  32  62 
(Length: 3)  28  136  147 
(Length: 3)  28  30  83 
(Length: 3)  28  32  127 
(Length: 3)  28  124  147 
(Length: 4)  28  32  142  147 
(Length: 3)  28  77  127 
(Length: 3)  28  83  130 
(Length: 3)  28  62  80 
(Length: 3)  28  42  127 
(Length: 3)  28  95  147 
(Length: 3)  28  91  127 
(Length: 3)  28  30  42 
(Length: 3)  28  77  130 
(Length: 3)  28  91  144 
(Length: 3)  28  66  77 
(Length: 3)  29  125  133 
(Length: 3)  29  118  133 
(Length: 3)  29  58  93 
(Length: 4)  29  62  115  139 
(Length: 4)  29  37  110  112 
(Length: 4)  29  115  125  128 
(Length: 3)  29  88  112 
(Length: 3)  29  37  133 
(Length: 4)  29  93  96  110 
(Length: 4)  29  69  114  139 
(Length: 3)  29  93  125 
(Length: 4)  29  110  112  139 
(Length: 4)  29  112  115  139 
(Length: 3)  29  62  94 
(Length: 4)  29  112  115  122 
(Length: 4)  29  69  114  125 
(Length: 4)  29  91  115  128 
(Length: 3)  29  122  133 
(Length: 3)  29  54  133 
(Length: 4)  29  42  62  139 
(Length: 3)  29  54  61 
(Length: 3)  29  54  58 
(Length: 3)  29  42  48 
(Length: 3)  29  48  58 
(Length: 3)  29  42  54 
(Length: 4)  29  62  69  139 
(Length: 4)  29  114  115  139 
(Length: 3)  29  61  118 
(Length: 3)  29  61  94 
(Length: 4)  29  114  115  125 
(Length: 3)  29  61  69 
(Length: 4)  29  58  69  114 
(Length: 4)  29  114  115  122 
(Length: 5)  30  46  60  113  143 
(Length: 4)  30  55  87  105 
(Length: 3)  30  42  64 
(Length: 4)  30  55  87  88 
(Length: 4)  30  42  46  100 
(Length: 3)  30  121  138 
(Length: 4)  30  69  100  140 
(Length: 4)  30  55  105  133 
(Length: 4)  30  46  69  100 
(Length: 4)  30  55  69  105 
(Length: 4)  30  42  46  54 
(Length: 4)  30  54  83  133 
(Length: 3)  30  64  138 
(Length: 3)  30  85  88 
(Length: 3)  30  83  84 
(Length: 5)  30  43  46  113  143 
(Length: 3)  30  64  83 
(Length: 4)  30  35  46  60 
(Length: 4)  30  46  52  143 
(Length: 3)  30  46  88 
(Length: 3)  30  69  83 
(Length: 4)  30  57  113  138 
(Length: 4)  31  47  56  60 
(Length: 3)  31  95  110 
(Length: 3)  31  56  144 
(Length: 4)  31  38  47  60 
(Length: 3)  31  97  138 
(Length: 3)  31  88  132 
(Length: 3)  31  88  144 
(Length: 3)  31  63  138 
(Length: 3)  31  60  110 
(Length: 3)  31  63  144 
(Length: 4)  31  56  95  138 
(Length: 4)  31  42  47  63 
(Length: 3)  32  56  109 
(Length: 4)  32  73  142  146 
(Length: 4)  32  35  62  146 
(Length: 4)  32  35  65  102 
(Length: 3)  32  71  90 
(Length: 3)  32  93  131 
(Length: 4)  32  102  129  148 
(Length: 3)  32  84  127 
(Length: 4)  32  78  129  148 
(Length: 3)  32  33  142 
(Length: 3)  32  65  78 
(Length: 4)  32  35  98  146 
(Length: 3)  32  62  117 
(Length: 3)  32  78  127 
(Length: 4)  32  62  102  148 
(Length: 3)  32  73  117 
(Length: 4)  32  35  51  102 
(Length: 3)  32  73  129 
(Length: 3)  32  106  148 
(Length: 4)  32  35  84  98 
(Length: 3)  32  129  147 
(Length: 4)  32  51  102  148 
(Length: 3)  32  90  109 
(Length: 4)  32  33  35  62 
(Length: 3)  32  93  148 
(Length: 3)  32  102  131 
(Length: 3)  32  71  84 
(Length: 3)  32  71  131 
(Length: 4)  32  35  62  102 
(Length: 4)  32  35  98  102 
(Length: 3)  33  118  140 
(Length: 3)  33  93  119 
(Length: 3)  33  114  130 
(Length: 3)  33  125  140 
(Length: 3)  33  93  125 
(Length: 4)  33  39  125  128 
(Length: 3)  33  35  107 
(Length: 3)  33  114  125 
(Length: 3)  33  107  119 
(Length: 3)  33  61  118 
(Length: 3)  33  62  80 
(Length: 3)  33  62  124 
(Length: 3)  33  100  119 
(Length: 3)  33  80  119 
(Length: 3)  33  85  124 
(Length: 3)  33  85  128 
(Length: 3)  34  57  72 
(Length: 4)  34  57  61  81 
(Length: 3)  34  79  81 
(Length: 3)  35  60  110 
(Length: 4)  35  38  47  60 
(Length: 3)  35  60  76 
(Length: 3)  35  95  110 
(Length: 5)  35  62  95  102  115 
(Length: 3)  35  68  110 
(Length: 4)  35  102  107  115 
(Length: 5)  35  46  51  72  102 
(Length: 4)  35  65  102  115 
(Length: 4)  35  46  62  102 
(Length: 4)  35  72  76  102 
(Length: 4)  35  38  46  60 
(Length: 4)  35  72  98  102 
(Length: 3)  35  47  146 
(Length: 4)  35  46  60  62 
(Length: 4)  35  60  62  115 
(Length: 3)  35  107  146 
(Length: 3)  36  43  128 
(Length: 4)  36  70  111  115 
(Length: 3)  36  43  96 
(Length: 3)  36  59  125 
(Length: 3)  36  68  96 
(Length: 3)  36  38  43 
(Length: 4)  36  111  115  128 
(Length: 4)  36  111  115  135 
(Length: 3)  36  43  70 
(Length: 4)  36  115  125  128 
(Length: 3)  36  38  101 
(Length: 3)  37  45  133 
(Length: 4)  37  46  67  89 
(Length: 4)  37  44  46  67 
(Length: 3)  37  87  97 
(Length: 4)  37  89  108  116 
(Length: 3)  37  97  126 
(Length: 4)  37  44  46  112 
(Length: 3)  37  87  136 
(Length: 3)  37  86  108 
(Length: 3)  37  89  133 
(Length: 4)  37  44  67  136 
(Length: 3)  37  45  112 
(Length: 3)  37  112  116 
(Length: 3)  38  43  123 
(Length: 3)  38  89  120 
(Length: 3)  38  44  101 
(Length: 3)  38  44  46 
(Length: 4)  38  46  60  89 
(Length: 3)  38  44  123 
(Length: 4)  38  43  46  124 
(Length: 3)  39  103  109 
(Length: 3)  39  43  45 
(Length: 3)  39  70  111 
(Length: 3)  39  109  111 
(Length: 4)  39  70  103  129 
(Length: 3)  39  63  79 
(Length: 3)  39  109  143 
(Length: 3)  39  63  143 
(Length: 3)  39  43  143 
(Length: 4)  39  43  79  105 
(Length: 4)  39  43  70  103 
(Length: 3)  39  103  104 
(Length: 4)  39  45  78  129 
(Length: 3)  39  45  111 
(Length: 4)  39  78  79  129 
(Length: 3)  40  52  116 
(Length: 4)  40  44  46  112 
(Length: 3)  40  44  136 
(Length: 3)  40  70  103 
(Length: 3)  40  146  149 
(Length: 3)  40  70  146 
(Length: 3)  40  65  116 
(Length: 3)  40  45  112 
(Length: 3)  40  45  146 
(Length: 3)  40  52  84 
(Length: 3)  40  41  84 
(Length: 3)  40  103  149 
(Length: 4)  40  41  116  149 
(Length: 3)  40  70  74 
(Length: 3)  40  45  74 
(Length: 3)  40  112  116 
(Length: 3)  41  57  78 
(Length: 3)  41  78  129 
(Length: 3)  41  81  129 
(Length: 3)  41  130  135 
(Length: 3)  41  75  129 
(Length: 3)  41  75  144 
(Length: 3)  41  94  149 
(Length: 4)  41  54  78  104 
(Length: 3)  41  78  144 
(Length: 3)  41  56  81 
(Length: 3)  41  56  144 
(Length: 4)  41  57  141  149 
(Length: 3)  41  56  121 
(Length: 3)  41  56  100 
(Length: 3)  41  94  130 
(Length: 3)  41  54  56 
(Length: 4)  41  81  104  124 
(Length: 3)  42  63  102 
(Length: 3)  42  64  102 
(Length: 3)  42  53  90 
(Length: 4)  42  46  48  53 
(Length: 3)  42  89  108 
(Length: 3)  42  86  117 
(Length: 4)  42  47  63  67 
(Length: 4)  42  55  89  139 
(Length: 4)  42  47  59  63 
(Length: 4)  42  47  59  64 
(Length: 4)  42  48  53  117 
(Length: 3)  42  82  127 
(Length: 4)  42  46  67  127 
(Length: 4)  42  47  64  67 
(Length: 3)  42  90  108 
(Length: 4)  42  55  81  89 
(Length: 3)  42  55  102 
(Length: 4)  42  46  89  100 
(Length: 4)  42  63  117  139 
(Length: 4)  42  46  53  127 
(Length: 3)  42  64  145 
(Length: 3)  42  127  149 
(Length: 4)  42  53  70  117 
(Length: 3)  42  82  108 
(Length: 4)  42  62  117  139 
(Length: 4)  42  86  108  149 
(Length: 4)  42  59  63  117 
(Length: 3)  42  48  82 
(Length: 4)  42  46  62  100 
(Length: 4)  42  63  67  117 
(Length: 4)  42  46  67  89 
(Length: 3)  42  76  117 
(Length: 3)  42  76  102 
(Length: 3)  43  84  127 
(Length: 3)  43  113  128 
(Length: 3)  43  93  103 
(Length: 3)  43  79  124 
(Length: 3)  43  127  128 
(Length: 3)  43  93  116 
(Length: 3)  43  105  117 
(Length: 4)  43  46  53  127 
(Length: 4)  43  53  70  117 
(Length: 4)  43  53  70  103 
(Length: 3)  43  84  123 
(Length: 3)  43  117  137 
(Length: 3)  43  93  119 
(Length: 3)  43  128  137 
(Length: 4)  43  46  119  137 
(Length: 4)  43  46  67  127 
(Length: 3)  43  137  144 
(Length: 3)  43  45  123 
(Length: 3)  43  51  144 
(Length: 3)  43  50  67 
(Length: 3)  43  45  137 
(Length: 4)  43  103  113  124 
(Length: 3)  43  93  96 
(Length: 4)  43  50  79  137 
(Length: 3)  43  67  117 
(Length: 4)  43  46  113  124 
(Length: 4)  43  70  103  113 
(Length: 4)  43  113  143  144 
(Length: 4)  43  46  119  143 
(Length: 3)  43  96  117 
(Length: 4)  43  51  70  103 
(Length: 4)  44  85  88  144 
(Length: 3)  44  78  144 
(Length: 3)  44  78  115 
(Length: 4)  44  67  78  132 
(Length: 4)  44  78  132  148 
(Length: 4)  44  112  115  139 
(Length: 4)  44  46  88  132 
(Length: 4)  44  46  88  112 
(Length: 4)  44  46  53  71 
(Length: 4)  44  53  71  115 
(Length: 3)  44  59  121 
(Length: 4)  44  57  67  78 
(Length: 4)  44  88  101  144 
(Length: 4)  44  46  53  132 
(Length: 4)  44  46  59  71 
(Length: 4)  44  46  67  132 
(Length: 4)  44  88  132  148 
(Length: 3)  45  74  145 
(Length: 3)  45  62  71 
(Length: 3)  45  123  140 
(Length: 3)  45  60  142 
(Length: 3)  45  47  60 
(Length: 3)  45  82  112 
(Length: 3)  45  73  129 
(Length: 3)  45  71  131 
(Length: 4)  45  60  62  74 
(Length: 3)  45  62  148 
(Length: 3)  45  73  140 
(Length: 4)  45  73  142  146 
(Length: 3)  45  82  148 
(Length: 3)  45  47  146 
(Length: 3)  45  60  78 
(Length: 4)  45  78  129  148 
(Length: 3)  45  131  145 
(Length: 3)  46  62  71 
(Length: 4)  46  94  109  132 
(Length: 4)  46  48  109  143 
(Length: 3)  46  94  130 
(Length: 3)  46  119  132 
(Length: 4)  46  72  113  135 
(Length: 3)  46  119  135 
(Length: 4)  46  61  94  102 
(Length: 3)  46  100  119 
(Length: 4)  46  88  89  132 
(Length: 4)  46  72  102  135 
(Length: 3)  46  102  131 
(Length: 3)  46  53  130 
(Length: 4)  46  72  102  126 
(Length: 4)  46  53  127  132 
(Length: 4)  46  62  102  126 
(Length: 3)  46  88  126 
(Length: 4)  46  69  89  100 
(Length: 4)  46  59  72  130 
(Length: 3)  46  59  109 
(Length: 4)  46  62  94  102 
(Length: 3)  46  54  132 
(Length: 4)  46  94  102  132 
(Length: 4)  46  62  124  126 
(Length: 4)  46  62  69  100 
(Length: 4)  46  67  127  132 
(Length: 3)  46  100  112 
(Length: 4)  46  113  124  135 
(Length: 4)  46  104  124  135 
(Length: 4)  46  53  71  131 
(Length: 4)  46  53  60  127 
(Length: 3)  46  54  61 
(Length: 4)  46  53  127  131 
(Length: 3)  46  71  89 
(Length: 4)  46  51  72  130 
(Length: 4)  46  69  100  104 
(Length: 4)  46  51  89  130 
(Length: 4)  46  59  104  124 
(Length: 3)  46  112  137 
(Length: 4)  46  67  89  132 
(Length: 4)  46  54  104  131 
(Length: 4)  46  72  130  135 
(Length: 3)  47  63  66 
(Length: 3)  47  50  67 
(Length: 3)  47  64  66 
(Length: 3)  48  82  136 
(Length: 3)  48  58  143 
(Length: 3)  48  97  109 
(Length: 3)  48  84  123 
(Length: 3)  49  126  146 
(Length: 4)  49  110  137  147 
(Length: 3)  49  56  95 
(Length: 4)  49  55  110  137 
(Length: 4)  49  83  95  106 
(Length: 3)  49  83  146 
(Length: 3)  49  56  60 
(Length: 3)  49  60  110 
(Length: 4)  49  110  124  147 
(Length: 3)  49  124  126 
(Length: 4)  49  95  110  147 
(Length: 3)  50  78  115 
(Length: 3)  50  86  137 
(Length: 3)  50  73  86 
(Length: 4)  50  77  78  104 
(Length: 3)  50  71  115 
(Length: 3)  50  115  140 
(Length: 4)  50  110  120  137 
(Length: 4)  50  78  120  137 
(Length: 3)  50  73  140 
(Length: 4)  50  78  79  137 
(Length: 3)  50  79  138 
(Length: 3)  51  90  92 
(Length: 3)  51  103  148 
(Length: 3)  51  92  148 
(Length: 3)  51  102  144 
(Length: 3)  51  72  90 
(Length: 3)  51  70  92 
(Length: 3)  51  55  102 
(Length: 3)  51  55  70 
(Length: 3)  51  55  89 
(Length: 3)  52  122  141 
(Length: 4)  53  60  103  115 
(Length: 3)  53  65  116 
(Length: 3)  53  120  131 
(Length: 3)  53  83  130 
(Length: 4)  53  70  103  115 
(Length: 3)  53  95  117 
(Length: 3)  53  71  90 
(Length: 3)  53  117  130 
(Length: 3)  53  131  145 
(Length: 4)  53  83  106  133 
(Length: 3)  53  117  133 
(Length: 3)  53  90  95 
(Length: 4)  53  83  95  106 
(Length: 3)  54  83  104 
(Length: 3)  54  61  83 
(Length: 3)  54  58  131 
(Length: 4)  54  58  99  132 
(Length: 3)  54  78  79 
(Length: 3)  54  78  132 
(Length: 3)  54  107  131 
(Length: 3)  54  79  133 
(Length: 4)  54  99  107  132 
(Length: 4)  55  89  125  133 
(Length: 3)  55  87  135 
(Length: 4)  55  69  99  105 
(Length: 4)  55  110  128  137 
(Length: 4)  55  97  105  114 
(Length: 5)  55  69  89  114  139 
(Length: 3)  55  104  135 
(Length: 3)  55  59  110 
(Length: 4)  55  97  114  125 
(Length: 3)  55  99  135 
(Length: 5)  55  69  89  114  125 
(Length: 3)  55  59  99 
(Length: 4)  55  81  89  125 
(Length: 4)  55  81  87  105 
(Length: 3)  55  102  135 
(Length: 4)  55  81  87  96 
(Length: 4)  55  87  97  105 
(Length: 3)  55  88  89 
(Length: 4)  55  81  96  104 
(Length: 5)  55  69  104  114  139 
(Length: 4)  55  69  105  114 
(Length: 4)  55  89  125  128 
(Length: 3)  56  81  138 
(Length: 3)  56  121  138 
(Length: 3)  56  69  144 
(Length: 3)  56  60  76 
(Length: 3)  56  100  119 
(Length: 3)  56  60  114 
(Length: 3)  56  114  121 
(Length: 3)  56  95  119 
(Length: 3)  56  72  114 
(Length: 3)  56  81  119 
(Length: 3)  56  72  76 
(Length: 3)  56  69  114 
(Length: 3)  57  93  149 
(Length: 4)  57  67  78  127 
(Length: 3)  57  91  127 
(Length: 3)  57  65  102 
(Length: 3)  57  127  131 
(Length: 3)  57  61  102 
(Length: 3)  57  93  131 
(Length: 3)  57  74  91 
(Length: 4)  57  74  105  114 
(Length: 4)  57  65  67  78 
(Length: 3)  57  72  113 
(Length: 3)  57  127  149 
(Length: 3)  57  102  131 
(Length: 3)  57  81  138 
(Length: 3)  57  72  102 
(Length: 3)  57  72  114 
(Length: 4)  57  69  105  114 
(Length: 4)  58  72  114  126 
(Length: 3)  58  69  99 
(Length: 3)  58  93  131 
(Length: 3)  58  86  99 
(Length: 3)  59  121  125 
(Length: 3)  59  95  110 
(Length: 3)  59  109  110 
(Length: 3)  59  83  104 
(Length: 3)  59  83  95 
(Length: 3)  59  64  72 
(Length: 3)  59  110  121 
(Length: 3)  59  110  124 
(Length: 3)  59  95  117 
(Length: 3)  59  63  134 
(Length: 3)  59  125  134 
(Length: 3)  59  64  83 
(Length: 3)  59  99  124 
(Length: 4)  59  72  130  134 
(Length: 4)  59  83  130  134 
(Length: 3)  60  110  114 
(Length: 4)  60  62  74  115 
(Length: 4)  60  74  114  115 
(Length: 3)  60  74  75 
(Length: 3)  60  114  143 
(Length: 4)  60  76  103  113 
(Length: 4)  60  89  114  115 
(Length: 3)  60  75  113 
(Length: 3)  60  75  110 
(Length: 4)  60  78  89  115 
(Length: 3)  61  102  118 
(Length: 4)  61  94  98  102 
(Length: 3)  61  69  120 
(Length: 3)  61  83  98 
(Length: 3)  61  83  122 
(Length: 3)  61  85  94 
(Length: 3)  61  69  83 
(Length: 3)  61  85  120 
(Length: 3)  61  73  86 
(Length: 3)  61  76  102 
(Length: 4)  62  69  139  141 
(Length: 3)  62  81  124 
(Length: 3)  62  99  124 
(Length: 3)  62  80  81 
(Length: 3)  62  95  117 
(Length: 4)  62  74  105  117 
(Length: 3)  62  99  148 
(Length: 4)  62  95  102  148 
(Length: 3)  62  126  146 
(Length: 4)  62  69  99  105 
(Length: 4)  62  99  100  146 
(Length: 4)  62  69  99  100 
(Length: 3)  62  81  105 
(Length: 3)  62  81  136 
(Length: 3)  62  139  146 
(Length: 3)  62  81  115 
(Length: 3)  63  143  144 
(Length: 3)  63  96  117 
(Length: 3)  63  79  138 
(Length: 3)  63  102  144 
(Length: 3)  63  139  143 
(Length: 3)  63  134  144 
(Length: 3)  64  112  137 
(Length: 3)  64  94  111 
(Length: 3)  64  136  138 
(Length: 3)  64  72  102 
(Length: 3)  64  138  142 
(Length: 3)  64  83  112 
(Length: 3)  64  111  128 
(Length: 3)  64  111  138 
(Length: 4)  64  65  67  78 
(Length: 3)  64  77  94 
(Length: 3)  64  66  77 
(Length: 3)  64  94  102 
(Length: 4)  64  77  78  145 
(Length: 3)  65  85  126 
(Length: 3)  65  92  97 
(Length: 4)  65  67  78  89 
(Length: 3)  65  97  126 
(Length: 3)  65  115  122 
(Length: 4)  65  101  102  126 
(Length: 3)  65  89  116 
(Length: 4)  65  78  89  115 
(Length: 3)  66  87  105 
(Length: 3)  67  99  132 
(Length: 3)  67  68  75 
(Length: 3)  67  118  136 
(Length: 3)  67  90  118 
(Length: 3)  68  96  110 
(Length: 3)  68  75  110 
(Length: 3)  69  134  144 
(Length: 4)  69  83  104  114 
(Length: 4)  69  89  100  120 
(Length: 3)  69  83  134 
(Length: 3)  69  73  140 
(Length: 4)  69  114  139  147 
(Length: 4)  69  139  141  147 
(Length: 3)  70  111  118 
(Length: 3)  70  81  115 
(Length: 3)  70  81  129 
(Length: 3)  70  121  146 
(Length: 3)  70  142  146 
(Length: 3)  70  80  123 
(Length: 4)  70  75  110  129 
(Length: 3)  70  74  117 
(Length: 3)  70  74  115 
(Length: 3)  70  74  75 
(Length: 4)  70  103  110  121 
(Length: 3)  70  75  85 
(Length: 3)  70  75  113 
(Length: 4)  70  103  110  129 
(Length: 3)  70  75  123 
(Length: 3)  70  80  111 
(Length: 4)  71  91  107  115 
(Length: 3)  71  91  144 
(Length: 3)  71  90  107 
(Length: 3)  71  107  131 
(Length: 3)  71  89  115 
(Length: 3)  71  84  89 
(Length: 4)  72  102  123  135 
(Length: 4)  72  98  102  135 
(Length: 3)  72  76  113 
(Length: 3)  72  90  113 
(Length: 3)  72  113  134 
(Length: 4)  72  102  123  126 
(Length: 3)  73  88  132 
(Length: 3)  73  95  117 
(Length: 3)  73  121  146 
(Length: 3)  74  114  145 
(Length: 3)  74  75  91 
(Length: 3)  74  91  115 
(Length: 3)  74  75  105 
(Length: 3)  75  110  124 
(Length: 3)  75  87  122 
(Length: 3)  75  110  137 
(Length: 4)  75  87  124  135 
(Length: 4)  75  85  91  144 
(Length: 3)  75  113  136 
(Length: 4)  75  113  124  135 
(Length: 4)  75  91  113  144 
(Length: 3)  75  123  135 
(Length: 3)  75  87  105 
(Length: 4)  75  87  136  137 
(Length: 3)  75  137  144 
(Length: 4)  76  103  104  124 
(Length: 3)  76  104  131 
(Length: 3)  76  102  131 
(Length: 4)  76  91  103  113 
(Length: 4)  76  103  113  124 
(Length: 4)  77  78  89  132 
(Length: 4)  77  104  114  145 
(Length: 4)  77  78  127  132 
(Length: 4)  77  78  104  145 
(Length: 3)  77  94  132 
(Length: 4)  77  89  114  130 
(Length: 3)  77  94  130 
(Length: 3)  78  137  144 
(Length: 4)  78  89  108  132 
(Length: 3)  78  108  144 
(Length: 3)  79  105  133 
(Length: 3)  79  81  129 
(Length: 3)  79  81  105 
(Length: 3)  79  81  89 
(Length: 3)  79  122  133 
(Length: 3)  79  81  124 
(Length: 3)  79  81  138 
(Length: 3)  79  121  138 
(Length: 3)  79  89  133 
(Length: 3)  80  81  119 
(Length: 3)  80  119  137 
(Length: 3)  80  111  135 
(Length: 3)  80  123  135 
(Length: 4)  81  125  136  138 
(Length: 4)  81  89  115  125 
(Length: 3)  81  119  129 
(Length: 3)  81  87  124 
(Length: 3)  81  87  136 
(Length: 3)  82  103  104 
(Length: 3)  82  107  148 
(Length: 4)  82  107  108  116 
(Length: 3)  82  112  116 
(Length: 4)  83  84  104  114 
(Length: 3)  83  98  134 
(Length: 3)  83  114  130 
(Length: 4)  83  84  114  122 
(Length: 3)  83  104  106 
(Length: 3)  83  84  95 
(Length: 3)  83  84  98 
(Length: 3)  83  98  146 
(Length: 3)  83  112  122 
(Length: 3)  83  122  133 
(Length: 3)  84  123  135 
(Length: 4)  84  98  111  135 
(Length: 3)  84  89  114 
(Length: 3)  85  91  128 
(Length: 3)  85  88  126 
(Length: 3)  86  117  137 
(Length: 3)  86  102  135 
(Length: 3)  86  99  108 
(Length: 3)  87  96  142 
(Length: 3)  87  130  135 
(Length: 3)  87  97  124 
(Length: 3)  88  101  126 
(Length: 3)  88  101  117 
(Length: 4)  89  114  115  125 
(Length: 4)  89  115  125  128 
(Length: 3)  89  120  128 
(Length: 3)  89  100  115 
(Length: 4)  89  114  115  139 
(Length: 3)  90  95  108 
(Length: 3)  90  107  108 
(Length: 3)  90  107  109 
(Length: 3)  91  98  128 
(Length: 3)  91  113  128 
(Length: 4)  91  113  134  144 
(Length: 3)  91  127  128 
(Length: 3)  92  105  133 
(Length: 3)  92  97  105 
(Length: 3)  93  116  149 
(Length: 3)  93  103  110 
(Length: 3)  93  103  148 
(Length: 3)  93  103  149 
(Length: 3)  93  116  125 
(Length: 3)  94  109  111 
(Length: 4)  95  102  115  140 
(Length: 3)  95  106  148 
(Length: 3)  95  119  148 
(Length: 3)  95  117  147 
(Length: 3)  97  109  126 
(Length: 3)  97  114  126 
(Length: 3)  97  125  138 
(Length: 3)  97  107  109 
(Length: 3)  97  124  126 
(Length: 3)  98  139  146 
(Length: 3)  98  99  146 
(Length: 3)  98  111  128 
(Length: 3)  98  111  138 
(Length: 3)  98  99  135 
(Length: 3)  99  124  135 
(Length: 3)  99  107  146 
(Length: 5)  99  107  119  132  148 
(Length: 4)  99  107  108  132 
(Length: 3)  99  105  108 
(Length: 4)  99  107  108  116 
(Length: 3)  99  100  119 
(Length: 3)  100  119  120 
(Length: 3)  100  112  115 
(Length: 3)  101  102  131 
(Length: 3)  101  120  142 
(Length: 3)  101  120  131 
(Length: 4)  101  102  140  144 
(Length: 3)  102  115  135 
(Length: 3)  102  123  140 
(Length: 4)  102  107  132  148 
(Length: 3)  102  107  131 
(Length: 3)  102  118  140 
(Length: 3)  103  115  149 
(Length: 3)  103  129  148 
(Length: 3)  103  109  110 
(Length: 3)  103  110  124 
(Length: 3)  103  124  126 
(Length: 3)  104  131  145 
(Length: 3)  106  113  144 
(Length: 3)  107  109  132 
(Length: 3)  108  116  149 
(Length: 4)  110  112  129  147 
(Length: 4)  110  112  139  147 
(Length: 4)  110  112  137  147 
(Length: 4)  110  120  128  137 
(Length: 3)  110  120  124 
(Length: 3)  113  136  138 
(Length: 3)  114  121  125 
(Length: 3)  115  141  149 
(Length: 3)  115  122  141 
(Length: 3)  117  137  147 
(Length: 3)  119  120  137 
(Length: 3)  119  137  148 
(Length: 3)  121  125  138 
(Length: 3)  124  135  147 
(Length: 3)  125  127  128 
(Length: 3)  127  146  149 
(Length: 3)  129  134  148 
(Length: 3)  139  143  146 
(Length: 3)  143  144  146 
...model cost: 1.89 seconds  49637 FFE
 (opt) 670.00000000 == 670.00000000 (sur)  OPTIMALITY TEST PASSED!
   BESTimpr 572.00000000 -> 648.00000000
**111*1******1*11111111***11*1111**1*1*1*1*11*11***1**1**1*******11**1*1**1***1*11**1*11**111111*111111***111****111*111*1**1**1*******1*111**1*111*1*

   BESTimpr 648.00000000 -> 653.00000000
1*11**1***1*11**11111****11**1*1*11**111**1**1**1*11*1*111***1***1**1*****11***1***1**1****1*1*************1*11****1*1**1**11*1**1*1*1*1***1**1****1**

