Walsh model started...
 23  8  53  41  48  88  120  135  63  30  133  77  131  9  101  65  111  108  61  17 
 104  99  139  63  146  21  80  78  61  44  88  136  147  75  59  106  126  128  26  119  98  62  69  81  11  130  79 
 25  100  87  4  93  3  119  13  141  140  103  131  117  136  17  130  88  102  63  113  104  139  122  72  78 
 86  124  2  119  31  128  143  123  32  120  84  130  53  23  116  80  107  46  14  148  136  10  9  145  38  105  75  115 
 87  2  103  130  124  14  114  113  67  42  66  71  24  120  73  10  30  68  79  98  131 
 45  7  97  145  11  52  106  77  39  16  148  25  44  138  51  21  62  72  113  139  96  128  102  36  109  105  93 
 40  71  31  118  107  90  9  141  116  68  23  143  125  123 
 5  45  88  99  128  97  53  28  141  134  47  71  113  24  149  148  22  72  140  117  123  138  49  38 
 23  0  140  135  21  41  98  143  102  44  121  126  104  146  107  75  11  113  120 
 59  25  148  57  6  141  37  133  135  35  13  50  117  27  130  144  123  47  10  3  108  67  32  15  139  116  0  131  88  29  55  63  122 
 28  34  101  126  90  75  47  67  78  37  111  136  64  123  22  117  39  55  142  121  82  69  41  43  45  3  9  4  73  72  14  99  129  85 
 75  106  5  52  123  60  56  14  101  145  12  33  45  128  8  104  115  41  46  68  65  143  1  81 
 35  114  34  96  27  149  84  31  123  124  11  33  82  133  24  85  51 
 120  26  2  141  36  60  128  58  102  146  15  25  50  9  133  18  62  38  53  82  73  125 
 146  104  48  52  56  11  4  114  84  3  10  99  107  19  113  60 
 25  113  65  115  99  38  97  140  80  141  13  101  130  95  77  35  125  32  62  9  36  93  109  33  21  26  105 
 70  80  35  51  143  66  5  39  118  33  46  43  61  77  79  127  135  117  125  57  139  69  90  22  115 
 23  106  41  136  61  30  139  2  98  27  87  77  107  132  102  59  130  74  63  33  39  112  0  146  103 
 81  139  122  109  71  100  121  92  45  52  129  59  76  74  133  13  77  64  58  131  63  42  140  22 
 49  80  26  101  113  81  125  145  133  109  107  65  129  52  66  55  142  61  14  114  75  70  24  53 
 44  29  100  47  32  74  24  115  56  95  99  118  119  79  70  147 
 41  8  56  131  146  1  37  85  92  116  112  123  5  62  26  33  15  99  89  80  40  94 
 35  34  123  10  45  139  26  132  122  95  115  16  72  7  106  133  140  18 
 0  8  17  106  85  56  118  52  50  74  141  53  3  139  113  136  149  110  6  143  117  103  90  104  97  54 
 84  53  59  42  36  68  20  115  147  72  12  113  7  4  120  116  52  109  54  50  98  144  40  96  82  38  48  19 
 2  100  149  148  113  15  59  9  77  79  5  140  68  40  64  132  138  85  13  70  131 
 120  13  39  107  19  101  106  124  31  89  81  109  22  132  66  71  40  21  1  68  15  105  137  53 
 51  117  149  12  48  100  49  68  76  33  9  98  17  40  30  145  29 
 34  10  53  7  95  85  38  135  108  115  92  117  61  57  125  99  89  35  56 
 20  44  85  96  34  47  97  51  122  61  43  27  145  36  54  57  139  55  9 
 94  129  91  122  61  17  36  67  68  34  63  0  40  27  132  88  4  90  56  85  69  31  51 
 3  128  73  104  26  89  6  118  12  84  48  97  74  126  41  46  107  38  30  51  136 
 62  72  63  91  42  48  3  120  20  74  71  15  9  116  142  141  134 
 86  45  52  50  118  16  91  41  97  141  65  53  76  27  12  11  130  56  79  146  92  99  15  21  77  17  88 
 46  92  28  10  84  132  85  29  35  22  123  38  87  140  12  96  40  136  115  71  125  51  134  30  68  61  102  98  82  69 
 16  51  114  12  22  34  38  146  58  56  110  88  118  77  98  9  135  53  73  15  125  65  126  107  131  28 
 94  147  60  13  128  110  65  53  45  112  30  67  56  92  24  68  93  15  29  54  109  5 
 78  10  9  133  121  21  85  60  87  99  52  45  90  76  117 
 109  46  116  40  101  95  123  34  35  146  99  15  145  78  94  51  28  135  127  73  140  71  89  67  60  62  13  3  96  31  107  61  74  82  24  49  7 
 26  107  82  137  5  16  10  55  145  85  128  119  17  112  130  86 
 116  38  125  138  34  136  73  140  71  6  68  25  137  131  85  64  62  81  27  30  26  76  120  101  66  90  24  96  21  78  118 
 17  136  102  95  21  8  53  0  42  70  119  91  33  137  133  107  108  43  10  31  46  130  110  93  123  115  58  11  143  116 
 57  95  116  128  59  24  58  88  61  117  32  48  41  70  53  107  119  97  130  132  71  4  67  123  63  18 
 117  48  46  16  104  44  80  109  41  10  61  29  144  66  141  95  137  75  103 
 20  29  43  104  8  102  96  51  61  1  149  94  5  45  133  82  127  57  85 
 86  33  5  7  36  112  139  22  18  52  105  99  109  48  44  37  10  128  11  89  113 
 34  92  109  38  54  108  62  137  100  70  50  123  16  43  145  60  97  69  107  3  141  31  41  116  118  81  74  11  68  110  77 
 67  10  137  116  29  97  100  20  108  121  120  64  140  114  7  71  115  123  9  144  51  92  89  142 
 117  43  14  52  110  107  100  27  32  42  132  97  0  88  31  45  109  135  93  63  129  59  148  114  147  24 
 19  80  55  104  95  107  27  68  90  75  54  119  125  115  62  133  7  38  83 
 60  72  139  110  104  63  81  52  33  112  94  46  123  23  93  109  136  82  90  124  92  13  9  126  129  116  114  115  58  68  88  54  24  140  102  62  127 
 16  35  27  117  90  72  29  122  38  34  96  44  5  138  58  70  119  53  101  12  85  97  47  31  30 
 5  11  111  94  48  14  33  50  23  99  60  45  18  37  19  66  24  109  141  95  67 
 24  84  80  63  140  127  7  28  36  65  41  0  42  107  3  23  71  67  33  73  82  35  13  51  101  123  95  81  112  79  137  26  74  19 
 140  104  108  46  125  136  103  102  96  89  36  29  49  119  69  50  24  62  133  56  87  97  23 
 57  140  76  143  132  134  49  104  58  120  65  101  39  10  93  112  125  146  142  19  29  9 
 122  116  131  21  58  35  36  92  85  23  98  11  14  95  20  63  113  102  69  130  33  30  91  140  80  54  87  28 
 55  140  42  95  148  9  108  77  141  109  61  28  125  16  103  104  85  44  29  139  63 
 35  56  137  103  42  88  55  120  72  141  102  13  82  123  86  105  78  142  70  113  96  51  64  18  50  68  115  41  132  134 
 9  25  24  42  103  91  140  137  129  18  1  106  17  102  48  148  138  66  117  145 
 66  134  50  72  123  11  36  13  104  101  46  145  52  99  37  87  38  89  115  96  111  91  113  14 
 129  90  30  17  117  42  78  63  16  77  43  29  44  1  34  87  57  28  147  76  133  19  81  95  71  110  74  38  0  118  124 
 46  137  32  72  84  74  126  99  70  123  79  38  13  15  81  40  5  21  49  54  1  69  50  127 
 91  136  53  80  139  1  104  50  127  129  32  61  78  70  140  56  113  0  30  2  102  137  118  87  48  132  17  124  42  18  57  9  122 
 127  91  10  126  88  130  120  47  132  25  85  40  58  18  136  68  108  112  135 
 121  88  115  15  112  73  110  36  53  55  101  137  68  19  129  33  134  67  92  0  35  126  11  143 
 91  134  60  16  143  113  135  43  144  70  87  95  100  19  52  124  83  81  26  4  71  101  40  138  59 
 47  10  36  30  117  120  126  115  71  53  89  38  134  65  4  42  108  9  82  145  111  93  95  52 
 76  148  106  78  36  24  137  65  104  90  25  40  49  27  30  34  116  6  50  58  4  26  109  64  136  11  46  123  77  124  74 
 74  95  127  139  134  136  146  90  97  46  82  10  102  56  88  138  110  84  106  118  16  108  54  1  62  85  30  34 
 16  80  100  46  42  41  63  140  74  62  87  66  58  113  51  119  25  131  98  19  75  20  147 
 100  147  18  40  6  34  125  32  74  7  47  91  89  120  80  90  67  53  140  38  42  132  4  66  26  61  110 
 50  60  90  51  32  62  141  58  147  24  91  94  5  113  101  10  78  2  22  7  126  125 
 91  130  112  65  31  104  89  105  40  140  38  127  82  53  35  4  10  13  125  83  79 
 69  95  62  84  23  141  20  32  71  91  70  76  18  31  126  17  130  46  81  61  38  68  124  53 
 106  11  90  10  139  147  1  49  107  8  43  103  3  115  19  70 
 68  148  143  55  18  74  27  33  147  61  90  37  136  102  40  120 
 79  25  123  116  106  5  35  118  61  16  57  108  95  15  101  78  148  83  97  133  0  87  17  18  122  33  146  132  145  100  68  110  46 
 102  101  10  37  68  106  38  145  61  63  94  117  149  89  142  80  1  77  148  141  98  58  72  2  40  118  114  99 
 77  25  80  114  16  127  123  62  33  146  81  87  147  111  20  119  4  130  83  73  53  112  89  1 
 49  19  70  16  53  63  15  141  79  114  84  92  71  90  116  3  109  43  78  1  134  132  100  129  139  105  21  56  140  94 
 18  139  50  26  109  19  113  79  87  62  40  66  61  46  74  53  95  1  11 
 39  137  147  95  50  90  123  58  69  10  98  129  73  53  12  133  13  67  145  108  106  127  44  38  24  34 
 133  98  124  66  77  97  79  73  89  49  95 
 24  53  34  132  105  116  147  127  62  74  130  3  80  92  12  31  14  110  69  141  99  107  136 
 96  29  34  136  98  134  126  115  23  56  107  95  28  145  39  25  138  37  21  64  40  12  51  57  44  104  109  69  30  10  129  143  117 
 3  124  33  45  143  99  122  116  105  100  123  58  147  87  130  39  108  94 
 4  2  93  137  125  34  140  103  143  104  60  37  70  66  61  81  79  17  77  130  149  139  63  147  86  56  54 
 65  121  7  99  110  35  42  58  64  130  104  98  0  48  2  1  136  138  69  30  132  9  50  33  92 
 73  105  31  26  71  120  142  78  38  67  60  113  45  107  141  96  54  99  21  92  47  79  83  28 
 10  75  103  148  129  61  72  51  146  69  82  50  68  104  71  80  107  6  49  76  37  30  40  16  23 
 66  134  73  130  63  136  64  127  30  122  118  104  32  103  59  41  33  74  71  94  72  133  124  60  111  56 
 34  46  130  137  36  56  107  100  121  18  80  84  124  50  28  117  65  21  116  33  99  94  149  122  125  140  88  47  89 
 2  87  50  123  112  55  141  134  135  48  142  116  41  36  15  67  111  102  5 
 129  30  36  147  52  111  116  101  50  112  38  78  149  44  91  72  92  86  108  80  21 
 69  74  41  102  101  38  42  57  82  147  104  49  22  122  28  85  56  20  77  15  66  100  134  140  43  137  61  133  53  81  103  126  67  52  83 
 85  29  12  34  44  51  112  142  144  131  126  118  58  60  38  99  5  139  89  54  40  24 
 5  145  7  128  140  15  29  47  132  48  42  130  69  46  141  33  31  77  83  51  110  114  143  106  135  23  54 
 8  143  136  85  123  119  104  88  56  35  82  129  133  83  102  128  27  17  130  117  141  78  34  1  131  4  24  144  140  70 
 1  104  7  88  15  38  143  86  52  60  126  62  105  45  20  118  37  115  33  92  96  14  10  84  141  117  89  21  28  78  114 
 2  25  46  70  48  27  47  20  147  71  18  107  92  105  86  66  95  144  129  80  104  108  131  145  77 
 102  78  126  10  26  19  38  95  116  94  104  60  55  65  108  147  103  130  15  11  145  77  0  51  53  66  40  72 
 78  101  41  95  112  116  8  44  58  13  56  69  98  128  2  63  17  59  103  54  76  136  34  5  50  105  93 
 90  148  137  58  4  87  128  109  91  59  2  140  104  101  114  54  102  57  43  75  117  23  95  126  17  146 
 140  54  146  14  1  99  50  63  91  118  73  31  55  49  95  60  101  43  44  98  88  68  90  103  87  143  105  8  2  100  133  57  112  110  11  106  107  85  109  23  135  125 
 116  84  89  73  100  86  45  99  104  58  128  133  127  3  80  26  15  102  5 
 23  17  75  11  26  124  68  78  5  77  118  139  1  59  82  69  104  107  22  133  97  135 
 39  26  110  48  42  53  85  134  100  92  19  49  121  3  46  90  6  41  108  8  75  17  132  31  38  89  141  104  106  35  131  84  14 
 54  46  47  121  101  147  57  77  41  107  28  115  67  9  145  82  100  131  111  0  69  64  126  86  94 
 38  46  122  18  128  103  26  81  50  136  133  19  80  43  57  141  45  48  24  52  15  68  85  104  36  5 
 50  139  48  107  36  65  88  35  149  23  69  84  130  41  112  104  61  71  114  97  46  77 
 52  94  10  136  142  147  79  60  91  108  0  67  93 
 65  73  50  94  45  36  102  116  93  55  142  96  21  123  110  104  39  17  53  79  64  135 
 25  15  19  81  66  135  23  136  63  56  2  4  70  58  7  24  89  45  5  72  8  120  60  14 
 35  12  147  136  80  79  47  140  4  14  128  103  115  50  48  110  97  118  134  19  78  99 
 65  15  138  124  85  34  20  24  47  67  108  28  116  60  99  114  50  58  41  11  22  16  49  125  3  75 
 122  56  38  40  105  84  94  101  137  47  42  128  123  77  102  112  86  3  80  68  6  93  142  21  92  139  9  32  46  50  24  115  143  41 
 43  48  27  51  67  10  61  42  149  78  2  131  28  92  9  130  98  135  16  23  103  126  139  37  99  140  7  143  85  145  59 
 91  104  16  33  23  106  35  77  31  6  137  146  126  96  20  99  63  69  46  114  134  78  40  61  124 
 2  3  123  98  42  41  140  144  70  51  128  39  20  79  1  49  54 
 26  13  58  55  47  64  3  32  67  126  71  89  0  135  4  24  40  76  113  8 
 65  88  47  108  8  126  18  92  145  132  134  107  10  37 
 56  116  30  91  109  18  86  29  51  22  95  130  140  139  2  77  133  92  125  9  63 
 60  11  38  34  116  77  143  3  50  46  22  10  93  119  98  82  58  12  124  86  79  62  47  9  112  21  41  6  125  42  53  68  7  138 
 86  3  26  106  138  115  130  4  92  50  12  123  83  66  63  91  68  74  118  61 
 40  138  137  87  54  136  34  71  145  19  133  143  55  146  35  15  16  57  6  123  13  73  92  122  49  115  28  72  126  104  135 
 101  10  134  85  64  67  120  8  121  99  62  96  118  129  50  74  31  128  1  65  35  117  139  103  95  108  72  125 
 64  91  140  53  129  63  147  84  139  69  38  73  79  16  82  44  128  105  50  62 
 3  31  7  97  13  36  116  42  103  109  114  98  102  45  105  11  126  1  119  39  127  5 
 94  30  127  63  90  61  65  19  82  98  59  18  130  137  126  50  100  80  48  10  85 
 91  73  92  137  4  124  64  88  84  3  42  97  101  15  129  56  33  9  144  2  117  98  122  140  87  149  17  74  110  41  79  86  39  1 
 56  21  2  117  137  40  144  96  0  9  108  100  98  4  70  25  18  35  107 
 34  84  134  55  26  22  48  97  121  145  64  25  80  42  71  107  17  63  30  88  58  146  77 
 137  41  109  19  125  143  9  37  83  98  13  18  82  12  77  0  44  61  91  122  105  104  95  49  54  106  22 
 91  66  60  126  85  132  55  7  141  69  136  107  93  121  34  65  67  80  95  140  58  114  118  32 
 140  8  113  66  38  28  9  35  120  0  48  93  117  16  64  112  106  97  104  125 
 91  63  17  41  10  111  98  85  114  147  40  34  54  125  69  134  109  50  23  113  2  1  88  148  3  76  102  64  68  31  84 
 62  46  87  125  47  116  103  58  82  39  92  130  65  68  133  41  140  59  131  40  118  146  129  63  95  43  53  26  142 
 40  125  115  124  25  85  88  69  5  51  59  66  123  7 
 18  81  50  110  63  1  127  69  45  22  17  23  106  75  9  116  2  122  87  5  96  80  16  126  117  57  29 
 57  55  54  104  135  8  127  53  34  87  97  15  73  40  47  114  63  70  25  2  103  137  59  71  38  119  144  122  130  95  134  50  92  56  80  98  117  7  18  22 
 2  13  7  134  15  80  72  58  23  74  93  146  97  33  9  6  57  109  46  43  78  98  32  52  89  107  84  99  143 
 111  10  112  96  89  78  55  19  93  116  58  32  137  47 
 76  55  16  66  8  98  86  99  3  123  125  133  23  6  87  104  65  11  141  97  41  116  117  85 
 131  96  43  66  140  119  130  9  100  47  24  98 
 5  97  38  78  46  60  125  19  121  132  85  39  146  149  11  101  3  82  67  108  27  29  77  100  117  59 
 104  14  38  35  90  69  21  1  141  13  125  55  145  149  118  137  8  33  79  77  132  17  103 
 36  94  114  136  84  127  82  95  100  71  101  108  24  72  75  1  76  61  79  111  86  87  48  70  20 
 76  68  25  149  103  90  9  57  5  78  77  3  136  7  48  59 
 25  148  27  12  117  78  23  110  145  146  94  44  130  87  92  7 
-->CDecomWalshPart::vInitTrueLinkage-->GLBs: 1699
(Length: 3)  0  8  23 
(Length: 3)  0  9  63 
(Length: 4)  0  61  77  133 
(Length: 3)  0  17  23 
(Length: 4)  0  9  108  131 
(Length: 3)  0  8  41 
(Length: 4)  0  77  101  108 
(Length: 3)  0  48  63 
(Length: 4)  0  53  65  101 
(Length: 3)  0  23  53 
(Length: 3)  0  48  88 
(Length: 3)  0  9  135 
(Length: 3)  0  53  63 
(Length: 3)  0  108  111 
(Length: 3)  0  9  133 
(Length: 3)  0  17  41 
(Length: 4)  0  8  120  135 
(Length: 3)  0  41  108 
(Length: 3)  0  41  133 
(Length: 3)  0  41  53 
(Length: 4)  0  17  61  77 
(Length: 3)  0  48  135 
(Length: 3)  0  65  88 
(Length: 3)  0  30  88 
(Length: 3)  0  9  88 
(Length: 5)  0  17  30  61  63 
(Length: 4)  1  98  119  128 
(Length: 4)  1  88  98  104 
(Length: 4)  1  88  99  104 
(Length: 3)  1  69  146 
(Length: 3)  1  136  147 
(Length: 3)  1  104  146 
(Length: 3)  1  81  139 
(Length: 3)  1  59  106 
(Length: 3)  1  62  69 
(Length: 4)  1  62  79  81 
(Length: 3)  1  11  81 
(Length: 4)  1  11  104  106 
(Length: 4)  1  61  63  78 
(Length: 3)  1  21  80 
(Length: 4)  1  63  80  139 
(Length: 3)  1  11  128 
(Length: 4)  1  21  62  99 
(Length: 4)  1  11  75  106 
(Length: 4)  1  75  106  139 
(Length: 3)  1  75  147 
(Length: 3)  1  79  80 
(Length: 3)  1  44  104 
(Length: 3)  1  79  130 
(Length: 3)  1  61  147 
(Length: 3)  1  63  136 
(Length: 3)  1  79  146 
(Length: 3)  1  78  106 
(Length: 3)  1  79  147 
(Length: 3)  1  63  104 
(Length: 3)  1  21  26 
(Length: 3)  1  44  61 
(Length: 3)  1  79  119 
(Length: 3)  1  78  99 
(Length: 3)  1  78  98 
(Length: 3)  1  61  81 
(Length: 3)  1  126  128 
(Length: 4)  1  63  78  80 
(Length: 4)  1  69  88  136 
(Length: 3)  1  21  146 
(Length: 4)  1  88  98  136 
(Length: 4)  1  88  98  130 
(Length: 4)  1  69  106  139 
(Length: 3)  1  26  106 
(Length: 3)  1  26  81 
(Length: 3)  1  126  139 
(Length: 4)  1  62  99  126 
(Length: 3)  2  119  140 
(Length: 3)  2  3  136 
(Length: 3)  2  3  130 
(Length: 3)  2  93  102 
(Length: 4)  2  122  130  140 
(Length: 4)  2  63  122  140 
(Length: 3)  2  72  113 
(Length: 3)  2  25  140 
(Length: 3)  2  3  119 
(Length: 3)  2  13  141 
(Length: 4)  2  25  100  131 
(Length: 3)  2  4  131 
(Length: 4)  2  4  87  130 
(Length: 4)  2  17  102  103 
(Length: 5)  2  63  87  104  140 
(Length: 3)  2  117  139 
(Length: 4)  2  63  113  136 
(Length: 4)  2  17  87  130 
(Length: 3)  2  100  104 
(Length: 3)  2  4  113 
(Length: 5)  2  17  63  87  139 
(Length: 5)  2  87  103  104  140 
(Length: 4)  2  117  130  140 
(Length: 4)  2  63  122  139 
(Length: 3)  2  87  93 
(Length: 4)  2  103  117  140 
(Length: 3)  2  88  130 
(Length: 5)  2  17  63  102  136 
(Length: 3)  2  25  113 
(Length: 3)  2  88  136 
(Length: 3)  2  93  141 
(Length: 4)  2  4  87  103 
(Length: 4)  2  87  130  140 
(Length: 3)  2  13  25 
(Length: 4)  2  17  87  103 
(Length: 3)  2  13  102 
(Length: 4)  2  72  78  141 
(Length: 4)  2  63  78  102 
(Length: 3)  2  88  104 
(Length: 3)  2  117  131 
(Length: 3)  2  78  117 
(Length: 4)  3  53  84  107 
(Length: 4)  3  53  80  84 
(Length: 3)  3  53  123 
(Length: 3)  3  31  128 
(Length: 4)  3  31  84  136 
(Length: 3)  3  32  120 
(Length: 4)  3  31  84  107 
(Length: 3)  3  9  148 
(Length: 4)  3  38  46  145 
(Length: 3)  3  10  136 
(Length: 3)  3  9  130 
(Length: 4)  3  86  123  124 
(Length: 3)  3  10  75 
(Length: 5)  3  31  38  46  107 
(Length: 3)  3  10  14 
(Length: 3)  3  119  123 
(Length: 3)  3  119  128 
(Length: 4)  3  105  116  128 
(Length: 4)  3  9  32  116 
(Length: 4)  3  9  10  123 
(Length: 5)  3  38  46  116  123 
(Length: 5)  3  80  84  105  116 
(Length: 3)  3  23  136 
(Length: 4)  3  14  84  107 
(Length: 3)  3  136  148 
(Length: 3)  3  23  143 
(Length: 4)  3  9  116  123 
(Length: 3)  3  23  53 
(Length: 3)  3  84  130 
(Length: 3)  3  75  107 
(Length: 3)  3  75  115 
(Length: 3)  3  115  116 
(Length: 4)  3  86  105  116 
(Length: 3)  3  115  124 
(Length: 5)  3  86  116  123  143 
(Length: 4)  3  86  124  130 
(Length: 3)  4  24  42 
(Length: 3)  4  79  114 
(Length: 3)  4  10  73 
(Length: 3)  4  66  87 
(Length: 3)  4  24  98 
(Length: 3)  4  66  71 
(Length: 4)  4  24  113  120 
(Length: 4)  4  79  87  130 
(Length: 3)  4  103  114 
(Length: 3)  4  10  14 
(Length: 3)  4  68  124 
(Length: 3)  4  24  68 
(Length: 3)  4  66  124 
(Length: 3)  4  14  114 
(Length: 3)  4  124  130 
(Length: 3)  4  66  113 
(Length: 4)  4  67  71  120 
(Length: 3)  4  30  67 
(Length: 4)  4  42  67  71 
(Length: 3)  4  14  113 
(Length: 3)  4  42  130 
(Length: 3)  4  98  130 
(Length: 3)  4  98  131 
(Length: 3)  4  30  68 
(Length: 3)  4  10  67 
(Length: 4)  4  73  79  130 
(Length: 3)  5  16  139 
(Length: 4)  5  77  97  106 
(Length: 3)  5  62  72 
(Length: 3)  5  16  39 
(Length: 4)  5  25  77  148 
(Length: 4)  5  102  105  128 
(Length: 3)  5  44  45 
(Length: 3)  5  21  62 
(Length: 3)  5  25  113 
(Length: 3)  5  25  138 
(Length: 4)  5  11  45  52 
(Length: 3)  5  39  128 
(Length: 3)  5  96  139 
(Length: 3)  5  39  145 
(Length: 3)  5  16  51 
(Length: 4)  5  77  97  145 
(Length: 4)  5  44  51  96 
(Length: 3)  5  44  102 
(Length: 3)  5  7  138 
(Length: 4)  5  7  45  128 
(Length: 3)  5  16  77 
(Length: 3)  5  7  148 
(Length: 5)  5  36  45  109  128 
(Length: 4)  5  7  97  128 
(Length: 4)  5  45  105  128 
(Length: 3)  5  11  106 
(Length: 4)  5  45  52  109 
(Length: 4)  5  7  45  113 
(Length: 4)  5  11  45  128 
(Length: 3)  5  45  139 
(Length: 3)  5  11  145 
(Length: 3)  5  36  93 
(Length: 4)  5  7  72  113 
(Length: 3)  5  51  97 
(Length: 3)  5  51  72 
(Length: 3)  5  51  138 
(Length: 3)  5  93  102 
(Length: 3)  5  106  139 
(Length: 4)  6  40  71  125 
(Length: 3)  6  40  118 
(Length: 4)  6  40  71  90 
(Length: 4)  6  9  116  123 
(Length: 3)  6  23  90 
(Length: 3)  6  107  141 
(Length: 3)  6  31  118 
(Length: 3)  6  23  118 
(Length: 4)  6  40  68  90 
(Length: 4)  6  68  116  123 
(Length: 4)  6  116  123  143 
(Length: 3)  6  31  107 
(Length: 3)  6  90  107 
(Length: 4)  6  23  141  143 
(Length: 4)  6  40  68  116 
(Length: 3)  6  9  141 
(Length: 4)  6  123  125  143 
(Length: 3)  7  38  123 
(Length: 3)  7  38  49 
(Length: 3)  7  97  141 
(Length: 3)  7  99  141 
(Length: 3)  7  88  138 
(Length: 4)  7  28  99  117 
(Length: 3)  7  88  99 
(Length: 3)  7  72  141 
(Length: 3)  7  22  140 
(Length: 3)  7  117  149 
(Length: 3)  7  53  123 
(Length: 4)  7  24  72  113 
(Length: 4)  7  53  71  140 
(Length: 3)  7  24  38 
(Length: 3)  7  28  53 
(Length: 3)  7  45  99 
(Length: 4)  7  38  71  140 
(Length: 3)  7  22  45 
(Length: 3)  7  22  72 
(Length: 3)  7  22  123 
(Length: 3)  7  134  140 
(Length: 4)  7  47  71  140 
(Length: 4)  7  47  97  140 
(Length: 3)  7  134  141 
(Length: 4)  7  28  38  99 
(Length: 3)  7  148  149 
(Length: 3)  7  123  138 
(Length: 3)  7  47  123 
(Length: 3)  7  24  53 
(Length: 3)  7  117  140 
(Length: 4)  8  11  104  143 
(Length: 4)  8  11  41  143 
(Length: 4)  8  98  104  143 
(Length: 4)  8  104  135  140 
(Length: 3)  8  41  102 
(Length: 3)  8  11  75 
(Length: 3)  8  107  121 
(Length: 3)  8  104  146 
(Length: 3)  8  23  113 
(Length: 3)  8  120  126 
(Length: 4)  8  23  104  143 
(Length: 3)  8  121  126 
(Length: 3)  8  44  104 
(Length: 3)  8  98  102 
(Length: 3)  8  21  146 
(Length: 3)  8  21  41 
(Length: 3)  8  75  107 
(Length: 3)  8  104  107 
(Length: 4)  8  98  104  140 
(Length: 3)  8  44  102 
(Length: 3)  8  41  107 
(Length: 4)  8  113  120  135 
(Length: 3)  9  57  148 
(Length: 3)  9  57  108 
(Length: 3)  9  131  144 
(Length: 3)  9  15  130 
(Length: 3)  9  25  131 
(Length: 3)  9  13  133 
(Length: 3)  9  32  63 
(Length: 4)  9  13  15  141 
(Length: 3)  9  29  47 
(Length: 4)  9  50  63  139 
(Length: 3)  9  122  130 
(Length: 3)  9  27  117 
(Length: 3)  9  122  133 
(Length: 3)  9  35  131 
(Length: 3)  9  117  131 
(Length: 4)  9  25  59  148 
(Length: 3)  9  35  135 
(Length: 3)  9  37  133 
(Length: 4)  9  50  116  123 
(Length: 3)  9  117  135 
(Length: 3)  9  117  139 
(Length: 4)  9  29  55  57 
(Length: 4)  9  10  37  117 
(Length: 4)  9  57  63  139 
(Length: 4)  9  10  47  67 
(Length: 3)  9  10  55 
(Length: 3)  9  117  130 
(Length: 4)  9  47  67  108 
(Length: 4)  9  29  122  139 
(Length: 4)  9  10  67  117 
(Length: 4)  9  47  116  123 
(Length: 4)  9  10  47  123 
(Length: 3)  9  47  144 
(Length: 3)  9  57  141 
(Length: 4)  9  116  122  139 
(Length: 3)  9  59  117 
(Length: 4)  9  15  32  141 
(Length: 4)  9  29  57  139 
(Length: 4)  9  50  116  139 
(Length: 3)  9  35  88 
(Length: 3)  9  50  88 
(Length: 3)  9  15  35 
(Length: 3)  9  88  130 
(Length: 3)  9  13  50 
(Length: 3)  9  130  144 
(Length: 4)  9  63  122  139 
(Length: 3)  9  27  29 
(Length: 4)  9  13  15  25 
(Length: 3)  10  37  121 
(Length: 3)  10  47  142 
(Length: 4)  10  37  45  99 
(Length: 4)  10  67  117  126 
(Length: 4)  10  99  117  126 
(Length: 3)  10  14  99 
(Length: 3)  10  121  126 
(Length: 4)  10  69  82  90 
(Length: 3)  10  72  90 
(Length: 3)  10  75  90 
(Length: 3)  10  47  64 
(Length: 3)  10  39  82 
(Length: 4)  10  85  126  129 
(Length: 4)  10  34  69  82 
(Length: 4)  10  64  85  136 
(Length: 4)  10  82  90  129 
(Length: 3)  10  78  142 
(Length: 4)  10  72  101  126 
(Length: 5)  10  37  78  99  117 
(Length: 3)  10  39  55 
(Length: 3)  10  22  45 
(Length: 3)  10  37  90 
(Length: 4)  10  37  85  117 
(Length: 4)  10  28  85  117 
(Length: 3)  10  41  43 
(Length: 3)  10  22  72 
(Length: 3)  10  43  75 
(Length: 3)  10  67  111 
(Length: 3)  10  43  117 
(Length: 3)  10  41  123 
(Length: 3)  10  41  136 
(Length: 4)  10  22  34  123 
(Length: 3)  10  111  142 
(Length: 3)  10  111  136 
(Length: 3)  10  73  82 
(Length: 4)  10  64  85  126 
(Length: 3)  10  67  82 
(Length: 4)  10  28  34  85 
(Length: 3)  10  55  101 
(Length: 3)  10  55  142 
(Length: 4)  10  72  78  101 
(Length: 3)  10  39  85 
(Length: 4)  10  34  82  123 
(Length: 5)  10  34  69  85  136 
(Length: 4)  10  85  117  126 
(Length: 4)  10  28  99  117 
(Length: 3)  10  47  121 
(Length: 3)  11  65  68 
(Length: 3)  11  46  81 
(Length: 3)  11  65  115 
(Length: 4)  11  46  60  145 
(Length: 3)  11  41  115 
(Length: 4)  11  60  101  145 
(Length: 4)  11  41  46  123 
(Length: 4)  11  41  123  143 
(Length: 3)  11  60  115 
(Length: 3)  11  75  115 
(Length: 3)  11  65  143 
(Length: 4)  11  68  104  106 
(Length: 3)  11  12  33 
(Length: 4)  11  14  52  60 
(Length: 4)  11  46  60  123 
(Length: 3)  11  33  65 
(Length: 3)  11  33  41 
(Length: 3)  11  65  101 
(Length: 3)  11  12  123 
(Length: 4)  11  46  68  123 
(Length: 3)  11  14  56 
(Length: 4)  11  33  45  52 
(Length: 4)  11  60  101  104 
(Length: 4)  11  14  60  104 
(Length: 3)  11  33  56 
(Length: 3)  12  82  133 
(Length: 3)  12  34  84 
(Length: 3)  12  31  84 
(Length: 3)  12  27  149 
(Length: 3)  12  24  96 
(Length: 3)  12  24  82 
(Length: 3)  12  35  114 
(Length: 4)  12  34  35  51 
(Length: 4)  12  34  82  123 
(Length: 5)  12  34  51  85  96 
(Length: 3)  12  31  51 
(Length: 3)  12  27  33 
(Length: 3)  12  123  124 
(Length: 3)  12  24  84 
(Length: 3)  12  27  51 
(Length: 4)  13  15  38  62 
(Length: 3)  13  15  125 
(Length: 3)  13  18  133 
(Length: 3)  13  125  133 
(Length: 3)  13  73  125 
(Length: 3)  13  141  146 
(Length: 3)  13  38  60 
(Length: 3)  13  36  128 
(Length: 3)  13  36  60 
(Length: 3)  13  18  58 
(Length: 3)  13  50  60 
(Length: 3)  13  50  62 
(Length: 4)  13  50  58  102 
(Length: 3)  13  125  146 
(Length: 3)  13  58  120 
(Length: 3)  13  38  146 
(Length: 3)  13  82  133 
(Length: 3)  13  58  141 
(Length: 3)  13  36  53 
(Length: 4)  13  53  73  82 
(Length: 3)  13  26  120 
(Length: 3)  13  102  128 
(Length: 4)  13  38  73  82 
(Length: 4)  13  50  58  82 
(Length: 3)  13  26  53 
(Length: 3)  13  15  26 
(Length: 3)  13  15  36 
(Length: 4)  14  60  99  104 
(Length: 3)  14  19  107 
(Length: 3)  14  104  146 
(Length: 3)  14  84  99 
(Length: 3)  14  99  114 
(Length: 3)  14  48  107 
(Length: 4)  14  52  60  99 
(Length: 3)  14  19  52 
(Length: 3)  14  19  113 
(Length: 3)  14  19  114 
(Length: 3)  14  104  107 
(Length: 3)  14  48  114 
(Length: 3)  14  56  113 
(Length: 3)  14  60  113 
(Length: 3)  14  48  52 
(Length: 3)  15  25  77 
(Length: 3)  15  25  140 
(Length: 4)  15  38  95  101 
(Length: 4)  15  77  95  101 
(Length: 3)  15  35  125 
(Length: 3)  15  80  105 
(Length: 3)  15  21  26 
(Length: 4)  15  38  95  140 
(Length: 4)  15  38  62  99 
(Length: 3)  15  65  115 
(Length: 3)  15  36  109 
(Length: 3)  15  93  141 
(Length: 3)  15  35  38 
(Length: 3)  15  38  109 
(Length: 3)  15  35  77 
(Length: 4)  15  80  109  141 
(Length: 3)  15  32  62 
(Length: 3)  15  25  113 
(Length: 4)  15  33  77  97 
(Length: 3)  15  33  65 
(Length: 3)  15  36  93 
(Length: 3)  15  101  130 
(Length: 4)  15  21  33  99 
(Length: 4)  15  21  62  99 
(Length: 3)  15  21  80 
(Length: 3)  15  26  101 
(Length: 3)  15  26  105 
(Length: 3)  15  26  109 
(Length: 3)  15  115  125 
(Length: 4)  15  97  130  140 
(Length: 3)  15  80  140 
(Length: 3)  15  35  65 
(Length: 4)  15  33  99  141 
(Length: 4)  15  33  97  141 
(Length: 3)  15  36  65 
(Length: 3)  15  99  115 
(Length: 3)  15  65  101 
(Length: 3)  15  99  105 
(Length: 4)  15  33  97  130 
(Length: 3)  16  117  139 
(Length: 3)  16  117  143 
(Length: 3)  16  46  70 
(Length: 3)  16  51  117 
(Length: 3)  16  61  90 
(Length: 4)  16  69  127  139 
(Length: 3)  16  79  127 
(Length: 3)  16  51  90 
(Length: 3)  16  69  90 
(Length: 3)  16  66  70 
(Length: 3)  16  35  51 
(Length: 4)  16  33  77  79 
(Length: 3)  16  66  143 
(Length: 3)  16  79  80 
(Length: 3)  16  80  90 
(Length: 4)  16  43  61  117 
(Length: 4)  16  33  77  118 
(Length: 4)  16  61  77  118 
(Length: 3)  16  57  125 
(Length: 4)  16  35  77  118 
(Length: 3)  16  43  46 
(Length: 3)  16  43  66 
(Length: 3)  16  43  80 
(Length: 3)  16  51  70 
(Length: 3)  16  57  139 
(Length: 3)  16  22  35 
(Length: 4)  16  46  77  118 
(Length: 4)  16  35  125  135 
(Length: 4)  16  46  69  118 
(Length: 3)  16  125  143 
(Length: 3)  16  22  115 
(Length: 3)  16  117  135 
(Length: 3)  16  66  135 
(Length: 3)  16  80  139 
(Length: 3)  16  70  80 
(Length: 3)  16  22  139 
(Length: 3)  16  115  125 
(Length: 4)  16  57  61  77 
(Length: 3)  17  41  107 
(Length: 3)  17  98  130 
(Length: 3)  17  107  132 
(Length: 3)  17  27  30 
(Length: 3)  17  39  107 
(Length: 4)  17  59  102  103 
(Length: 3)  17  23  74 
(Length: 3)  17  23  103 
(Length: 4)  17  23  106  139 
(Length: 3)  17  23  136 
(Length: 3)  17  77  106 
(Length: 3)  17  39  130 
(Length: 4)  17  33  77  146 
(Length: 4)  17  41  102  136 
(Length: 3)  17  103  146 
(Length: 3)  17  106  107 
(Length: 3)  17  74  130 
(Length: 4)  17  61  63  87 
(Length: 3)  17  61  74 
(Length: 4)  17  77  132  146 
(Length: 4)  17  33  41  130 
(Length: 3)  17  27  33 
(Length: 3)  17  27  98 
(Length: 3)  17  59  106 
(Length: 4)  17  61  77  87 
(Length: 4)  17  30  63  132 
(Length: 3)  17  39  112 
(Length: 3)  17  102  112 
(Length: 4)  17  98  102  136 
(Length: 3)  18  58  64 
(Length: 3)  18  81  109 
(Length: 3)  18  71  100 
(Length: 3)  18  92  121 
(Length: 3)  18  71  140 
(Length: 3)  18  74  76 
(Length: 4)  18  22  122  133 
(Length: 4)  18  22  45  139 
(Length: 3)  18  74  81 
(Length: 3)  18  81  139 
(Length: 3)  18  63  129 
(Length: 4)  18  63  122  140 
(Length: 4)  18  109  122  133 
(Length: 3)  18  42  63 
(Length: 3)  18  42  71 
(Length: 4)  18  63  122  139 
(Length: 3)  18  42  58 
(Length: 3)  18  59  129 
(Length: 4)  18  92  122  140 
(Length: 3)  18  92  100 
(Length: 3)  18  59  140 
(Length: 4)  18  22  122  140 
(Length: 3)  18  77  100 
(Length: 4)  18  45  52  109 
(Length: 3)  18  71  74 
(Length: 4)  18  77  122  133 
(Length: 3)  18  42  59 
(Length: 4)  18  22  122  139 
(Length: 3)  18  100  129 
(Length: 3)  18  100  131 
(Length: 3)  19  24  113 
(Length: 3)  19  53  80 
(Length: 4)  19  26  53  81 
(Length: 4)  19  49  55  125 
(Length: 4)  19  26  53  101 
(Length: 4)  19  49  75  107 
(Length: 3)  19  125  145 
(Length: 3)  19  80  109 
(Length: 3)  19  101  145 
(Length: 3)  19  61  133 
(Length: 3)  19  70  75 
(Length: 4)  19  26  66  81 
(Length: 3)  19  52  66 
(Length: 3)  19  61  81 
(Length: 4)  19  24  52  109 
(Length: 3)  19  55  142 
(Length: 3)  19  80  129 
(Length: 3)  19  70  80 
(Length: 3)  19  61  129 
(Length: 3)  19  109  133 
(Length: 3)  19  24  53 
(Length: 4)  19  26  53  107 
(Length: 4)  19  26  81  109 
(Length: 3)  19  80  114 
(Length: 4)  19  66  81  113 
(Length: 3)  19  49  80 
(Length: 3)  19  65  129 
(Length: 4)  19  66  70  113 
(Length: 4)  19  49  125  133 
(Length: 4)  19  53  65  101 
(Length: 4)  19  26  66  101 
(Length: 4)  19  55  65  101 
(Length: 3)  20  99  118 
(Length: 4)  20  70  100  147 
(Length: 3)  20  24  115 
(Length: 3)  20  29  47 
(Length: 3)  20  74  95 
(Length: 3)  20  79  147 
(Length: 3)  20  70  74 
(Length: 3)  20  79  119 
(Length: 3)  20  70  119 
(Length: 3)  20  56  95 
(Length: 3)  20  24  147 
(Length: 3)  20  47  100 
(Length: 3)  20  32  74 
(Length: 3)  20  47  115 
(Length: 4)  20  95  100  147 
(Length: 3)  20  99  115 
(Length: 3)  20  29  44 
(Length: 4)  21  94  112  116 
(Length: 4)  21  33  56  92 
(Length: 3)  21  37  85 
(Length: 3)  21  40  85 
(Length: 5)  21  56  80  92  116 
(Length: 3)  21  56  85 
(Length: 3)  21  40  131 
(Length: 4)  21  33  92  99 
(Length: 3)  21  56  131 
(Length: 3)  21  40  62 
(Length: 3)  21  62  123 
(Length: 4)  21  41  116  123 
(Length: 3)  21  33  146 
(Length: 4)  21  112  116  123 
(Length: 3)  21  26  40 
(Length: 3)  21  40  116 
(Length: 5)  21  80  92  94  116 
(Length: 4)  21  89  92  99 
(Length: 3)  21  26  89 
(Length: 3)  21  37  99 
(Length: 3)  21  33  41 
(Length: 3)  22  34  132 
(Length: 3)  22  34  115 
(Length: 3)  22  106  133 
(Length: 3)  22  26  132 
(Length: 3)  22  34  140 
(Length: 4)  22  95  122  140 
(Length: 3)  22  26  106 
(Length: 3)  22  106  139 
(Length: 3)  22  34  35 
(Length: 4)  22  95  122  133 
(Length: 4)  23  50  54  136 
(Length: 3)  23  110  149 
(Length: 4)  23  54  103  104 
(Length: 4)  23  85  117  143 
(Length: 3)  23  54  56 
(Length: 3)  23  85  136 
(Length: 3)  23  103  117 
(Length: 3)  23  113  136 
(Length: 4)  23  97  141  143 
(Length: 4)  23  50  104  110 
(Length: 3)  23  54  97 
(Length: 3)  23  50  52 
(Length: 3)  23  56  85 
(Length: 4)  23  104  106  118 
(Length: 3)  23  117  139 
(Length: 3)  23  53  74 
(Length: 3)  23  97  110 
(Length: 3)  23  52  141 
(Length: 4)  23  50  110  139 
(Length: 3)  23  56  113 
(Length: 3)  23  117  149 
(Length: 4)  23  50  90  104 
(Length: 4)  23  50  54  104 
(Length: 3)  23  97  106 
(Length: 3)  23  74  141 
(Length: 4)  23  85  104  143 
(Length: 4)  23  90  103  104 
(Length: 3)  24  54  96 
(Length: 4)  24  50  68  116 
(Length: 3)  24  84  116 
(Length: 3)  24  36  147 
(Length: 3)  24  72  147 
(Length: 3)  24  82  147 
(Length: 4)  24  50  115  116 
(Length: 4)  24  48  52  109 
(Length: 3)  24  42  53 
(Length: 3)  24  38  82 
(Length: 3)  24  42  116 
(Length: 3)  24  36  53 
(Length: 4)  24  38  40  96 
(Length: 3)  24  96  144 
(Length: 3)  24  82  98 
(Length: 3)  24  53  82 
(Length: 3)  24  50  82 
(Length: 3)  24  50  72 
(Length: 4)  24  50  68  109 
(Length: 4)  24  40  68  116 
(Length: 3)  24  48  147 
(Length: 4)  24  36  68  109 
(Length: 3)  24  53  84 
(Length: 3)  24  98  144 
(Length: 4)  24  42  48  59 
(Length: 3)  24  84  147 
(Length: 3)  24  38  109 
(Length: 4)  24  38  40  116 
(Length: 3)  24  50  54 
(Length: 3)  24  40  120 
(Length: 3)  24  36  54 
(Length: 4)  24  50  52  109 
(Length: 3)  25  40  131 
(Length: 3)  25  64  132 
(Length: 3)  25  148  149 
(Length: 4)  25  40  85  138 
(Length: 3)  25  40  140 
(Length: 3)  25  70  113 
(Length: 3)  25  70  140 
(Length: 3)  25  59  138 
(Length: 3)  25  59  140 
(Length: 4)  25  40  64  85 
(Length: 4)  25  70  100  131 
(Length: 3)  25  77  100 
(Length: 3)  25  77  79 
(Length: 4)  25  68  77  148 
(Length: 4)  25  40  64  68 
(Length: 3)  25  77  132 
(Length: 3)  26  39  137 
(Length: 4)  26  40  68  137 
(Length: 3)  26  68  109 
(Length: 3)  26  53  137 
(Length: 3)  26  53  71 
(Length: 3)  26  106  107 
(Length: 4)  26  40  66  81 
(Length: 4)  26  31  89  107 
(Length: 4)  26  40  66  71 
(Length: 4)  26  40  71  120 
(Length: 3)  26  66  124 
(Length: 3)  26  107  132 
(Length: 4)  26  71  89  120 
(Length: 3)  26  89  105 
(Length: 4)  26  40  66  101 
(Length: 4)  26  68  106  124 
(Length: 3)  26  39  107 
(Length: 3)  26  71  132 
(Length: 4)  27  30  40  68 
(Length: 3)  27  30  51 
(Length: 3)  27  51  117 
(Length: 3)  27  48  100 
(Length: 4)  27  117  145  149 
(Length: 3)  27  48  117 
(Length: 3)  27  49  68 
(Length: 3)  27  100  145 
(Length: 3)  27  29  51 
(Length: 3)  27  29  145 
(Length: 3)  27  33  76 
(Length: 4)  27  40  68  76 
(Length: 3)  27  98  117 
(Length: 4)  28  34  92  125 
(Length: 4)  28  38  61  95 
(Length: 3)  28  61  117 
(Length: 4)  28  35  125  135 
(Length: 3)  28  35  53 
(Length: 4)  28  35  38  135 
(Length: 4)  28  92  99  117 
(Length: 4)  28  34  115  125 
(Length: 3)  28  57  108 
(Length: 4)  28  57  85  95 
(Length: 4)  28  34  85  115 
(Length: 3)  28  53  95 
(Length: 3)  28  35  56 
(Length: 4)  28  56  85  95 
(Length: 3)  28  117  135 
(Length: 3)  28  99  115 
(Length: 4)  28  89  92  99 
(Length: 4)  28  34  35  38 
(Length: 3)  28  56  92 
(Length: 4)  28  34  35  125 
(Length: 4)  28  34  38  61 
(Length: 3)  28  57  125 
(Length: 4)  28  57  61  95 
(Length: 3)  28  108  115 
(Length: 4)  28  38  89  99 
(Length: 3)  29  85  145 
(Length: 3)  29  36  54 
(Length: 3)  29  34  61 
(Length: 3)  29  54  97 
(Length: 4)  29  44  57  61 
(Length: 5)  29  44  51  85  96 
(Length: 3)  29  96  139 
(Length: 3)  29  54  96 
(Length: 4)  29  43  44  61 
(Length: 4)  29  47  51  97 
(Length: 4)  29  44  57  85 
(Length: 5)  29  34  51  85  96 
(Length: 3)  29  51  122 
(Length: 3)  29  97  145 
(Length: 3)  30  36  94 
(Length: 3)  30  85  129 
(Length: 3)  30  31  51 
(Length: 3)  30  88  132 
(Length: 3)  30  69  88 
(Length: 4)  30  34  40  85 
(Length: 3)  30  34  61 
(Length: 3)  30  36  68 
(Length: 3)  30  36  67 
(Length: 3)  30  34  132 
(Length: 4)  30  40  68  90 
(Length: 3)  30  51  122 
(Length: 3)  30  51  90 
(Length: 4)  30  61  90  129 
(Length: 4)  30  34  40  68 
(Length: 4)  30  61  63  129 
(Length: 3)  30  94  129 
(Length: 4)  30  34  51  85 
(Length: 4)  30  56  69  85 
(Length: 3)  30  91  94 
(Length: 3)  30  69  90 
(Length: 4)  30  34  69  85 
(Length: 3)  30  36  56 
(Length: 5)  30  56  63  91  122 
(Length: 3)  31  118  126 
(Length: 4)  31  38  89  107 
(Length: 3)  31  41  136 
(Length: 3)  31  51  97 
(Length: 3)  31  74  126 
(Length: 3)  31  48  107 
(Length: 3)  31  126  128 
(Length: 3)  31  46  118 
(Length: 3)  31  74  84 
(Length: 4)  31  41  46  107 
(Length: 3)  31  48  97 
(Length: 3)  31  38  51 
(Length: 3)  31  104  107 
(Length: 3)  31  73  104 
(Length: 3)  31  97  128 
(Length: 4)  31  38  46  74 
(Length: 3)  31  46  97 
(Length: 4)  31  38  73  89 
(Length: 3)  31  104  118 
(Length: 3)  32  72  141 
(Length: 3)  32  42  116 
(Length: 3)  32  116  142 
(Length: 4)  32  42  48  63 
(Length: 3)  32  91  134 
(Length: 3)  32  62  72 
(Length: 3)  32  42  71 
(Length: 3)  32  72  91 
(Length: 3)  32  62  74 
(Length: 3)  32  71  120 
(Length: 3)  32  63  91 
(Length: 3)  32  134  141 
(Length: 3)  32  74  141 
(Length: 4)  32  71  74  91 
(Length: 4)  33  65  88  92 
(Length: 4)  33  45  86  99 
(Length: 3)  33  86  130 
(Length: 3)  33  99  118 
(Length: 4)  33  56  91  130 
(Length: 4)  33  77  79  146 
(Length: 3)  33  53  79 
(Length: 4)  33  88  92  99 
(Length: 4)  33  52  99  141 
(Length: 4)  33  41  91  130 
(Length: 3)  33  79  130 
(Length: 4)  33  77  118  146 
(Length: 4)  33  56  92  130 
(Length: 3)  33  91  118 
(Length: 3)  33  41  53 
(Length: 3)  33  53  65 
(Length: 4)  33  88  92  130 
(Length: 3)  33  141  146 
(Length: 4)  33  50  88  92 
(Length: 4)  33  45  52  99 
(Length: 3)  33  50  52 
(Length: 4)  34  40  125  136 
(Length: 3)  34  134  140 
(Length: 3)  34  84  92 
(Length: 5)  34  38  40  71  140 
(Length: 4)  34  46  68  123 
(Length: 4)  34  40  68  136 
(Length: 4)  34  38  46  123 
(Length: 4)  34  38  61  71 
(Length: 4)  34  38  82  123 
(Length: 3)  34  61  87 
(Length: 4)  34  85  98  136 
(Length: 5)  34  69  85  134  136 
(Length: 4)  34  40  85  136 
(Length: 4)  34  82  98  123 
(Length: 4)  34  98  102  136 
(Length: 3)  34  98  140 
(Length: 4)  34  69  84  136 
(Length: 3)  34  123  125 
(Length: 4)  34  38  51  96 
(Length: 3)  34  87  140 
(Length: 3)  34  92  140 
(Length: 3)  34  46  69 
(Length: 4)  34  38  40  96 
(Length: 4)  34  40  71  125 
(Length: 4)  34  35  38  51 
(Length: 3)  34  35  98 
(Length: 3)  34  71  132 
(Length: 4)  34  40  85  96 
(Length: 3)  34  46  92 
(Length: 3)  34  87  125 
(Length: 3)  34  84  132 
(Length: 4)  34  69  102  136 
(Length: 3)  34  132  134 
(Length: 3)  35  88  98 
(Length: 3)  35  38  107 
(Length: 3)  35  77  110 
(Length: 4)  35  65  88  110 
(Length: 3)  35  73  125 
(Length: 3)  35  125  126 
(Length: 3)  35  51  53 
(Length: 3)  35  38  146 
(Length: 3)  35  56  58 
(Length: 4)  35  53  65  73 
(Length: 3)  35  53  107 
(Length: 4)  35  56  98  131 
(Length: 3)  35  58  88 
(Length: 3)  35  114  118 
(Length: 3)  35  107  110 
(Length: 3)  35  118  126 
(Length: 3)  35  51  58 
(Length: 4)  35  77  118  146 
(Length: 3)  35  107  131 
(Length: 3)  35  65  126 
(Length: 3)  35  110  114 
(Length: 3)  35  125  146 
(Length: 3)  35  38  73 
(Length: 4)  36  53  65  67 
(Length: 4)  36  65  110  112 
(Length: 3)  36  92  94 
(Length: 3)  36  54  56 
(Length: 3)  36  56  92 
(Length: 3)  36  65  68 
(Length: 3)  36  93  112 
(Length: 3)  36  65  92 
(Length: 4)  36  53  65  112 
(Length: 3)  36  94  112 
(Length: 3)  36  45  112 
(Length: 3)  36  67  93 
(Length: 3)  36  94  147 
(Length: 3)  37  60  87 
(Length: 4)  37  52  60  99 
(Length: 4)  37  45  52  99 
(Length: 3)  37  76  90 
(Length: 4)  38  67  82  145 
(Length: 4)  38  46  60  145 
(Length: 3)  38  145  146 
(Length: 4)  38  67  82  95 
(Length: 4)  38  46  60  123 
(Length: 4)  38  78  101  145 
(Length: 4)  38  40  101  116 
(Length: 3)  38  61  78 
(Length: 4)  38  78  94  101 
(Length: 4)  38  46  62  74 
(Length: 3)  38  46  109 
(Length: 3)  38  62  127 
(Length: 4)  38  73  82  127 
(Length: 3)  38  49  107 
(Length: 4)  38  60  101  145 
(Length: 3)  38  49  62 
(Length: 3)  38  51  101 
(Length: 4)  38  73  127  140 
(Length: 4)  38  61  74  95 
(Length: 5)  38  60  89  96  99 
(Length: 3)  38  49  95 
(Length: 4)  38  40  78  101 
(Length: 4)  38  61  71  74 
(Length: 4)  38  94  101  116 
(Length: 4)  38  46  62  123 
(Length: 3)  38  135  140 
(Length: 4)  38  78  89  99 
(Length: 4)  38  67  71  89 
(Length: 4)  38  40  73  140 
(Length: 3)  38  40  62 
(Length: 3)  39  82  137 
(Length: 3)  39  86  130 
(Length: 3)  39  85  145 
(Length: 3)  39  119  128 
(Length: 3)  39  85  107 
(Length: 3)  39  55  112 
(Length: 3)  39  130  137 
(Length: 3)  39  82  145 
(Length: 4)  40  68  76  136 
(Length: 4)  40  64  68  136 
(Length: 3)  40  137  140 
(Length: 3)  40  68  78 
(Length: 3)  40  62  137 
(Length: 3)  40  64  120 
(Length: 4)  40  64  85  136 
(Length: 3)  40  76  120 
(Length: 3)  40  125  138 
(Length: 3)  40  125  137 
(Length: 3)  40  73  125 
(Length: 3)  40  62  81 
(Length: 3)  40  66  138 
(Length: 3)  40  118  137 
(Length: 3)  40  131  137 
(Length: 3)  40  96  118 
(Length: 3)  40  78  118 
(Length: 4)  40  68  116  137 
(Length: 4)  40  68  76  90 
(Length: 3)  40  96  131 
(Length: 3)  41  91  133 
(Length: 4)  41  93  102  116 
(Length: 4)  41  93  116  123 
(Length: 4)  41  42  58  123 
(Length: 3)  41  46  70 
(Length: 4)  41  43  46  137 
(Length: 3)  41  58  137 
(Length: 4)  41  46  116  137 
(Length: 4)  41  42  58  70 
(Length: 4)  41  46  116  123 
(Length: 3)  41  133  143 
(Length: 4)  41  116  123  143 
(Length: 4)  41  53  95  137 
(Length: 4)  41  43  95  137 
(Length: 4)  41  42  53  95 
(Length: 3)  41  110  130 
(Length: 4)  41  95  133  137 
(Length: 3)  41  42  130 
(Length: 3)  41  115  116 
(Length: 4)  41  42  53  123 
(Length: 4)  41  42  116  123 
(Length: 3)  41  108  115 
(Length: 4)  41  42  53  107 
(Length: 3)  41  95  102 
(Length: 4)  41  46  107  108 
(Length: 3)  41  58  115 
(Length: 4)  41  46  107  110 
(Length: 3)  41  58  102 
(Length: 3)  41  130  137 
(Length: 3)  41  91  136 
(Length: 4)  41  42  119  123 
(Length: 4)  41  42  70  119 
(Length: 4)  42  48  88  132 
(Length: 3)  42  61  71 
(Length: 4)  42  57  61  95 
(Length: 3)  42  61  117 
(Length: 4)  42  58  88  132 
(Length: 4)  42  53  67  71 
(Length: 3)  42  119  128 
(Length: 3)  42  71  132 
(Length: 3)  42  63  70 
(Length: 3)  42  97  128 
(Length: 3)  42  117  130 
(Length: 3)  42  116  128 
(Length: 3)  42  67  117 
(Length: 4)  42  53  67  95 
(Length: 3)  42  88  130 
(Length: 3)  42  53  63 
(Length: 4)  42  57  61  63 
(Length: 3)  42  97  130 
(Length: 4)  42  48  63  132 
(Length: 4)  42  48  59  117 
(Length: 4)  42  48  107  132 
(Length: 4)  42  48  97  132 
(Length: 3)  43  61  95 
(Length: 3)  43  48  109 
(Length: 4)  43  80  109  141 
(Length: 3)  43  103  117 
(Length: 4)  43  95  103  104 
(Length: 3)  43  75  103 
(Length: 4)  43  95  103  137 
(Length: 4)  43  103  104  109 
(Length: 3)  43  66  95 
(Length: 3)  43  66  144 
(Length: 4)  43  46  109  141 
(Length: 3)  43  48  117 
(Length: 3)  43  44  104 
(Length: 3)  44  94  149 
(Length: 3)  44  61  133 
(Length: 3)  44  82  127 
(Length: 3)  44  82  133 
(Length: 3)  44  104  133 
(Length: 4)  44  57  85  104 
(Length: 4)  45  89  99  105 
(Length: 4)  45  86  99  105 
(Length: 3)  45  89  113 
(Length: 4)  45  48  52  109 
(Length: 4)  46  77  97  145 
(Length: 4)  46  69  97  110 
(Length: 3)  46  74  141 
(Length: 3)  46  68  74 
(Length: 3)  46  97  141 
(Length: 4)  46  68  116  137 
(Length: 4)  46  50  81  109 
(Length: 3)  46  70  100 
(Length: 4)  46  50  68  109 
(Length: 4)  46  62  74  81 
(Length: 5)  46  68  77  116  123 
(Length: 4)  46  54  69  108 
(Length: 5)  46  50  68  116  123 
(Length: 4)  46  54  69  97 
(Length: 3)  46  62  137 
(Length: 3)  46  50  110 
(Length: 3)  46  118  137 
(Length: 4)  46  50  92  116 
(Length: 4)  46  62  69  74 
(Length: 4)  46  62  70  74 
(Length: 4)  46  54  62  69 
(Length: 4)  46  100  107  108 
(Length: 3)  46  107  141 
(Length: 5)  46  77  100  108  145 
(Length: 4)  46  50  62  81 
(Length: 4)  46  50  62  123 
(Length: 4)  46  77  97  110 
(Length: 4)  46  50  54  62 
(Length: 4)  46  92  100  107 
(Length: 4)  46  92  116  137 
(Length: 4)  46  50  60  123 
(Length: 3)  47  108  121 
(Length: 4)  47  97  114  140 
(Length: 4)  47  92  137  140 
(Length: 3)  47  114  115 
(Length: 3)  47  140  144 
(Length: 3)  47  115  116 
(Length: 5)  47  67  71  89  120 
(Length: 3)  47  100  144 
(Length: 3)  47  92  100 
(Length: 4)  47  92  116  137 
(Length: 3)  47  92  121 
(Length: 3)  47  64  108 
(Length: 4)  47  116  137  142 
(Length: 3)  47  89  92 
(Length: 4)  47  67  108  115 
(Length: 3)  47  100  108 
(Length: 3)  47  64  120 
(Length: 3)  47  89  142 
(Length: 3)  47  71  100 
(Length: 3)  48  63  129 
(Length: 3)  48  93  135 
(Length: 3)  48  97  135 
(Length: 4)  48  97  110  114 
(Length: 3)  48  100  147 
(Length: 3)  48  100  129 
(Length: 3)  48  100  107 
(Length: 3)  48  59  148 
(Length: 3)  48  88  110 
(Length: 3)  48  107  110 
(Length: 3)  48  114  147 
(Length: 3)  48  117  135 
(Length: 3)  48  59  129 
(Length: 3)  49  75  115 
(Length: 3)  49  115  125 
(Length: 3)  49  54  119 
(Length: 5)  49  54  104  125  133 
(Length: 3)  49  54  62 
(Length: 4)  49  90  104  107 
(Length: 4)  49  55  104  125 
(Length: 4)  49  95  104  133 
(Length: 4)  49  83  95  133 
(Length: 3)  49  80  90 
(Length: 4)  49  75  90  107 
(Length: 4)  49  68  90  104 
(Length: 3)  50  52  94 
(Length: 3)  50  92  140 
(Length: 5)  50  93  102  112  116 
(Length: 3)  50  52  60 
(Length: 4)  50  82  90  129 
(Length: 3)  50  126  129 
(Length: 4)  50  68  109  136 
(Length: 3)  50  114  115 
(Length: 4)  50  68  90  104 
(Length: 4)  50  88  104  110 
(Length: 4)  50  104  110  112 
(Length: 4)  50  63  104  140 
(Length: 4)  50  68  123  124 
(Length: 4)  50  94  112  116 
(Length: 3)  50  126  139 
(Length: 3)  50  81  139 
(Length: 3)  50  114  136 
(Length: 3)  50  88  136 
(Length: 3)  50  115  124 
(Length: 4)  50  63  102  136 
(Length: 3)  50  92  124 
(Length: 3)  50  110  114 
(Length: 3)  50  94  129 
(Length: 4)  50  92  94  116 
(Length: 3)  50  72  94 
(Length: 5)  50  93  112  116  123 
(Length: 3)  50  72  90 
(Length: 3)  50  114  140 
(Length: 3)  50  60  115 
(Length: 3)  50  60  72 
(Length: 4)  50  58  82  123 
(Length: 3)  50  58  115 
(Length: 3)  50  58  88 
(Length: 3)  50  58  72 
(Length: 4)  50  58  68  123 
(Length: 4)  50  54  104  140 
(Length: 4)  50  68  104  109 
(Length: 3)  50  62  127 
(Length: 4)  50  54  102  136 
(Length: 4)  50  62  72  126 
(Length: 4)  50  82  127  129 
(Length: 4)  50  63  127  139 
(Length: 3)  50  60  104 
(Length: 4)  50  63  127  129 
(Length: 4)  50  63  127  140 
(Length: 3)  50  63  124 
(Length: 3)  51  70  119 
(Length: 3)  51  58  72 
(Length: 3)  51  72  101 
(Length: 3)  51  85  117 
(Length: 3)  51  58  96 
(Length: 3)  51  53  101 
(Length: 3)  51  72  90 
(Length: 3)  51  85  138 
(Length: 3)  51  58  70 
(Length: 3)  52  109  141 
(Length: 3)  52  60  111 
(Length: 3)  52  60  66 
(Length: 3)  52  94  111 
(Length: 3)  52  67  95 
(Length: 3)  52  67  111 
(Length: 3)  52  66  95 
(Length: 4)  53  79  112  123 
(Length: 4)  53  73  79  127 
(Length: 3)  53  65  137 
(Length: 4)  53  63  80  140 
(Length: 4)  53  71  80  140 
(Length: 4)  53  82  95  137 
(Length: 3)  53  71  74 
(Length: 3)  53  95  101 
(Length: 4)  53  63  137  140 
(Length: 3)  53  79  80 
(Length: 3)  53  74  84 
(Length: 4)  53  74  81  95 
(Length: 4)  53  63  127  140 
(Length: 4)  53  65  73  112 
(Length: 4)  53  73  127  140 
(Length: 3)  53  79  81 
(Length: 4)  53  73  82  127 
(Length: 3)  53  84  127 
(Length: 4)  53  95  137  140 
(Length: 3)  53  82  123 
(Length: 4)  53  73  79  112 
(Length: 4)  53  67  82  95 
(Length: 4)  54  56  69  102 
(Length: 4)  54  56  87  140 
(Length: 3)  54  97  140 
(Length: 3)  54  102  103 
(Length: 3)  54  89  96 
(Length: 3)  54  125  136 
(Length: 3)  54  119  140 
(Length: 4)  54  69  102  136 
(Length: 4)  54  87  104  125 
(Length: 5)  54  87  103  104  140 
(Length: 4)  55  93  112  142 
(Length: 3)  55  76  143 
(Length: 4)  55  104  125  143 
(Length: 3)  55  76  120 
(Length: 3)  55  132  146 
(Length: 3)  55  93  134 
(Length: 3)  55  58  142 
(Length: 3)  55  134  140 
(Length: 3)  55  101  104 
(Length: 4)  55  104  125  146 
(Length: 3)  55  65  112 
(Length: 3)  55  65  134 
(Length: 4)  55  57  104  125 
(Length: 3)  55  65  143 
(Length: 4)  55  57  104  140 
(Length: 3)  55  104  112 
(Length: 4)  55  58  132  134 
(Length: 3)  55  58  120 
(Length: 3)  56  63  113 
(Length: 3)  56  58  113 
(Length: 4)  56  91  122  130 
(Length: 5)  56  92  122  130  140 
(Length: 4)  56  98  130  140 
(Length: 4)  56  69  85  95 
(Length: 4)  56  80  92  140 
(Length: 4)  56  63  80  140 
(Length: 3)  56  63  102 
(Length: 4)  56  92  116  122 
(Length: 4)  56  63  87  140 
(Length: 3)  56  58  102 
(Length: 3)  56  102  116 
(Length: 4)  56  95  122  140 
(Length: 4)  56  69  95  102 
(Length: 4)  56  63  122  140 
(Length: 3)  56  98  102 
(Length: 4)  56  87  130  140 
(Length: 3)  56  85  98 
(Length: 3)  57  77  108 
(Length: 4)  57  63  104  140 
(Length: 3)  57  103  148 
(Length: 4)  57  85  95  104 
(Length: 3)  57  77  148 
(Length: 4)  57  61  77  95 
(Length: 4)  57  103  104  109 
(Length: 5)  57  95  103  104  140 
(Length: 4)  57  85  104  109 
(Length: 3)  57  109  141 
(Length: 3)  58  86  105 
(Length: 3)  58  68  78 
(Length: 3)  58  78  142 
(Length: 3)  58  72  113 
(Length: 3)  58  82  137 
(Length: 3)  58  96  142 
(Length: 3)  58  64  120 
(Length: 3)  58  103  137 
(Length: 4)  58  64  88  132 
(Length: 3)  58  64  68 
(Length: 3)  58  113  120 
(Length: 3)  58  102  103 
(Length: 3)  58  134  141 
(Length: 4)  58  72  78  141 
(Length: 3)  58  102  105 
(Length: 3)  58  137  142 
(Length: 3)  58  86  123 
(Length: 3)  58  70  113 
(Length: 3)  58  68  137 
(Length: 3)  58  78  102 
(Length: 4)  59  103  117  140 
(Length: 4)  59  103  137  140 
(Length: 3)  59  103  148 
(Length: 3)  59  66  91 
(Length: 3)  59  117  145 
(Length: 3)  59  91  103 
(Length: 3)  59  129  137 
(Length: 3)  59  66  138 
(Length: 3)  60  91  104 
(Length: 3)  60  72  113 
(Length: 3)  60  89  113 
(Length: 3)  60  99  115 
(Length: 3)  60  91  111 
(Length: 3)  60  66  87 
(Length: 3)  60  66  113 
(Length: 3)  60  66  101 
(Length: 3)  60  87  104 
(Length: 4)  60  66  91  134 
(Length: 3)  60  72  91 
(Length: 3)  60  72  101 
(Length: 4)  61  63  118  124 
(Length: 4)  61  74  81  95 
(Length: 3)  61  87  147 
(Length: 3)  61  76  90 
(Length: 3)  61  81  87 
(Length: 3)  61  74  124 
(Length: 3)  61  71  110 
(Length: 3)  61  74  76 
(Length: 3)  61  78  117 
(Length: 4)  61  77  78  118 
(Length: 3)  61  76  147 
(Length: 4)  61  63  78  118 
(Length: 3)  61  95  147 
(Length: 3)  61  71  90 
(Length: 3)  61  77  110 
(Length: 4)  61  77  95  133 
(Length: 3)  61  71  147 
(Length: 3)  62  84  99 
(Length: 4)  62  69  84  127 
(Length: 3)  62  74  126 
(Length: 3)  62  79  123 
(Length: 4)  62  69  74  84 
(Length: 3)  62  79  127 
(Length: 4)  63  91  104  118 
(Length: 3)  63  118  137 
(Length: 3)  63  91  136 
(Length: 4)  63  87  137  140 
(Length: 3)  63  80  132 
(Length: 3)  63  129  137 
(Length: 4)  63  91  118  124 
(Length: 3)  63  80  129 
(Length: 3)  63  70  113 
(Length: 3)  63  91  127 
(Length: 4)  63  70  87  140 
(Length: 4)  63  70  80  140 
(Length: 3)  64  91  127 
(Length: 3)  64  88  130 
(Length: 3)  64  120  135 
(Length: 3)  64  112  135 
(Length: 3)  64  88  136 
(Length: 3)  64  91  136 
(Length: 3)  64  108  126 
(Length: 3)  64  91  130 
(Length: 3)  64  120  126 
(Length: 3)  65  101  126 
(Length: 3)  65  67  115 
(Length: 4)  65  88  92  121 
(Length: 3)  65  129  137 
(Length: 3)  65  68  137 
(Length: 3)  65  126  129 
(Length: 4)  65  67  126  134 
(Length: 4)  65  121  126  134 
(Length: 3)  65  92  137 
(Length: 3)  66  113  135 
(Length: 3)  66  124  138 
(Length: 3)  66  81  95 
(Length: 3)  66  95  101 
(Length: 3)  66  81  87 
(Length: 3)  66  100  144 
(Length: 3)  66  95  134 
(Length: 3)  66  71  100 
(Length: 3)  66  71  91 
(Length: 3)  66  83  124 
(Length: 3)  66  83  95 
(Length: 3)  66  91  124 
(Length: 3)  66  87  143 
(Length: 3)  66  70  100 
(Length: 3)  66  70  87 
(Length: 3)  66  95  100 
(Length: 3)  67  93  134 
(Length: 3)  67  108  126 
(Length: 3)  67  117  145 
(Length: 3)  67  93  111 
(Length: 3)  67  108  111 
(Length: 4)  67  95  126  134 
(Length: 4)  67  82  108  145 
(Length: 3)  67  120  126 
(Length: 3)  68  74  124 
(Length: 4)  68  76  136  148 
(Length: 3)  68  74  76 
(Length: 4)  68  76  90  148 
(Length: 4)  68  77  78  148 
(Length: 4)  68  77  78  106 
(Length: 3)  69  82  106 
(Length: 3)  69  118  134 
(Length: 3)  69  84  110 
(Length: 3)  69  90  146 
(Length: 3)  69  110  139 
(Length: 4)  69  85  95  134 
(Length: 3)  69  85  138 
(Length: 3)  69  118  146 
(Length: 3)  69  88  138 
(Length: 3)  69  82  95 
(Length: 3)  69  97  106 
(Length: 3)  69  82  108 
(Length: 3)  69  106  118 
(Length: 3)  69  82  127 
(Length: 3)  69  74  95 
(Length: 3)  69  88  110 
(Length: 3)  70  80  100 
(Length: 3)  70  98  131 
(Length: 4)  70  98  119  140 
(Length: 3)  70  87  147 
(Length: 3)  70  75  147 
(Length: 3)  71  100  147 
(Length: 3)  71  80  90 
(Length: 3)  71  80  132 
(Length: 3)  71  80  100 
(Length: 3)  72  125  126 
(Length: 3)  72  91  94 
(Length: 4)  72  94  101  147 
(Length: 4)  72  78  94  101 
(Length: 3)  73  104  140 
(Length: 3)  73  89  105 
(Length: 3)  73  104  112 
(Length: 3)  73  104  105 
(Length: 4)  73  79  83  89 
(Length: 3)  73  91  104 
(Length: 3)  73  104  125 
(Length: 3)  73  105  127 
(Length: 3)  73  130  140 
(Length: 3)  73  91  127 
(Length: 3)  73  91  130 
(Length: 3)  74  95  126 
(Length: 3)  74  84  141 
(Length: 3)  74  84  130 
(Length: 4)  74  91  124  130 
(Length: 3)  75  106  107 
(Length: 3)  75  90  103 
(Length: 3)  76  136  147 
(Length: 3)  76  102  136 
(Length: 3)  77  79  83 
(Length: 3)  77  83  97 
(Length: 4)  77  95  122  133 
(Length: 4)  77  78  101  145 
(Length: 3)  77  79  123 
(Length: 3)  77  106  133 
(Length: 4)  77  132  145  146 
(Length: 3)  77  101  116 
(Length: 3)  77  116  122 
(Length: 3)  77  79  87 
(Length: 3)  77  95  100 
(Length: 4)  77  97  132  145 
(Length: 4)  77  83  95  133 
(Length: 4)  77  78  106  118 
(Length: 4)  77  101  108  145 
(Length: 3)  78  148  149 
(Length: 3)  78  101  102 
(Length: 3)  78  80  94 
(Length: 4)  78  117  145  149 
(Length: 3)  78  98  141 
(Length: 3)  78  80  141 
(Length: 3)  78  94  149 
(Length: 3)  78  89  142 
(Length: 3)  78  98  102 
(Length: 3)  78  80  114 
(Length: 4)  78  99  114  118 
(Length: 3)  78  98  117 
(Length: 4)  78  89  99  141 
(Length: 3)  79  80  114 
(Length: 3)  79  81  87 
(Length: 3)  79  87  147 
(Length: 3)  79  119  123 
(Length: 3)  79  127  147 
(Length: 3)  79  111  147 
(Length: 3)  79  114  147 
(Length: 3)  80  84  132 
(Length: 3)  80  84  141 
(Length: 3)  80  90  129 
(Length: 3)  80  92  100 
(Length: 3)  80  100  105 
(Length: 4)  80  84  92  116 
(Length: 4)  80  114  134  140 
(Length: 3)  80  132  134 
(Length: 3)  80  134  141 
(Length: 3)  80  100  129 
(Length: 3)  80  94  129 
(Length: 3)  80  116  139 
(Length: 3)  81  87  139 
(Length: 3)  82  98  129 
(Length: 3)  82  106  133 
(Length: 3)  82  127  147 
(Length: 3)  82  98  133 
(Length: 3)  82  129  137 
(Length: 3)  82  95  147 
(Length: 4)  82  95  133  137 
(Length: 3)  82  108  147 
(Length: 3)  83  98  133 
(Length: 3)  84  127  147 
(Length: 3)  84  99  105 
(Length: 3)  84  105  127 
(Length: 3)  84  99  141 
(Length: 3)  84  92  107 
(Length: 3)  84  107  141 
(Length: 3)  84  107  132 
(Length: 3)  84  107  110 
(Length: 3)  84  110  130 
(Length: 3)  84  136  147 
(Length: 3)  84  92  99 
(Length: 3)  84  92  130 
(Length: 4)  85  98  104  143 
(Length: 3)  85  107  134 
(Length: 3)  85  96  126 
(Length: 3)  85  98  129 
(Length: 3)  85  115  138 
(Length: 3)  85  109  136 
(Length: 4)  85  95  126  134 
(Length: 4)  85  98  117  143 
(Length: 3)  85  104  107 
(Length: 3)  85  117  145 
(Length: 3)  86  116  122 
(Length: 3)  86  122  130 
(Length: 3)  86  87  147 
(Length: 4)  86  100  108  147 
(Length: 3)  86  87  130 
(Length: 3)  86  99  143 
(Length: 3)  86  100  105 
(Length: 3)  86  94  116 
(Length: 3)  86  87  143 
(Length: 4)  86  94  108  147 
(Length: 3)  87  125  137 
(Length: 4)  87  103  137  140 
(Length: 4)  87  130  137  140 
(Length: 4)  87  104  125  143 
(Length: 3)  87  130  149 
(Length: 3)  88  121  132 
(Length: 3)  88  110  130 
(Length: 3)  89  113  120 
(Length: 3)  89  96  142 
(Length: 3)  89  92  107 
(Length: 3)  89  107  141 
(Length: 4)  90  103  104  146 
(Length: 3)  90  103  148 
(Length: 3)  91  134  136 
(Length: 3)  91  118  134 
(Length: 3)  91  94  111 
(Length: 3)  91  111  136 
(Length: 3)  91  103  104 
(Length: 3)  91  104  133 
(Length: 3)  91  122  133 
(Length: 3)  92  122  125 
(Length: 3)  92  94  149 
(Length: 3)  92  124  130 
(Length: 4)  92  117  130  149 
(Length: 3)  92  107  121 
(Length: 3)  92  125  137 
(Length: 4)  92  117  130  140 
(Length: 4)  92  130  137  140 
(Length: 4)  93  112  116  142 
(Length: 3)  93  111  142 
(Length: 3)  93  112  135 
(Length: 3)  93  134  141 
(Length: 4)  94  101  108  147 
(Length: 4)  94  108  111  147 
(Length: 4)  95  101  103  126 
(Length: 3)  95  101  147 
(Length: 3)  95  134  140 
(Length: 4)  95  103  137  140 
(Length: 3)  95  100  104 
(Length: 4)  95  101  102  103 
(Length: 4)  95  101  103  104 
(Length: 3)  96  131  144 
(Length: 3)  96  112  142 
(Length: 4)  96  99  118  126 
(Length: 3)  96  126  139 
(Length: 3)  97  114  128 
(Length: 3)  97  110  130 
(Length: 3)  97  106  135 
(Length: 3)  97  135  140 
(Length: 3)  98  123  143 
(Length: 4)  98  119  140  144 
(Length: 3)  98  119  123 
(Length: 4)  98  117  130  140 
(Length: 4)  98  130  140  144 
(Length: 3)  98  117  131 
(Length: 3)  98  129  130 
(Length: 3)  98  131  144 
(Length: 4)  98  104  133  143 
(Length: 3)  98  102  128 
(Length: 3)  98  141  143 
(Length: 3)  99  117  143 
(Length: 3)  99  104  105 
(Length: 3)  99  104  118 
(Length: 3)  99  141  143 
(Length: 3)  99  104  143 
(Length: 3)  99  114  115 
(Length: 3)  100  104  105 
(Length: 4)  100  107  108  131 
(Length: 3)  100  104  107 
(Length: 3)  100  131  144 
(Length: 3)  101  102  116 
(Length: 3)  101  108  126 
(Length: 4)  102  105  116  128 
(Length: 3)  102  103  128 
(Length: 3)  103  109  128 
(Length: 3)  103  126  128 
(Length: 3)  103  117  126 
(Length: 3)  103  114  128 
(Length: 3)  103  114  140 
(Length: 3)  103  137  146 
(Length: 3)  104  105  133 
(Length: 3)  104  118  146 
(Length: 4)  104  125  133  143 
(Length: 3)  104  109  133 
(Length: 3)  104  125  135 
(Length: 3)  104  112  135 
(Length: 3)  104  107  110 
(Length: 3)  104  106  107 
(Length: 3)  104  106  135 
(Length: 3)  104  106  133 
(Length: 3)  105  127  128 
(Length: 3)  106  118  124 
(Length: 4)  107  121  132  134 
(Length: 3)  107  108  121 
(Length: 3)  107  134  141 
(Length: 3)  108  121  145 
(Length: 3)  108  121  126 
(Length: 3)  110  130  149 
(Length: 3)  111  136  147 
(Length: 3)  114  118  134 
(Length: 3)  114  136  147 
(Length: 3)  114  134  136 
(Length: 3)  115  125  138 
(Length: 3)  115  124  138 
(Length: 3)  117  135  140 
(Length: 3)  117  126  139 
(Length: 3)  118  126  134 
(Length: 3)  118  137  146 
(Length: 3)  121  132  145 
(Length: 3)  122  125  133 
(Length: 3)  123  124  138 
(Length: 3)  123  125  138 
(Length: 3)  125  133  137 
(Length: 3)  125  137  146 
(Length: 3)  125  145  146 
(Length: 3)  129  130  137 
(Length: 3)  145  146  149 
...model cost: 1.61 seconds  42969 FFE
 (opt) 670.00000000 == 670.00000000 (sur)  OPTIMALITY TEST PASSED!
   BESTimpr 593.00000000 -> 656.00000000
111****1*111***1********1***1*1*1*11*1111****1**1*11*1*1*1*1*11111**111***111********11*1*1111**1***11*1***11*1*1*1*1111***111**1111111**11*1*1****1*1


1*11*111*11**111*1***111**111***1*1*1**1111**1**11*111*1111*1**1*11*1***111**111***11**11111111*11**1**1*1*******1*1*11*1***111111*1*****1**1111*11*1*

