Walsh model started...
 88  34  18  63  28  119  117  80  13  73  48  62  84  91  131  60  38  100  2  11  42  107  12 
 16  110  149  105  39  69  38  133  60  148  118  71  81  45  89  82  93  48  77  126  4  113  43  90  75  62  136  109 
 102  49  34  25  139  41  137  65  60  24  75  32  0  11  62  7  81  29  125  104  27  67 
 102  36  11  120  34  124  73  78  20  7  76  65  94  44  99  49  18  72  25  141  143  28  70  89  117  114  53  27  61  29 
 85  117  25  48  139  40  58  138  34  80  32  64  95  45  52  146  16  142  149  15  1  79 
 126  20  62  30  112  84  129  56  141  49  146  50  35  11  43  100  34  116 
 128  149  17  94  25  21  76  29  20  91  119  28  87  78  118 
 100  135  98  89  76  3  85  52  60  96  61  144  35  141  45  62  2  71  108  29  67  147  134  69  140  59  37 
 123  120  127  51  59  134  100  88  53  95  77  40  148  58  103  94  129  140  57  71  75 
 125  65  48  97  24  88  102  11  122  22  140  85  83  68  100  69  60  17  145  104  62  79  72  80  32  138  20  52  50  116 
 118  67  49  80  146  21  43  68  110  25  124 
 57  108  9  102  47  127  3  120  14  36  20  105  44  89  49  129  146  90  83  70  109  0  2  41  92  52  5  35 
 74  36  16  27  50  91  42  70  14  0  107  88  17  109  37  127  98  85  140  139  100 
 33  101  112  114  54  40  73  0  146  32  96  128  31  144  67  55  62  105  94 
 125  43  36  11  77  92  133  23  128  98  102  57  29  107  25  131  70  12  72  68  53  44  52  65  93  22  138  15  100  56 
 128  63  66  38  41  17  67  27  54  46  57  101  111  73  68  100  51  44  4  149  122  138  14  86  98  104 
 110  1  54  36  47  62  55  25  12  27  149  44  129  63  111  20  137  127  61  98  106  4  142  43  26  89 
 24  65  94  6  125  106  101  130  59  144  19  41  15  63  102  9  56  72  37  58  108  88  12  51  87  68  18  82  121  35 
 125  134  0  63  141  28  38  139  52  59  49  3  66  132  55  42  43  23  68  17  120  91 
 97  40  17  144  49  136  80  117  71  118  62  77  84  140  120  89 
 71  49  125  50  102  126  5  34  46  11  3  26  140  16  137  59  149  139  123  127  109  39  66  128  6  9  138  32  56  135  143 
 122  38  146  10  6  25  141  95  63  76  119  90  47  61  124  64  126  53  145  128  130  110  144  58  136  78  106  60  28  125 
 122  9  60  28  25  123  131  36  88  82  117  37  38  84  14  93  24  73  57  106  125  130  142  96  58 
 14  133  147  112  91  98  41  27  85  109  141  34  60  43  75  77  42  18  39  136  71  124 
 17  65  9  88  31  131  117  81  25  145  108  106  125  113  26  61  60  2  27  44  73  22  54  34  56 
 98  97  2  34  45  86  4  48  16  55  40  103  43  58  24  145  6  21  22  123  112  60  32  30  72  3  131  14  136  10  124  116  114  68  89  27  108 
 97  105  41  63  20  140  24  61  45  58  49  149  66  145  71  16  43  141  86 
 46  145  107  149  16  12  138  66  53  15  67  23  41  24  44  80  98  139  43  132  96  29  97  86  25  108  3  61  2 
 144  115  137  76  49  139  127  89  141  18  69  35  22  60  119  0  84  34  106  116  61  57  103  51  45  47  70  3  42  63  77  21  125  6  87 
 143  33  101  32  149  41  14  107  111  129  76  6  81  2  7  67  105  96  35  131  31  53  142  97  27  3 
 85  122  96  79  57  62  5  143  75  25  86  149  126  124  93  132  68 
 136  68  40  124  24  131  129  139  43  148  91  102  73  121  13  144  125  47  142  70  29 
 101  29  91  137  142  148  67  128  61  52  131  141  55  100  13  146  4  64  60  25  85  75  2  119  84  41  129  65  73  78  120  9  138  20  56 
 101  13  29  143  53  148  91  133  35  144  123  60  67  120  56  97  38  107 
 47  92  138  58  2  25  88  0  107  3  124  20  46  80  4  135  23  60  28  84  43  127  97  68  5  116  24  56 
 69  28  100  55  107  99  49  91  33  144  95  47  7  76  86  75  148  38  82  5  11  96  29  17  102 
 101  50  102  3  74  12  54  72  16  62  91  39  116  14  11  89  107  44  58  68  149  22  131  103  70  109  67  135  37  146  121 
 72  106  53  73  88  17  117  22  54  66  109  12  102  36  79  96  105  59  7 
 122  21  43  145  135  82  18  139  66  15  133  1  51  124  116  144  100  0  64  147  106  35  22  84  93  149  120  104  128  111  97  90  107  33 
 107  121  1  69  91  125  36  116  88  126  61  57  53  40  131  130  47  83  75  134  115  111  51  142  79  66  20  136  23  84  147 
 124  31  54  13  25  103  4  139  19  97  88  82  101  78  77  8  53  39  67 
 43  131  104  94  2  139  26  63  17  15  149  29  23  27  54  141  85  50  32  129  52  61  109  126  11  92 
 50  12  52  134  131  56  101  95  77  23  0  119  28  63  18  139  136 
 38  145  76  136  41  131  94  144  14  125  101  25  58  95  84  31  148  10  68  110  50  23  75  34  127  139  27  18  85  64  71  48  16  26  5  100  113  1 
 82  147  111  95  36  58  149  16  11  105  3  99  27  24  107  120  14  53  62  15  51  130  145 
 60  83  25  86  49  54  124  51  26  58  4  95  81  1  141  7  119  96  47  28  148  97  98  99 
 27  145  52  124  20  34  114  142  62  61  57  15  135  118  106  131  113 
 34  92  11  127  62  16  95  145  112  96  79  90  21  35  135  69  39  70  83  45  28  31  125  119 
 9  97  75  148  4  25  66  71  0  62  93  1  43  79 
 71  20  102  2  28  139  10  80  89  11  3  18  19  136  91  35  45  54  133  108  5  141  127  58  26  149  66  122  77  107  143 
 125  20  141  137  101  36  91  12  42  43  110  85  41  136  104  146  5  9  116 
 104  107  8  127  38  124  45  145  103  28  111  39  147  87  108  79  15  44  17  116  74  91 
 83  113  124  46  55  69  32  61  99  57  59  18  88  89  7  85  134  42  4  146  66  41  14  65  11  9  144  91  62  84 
 120  56  119  86  33  148  144  97  8  95  27  66  37  73  21  145  39  40  99  83  88  14  44  67  93  3  29  142  91  84 
 36  72  16  40  13  49  45  41  15  37  66  148  126  69  24  65  71  68  125  144  99  143 
 69  109  16  25  52  100  35  118  62  32  81  68  141  106  99  137  144  132  18  103  98  13  66  56  124  86 
 120  53  129  5  69  116  97  121  105  139  42  131  17  144  77  60  136  148  61  102  62  55  66  33  20  32  24  34  14  100  99 
 114  146  30  79  99  87  68  141  11  108  52  91  125  61  39  102  14  46  15  28  147  22  106  8  71 
 34  138  65  62  109  107  102  93  43  25  36  44  4  66  123  45  26  133  144  21  127  49  148  8  108  17  126  22  73  75 
 149  72  134  8  17  130  52  18  20  95  112  37  7 
 146  64  83  45  145  115  84  126  88  74  22  28  141  92  9  32  25  24  2  148  1  34  23  76  7  131  0  123  33  56  136  77  119  81  106  21  139  134  149  142 
 111  68  139  109  32  52  57  39  24  26  46  62  124  21  16  127  96  7  28  148  56  41  120  141  27  3 
 124  116  58  65  143  70  36  91  47  16  103  71  5  30  118  92  55  48  0  46  61  112  117  111  79  9  89  102  115  125  101  113  56  7  2  84  64  44  120  19  77  13  1  136  147  52 
 64  77  0  18  128  15  148  99  26  41  16  129  76  21  17  88  108  105  135  28  42  121  104 
 63  77  60  146  141  104  32  4  126  21  98  122  38  74  96  118  86  123  119  62  143  43  85  149  73  121 
 9  125  58  62  17  24  111  133  3  94  137  2  95  135  32  73  14  52  104  54  106 
 113  139  112  82  136  84  71  48  15  38  116  97  105  123  58  27  53  88  125  143  93  52  18  26  49  54  37  39  20  55  56 
 118  10  128  32  76  94  104  15  27  119  88  116  139  92  109  36  40  13  135  33  120  29  7  105  53  93  95  90  2 
 136  31  61  111  141  57  99  115  9  83  131  132  36  149  81  55  43  10  103  93  15  73  14  72  30  34  25  128  17  18  71  54  123  94  85 
 1  39  109  55  52  134  122  35  28  100  9  56  116  47  126  54  7  140 
 62  143  82  124  103  36  144  88  14  12  47  83  99  114  28  3  11  109  142  31 
 73  136  49  20  135  100  81  117  140  110  124  112  66  48  62  103  72  122  118  1  19  108  7  145  26  43  143  126  23  114  116  8  57  68  54  128  131 
 36  54  149  59  106  37  71  122  108  134  25  3  120  143  17  14  68  9  80  105  127 
 71  136  99  119  78  3  13  0  53  37  31  121  15  68  32  65  24  22  58  118  91  147  75  64  123  125  106 
 36  12  83  60  96  64  51  116  91 
 48  148  30  143  32  2  142  149  95  84  83  112  23  43  39  35  78  140  125  73  147  90  1  145  58  8 
 28  137  136  43  67  94  63  21  7  3  98  109  60  35  86  29  6 
 64  63  102  81  14  92  40  8  56  129  60  1  126  42  23  62  19  107  86  119  28  49  108  100 
 95  131  73  3  80  93  40  101  122  21  75  149  32  120  98  118  6 
 30  57  47  96  62  9  142  39  51  108  147  48  4  37 
 49  10  126  116  117  0  97  125  34  4  78  93  19  27  98  72  9  91  112  118  101 
 102  77  24  117  109  86  71  55  68  45  1  60  119  29  2 
 147  44  66  112  38  135  124  70  148  99  40  88  22  89  1  35  121  91  17 
 52  113  60  45  74  9  68  90  11  112  75  99  53  124  100  39  47  70 
 126  60  66  136  112  5  91  0  43  95  105  115  96  119  32  28  34  75  62  104  38  22  140  19  39  147  53  137  52 
 122  30  96  117  4  140  9  7  52  23  109  32  50  41  43  64  107  12  68  94 
 53  119  45  25  109  81  30  35  76  64  118  107  77  26  141  15  27  55  124 
 99  57  145  128  147  51  28  6  17 
 0  34  24  9  60  146  100  8  39  126  52  89  40  82  63  108  22  66  125  144  70  119  67  53  37  12  17 
 127  28  92  110  7  135  107  36  49  11  52  88  145  62  102  82  1  113  130  120  25  3  19  16  129 
 101  98  47  21  125  130  11  83  106  108  131  95  67  75  1  38  97 
 62  36  39  125  32  137  133  33  57  84  0  50  12  49  35  23  98  102  31  121  82  119  6  131  130  80  112  118  73  53  52  144  120  18  74  51 
 47  34  14  77  141  60  89  110  118  62  102  146  67  104  41  11  116  139  123  117 
 58  102  113  135  78  80  68  103  143  66  124  30  132  123  1  48  149  38  14  22  53  67 
 17  6  43  144  41  104  120  138  67  76  65  3  101  118  96  110  103  8  13  105  68  85 
 131  78  47  145  112  111  44  53  8  141  21  43  84  97  121  35  42  101  4  45  65  135  75  67  90  59 
 85  30  131  146  47  79  128  13  84  115  7  61  94  110  74  64  119  45  103  104  27  132  22  142  35  29  37  133  144 
 98  25  48  9  26  105  144  53  19  40  80  125  116  66  95  121  56  34  107  45  33  29  27  38  90 
 101  90  97  25  135  7  14  128  140  113  76  109  23  91  64  122  106  16  111  27  80  124  45  103  55  149  78  127  12  104  15 
 57  87  119  73  148  63  115  68  52  82  107  35  44  3  55  137  53  83  70  114  135  56  131  54  45 
 135  71  7  88  8  55  35  32  9  69  83  124  38  0  15  121  107  43  5  14  56  108  77  12  109 
 90  98  33  13  114  117  36  50  29  32  130  17  144  43  40  78  118  94  42  95  125  62  15  111  106  108  146  80 
 49  2  20  36  3  125  131  9  11  81  77  58  93  14  57  91  31  17  62  89  92  146  56  126  142  139  37  112  105  35 
 25  40  62  71  105  142  36  70  68  93  28  51  146  96  94  8  98  55  147 
 51  107  122  126  41  94  141  64  67  118  9  145  50  136  92  84  96  111  116  143  65  2  120  38  121  63  98  15 
 97  26  149  1  126  115  11  44  142  103  66  84  56  139  108  63  135  123  29  67  13  94  112  102  109  37  72  127 
 17  125  72  37  108  24  141  55  144  114  98  16  28  116  46  131  21  60  147  38  90  101  22  57  73  65 
 51  104  121  39  34  138  58  109  27  149  126  111  89  36  35  99  14  29  133  108  44  120  97  0  12  86  77  49  100  85  38  33 
 11  57  24  106  134  72  63  88  114  131  133  49  107  111  58  17  105  51  79  90  71  7  101  146  27  25  77  100 
 58  107  69  55  139  61  81  86  98  76  85  23  11  70  20  127  36  67  41  126  12  37  1  148  105  100 
 16  1  142  117  71  140  89  92  145  94  96  10  21  43  50 
 61  68  133  65  126  107  95  44  62  16  98  101  15  108  51  39  129  29  104  116  128  38 
 66  82  13  114  47  95  124  71  5  84  25  123  147  23  62  117  83  75  80  91  59  105  102 
 52  83  139  66  148  135  93  140  98  24  125  46  62  127  89  43  1 
 57  146  101  117  136  134  13  112  46  142  144  106  108  131  132  145  70  99  116  25  71  3 
 144  28  145  60  105  126  99  68  84  96  125  62  39  134 
 124  62  39  36  126  80  66  97  69  56  28  106  38  144  67  139  25  114  92  104  111  71  9  50  34  5  51  74 
 101  114  142  110  85  4  24  81  71  80  0  19  62  112  22  37  3  118  135  123  92 
 10  67  92  62  55  104  101  94  1  71  19  46  135  64  86  73  91  80  117  78  6 
 53  86  99  73  28  0  21  146  32  84  88  67  96  45  60  81  123  64  42  91  6  77  137  47 
 56  53  123  8  11  3  94  138  72  143  44  107  131  141  130  89  32  78  62  61  33  67  38  104  19  91  18  142  125 
 107  39  97  95  56  142  122  73  31  91  82  100  17  104  63  64  146  36 
 38  21  85  30  104  126  22  9  134  69  71  72  98  64  121  142  78  149  49  15 
 8  120  25  22  112  66  58  139  20  33  60  132  93  119  64  135  105  73  125  131  68  92  117 
 116  62  40  31  52  46  34  3  82  70  112  71  61  21  51  38  45  145  83  100  25  10  93  30  98  23  55  86 
 50  20  9  65  134  18  102  131  91  39  14  43  17  106  97  80  57  24  113  90  130  66  88  115  62  101  140  75  31  47  28  21  22  2  73  123  144  54  142  120 
 84  60  104  122  105  115  5  20  39  88  80  116  107  111  64  21  149  30  77  1  102  58  41  109  143  71  54  69 
 89  28  47  11  8  51  16  61  113  58  49  43  34  20  109  128  135  98  12  72  105 
 6  149  63  15  67  32  14  98  96  13  145  87  21  130  139  137  20  68  131  127  135  38  111  71 
 144  140  139  31  16  63  5  56  11  146  77  41  32  111  29  8  138  136  89 
 101  17  59  90  125  128  21  39  131  120  89  91  22  44  145 
 95  78  96  146  102  125  41  43  31  24  68  132  32  141  22  36  42  56  0  60  114  108  25  14  39  130  46  106  120  90  128  91  29  123  71  99 
 131  68  114  145  123  93  30  55  18  27  96 
 111  65  91  33  14  23  38  1  107  58  49  108  144  96 
 125  18  136  114  69  122  59  8  108  72  52  42  39  115  60  139  147  7 
 71  100  38  82  7  148  113  98  93  89  34  47  46  118  65  95  63  99  105  123  36  67  128  127  117  143  20 
 73  71  68  31  76  43  134  114  66  84  49  19  21  25  56  60  50  104  42  139  39  23  138  129  1  62 
 28  76  141  50  91  32  2  65  20  16  99  55  139  128  84  119 
 34  58  107  94  120  27  4  32  9  20  14  15  129  136 
 113  66  49  28  109  61  4  40  38  18  129  31  2  41  105  56  20  123  128  137  67  116  43  27  60  134  102  142  92  42  136  140  12 
 144  129  71  110  85  9  98  113  26  20  125  75  84  19  8  69  7  12  139 
 137  50  68  57  28  18  60  92  32  131  64  104  95  21  55  106  41  23  3  143  45  7  144  5  49  120  61  26  86 
 117  110  148  32  46  114  105  103  121  122  75  149  79  39  4  16  102  139  31  70  22  96  29  53  60  120  125 
 29  33  62  70  30  75  72  120  141  3  93  66  64  126  71  104  135  20  54  49 
 115  28  140  129  94  43  101  97  53  17  19  35  33  114  106  7  56  116  38  58  21  88  70  55  141  13  31  52  91  125  54  133  96 
 38  43  115  60  27  46  95  47  25  24  128  87  9  104  110  89  21  53  124  51  132  114  71  26  147  75  130  44 
 60  64  114  57  96  131  88  10  21  13  32  119  11  129  4  52  92  102  103  5  50  108  101  36  121 
 82  44  112  23  38  106  51  87  57  79  39  84  73  75  7  134  145  62  103 
 53  33  113  135  48  75  99  63  142  32  82  31  43  60  1  35  61  56  8  58  54  45  109 
 6  128  105  1  107  27  72  59  44  16  68  36  41  29  20  126  30  75  142  78  26  49  122  4  15  93  38  98  64  60 
-->CDecomWalshPart::vInitTrueLinkage-->GLBs: 1683
(Length: 3)  0  2  11 
(Length: 4)  0  60  88  119 
(Length: 3)  0  12  42 
(Length: 3)  0  13  62 
(Length: 3)  0  18  91 
(Length: 5)  0  18  28  42  63 
(Length: 5)  0  28  34  60  84 
(Length: 4)  0  28  42  119 
(Length: 4)  0  2  34  60 
(Length: 5)  0  28  60  84  119 
(Length: 4)  0  84  91  119 
(Length: 3)  0  48  62 
(Length: 3)  0  80  117 
(Length: 3)  0  2  62 
(Length: 3)  0  38  84 
(Length: 3)  0  91  131 
(Length: 3)  0  80  91 
(Length: 4)  0  73  91  119 
(Length: 4)  0  12  88  100 
(Length: 3)  0  12  91 
(Length: 4)  0  12  100  107 
(Length: 3)  0  42  131 
(Length: 3)  0  18  38 
(Length: 3)  0  60  131 
(Length: 3)  0  34  107 
(Length: 4)  0  38  100  107 
(Length: 3)  0  13  73 
(Length: 4)  0  62  84  91 
(Length: 3)  0  63  88 
(Length: 4)  0  34  60  88 
(Length: 3)  0  34  80 
(Length: 3)  0  62  117 
(Length: 3)  1  4  45 
(Length: 3)  1  62  77 
(Length: 3)  1  109  148 
(Length: 3)  1  93  113 
(Length: 4)  1  43  71  136 
(Length: 4)  1  62  71  136 
(Length: 3)  1  39  75 
(Length: 3)  1  38  133 
(Length: 4)  1  69  109  126 
(Length: 4)  1  38  93  149 
(Length: 3)  1  38  90 
(Length: 4)  1  43  113  148 
(Length: 3)  1  48  93 
(Length: 4)  1  16  62  89 
(Length: 3)  1  82  148 
(Length: 4)  1  39  69  126 
(Length: 4)  1  60  126  149 
(Length: 3)  1  38  43 
(Length: 3)  1  38  82 
(Length: 5)  1  43  48  75  148 
(Length: 3)  1  71  126 
(Length: 3)  1  71  81 
(Length: 4)  1  43  71  110 
(Length: 4)  1  62  71  118 
(Length: 4)  1  105  109  126 
(Length: 3)  1  4  48 
(Length: 4)  1  4  16  149 
(Length: 4)  1  48  62  71 
(Length: 4)  1  16  43  110 
(Length: 4)  1  60  77  81 
(Length: 3)  1  81  109 
(Length: 3)  1  60  136 
(Length: 4)  1  60  77  126 
(Length: 4)  1  43  48  71 
(Length: 3)  1  75  90 
(Length: 4)  1  45  60  148 
(Length: 3)  1  39  136 
(Length: 3)  1  82  89 
(Length: 4)  1  16  89  110 
(Length: 3)  1  75  149 
(Length: 4)  1  45  60  81 
(Length: 4)  1  62  89  113 
(Length: 4)  1  105  126  149 
(Length: 4)  2  7  29  67 
(Length: 4)  2  25  32  60 
(Length: 4)  2  24  25  27 
(Length: 3)  2  11  41 
(Length: 4)  2  11  49  102 
(Length: 3)  2  32  75 
(Length: 4)  2  32  65  137 
(Length: 4)  2  49  102  139 
(Length: 4)  2  29  32  67 
(Length: 4)  2  29  32  41 
(Length: 5)  2  24  25  34  60 
(Length: 4)  2  24  65  125 
(Length: 4)  2  24  60  81 
(Length: 3)  2  7  60 
(Length: 3)  2  7  62 
(Length: 4)  2  62  102  125 
(Length: 3)  2  29  81 
(Length: 3)  2  75  125 
(Length: 3)  2  137  139 
(Length: 3)  2  67  104 
(Length: 4)  2  27  41  139 
(Length: 4)  2  27  29  67 
(Length: 3)  2  65  104 
(Length: 4)  2  27  67  139 
(Length: 3)  2  81  102 
(Length: 3)  2  41  104 
(Length: 4)  2  27  29  41 
(Length: 3)  2  60  139 
(Length: 4)  2  62  65  125 
(Length: 5)  3  11  20  49  102 
(Length: 4)  3  11  36  70 
(Length: 4)  3  7  29  76 
(Length: 3)  3  36  72 
(Length: 3)  3  25  89 
(Length: 4)  3  11  36  44 
(Length: 4)  3  11  89  120 
(Length: 4)  3  70  99  114 
(Length: 5)  3  18  28  49  141 
(Length: 4)  3  25  34  124 
(Length: 3)  3  73  78 
(Length: 3)  3  65  94 
(Length: 3)  3  28  34 
(Length: 3)  3  29  143 
(Length: 3)  3  25  72 
(Length: 3)  3  76  94 
(Length: 3)  3  7  89 
(Length: 4)  3  120  141  143 
(Length: 4)  3  7  61  141 
(Length: 3)  3  28  76 
(Length: 4)  3  44  53  120 
(Length: 3)  3  27  61 
(Length: 4)  3  20  49  143 
(Length: 4)  3  72  120  143 
(Length: 3)  3  25  27 
(Length: 3)  3  20  34 
(Length: 3)  3  28  70 
(Length: 4)  3  28  61  141 
(Length: 4)  3  11  44  120 
(Length: 4)  3  18  120  141 
(Length: 5)  3  11  36  89  102 
(Length: 4)  3  53  73  99 
(Length: 4)  3  27  29  53 
(Length: 3)  3  61  124 
(Length: 4)  3  27  44  53 
(Length: 3)  3  114  117 
(Length: 4)  3  44  53  99 
(Length: 3)  3  78  120 
(Length: 3)  3  94  120 
(Length: 3)  3  65  73 
(Length: 4)  3  28  49  89 
(Length: 3)  3  70  143 
(Length: 4)  3  61  120  141 
(Length: 3)  3  25  114 
(Length: 5)  3  11  49  89  102 
(Length: 3)  3  70  124 
(Length: 4)  3  49  141  143 
(Length: 3)  4  32  142 
(Length: 4)  4  25  34  58 
(Length: 3)  4  40  139 
(Length: 3)  4  34  80 
(Length: 3)  4  25  32 
(Length: 3)  4  32  138 
(Length: 3)  4  79  142 
(Length: 3)  4  80  117 
(Length: 4)  4  16  142  149 
(Length: 4)  4  32  52  85 
(Length: 4)  4  25  45  58 
(Length: 3)  4  48  79 
(Length: 3)  4  139  142 
(Length: 3)  4  85  117 
(Length: 3)  4  15  149 
(Length: 3)  4  16  25 
(Length: 3)  4  117  142 
(Length: 4)  4  32  52  146 
(Length: 4)  4  32  64  85 
(Length: 3)  4  15  138 
(Length: 4)  4  34  58  138 
(Length: 3)  4  25  40 
(Length: 3)  4  45  95 
(Length: 3)  4  64  149 
(Length: 4)  4  32  64  146 
(Length: 3)  4  25  48 
(Length: 3)  5  20  50 
(Length: 3)  5  43  50 
(Length: 3)  5  30  62 
(Length: 4)  5  34  43  84 
(Length: 3)  5  35  100 
(Length: 4)  5  11  129  146 
(Length: 3)  5  49  141 
(Length: 3)  5  43  100 
(Length: 3)  5  30  126 
(Length: 3)  5  84  126 
(Length: 3)  5  56  100 
(Length: 3)  5  56  129 
(Length: 3)  5  50  141 
(Length: 3)  5  50  146 
(Length: 4)  5  56  62  116 
(Length: 4)  5  20  34  56 
(Length: 4)  5  62  84  112 
(Length: 3)  5  20  126 
(Length: 4)  5  11  35  49 
(Length: 3)  5  50  116 
(Length: 3)  5  116  126 
(Length: 4)  5  34  56  116 
(Length: 4)  5  11  20  49 
(Length: 4)  6  21  28  76 
(Length: 3)  6  21  128 
(Length: 3)  6  29  76 
(Length: 3)  6  28  87 
(Length: 3)  6  21  78 
(Length: 3)  6  78  118 
(Length: 4)  6  20  128  149 
(Length: 3)  6  76  94 
(Length: 3)  6  78  149 
(Length: 3)  6  21  25 
(Length: 3)  6  17  94 
(Length: 3)  6  91  118 
(Length: 3)  6  91  119 
(Length: 3)  6  17  87 
(Length: 4)  6  21  28  119 
(Length: 3)  6  94  118 
(Length: 3)  6  29  149 
(Length: 3)  6  87  128 
(Length: 4)  7  29  67  76 
(Length: 4)  7  52  59  134 
(Length: 4)  7  45  60  141 
(Length: 4)  7  35  69  100 
(Length: 4)  7  29  35  96 
(Length: 3)  7  37  59 
(Length: 4)  7  29  35  76 
(Length: 3)  7  61  96 
(Length: 3)  7  85  96 
(Length: 3)  7  98  140 
(Length: 3)  7  52  144 
(Length: 3)  7  62  147 
(Length: 3)  7  37  96 
(Length: 3)  7  108  134 
(Length: 3)  7  45  98 
(Length: 3)  7  60  76 
(Length: 4)  7  71  100  135 
(Length: 3)  7  71  140 
(Length: 3)  7  89  135 
(Length: 3)  7  85  140 
(Length: 3)  7  45  96 
(Length: 3)  7  98  135 
(Length: 3)  7  76  98 
(Length: 3)  7  134  147 
(Length: 3)  7  62  71 
(Length: 3)  7  60  134 
(Length: 4)  7  52  62  89 
(Length: 3)  7  141  144 
(Length: 4)  7  52  61  62 
(Length: 4)  7  52  69  134 
(Length: 3)  7  67  135 
(Length: 3)  7  52  85 
(Length: 4)  7  71  100  108 
(Length: 3)  7  140  144 
(Length: 4)  7  35  96  144 
(Length: 3)  7  69  140 
(Length: 3)  8  58  123 
(Length: 4)  8  40  53  88 
(Length: 3)  8  51  127 
(Length: 3)  8  59  95 
(Length: 3)  8  77  129 
(Length: 3)  8  120  123 
(Length: 3)  8  94  120 
(Length: 3)  8  57  71 
(Length: 3)  8  51  103 
(Length: 3)  8  58  127 
(Length: 3)  8  129  140 
(Length: 3)  8  77  100 
(Length: 3)  8  75  95 
(Length: 3)  8  71  140 
(Length: 3)  8  71  103 
(Length: 3)  8  53  148 
(Length: 3)  8  53  120 
(Length: 3)  8  40  103 
(Length: 3)  8  88  100 
(Length: 3)  8  53  95 
(Length: 4)  8  58  75  148 
(Length: 3)  8  75  140 
(Length: 3)  8  40  77 
(Length: 3)  8  71  100 
(Length: 3)  8  59  134 
(Length: 3)  8  94  103 
(Length: 3)  9  32  60 
(Length: 3)  9  52  88 
(Length: 4)  9  32  52  65 
(Length: 3)  9  65  104 
(Length: 5)  9  22  24  60  88 
(Length: 4)  9  80  97  116 
(Length: 5)  9  17  24  65  125 
(Length: 3)  9  48  97 
(Length: 5)  9  17  24  88  125 
(Length: 4)  9  11  20  102 
(Length: 3)  9  72  122 
(Length: 4)  9  11  52  83 
(Length: 4)  9  17  68  72 
(Length: 3)  9  62  116 
(Length: 3)  9  50  85 
(Length: 3)  9  104  145 
(Length: 4)  9  20  125  140 
(Length: 4)  9  50  104  116 
(Length: 3)  9  69  140 
(Length: 4)  9  17  102  125 
(Length: 3)  9  69  122 
(Length: 4)  9  80  97  125 
(Length: 4)  9  62  102  125 
(Length: 3)  9  60  83 
(Length: 4)  9  52  62  65 
(Length: 3)  9  68  83 
(Length: 3)  9  52  69 
(Length: 4)  9  32  52  85 
(Length: 4)  9  62  65  125 
(Length: 3)  9  72  80 
(Length: 3)  9  83  100 
(Length: 4)  9  20  102  125 
(Length: 3)  9  22  122 
(Length: 3)  9  68  85 
(Length: 5)  9  22  24  88  125 
(Length: 3)  9  69  100 
(Length: 3)  9  69  116 
(Length: 3)  9  85  140 
(Length: 3)  9  85  122 
(Length: 3)  9  32  100 
(Length: 4)  9  20  50  125 
(Length: 4)  9  24  60  145 
(Length: 4)  9  20  32  138 
(Length: 3)  9  104  122 
(Length: 4)  9  48  62  79 
(Length: 3)  9  88  100 
(Length: 3)  10  43  110 
(Length: 3)  10  49  80 
(Length: 4)  10  25  43  68 
(Length: 3)  10  67  118 
(Length: 3)  10  80  118 
(Length: 3)  10  21  110 
(Length: 4)  10  21  25  124 
(Length: 3)  10  21  146 
(Length: 4)  11  14  36  102 
(Length: 4)  11  57  102  146 
(Length: 4)  11  47  70  83 
(Length: 3)  11  52  89 
(Length: 4)  11  14  52  57 
(Length: 4)  11  47  83  90 
(Length: 4)  11  52  57  146 
(Length: 4)  11  57  108  146 
(Length: 3)  11  44  105 
(Length: 4)  11  14  57  102 
(Length: 3)  11  89  129 
(Length: 4)  11  92  102  146 
(Length: 3)  11  47  127 
(Length: 3)  11  90  108 
(Length: 4)  11  14  92  102 
(Length: 4)  11  14  36  70 
(Length: 4)  11  49  89  127 
(Length: 4)  11  105  109  127 
(Length: 3)  11  105  108 
(Length: 4)  11  35  49  102 
(Length: 3)  11  41  52 
(Length: 3)  11  41  92 
(Length: 3)  11  35  47 
(Length: 4)  11  14  36  44 
(Length: 3)  11  41  109 
(Length: 3)  11  41  129 
(Length: 3)  11  47  92 
(Length: 4)  11  36  102  146 
(Length: 4)  11  89  92  102 
(Length: 4)  11  20  49  127 
(Length: 4)  11  20  109  127 
(Length: 3)  11  49  108 
(Length: 3)  11  102  105 
(Length: 4)  11  36  70  109 
(Length: 3)  12  16  36 
(Length: 3)  12  27  107 
(Length: 4)  12  17  37  88 
(Length: 4)  12  98  109  127 
(Length: 3)  12  98  140 
(Length: 4)  12  16  98  127 
(Length: 3)  12  27  139 
(Length: 3)  12  42  139 
(Length: 3)  12  42  50 
(Length: 4)  12  85  107  109 
(Length: 4)  12  16  27  98 
(Length: 4)  12  14  36  70 
(Length: 3)  12  50  85 
(Length: 4)  12  100  107  109 
(Length: 4)  12  36  107  109 
(Length: 3)  12  91  98 
(Length: 3)  12  109  139 
(Length: 3)  12  139  140 
(Length: 3)  12  85  140 
(Length: 4)  12  36  37  109 
(Length: 4)  12  36  50  91 
(Length: 4)  12  36  74  91 
(Length: 3)  12  70  88 
(Length: 3)  12  14  98 
(Length: 4)  12  14  100  107 
(Length: 4)  12  14  36  107 
(Length: 4)  12  36  70  109 
(Length: 3)  13  62  112 
(Length: 3)  13  62  101 
(Length: 4)  13  32  101  146 
(Length: 3)  13  96  128 
(Length: 3)  13  32  73 
(Length: 3)  13  32  55 
(Length: 3)  13  40  67 
(Length: 3)  13  112  114 
(Length: 3)  13  105  112 
(Length: 3)  13  33  67 
(Length: 4)  13  94  96  144 
(Length: 4)  13  67  94  105 
(Length: 4)  13  101  114  146 
(Length: 3)  13  31  40 
(Length: 3)  13  96  146 
(Length: 3)  13  54  144 
(Length: 4)  13  33  101  144 
(Length: 3)  13  55  62 
(Length: 4)  13  94  101  144 
(Length: 4)  13  32  67  128 
(Length: 4)  13  101  114  144 
(Length: 3)  13  40  54 
(Length: 3)  13  31  73 
(Length: 3)  13  40  101 
(Length: 3)  13  31  144 
(Length: 3)  13  55  144 
(Length: 3)  14  44  53 
(Length: 4)  14  36  102  131 
(Length: 3)  14  93  102 
(Length: 4)  14  22  36  131 
(Length: 3)  14  15  138 
(Length: 4)  14  57  102  125 
(Length: 3)  14  15  100 
(Length: 3)  14  29  53 
(Length: 4)  14  22  25  131 
(Length: 3)  14  15  44 
(Length: 3)  14  52  65 
(Length: 3)  14  29  131 
(Length: 3)  14  29  107 
(Length: 3)  14  53  93 
(Length: 3)  14  53  56 
(Length: 4)  14  15  57  68 
(Length: 3)  14  23  133 
(Length: 4)  14  68  128  131 
(Length: 4)  14  43  125  131 
(Length: 4)  14  56  77  102 
(Length: 3)  14  43  100 
(Length: 4)  14  77  100  107 
(Length: 4)  14  77  92  102 
(Length: 4)  14  56  77  100 
(Length: 3)  14  23  43 
(Length: 3)  14  23  77 
(Length: 3)  14  25  98 
(Length: 4)  14  56  102  131 
(Length: 4)  14  15  98  128 
(Length: 4)  14  15  68  128 
(Length: 3)  14  22  93 
(Length: 4)  14  102  125  131 
(Length: 4)  14  36  44  107 
(Length: 4)  14  36  68  131 
(Length: 3)  14  68  93 
(Length: 4)  14  25  68  72 
(Length: 4)  14  22  125  131 
(Length: 4)  14  22  57  125 
(Length: 5)  14  25  43  68  131 
(Length: 3)  14  107  138 
(Length: 3)  14  107  133 
(Length: 3)  14  65  125 
(Length: 4)  14  36  68  72 
(Length: 3)  14  65  133 
(Length: 3)  14  23  98 
(Length: 4)  15  98  111  128 
(Length: 4)  15  98  104  122 
(Length: 4)  15  98  101  111 
(Length: 3)  15  67  128 
(Length: 4)  15  44  51  111 
(Length: 4)  15  27  44  149 
(Length: 4)  15  68  128  149 
(Length: 3)  15  63  128 
(Length: 4)  15  41  63  104 
(Length: 3)  15  17  101 
(Length: 3)  15  17  68 
(Length: 3)  15  41  54 
(Length: 3)  15  17  51 
(Length: 4)  15  38  111  128 
(Length: 4)  15  38  104  122 
(Length: 3)  15  38  100 
(Length: 3)  15  38  66 
(Length: 3)  15  46  57 
(Length: 3)  15  27  66 
(Length: 3)  15  27  67 
(Length: 3)  15  27  86 
(Length: 3)  15  27  138 
(Length: 3)  15  54  68 
(Length: 4)  15  98  128  149 
(Length: 4)  15  27  41  149 
(Length: 3)  15  54  66 
(Length: 3)  15  27  46 
(Length: 5)  15  38  51  104  111 
(Length: 4)  15  38  122  149 
(Length: 4)  15  68  111  128 
(Length: 4)  15  38  128  149 
(Length: 4)  15  17  41  63 
(Length: 4)  15  27  98  149 
(Length: 4)  15  98  122  149 
(Length: 3)  15  68  73 
(Length: 4)  15  98  104  111 
(Length: 3)  15  67  104 
(Length: 4)  16  27  44  149 
(Length: 4)  16  27  98  149 
(Length: 3)  16  26  63 
(Length: 3)  16  26  61 
(Length: 3)  16  47  127 
(Length: 3)  16  43  127 
(Length: 4)  16  25  27  98 
(Length: 3)  16  89  127 
(Length: 3)  16  89  129 
(Length: 3)  16  61  127 
(Length: 3)  16  111  129 
(Length: 3)  16  63  129 
(Length: 4)  16  36  62  89 
(Length: 3)  16  25  89 
(Length: 3)  16  36  54 
(Length: 4)  16  36  44  149 
(Length: 3)  16  47  62 
(Length: 3)  16  55  62 
(Length: 4)  16  25  55  98 
(Length: 3)  16  55  137 
(Length: 4)  16  44  62  111 
(Length: 4)  16  20  26  149 
(Length: 3)  16  26  43 
(Length: 4)  16  61  62  111 
(Length: 3)  16  20  137 
(Length: 3)  16  20  127 
(Length: 3)  16  110  142 
(Length: 3)  16  27  61 
(Length: 4)  16  55  98  106 
(Length: 3)  16  98  111 
(Length: 4)  16  36  44  62 
(Length: 4)  16  25  27  43 
(Length: 3)  17  51  87 
(Length: 3)  17  19  144 
(Length: 3)  17  58  144 
(Length: 4)  17  72  106  108 
(Length: 3)  17  58  102 
(Length: 3)  17  82  88 
(Length: 3)  17  35  102 
(Length: 3)  17  56  102 
(Length: 4)  17  94  101  144 
(Length: 3)  17  82  121 
(Length: 3)  17  24  56 
(Length: 4)  17  101  125  130 
(Length: 3)  17  51  108 
(Length: 3)  17  58  108 
(Length: 4)  17  101  106  108 
(Length: 3)  17  37  102 
(Length: 4)  17  24  88  108 
(Length: 4)  17  88  125  144 
(Length: 3)  17  56  121 
(Length: 3)  17  18  59 
(Length: 4)  17  37  72  106 
(Length: 4)  17  37  59  72 
(Length: 3)  17  63  121 
(Length: 3)  17  59  130 
(Length: 5)  17  101  106  125  144 
(Length: 3)  17  68  94 
(Length: 5)  17  24  65  106  125 
(Length: 3)  17  18  63 
(Length: 3)  17  18  68 
(Length: 3)  17  18  125 
(Length: 3)  17  56  144 
(Length: 3)  17  35  82 
(Length: 3)  17  65  94 
(Length: 3)  17  58  65 
(Length: 4)  17  24  106  108 
(Length: 4)  17  63  88  108 
(Length: 3)  17  41  94 
(Length: 3)  17  35  144 
(Length: 4)  18  42  134  139 
(Length: 3)  18  23  43 
(Length: 3)  18  52  91 
(Length: 3)  18  23  91 
(Length: 4)  18  49  66  139 
(Length: 4)  18  91  120  125 
(Length: 3)  18  23  42 
(Length: 3)  18  66  125 
(Length: 3)  18  43  125 
(Length: 3)  18  23  141 
(Length: 3)  18  49  91 
(Length: 4)  18  55  68  132 
(Length: 4)  18  28  42  139 
(Length: 4)  18  28  49  139 
(Length: 4)  18  55  68  141 
(Length: 3)  18  28  125 
(Length: 3)  18  125  134 
(Length: 4)  18  42  52  134 
(Length: 4)  18  52  55  66 
(Length: 3)  18  43  68 
(Length: 4)  18  52  59  134 
(Length: 4)  18  38  43  139 
(Length: 4)  18  38  66  139 
(Length: 3)  18  38  120 
(Length: 3)  19  97  144 
(Length: 5)  19  62  71  117  118 
(Length: 3)  19  140  144 
(Length: 3)  19  49  80 
(Length: 3)  19  40  77 
(Length: 3)  19  40  97 
(Length: 3)  19  49  77 
(Length: 3)  19  49  89 
(Length: 4)  19  62  84  136 
(Length: 4)  19  49  71  136 
(Length: 3)  19  84  140 
(Length: 3)  19  80  97 
(Length: 4)  19  80  117  118 
(Length: 4)  19  62  89  120 
(Length: 4)  19  62  71  136 
(Length: 3)  19  62  77 
(Length: 3)  19  71  140 
(Length: 3)  20  59  149 
(Length: 4)  20  39  66  125 
(Length: 3)  20  123  135 
(Length: 4)  20  127  128  135 
(Length: 4)  20  66  123  139 
(Length: 4)  20  32  128  137 
(Length: 4)  20  71  128  135 
(Length: 4)  20  34  46  135 
(Length: 3)  20  50  137 
(Length: 4)  20  34  127  135 
(Length: 3)  20  34  138 
(Length: 4)  20  66  123  125 
(Length: 4)  20  128  137  139 
(Length: 3)  20  39  126 
(Length: 4)  20  56  66  139 
(Length: 4)  20  71  126  143 
(Length: 4)  20  49  66  139 
(Length: 4)  20  26  71  140 
(Length: 5)  20  49  66  71  143 
(Length: 4)  20  26  49  149 
(Length: 3)  20  109  126 
(Length: 3)  20  109  139 
(Length: 4)  20  71  135  143 
(Length: 3)  20  126  149 
(Length: 4)  20  56  102  139 
(Length: 3)  20  139  140 
(Length: 3)  20  32  56 
(Length: 4)  20  49  102  139 
(Length: 3)  20  102  126 
(Length: 5)  20  26  49  66  71 
(Length: 4)  21  47  90  95 
(Length: 4)  21  128  130  145 
(Length: 4)  21  28  61  141 
(Length: 4)  21  38  90  106 
(Length: 3)  21  53  119 
(Length: 5)  21  28  106  125  144 
(Length: 4)  21  38  128  145 
(Length: 4)  21  28  60  76 
(Length: 4)  21  53  95  145 
(Length: 3)  21  53  144 
(Length: 4)  21  25  60  145 
(Length: 3)  21  63  64 
(Length: 4)  21  38  64  122 
(Length: 5)  21  60  64  119  146 
(Length: 3)  21  110  145 
(Length: 3)  21  63  128 
(Length: 4)  21  47  95  145 
(Length: 3)  21  78  95 
(Length: 4)  21  38  124  145 
(Length: 4)  21  28  63  76 
(Length: 3)  21  61  124 
(Length: 4)  21  60  76  136 
(Length: 3)  21  58  126 
(Length: 3)  21  78  122 
(Length: 4)  21  60  64  141 
(Length: 4)  21  60  64  126 
(Length: 4)  21  64  122  126 
(Length: 4)  21  90  106  125 
(Length: 3)  21  25  58 
(Length: 4)  21  25  60  136 
(Length: 3)  21  58  144 
(Length: 4)  21  38  106  144 
(Length: 5)  21  28  60  106  141 
(Length: 4)  21  28  47  119 
(Length: 4)  21  28  47  125 
(Length: 4)  21  47  90  125 
(Length: 4)  21  25  124  145 
(Length: 5)  21  28  106  141  144 
(Length: 4)  21  28  60  119 
(Length: 4)  21  90  125  130 
(Length: 3)  21  95  141 
(Length: 4)  22  125  130  131 
(Length: 3)  22  125  142 
(Length: 3)  22  36  58 
(Length: 5)  22  24  106  125  131 
(Length: 5)  22  24  25  60  131 
(Length: 4)  22  58  73  123 
(Length: 4)  22  37  73  106 
(Length: 3)  22  38  82 
(Length: 3)  22  37  96 
(Length: 4)  22  28  60  84 
(Length: 4)  22  73  123  125 
(Length: 3)  22  117  142 
(Length: 3)  22  37  88 
(Length: 4)  22  123  125  131 
(Length: 4)  22  58  93  123 
(Length: 3)  22  117  123 
(Length: 5)  22  24  60  106  131 
(Length: 3)  22  96  142 
(Length: 5)  22  28  57  106  125 
(Length: 3)  22  82  88 
(Length: 5)  22  24  73  106  125 
(Length: 3)  22  38  93 
(Length: 3)  22  24  117 
(Length: 3)  22  96  131 
(Length: 4)  22  28  60  106 
(Length: 3)  22  38  84 
(Length: 3)  22  38  106 
(Length: 3)  22  84  96 
(Length: 3)  22  38  122 
(Length: 3)  22  37  117 
(Length: 4)  22  25  58  123 
(Length: 5)  22  25  60  123  131 
(Length: 3)  22  122  142 
(Length: 3)  22  60  142 
(Length: 3)  22  36  37 
(Length: 4)  23  39  75  147 
(Length: 3)  23  91  133 
(Length: 3)  23  60  136 
(Length: 3)  23  98  124 
(Length: 3)  23  34  124 
(Length: 4)  23  41  85  109 
(Length: 3)  23  60  141 
(Length: 4)  23  41  43  85 
(Length: 3)  23  60  77 
(Length: 3)  23  91  112 
(Length: 3)  23  98  109 
(Length: 3)  23  43  75 
(Length: 3)  23  41  141 
(Length: 3)  23  34  60 
(Length: 3)  23  27  98 
(Length: 3)  23  42  77 
(Length: 3)  23  42  136 
(Length: 4)  23  71  112  124 
(Length: 4)  23  75  112  147 
(Length: 3)  23  39  136 
(Length: 4)  23  43  71  136 
(Length: 3)  23  39  91 
(Length: 3)  23  91  98 
(Length: 3)  23  34  43 
(Length: 4)  23  27  41  43 
(Length: 4)  24  106  108  131 
(Length: 4)  24  25  108  131 
(Length: 3)  24  113  125 
(Length: 4)  24  56  60  131 
(Length: 4)  24  27  44  145 
(Length: 4)  24  31  125  131 
(Length: 4)  24  25  60  145 
(Length: 3)  24  26  145 
(Length: 3)  24  81  117 
(Length: 4)  24  25  27  108 
(Length: 5)  24  65  73  106  125 
(Length: 3)  24  27  61 
(Length: 3)  24  56  61 
(Length: 3)  24  26  61 
(Length: 4)  24  34  56  60 
(Length: 4)  24  25  27  145 
(Length: 4)  24  34  60  88 
(Length: 4)  24  54  65  125 
(Length: 4)  24  31  73  125 
(Length: 3)  25  89  145 
(Length: 4)  25  27  97  98 
(Length: 3)  25  114  136 
(Length: 4)  25  55  68  103 
(Length: 3)  25  114  145 
(Length: 4)  25  34  43  68 
(Length: 3)  25  32  55 
(Length: 4)  25  32  60  131 
(Length: 4)  25  45  86  124 
(Length: 3)  25  112  114 
(Length: 4)  25  34  116  124 
(Length: 4)  25  34  43  58 
(Length: 4)  25  34  97  116 
(Length: 4)  25  55  98  124 
(Length: 4)  25  55  86  124 
(Length: 4)  25  45  98  124 
(Length: 3)  25  45  60 
(Length: 3)  25  40  97 
(Length: 3)  25  40  103 
(Length: 3)  25  40  124 
(Length: 4)  25  30  86  124 
(Length: 4)  25  68  123  131 
(Length: 3)  25  30  68 
(Length: 3)  25  43  48 
(Length: 4)  25  27  43  145 
(Length: 4)  25  45  97  98 
(Length: 4)  25  43  68  136 
(Length: 3)  25  48  97 
(Length: 3)  25  58  108 
(Length: 3)  25  72  108 
(Length: 4)  25  108  114  131 
(Length: 3)  25  114  116 
(Length: 4)  25  55  98  103 
(Length: 3)  25  112  123 
(Length: 3)  25  112  124 
(Length: 3)  25  27  86 
(Length: 4)  26  45  86  141 
(Length: 4)  26  49  58  66 
(Length: 4)  26  45  49  58 
(Length: 4)  26  41  61  141 
(Length: 3)  26  45  97 
(Length: 3)  26  105  149 
(Length: 3)  26  63  105 
(Length: 3)  26  41  149 
(Length: 4)  26  66  97  105 
(Length: 4)  26  43  71  145 
(Length: 3)  26  43  58 
(Length: 3)  26  41  43 
(Length: 4)  26  45  49  141 
(Length: 3)  26  41  63 
(Length: 4)  27  29  53  97 
(Length: 3)  27  61  96 
(Length: 3)  27  53  86 
(Length: 3)  27  96  132 
(Length: 3)  27  66  139 
(Length: 4)  27  80  97  98 
(Length: 4)  27  29  41  149 
(Length: 4)  27  29  97  107 
(Length: 4)  27  41  43  139 
(Length: 3)  27  46  61 
(Length: 3)  27  107  108 
(Length: 3)  27  86  107 
(Length: 4)  27  41  61  139 
(Length: 3)  27  107  138 
(Length: 4)  27  29  107  149 
(Length: 3)  27  132  145 
(Length: 4)  27  44  53  145 
(Length: 3)  27  46  145 
(Length: 3)  27  29  96 
(Length: 4)  27  44  107  149 
(Length: 4)  27  53  66  97 
(Length: 4)  27  29  53  67 
(Length: 4)  28  57  61  141 
(Length: 4)  28  45  60  119 
(Length: 4)  28  84  119  137 
(Length: 3)  28  61  139 
(Length: 3)  28  70  144 
(Length: 3)  28  57  87 
(Length: 4)  28  106  116  144 
(Length: 3)  28  137  141 
(Length: 4)  28  49  89  127 
(Length: 4)  28  57  106  141 
(Length: 4)  28  45  47  119 
(Length: 4)  28  35  47  69 
(Length: 3)  28  137  139 
(Length: 4)  28  45  60  141 
(Length: 3)  28  61  127 
(Length: 4)  28  34  47  127 
(Length: 4)  28  115  125  144 
(Length: 4)  28  60  77  119 
(Length: 4)  28  60  84  115 
(Length: 3)  28  34  116 
(Length: 3)  28  60  139 
(Length: 3)  28  35  49 
(Length: 3)  28  116  139 
(Length: 3)  28  47  70 
(Length: 3)  28  35  76 
(Length: 3)  28  51  103 
(Length: 3)  28  69  116 
(Length: 3)  28  35  144 
(Length: 4)  28  42  63  77 
(Length: 3)  28  51  127 
(Length: 3)  28  51  116 
(Length: 4)  28  45  49  141 
(Length: 3)  28  51  87 
(Length: 3)  28  70  103 
(Length: 3)  28  45  51 
(Length: 4)  28  42  77  119 
(Length: 3)  28  49  77 
(Length: 3)  28  76  137 
(Length: 3)  29  96  131 
(Length: 3)  29  111  129 
(Length: 3)  29  96  142 
(Length: 3)  29  107  111 
(Length: 4)  29  33  53  97 
(Length: 3)  29  97  105 
(Length: 4)  29  105  142  149 
(Length: 3)  29  31  129 
(Length: 3)  29  67  105 
(Length: 4)  29  32  41  129 
(Length: 3)  29  32  101 
(Length: 4)  29  32  41  131 
(Length: 3)  29  33  143 
(Length: 3)  29  33  101 
(Length: 4)  29  33  53  67 
(Length: 4)  29  33  35  107 
(Length: 3)  29  31  131 
(Length: 4)  29  33  97  107 
(Length: 3)  29  32  142 
(Length: 3)  29  31  142 
(Length: 3)  29  101  111 
(Length: 3)  29  53  142 
(Length: 3)  30  57  68 
(Length: 3)  30  62  143 
(Length: 3)  30  85  122 
(Length: 3)  30  68  85 
(Length: 3)  30  75  143 
(Length: 4)  30  122  126  149 
(Length: 3)  30  126  143 
(Length: 4)  30  68  93  132 
(Length: 3)  30  96  132 
(Length: 3)  30  85  96 
(Length: 3)  30  93  143 
(Length: 3)  30  62  124 
(Length: 3)  30  62  79 
(Length: 4)  30  68  93  149 
(Length: 3)  30  93  124 
(Length: 3)  30  75  149 
(Length: 3)  30  79  96 
(Length: 3)  30  57  79 
(Length: 4)  31  43  125  131 
(Length: 3)  31  40  124 
(Length: 3)  31  40  139 
(Length: 4)  31  73  91  121 
(Length: 4)  31  73  91  125 
(Length: 4)  31  68  73  136 
(Length: 5)  31  91  102  125  131 
(Length: 3)  31  47  70 
(Length: 4)  31  43  136  139 
(Length: 4)  31  102  139  142 
(Length: 4)  31  129  136  139 
(Length: 3)  31  70  142 
(Length: 4)  31  43  68  136 
(Length: 4)  31  43  68  131 
(Length: 3)  31  142  148 
(Length: 3)  31  121  142 
(Length: 3)  31  43  148 
(Length: 3)  31  129  144 
(Length: 3)  31  70  144 
(Length: 4)  31  43  125  144 
(Length: 3)  31  47  125 
(Length: 4)  31  91  125  144 
(Length: 4)  31  102  125  142 
(Length: 3)  31  70  124 
(Length: 4)  32  60  64  141 
(Length: 4)  32  56  60  131 
(Length: 4)  32  60  131  141 
(Length: 4)  32  60  131  146 
(Length: 3)  32  120  142 
(Length: 4)  32  41  52  85 
(Length: 3)  32  129  138 
(Length: 4)  32  41  61  141 
(Length: 3)  32  129  146 
(Length: 4)  32  41  131  141 
(Length: 4)  32  52  84  91 
(Length: 4)  32  64  73  119 
(Length: 4)  32  60  84  119 
(Length: 4)  32  73  75  78 
(Length: 3)  32  75  84 
(Length: 4)  32  75  142  148 
(Length: 3)  32  120  138 
(Length: 4)  32  41  52  61 
(Length: 3)  32  67  119 
(Length: 3)  32  67  120 
(Length: 3)  32  128  131 
(Length: 4)  32  56  120  131 
(Length: 4)  32  61  120  141 
(Length: 4)  32  56  61  148 
(Length: 4)  32  120  131  141 
(Length: 5)  32  60  64  119  146 
(Length: 4)  32  60  142  148 
(Length: 4)  32  55  56  100 
(Length: 4)  32  56  61  120 
(Length: 3)  32  56  129 
(Length: 3)  32  52  55 
(Length: 4)  32  73  91  119 
(Length: 5)  32  84  91  119  137 
(Length: 4)  32  91  120  131 
(Length: 4)  32  56  60  148 
(Length: 3)  32  65  73 
(Length: 4)  32  55  137  141 
(Length: 3)  32  78  101 
(Length: 4)  32  78  120  131 
(Length: 4)  33  35  91  144 
(Length: 3)  33  120  143 
(Length: 4)  33  53  91  144 
(Length: 4)  33  91  133  144 
(Length: 4)  33  53  91  120 
(Length: 4)  33  53  67  120 
(Length: 5)  33  53  56  97  144 
(Length: 4)  33  38  107  120 
(Length: 4)  33  38  133  144 
(Length: 4)  33  38  107  133 
(Length: 4)  33  35  38  107 
(Length: 4)  33  38  97  144 
(Length: 4)  33  53  56  148 
(Length: 3)  33  60  123 
(Length: 3)  33  35  148 
(Length: 4)  33  53  56  120 
(Length: 3)  33  120  123 
(Length: 4)  33  35  38  144 
(Length: 4)  33  38  97  107 
(Length: 4)  33  56  60  148 
(Length: 4)  34  56  97  116 
(Length: 4)  34  58  107  138 
(Length: 3)  34  46  124 
(Length: 3)  34  60  92 
(Length: 4)  34  43  58  127 
(Length: 4)  34  80  97  116 
(Length: 3)  34  47  92 
(Length: 3)  34  97  107 
(Length: 4)  34  47  127  135 
(Length: 3)  34  92  116 
(Length: 3)  35  86  107 
(Length: 3)  35  55  86 
(Length: 3)  35  75  148 
(Length: 4)  35  82  99  148 
(Length: 3)  35  55  144 
(Length: 3)  35  82  91 
(Length: 3)  35  55  99 
(Length: 3)  35  76  86 
(Length: 4)  35  55  69  100 
(Length: 3)  35  75  95 
(Length: 4)  35  49  91  102 
(Length: 3)  35  49  107 
(Length: 3)  35  38  82 
(Length: 4)  35  38  100  107 
(Length: 3)  35  47  95 
(Length: 3)  35  47  96 
(Length: 3)  35  99  107 
(Length: 3)  36  89  135 
(Length: 4)  36  37  54  72 
(Length: 3)  36  89  107 
(Length: 4)  36  44  107  149 
(Length: 3)  36  37  102 
(Length: 3)  36  121  146 
(Length: 3)  36  67  135 
(Length: 3)  36  67  116 
(Length: 4)  36  39  91  131 
(Length: 4)  36  50  101  146 
(Length: 3)  36  103  146 
(Length: 4)  36  58  62  102 
(Length: 4)  36  58  107  109 
(Length: 3)  36  62  116 
(Length: 4)  36  39  91  121 
(Length: 3)  36  68  103 
(Length: 3)  36  62  101 
(Length: 4)  36  62  89  102 
(Length: 4)  36  68  72  149 
(Length: 3)  36  50  116 
(Length: 4)  36  91  102  131 
(Length: 4)  36  44  58  62 
(Length: 4)  36  62  70  103 
(Length: 3)  36  39  116 
(Length: 4)  36  62  91  102 
(Length: 3)  36  67  109 
(Length: 4)  36  44  58  107 
(Length: 4)  36  54  68  72 
(Length: 4)  36  39  107  121 
(Length: 4)  36  102  131  146 
(Length: 3)  36  74  116 
(Length: 3)  37  66  105 
(Length: 3)  37  53  73 
(Length: 3)  37  72  105 
(Length: 3)  37  105  109 
(Length: 3)  37  79  96 
(Length: 4)  37  53  66  88 
(Length: 3)  37  54  66 
(Length: 3)  37  102  105 
(Length: 3)  38  84  104 
(Length: 5)  38  51  104  111  116 
(Length: 3)  38  106  147 
(Length: 4)  38  64  122  149 
(Length: 4)  38  51  104  145 
(Length: 3)  38  82  124 
(Length: 3)  38  82  135 
(Length: 3)  38  82  147 
(Length: 4)  38  66  97  116 
(Length: 3)  38  90  97 
(Length: 3)  38  107  149 
(Length: 4)  38  104  107  120 
(Length: 4)  38  107  111  133 
(Length: 4)  38  51  116  124 
(Length: 4)  38  64  104  122 
(Length: 4)  38  51  124  145 
(Length: 4)  38  51  145  147 
(Length: 4)  38  66  116  139 
(Length: 4)  38  97  116  144 
(Length: 3)  38  93  124 
(Length: 3)  38  100  124 
(Length: 3)  38  66  93 
(Length: 3)  38  100  135 
(Length: 3)  38  128  135 
(Length: 3)  38  128  139 
(Length: 3)  38  93  135 
(Length: 3)  38  66  84 
(Length: 3)  38  84  147 
(Length: 3)  38  43  64 
(Length: 3)  38  43  84 
(Length: 3)  38  43  100 
(Length: 3)  38  66  82 
(Length: 3)  38  43  144 
(Length: 4)  38  106  116  144 
(Length: 3)  38  43  145 
(Length: 5)  38  51  104  107  111 
(Length: 4)  39  111  116  126 
(Length: 4)  39  53  66  88 
(Length: 4)  39  51  107  111 
(Length: 4)  39  66  88  125 
(Length: 3)  39  75  83 
(Length: 3)  39  121  142 
(Length: 4)  39  57  91  125 
(Length: 4)  39  51  79  147 
(Length: 5)  39  91  125  130  131 
(Length: 4)  39  57  79  147 
(Length: 3)  39  61  111 
(Length: 4)  39  40  53  88 
(Length: 3)  39  47  79 
(Length: 3)  39  47  83 
(Length: 4)  39  84  115  126 
(Length: 3)  39  53  142 
(Length: 3)  39  88  126 
(Length: 3)  39  51  91 
(Length: 3)  39  57  61 
(Length: 4)  39  51  111  116 
(Length: 3)  39  69  134 
(Length: 4)  39  107  111  126 
(Length: 3)  39  134  136 
(Length: 3)  39  47  125 
(Length: 4)  39  53  66  84 
(Length: 3)  39  66  116 
(Length: 3)  39  47  69 
(Length: 4)  39  75  84  147 
(Length: 3)  39  53  83 
(Length: 4)  39  115  125  134 
(Length: 4)  39  66  84  136 
(Length: 4)  39  69  116  126 
(Length: 4)  39  53  84  91 
(Length: 4)  39  75  125  142 
(Length: 3)  39  79  142 
(Length: 3)  39  134  147 
(Length: 4)  40  53  67  88 
(Length: 3)  40  82  124 
(Length: 3)  40  67  139 
(Length: 3)  40  53  97 
(Length: 3)  40  82  88 
(Length: 3)  40  78  101 
(Length: 3)  41  129  139 
(Length: 3)  41  109  126 
(Length: 4)  41  61  109  139 
(Length: 3)  41  104  126 
(Length: 3)  41  94  104 
(Length: 3)  41  92  139 
(Length: 3)  41  43  131 
(Length: 4)  41  43  85  94 
(Length: 3)  41  63  129 
(Length: 3)  41  126  149 
(Length: 4)  41  43  50  85 
(Length: 3)  41  54  126 
(Length: 4)  41  50  104  141 
(Length: 4)  41  92  104  141 
(Length: 3)  42  95  101 
(Length: 3)  42  56  77 
(Length: 3)  42  50  101 
(Length: 3)  42  95  131 
(Length: 3)  42  56  131 
(Length: 3)  42  50  136 
(Length: 4)  42  134  136  139 
(Length: 4)  42  56  136  139 
(Length: 3)  43  95  131 
(Length: 3)  43  76  136 
(Length: 3)  43  75  125 
(Length: 3)  43  95  101 
(Length: 3)  43  50  110 
(Length: 4)  43  68  71  136 
(Length: 4)  43  101  125  144 
(Length: 4)  43  68  85  94 
(Length: 3)  43  113  125 
(Length: 3)  43  113  127 
(Length: 3)  43  50  136 
(Length: 4)  43  50  101  125 
(Length: 4)  43  71  110  145 
(Length: 4)  43  94  101  144 
(Length: 4)  43  75  95  145 
(Length: 3)  43  76  94 
(Length: 4)  43  68  71  131 
(Length: 3)  43  94  110 
(Length: 4)  43  58  75  148 
(Length: 3)  43  71  100 
(Length: 3)  43  113  139 
(Length: 3)  43  64  85 
(Length: 4)  43  75  84  95 
(Length: 3)  43  84  136 
(Length: 3)  43  58  144 
(Length: 4)  44  53  95  145 
(Length: 3)  44  107  120 
(Length: 3)  44  62  120 
(Length: 3)  44  120  130 
(Length: 4)  44  51  145  147 
(Length: 3)  44  62  147 
(Length: 3)  44  95  111 
(Length: 3)  44  99  107 
(Length: 3)  44  82  147 
(Length: 4)  44  51  107  111 
(Length: 3)  44  82  99 
(Length: 3)  44  105  149 
(Length: 3)  44  130  145 
(Length: 4)  45  54  99  148 
(Length: 3)  45  83  99 
(Length: 3)  45  47  95 
(Length: 4)  45  81  86  119 
(Length: 4)  45  47  96  119 
(Length: 3)  45  49  54 
(Length: 3)  45  60  83 
(Length: 3)  45  51  124 
(Length: 4)  45  60  81  119 
(Length: 3)  45  95  97 
(Length: 3)  45  99  119 
(Length: 3)  45  83  124 
(Length: 3)  45  95  141 
(Length: 3)  45  58  148 
(Length: 3)  45  47  83 
(Length: 3)  46  113  135 
(Length: 4)  46  57  106  114 
(Length: 4)  46  106  114  131 
(Length: 3)  46  118  135 
(Length: 4)  46  52  57  61 
(Length: 4)  46  52  62  113 
(Length: 5)  46  52  61  62  124 
(Length: 3)  46  62  118 
(Length: 3)  46  114  142 
(Length: 3)  46  114  145 
(Length: 3)  46  124  145 
(Length: 3)  47  62  70 
(Length: 3)  47  83  112 
(Length: 3)  47  62  112 
(Length: 3)  47  95  112 
(Length: 3)  47  95  135 
(Length: 3)  47  79  96 
(Length: 3)  47  62  125 
(Length: 3)  47  62  92 
(Length: 3)  47  62  79 
(Length: 3)  48  66  93 
(Length: 3)  48  66  71 
(Length: 3)  48  66  97 
(Length: 3)  49  80  91 
(Length: 3)  49  77  102 
(Length: 5)  49  58  107  108  133 
(Length: 3)  49  89  107 
(Length: 3)  49  58  102 
(Length: 4)  49  66  71  136 
(Length: 3)  49  107  149 
(Length: 4)  49  77  107  108 
(Length: 3)  49  58  127 
(Length: 3)  49  71  122 
(Length: 3)  49  71  108 
(Length: 3)  49  122  149 
(Length: 4)  49  66  136  139 
(Length: 3)  49  91  133 
(Length: 5)  49  54  66  71  143 
(Length: 3)  50  137  141 
(Length: 3)  50  91  137 
(Length: 3)  50  104  136 
(Length: 3)  50  91  125 
(Length: 4)  51  107  108  111 
(Length: 3)  51  74  91 
(Length: 3)  51  79  108 
(Length: 4)  51  87  145  147 
(Length: 3)  51  103  147 
(Length: 3)  51  74  116 
(Length: 3)  52  88  146 
(Length: 3)  52  83  113 
(Length: 3)  52  88  144 
(Length: 3)  52  91  144 
(Length: 3)  52  88  89 
(Length: 3)  52  55  144 
(Length: 3)  52  66  88 
(Length: 3)  52  83  124 
(Length: 3)  52  57  99 
(Length: 3)  52  66  113 
(Length: 4)  52  62  89  113 
(Length: 3)  52  66  84 
(Length: 3)  52  57  91 
(Length: 4)  52  62  84  91 
(Length: 3)  52  83  99 
(Length: 3)  52  55  99 
(Length: 3)  52  55  69 
(Length: 4)  52  55  62  124 
(Length: 3)  53  95  97 
(Length: 3)  53  86  119 
(Length: 3)  53  120  142 
(Length: 4)  53  56  66  97 
(Length: 4)  53  84  91  119 
(Length: 3)  53  83  99 
(Length: 4)  53  73  91  119 
(Length: 4)  53  73  99  119 
(Length: 4)  53  56  99  148 
(Length: 3)  53  142  148 
(Length: 3)  53  88  144 
(Length: 4)  53  67  88  119 
(Length: 3)  53  67  95 
(Length: 3)  53  67  93 
(Length: 3)  53  66  93 
(Length: 3)  53  84  95 
(Length: 3)  54  125  144 
(Length: 3)  54  69  126 
(Length: 4)  54  68  71  72 
(Length: 4)  54  71  72  143 
(Length: 4)  54  71  126  143 
(Length: 3)  54  66  125 
(Length: 3)  54  68  99 
(Length: 3)  55  68  81 
(Length: 3)  55  100  124 
(Length: 3)  55  56  99 
(Length: 3)  55  56  62 
(Length: 4)  55  81  86  109 
(Length: 4)  55  69  100  109 
(Length: 3)  55  62  118 
(Length: 3)  55  56  144 
(Length: 3)  55  68  99 
(Length: 3)  55  98  109 
(Length: 3)  55  99  137 
(Length: 3)  55  86  141 
(Length: 4)  55  106  141  144 
(Length: 4)  55  56  69  100 
(Length: 3)  55  56  66 
(Length: 3)  55  62  103 
(Length: 3)  55  86  118 
(Length: 4)  56  62  77  102 
(Length: 3)  56  99  131 
(Length: 3)  56  129  144 
(Length: 3)  56  100  121 
(Length: 4)  56  129  136  139 
(Length: 3)  56  77  129 
(Length: 3)  56  61  139 
(Length: 4)  56  66  136  139 
(Length: 4)  56  66  105  139 
(Length: 4)  56  66  97  116 
(Length: 3)  56  60  77 
(Length: 4)  56  61  62  120 
(Length: 3)  56  69  116 
(Length: 4)  56  66  97  105 
(Length: 4)  56  60  136  139 
(Length: 3)  56  97  121 
(Length: 4)  56  102  105  139 
(Length: 3)  56  62  136 
(Length: 4)  56  66  116  139 
(Length: 4)  56  97  116  144 
(Length: 4)  57  108  114  146 
(Length: 3)  57  87  147 
(Length: 3)  57  68  99 
(Length: 3)  57  106  147 
(Length: 3)  57  99  114 
(Length: 4)  57  61  68  141 
(Length: 3)  57  68  71 
(Length: 4)  57  71  108  114 
(Length: 4)  57  91  102  125 
(Length: 3)  57  87  99 
(Length: 4)  57  106  108  114 
(Length: 3)  57  79  108 
(Length: 4)  58  66  93  123 
(Length: 3)  58  93  102 
(Length: 3)  58  102  126 
(Length: 3)  58  62  65 
(Length: 3)  58  73  75 
(Length: 3)  58  133  144 
(Length: 4)  58  107  109  126 
(Length: 3)  58  109  148 
(Length: 3)  58  65  73 
(Length: 3)  58  65  133 
(Length: 3)  58  109  127 
(Length: 3)  59  72  134 
(Length: 3)  59  72  149 
(Length: 3)  59  95  112 
(Length: 4)  60  84  115  126 
(Length: 4)  60  64  77  126 
(Length: 4)  60  106  131  141 
(Length: 3)  60  92  146 
(Length: 3)  60  64  74 
(Length: 3)  60  74  83 
(Length: 4)  60  92  123  139 
(Length: 4)  60  134  136  139 
(Length: 4)  60  77  81  119 
(Length: 4)  60  64  119  123 
(Length: 3)  60  84  136 
(Length: 3)  60  77  92 
(Length: 3)  60  92  141 
(Length: 4)  60  64  77  119 
(Length: 4)  60  88  119  146 
(Length: 3)  60  88  126 
(Length: 4)  60  64  126  149 
(Length: 3)  60  115  134 
(Length: 3)  60  142  149 
(Length: 3)  60  115  145 
(Length: 3)  60  139  142 
(Length: 3)  61  68  111 
(Length: 3)  61  109  127 
(Length: 3)  61  109  148 
(Length: 4)  62  91  102  112 
(Length: 4)  62  84  112  147 
(Length: 4)  62  71  112  124 
(Length: 3)  62  65  111 
(Length: 3)  62  64  77 
(Length: 4)  62  77  92  102 
(Length: 3)  62  115  125 
(Length: 4)  62  91  102  125 
(Length: 3)  62  71  143 
(Length: 4)  62  92  117  118 
(Length: 3)  62  113  125 
(Length: 4)  62  89  92  102 
(Length: 4)  62  71  112  117 
(Length: 3)  62  101  125 
(Length: 4)  62  101  117  118 
(Length: 3)  62  101  111 
(Length: 3)  62  92  116 
(Length: 4)  62  91  120  125 
(Length: 4)  62  71  116  124 
(Length: 3)  62  71  103 
(Length: 3)  62  91  118 
(Length: 3)  62  84  115 
(Length: 4)  62  84  91  112 
(Length: 3)  62  103  147 
(Length: 3)  62  70  143 
(Length: 3)  62  79  147 
(Length: 3)  62  70  124 
(Length: 3)  62  120  143 
(Length: 3)  62  64  143 
(Length: 3)  62  111  116 
(Length: 3)  62  64  118 
(Length: 3)  63  105  108 
(Length: 3)  63  128  135 
(Length: 3)  63  77  108 
(Length: 3)  63  77  129 
(Length: 4)  63  64  104  121 
(Length: 3)  63  105  135 
(Length: 4)  63  99  135  148 
(Length: 3)  63  64  77 
(Length: 4)  64  98  122  149 
(Length: 3)  64  74  96 
(Length: 3)  64  85  122 
(Length: 4)  64  98  104  122 
(Length: 4)  64  73  119  123 
(Length: 3)  64  86  118 
(Length: 3)  64  86  141 
(Length: 3)  64  73  118 
(Length: 4)  64  104  121  122 
(Length: 3)  64  73  121 
(Length: 4)  64  122  126  149 
(Length: 3)  64  85  96 
(Length: 4)  64  104  141  143 
(Length: 4)  64  104  126  143 
(Length: 3)  64  121  146 
(Length: 3)  64  104  118 
(Length: 4)  64  77  86  119 
(Length: 4)  64  96  119  146 
(Length: 4)  64  104  122  126 
(Length: 3)  64  96  104 
(Length: 3)  65  95  135 
(Length: 3)  65  111  133 
(Length: 3)  65  104  111 
(Length: 3)  65  94  104 
(Length: 3)  65  95  111 
(Length: 3)  66  82  112 
(Length: 3)  66  93  143 
(Length: 3)  66  93  113 
(Length: 3)  66  113  125 
(Length: 3)  66  97  125 
(Length: 3)  66  71  116 
(Length: 3)  66  82  88 
(Length: 3)  66  71  112 
(Length: 3)  66  113  139 
(Length: 4)  66  105  123  139 
(Length: 4)  66  105  112  123 
(Length: 4)  66  84  105  112 
(Length: 4)  67  94  104  118 
(Length: 3)  67  105  135 
(Length: 4)  67  105  109  139 
(Length: 4)  67  92  116  139 
(Length: 3)  67  128  139 
(Length: 3)  67  118  135 
(Length: 4)  67  94  104  120 
(Length: 3)  67  128  135 
(Length: 4)  67  92  104  118 
(Length: 3)  67  90  95 
(Length: 3)  67  93  135 
(Length: 4)  67  92  104  116 
(Length: 3)  67  76  109 
(Length: 3)  67  95  135 
(Length: 3)  67  76  94 
(Length: 3)  68  131  141 
(Length: 4)  68  123  131  132 
(Length: 3)  68  99  131 
(Length: 4)  68  71  73  136 
(Length: 3)  68  73  99 
(Length: 3)  68  73  123 
(Length: 3)  68  99  115 
(Length: 3)  68  83  99 
(Length: 4)  68  71  128  131 
(Length: 3)  68  71  81 
(Length: 4)  68  93  123  132 
(Length: 3)  68  94  103 
(Length: 3)  68  71  103 
(Length: 3)  68  93  103 
(Length: 3)  69  122  134 
(Length: 3)  69  122  126 
(Length: 3)  70  114  144 
(Length: 3)  70  82  99 
(Length: 3)  70  82  124 
(Length: 3)  70  103  142 
(Length: 3)  70  83  124 
(Length: 3)  70  83  99 
(Length: 3)  70  114  142 
(Length: 3)  70  82  88 
(Length: 3)  70  88  144 
(Length: 3)  71  114  116 
(Length: 3)  71  72  108 
(Length: 3)  71  73  118 
(Length: 3)  71  116  126 
(Length: 3)  71  100  124 
(Length: 4)  71  117  118  135 
(Length: 3)  71  72  122 
(Length: 3)  71  128  145 
(Length: 3)  71  110  140 
(Length: 3)  71  81  117 
(Length: 3)  71  114  136 
(Length: 3)  71  110  117 
(Length: 3)  71  114  145 
(Length: 3)  71  124  145 
(Length: 4)  71  112  114  117 
(Length: 4)  71  108  114  131 
(Length: 3)  71  122  126 
(Length: 3)  72  105  149 
(Length: 3)  72  105  127 
(Length: 3)  72  122  134 
(Length: 3)  72  108  134 
(Length: 3)  72  122  149 
(Length: 3)  72  105  108 
(Length: 3)  73  91  118 
(Length: 3)  73  75  147 
(Length: 3)  73  106  147 
(Length: 3)  73  78  118 
(Length: 3)  73  75  125 
(Length: 3)  75  83  90 
(Length: 3)  75  142  149 
(Length: 3)  75  90  125 
(Length: 3)  75  84  140 
(Length: 3)  75  78  149 
(Length: 3)  75  78  95 
(Length: 4)  75  84  112  147 
(Length: 3)  75  125  140 
(Length: 4)  75  84  95  112 
(Length: 3)  75  145  147 
(Length: 3)  75  83  112 
(Length: 3)  75  90  95 
(Length: 3)  76  98  109 
(Length: 3)  76  86  109 
(Length: 4)  77  81  86  119 
(Length: 4)  77  100  107  108 
(Length: 3)  77  81  102 
(Length: 3)  77  102  126 
(Length: 3)  77  86  107 
(Length: 3)  77  107  126 
(Length: 4)  78  80  101  118 
(Length: 3)  78  95  101 
(Length: 3)  78  95  131 
(Length: 4)  78  80  98  101 
(Length: 3)  78  93  149 
(Length: 3)  78  80  93 
(Length: 4)  78  98  122  149 
(Length: 3)  79  96  142 
(Length: 3)  80  101  125 
(Length: 4)  80  101  117  118 
(Length: 3)  80  91  125 
(Length: 3)  80  91  118 
(Length: 3)  80  112  117 
(Length: 3)  80  91  98 
(Length: 3)  80  116  126 
(Length: 3)  80  91  112 
(Length: 3)  82  91  121 
(Length: 4)  82  99  135  148 
(Length: 3)  82  89  135 
(Length: 3)  82  112  147 
(Length: 3)  82  88  89 
(Length: 3)  82  112  124 
(Length: 3)  82  91  112 
(Length: 3)  83  100  124 
(Length: 3)  83  112  124 
(Length: 3)  84  96  119 
(Length: 3)  84  96  104 
(Length: 3)  84  104  136 
(Length: 3)  84  96  115 
(Length: 4)  84  105  115  126 
(Length: 3)  84  104  126 
(Length: 3)  85  94  96 
(Length: 3)  86  107  109 
(Length: 3)  87  128  145 
(Length: 3)  88  100  108 
(Length: 3)  88  108  146 
(Length: 3)  89  120  130 
(Length: 3)  89  110  145 
(Length: 3)  89  130  145 
(Length: 3)  89  92  110 
(Length: 4)  89  113  127  135 
(Length: 3)  89  107  120 
(Length: 4)  90  101  106  108 
(Length: 4)  90  101  106  125 
(Length: 3)  90  97  125 
(Length: 3)  90  95  97 
(Length: 4)  90  125  130  131 
(Length: 3)  90  95  101 
(Length: 4)  90  101  125  130 
(Length: 4)  90  106  125  131 
(Length: 3)  90  95  131 
(Length: 4)  90  106  108  131 
(Length: 3)  90  97  98 
(Length: 4)  90  98  101  106 
(Length: 5)  91  120  125  130  131 
(Length: 3)  92  117  123 
(Length: 3)  92  110  117 
(Length: 3)  92  102  139 
(Length: 3)  93  135  143 
(Length: 3)  93  113  135 
(Length: 3)  93  123  135 
(Length: 3)  94  103  105 
(Length: 3)  94  96  110 
(Length: 3)  94  101  118 
(Length: 3)  94  120  138 
(Length: 3)  94  96  103 
(Length: 3)  94  96  104 
(Length: 3)  95  97  121 
(Length: 3)  95  131  141 
(Length: 3)  95  101  111 
(Length: 3)  96  128  131 
(Length: 3)  96  110  142 
(Length: 3)  96  103  146 
(Length: 3)  96  115  144 
(Length: 3)  96  131  132 
(Length: 3)  96  103  142 
(Length: 3)  96  131  146 
(Length: 3)  96  133  144 
(Length: 3)  97  107  121 
(Length: 3)  97  125  144 
(Length: 4)  98  127  128  135 
(Length: 3)  98  113  140 
(Length: 4)  98  113  127  135 
(Length: 3)  99  119  137 
(Length: 3)  99  114  131 
(Length: 3)  100  107  121 
(Length: 4)  101  106  108  114 
(Length: 3)  101  108  111 
(Length: 3)  101  114  117 
(Length: 4)  101  106  114  144 
(Length: 4)  101  108  114  146 
(Length: 3)  102  105  126 
(Length: 3)  102  105  112 
(Length: 4)  102  105  139  142 
(Length: 3)  103  105  142 
(Length: 3)  104  107  121 
(Length: 4)  104  120  141  143 
(Length: 4)  104  107  111  126 
(Length: 4)  104  111  116  126 
(Length: 3)  105  123  135 
(Length: 3)  105  127  135 
(Length: 4)  106  108  114  131 
(Length: 4)  106  114  116  144 
(Length: 3)  107  126  149 
(Length: 3)  107  120  138 
(Length: 4)  107  108  111  133 
(Length: 3)  108  114  134 
(Length: 4)  108  114  131  146 
(Length: 3)  110  117  142 
(Length: 3)  112  117  123 
(Length: 3)  113  139  140 
(Length: 3)  113  125  140 
(Length: 3)  113  135  148 
(Length: 3)  114  134  136 
(Length: 3)  114  131  132 
(Length: 3)  114  117  142 
(Length: 3)  114  132  145 
(Length: 3)  117  123  135 
(Length: 3)  120  125  142 
(Length: 4)  120  123  125  131 
(Length: 3)  121  122  142 
(Length: 3)  122  142  149 
(Length: 3)  125  140  144 
(Length: 3)  128  130  131 
(Length: 3)  129  136  138 
(Length: 3)  129  140  144 
(Length: 3)  129  139  140 
...model cost: 1.67 seconds  46229 FFE
 (opt) 670.00000000 == 670.00000000 (sur)  OPTIMALITY TEST PASSED!
   BESTimpr 591.00000000 -> 655.00000000
**1**1**11*******1*1**1*****111*11*1*1*11****11*1111**1****1111*11111**1*1**1***11**11***111**111111**11*111**11***1111*11***1*1*1****1*11*1*1111***11


*1**11**1****1*1111**11****1111**1*111111*1*1*111***1*111*11*1**11**1***11***1**11*************11**1*111**1****111*1*1**1*11******1***1111***1111**11*


11****1**1*1*1**1*111*1*11**1*1*1**111*111***111*1111*****11*1**11111**1*11*11**1***1******111*11*111***11**1*11*1111**1**1*1111**111*1*1***111*1*1*11

