Walsh model started...
 24  31  64  114  25  75  51  89  9  35  148  1  144  141  98  125  78  83  138  65  19  117  93  61  108  5  120  109  119  147  13  10  22  95  145 
 67  70  57  136  0  144  58  120  40  65  138  131  29  145  56  52  54  76  84  41  104  31  25  111 
 3  58  92  14  93  94  25  59  122  69  81  89  34  23  142  139  33 
 2  58  11  32  128  31  86  79  56  68  137  95  133  48  26  44  35  107  98  18  136  148  78  17  112  52  42  92  71  49  126  111 
 8  78  30  71  80  35  148  74  61  118  13  60  73  133  114 
 94  31  104  81  34  51  130  102  76  17  136  39  149  66  103  79  140  16  111  82  108  0  144 
 26  90  104  135  134  140  106  85  10  79  12  24  75  77  88  132  100  37 
 80  147  135  21  63  108  84  51  120  76  117  121  92  13  46  137  38  22  133  125  50  15  89  79  34 
 80  65  66  146  69  15  89  29  4  78  139  131  115  32  105  130  16  21  112  71  19  61  33  67  28  27  85  104  55  144  134  91  79  82  106  77  149 
 88  73  101  119  89  0  87  57  32  123  80 
 41  121  15  44  87  43  94  110  35  132  116  109  49  11  63  80  6  79  26  31  77  83  145  51  148  65  0  22 
 139  148  41  137  116  83  146  77  129  127  108  32  3  121  103  68  54  70  10  49  95  33  73  82  81  72  64  46  65  111  113  21  115 
 34  109  134  140  46  131  43  18  146  120  50  62  31  67  26  6  24  141  121 
 60  102  39  104  90  67  87  120  28  121  99  63  92  7  118  4  113  72  78  147  0  94  44  69  80 
 115  98  2  92  127  63  109  137  55  25  64  146  71  129  62  95  34  82  81 
 74  64  113  36  8  69  128  131  10  44  114  79  115  139  77  63  130  70  123  46  142  43  108  67  89  135  7  50  32  136  92 
 145  19  110  49  90  137  78  8  104  147  127  27  44  66  46  139  18  111  140  5  133  21  88  142  72  105 
 23  60  5  76  126  125  71  118  112  3  93  42  129  97  149  87  45  54  34  25  101 
 91  67  85  27  128  39  66  34  43  12  120  93  142  38  3  136  31  16  111  63  22  103  147  108  55  97  75  33  48  131  105 
 145  16  118  33  49  98  110  82  139  120  53  47  144  55  71  8  87  20  80  48  131  0  117  46  44  79  64  66  122  76  123 
 94  141  83  61  53  138  116  85  139  58  126  34  46  103  88  65  25  87  36  108  21  63  19  29  28  71  23  51  77  41  30 
 135  7  63  102  67  136  112  8  20  124  111  142  41  56  118  128  133  16  76  66  100  119  32  31  130  89  11  115 
 143  58  24  38  124  99  102  139  7  63  18  77  146  0  10  64 
 43  119  60  17  48  113  137  115  34  101  107  104  140  28  131  68  144  102  128  134  57  117  94  71  20  2  142  90  91 
 0  31  67  35  22  38  108  120  51  74  144  54  142  12  6 
 114  0  59  2  55  14  20  87  125  110  74  113  128  93  30  40  54  100  112  17  97  1  111 
 90  6  63  132  105  56  3  44  55  148  115  94  69  67  12  49  137  38  109  10  125  111 
 63  101  54  66  18  85  112  59  127  16  51  90  33  8  108  131  125  121  124  36  46  71  37  32 
 99  120  77  68  82  53  125  74  107  140  121  13  59  71  95  92  55  65  8  20  88  23  131  112  89  31  43 
 89  8  31  111  145  1  76  103  116  84  54  141  20  35  105  101  88  30  132  108 
 85  146  63  32  45  135  4  71  41  145  97  137  93  25  20  29  132 
 24  0  5  94  76  79  42  148  128  3  140  78  73  58  95  70  29  111  107  103  12  18  41  40  1  97  10  77  32  21  92  104  28  43  90  39  35  105 
 144  130  76  70  125  50  11  3  30  63  115  8  93  112  75  142  147  119  141  110  57  9  69  15  124  52  31  21  133  106  37  27 
 90  66  138  19  118  110  145  126  119  8  61  95  11  27  122  77  75  18  82  128  101  98  139  2 
 139  103  5  51  146  91  110  108  12  109  18  66  136  121  115  23  126  20  81  78  17  54  112  65  14  2  38  59  88  79  7 
 24  67  0  148  44  130  110  107  3  80  4  96  10  132  48  118  104  36  62  142  37  29  105  39  146  136  68  82  87  31 
 113  15  66  130  71  120  70  38  105  109  127  116  123  125  111  139  20  108  62  35  85  142  57  64  124  27  84  129 
 130  86  69  73  38  101  135  60  146  67  35  104  137  93  91  95  120  134  114  6  100  32  27 
 63  84  94  60  134  36  70  24  22  101  37  142  18  26  49  7  45  69  98  140  145  91  34  54  143  135  64 
 149  121  13  104  105  135  144  141  18  128  140  56  80  69  5  136  124  100  35  62  45  133  77  73  78  129  31  90 
 1  65  81  90  41  31  52  79  54  25 
 11  137  10  121  110  141  131  77  85  87  145  30  44  58  99  40  31  142  21  104  1  84  53  20  55  98  90 
 31  148  120  52  87  86  77  54  93  17  3 
 23  119  18  12  141  145  68  101  87  10  69  123  138  15  108  102  129  28  31  130  112 
 113  134  124  108  117  104  15  10  149  79  130  35  110  73  131  3  26  58  41  102  114  127  66  16  112  141  46  19  122  125  143  87  94  13 
 75  138  82  67  149  68  30  135  85  114  59  17  54  69  38  128  39  94  134  129  101 
 127  106  66  12  131  86  125  103  20  110  109  15  142  139  16  81  149  7  137  19  44  11  65  85  107  71  27  53  129 
 148  58  59  126  87  121  61  86  19  53  64  48  79  89  108  139  54  146 
 70  69  81  85  103  100  3  133  113  23  47  64  118  35  101  63  80  19  67  18 
 140  124  128  117  110  16  126  89  19  98  136  119  91  149  51  114  67  10  11  26  137  38  102  135  3 
 32  125  119  140  69  141  104  100  121  12  62  75  79  7  15  124  64  134  115 
 34  5  75  0  7  84  74  24  70  55  114  49  144  135  141  145  127  27  138  65  109  57  137  20  77  148  10  115  71 
 106  100  42  120  126  82  71  149  57  3  107  1  56  132  85  40  79  136  58  32  124 
 148  60  28  82  20  138  128  80  136  78  19  47  126  66  108  141  131  41  84  129  46 
 27  66  132  138  59  68  11  42  77  1  29  45  17  98  126  24  142  110  122  34  133  140  40  25  38  74  64  146  47 
 148  96  57  62  26  25  14  51  70  19  144  92  28  97  8  131  108  18  86  149  41  98 
 66  107  100  133  3  68  105  26  140  39  1  52  74  86  21  102  60  110  113 
 147  137  103  110  1  136  70  84  62  55  149  52  36  64  9  32  23  134  51  122  146  115  66  67 
 3  2  148  47  22  143  1  120  31  73  20  139  44  41  98  60  76  92  86  75  71  110  127  105  108  136  52 
 126  47  97  63  68  54  25  2  45  82  28  112  27  115  103  94  133  34  88 
 13  102  148  53  38  134  23  17  76  69  126  58  135  37  73  4  106  56  110  80 
 72  92  108  126  83  20  47  86  4  148  8  33  135  127  0  93  119  140 
 93  111  78  117  57  55  50  12  36  35  131  39  14  95 
 27  101  38  84  26  132  94  145  108  7  30  32  21  102  97  59  14  127  147  73  99  13  15  130  20  48  80  10  18  22 
 74  15  0  114  73  90  116  67  47  48  79  143  146  14  124  50  115  57  36  72  11  19  66  54  22  38 
 8  80  1  40  82  119  88  20  129  101  130  28  51  0  46  11  34  112  10  83 
 27  54  33  90  122  119  8  146  56  107  36  130  106  46  18  34  5  149  126  53  44  16  76  21  64  19  57  67  125  112 
 91  18  82  45  24  35  90  13  1  70  21  136  64  116  146  37  49  114  89  15  80  8  12  26  142  123  144  48  66  57  115  111 
 149  45  147  148  77  28  124  115  97  100  101  43  59  54  56  3  137  95  11  23  144  113  35  82  103  138 
 48  70  8  15  37  73  115  127  85  126  60  141  50  43  87  80  39  122  2  26  148  106  45  38  97  139  32  129  13 
 32  76  48  69  36  38  1  67  84  57  103  11  95  31  100  149  51  55  126  77  15  123  97  72  118  114 
 36  120  4  30  108  126  52  149  28  95  58  110  17  118  19  8  137  3  46  27  100  127  23  20  129  14  115  51 
 92  61  109  98  122  79  144  105  113  13  64  11  70  118  82  128  136  16 
 69  37  9  88  64  90  63  147  31  58  44  131  122  148  87  60  4  11  82  139  145  123  78  39  105 
 64  15  125  28  149  109  51  24  148  4  144  82  123  95  111  86  56  25  110  54 
 138  45  51  0  123  97  32  142  58  86  50  79  33  18  6  77 
 32  70  79  31  134  60  7  120  87  5  17  58  29  103  84  1  125  21  66  108  19  123 
 146  11  131  41  68  28  116  98  139  15  42  54  70  126  122  33  22  10  31  6  75  51  20  133  39  121  86  8  149 
 8  4  140  31  117  62  16  136  53  81  34  148  3  83  0  108  100  13  121  73  39  97  133 
 76  31  81  95  87  122  114  15  3  86  149  44  134  92  72  50  75  148  135  103  5  6  10  64  143  118  19  113  40  52  91  8  47  89  7  34 
 8  65  7  147  106  115  128  53  39  69  35  4  112  81  82  123  67  63  10  19  48  93  60  131  99  9  13 
 129  145  5  104  101  136  95  79  48  85  132  144  40  90  131  78  34  123  111  112  80  46  149  89  2  11  137  139  14  82 
 67  45  102  103  126  52  28  53  59  19  110  65  119  107  146  142  83  117  123  74  80  73  11  5  68  35  33  128  118  72  14  81  8  106 
 11  116  20  61  82  142  78  0  10  145  65 
 63  38  94  7  51  70  57  29  116  76  1  41  53  36  129  110  111  137  123 
 30  146  81  48  18  27  41  87  45  114  69  127  20  116  6  106  104  8  142  36  132  52  102  134  107  46 
 37  130  87  42  3  79  46  125  61  47  58  75  145  147  74  56  55  149  121  77 
 85  41  79  122  86  42  13  120  121  47  43  10  76  69  25  20  9  73  19  17  149  125  44  35 
 9  73  65  20  115  138  28  103  99  132  6  16  142  29  101  105  136  59  34 
 8  29  126  49  9  0  67  15  81  2  7  117  108  28  112  21  130  79  47 
 26  6  33  66  138  132  105  67  13  73  64  137  16  81  40  131  27  109  111  139  31  39  41  23  91 
 18  67  34  146  135  102  145  137  49  149  126  140  38  37  79  8  90  23  98  117 
 72  61  2  14  79  134  139  58  7  13  55  28  136  3  15  31  104 
 62  111  2  94  32  112  120  18  145  95  42  17  123  104  80  147  137  37  30  25  0  61  116  130  124 
 5  31  141  20  145  63  38  84  2  93  110  10  26  115  59  133  134  45  23  117  121  99  44  13 
 81  79  3  137  68  71  28  70  31  121  134  93  145  74  111  11  33  113  124  104  120  37  14  62  0 
 148  55  110  35 
 63  59  100  68  75  123  129  17  55  70  30  137  139  69  18  31  78  133  25 
 115  14  109  72  116  77  19  49  102  120  141  0  58  3  128  111  131  149  54  126  38  140  119  101  33  55  41  91  117 
 120  28  22  124  63  13  41  121  103  88  94  131  80 
 106  52  97  68  56  133  48  103  149  127  121  50  70  39  124  108  78  107  119  21  71  25  112  6  37  140  105 
 27  63  81  136  38  37  9  119  68  43  125  129  23  107  48  65  145  33  98  29  88  116  117  17  45 
 60  13  82  103  91  135  21  63  98  120  130  5  114  44  139  22  56  111  127  49  129  43  128  23  85  134 
 146  117  139  34  102  82  57  110  48  100  121  11  70  46  20  115  59  107  31  76  29  112  109  79  5  18  147  88  99  138  68 
 5  81  44  117  13  39  125  50  135  6  147  16  93  123  140  23  148  35  85  8  41  1  111  37  137  95  92  31 
 129  135  132  90  39  36  109  26  56  130  8  147  114  108  58  72  144  134  138  35  29  131  18  88  136  73  145  140  100  31  16 
 127  46  52  100  66  80  115  146  121  6  85  60  69  142  130  133  32  8  82 
 56  66  35  3  28  140  146  82  31  103  23  101  117  52  100  85  46 
 126  61  110  34  44  124  127  11  63  7  71  120  24  125  20  36  118  143  105  58  15  43  78  100  27  131  53  141  18  55  128  149  89  5  0  76  29  47  139 
 135  118  34  12  72  98  36  105  14  137  74  149  110  46  116  10  112  103  90  111  26  120  0  51 
 41  141  16  49  119  137  108  34  103  57  35  44  145  33  19  82  94  10  143  140  96  71  58  46  109  32  25  74  56  60  54  122  84  111  120  113 
 62  93  128  98  31  29  139  36  123  81  95  74  18  16  124  21  143  119  102  127  5  104  90  109  3  110  84  11  113  26  125  1  25  67  115 
 139  146  93  32  27  59  21  8  17  3  81  80  103  109  121  124  141  44  117  147  34  65  28  89  100  25  130  43  66  125 
 134  44  36  15  48  23  72  13  128  25  95  124  68  56  79  148  111  11  110  120 
 64  0  15  79  25  45  85  105  147  138  149  102  44  51  49  67  118  70  134  37  133  4 
 80  106  14  98  124  68  8  32  69  15  23  137  34  26  94  103  59  88  138  50  134  146  64  135  21  11  57  136  51  71  67  111 
 11  83  98  77  20  85  127  36  140  138  64  67  29  84  109  10  93  130  101  117 
 146  103  49  128  44  104  78  62  7  121  107  82  112  147  0  19  89  23  94  116  101  91  98 
 135  109  19  33  17  71  48  35  108  143  13  4  21  128  79  72  82  70  114 
 66  122  137  110  43  23  50  140  9  101  65  82  136  49  147  32  33  126  111  143  135  100  21  98  0  61 
 99  28  42  52  87  13  36  71  123  130  7  76  102  98  58  1  108  24  18  93  19  139  12  146  0  109  110  113  95  37 
 10  41  149  39  87  47  11  103  28  13  34  136  146  106  100  50  117  7  99  134  95  112  124  27  125  12  141  78  94  86  77  129 
 66  119  87  79  2  69  72  139  137  148  73  130  149  77  33  110  54  44  19  57  146 
 120  130  75  97  125  36  138  43  82  74  111  81  70  15  93  104  80  67  144  73  148  84  137  9  76  19 
 140  49  44  108  68  115  22  99  39  100  112  121  21  111  50  64  113  95  93  27  36  32  52 
 32  50  86  46  74  28  104  101  129  123  36  126  17  127  108  0  25  76  87  133  7  27  121  143  44  26  111  66  112 
 108  61  89  49  52  82  59  47  71  69  60  34  20  17  125  33  119  70  77  53  66  98  54  3  140  91 
 46  106  108  11  69  85  14  63  100  149  116  36  125  27  16  44  58  51  111  102  61  135  71 
 49  117  15  131  3  31  18  39  53  80  98  111  21  118  113  25  45  102  23  108  149  33  82  72  136 
 145  81  105  135  146  11  101  125  17  97  65  130  102  43  36  84  69  45  132  71  14  53  46  39  121 
 32  144  36  66  37  86  120  123  44  35  134  105  8  102  5  63  15  149  122  135  65  129  142  106  93  116  21  89  112  43 
 128  15  41  77  139  8  46  12  73  44  81  90  1  138  98  149  108  27  53  19  62  55  28  23  18  105  80  99 
 54  138  26  63  90  105  81  144  10  35  85  52  88  6  146  129  30  29 
 100  56  3  48  59  94  7  125  21  16  140  54  77  39  106  32  97  78  4  114 
 113  44  60  38  140  12  76  144  130  79  92  6  121  95  105  138  50  115  94  45  23  57  85  102  8  135  114  37 
 129  105  21  7  118  109  39  91  102  30  45  104  6  60  37  79  148  144  51  130  15  49  61  127  136  119  115  134  143  38 
 81  101  1  57  21  67  34  121  78  53  5  39  119  49  3  18  92  135  146  35  52  58  15  72  128  115  149  88  105 
 147  57  11  41  119  110  3  95  90  16  23  115  109  14  68  145  91  139  122  46  7  30  97  26  49  93  37  81  71  51  104  84  123 
 75  45  54  132  90  33  20  53  140  116  149  114  123  43  1  131  88  115  51  0  105  134  103  68 
 34  103  11  148  146  112  131  8  20  58  15  77  19  120  122  137  92  111  36  102  22  46  16  97  69  90  81  145  73  2  33  108  47 
 124  49  134  12  50  119  31  78  39  56  107  28  6  116  138  143  110  104  23  16  5  126  91  38  98  133  54  61  105  100 
 110  41  94  20  144  39  43  145  69  50  98  0  51  32  112  44  29  108  53  12  121 
 38  18  32  75  82  83  46  15  21  41  24  54  35  67  106  130  85  36  88  16  2  23 
 22  58  110  140  118  108  79  64  111  119  125  44  135  38 
 32  130  141  39  132  81  1  0  134  74  24  19  55  135  51  72  105  23  68  123  67  8  5 
 129  81  16  19  94  63  43  141  41  30  110  33  91  137  29  1  86  147  93  95  51  139  73  101  38  10  83  105  0 
 117  103  139  112  8  66  34  91  85  30  77  11  129  106  121  107  82  12  120  37  67  64  14  22  115  136  35  57  122  132  54  47 
 137  57  80  7  148  68  63  73  105  114  119  32  104  16  145  86  112  117  103  18  93  0  13 
 139  11  96  55  147  68  60  53  31  42  58  47  35  0  26  122  73  74  4  3  78  79  135  61  69  104  113  123  51  10 
 39  121  45  68  44  79  52  71  100  127  70  138  114  57  74  109  5  66  98  131  49  91  81  46  130  122  17  87  108  128  55  86  136  77  8 
-->CDecomWalshPart::vInitTrueLinkage-->GLBs: 1751
(Length: 3)  0  1  25 
(Length: 3)  0  5  31 
(Length: 3)  0  9  89 
(Length: 3)  0  10  22 
(Length: 3)  0  13  78 
(Length: 3)  0  19  64 
(Length: 3)  0  78  117 
(Length: 3)  0  13  120 
(Length: 3)  0  1  31 
(Length: 4)  0  10  51  109 
(Length: 3)  0  13  147 
(Length: 3)  0  114  147 
(Length: 3)  0  61  83 
(Length: 3)  0  1  65 
(Length: 4)  0  10  51  145 
(Length: 4)  0  51  75  138 
(Length: 3)  0  25  93 
(Length: 4)  0  10  51  148 
(Length: 4)  0  93  95  145 
(Length: 3)  0  25  114 
(Length: 3)  0  1  120 
(Length: 3)  0  25  125 
(Length: 4)  0  98  109  120 
(Length: 3)  0  1  138 
(Length: 3)  0  1  144 
(Length: 3)  0  1  145 
(Length: 3)  0  147  148 
(Length: 4)  0  93  95  120 
(Length: 3)  0  98  141 
(Length: 5)  0  10  31  35  148 
(Length: 4)  0  19  98  117 
(Length: 4)  0  5  51  144 
(Length: 3)  0  65  119 
(Length: 4)  0  31  78  148 
(Length: 4)  0  19  98  120 
(Length: 3)  0  64  114 
(Length: 3)  0  31  95 
(Length: 3)  0  5  108 
(Length: 3)  0  19  144 
(Length: 4)  0  24  51  144 
(Length: 3)  0  61  148 
(Length: 3)  0  108  141 
(Length: 3)  0  89  108 
(Length: 4)  0  10  83  145 
(Length: 3)  0  89  117 
(Length: 3)  0  9  119 
(Length: 3)  0  19  145 
(Length: 3)  0  108  125 
(Length: 4)  0  24  108  120 
(Length: 3)  0  22  24 
(Length: 4)  0  10  51  65 
(Length: 3)  0  61  119 
(Length: 3)  0  61  108 
(Length: 3)  0  22  64 
(Length: 4)  0  51  114  138 
(Length: 3)  0  61  93 
(Length: 4)  0  51  141  144 
(Length: 4)  0  93  145  147 
(Length: 4)  0  51  141  145 
(Length: 3)  0  117  147 
(Length: 4)  0  24  31  35 
(Length: 3)  0  98  119 
(Length: 3)  0  119  147 
(Length: 3)  0  78  83 
(Length: 4)  0  10  65  83 
(Length: 3)  0  78  108 
(Length: 4)  1  29  31  76 
(Length: 4)  1  52  57  136 
(Length: 4)  1  25  40  54 
(Length: 4)  1  57  70  84 
(Length: 3)  1  52  56 
(Length: 4)  1  57  67  70 
(Length: 4)  1  52  58  120 
(Length: 3)  1  25  111 
(Length: 3)  1  41  131 
(Length: 4)  1  29  84  111 
(Length: 3)  1  67  111 
(Length: 4)  1  57  67  136 
(Length: 3)  1  67  144 
(Length: 4)  1  31  58  76 
(Length: 3)  1  131  138 
(Length: 3)  1  41  84 
(Length: 3)  1  41  145 
(Length: 4)  1  31  40  41 
(Length: 3)  1  29  54 
(Length: 4)  1  31  70  76 
(Length: 4)  1  29  76  84 
(Length: 4)  1  31  104  111 
(Length: 4)  1  52  58  136 
(Length: 4)  1  29  31  111 
(Length: 4)  1  58  76  120 
(Length: 3)  1  29  145 
(Length: 4)  1  31  41  58 
(Length: 3)  1  40  52 
(Length: 3)  1  40  65 
(Length: 3)  1  54  138 
(Length: 4)  1  31  41  104 
(Length: 4)  1  70  76  84 
(Length: 3)  2  81  89 
(Length: 4)  2  58  92  139 
(Length: 3)  2  59  94 
(Length: 3)  2  23  94 
(Length: 3)  2  14  25 
(Length: 3)  2  23  34 
(Length: 3)  2  14  92 
(Length: 3)  2  34  59 
(Length: 4)  2  34  81  139 
(Length: 4)  2  69  122  139 
(Length: 3)  2  93  94 
(Length: 4)  2  14  34  81 
(Length: 3)  2  25  93 
(Length: 3)  2  25  59 
(Length: 4)  2  3  58  92 
(Length: 4)  2  33  122  139 
(Length: 3)  2  23  142 
(Length: 3)  3  26  148 
(Length: 3)  3  79  86 
(Length: 4)  3  31  78  148 
(Length: 3)  3  11  32 
(Length: 4)  3  49  128  136 
(Length: 3)  3  35  48 
(Length: 4)  3  49  98  128 
(Length: 4)  3  31  79  92 
(Length: 3)  3  56  133 
(Length: 5)  3  18  31  111  128 
(Length: 4)  3  49  98  126 
(Length: 4)  3  52  58  136 
(Length: 3)  3  26  111 
(Length: 4)  3  52  71  126 
(Length: 3)  3  56  86 
(Length: 3)  3  32  112 
(Length: 3)  3  42  52 
(Length: 4)  3  11  68  148 
(Length: 4)  3  11  95  111 
(Length: 3)  3  35  136 
(Length: 3)  3  44  112 
(Length: 3)  3  48  133 
(Length: 3)  3  44  58 
(Length: 4)  3  31  79  95 
(Length: 3)  3  56  68 
(Length: 3)  3  58  86 
(Length: 4)  3  98  111  128 
(Length: 3)  3  78  133 
(Length: 3)  3  17  112 
(Length: 3)  3  26  56 
(Length: 4)  3  26  49  137 
(Length: 3)  3  26  44 
(Length: 3)  3  78  136 
(Length: 3)  3  58  98 
(Length: 3)  3  32  133 
(Length: 4)  3  35  68  148 
(Length: 3)  3  44  79 
(Length: 4)  3  31  58  92 
(Length: 3)  3  32  52 
(Length: 4)  3  11  49  137 
(Length: 4)  3  31  42  148 
(Length: 4)  3  31  58  148 
(Length: 4)  3  31  95  111 
(Length: 4)  3  71  95  137 
(Length: 5)  3  11  68  95  137 
(Length: 3)  3  42  86 
(Length: 3)  3  52  79 
(Length: 3)  3  18  48 
(Length: 4)  3  31  35  107 
(Length: 3)  3  35  44 
(Length: 4)  3  52  58  71 
(Length: 4)  3  17  71  126 
(Length: 4)  3  31  35  148 
(Length: 4)  3  31  79  148 
(Length: 4)  3  52  56  107 
(Length: 4)  3  18  128  136 
(Length: 3)  3  31  32 
(Length: 3)  3  17  42 
(Length: 4)  3  58  92  136 
(Length: 3)  4  114  118 
(Length: 3)  4  35  148 
(Length: 3)  4  35  118 
(Length: 4)  4  60  73  148 
(Length: 3)  4  13  118 
(Length: 4)  4  73  78  148 
(Length: 3)  4  8  71 
(Length: 3)  4  8  78 
(Length: 3)  4  8  80 
(Length: 3)  4  30  71 
(Length: 3)  4  61  148 
(Length: 3)  4  35  80 
(Length: 3)  4  78  133 
(Length: 3)  4  114  133 
(Length: 3)  4  8  61 
(Length: 3)  4  74  148 
(Length: 3)  4  13  78 
(Length: 4)  4  13  60  80 
(Length: 3)  4  71  118 
(Length: 4)  5  81  136  149 
(Length: 3)  5  130  144 
(Length: 3)  5  16  66 
(Length: 3)  5  17  34 
(Length: 5)  5  31  39  104  140 
(Length: 5)  5  31  76  79  103 
(Length: 3)  5  81  82 
(Length: 3)  5  31  94 
(Length: 3)  5  34  108 
(Length: 3)  5  102  130 
(Length: 3)  5  34  51 
(Length: 3)  5  81  144 
(Length: 4)  5  34  81  136 
(Length: 3)  5  108  149 
(Length: 3)  5  102  111 
(Length: 4)  5  34  79  81 
(Length: 4)  5  16  104  111 
(Length: 4)  5  79  81  149 
(Length: 4)  5  81  104  111 
(Length: 4)  5  31  104  111 
(Length: 4)  5  82  102  103 
(Length: 4)  5  39  136  149 
(Length: 3)  5  39  144 
(Length: 3)  5  76  108 
(Length: 4)  5  66  130  149 
(Length: 4)  5  34  79  103 
(Length: 3)  5  17  149 
(Length: 4)  5  16  104  140 
(Length: 3)  5  17  76 
(Length: 3)  5  66  76 
(Length: 3)  5  34  66 
(Length: 3)  6  75  79 
(Length: 3)  6  85  134 
(Length: 4)  6  37  104  135 
(Length: 3)  6  12  26 
(Length: 4)  6  10  26  132 
(Length: 4)  6  37  134  135 
(Length: 3)  6  104  140 
(Length: 3)  6  12  24 
(Length: 3)  6  75  77 
(Length: 3)  6  100  140 
(Length: 3)  6  100  106 
(Length: 4)  6  12  134  140 
(Length: 3)  6  85  132 
(Length: 3)  6  85  106 
(Length: 4)  6  26  90  132 
(Length: 3)  6  85  104 
(Length: 3)  6  10  79 
(Length: 3)  6  37  100 
(Length: 3)  6  10  77 
(Length: 4)  6  79  134  135 
(Length: 3)  6  88  132 
(Length: 3)  7  21  89 
(Length: 3)  7  125  133 
(Length: 3)  7  21  63 
(Length: 3)  7  34  38 
(Length: 3)  7  13  92 
(Length: 3)  7  21  76 
(Length: 4)  7  22  38  63 
(Length: 3)  7  34  79 
(Length: 4)  7  50  121  125 
(Length: 4)  7  51  84  137 
(Length: 4)  7  15  79  89 
(Length: 3)  7  13  121 
(Length: 4)  7  15  63  108 
(Length: 3)  7  21  135 
(Length: 4)  7  76  108  120 
(Length: 3)  7  46  125 
(Length: 3)  7  13  120 
(Length: 5)  7  13  63  80  147 
(Length: 4)  7  15  79  92 
(Length: 3)  7  34  108 
(Length: 3)  7  34  121 
(Length: 3)  7  76  79 
(Length: 3)  7  51  135 
(Length: 3)  7  46  137 
(Length: 3)  7  76  84 
(Length: 3)  7  38  135 
(Length: 4)  7  38  63  84 
(Length: 3)  7  15  46 
(Length: 3)  7  117  147 
(Length: 4)  7  15  89  108 
(Length: 4)  7  76  108  125 
(Length: 3)  7  137  147 
(Length: 3)  7  34  51 
(Length: 3)  7  21  133 
(Length: 3)  7  117  121 
(Length: 4)  7  15  50  79 
(Length: 4)  7  15  79  135 
(Length: 3)  7  89  117 
(Length: 4)  8  66  130  149 
(Length: 3)  8  27  71 
(Length: 3)  8  115  134 
(Length: 4)  8  27  33  66 
(Length: 3)  8  67  144 
(Length: 3)  8  29  105 
(Length: 4)  8  21  67  115 
(Length: 3)  8  27  131 
(Length: 3)  8  71  149 
(Length: 4)  8  32  130  144 
(Length: 4)  8  21  32  115 
(Length: 4)  8  27  66  112 
(Length: 4)  8  15  89  130 
(Length: 4)  8  15  67  115 
(Length: 4)  8  67  91  146 
(Length: 4)  8  15  79  89 
(Length: 5)  8  15  77  131  139 
(Length: 4)  8  28  65  82 
(Length: 4)  8  15  67  89 
(Length: 4)  8  27  32  112 
(Length: 4)  8  28  89  112 
(Length: 3)  8  29  89 
(Length: 5)  8  21  32  112  130 
(Length: 5)  8  21  66  112  130 
(Length: 4)  8  21  67  89 
(Length: 4)  8  65  80  112 
(Length: 5)  8  105  130  134  144 
(Length: 4)  8  112  139  146 
(Length: 5)  8  15  32  69  115 
(Length: 4)  8  67  80  115 
(Length: 4)  8  79  91  149 
(Length: 3)  8  79  134 
(Length: 4)  8  106  115  146 
(Length: 4)  8  16  19  139 
(Length: 3)  8  28  71 
(Length: 4)  8  28  77  131 
(Length: 4)  8  66  106  130 
(Length: 3)  8  16  105 
(Length: 3)  8  16  104 
(Length: 3)  8  19  79 
(Length: 3)  8  16  78 
(Length: 3)  8  19  71 
(Length: 4)  8  19  55  131 
(Length: 4)  8  19  33  66 
(Length: 4)  8  16  27  66 
(Length: 4)  8  19  131  139 
(Length: 4)  8  19  80  131 
(Length: 4)  8  82  106  146 
(Length: 5)  8  69  80  106  115 
(Length: 4)  8  67  80  82 
(Length: 3)  8  33  61 
(Length: 3)  8  27  85 
(Length: 3)  8  71  115 
(Length: 4)  8  66  112  146 
(Length: 4)  8  65  80  82 
(Length: 4)  8  28  65  112 
(Length: 4)  8  28  55  131 
(Length: 4)  8  55  131  149 
(Length: 4)  8  33  77  139 
(Length: 4)  8  19  55  144 
(Length: 3)  8  85  104 
(Length: 4)  8  66  106  146 
(Length: 4)  8  19  80  82 
(Length: 5)  8  21  89  112  130 
(Length: 4)  8  80  82  106 
(Length: 4)  8  67  82  146 
(Length: 4)  8  19  33  82 
(Length: 4)  8  16  21  66 
(Length: 5)  8  32  69  106  115 
(Length: 4)  8  19  33  139 
(Length: 4)  8  85  106  146 
(Length: 4)  8  77  131  149 
(Length: 4)  8  16  19  66 
(Length: 3)  8  85  134 
(Length: 4)  8  15  69  139 
(Length: 4)  8  21  66  67 
(Length: 4)  8  65  112  130 
(Length: 3)  8  105  131 
(Length: 4)  8  69  85  106 
(Length: 4)  8  32  106  130 
(Length: 4)  8  77  139  146 
(Length: 4)  8  67  115  146 
(Length: 4)  8  15  32  130 
(Length: 4)  8  66  67  146 
(Length: 3)  9  101  119 
(Length: 3)  9  73  87 
(Length: 3)  9  73  123 
(Length: 3)  9  88  101 
(Length: 3)  9  80  123 
(Length: 3)  9  32  57 
(Length: 3)  9  32  119 
(Length: 3)  9  73  88 
(Length: 4)  10  35  44  110 
(Length: 3)  10  94  121 
(Length: 4)  10  31  41  77 
(Length: 4)  10  41  110  145 
(Length: 3)  10  31  43 
(Length: 3)  10  22  77 
(Length: 3)  10  49  110 
(Length: 3)  10  15  43 
(Length: 5)  10  11  41  77  121 
(Length: 3)  10  11  148 
(Length: 4)  10  15  44  79 
(Length: 3)  10  15  63 
(Length: 3)  10  15  77 
(Length: 3)  10  43  87 
(Length: 4)  10  31  79  148 
(Length: 4)  10  35  44  87 
(Length: 3)  10  43  145 
(Length: 4)  10  41  87  121 
(Length: 3)  10  49  51 
(Length: 3)  10  51  77 
(Length: 3)  10  65  80 
(Length: 4)  10  26  44  94 
(Length: 3)  10  26  49 
(Length: 4)  10  44  79  87 
(Length: 4)  10  44  94  110 
(Length: 4)  10  26  63  94 
(Length: 4)  10  11  83  116 
(Length: 3)  10  35  132 
(Length: 4)  10  26  63  132 
(Length: 3)  10  31  94 
(Length: 3)  10  63  80 
(Length: 3)  10  35  80 
(Length: 3)  10  26  109 
(Length: 3)  10  26  148 
(Length: 4)  10  41  44  87 
(Length: 3)  10  22  63 
(Length: 3)  10  11  49 
(Length: 4)  10  11  65  83 
(Length: 3)  10  109  116 
(Length: 4)  10  63  94  145 
(Length: 4)  10  11  77  116 
(Length: 4)  10  41  44  110 
(Length: 4)  10  94  110  145 
(Length: 3)  10  109  110 
(Length: 4)  11  68  113  148 
(Length: 3)  11  64  116 
(Length: 3)  11  64  72 
(Length: 4)  11  54  68  77 
(Length: 4)  11  81  95  111 
(Length: 3)  11  70  95 
(Length: 4)  11  103  121  146 
(Length: 4)  11  65  82  83 
(Length: 3)  11  32  70 
(Length: 4)  11  64  115  146 
(Length: 3)  11  72  113 
(Length: 4)  11  77  139  146 
(Length: 4)  11  21  111  115 
(Length: 5)  11  46  81  137  139 
(Length: 4)  11  68  115  137 
(Length: 3)  11  72  82 
(Length: 4)  11  46  65  129 
(Length: 3)  11  33  95 
(Length: 3)  11  21  41 
(Length: 3)  11  116  127 
(Length: 4)  11  68  103  115 
(Length: 4)  11  82  103  146 
(Length: 4)  11  121  129  146 
(Length: 4)  11  68  95  113 
(Length: 3)  11  41  137 
(Length: 4)  11  33  77  139 
(Length: 4)  11  54  77  146 
(Length: 3)  11  46  127 
(Length: 4)  11  46  103  139 
(Length: 3)  11  73  82 
(Length: 3)  11  108  127 
(Length: 4)  11  95  111  113 
(Length: 3)  11  111  127 
(Length: 4)  11  81  95  137 
(Length: 4)  11  81  111  139 
(Length: 3)  11  64  73 
(Length: 4)  11  73  139  148 
(Length: 3)  11  70  72 
(Length: 3)  11  81  82 
(Length: 4)  11  54  64  146 
(Length: 4)  11  21  32  115 
(Length: 4)  11  68  82  103 
(Length: 3)  11  70  77 
(Length: 4)  11  46  81  129 
(Length: 3)  11  70  103 
(Length: 4)  11  77  121  146 
(Length: 3)  11  95  121 
(Length: 3)  11  33  82 
(Length: 4)  11  103  139  146 
(Length: 3)  11  108  139 
(Length: 4)  11  103  115  146 
(Length: 3)  12  26  67 
(Length: 4)  12  18  31  43 
(Length: 3)  12  18  34 
(Length: 3)  12  18  120 
(Length: 3)  12  18  131 
(Length: 3)  12  31  140 
(Length: 3)  12  43  141 
(Length: 3)  12  120  146 
(Length: 4)  12  50  121  141 
(Length: 3)  12  18  67 
(Length: 3)  12  109  120 
(Length: 3)  12  46  109 
(Length: 3)  12  24  120 
(Length: 3)  12  34  109 
(Length: 3)  12  24  67 
(Length: 3)  12  50  62 
(Length: 3)  12  26  109 
(Length: 4)  12  34  121  146 
(Length: 4)  12  50  121  134 
(Length: 3)  12  24  31 
(Length: 4)  12  50  134  140 
(Length: 3)  12  46  131 
(Length: 3)  12  62  131 
(Length: 3)  12  67  146 
(Length: 3)  13  67  90 
(Length: 3)  13  87  120 
(Length: 3)  13  72  113 
(Length: 3)  13  72  118 
(Length: 3)  13  113  120 
(Length: 3)  13  102  120 
(Length: 4)  13  39  78  121 
(Length: 3)  13  87  121 
(Length: 3)  13  104  147 
(Length: 3)  13  72  92 
(Length: 3)  13  67  80 
(Length: 4)  13  39  69  80 
(Length: 3)  13  28  92 
(Length: 3)  13  44  87 
(Length: 4)  13  94  99  121 
(Length: 4)  13  28  99  121 
(Length: 4)  13  60  69  80 
(Length: 3)  13  60  102 
(Length: 4)  13  63  94  99 
(Length: 4)  13  63  80  99 
(Length: 3)  13  63  102 
(Length: 4)  13  28  99  120 
(Length: 3)  13  92  104 
(Length: 3)  13  69  87 
(Length: 3)  13  39  90 
(Length: 3)  13  39  104 
(Length: 3)  13  44  94 
(Length: 3)  13  44  102 
(Length: 3)  13  44  104 
(Length: 3)  13  44  113 
(Length: 3)  14  71  127 
(Length: 3)  14  71  129 
(Length: 3)  14  98  109 
(Length: 4)  14  64  115  146 
(Length: 4)  14  81  95  137 
(Length: 3)  14  63  127 
(Length: 3)  14  82  146 
(Length: 3)  14  25  55 
(Length: 3)  14  98  115 
(Length: 3)  14  34  109 
(Length: 4)  14  34  115  146 
(Length: 3)  14  81  129 
(Length: 3)  14  55  92 
(Length: 3)  14  109  137 
(Length: 3)  14  129  146 
(Length: 4)  14  71  95  137 
(Length: 3)  14  55  62 
(Length: 3)  14  81  82 
(Length: 3)  14  62  95 
(Length: 3)  14  55  98 
(Length: 4)  14  71  115  137 
(Length: 4)  15  44  79  113 
(Length: 4)  15  115  135  136 
(Length: 4)  15  36  130  142 
(Length: 4)  15  36  123  130 
(Length: 4)  15  36  70  123 
(Length: 4)  15  43  123  130 
(Length: 3)  15  43  69 
(Length: 3)  15  43  108 
(Length: 3)  15  36  113 
(Length: 3)  15  36  64 
(Length: 4)  15  50  64  79 
(Length: 3)  15  74  123 
(Length: 3)  15  67  142 
(Length: 4)  15  67  115  136 
(Length: 3)  15  92  139 
(Length: 4)  15  44  46  131 
(Length: 4)  15  64  67  115 
(Length: 3)  15  46  142 
(Length: 4)  15  32  63  130 
(Length: 4)  15  67  70  123 
(Length: 3)  15  70  77 
(Length: 4)  15  64  67  114 
(Length: 4)  15  32  69  70 
(Length: 4)  15  46  131  139 
(Length: 3)  15  130  135 
(Length: 5)  15  32  50  69  115 
(Length: 3)  15  92  136 
(Length: 3)  15  44  130 
(Length: 4)  15  44  79  114 
(Length: 4)  15  108  131  139 
(Length: 3)  15  128  136 
(Length: 3)  15  113  128 
(Length: 4)  15  64  79  114 
(Length: 4)  15  50  64  115 
(Length: 3)  15  64  74 
(Length: 4)  15  44  108  131 
(Length: 4)  15  67  70  114 
(Length: 4)  15  32  130  142 
(Length: 4)  15  36  108  139 
(Length: 4)  15  108  128  131 
(Length: 3)  16  44  104 
(Length: 3)  16  88  105 
(Length: 4)  16  49  110  137 
(Length: 4)  16  110  137  145 
(Length: 3)  16  21  133 
(Length: 4)  16  27  66  90 
(Length: 3)  16  110  111 
(Length: 3)  16  72  105 
(Length: 5)  16  19  44  46  110 
(Length: 4)  16  18  27  66 
(Length: 3)  16  46  142 
(Length: 4)  16  27  46  66 
(Length: 3)  16  21  142 
(Length: 3)  16  105  140 
(Length: 3)  16  21  111 
(Length: 4)  16  137  139  145 
(Length: 4)  16  105  145  147 
(Length: 3)  16  18  111 
(Length: 4)  16  18  105  147 
(Length: 4)  16  27  46  127 
(Length: 5)  16  19  44  46  66 
(Length: 4)  16  137  145  147 
(Length: 4)  16  19  49  110 
(Length: 4)  16  78  133  140 
(Length: 4)  16  104  137  147 
(Length: 3)  16  111  127 
(Length: 4)  16  46  137  139 
(Length: 4)  16  19  139  145 
(Length: 4)  16  19  110  145 
(Length: 4)  16  49  110  140 
(Length: 4)  16  90  137  139 
(Length: 4)  16  44  46  127 
(Length: 4)  16  90  111  139 
(Length: 3)  16  90  105 
(Length: 4)  16  19  46  139 
(Length: 3)  16  88  142 
(Length: 3)  16  18  142 
(Length: 4)  16  46  110  137 
(Length: 4)  17  101  125  129 
(Length: 3)  17  71  149 
(Length: 4)  17  25  93  112 
(Length: 3)  17  60  126 
(Length: 4)  17  45  101  129 
(Length: 3)  17  125  126 
(Length: 3)  17  23  101 
(Length: 3)  17  42  93 
(Length: 3)  17  87  149 
(Length: 4)  17  34  54  126 
(Length: 4)  17  76  87  125 
(Length: 3)  17  60  76 
(Length: 3)  17  45  54 
(Length: 3)  17  71  118 
(Length: 3)  17  45  149 
(Length: 4)  17  25  112  125 
(Length: 3)  17  23  71 
(Length: 3)  17  23  34 
(Length: 3)  17  34  112 
(Length: 3)  17  42  54 
(Length: 3)  17  97  129 
(Length: 3)  17  71  129 
(Length: 4)  17  25  87  125 
(Length: 3)  17  42  87 
(Length: 3)  17  25  54 
(Length: 3)  17  25  97 
(Length: 3)  17  23  60 
(Length: 3)  18  34  103 
(Length: 4)  18  31  39  105 
(Length: 4)  18  39  128  136 
(Length: 3)  18  34  66 
(Length: 3)  18  67  136 
(Length: 3)  18  27  85 
(Length: 4)  18  27  63  108 
(Length: 3)  18  67  111 
(Length: 4)  18  27  33  66 
(Length: 3)  18  75  97 
(Length: 3)  18  33  128 
(Length: 3)  18  67  91 
(Length: 3)  18  66  67 
(Length: 3)  18  48  67 
(Length: 3)  18  93  120 
(Length: 3)  18  93  147 
(Length: 4)  18  27  108  131 
(Length: 3)  18  93  111 
(Length: 3)  18  75  142 
(Length: 3)  18  43  108 
(Length: 3)  18  31  103 
(Length: 3)  18  33  75 
(Length: 3)  18  48  63 
(Length: 3)  18  108  120 
(Length: 4)  18  34  38  91 
(Length: 3)  18  63  97 
(Length: 4)  18  105  108  131 
(Length: 4)  18  31  39  128 
(Length: 4)  18  39  105  136 
(Length: 3)  18  38  142 
(Length: 3)  18  31  97 
(Length: 3)  18  63  147 
(Length: 4)  18  55  108  131 
(Length: 3)  18  55  97 
(Length: 4)  18  108  128  131 
(Length: 3)  18  67  142 
(Length: 4)  18  22  38  63 
(Length: 3)  18  48  103 
(Length: 3)  18  34  136 
(Length: 3)  18  103  147 
(Length: 3)  18  85  142 
(Length: 3)  18  48  85 
(Length: 3)  18  34  108 
(Length: 4)  19  33  82  110 
(Length: 4)  19  53  80  82 
(Length: 4)  19  46  53  131 
(Length: 4)  19  20  46  53 
(Length: 3)  19  47  53 
(Length: 4)  19  71  110  120 
(Length: 3)  19  82  117 
(Length: 3)  19  44  117 
(Length: 4)  19  55  98  131 
(Length: 4)  19  47  48  64 
(Length: 4)  19  33  110  122 
(Length: 4)  19  33  82  118 
(Length: 4)  19  46  71  110 
(Length: 4)  19  33  110  145 
(Length: 4)  19  49  98  117 
(Length: 3)  19  66  76 
(Length: 4)  19  53  80  131 
(Length: 3)  19  48  80 
(Length: 4)  19  80  82  123 
(Length: 4)  19  76  87  120 
(Length: 4)  19  20  46  139 
(Length: 3)  19  33  98 
(Length: 5)  19  44  79  87  122 
(Length: 4)  19  44  46  131 
(Length: 4)  19  47  64  79 
(Length: 3)  19  20  87 
(Length: 4)  19  20  46  71 
(Length: 4)  19  44  66  122 
(Length: 4)  19  44  110  122 
(Length: 3)  19  71  118 
(Length: 3)  19  79  118 
(Length: 4)  19  47  79  87 
(Length: 4)  19  46  131  139 
(Length: 3)  19  64  66 
(Length: 4)  19  76  120  123 
(Length: 3)  19  120  139 
(Length: 3)  19  123  144 
(Length: 4)  19  46  53  66 
(Length: 4)  19  76  79  87 
(Length: 4)  19  33  122  139 
(Length: 4)  19  33  139  145 
(Length: 3)  19  48  118 
(Length: 4)  19  33  66  122 
(Length: 3)  19  47  139 
(Length: 3)  20  28  53 
(Length: 3)  20  23  94 
(Length: 3)  20  30  63 
(Length: 3)  20  61  83 
(Length: 4)  20  36  85  116 
(Length: 3)  20  23  34 
(Length: 4)  20  71  108  126 
(Length: 4)  20  34  103  139 
(Length: 4)  20  36  108  139 
(Length: 4)  20  41  85  87 
(Length: 3)  20  51  71 
(Length: 3)  20  51  77 
(Length: 3)  20  65  83 
(Length: 4)  20  34  65  88 
(Length: 3)  20  30  71 
(Length: 4)  20  53  108  126 
(Length: 4)  20  23  28  71 
(Length: 3)  20  21  41 
(Length: 3)  20  25  30 
(Length: 3)  20  46  85 
(Length: 4)  20  30  41  85 
(Length: 4)  20  46  103  139 
(Length: 4)  20  36  71  108 
(Length: 3)  20  77  139 
(Length: 3)  20  53  138 
(Length: 3)  20  46  65 
(Length: 3)  20  28  77 
(Length: 3)  20  77  126 
(Length: 3)  20  94  141 
(Length: 4)  20  34  88  103 
(Length: 4)  20  58  71  108 
(Length: 4)  20  61  108  126 
(Length: 4)  20  34  108  139 
(Length: 4)  20  58  108  139 
(Length: 3)  20  29  30 
(Length: 4)  20  28  65  88 
(Length: 4)  20  29  108  141 
(Length: 3)  20  25  87 
(Length: 3)  20  29  116 
(Length: 4)  20  88  103  138 
(Length: 3)  20  116  138 
(Length: 4)  20  41  53  141 
(Length: 4)  20  34  108  126 
(Length: 3)  20  77  116 
(Length: 4)  20  29  88  103 
(Length: 4)  20  34  51  65 
(Length: 3)  20  41  58 
(Length: 3)  20  21  63 
(Length: 3)  20  41  77 
(Length: 3)  20  63  108 
(Length: 3)  20  63  94 
(Length: 3)  20  83  116 
(Length: 3)  20  51  141 
(Length: 3)  20  51  138 
(Length: 4)  20  53  108  141 
(Length: 3)  21  111  119 
(Length: 3)  21  128  136 
(Length: 3)  21  100  119 
(Length: 3)  21  32  133 
(Length: 3)  21  67  142 
(Length: 4)  21  56  100  133 
(Length: 4)  21  67  111  115 
(Length: 3)  21  66  119 
(Length: 4)  21  31  111  128 
(Length: 4)  21  102  111  128 
(Length: 4)  21  111  115  124 
(Length: 4)  21  67  115  136 
(Length: 3)  21  32  119 
(Length: 4)  21  32  130  142 
(Length: 4)  21  102  130  135 
(Length: 4)  21  32  112  124 
(Length: 4)  21  115  135  136 
(Length: 4)  21  119  135  136 
(Length: 4)  21  31  32  76 
(Length: 4)  21  32  63  130 
(Length: 3)  21  66  76 
(Length: 4)  21  32  115  124 
(Length: 3)  21  56  102 
(Length: 3)  21  31  41 
(Length: 4)  21  63  102  130 
(Length: 3)  21  56  66 
(Length: 4)  21  100  112  124 
(Length: 3)  21  118  135 
(Length: 3)  21  118  128 
(Length: 3)  21  41  142 
(Length: 3)  22  64  124 
(Length: 3)  22  64  146 
(Length: 3)  22  58  139 
(Length: 3)  22  63  102 
(Length: 3)  22  58  143 
(Length: 3)  22  99  124 
(Length: 3)  22  102  139 
(Length: 3)  22  24  38 
(Length: 4)  22  38  64  143 
(Length: 4)  22  77  139  146 
(Length: 3)  22  63  99 
(Length: 3)  23  104  117 
(Length: 3)  23  102  128 
(Length: 4)  23  68  115  137 
(Length: 3)  23  119  140 
(Length: 4)  23  90  91  137 
(Length: 3)  23  119  137 
(Length: 3)  23  43  102 
(Length: 4)  23  94  115  134 
(Length: 4)  23  101  107  117 
(Length: 3)  23  91  117 
(Length: 3)  23  113  128 
(Length: 3)  23  48  101 
(Length: 3)  23  68  113 
(Length: 4)  23  43  68  101 
(Length: 3)  23  128  131 
(Length: 4)  23  57  115  134 
(Length: 3)  23  113  134 
(Length: 4)  23  60  102  134 
(Length: 4)  23  57  115  137 
(Length: 3)  23  134  140 
(Length: 3)  23  134  144 
(Length: 3)  23  104  140 
(Length: 3)  23  104  137 
(Length: 3)  23  117  128 
(Length: 3)  23  91  102 
(Length: 3)  23  91  140 
(Length: 3)  23  34  91 
(Length: 3)  23  68  144 
(Length: 4)  23  28  43  68 
(Length: 3)  23  34  115 
(Length: 4)  23  28  107  140 
(Length: 4)  23  71  115  137 
(Length: 3)  23  28  131 
(Length: 4)  23  43  101  119 
(Length: 3)  23  94  117 
(Length: 3)  23  48  113 
(Length: 3)  23  90  131 
(Length: 4)  24  35  67  142 
(Length: 4)  24  51  74  144 
(Length: 3)  24  67  144 
(Length: 3)  24  54  74 
(Length: 4)  24  38  54  142 
(Length: 3)  25  54  59 
(Length: 4)  25  54  74  110 
(Length: 3)  25  55  97 
(Length: 3)  25  59  97 
(Length: 3)  25  59  112 
(Length: 4)  25  111  113  128 
(Length: 3)  25  97  100 
(Length: 4)  25  74  111  125 
(Length: 4)  25  74  110  111 
(Length: 4)  25  110  111  113 
(Length: 3)  25  93  111 
(Length: 3)  25  100  112 
(Length: 3)  25  30  93 
(Length: 3)  25  30  97 
(Length: 3)  26  94  115 
(Length: 3)  26  44  125 
(Length: 4)  26  90  109  137 
(Length: 4)  26  90  105  132 
(Length: 4)  26  90  109  111 
(Length: 3)  26  111  125 
(Length: 3)  26  49  67 
(Length: 4)  26  38  63  94 
(Length: 3)  26  115  137 
(Length: 3)  26  55  148 
(Length: 3)  26  69  148 
(Length: 4)  26  90  105  109 
(Length: 4)  26  67  111  115 
(Length: 3)  26  38  49 
(Length: 3)  26  69  115 
(Length: 3)  26  38  69 
(Length: 3)  26  56  105 
(Length: 4)  26  67  90  111 
(Length: 3)  27  54  66 
(Length: 3)  27  37  101 
(Length: 3)  27  59  63 
(Length: 4)  27  46  71  127 
(Length: 4)  27  63  108  127 
(Length: 4)  27  36  85  127 
(Length: 5)  27  36  108  125  127 
(Length: 3)  27  32  63 
(Length: 3)  27  32  37 
(Length: 3)  27  63  101 
(Length: 3)  27  59  112 
(Length: 3)  27  101  125 
(Length: 4)  27  112  121  125 
(Length: 4)  27  32  112  124 
(Length: 3)  27  46  131 
(Length: 3)  27  90  131 
(Length: 4)  27  46  66  125 
(Length: 4)  27  33  66  90 
(Length: 3)  27  33  101 
(Length: 3)  27  54  59 
(Length: 4)  27  66  112  125 
(Length: 4)  27  46  125  127 
(Length: 4)  27  112  121  124 
(Length: 4)  27  32  112  125 
(Length: 5)  27  36  71  108  127 
(Length: 4)  27  36  108  124 
(Length: 4)  27  51  71  127 
(Length: 4)  27  46  85  127 
(Length: 4)  27  36  66  125 
(Length: 3)  28  53  82 
(Length: 3)  28  55  92 
(Length: 3)  28  99  131 
(Length: 3)  28  74  125 
(Length: 3)  28  74  82 
(Length: 3)  28  68  95 
(Length: 3)  28  59  88 
(Length: 3)  28  68  77 
(Length: 3)  28  88  99 
(Length: 3)  28  43  112 
(Length: 4)  28  112  121  125 
(Length: 3)  28  95  121 
(Length: 4)  28  31  107  140 
(Length: 4)  28  59  68  82 
(Length: 3)  28  31  77 
(Length: 3)  28  77  121 
(Length: 3)  28  74  95 
(Length: 3)  28  31  43 
(Length: 3)  28  59  112 
(Length: 3)  28  31  92 
(Length: 3)  28  53  131 
(Length: 3)  28  82  107 
(Length: 4)  28  71  95  120 
(Length: 3)  28  31  95 
(Length: 3)  29  84  116 
(Length: 3)  29  105  108 
(Length: 4)  29  35  105  132 
(Length: 3)  29  101  116 
(Length: 4)  29  88  105  132 
(Length: 4)  29  31  76  103 
(Length: 3)  29  30  145 
(Length: 4)  29  31  35  105 
(Length: 3)  29  89  108 
(Length: 3)  29  88  101 
(Length: 3)  29  30  132 
(Length: 3)  29  54  132 
(Length: 3)  29  141  145 
(Length: 3)  29  76  108 
(Length: 3)  29  101  145 
(Length: 3)  29  105  145 
(Length: 3)  30  63  97 
(Length: 3)  30  63  132 
(Length: 3)  30  63  145 
(Length: 4)  30  85  132  146 
(Length: 4)  30  41  137  145 
(Length: 3)  30  45  135 
(Length: 4)  30  93  137  145 
(Length: 3)  30  97  137 
(Length: 3)  30  32  63 
(Length: 3)  30  45  85 
(Length: 3)  30  71  137 
(Length: 3)  30  32  93 
(Length: 4)  31  95  104  111 
(Length: 4)  31  58  73  148 
(Length: 3)  31  103  107 
(Length: 4)  31  35  39  104 
(Length: 3)  31  70  77 
(Length: 4)  31  35  104  148 
(Length: 4)  31  58  73  105 
(Length: 3)  31  78  97 
(Length: 4)  31  35  39  105 
(Length: 3)  31  70  95 
(Length: 4)  31  73  78  148 
(Length: 4)  31  39  78  140 
(Length: 4)  31  39  105  140 
(Length: 3)  31  70  97 
(Length: 4)  31  70  76  103 
(Length: 3)  31  40  79 
(Length: 3)  31  92  104 
(Length: 3)  31  90  111 
(Length: 5)  31  39  73  90  105 
(Length: 3)  31  42  77 
(Length: 4)  31  40  41  90 
(Length: 4)  31  32  70  76 
(Length: 3)  31  39  77 
(Length: 4)  31  39  73  78 
(Length: 3)  32  119  147 
(Length: 4)  32  37  93  130 
(Length: 3)  32  37  69 
(Length: 4)  32  93  112  147 
(Length: 4)  32  93  112  130 
(Length: 3)  32  63  147 
(Length: 3)  32  125  133 
(Length: 3)  32  112  141 
(Length: 3)  32  110  119 
(Length: 3)  32  141  144 
(Length: 3)  32  57  70 
(Length: 4)  32  106  130  142 
(Length: 4)  32  50  115  124 
(Length: 4)  32  50  69  141 
(Length: 3)  32  106  133 
(Length: 3)  32  50  75 
(Length: 3)  32  52  57 
(Length: 3)  32  110  141 
(Length: 3)  32  57  147 
(Length: 3)  32  50  119 
(Length: 3)  32  52  124 
(Length: 3)  32  52  106 
(Length: 3)  32  76  125 
(Length: 3)  32  57  115 
(Length: 3)  32  57  110 
(Length: 4)  32  93  112  124 
(Length: 3)  32  75  142 
(Length: 3)  32  50  125 
(Length: 3)  33  75  77 
(Length: 4)  33  98  119  126 
(Length: 4)  33  82  119  126 
(Length: 4)  33  82  118  128 
(Length: 4)  33  82  110  119 
(Length: 4)  33  66  119  122 
(Length: 4)  33  77  98  126 
(Length: 3)  33  75  138 
(Length: 4)  33  61  119  126 
(Length: 4)  33  98  101  119 
(Length: 3)  33  90  138 
(Length: 3)  33  90  139 
(Length: 4)  33  77  122  139 
(Length: 3)  33  95  145 
(Length: 3)  33  98  128 
(Length: 4)  33  110  119  122 
(Length: 4)  33  66  119  126 
(Length: 3)  33  101  145 
(Length: 4)  34  81  112  139 
(Length: 3)  34  51  115 
(Length: 4)  34  115  136  146 
(Length: 3)  34  78  108 
(Length: 4)  34  59  103  112 
(Length: 5)  34  103  112  139  146 
(Length: 3)  34  79  91 
(Length: 4)  34  121  136  146 
(Length: 4)  34  103  109  110 
(Length: 4)  34  88  115  136 
(Length: 4)  34  78  121  136 
(Length: 3)  34  91  146 
(Length: 3)  34  38  54 
(Length: 3)  34  91  126 
(Length: 3)  34  108  110 
(Length: 5)  34  59  88  103  115 
(Length: 4)  34  103  109  112 
(Length: 4)  34  54  66  126 
(Length: 4)  34  66  112  146 
(Length: 3)  34  51  109 
(Length: 4)  34  54  66  146 
(Length: 3)  34  54  110 
(Length: 5)  34  103  112  121  146 
(Length: 4)  34  54  59  126 
(Length: 3)  34  65  112 
(Length: 4)  34  103  115  146 
(Length: 4)  34  78  81  136 
(Length: 3)  35  44  130 
(Length: 3)  35  82  110 
(Length: 3)  35  132  146 
(Length: 4)  35  67  82  146 
(Length: 4)  35  67  82  142 
(Length: 3)  35  82  118 
(Length: 3)  35  68  82 
(Length: 4)  35  67  80  82 
(Length: 3)  35  37  104 
(Length: 4)  35  67  136  146 
(Length: 4)  35  48  67  80 
(Length: 3)  35  37  130 
(Length: 4)  35  36  130  142 
(Length: 3)  35  96  148 
(Length: 3)  35  36  62 
(Length: 4)  35  37  67  146 
(Length: 3)  35  48  118 
(Length: 3)  35  96  110 
(Length: 4)  35  39  105  136 
(Length: 4)  35  36  105  130 
(Length: 4)  35  82  107  146 
(Length: 3)  35  39  62 
(Length: 3)  35  39  80 
(Length: 3)  35  44  104 
(Length: 3)  36  38  64 
(Length: 3)  36  38  142 
(Length: 3)  36  66  130 
(Length: 4)  36  84  111  123 
(Length: 4)  36  111  125  127 
(Length: 4)  36  57  70  84 
(Length: 3)  36  109  120 
(Length: 3)  36  111  139 
(Length: 4)  36  70  84  123 
(Length: 3)  36  64  116 
(Length: 3)  36  84  116 
(Length: 4)  36  85  116  127 
(Length: 3)  36  62  111 
(Length: 3)  36  109  116 
(Length: 3)  36  57  62 
(Length: 3)  36  85  142 
(Length: 3)  36  105  109 
(Length: 3)  36  109  111 
(Length: 3)  36  105  108 
(Length: 4)  36  38  70  84 
(Length: 4)  36  120  123  130 
(Length: 4)  36  108  120  139 
(Length: 4)  36  111  123  125 
(Length: 3)  36  116  130 
(Length: 3)  36  113  120 
(Length: 3)  36  84  129 
(Length: 4)  36  105  129  130 
(Length: 3)  36  125  129 
(Length: 3)  36  71  129 
(Length: 4)  36  111  113  124 
(Length: 4)  36  57  64  66 
(Length: 4)  36  71  108  120 
(Length: 3)  36  64  124 
(Length: 3)  37  120  146 
(Length: 4)  37  60  69  73 
(Length: 4)  37  38  60  69 
(Length: 5)  37  38  60  134  135 
(Length: 3)  37  95  134 
(Length: 5)  37  93  95  104  137 
(Length: 4)  37  130  134  135 
(Length: 3)  37  86  130 
(Length: 3)  37  67  114 
(Length: 4)  37  67  91  146 
(Length: 3)  37  91  137 
(Length: 3)  37  38  101 
(Length: 3)  37  114  134 
(Length: 4)  37  38  91  135 
(Length: 4)  37  93  120  130 
(Length: 4)  37  93  95  120 
(Length: 3)  38  135  143 
(Length: 5)  38  49  91  98  140 
(Length: 4)  38  49  91  135 
(Length: 4)  38  63  94  145 
(Length: 4)  38  54  98  140 
(Length: 3)  38  54  64 
(Length: 3)  38  45  69 
(Length: 3)  38  45  54 
(Length: 4)  38  63  84  94 
(Length: 3)  38  134  140 
(Length: 4)  38  63  101  145 
(Length: 3)  38  45  101 
(Length: 4)  38  45  134  135 
(Length: 3)  38  98  101 
(Length: 3)  38  140  143 
(Length: 4)  38  45  94  134 
(Length: 3)  38  91  145 
(Length: 3)  38  69  70 
(Length: 5)  39  56  100  133  140 
(Length: 4)  39  78  121  136 
(Length: 3)  39  69  141 
(Length: 5)  39  56  100  105  140 
(Length: 3)  39  141  144 
(Length: 3)  39  80  128 
(Length: 3)  39  69  73 
(Length: 3)  39  104  135 
(Length: 4)  39  78  100  121 
(Length: 4)  39  105  135  136 
(Length: 4)  39  45  69  129 
(Length: 4)  39  100  121  149 
(Length: 3)  39  121  141 
(Length: 5)  39  78  100  133  140 
(Length: 3)  39  121  129 
(Length: 4)  39  100  124  140 
(Length: 4)  39  100  121  124 
(Length: 4)  39  105  129  135 
(Length: 4)  39  45  128  149 
(Length: 3)  39  62  78 
(Length: 4)  39  77  121  149 
(Length: 4)  39  45  129  135 
(Length: 4)  39  121  136  149 
(Length: 4)  39  128  136  149 
(Length: 4)  39  105  135  144 
(Length: 3)  39  77  133 
(Length: 3)  40  79  81 
(Length: 3)  40  81  90 
(Length: 3)  40  52  79 
(Length: 3)  41  53  131 
(Length: 4)  41  55  98  131 
(Length: 4)  41  77  98  131 
(Length: 3)  41  104  137 
(Length: 3)  41  90  131 
(Length: 3)  41  99  131 
(Length: 3)  41  85  142 
(Length: 3)  41  85  104 
(Length: 4)  41  44  110  141 
(Length: 3)  41  99  121 
(Length: 4)  41  44  58  110 
(Length: 4)  41  84  110  137 
(Length: 3)  41  44  104 
(Length: 4)  41  110  141  145 
(Length: 3)  41  53  84 
(Length: 3)  41  98  141 
(Length: 3)  41  58  98 
(Length: 3)  41  121  141 
(Length: 3)  41  90  137 
(Length: 3)  41  44  131 
(Length: 4)  41  110  137  145 
(Length: 3)  42  52  120 
(Length: 3)  42  86  87 
(Length: 3)  42  93  120 
(Length: 3)  42  87  120 
(Length: 3)  42  54  77 
(Length: 3)  42  77  86 
(Length: 3)  43  112  141 
(Length: 3)  43  112  130 
(Length: 3)  43  141  145 
(Length: 4)  43  102  129  130 
(Length: 3)  43  69  129 
(Length: 3)  43  69  87 
(Length: 3)  43  123  138 
(Length: 3)  43  108  141 
(Length: 3)  43  69  141 
(Length: 3)  43  68  138 
(Length: 4)  43  101  129  145 
(Length: 4)  44  102  130  134 
(Length: 4)  44  79  113  134 
(Length: 3)  44  113  124 
(Length: 3)  44  94  117 
(Length: 3)  44  112  141 
(Length: 3)  44  112  124 
(Length: 3)  44  112  117 
(Length: 4)  44  66  112  125 
(Length: 3)  44  87  125 
(Length: 5)  44  66  122  130  149 
(Length: 4)  44  108  110  141 
(Length: 3)  44  110  113 
(Length: 3)  44  79  143 
(Length: 4)  44  94  110  141 
(Length: 4)  44  46  125  127 
(Length: 4)  44  108  131  149 
(Length: 4)  44  108  125  143 
(Length: 4)  44  46  66  125 
(Length: 4)  44  46  66  149 
(Length: 3)  44  73  131 
(Length: 4)  44  46  127  149 
(Length: 3)  44  94  134 
(Length: 3)  44  104  117 
(Length: 4)  44  66  112  130 
(Length: 4)  44  79  114  134 
(Length: 4)  44  79  114  149 
(Length: 4)  44  46  131  149 
(Length: 5)  44  58  108  110  143 
(Length: 3)  44  104  125 
(Length: 4)  44  73  87  122 
(Length: 4)  44  108  127  149 
(Length: 4)  44  58  108  127 
(Length: 3)  44  108  124 
(Length: 5)  44  79  87  122  149 
(Length: 3)  44  102  127 
(Length: 3)  44  58  73 
(Length: 4)  44  102  114  134 
(Length: 4)  44  108  125  127 
(Length: 3)  45  67  82 
(Length: 3)  45  75  138 
(Length: 4)  45  68  138  149 
(Length: 3)  45  59  94 
(Length: 4)  45  54  68  138 
(Length: 3)  45  69  85 
(Length: 4)  45  54  59  68 
(Length: 3)  45  68  101 
(Length: 4)  45  59  68  82 
(Length: 4)  45  85  114  134 
(Length: 3)  45  82  128 
(Length: 3)  45  67  114 
(Length: 4)  45  114  134  138 
(Length: 4)  45  114  138  149 
(Length: 3)  46  53  129 
(Length: 3)  46  103  107 
(Length: 4)  46  81  131  139 
(Length: 3)  46  71  129 
(Length: 4)  46  71  127  149 
(Length: 3)  46  85  107 
(Length: 4)  46  85  106  142 
(Length: 3)  46  86  149 
(Length: 4)  46  71  110  137 
(Length: 3)  46  109  149 
(Length: 3)  46  66  107 
(Length: 3)  46  66  106 
(Length: 4)  46  103  109  110 
(Length: 4)  46  109  110  137 
(Length: 4)  46  85  106  127 
(Length: 3)  46  86  125 
(Length: 3)  46  125  129 
(Length: 3)  46  81  85 
(Length: 4)  46  81  131  149 
(Length: 4)  47  58  108  139 
(Length: 4)  47  54  64  146 
(Length: 4)  47  61  108  126 
(Length: 3)  47  61  148 
(Length: 4)  47  86  87  121 
(Length: 3)  47  58  86 
(Length: 3)  47  61  86 
(Length: 4)  47  58  139  148 
(Length: 4)  47  54  59  126 
(Length: 3)  47  79  148 
(Length: 4)  47  53  108  126 
(Length: 3)  47  79  89 
(Length: 4)  47  89  108  126 
(Length: 3)  47  139  146 
(Length: 3)  47  53  148 
(Length: 3)  47  121  146 
(Length: 4)  47  79  86  87 
(Length: 3)  48  81  101 
(Length: 3)  48  70  118 
(Length: 3)  48  69  85 
(Length: 3)  48  69  70 
(Length: 3)  48  63  101 
(Length: 3)  48  67  70 
(Length: 3)  48  81  85 
(Length: 3)  48  69  80 
(Length: 3)  48  80  81 
(Length: 4)  48  70  100  103 
(Length: 3)  48  64  67 
(Length: 3)  48  100  133 
(Length: 3)  48  63  80 
(Length: 3)  49  51  114 
(Length: 4)  49  98  117  128 
(Length: 3)  49  114  149 
(Length: 3)  49  67  136 
(Length: 3)  49  89  126 
(Length: 3)  49  67  89 
(Length: 4)  49  98  102  128 
(Length: 4)  49  128  136  149 
(Length: 4)  49  98  128  149 
(Length: 3)  49  89  117 
(Length: 3)  49  51  135 
(Length: 3)  49  67  114 
(Length: 4)  49  110  119  140 
(Length: 4)  49  91  102  135 
(Length: 3)  49  124  140 
(Length: 4)  49  110  119  137 
(Length: 3)  49  67  91 
(Length: 3)  49  102  114 
(Length: 4)  49  91  98  149 
(Length: 3)  49  91  137 
(Length: 5)  49  91  98  126  140 
(Length: 5)  49  98  119  126  140 
(Length: 4)  49  91  98  117 
(Length: 4)  49  91  98  102 
(Length: 3)  49  51  137 
(Length: 4)  49  119  135  136 
(Length: 4)  50  100  121  124 
(Length: 4)  50  64  115  124 
(Length: 3)  50  115  134 
(Length: 3)  50  104  140 
(Length: 4)  50  100  119  140 
(Length: 3)  50  75  79 
(Length: 3)  50  104  125 
(Length: 4)  50  100  124  140 
(Length: 3)  50  79  134 
(Length: 4)  51  71  115  137 
(Length: 3)  51  127  135 
(Length: 3)  51  55  148 
(Length: 3)  51  70  114 
(Length: 3)  51  70  77 
(Length: 3)  51  74  109 
(Length: 3)  51  109  135 
(Length: 4)  51  57  115  137 
(Length: 3)  51  135  144 
(Length: 3)  51  115  138 
(Length: 3)  51  74  148 
(Length: 4)  51  55  57  70 
(Length: 3)  51  55  144 
(Length: 3)  51  109  137 
(Length: 3)  51  137  145 
(Length: 4)  51  57  84  137 
(Length: 4)  51  57  70  84 
(Length: 3)  51  115  135 
(Length: 3)  51  135  148 
(Length: 3)  51  75  77 
(Length: 4)  52  71  100  149 
(Length: 3)  52  79  149 
(Length: 3)  52  100  106 
(Length: 3)  52  82  106 
(Length: 4)  52  58  71  120 
(Length: 4)  52  56  100  107 
(Length: 4)  52  57  136  149 
(Length: 3)  52  82  107 
(Length: 3)  52  85  106 
(Length: 3)  52  82  126 
(Length: 3)  52  85  107 
(Length: 3)  52  85  132 
(Length: 3)  52  100  124 
(Length: 3)  53  84  129 
(Length: 3)  53  128  136 
(Length: 4)  53  108  128  131 
(Length: 3)  53  78  148 
(Length: 4)  53  80  128  131 
(Length: 3)  53  60  126 
(Length: 3)  53  78  108 
(Length: 4)  53  80  82  128 
(Length: 3)  53  82  126 
(Length: 3)  53  66  126 
(Length: 3)  53  131  138 
(Length: 3)  53  60  148 
(Length: 3)  53  60  80 
(Length: 3)  53  78  136 
(Length: 3)  54  132  138 
(Length: 3)  54  64  74 
(Length: 4)  54  98  126  140 
(Length: 4)  54  64  66  146 
(Length: 4)  54  77  122  146 
(Length: 3)  54  77  133 
(Length: 3)  54  133  140 
(Length: 3)  54  138  140 
(Length: 3)  54  110  122 
(Length: 3)  54  59  133 
(Length: 3)  54  110  140 
(Length: 4)  54  66  122  146 
(Length: 3)  54  132  146 
(Length: 4)  54  77  98  126 
(Length: 4)  55  108  131  149 
(Length: 3)  55  96  148 
(Length: 3)  55  86  149 
(Length: 4)  55  57  70  149 
(Length: 3)  55  70  97 
(Length: 4)  55  98  131  149 
(Length: 3)  55  62  131 
(Length: 3)  55  57  62 
(Length: 3)  56  66  107 
(Length: 3)  56  74  86 
(Length: 3)  56  68  113 
(Length: 3)  56  68  100 
(Length: 3)  56  60  102 
(Length: 3)  56  110  140 
(Length: 4)  56  100  107  140 
(Length: 3)  56  110  113 
(Length: 3)  56  60  110 
(Length: 3)  56  74  110 
(Length: 5)  57  64  66  67  146 
(Length: 4)  57  110  122  137 
(Length: 3)  57  137  147 
(Length: 4)  57  66  122  146 
(Length: 4)  57  84  110  137 
(Length: 3)  57  70  103 
(Length: 4)  57  66  122  149 
(Length: 3)  57  103  147 
(Length: 4)  57  103  115  146 
(Length: 5)  57  67  115  136  146 
(Length: 5)  57  64  67  115  146 
(Length: 3)  57  103  110 
(Length: 4)  58  108  120  139 
(Length: 3)  58  60  76 
(Length: 3)  58  98  120 
(Length: 4)  58  76  108  120 
(Length: 3)  58  105  136 
(Length: 5)  58  71  108  110  120 
(Length: 3)  58  105  108 
(Length: 4)  58  73  139  148 
(Length: 4)  58  60  73  148 
(Length: 3)  58  75  86 
(Length: 4)  58  71  108  127 
(Length: 3)  58  60  110 
(Length: 3)  59  94  133 
(Length: 4)  59  68  82  103 
(Length: 3)  59  63  97 
(Length: 3)  59  94  115 
(Length: 3)  59  68  97 
(Length: 3)  59  97  133 
(Length: 4)  59  68  103  115 
(Length: 3)  59  63  94 
(Length: 3)  59  82  126 
(Length: 3)  60  69  126 
(Length: 3)  60  135  148 
(Length: 4)  60  69  80  106 
(Length: 4)  60  102  134  135 
(Length: 3)  60  76  134 
(Length: 4)  60  69  73  148 
(Length: 3)  61  119  135 
(Length: 3)  61  72  92 
(Length: 3)  61  108  127 
(Length: 3)  61  135  148 
(Length: 4)  61  119  126  140 
(Length: 3)  61  127  135 
(Length: 4)  62  93  95  111 
(Length: 3)  62  78  117 
(Length: 3)  63  102  127 
(Length: 4)  63  73  145  147 
(Length: 3)  64  79  143 
(Length: 3)  64  67  116 
(Length: 3)  64  73  90 
(Length: 4)  64  66  67  90 
(Length: 3)  64  72  79 
(Length: 3)  65  101  129 
(Length: 3)  65  88  101 
(Length: 3)  65  129  130 
(Length: 3)  65  82  119 
(Length: 3)  65  101  119 
(Length: 3)  66  107  146 
(Length: 3)  66  125  126 
(Length: 3)  66  76  125 
(Length: 3)  67  90  91 
(Length: 3)  67  123  144 
(Length: 3)  67  111  123 
(Length: 4)  67  80  82  123 
(Length: 3)  68  147  148 
(Length: 3)  68  77  149 
(Length: 3)  68  97  137 
(Length: 3)  68  100  124 
(Length: 4)  68  95  113  124 
(Length: 3)  68  100  103 
(Length: 3)  68  103  147 
(Length: 3)  68  115  124 
(Length: 3)  68  97  100 
(Length: 3)  68  100  149 
(Length: 4)  68  103  115  138 
(Length: 3)  68  137  147 
(Length: 3)  69  70  97 
(Length: 4)  69  73  87  122 
(Length: 4)  69  85  106  127 
(Length: 3)  69  85  87 
(Length: 3)  69  70  126 
(Length: 5)  69  73  122  139  148 
(Length: 3)  69  97  139 
(Length: 3)  69  97  129 
(Length: 3)  70  77  149 
(Length: 4)  70  76  84  123 
(Length: 3)  70  97  100 
(Length: 3)  70  77  126 
(Length: 3)  70  72  118 
(Length: 3)  70  97  123 
(Length: 3)  70  114  149 
(Length: 3)  70  114  118 
(Length: 3)  70  100  149 
(Length: 5)  71  100  108  127  149 
(Length: 3)  71  108  118 
(Length: 4)  72  82  118  128 
(Length: 3)  72  79  113 
(Length: 3)  72  128  136 
(Length: 3)  72  79  122 
(Length: 3)  72  79  92 
(Length: 3)  72  98  128 
(Length: 3)  72  79  118 
(Length: 3)  72  109  118 
(Length: 3)  72  105  144 
(Length: 3)  72  113  128 
(Length: 3)  72  105  136 
(Length: 3)  72  105  109 
(Length: 3)  72  98  109 
(Length: 3)  72  92  136 
(Length: 4)  73  90  131  139 
(Length: 4)  73  105  145  147 
(Length: 3)  73  139  145 
(Length: 3)  73  147  148 
(Length: 3)  73  123  148 
(Length: 4)  73  90  105  131 
(Length: 3)  73  82  123 
(Length: 3)  73  88  105 
(Length: 3)  74  86  125 
(Length: 3)  74  123  148 
(Length: 4)  74  109  110  111 
(Length: 3)  74  95  111 
(Length: 3)  74  86  149 
(Length: 3)  74  109  149 
(Length: 4)  74  111  123  125 
(Length: 3)  74  82  123 
(Length: 3)  74  123  144 
(Length: 3)  74  82  110 
(Length: 3)  75  77  86 
(Length: 3)  75  97  123 
(Length: 3)  75  123  138 
(Length: 3)  75  79  86 
(Length: 3)  76  79  134 
(Length: 3)  76  123  125 
(Length: 3)  77  98  116 
(Length: 4)  77  86  121  149 
(Length: 4)  77  98  131  149 
(Length: 4)  77  122  139  146 
(Length: 3)  77  122  149 
(Length: 4)  78  97  100  133 
(Length: 3)  78  117  121 
(Length: 3)  78  100  108 
(Length: 3)  79  113  148 
(Length: 3)  79  81  95 
(Length: 3)  79  81  89 
(Length: 3)  79  114  118 
(Length: 3)  79  122  148 
(Length: 3)  79  92  134 
(Length: 3)  79  91  135 
(Length: 4)  79  86  87  149 
(Length: 4)  79  95  113  134 
(Length: 4)  79  118  135  143 
(Length: 3)  79  135  148 
(Length: 3)  80  81  112 
(Length: 3)  80  99  131 
(Length: 3)  80  81  131 
(Length: 3)  80  93  123 
(Length: 4)  80  93  112  147 
(Length: 4)  80  81  82  123 
(Length: 4)  81  104  111  123 
(Length: 4)  81  104  123  137 
(Length: 4)  81  95  137  145 
(Length: 4)  81  95  104  137 
(Length: 3)  81  129  132 
(Length: 3)  81  132  144 
(Length: 3)  81  85  132 
(Length: 3)  81  90  132 
(Length: 3)  81  89  112 
(Length: 4)  81  90  131  139 
(Length: 4)  81  137  139  145 
(Length: 3)  81  85  104 
(Length: 3)  81  101  136 
(Length: 4)  81  101  129  145 
(Length: 4)  81  95  104  111 
(Length: 4)  81  90  111  139 
(Length: 4)  81  90  137  139 
(Length: 3)  81  123  144 
(Length: 3)  82  103  110 
(Length: 3)  82  106  142 
(Length: 3)  82  83  142 
(Length: 5)  82  103  107  117  146 
(Length: 3)  82  117  128 
(Length: 3)  82  102  128 
(Length: 3)  84  94  110 
(Length: 3)  84  110  111 
(Length: 3)  84  123  137 
(Length: 3)  85  107  146 
(Length: 3)  85  102  127 
(Length: 4)  85  102  114  134 
(Length: 3)  86  130  149 
(Length: 3)  86  145  147 
(Length: 4)  86  87  121  149 
(Length: 4)  86  87  121  125 
(Length: 3)  88  99  103 
(Length: 4)  88  105  132  138 
(Length: 3)  88  101  136 
(Length: 3)  88  105  136 
(Length: 4)  88  103  115  138 
(Length: 3)  89  112  117 
(Length: 4)  90  105  131  138 
(Length: 4)  90  105  132  138 
(Length: 3)  91  137  145 
(Length: 3)  91  117  146 
(Length: 3)  93  94  145 
(Length: 4)  93  104  123  137 
(Length: 4)  93  95  104  111 
(Length: 4)  93  95  137  145 
(Length: 4)  93  104  137  147 
(Length: 4)  93  137  145  147 
(Length: 4)  93  104  111  123 
(Length: 3)  93  116  130 
(Length: 4)  93  95  111  124 
(Length: 4)  93  120  123  130 
(Length: 3)  94  121  141 
(Length: 4)  94  110  141  145 
(Length: 3)  94  121  134 
(Length: 3)  94  117  121 
(Length: 3)  95  113  120 
(Length: 4)  95  111  113  124 
(Length: 3)  95  121  134 
(Length: 3)  95  121  124 
(Length: 3)  97  137  139 
(Length: 3)  97  123  137 
(Length: 3)  98  111  115 
(Length: 3)  98  109  149 
(Length: 4)  98  128  131  149 
(Length: 3)  98  109  111 
(Length: 3)  98  109  116 
(Length: 3)  98  111  119 
(Length: 4)  98  102  111  128 
(Length: 3)  98  102  120 
(Length: 4)  98  101  116  117 
(Length: 3)  98  116  140 
(Length: 3)  99  103  121 
(Length: 3)  99  121  124 
(Length: 4)  100  112  121  124 
(Length: 3)  100  103  107 
(Length: 4)  100  103  112  121 
(Length: 3)  100  106  133 
(Length: 3)  100  108  124 
(Length: 3)  100  106  127 
(Length: 3)  100  106  121 
(Length: 3)  100  105  108 
(Length: 3)  101  119  136 
(Length: 3)  102  111  139 
(Length: 3)  102  120  139 
(Length: 3)  102  120  130 
(Length: 3)  102  127  135 
(Length: 4)  102  129  130  135 
(Length: 3)  102  103  139 
(Length: 4)  102  130  134  135 
(Length: 3)  102  111  127 
(Length: 4)  103  112  117  147 
(Length: 5)  103  112  117  121  146 
(Length: 4)  104  111  123  125 
(Length: 3)  104  123  148 
(Length: 3)  104  117  147 
(Length: 3)  104  147  148 
(Length: 3)  104  135  148 
(Length: 4)  105  129  130  135 
(Length: 3)  105  109  135 
(Length: 4)  105  114  134  138 
(Length: 5)  105  130  134  135  144 
(Length: 3)  105  129  145 
(Length: 3)  105  129  132 
(Length: 3)  105  132  144 
(Length: 3)  105  114  147 
(Length: 4)  105  134  138  140 
(Length: 3)  106  121  146 
(Length: 4)  108  128  131  149 
(Length: 3)  108  118  128 
(Length: 3)  108  118  143 
(Length: 3)  108  125  126 
(Length: 3)  109  118  135 
(Length: 3)  109  110  120 
(Length: 4)  110  119  140  143 
(Length: 4)  110  119  122  137 
(Length: 3)  110  113  120 
(Length: 4)  110  111  119  143 
(Length: 3)  111  125  143 
(Length: 3)  112  121  141 
(Length: 3)  115  134  135 
(Length: 3)  115  134  138 
(Length: 3)  116  138  140 
(Length: 3)  119  137  147 
(Length: 3)  119  135  143 
(Length: 3)  120  139  146 
(Length: 3)  121  125  129 
(Length: 3)  122  137  139 
(Length: 3)  123  130  144 
(Length: 3)  129  132  146 
(Length: 3)  131  138  149 
...model cost: 1.81 seconds  48789 FFE
 (opt) 670.00000000 == 670.00000000 (sur)  OPTIMALITY TEST PASSED!
   BESTimpr 587.00000000 -> 656.00000000
****111*1*1**1111*1*1*1*1*111*111111****1***1*1**11*11***11*1*1*1111**11111*1*1***1***1*****1**11**1**1*11**1****1*11***11****11**111***11*11*1***1111


1*1**111*1111*****1***111***11*11***1111***1*1*11111*11**1*******111**11***11**1111**1*11***1111***1*1*11**111***1111**11*11*1**1*1*11111*1*1**11***11

