Walsh model started...
 67  28  137  65  132  39  126  84  133  51  83  45  21  50  125  102  147  88  56  66  79  60  146 
 137  28  117  8  51  143  59  85  84  29  103  20  50  89  95  122  5  77  148  2  116 
 138  91  24  9  5  101  87  58  130  126  80  109  125  103  27  21  76  133  68  61  45  137  139  70  39  120  46  98  20  148  1  94  115 
 91  50  61  78  83  53  141  4  25  24  135  38  41  65  56  81  13  111  118  34  138  23  29 
 48  44  116  138  86  64  100  69  141  3  132  13  83  22  98  11  61  111  60  37  104  51  84  85  12 
 2  9  110  141  50  47  113  32  38  87  146  92  81  20  125  127  66  108  80  77  1  140  148  83  116  31  99 
 54  28  44  90  148  48  76  84  113  101  81  74  40  105  85  92  119  77  102  11 
 36  101  40  125  49  94  18  28  56  75  129  111  108  134  25  123 
 137  46  18  49  144  52  106  34  143  31  1  117  57  145  39  110  27  69  120  114  56  53  33  125  90  128  139  142  131  15  88 
 2  5  36  15  74  134  84  113  44  33  94  35  103  95  19  139  25  76  96  83 
 91  36  82  102  23  90  59  145  37  85  138  71  25  24  75  101 
 42  18  61  19  120  140  90  110  65  73  112  59  53  57  98  4  33  43  122  70  102  6  106  87 
 143  60  129  54  107  23  146  135  147  65  87  14  97  126  29  118  93  128  145  47  123  4  85  125  98 
 29  127  58  41  143  142  132  4  94  103  134  98  81  116  3  111  52  84  119  104  31  105  60  146  88  82  54  15  138 
 127  34  87  12  136  84  141  82  60  68 
 28  98  23  100  36  9  61  104  105  122  17  77  114  136  125  146  29  131  8  39  13  138 
 125  71  107  19  130  66  131  147  78  72  142  58  43  136  51  45  105  113  54  108  138  84  56  67  140  96 
 66  23  15  77  97  98  114  111  45  135  72  31 
 42  11  8  49  7  28  142  38  50  133  94  45  125  33  68  120  117  76  89  55  32  51  122  111  112  20  146  124  74  30 
 61  11  120  50  85  130  16  39  90  48  123  69  126  95  9 
 109  139  130  59  124  49  1  103  46  32  81  5  51  121  110  23  48  92  112  18  98  2  36  60  41  133 
 88  93  101  32  141  142  97  128  125  147  56  99  2  76  45  0  114  50  55  52 
 51  66  40  126  69  119  107  104  4  83  39  140  53 
 66  17  100  15  78  46  10  90  82  61  107  12  42  57  33  117  136  80  148  138  3  110  20  27  59 
 2  138  36  40  3  25  90  38  10  114  35  129  118  75  121  76  99  98  28 
 136  43  75  38  124  121  46  65  102  140  3  24  74  146  92  48  123  10  39  40  29  7  9  76 
 115  77  38  112  64  67  111  122  65  125  85  126  138  93  120  91  147  145 
 84  85  103  2  69  8  131  59  23  82  71  77  57 
 137  1  98  15  67  0  54  6  18  7  46  84  95  72  140  87  47  24  143  90 
 36  75  13  127  149  38  81  131  1  84  37  60  105  30  143  12  83  133  15  146  117  53  25  3  70  45 
 128  52  126  110  132  77  122  105  29  117  40  130  76  74  18 
 78  128  52  87  143  8  125  137  46  43  81  114  118  53  105  13  17  72  82  74  5  99 
 120  95  101  21  87  61  47  98  113  5  46  20  48  107  69  129  141  37  140  122  142  18  58  89  45  39  110  67 
 115  116  101  87  42  132  125  18  8  89  136  11  43  100  23  129  145  118  144  77  143  9  44  149  146  63 
 104  88  78  83  127  14  128  103  106  8  122  35  58  131  109  54  55  118  3  145  93  75 
 142  89  70  119  105  122  34  74  137  124  83  98  114  24  75  99  49  138  103  9  139  57  96  108  71 
 101  7  29  75  24  40  10  91  87  88  9  15  78  145  51  38  147  106  132  120  142  20  60  82 
 51  83  64  45  112  67  50  118  10  85  29  60  32  141  4  104  58  109 
 75  25  26  112  148  82  85  94  149  29  142  18  135  96  51  36  44  107  3  132  121  5  87  90  24  69  91 
 94  137  132  0  84  102  42  133  89  81  118  19  90  8  110  103  58  25  40  15  105  70  2  96  149  32  22  140  78  67  123 
 141  118  22  126  24  36  147  66  7  125  98  67  130  116  42  143  6  74  117  30  25  39  92  51  75  120 
 81  98  13  58  143  135  77  118  127  63  3  65  126  104  132  20  133 
 11  18  133  39  89  33  132  134  60  40  143  48  91  57  23  97  54  122  63  148  96  128  142 
 136  25  149  134  113  49  31  46  129  143  53  16  11  33  68 
 144  138  48  4  121  132  74  87  73  95  46  140  130  52  90  6  38  107  120  97  117  113  100  135  139  67  68  123  9  33  94  116  149 
 112  121  64  37  120  77  94  18  113  73  100  57  0  21  51  16  101  148  61  2  97  127  32  29  70  84  82  117  136  17  135 
 137  8  67  84  78  23  128  115  65  25  44  140  94  134  31  43  117  113  20  32  123  52  100  124  72  28  116  114  2  120  95  104  69 
 32  98  103  148  97  140  5  50  94  52  84  121  125  69  123  12  28  87  136 
 44  4  129  117  63  114  52  87  19  85  148  6  92  25  64  111  32  107  42  91  122  96  144  70  20 
 77  112  18  8  94  7  125  129  76  113  43  87  67  124  20  134  111  53  120  148  136  117  35  138  103  58  135  98  68  93  66  115 
 125  101  3  91  61  129  19  85  60  58  118  37  143  53  18  133  112  75  5  47  67  0  114  132  147  21  1  89  141 
 22  66  37  83  110  93  113  1  143  131  79  38  36  109  0  133  117  107  147  95  128  45  16  18  122  111  121  20  40  92  101  87  4  84 
 30  128  87  31  8  144  127  149  71  67  116  120  48  130  44  58  53  132  140  47  94  79  13  84  46  100  107  63  60  112  57  55  141  21  99  88  64 
 56  84  83  3  145  135  143  50  110  81  88  109  43  49  58  52  8  11  57  121  141  118  31  134  114  117  29  68  104  22 
 100  141  79  95  97  68  28  6  132  147  129  12  85  128  106  88  136  125  91  34  55  113  16  42  84  13  98 
 104  87  100  114  89  101  70  74  109  112  61  143  18  34  54  128  52  67  142  21  124  133  110  138 
 123  65  53  84  7  75  64  112  21  99  81  3  8  88  0  142  104  61  16  67 
 145  8  45  100  90  11  53  42  23  128  52  112  95  85  98  81  35  83  27  77 
 13  41  2  101  60  50  34  131  52  53  128  16  107  39  103  124  79  49  89  32  140  135  125  80  109  37 
 103  80  130  20  10  145  64  87  101  85  1  11  61  78  27  23  86  76 
 64  149  143  12  95  113  142  68  114  111  58  50  37  29  134  42  112  52  4  13  146  122  133  20  36  14  0 
 19  11  3  78  134  98  129  50  32  87  23  82  15  104  123  136  114  59  55  143  2  45  108  4  125  138  128  56  63  102 
 69  139  102  137  83  127  144  148  123  101  94 
 114  48  127  41  135  139  107  52  94  112  132  61  102  42  33 
 60  149  26  67  84  114  45  37  86  4  134  69  59  87  103  116  112  56  48  111  97  72  100  113  144  52  79 
 56  123  120  66  137  0  46  25  110  11  125  26  147  12  82  105  111  131  3  41  83  136 
 51  22  17  23  147  40  120  65  113  133  138  16  131  80  71  125  91  127  5  0  79  101  117  49  93  124 
 28  0  26  64  84  46  71  52  112  37  87  143  149  49  40  98  50  68  44  55  141  136  32  16  56  123  39 
 54  97  142  60  103  105  2  130  120  18  67  44  53  49  43  129  98  83  14 
 62  139  119  22  83  100  4  134  64  27  8  127  86  71  109  19  126  129  32  47  140  103  112  93  148  104  46  73  81  38  91 
 147  123  119  35  140  143  135  148  84  120  55  74  39  2  48  144  122  11  29  45 
 125  16  67  52  107  92  80  66  138  10  69  109  136  119  111  139  108  35  124  82  27 
 101  127  16  142  64  97  124  46  96  116  28  140  17  31 
 109  77  44  95  11  112  45  113  123  118  103  135  107  87  114  69  81 
 44  87  80  118  135  77  55  70  25  146  120  128  119  35  93  109  9  134  6  40  92  81  82  31  30  18 
 38  25  29  36  56  7  112  50  119  97  35  99  10  101  24  121  137  76  120  40  34  83 
 49  129  21  2  6  84  18  117  87  111  132  102  105  137  75  130  30  9  25  24  99  59  86 
 109  73  26  115  49  112  132  30  41  118  135  74  116  108  120  45  17  15  143  33  87  141  5  1  119  6  27  57 
 31  128  149  106  46  23  34  83  61  3  119  82  36  145  147  16  109  95  59  39  102 
 54  95  51  131  109  83  149  52  124  58  0  66  64 
 103  59  128  86  106  74  118  71  66  2  109  119  121  108  5  23  148  125  58  123  120 
 98  41  39  118  110  53  31  114  131  29  56  3  13  116  20  5  6  101  92  74  57  69  73 
 148  38  102  10  23  61  78  119  65  105  109  87  84  107  89  14  141  45  88  13  31  74  71  27  36  147 
 37  51  78  34  133  111  62  69  53  3  113  118  109  79  65  0  29  116  90  4  22  35  98  68  57  5  9  75 
 67  46  64  114  85  27  39  102  53  56  70  120  1  29  0  126  131  47  121  82  76  6  13  52  14  136  9  113  28  95  141  45  54  132  16  142  4  51 
 94  38  84  27  50  19  128  54  101  59  1  48  37  10  86  117  26  126  6  92  95  57  4  12 
 107  89  98  119  80  128  4  64  124  117  130  113  85  144  110  127  69  87  59  76 
 101  103  52  31  107  137  2  44  74  32  61  33  104  55  59  64  88  36  67  143  48  49  112  131  14  12  125  149  109  82  38  5  119  145  76  111  126  86  128  28  47  141  77  51  73  114  106  11 
 104  34  21  93  87  36  54  129  53  109  56  0  134  106  142  13  82  52  8 
 142  35  107  86  42  39  101  55  145  114  102  124  82  33  136  18  128  1  50  58  32  147 
 140  11  23  10  19  39  44  6  8  57  24  38  116  83  97  119  143  28 
 138  2  110  10  36  3  50  137  128  125  66  54  42  48  120  26  38  69 
 107  71  25  48  139  135  146  5  81  74  85  6  96  102  103  20  40  51 
 112  134  21  88  51  110  100  135  74  109  118  12  26  138  34  145  148  69  49  66 
 105  111  85  38  49  7  137  39  127  148  134  46  13  142  18  45  47  52  63  112  9  44  101  62  95  115  2 
 120  32  113  60  79  54  124  112  44  73  78  109  136  51  128  28  84  1  122  57  85  9  19  46  94 
 135  38  72  116  92  48  39  149  148  42  35  9  16  140 
 116  128  54  68  148  135  133  114  21  99  145  119  75  47  140  44  120  12  126  64  72  98  17  45  127  42  90  111  149 
 86  119  28  15  81  41  134  61  47  32  109  131  40  67  13  97  17  11  4  35  83  49  135  68  57  123  20  2  24  100  54  12  125 
 145  97  56  21  132  144  35  75  137  135  24  76  52  130  126  5  31 
 54  141  23  15  147  115  114  55  4  69  93  135  45  57  52  46  44  120  33  64  98 
 50  125  103  87  36  7  2  32  21  33  58  89  55  72  127  85  59  148  45  6  81  126  10  75  130  112  62  94  66  117  102  51 
 62  137  82  10  84  39  109  119  25  140  89  124  125  0  132  76  92  103  63  61  127  101  6  11  78  147 
 101  87  80  59  106  34  128  64  116  47  148  125  2  27  1  20  127  13  68  105  39  58  139  137  118  73  49  102  92  69  112  35  9 
 88  34  87  55  22  107  61  15  109  119  13  138  132  41  126  143  144  56  37  4  53  46  69 
 94  111  35  142  15  122  65  82  30  29  68  103  31  13  16  107  76  6  39 
 149  78  80  103  8  34  147  54  36  132  108  136  88  134  118  116  142  107  114  87  11 
 89  86  87  137  122  149  71  92  118  115  12  23  16  22  104  38  44  32  48  109  82  117  51  58  52  63  105  135  73  114  106 
 77  116  61  123  136  106  134  7  80  5  16  138  35  71 
 73  77  139  20  122  144  98  131  102  119  2  80  88  53  51  83  79  55  112  78  95  107  104  87  82  93  74  34  71  69  133  110  58  37 
 138  91  126  30  5  141  51  93  11  65  81  53  8  39  144  86  139  133  109  32  23  20  55 
 105  94  133  83  122  26  114  60  64  48  134  49  65  131  3  13  87  76  71  139  4  129  7  18  51  97  17 
 93  134  77  49  38  26  45  121  95  124  67  37  149  11  73  64  56  75  50  131  87  55  109  60  52  63  94  57  130  101  69  103  20  18 
 95  60  66  51  43  49  83  118  138  116  46  117  86  130  5  32  45  73  6  148  44  9  84  54  16  64  144 
 64  84  122  134  135  120  100  55  111  60  63  48  97  133  145  89  31  81  136  61  8  132  50  15  35  24  53  21  46  116  17  107  106  73  87 
 26  77  147  100  33  116  46  128  118  107  120  49  94  2 
 4  138  128  97  115  33  103  64  120  52  113  77  108  130  40  81  13  72  96  83  90  46  114  118  106  44  1  5 
 48  129  1  8  124  86  46  113  85  107  51  44  18  76  120  49  30  40  53  29  23  136  101  66  45 
 141  40  80  74  115  107  77  41  81  39  83  113  50  37  122  134  12  93  53  31  24  129  103  73  144  33  34  3  106  116  133  142  145 
 70  35  86  98  142  146  69  22  102  109  78  82  140  127  75  97  74  80  121  87  145  104  13  136  71  90  77  6 
 32  95  65  66  135  114  11  19  84  70  116  52  77  45  49  125  74  128  44  97  8  68  18  100  117  147  2  46  26  91  115  142  36  123  80  75  40 
 45  112  25  124  44  132  47  84  38  80  119  139  136  53  141  24  75  51  20 
 114  134  149  107  111  26  109  144  35  34  126  30  15  105  118  140  32  1  95  51  18  48  42  70  11  60  133 
 147  70  56  65  61  19  25  46  108  44  73  148  62  47  12  98  134  7  80  120  136  67  39 
 95  112  25  121  117  86  49  20  102  89  134  147  72  46  35  137  126  128  58  79  55  133  146  18  66  71 
 50  101  7  40  16  71  49  31  137  65  26  21  147  2  103  18  33  87  149  120  8  91  66  0  102  54  5  47  61  15  58  80  12  98 
 40  22  30  110  130  2  0  84  122  85  26  12  97  19  69  41  104  124  128  87  101  99 
 13  29  34  14  52  149  94  148  72  101  140  119  103  63  41  86  69  62  144  97  45  5  66  102 
 30  52  31  78  80  86  116  97  46  115  34  103  85  54  21  120  74  58  131  137  91  95  51  147  89  55  57  8  126  124  12  145  87  138  61  42  142 
 48  117  61  50  54  12  49  76  146  144  88  43  143  69  32  24  118  33  145  111  7  68 
 20  59  19  16  52  44  126  2  86  113  116  40  133  68  112  101  30  76  99 
 109  98  16  66  51  79  81  29  34  58  112  87  84  27  111  65  128  15  8  136 
 44  121  30  77  0  39  147  54  42  33  4  13  144  99  52  140  38  114  50  138  104  106  36  76  102  41  63  84 
 83  111  42  39  66  138  97  114  50  18  130  2  0  51  29  110  109  139  135  122  60  118  142  124  55  20  41 
 93  112  43  149  114  122  98  61  94  46  69  64  49  111  13  42  60  147  124  118  74  9  53  108  7  88  106  123 
 114  120  70  148  41  143  97  74  77  145  53  96  38  93  100  146  12  92  139  3  63  44  49  98  73  107  137  99  133  58  140  17  45 
 25  43  114  61  54  95  89  33  14  84  148  49  16  71  119  121  139  15  108  106  23  117  45  67  47  123  131  65 
 28  1  8  46  107  87  65  0  94  39  102  62  125  31  141  149  128  91  35  124  139  103  2  99  135  75  76 
 91  2  24  44  144  110  116  4  133  66  113  10  71  104  132  26  93  35  49  108  16  3  23  128  61  13  15  55 
 62  69  109  20  92  135  63  44  121  136  103  137  71  111  110  8  2  133  9  35 
 70  143  90  11  46  44  25  102  127  119  47  97  52  132  72  28  122  32  69  58  135  39  22  5  148  16  96 
 54  100  118  40  110  5  21  142  3  4  137  149  14  82  53  121  32  37  67  50  84  52  87  77 
 89  35  146  119  68  60  13  143  105  21  141  38  18  94  72  16  32  56  8  88  106  55  118  133  120  36  84  145  42  128 
 12  60  140  70  41  135  13  142  31  8  87  67  53  50  51  1  43  129  29  40  42  61  55  77  33  104  144  90  28 
 44  138  8  52  122  109  146  129  132  99  110  86  127  62  118  33  143  104  48  70  64  113 
 59  10  53  135  36  78  89  114  99  97  57  8  87  119  128  12  33  129  34  93  147  26  118  142 
 142  119  129  144  25  74  12  135  5  92  15  29  13  60  33  149  18  124  0 
 70  123  40  66  100  115  132  54  21  125  106  78  16  65  12  134  124  36  51  120  128  0  50  26  145  102  89  82 
 82  38  135  70  97  127  94  103  47  48  6  113  136  49  101  45  123  62  80  23  93  69  5  140  42  96  2  1 
 60  64  43  134  78  106  122  107  127  52  38  29  112  67  141  137  125  87  79  39  96  33  146  97  44 
-->CDecomWalshPart::vInitTrueLinkage-->GLBs: 1661
(Length: 3)  0  21  45 
(Length: 4)  0  28  67  84 
(Length: 3)  0  39  133 
(Length: 4)  0  39  67  84 
(Length: 5)  0  21  50  125  147 
(Length: 4)  0  45  51  84 
(Length: 3)  0  28  137 
(Length: 4)  0  21  56  88 
(Length: 4)  0  51  83  133 
(Length: 4)  0  51  66  147 
(Length: 4)  0  51  66  79 
(Length: 4)  0  50  60  133 
(Length: 3)  0  50  67 
(Length: 5)  0  65  66  125  147 
(Length: 4)  0  51  66  133 
(Length: 3)  0  60  146 
(Length: 4)  0  51  79  83 
(Length: 3)  0  65  83 
(Length: 4)  0  102  132  147 
(Length: 4)  0  50  132  147 
(Length: 4)  0  56  67  84 
(Length: 4)  0  39  102  137 
(Length: 4)  0  65  125  137 
(Length: 3)  0  56  65 
(Length: 4)  0  102  125  137 
(Length: 5)  0  39  84  102  132 
(Length: 4)  0  102  125  147 
(Length: 3)  0  84  126 
(Length: 3)  1  50  89 
(Length: 3)  1  8  137 
(Length: 3)  1  50  143 
(Length: 4)  1  2  5  148 
(Length: 4)  1  2  20  103 
(Length: 3)  1  51  117 
(Length: 4)  1  28  84  95 
(Length: 3)  1  28  143 
(Length: 3)  1  28  137 
(Length: 3)  1  8  117 
(Length: 4)  1  2  5  20 
(Length: 3)  1  20  51 
(Length: 3)  1  29  117 
(Length: 4)  1  5  77  116 
(Length: 4)  1  51  95  122 
(Length: 4)  1  20  59  103 
(Length: 3)  1  77  143 
(Length: 3)  1  51  143 
(Length: 4)  1  2  103  137 
(Length: 4)  1  2  103  148 
(Length: 3)  1  29  143 
(Length: 3)  1  50  85 
(Length: 3)  1  59  85 
(Length: 4)  1  84  85  95 
(Length: 4)  1  51  84  95 
(Length: 3)  1  85  117 
(Length: 3)  1  29  84 
(Length: 3)  1  8  143 
(Length: 3)  1  5  50 
(Length: 3)  1  103  116 
(Length: 3)  2  39  70 
(Length: 3)  2  45  61 
(Length: 4)  2  45  70  120 
(Length: 3)  2  68  98 
(Length: 3)  2  21  76 
(Length: 4)  2  5  80  148 
(Length: 5)  2  45  94  101  148 
(Length: 4)  2  80  120  125 
(Length: 4)  2  45  70  148 
(Length: 4)  2  5  87  125 
(Length: 3)  2  87  109 
(Length: 3)  2  5  9 
(Length: 3)  2  9  76 
(Length: 3)  2  24  76 
(Length: 3)  2  24  138 
(Length: 3)  2  91  138 
(Length: 4)  2  76  87  137 
(Length: 4)  2  21  101  125 
(Length: 5)  2  87  103  125  137 
(Length: 3)  2  76  130 
(Length: 4)  2  101  103  148 
(Length: 3)  2  20  46 
(Length: 4)  2  20  98  109 
(Length: 4)  2  20  130  133 
(Length: 4)  2  39  94  137 
(Length: 3)  2  61  138 
(Length: 4)  2  87  101  126 
(Length: 3)  2  68  103 
(Length: 4)  2  61  98  125 
(Length: 3)  2  68  120 
(Length: 3)  2  68  130 
(Length: 5)  2  20  109  133  139 
(Length: 4)  2  91  120  125 
(Length: 5)  2  58  80  103  125 
(Length: 3)  2  133  138 
(Length: 4)  2  103  137  139 
(Length: 3)  2  39  133 
(Length: 4)  2  46  94  115 
(Length: 3)  2  9  94 
(Length: 4)  2  46  94  137 
(Length: 4)  2  46  115  120 
(Length: 4)  2  80  103  148 
(Length: 4)  2  58  80  109 
(Length: 4)  2  20  103  139 
(Length: 4)  2  101  126  130 
(Length: 5)  2  87  101  103  125 
(Length: 4)  2  61  87  125 
(Length: 5)  2  58  101  103  125 
(Length: 4)  2  21  45  101 
(Length: 4)  2  5  80  125 
(Length: 4)  2  91  125  137 
(Length: 4)  2  9  103  139 
(Length: 3)  2  24  98 
(Length: 4)  2  39  58  103 
(Length: 4)  2  39  103  137 
(Length: 3)  2  27  103 
(Length: 3)  3  24  138 
(Length: 4)  3  53  56  81 
(Length: 3)  3  4  141 
(Length: 3)  3  50  61 
(Length: 3)  3  50  91 
(Length: 4)  3  13  41  81 
(Length: 3)  3  53  135 
(Length: 3)  3  38  135 
(Length: 3)  3  41  135 
(Length: 4)  3  29  53  81 
(Length: 4)  3  34  83  118 
(Length: 4)  3  65  83  111 
(Length: 4)  3  13  29  81 
(Length: 4)  3  4  61  138 
(Length: 3)  3  56  65 
(Length: 4)  3  34  78  83 
(Length: 5)  3  50  53  118  141 
(Length: 4)  3  4  13  111 
(Length: 4)  3  53  81  118 
(Length: 3)  3  91  138 
(Length: 3)  3  56  61 
(Length: 4)  3  4  83  111 
(Length: 4)  3  4  13  138 
(Length: 4)  3  41  81  118 
(Length: 4)  3  53  83  118 
(Length: 3)  3  41  65 
(Length: 4)  3  29  53  83 
(Length: 4)  3  25  29  38 
(Length: 4)  3  24  25  38 
(Length: 4)  3  23  61  138 
(Length: 4)  3  23  61  78 
(Length: 3)  3  24  118 
(Length: 3)  3  25  65 
(Length: 3)  3  38  91 
(Length: 4)  4  22  69  83 
(Length: 4)  4  37  51  83 
(Length: 3)  4  84  85 
(Length: 4)  4  22  51  83 
(Length: 3)  4  84  141 
(Length: 4)  4  48  64  111 
(Length: 4)  4  64  69  86 
(Length: 3)  4  64  84 
(Length: 3)  4  37  85 
(Length: 3)  4  37  104 
(Length: 4)  4  60  64  111 
(Length: 4)  4  61  104  138 
(Length: 3)  4  44  48 
(Length: 3)  4  12  60 
(Length: 3)  4  64  116 
(Length: 3)  4  37  141 
(Length: 3)  4  44  100 
(Length: 4)  4  13  84  132 
(Length: 4)  4  44  116  138 
(Length: 4)  4  11  61  98 
(Length: 4)  4  44  132  138 
(Length: 4)  4  13  60  111 
(Length: 3)  4  85  86 
(Length: 4)  4  64  69  100 
(Length: 3)  4  12  85 
(Length: 3)  4  12  98 
(Length: 3)  4  13  98 
(Length: 3)  4  48  85 
(Length: 4)  4  22  69  104 
(Length: 3)  4  86  98 
(Length: 4)  4  37  60  64 
(Length: 5)  4  13  104  132  138 
(Length: 3)  4  83  116 
(Length: 3)  4  100  141 
(Length: 4)  4  51  83  111 
(Length: 3)  4  98  100 
(Length: 3)  4  83  98 
(Length: 3)  4  51  84 
(Length: 4)  4  13  116  138 
(Length: 3)  5  66  127 
(Length: 3)  5  81  116 
(Length: 4)  5  31  87  125 
(Length: 4)  5  77  87  141 
(Length: 3)  5  50  141 
(Length: 4)  5  32  110  141 
(Length: 4)  5  20  81  110 
(Length: 3)  5  80  108 
(Length: 4)  5  47  50  125 
(Length: 4)  5  77  108  116 
(Length: 3)  5  113  148 
(Length: 4)  5  32  87  141 
(Length: 3)  5  32  113 
(Length: 4)  5  47  140  148 
(Length: 3)  5  92  146 
(Length: 3)  5  31  99 
(Length: 3)  5  31  81 
(Length: 4)  5  20  32  110 
(Length: 4)  5  32  47  140 
(Length: 4)  5  47  87  125 
(Length: 4)  5  20  81  92 
(Length: 4)  5  32  47  87 
(Length: 3)  5  38  148 
(Length: 3)  5  38  87 
(Length: 4)  5  127  140  148 
(Length: 4)  5  9  83  113 
(Length: 4)  5  66  80  125 
(Length: 4)  5  83  113  116 
(Length: 3)  5  66  113 
(Length: 3)  6  48  148 
(Length: 4)  6  28  54  84 
(Length: 3)  6  85  101 
(Length: 3)  6  44  113 
(Length: 3)  6  44  90 
(Length: 4)  6  48  85  92 
(Length: 3)  6  44  74 
(Length: 3)  6  92  102 
(Length: 3)  6  102  119 
(Length: 3)  6  101  102 
(Length: 3)  6  101  148 
(Length: 3)  6  113  148 
(Length: 3)  6  76  105 
(Length: 3)  6  11  90 
(Length: 4)  6  74  77  119 
(Length: 4)  6  74  81  92 
(Length: 4)  6  40  74  92 
(Length: 3)  6  44  48 
(Length: 4)  6  54  84  85 
(Length: 3)  6  28  90 
(Length: 4)  6  76  84  102 
(Length: 4)  6  54  84  113 
(Length: 3)  6  90  119 
(Length: 3)  6  11  102 
(Length: 3)  6  81  101 
(Length: 3)  7  18  28 
(Length: 3)  7  40  125 
(Length: 3)  7  56  75 
(Length: 3)  7  25  123 
(Length: 4)  7  36  75  101 
(Length: 5)  7  49  94  111  134 
(Length: 3)  7  56  123 
(Length: 4)  7  18  49  125 
(Length: 3)  7  94  101 
(Length: 4)  7  49  111  129 
(Length: 4)  7  25  40  75 
(Length: 4)  7  36  40  75 
(Length: 5)  7  18  49  94  111 
(Length: 4)  7  108  123  134 
(Length: 3)  7  101  125 
(Length: 3)  8  90  143 
(Length: 4)  8  56  88  142 
(Length: 3)  8  15  39 
(Length: 4)  8  49  53  117 
(Length: 4)  8  52  57  128 
(Length: 4)  8  33  143  144 
(Length: 3)  8  53  110 
(Length: 4)  8  53  57  145 
(Length: 4)  8  34  88  106 
(Length: 5)  8  18  49  117  120 
(Length: 4)  8  53  56  88 
(Length: 3)  8  137  139 
(Length: 3)  8  27  57 
(Length: 3)  8  39  90 
(Length: 3)  8  39  110 
(Length: 3)  8  15  114 
(Length: 4)  8  53  114  145 
(Length: 3)  8  15  131 
(Length: 3)  8  39  137 
(Length: 5)  8  31  46  52  128 
(Length: 3)  8  52  144 
(Length: 3)  8  15  125 
(Length: 3)  8  106  114 
(Length: 5)  8  31  46  128  137 
(Length: 4)  8  34  128  131 
(Length: 5)  8  46  52  120  128 
(Length: 4)  8  46  117  120 
(Length: 4)  8  31  46  114 
(Length: 4)  8  52  53  57 
(Length: 4)  8  18  33  125 
(Length: 3)  8  46  69 
(Length: 4)  8  57  128  145 
(Length: 4)  8  52  53  88 
(Length: 4)  8  31  53  114 
(Length: 4)  8  31  53  143 
(Length: 3)  8  69  139 
(Length: 4)  8  18  120  142 
(Length: 4)  8  31  52  53 
(Length: 3)  8  27  131 
(Length: 3)  8  57  90 
(Length: 4)  8  46  114  120 
(Length: 4)  8  120  128  142 
(Length: 4)  8  31  125  137 
(Length: 4)  8  34  128  145 
(Length: 3)  8  142  143 
(Length: 3)  8  33  145 
(Length: 3)  8  27  69 
(Length: 4)  8  128  142  145 
(Length: 3)  8  110  144 
(Length: 3)  8  110  139 
(Length: 5)  8  18  49  120  125 
(Length: 4)  8  88  106  142 
(Length: 3)  9  94  134 
(Length: 3)  9  35  83 
(Length: 4)  9  84  95  113 
(Length: 3)  9  44  139 
(Length: 3)  9  15  36 
(Length: 3)  9  76  84 
(Length: 3)  9  25  74 
(Length: 3)  9  35  96 
(Length: 3)  9  44  74 
(Length: 3)  9  33  44 
(Length: 3)  9  25  76 
(Length: 4)  9  44  95  113 
(Length: 3)  9  35  74 
(Length: 4)  9  44  94  95 
(Length: 4)  9  35  103  139 
(Length: 3)  9  19  95 
(Length: 3)  9  74  134 
(Length: 4)  10  24  25  75 
(Length: 3)  10  36  91 
(Length: 3)  10  36  82 
(Length: 3)  10  24  138 
(Length: 3)  10  23  90 
(Length: 3)  10  37  85 
(Length: 3)  10  82  102 
(Length: 3)  10  23  138 
(Length: 4)  10  24  36  75 
(Length: 3)  10  101  102 
(Length: 3)  10  36  145 
(Length: 4)  10  36  75  101 
(Length: 4)  10  59  85  101 
(Length: 3)  10  71  138 
(Length: 3)  10  59  145 
(Length: 3)  10  91  138 
(Length: 3)  10  23  82 
(Length: 3)  10  24  90 
(Length: 3)  10  71  82 
(Length: 3)  10  25  102 
(Length: 3)  10  23  59 
(Length: 3)  11  87  106 
(Length: 3)  11  33  87 
(Length: 4)  11  18  33  42 
(Length: 3)  11  18  112 
(Length: 3)  11  33  43 
(Length: 3)  11  19  61 
(Length: 4)  11  18  42  122 
(Length: 3)  11  53  110 
(Length: 3)  11  43  53 
(Length: 3)  11  65  120 
(Length: 3)  11  57  112 
(Length: 3)  11  42  57 
(Length: 4)  11  70  122  140 
(Length: 4)  11  73  87  112 
(Length: 3)  11  61  102 
(Length: 3)  11  57  90 
(Length: 3)  11  57  98 
(Length: 3)  11  19  120 
(Length: 4)  11  59  61  87 
(Length: 3)  11  70  120 
(Length: 3)  11  18  120 
(Length: 3)  11  19  90 
(Length: 3)  11  53  57 
(Length: 3)  11  102  140 
(Length: 3)  11  90  140 
(Length: 3)  11  65  110 
(Length: 3)  12  107  118 
(Length: 4)  12  97  126  128 
(Length: 4)  12  97  98  135 
(Length: 3)  12  107  135 
(Length: 3)  12  135  143 
(Length: 4)  12  29  60  143 
(Length: 3)  12  14  60 
(Length: 3)  12  14  87 
(Length: 4)  12  29  60  146 
(Length: 3)  12  129  143 
(Length: 3)  12  129  146 
(Length: 3)  12  135  146 
(Length: 4)  12  65  123  147 
(Length: 3)  12  23  107 
(Length: 3)  12  87  107 
(Length: 4)  12  54  98  125 
(Length: 4)  12  97  128  145 
(Length: 4)  12  54  97  98 
(Length: 4)  12  97  135  145 
(Length: 4)  12  87  126  128 
(Length: 4)  12  65  125  147 
(Length: 4)  12  47  97  98 
(Length: 4)  12  87  128  145 
(Length: 4)  12  93  118  145 
(Length: 3)  12  87  143 
(Length: 4)  12  54  85  128 
(Length: 3)  12  54  129 
(Length: 4)  12  54  97  128 
(Length: 4)  12  128  145  147 
(Length: 4)  12  118  129  145 
(Length: 4)  12  54  128  147 
(Length: 4)  12  54  125  147 
(Length: 4)  12  93  135  145 
(Length: 4)  12  85  126  128 
(Length: 4)  12  47  87  125 
(Length: 4)  12  47  98  123 
(Length: 4)  12  47  98  125 
(Length: 3)  13  98  119 
(Length: 3)  13  88  104 
(Length: 3)  13  29  84 
(Length: 3)  13  58  103 
(Length: 3)  13  41  58 
(Length: 3)  13  103  116 
(Length: 3)  13  103  105 
(Length: 3)  13  88  134 
(Length: 3)  13  103  127 
(Length: 3)  13  119  127 
(Length: 4)  13  15  104  138 
(Length: 3)  13  82  119 
(Length: 3)  13  41  127 
(Length: 4)  13  15  29  146 
(Length: 3)  13  82  88 
(Length: 3)  13  104  119 
(Length: 4)  13  41  104  143 
(Length: 4)  13  41  81  98 
(Length: 4)  13  29  60  146 
(Length: 3)  13  15  98 
(Length: 4)  13  15  29  105 
(Length: 3)  13  31  143 
(Length: 3)  13  52  116 
(Length: 4)  13  52  94  127 
(Length: 3)  13  52  88 
(Length: 4)  13  31  82  105 
(Length: 3)  13  31  81 
(Length: 4)  13  60  142  146 
(Length: 4)  13  29  60  143 
(Length: 4)  13  52  58  60 
(Length: 3)  13  31  52 
(Length: 3)  13  81  116 
(Length: 3)  13  82  84 
(Length: 4)  13  41  104  132 
(Length: 3)  13  29  127 
(Length: 4)  13  60  111  134 
(Length: 4)  13  54  84  132 
(Length: 4)  13  60  142  143 
(Length: 4)  13  119  142  146 
(Length: 3)  13  54  88 
(Length: 4)  13  94  105  111 
(Length: 3)  13  54  98 
(Length: 4)  13  52  84  132 
(Length: 3)  13  84  142 
(Length: 3)  13  98  134 
(Length: 4)  13  94  105  142 
(Length: 4)  13  94  111  134 
(Length: 3)  13  88  142 
(Length: 3)  14  84  136 
(Length: 4)  14  82  87  141 
(Length: 3)  14  60  68 
(Length: 3)  14  34  127 
(Length: 4)  14  82  84  141 
(Length: 3)  15  39  105 
(Length: 3)  15  114  122 
(Length: 3)  15  131  136 
(Length: 3)  15  29  131 
(Length: 3)  15  29  36 
(Length: 3)  15  105  122 
(Length: 3)  15  28  98 
(Length: 3)  15  100  114 
(Length: 3)  15  23  100 
(Length: 4)  15  61  114  136 
(Length: 4)  15  23  61  138 
(Length: 3)  15  17  114 
(Length: 3)  15  17  98 
(Length: 3)  15  17  23 
(Length: 4)  15  61  104  138 
(Length: 4)  15  23  61  136 
(Length: 3)  15  17  77 
(Length: 3)  15  98  100 
(Length: 4)  15  61  98  125 
(Length: 3)  15  98  131 
(Length: 3)  16  113  130 
(Length: 3)  16  51  107 
(Length: 3)  16  43  113 
(Length: 4)  16  66  71  138 
(Length: 3)  16  58  140 
(Length: 4)  16  51  84  131 
(Length: 4)  16  51  66  147 
(Length: 4)  16  54  84  113 
(Length: 4)  16  84  131  136 
(Length: 4)  16  67  71  136 
(Length: 3)  16  58  131 
(Length: 4)  16  54  125  147 
(Length: 4)  16  67  84  136 
(Length: 3)  16  58  125 
(Length: 3)  16  71  107 
(Length: 4)  16  56  67  84 
(Length: 4)  16  54  84  136 
(Length: 4)  16  66  71  125 
(Length: 4)  16  71  108  136 
(Length: 3)  16  43  136 
(Length: 4)  16  66  125  147 
(Length: 3)  16  78  147 
(Length: 3)  16  105  107 
(Length: 4)  16  56  84  142 
(Length: 3)  16  19  130 
(Length: 4)  16  71  108  138 
(Length: 3)  16  72  142 
(Length: 4)  16  45  84  136 
(Length: 3)  16  58  107 
(Length: 5)  16  45  51  84  113 
(Length: 4)  16  72  96  140 
(Length: 3)  16  105  142 
(Length: 4)  16  66  113  138 
(Length: 4)  16  51  66  131 
(Length: 4)  16  51  66  113 
(Length: 4)  17  97  114  135 
(Length: 4)  17  45  97  135 
(Length: 3)  17  31  72 
(Length: 4)  17  97  111  114 
(Length: 3)  17  72  97 
(Length: 4)  17  45  77  135 
(Length: 3)  17  31  114 
(Length: 3)  17  23  66 
(Length: 4)  17  97  98  135 
(Length: 3)  18  55  74 
(Length: 3)  18  30  74 
(Length: 4)  18  45  94  112 
(Length: 4)  18  38  94  142 
(Length: 3)  18  33  146 
(Length: 3)  18  30  122 
(Length: 3)  18  20  32 
(Length: 3)  18  74  146 
(Length: 4)  18  68  120  142 
(Length: 4)  18  32  45  120 
(Length: 4)  18  49  76  111 
(Length: 4)  18  33  42  89 
(Length: 3)  18  124  146 
(Length: 5)  18  20  49  112  124 
(Length: 4)  18  32  89  142 
(Length: 4)  18  42  122  133 
(Length: 3)  18  32  122 
(Length: 3)  18  50  89 
(Length: 4)  18  38  94  112 
(Length: 4)  18  45  51  117 
(Length: 3)  18  38  51 
(Length: 5)  18  51  111  122  133 
(Length: 4)  18  49  117  124 
(Length: 3)  18  142  146 
(Length: 4)  18  20  51  133 
(Length: 4)  18  49  68  120 
(Length: 4)  18  30  76  117 
(Length: 4)  18  20  124  133 
(Length: 4)  18  55  89  124 
(Length: 3)  18  50  133 
(Length: 3)  18  50  125 
(Length: 3)  18  50  112 
(Length: 4)  18  55  124  133 
(Length: 4)  18  55  112  124 
(Length: 4)  18  49  76  117 
(Length: 3)  18  74  120 
(Length: 4)  18  45  117  120 
(Length: 4)  18  55  89  142 
(Length: 4)  18  32  120  142 
(Length: 4)  18  49  94  112 
(Length: 4)  18  42  133  142 
(Length: 4)  18  55  133  142 
(Length: 4)  18  42  89  142 
(Length: 3)  19  69  126 
(Length: 3)  19  50  61 
(Length: 3)  19  39  90 
(Length: 3)  19  95  120 
(Length: 3)  19  61  123 
(Length: 3)  19  50  85 
(Length: 3)  19  85  126 
(Length: 3)  19  126  130 
(Length: 3)  19  48  85 
(Length: 3)  19  39  123 
(Length: 3)  19  85  95 
(Length: 3)  19  120  123 
(Length: 3)  20  51  92 
(Length: 3)  20  112  130 
(Length: 4)  20  92  103  139 
(Length: 3)  20  60  112 
(Length: 3)  20  23  110 
(Length: 3)  20  121  139 
(Length: 3)  20  59  130 
(Length: 3)  20  60  133 
(Length: 4)  20  41  81  98 
(Length: 3)  20  51  121 
(Length: 3)  20  32  46 
(Length: 5)  20  109  110  133  139 
(Length: 3)  20  109  112 
(Length: 3)  20  36  60 
(Length: 5)  20  51  109  110  133 
(Length: 3)  20  32  98 
(Length: 3)  20  32  48 
(Length: 3)  20  48  92 
(Length: 3)  20  23  59 
(Length: 3)  20  46  124 
(Length: 4)  20  49  103  112 
(Length: 3)  20  23  46 
(Length: 3)  20  49  98 
(Length: 3)  20  36  51 
(Length: 3)  20  41  133 
(Length: 4)  20  112  121  124 
(Length: 4)  21  50  101  125 
(Length: 3)  21  55  101 
(Length: 3)  21  97  99 
(Length: 4)  21  56  88  142 
(Length: 3)  21  45  97 
(Length: 3)  21  56  99 
(Length: 3)  21  52  99 
(Length: 3)  21  52  88 
(Length: 3)  21  76  99 
(Length: 3)  21  88  93 
(Length: 3)  21  97  114 
(Length: 4)  21  52  55  128 
(Length: 4)  21  55  128  142 
(Length: 3)  21  128  147 
(Length: 3)  21  52  141 
(Length: 3)  21  50  114 
(Length: 4)  21  32  45  101 
(Length: 3)  21  97  128 
(Length: 3)  21  55  114 
(Length: 3)  21  50  141 
(Length: 4)  21  32  141  142 
(Length: 3)  22  39  140 
(Length: 4)  22  69  119  140 
(Length: 4)  22  69  104  126 
(Length: 3)  22  104  107 
(Length: 3)  22  53  104 
(Length: 3)  22  51  107 
(Length: 3)  22  39  40 
(Length: 3)  22  40  126 
(Length: 4)  22  69  104  119 
(Length: 3)  22  53  83 
(Length: 4)  22  40  51  66 
(Length: 3)  23  27  59 
(Length: 3)  23  57  100 
(Length: 3)  23  33  136 
(Length: 3)  23  66  138 
(Length: 3)  23  46  78 
(Length: 3)  23  57  90 
(Length: 3)  23  46  100 
(Length: 3)  23  59  80 
(Length: 3)  23  33  100 
(Length: 3)  23  33  42 
(Length: 3)  23  136  148 
(Length: 3)  23  82  148 
(Length: 3)  23  46  117 
(Length: 4)  23  61  78  82 
(Length: 3)  23  110  138 
(Length: 3)  23  117  136 
(Length: 3)  23  42  57 
(Length: 3)  23  66  80 
(Length: 3)  23  42  148 
(Length: 3)  23  82  107 
(Length: 3)  23  27  57 
(Length: 3)  23  66  117 
(Length: 3)  23  80  148 
(Length: 3)  23  107  117 
(Length: 3)  23  27  82 
(Length: 4)  23  59  61  78 
(Length: 3)  24  28  90 
(Length: 5)  24  25  38  75  121 
(Length: 4)  24  25  75  76 
(Length: 4)  24  25  40  75 
(Length: 4)  24  36  40  75 
(Length: 3)  24  118  129 
(Length: 4)  24  75  76  99 
(Length: 3)  24  35  114 
(Length: 3)  24  35  98 
(Length: 3)  24  76  129 
(Length: 4)  24  36  38  75 
(Length: 3)  24  40  98 
(Length: 4)  24  35  75  99 
(Length: 3)  24  28  98 
(Length: 3)  24  40  118 
(Length: 3)  24  35  138 
(Length: 3)  24  38  90 
(Length: 3)  25  39  40 
(Length: 3)  25  46  140 
(Length: 3)  25  48  92 
(Length: 4)  25  65  123  136 
(Length: 4)  25  40  74  92 
(Length: 4)  25  39  102  140 
(Length: 3)  25  124  146 
(Length: 3)  25  39  123 
(Length: 3)  25  29  146 
(Length: 3)  25  92  102 
(Length: 3)  25  121  136 
(Length: 3)  25  121  124 
(Length: 4)  25  46  65  123 
(Length: 3)  25  46  124 
(Length: 3)  25  102  124 
(Length: 4)  25  74  92  146 
(Length: 3)  25  43  46 
(Length: 3)  25  43  136 
(Length: 3)  25  76  102 
(Length: 4)  25  29  38  75 
(Length: 4)  26  64  67  112 
(Length: 4)  26  91  120  125 
(Length: 3)  26  91  138 
(Length: 4)  26  77  115  120 
(Length: 3)  26  93  112 
(Length: 3)  26  38  91 
(Length: 4)  26  115  120  147 
(Length: 3)  26  38  85 
(Length: 5)  26  65  120  125  147 
(Length: 3)  26  85  126 
(Length: 3)  26  38  112 
(Length: 3)  26  93  138 
(Length: 3)  26  65  111 
(Length: 3)  26  111  122 
(Length: 3)  26  77  112 
(Length: 3)  26  145  147 
(Length: 3)  26  122  126 
(Length: 3)  26  64  111 
(Length: 3)  26  93  145 
(Length: 3)  27  59  85 
(Length: 3)  27  59  103 
(Length: 3)  27  57  85 
(Length: 3)  27  57  77 
(Length: 3)  27  71  82 
(Length: 3)  27  84  131 
(Length: 3)  27  69  71 
(Length: 3)  27  82  84 
(Length: 3)  27  69  103 
(Length: 3)  27  84  85 
(Length: 3)  28  87  137 
(Length: 3)  28  47  140 
(Length: 3)  28  47  98 
(Length: 4)  28  46  67  84 
(Length: 3)  28  47  84 
(Length: 4)  28  67  87  143 
(Length: 3)  28  67  98 
(Length: 3)  28  47  87 
(Length: 3)  28  46  137 
(Length: 4)  28  46  84  95 
(Length: 4)  28  46  72  140 
(Length: 4)  28  90  140  143 
(Length: 4)  28  54  84  95 
(Length: 3)  28  54  98 
(Length: 3)  29  83  133 
(Length: 3)  29  37  83 
(Length: 3)  29  30  105 
(Length: 3)  29  84  131 
(Length: 3)  29  75  83 
(Length: 4)  29  60  146  149 
(Length: 3)  29  70  143 
(Length: 3)  29  45  127 
(Length: 3)  29  37  45 
(Length: 3)  29  45  117 
(Length: 3)  29  127  149 
(Length: 3)  29  38  149 
(Length: 3)  29  36  60 
(Length: 4)  29  45  70  84 
(Length: 3)  29  53  143 
(Length: 3)  29  37  60 
(Length: 4)  29  36  38  75 
(Length: 3)  29  30  117 
(Length: 3)  29  53  117 
(Length: 3)  29  53  84 
(Length: 3)  29  81  131 
(Length: 3)  29  60  133 
(Length: 3)  30  74  77 
(Length: 3)  30  126  128 
(Length: 3)  30  110  126 
(Length: 3)  30  52  128 
(Length: 3)  30  76  132 
(Length: 3)  30  105  122 
(Length: 3)  30  74  128 
(Length: 3)  30  76  130 
(Length: 3)  30  77  132 
(Length: 3)  30  40  74 
(Length: 3)  30  76  105 
(Length: 3)  30  52  130 
(Length: 3)  30  52  132 
(Length: 4)  30  40  126  130 
(Length: 3)  30  122  126 
(Length: 3)  30  40  117 
(Length: 4)  31  74  81  118 
(Length: 4)  31  46  78  128 
(Length: 4)  31  52  87  128 
(Length: 3)  31  78  82 
(Length: 3)  31  46  72 
(Length: 3)  31  43  46 
(Length: 3)  31  52  99 
(Length: 4)  31  74  87  128 
(Length: 4)  31  43  53  143 
(Length: 4)  31  74  82  87 
(Length: 4)  31  53  81  114 
(Length: 3)  31  87  143 
(Length: 4)  31  87  128  137 
(Length: 3)  31  87  114 
(Length: 3)  31  99  137 
(Length: 4)  31  87  125  137 
(Length: 4)  31  53  81  118 
(Length: 4)  32  58  89  107 
(Length: 3)  32  39  110 
(Length: 4)  32  39  58  140 
(Length: 3)  32  37  45 
(Length: 4)  32  39  58  89 
(Length: 3)  32  45  61 
(Length: 4)  32  46  69  140 
(Length: 4)  32  48  87  107 
(Length: 3)  32  47  98 
(Length: 3)  32  48  129 
(Length: 3)  32  61  87 
(Length: 3)  32  61  98 
(Length: 3)  32  61  129 
(Length: 4)  32  46  95  120 
(Length: 3)  32  67  98 
(Length: 4)  32  67  87  141 
(Length: 4)  32  37  67  141 
(Length: 4)  32  48  107  122 
(Length: 3)  32  37  58 
(Length: 4)  32  58  89  101 
(Length: 4)  32  47  69  140 
(Length: 3)  32  46  67 
(Length: 4)  32  46  95  113 
(Length: 3)  32  45  113 
(Length: 3)  32  87  101 
(Length: 3)  32  95  122 
(Length: 3)  32  39  67 
(Length: 3)  32  69  129 
(Length: 3)  32  122  140 
(Length: 4)  33  129  143  144 
(Length: 4)  33  118  129  145 
(Length: 4)  33  129  144  146 
(Length: 4)  33  42  63  132 
(Length: 4)  33  87  101  125 
(Length: 4)  33  87  125  149 
(Length: 4)  33  43  129  143 
(Length: 3)  33  77  132 
(Length: 3)  33  43  149 
(Length: 4)  33  77  87  143 
(Length: 3)  33  44  100 
(Length: 3)  33  89  145 
(Length: 3)  33  89  101 
(Length: 4)  33  118  129  144 
(Length: 4)  33  44  87  149 
(Length: 5)  33  77  115  116  118 
(Length: 3)  33  100  115 
(Length: 3)  33  43  136 
(Length: 3)  33  44  116 
(Length: 3)  33  89  136 
(Length: 3)  33  146  149 
(Length: 3)  33  87  145 
(Length: 4)  33  44  132  144 
(Length: 3)  33  42  143 
(Length: 4)  34  88  93  109 
(Length: 3)  34  118  122 
(Length: 3)  34  109  122 
(Length: 4)  34  93  118  145 
(Length: 3)  34  35  122 
(Length: 4)  34  88  104  109 
(Length: 3)  34  35  103 
(Length: 4)  34  78  128  145 
(Length: 4)  34  103  106  118 
(Length: 4)  34  58  109  131 
(Length: 4)  34  58  128  131 
(Length: 4)  34  54  55  128 
(Length: 4)  34  55  104  109 
(Length: 4)  34  54  88  106 
(Length: 3)  34  78  106 
(Length: 3)  34  103  127 
(Length: 4)  34  78  83  109 
(Length: 4)  34  35  75  83 
(Length: 4)  34  58  103  128 
(Length: 3)  35  49  103 
(Length: 3)  35  71  139 
(Length: 3)  35  119  142 
(Length: 3)  35  70  122 
(Length: 4)  35  75  99  137 
(Length: 3)  35  89  124 
(Length: 3)  35  124  137 
(Length: 4)  35  103  137  139 
(Length: 4)  35  70  74  119 
(Length: 3)  35  71  119 
(Length: 3)  35  75  119 
(Length: 3)  35  89  142 
(Length: 3)  35  103  105 
(Length: 4)  35  71  108  138 
(Length: 3)  35  71  124 
(Length: 3)  35  114  122 
(Length: 3)  35  49  98 
(Length: 4)  35  57  83  98 
(Length: 3)  35  89  114 
(Length: 3)  35  49  124 
(Length: 3)  35  105  122 
(Length: 3)  35  49  138 
(Length: 3)  35  105  142 
(Length: 3)  35  98  119 
(Length: 3)  36  120  142 
(Length: 3)  36  87  145 
(Length: 4)  36  40  120  147 
(Length: 4)  36  38  82  87 
(Length: 3)  36  60  142 
(Length: 3)  36  38  142 
(Length: 4)  36  78  82  147 
(Length: 4)  36  40  75  120 
(Length: 4)  36  78  106  147 
(Length: 4)  36  38  51  87 
(Length: 3)  36  38  132 
(Length: 3)  36  38  91 
(Length: 4)  36  106  132  147 
(Length: 3)  36  142  145 
(Length: 4)  36  78  145  147 
(Length: 4)  36  51  87  101 
(Length: 3)  36  91  120 
(Length: 4)  36  40  51  147 
(Length: 4)  36  88  106  142 
(Length: 4)  36  87  88  106 
(Length: 4)  36  82  87  88 
(Length: 3)  37  109  112 
(Length: 3)  37  104  109 
(Length: 4)  37  50  67  112 
(Length: 4)  37  50  67  141 
(Length: 4)  37  60  64  112 
(Length: 4)  37  51  83  109 
(Length: 3)  37  50  85 
(Length: 3)  37  83  118 
(Length: 4)  37  64  67  112 
(Length: 4)  37  50  60  112 
(Length: 3)  37  58  109 
(Length: 4)  37  50  118  141 
(Length: 3)  37  45  51 
(Length: 4)  37  45  64  112 
(Length: 4)  37  50  58  60 
(Length: 3)  38  82  148 
(Length: 4)  38  75  112  121 
(Length: 3)  38  96  149 
(Length: 5)  38  44  87  107  149 
(Length: 4)  38  87  112  149 
(Length: 4)  38  44  121  132 
(Length: 4)  38  96  135  148 
(Length: 3)  38  69  112 
(Length: 3)  38  69  91 
(Length: 3)  38  69  148 
(Length: 4)  38  44  107  135 
(Length: 3)  38  51  121 
(Length: 4)  38  82  87  107 
(Length: 4)  38  51  87  107 
(Length: 3)  38  44  90 
(Length: 3)  38  44  94 
(Length: 3)  38  85  94 
(Length: 3)  38  94  148 
(Length: 3)  39  96  140 
(Length: 3)  39  78  149 
(Length: 4)  39  102  103  137 
(Length: 3)  39  96  149 
(Length: 3)  39  89  102 
(Length: 3)  39  40  42 
(Length: 3)  39  103  118 
(Length: 3)  39  103  105 
(Length: 3)  39  70  140 
(Length: 3)  39  90  140 
(Length: 3)  39  70  84 
(Length: 3)  39  94  105 
(Length: 3)  39  67  123 
(Length: 4)  39  102  132  140 
(Length: 3)  39  42  89 
(Length: 3)  39  67  149 
(Length: 3)  39  42  96 
(Length: 3)  39  81  118 
(Length: 3)  39  137  149 
(Length: 3)  39  81  110 
(Length: 3)  39  40  118 
(Length: 3)  39  110  133 
(Length: 3)  39  70  123 
(Length: 3)  39  78  102 
(Length: 3)  39  42  132 
(Length: 3)  39  42  133 
(Length: 3)  39  40  67 
(Length: 3)  39  118  133 
(Length: 3)  40  51  92 
(Length: 3)  40  116  130 
(Length: 4)  40  66  117  120 
(Length: 4)  40  51  66  147 
(Length: 3)  40  116  120 
(Length: 3)  40  51  143 
(Length: 3)  40  98  125 
(Length: 3)  40  116  118 
(Length: 3)  40  118  141 
(Length: 5)  40  66  120  125  147 
(Length: 3)  40  67  143 
(Length: 3)  40  67  141 
(Length: 3)  40  67  98 
(Length: 3)  40  74  120 
(Length: 3)  40  42  143 
(Length: 4)  40  51  66  117 
(Length: 3)  40  74  118 
(Length: 3)  41  98  135 
(Length: 3)  41  63  135 
(Length: 3)  41  133  135 
(Length: 3)  41  118  133 
(Length: 3)  41  104  126 
(Length: 3)  41  77  132 
(Length: 3)  41  77  118 
(Length: 3)  41  58  135 
(Length: 3)  41  63  127 
(Length: 4)  41  77  135  143 
(Length: 3)  41  63  132 
(Length: 3)  42  48  63 
(Length: 4)  42  60  142  143 
(Length: 3)  42  48  122 
(Length: 4)  42  60  122  133 
(Length: 4)  42  54  97  128 
(Length: 3)  42  48  91 
(Length: 4)  42  48  96  148 
(Length: 3)  42  57  128 
(Length: 4)  42  60  122  134 
(Length: 4)  42  60  133  142 
(Length: 4)  42  89  128  142 
(Length: 4)  42  54  91  128 
(Length: 3)  42  54  132 
(Length: 3)  42  97  133 
(Length: 3)  42  97  148 
(Length: 3)  43  46  134 
(Length: 4)  43  49  68  129 
(Length: 4)  43  49  53  134 
(Length: 3)  43  49  136 
(Length: 3)  43  49  113 
(Length: 3)  43  46  113 
(Length: 4)  43  49  53  68 
(Length: 3)  43  134  149 
(Length: 4)  44  48  107  117 
(Length: 4)  44  132  138  144 
(Length: 3)  44  73  123 
(Length: 4)  44  46  52  140 
(Length: 4)  44  113  138  144 
(Length: 4)  44  73  107  135 
(Length: 3)  44  67  68 
(Length: 4)  44  46  95  113 
(Length: 4)  44  46  117  120 
(Length: 5)  44  52  67  87  149 
(Length: 4)  44  46  113  117 
(Length: 4)  44  68  97  120 
(Length: 4)  44  46  67  123 
(Length: 4)  44  97  120  135 
(Length: 3)  44  135  139 
(Length: 4)  44  52  132  144 
(Length: 4)  44  46  120  123 
(Length: 3)  44  68  130 
(Length: 5)  44  52  87  107  149 
(Length: 4)  44  48  52  144 
(Length: 4)  44  73  87  107 
(Length: 4)  44  52  132  140 
(Length: 4)  44  52  116  130 
(Length: 4)  44  46  52  67 
(Length: 5)  44  46  52  100  120 
(Length: 4)  44  46  113  116 
(Length: 5)  44  46  52  116  120 
(Length: 4)  44  73  95  113 
(Length: 4)  44  46  94  95 
(Length: 3)  44  74  87 
(Length: 4)  44  90  97  140 
(Length: 4)  44  46  52  94 
(Length: 4)  44  97  135  140 
(Length: 4)  44  97  116  120 
(Length: 5)  44  48  52  87  107 
(Length: 4)  44  113  116  130 
(Length: 3)  44  97  149 
(Length: 4)  44  74  120  135 
(Length: 4)  44  100  120  135 
(Length: 3)  44  121  139 
(Length: 4)  44  113  116  138 
(Length: 4)  44  90  97  116 
(Length: 4)  44  46  95  120 
(Length: 4)  45  51  101  117 
(Length: 4)  45  73  77  112 
(Length: 3)  45  61  82 
(Length: 4)  45  73  77  135 
(Length: 3)  45  73  113 
(Length: 4)  45  94  101  112 
(Length: 4)  45  70  120  135 
(Length: 3)  45  82  84 
(Length: 3)  45  136  148 
(Length: 3)  45  113  148 
(Length: 3)  45  57  100 
(Length: 4)  45  84  121  136 
(Length: 4)  45  70  84  120 
(Length: 3)  45  64  100 
(Length: 3)  45  117  136 
(Length: 5)  45  94  101  127  148 
(Length: 4)  45  77  120  135 
(Length: 4)  45  51  84  121 
(Length: 4)  45  51  113  117 
(Length: 3)  45  112  121 
(Length: 4)  45  64  84  113 
(Length: 4)  45  57  77  112 
(Length: 4)  45  97  120  135 
(Length: 4)  45  100  120  135 
(Length: 4)  45  70  135  148 
(Length: 4)  45  97  127  148 
(Length: 4)  45  97  135  148 
(Length: 3)  45  82  148 
(Length: 3)  45  61  136 
(Length: 3)  45  64  97 
(Length: 3)  46  94  134 
(Length: 3)  46  117  124 
(Length: 3)  46  124  134 
(Length: 3)  46  72  124 
(Length: 3)  46  72  116 
(Length: 4)  46  95  124  128 
(Length: 3)  46  69  134 
(Length: 5)  46  52  116  120  128 
(Length: 4)  46  100  114  120 
(Length: 4)  46  52  67  84 
(Length: 4)  46  124  128  137 
(Length: 4)  46  100  115  120 
(Length: 4)  46  95  120  128 
(Length: 4)  46  114  116  120 
(Length: 3)  46  65  137 
(Length: 4)  46  65  120  123 
(Length: 5)  46  115  116  120  128 
(Length: 3)  46  123  134 
(Length: 4)  46  84  114  120 
(Length: 4)  46  52  84  120 
(Length: 3)  46  69  100 
(Length: 4)  46  78  95  128 
(Length: 4)  46  84  95  113 
(Length: 4)  46  84  95  120 
(Length: 3)  46  69  104 
(Length: 3)  46  114  134 
(Length: 4)  47  69  103  148 
(Length: 3)  47  52  140 
(Length: 3)  47  52  94 
(Length: 3)  47  52  87 
(Length: 3)  47  52  84 
(Length: 3)  47  94  148 
(Length: 4)  47  87  103  125 
(Length: 4)  47  123  136  148 
(Length: 4)  47  84  121  136 
(Length: 4)  47  69  140  148 
(Length: 4)  47  97  140  148 
(Length: 5)  48  64  87  111  114 
(Length: 4)  48  63  107  114 
(Length: 4)  48  70  122  144 
(Length: 4)  48  111  114  122 
(Length: 3)  48  92  107 
(Length: 3)  48  92  96 
(Length: 3)  48  85  117 
(Length: 3)  48  117  129 
(Length: 3)  48  70  148 
(Length: 3)  48  129  144 
(Length: 4)  48  87  107  114 
(Length: 4)  48  52  64  87 
(Length: 4)  48  52  63  107 
(Length: 4)  48  107  114  122 
(Length: 3)  48  111  129 
(Length: 4)  48  52  64  144 
(Length: 4)  49  66  113  117 
(Length: 4)  49  76  87  111 
(Length: 3)  49  68  103 
(Length: 3)  49  67  136 
(Length: 4)  49  66  93  138 
(Length: 4)  49  77  87  112 
(Length: 4)  49  53  58  135 
(Length: 4)  49  67  68  98 
(Length: 4)  49  87  103  112 
(Length: 4)  49  93  112  134 
(Length: 3)  49  136  148 
(Length: 4)  49  66  117  120 
(Length: 4)  49  58  103  125 
(Length: 4)  49  77  120  135 
(Length: 4)  49  77  115  120 
(Length: 4)  49  67  87  112 
(Length: 3)  49  98  135 
(Length: 4)  49  93  135  148 
(Length: 4)  49  66  120  125 
(Length: 3)  49  98  134 
(Length: 3)  49  98  125 
(Length: 3)  49  113  148 
(Length: 3)  49  94  115 
(Length: 3)  49  103  148 
(Length: 4)  49  76  117  129 
(Length: 4)  49  94  112  134 
(Length: 3)  49  117  136 
(Length: 3)  49  94  148 
(Length: 4)  49  66  117  124 
(Length: 4)  49  66  113  138 
(Length: 4)  49  76  111  129 
(Length: 4)  49  112  124  134 
(Length: 3)  49  58  124 
(Length: 4)  49  87  103  125 
(Length: 3)  50  114  132 
(Length: 4)  50  58  89  101 
(Length: 4)  50  75  101  112 
(Length: 4)  50  58  101  125 
(Length: 3)  50  91  125 
(Length: 3)  50  67  143 
(Length: 3)  50  53  58 
(Length: 3)  50  53  114 
(Length: 3)  50  61  114 
(Length: 3)  50  61  125 
(Length: 3)  50  118  129 
(Length: 3)  50  118  133 
(Length: 4)  50  61  129  143 
(Length: 4)  50  60  114  133 
(Length: 3)  50  53  143 
(Length: 3)  50  89  114 
(Length: 3)  50  60  143 
(Length: 3)  50  89  147 
(Length: 3)  50  85  101 
(Length: 3)  51  128  147 
(Length: 4)  51  79  83  109 
(Length: 3)  51  66  93 
(Length: 3)  51  83  113 
(Length: 4)  51  87  109  131 
(Length: 4)  51  87  128  131 
(Length: 3)  51  92  107 
(Length: 3)  51  95  128 
(Length: 4)  51  66  101  117 
(Length: 3)  51  87  143 
(Length: 4)  51  87  107  109 
(Length: 4)  51  87  111  131 
(Length: 4)  51  66  113  117 
(Length: 3)  51  107  117 
(Length: 4)  51  83  111  133 
(Length: 4)  51  109  122  133 
(Length: 4)  51  79  109  131 
(Length: 4)  51  95  109  122 
(Length: 4)  51  84  95  113 
(Length: 4)  51  93  109  110 
(Length: 4)  51  66  79  131 
(Length: 4)  51  79  95  109 
(Length: 4)  51  107  109  122 
(Length: 4)  51  83  109  133 
(Length: 4)  52  64  67  84 
(Length: 4)  52  53  84  141 
(Length: 4)  52  67  84  141 
(Length: 3)  52  53  58 
(Length: 6)  52  64  67  87  112  149 
(Length: 3)  52  64  116 
(Length: 3)  52  71  107 
(Length: 5)  52  60  64  112  149 
(Length: 3)  52  67  71 
(Length: 3)  52  112  130 
(Length: 4)  52  55  87  128 
(Length: 3)  52  55  100 
(Length: 3)  52  58  79 
(Length: 3)  52  57  112 
(Length: 3)  52  87  88 
(Length: 3)  52  64  100 
(Length: 3)  52  57  100 
(Length: 4)  52  99  132  144 
(Length: 3)  52  99  130 
(Length: 3)  52  127  149 
(Length: 3)  52  63  132 
(Length: 4)  52  63  94  127 
(Length: 5)  52  55  67  87  112 
(Length: 3)  52  127  144 
(Length: 3)  52  58  140 
(Length: 3)  52  127  140 
(Length: 4)  52  64  79  149 
(Length: 3)  52  100  141 
(Length: 3)  52  58  128 
(Length: 5)  52  67  87  141  149 
(Length: 3)  52  58  107 
(Length: 4)  52  63  94  112 
(Length: 3)  53  83  109 
(Length: 4)  53  84  121  141 
(Length: 3)  53  88  134 
(Length: 4)  53  56  88  104 
(Length: 3)  53  109  110 
(Length: 3)  53  110  141 
(Length: 4)  53  88  104  109 
(Length: 3)  53  68  83 
(Length: 3)  53  58  109 
(Length: 3)  53  114  134 
(Length: 4)  53  114  135  145 
(Length: 3)  53  104  143 
(Length: 3)  53  81  110 
(Length: 3)  53  57  83 
(Length: 3)  53  135  143 
(Length: 3)  53  56  84 
(Length: 3)  53  118  134 
(Length: 3)  53  118  145 
(Length: 3)  53  84  114 
(Length: 3)  53  57  81 
(Length: 4)  54  68  97  98 
(Length: 3)  54  100  147 
(Length: 3)  54  79  95 
(Length: 3)  54  84  141 
(Length: 4)  54  84  95  136 
(Length: 3)  54  100  141 
(Length: 4)  54  84  95  113 
(Length: 3)  54  91  125 
(Length: 3)  54  98  100 
(Length: 3)  54  88  129 
(Length: 3)  54  106  136 
(Length: 4)  54  84  85  95 
(Length: 4)  54  106  132  147 
(Length: 3)  54  55  100 
(Length: 3)  54  68  129 
(Length: 4)  54  85  95  128 
(Length: 3)  55  142  143 
(Length: 4)  55  89  128  142 
(Length: 4)  55  110  133  138 
(Length: 4)  55  87  101  112 
(Length: 5)  55  61  87  104  143 
(Length: 4)  55  89  124  128 
(Length: 3)  55  89  114 
(Length: 4)  55  74  87  128 
(Length: 3)  55  70  74 
(Length: 4)  55  67  87  143 
(Length: 4)  55  109  110  133 
(Length: 4)  55  61  104  138 
(Length: 3)  55  89  101 
(Length: 3)  55  114  133 
(Length: 4)  55  61  87  128 
(Length: 3)  55  100  114 
(Length: 4)  55  87  104  109 
(Length: 4)  55  87  109  112 
(Length: 4)  55  61  128  138 
(Length: 4)  55  61  87  114 
(Length: 4)  55  74  87  109 
(Length: 3)  55  70  143 
(Length: 3)  56  65  123 
(Length: 4)  56  64  67  84 
(Length: 3)  56  75  112 
(Length: 3)  56  67  123 
(Length: 4)  56  64  67  112 
(Length: 3)  56  61  123 
(Length: 3)  56  61  104 
(Length: 3)  56  75  99 
(Length: 3)  57  81  98 
(Length: 3)  57  95  112 
(Length: 3)  57  98  100 
(Length: 4)  57  85  95  128 
(Length: 3)  57  83  90 
(Length: 4)  58  79  109  131 
(Length: 4)  58  89  124  128 
(Length: 3)  58  107  135 
(Length: 3)  58  135  140 
(Length: 3)  58  107  109 
(Length: 3)  58  79  124 
(Length: 4)  58  80  103  128 
(Length: 3)  59  80  103 
(Length: 3)  59  80  86 
(Length: 4)  59  76  86  130 
(Length: 4)  59  64  87  103 
(Length: 3)  59  78  145 
(Length: 3)  59  85  86 
(Length: 3)  59  101  130 
(Length: 4)  59  76  86  87 
(Length: 4)  59  87  101  103 
(Length: 3)  59  87  145 
(Length: 4)  59  64  86  87 
(Length: 3)  60  95  112 
(Length: 3)  60  68  142 
(Length: 5)  60  64  111  114  134 
(Length: 5)  60  64  112  134  149 
(Length: 3)  60  95  122 
(Length: 4)  60  122  134  149 
(Length: 3)  60  64  113 
(Length: 5)  60  111  114  122  134 
(Length: 3)  60  95  113 
(Length: 5)  60  111  114  122  133 
(Length: 3)  61  63  102 
(Length: 3)  61  82  87 
(Length: 3)  61  102  125 
(Length: 4)  61  108  123  136 
(Length: 4)  61  98  123  134 
(Length: 3)  61  63  114 
(Length: 3)  61  78  128 
(Length: 4)  61  78  82  102 
(Length: 3)  61  114  134 
(Length: 4)  61  108  123  134 
(Length: 3)  61  108  138 
(Length: 3)  62  94  137 
(Length: 3)  62  127  144 
(Length: 5)  62  94  101  127  148 
(Length: 3)  62  137  139 
(Length: 3)  62  69  83 
(Length: 3)  62  102  137 
(Length: 3)  62  123  148 
(Length: 4)  62  69  127  148 
(Length: 3)  62  69  139 
(Length: 4)  62  101  102  127 
(Length: 4)  63  107  114  135 
(Length: 3)  63  135  139 
(Length: 3)  63  102  127 
(Length: 3)  63  102  132 
(Length: 3)  63  114  132 
(Length: 4)  64  72  97  116 
(Length: 3)  64  113  116 
(Length: 3)  64  97  149 
(Length: 4)  64  97  111  114 
(Length: 3)  64  100  114 
(Length: 4)  64  69  112  134 
(Length: 3)  64  84  114 
(Length: 4)  64  69  103  112 
(Length: 4)  64  97  114  116 
(Length: 3)  64  103  116 
(Length: 4)  64  87  103  112 
(Length: 4)  64  86  113  144 
(Length: 4)  65  120  123  147 
(Length: 3)  65  105  111 
(Length: 3)  65  82  147 
(Length: 3)  65  131  136 
(Length: 3)  65  82  105 
(Length: 3)  65  66  131 
(Length: 3)  65  111  131 
(Length: 5)  65  66  120  125  147 
(Length: 3)  66  124  147 
(Length: 3)  66  101  125 
(Length: 3)  66  133  138 
(Length: 3)  66  124  133 
(Length: 3)  66  91  138 
(Length: 4)  66  80  120  125 
(Length: 4)  66  71  80  125 
(Length: 3)  66  71  124 
(Length: 3)  66  79  124 
(Length: 3)  66  101  127 
(Length: 4)  66  91  120  125 
(Length: 3)  67  98  123 
(Length: 3)  67  123  136 
(Length: 3)  68  105  142 
(Length: 3)  68  103  105 
(Length: 3)  68  83  98 
(Length: 4)  69  93  112  134 
(Length: 4)  69  71  109  119 
(Length: 4)  69  86  119  127 
(Length: 3)  69  93  100 
(Length: 3)  69  103  139 
(Length: 3)  69  73  81 
(Length: 4)  69  71  109  139 
(Length: 4)  69  127  140  148 
(Length: 4)  69  73  109  112 
(Length: 4)  69  73  103  112 
(Length: 3)  69  83  109 
(Length: 4)  69  103  127  148 
(Length: 4)  69  119  127  140 
(Length: 4)  69  104  109  119 
(Length: 4)  69  93  109  112 
(Length: 3)  69  93  148 
(Length: 3)  70  123  148 
(Length: 4)  70  74  120  135 
(Length: 4)  70  135  140  143 
(Length: 3)  70  143  144 
(Length: 3)  70  119  140 
(Length: 4)  70  120  123  147 
(Length: 4)  70  135  140  148 
(Length: 3)  71  136  139 
(Length: 3)  71  92  107 
(Length: 3)  71  111  139 
(Length: 4)  71  82  107  109 
(Length: 3)  71  92  139 
(Length: 3)  71  80  108 
(Length: 4)  71  80  109  119 
(Length: 4)  71  82  109  119 
(Length: 3)  71  119  136 
(Length: 3)  72  101  127 
(Length: 4)  72  97  127  140 
(Length: 3)  72  96  116 
(Length: 3)  73  107  118 
(Length: 3)  73  81  118 
(Length: 4)  73  87  107  114 
(Length: 3)  73  81  114 
(Length: 3)  73  103  118 
(Length: 3)  73  113  118 
(Length: 4)  73  87  103  112 
(Length: 4)  73  87  107  109 
(Length: 4)  73  95  109  112 
(Length: 5)  73  77  87  109  112 
(Length: 3)  73  77  118 
(Length: 4)  73  107  114  135 
(Length: 3)  74  119  146 
(Length: 3)  74  77  118 
(Length: 4)  74  80  120  128 
(Length: 5)  74  77  87  109  119 
(Length: 4)  74  77  120  135 
(Length: 3)  74  80  118 
(Length: 4)  74  92  135  146 
(Length: 4)  74  93  118  134 
(Length: 3)  74  93  135 
(Length: 4)  74  80  109  119 
(Length: 5)  74  82  87  109  119 
(Length: 3)  74  93  109 
(Length: 4)  75  76  99  137 
(Length: 3)  75  97  99 
(Length: 3)  75  119  121 
(Length: 3)  75  97  119 
(Length: 3)  75  97  120 
(Length: 3)  76  99  132 
(Length: 4)  76  84  102  132 
(Length: 3)  76  102  137 
(Length: 3)  76  105  111 
(Length: 3)  76  99  130 
(Length: 3)  76  86  117 
(Length: 3)  77  118  141 
(Length: 4)  77  115  116  120 
(Length: 5)  78  82  102  109  119 
(Length: 3)  78  106  149 
(Length: 3)  78  95  109 
(Length: 3)  78  119  145 
(Length: 4)  78  82  102  147 
(Length: 4)  78  128  145  147 
(Length: 3)  79  95  124 
(Length: 3)  80  106  108 
(Length: 3)  80  86  128 
(Length: 3)  80  120  123 
(Length: 3)  80  108  123 
(Length: 3)  80  123  148 
(Length: 3)  80  86  119 
(Length: 4)  80  103  106  118 
(Length: 3)  80  119  121 
(Length: 3)  81  98  131 
(Length: 3)  81  116  118 
(Length: 3)  81  114  116 
(Length: 4)  82  87  107  109 
(Length: 3)  82  84  102 
(Length: 3)  82  89  107 
(Length: 3)  82  105  107 
(Length: 4)  82  87  88  109 
(Length: 4)  82  89  102  147 
(Length: 4)  83  113  116  118 
(Length: 3)  83  98  109 
(Length: 3)  83  118  133 
(Length: 3)  83  90  116 
(Length: 3)  84  121  132 
(Length: 3)  84  114  132 
(Length: 3)  84  120  142 
(Length: 3)  84  85  126 
(Length: 3)  84  141  142 
(Length: 3)  84  114  136 
(Length: 3)  85  101  126 
(Length: 3)  85  101  117 
(Length: 3)  85  86  117 
(Length: 3)  85  94  101 
(Length: 3)  85  86  128 
(Length: 3)  85  94  95 
(Length: 3)  86  98  119 
(Length: 3)  86  113  130 
(Length: 3)  86  117  124 
(Length: 3)  86  127  144 
(Length: 3)  86  87  128 
(Length: 3)  86  87  119 
(Length: 3)  86  87  107 
(Length: 3)  86  110  144 
(Length: 3)  86  89  107 
(Length: 4)  86  89  124  128 
(Length: 3)  86  107  117 
(Length: 3)  86  113  117 
(Length: 3)  87  103  106 
(Length: 4)  87  137  141  149 
(Length: 4)  87  125  137  149 
(Length: 4)  87  103  128  137 
(Length: 3)  87  114  145 
(Length: 4)  87  107  137  149 
(Length: 3)  87  104  126 
(Length: 4)  87  109  112  131 
(Length: 4)  87  88  104  109 
(Length: 3)  87  119  145 
(Length: 4)  87  104  107  109 
(Length: 4)  87  106  107  114 
(Length: 4)  87  104  109  119 
(Length: 4)  87  101  103  112 
(Length: 4)  87  106  107  149 
(Length: 3)  88  93  134 
(Length: 3)  88  106  134 
(Length: 3)  89  107  114 
(Length: 3)  89  114  145 
(Length: 4)  89  128  142  145 
(Length: 4)  89  124  128  147 
(Length: 4)  89  102  124  147 
(Length: 3)  89  114  136 
(Length: 3)  89  101  102 
(Length: 4)  89  128  145  147 
(Length: 4)  90  97  119  140 
(Length: 3)  91  128  137 
(Length: 3)  91  128  138 
(Length: 3)  91  110  138 
(Length: 3)  91  120  128 
(Length: 3)  92  96  135 
(Length: 3)  92  107  135 
(Length: 3)  92  135  139 
(Length: 3)  92  102  103 
(Length: 3)  93  110  138 
(Length: 3)  93  100  135 
(Length: 3)  94  95  112 
(Length: 3)  95  112  124 
(Length: 4)  96  135  140  148 
(Length: 4)  97  127  140  148 
(Length: 3)  97  119  145 
(Length: 4)  97  111  114  133 
(Length: 4)  97  114  116  120 
(Length: 4)  97  116  120  128 
(Length: 4)  97  114  120  135 
(Length: 3)  97  99  126 
(Length: 3)  97  98  119 
(Length: 4)  97  99  135  145 
(Length: 4)  97  114  135  145 
(Length: 4)  97  119  127  140 
(Length: 3)  97  127  149 
(Length: 4)  97  114  133  135 
(Length: 4)  97  135  140  148 
(Length: 3)  98  100  135 
(Length: 3)  98  109  119 
(Length: 3)  98  109  131 
(Length: 3)  99  126  130 
(Length: 3)  99  135  137 
(Length: 4)  100  114  120  135 
(Length: 4)  100  115  120  147 
(Length: 4)  101  102  103  125 
(Length: 3)  101  112  130 
(Length: 4)  101  102  103  127 
(Length: 4)  101  103  127  148 
(Length: 3)  102  124  137 
(Length: 4)  102  103  125  137 
(Length: 4)  102  119  127  140 
(Length: 3)  103  116  128 
(Length: 4)  103  106  116  118 
(Length: 4)  104  132  138  144 
(Length: 3)  104  143  144 
(Length: 3)  104  109  144 
(Length: 3)  105  111  122 
(Length: 3)  105  107  122 
(Length: 3)  106  107  118 
(Length: 3)  106  114  134 
(Length: 3)  106  108  134 
(Length: 3)  106  134  149 
(Length: 3)  106  118  142 
(Length: 3)  106  108  116 
(Length: 3)  106  108  136 
(Length: 3)  106  114  136 
(Length: 3)  106  114  116 
(Length: 3)  106  114  132 
(Length: 3)  106  118  134 
(Length: 3)  106  134  147 
(Length: 3)  107  122  149 
(Length: 3)  107  118  122 
(Length: 3)  107  115  118 
(Length: 3)  107  135  137 
(Length: 3)  108  116  138 
(Length: 3)  109  110  144 
(Length: 3)  109  122  144 
(Length: 3)  110  138  144 
(Length: 3)  111  133  139 
(Length: 3)  113  118  144 
(Length: 4)  115  120  128  147 
(Length: 3)  116  128  138 
(Length: 3)  118  141  142 
(Length: 3)  118  122  144 
(Length: 3)  118  122  134 
(Length: 3)  118  142  145 
(Length: 3)  118  133  142 
(Length: 3)  118  122  133 
(Length: 3)  119  121  136 
(Length: 3)  119  142  145 
(Length: 3)  121  136  139 
(Length: 3)  123  134  147 
(Length: 3)  124  134  147 
(Length: 3)  124  126  128 
(Length: 3)  133  135  139 
(Length: 3)  135  137  139 
...model cost: 1.74 seconds  48625 FFE
 (opt) 670.00000000 == 670.00000000 (sur)  OPTIMALITY TEST PASSED!
   BESTimpr 583.00000000 -> 648.00000000
***11*1*1111**11***11****11*****1*11***1*1*1****11**11*11*************1********1**11***1*11**111**1****1111******1*****11****1*11****1*11**1**11****11

   BESTimpr 648.00000000 -> 652.00000000
*1******1*1*****1*1**1*1*1*1*1*1***1*11**1*1*11****11*1*1*11*1***1**1***1**11**11*111*11111**11111111111**1******1111*11****111*1111*************11*11

   BESTimpr 652.00000000 -> 653.00000000
11*1*1***111*1***111**1*111**1*1111*1*1*11*****11111*1111*****1**11*1*11*1*111***11**11**1**11***1****11***1**1***1***1***1111111**11*111*1*1*1*1*111*

