Walsh model started...
 16  42  10  48  57  98  50  77  40  84  116  24  36  118  133  89  90  5  108  68 
 25  18  133  20  19  89  13  62  123  141  47  43  66  119  39  73  103  87  93  72  26  48 
 115  108  10  113  16  123  31  51  105  136  72  149  127  141  22  95  130  52  88  53  34  29  109 
 138  59  128  122  41  62  10  44  37  113 
 58  23  134  89  104  52  56  139  133  126  132  109  17  8  15  128 
 145  104  8  86  38  19  66  83  22  108  58  54  147  116  123  0  34  92 
 7  38  145  24  32  20  133  143  119  52  76  144 
 89  78  125  103  38  6  57  59  110  41  39  135  116  119  138  140  149  51  88 
 40  149  5  86  45  120  26  116  103  107  111  66  92  56  101  24  38  10  119  65  72  129  15  4  110  126  135 
 100  105  90  111  118  93  66  11  119  22  62  128  80  94  63  127  57  77  109  69  65  137 
 0  48  2  113  25  143  44  35  87  62  133  140  72  99  38  8  3  33  40  34  114  119  63  36  64  96  19  144 
 19  45  69  37  83  98  33  66  9  48  38  58  81  31  17  105 
 104  147  19  120  141  41  17  13  110  107  48  52  124  149  126  76  72  60  20  25  84  63  132  24  83  112 
 122  109  114  41  101  88  18  116  100  57  143  107  99  52  12  110  64  87  1  62  28  61  79  128  39  16  51  23  67  72  90  47  135  84 
 37  100  99  86  116  94  138  26  42  23  96  65  18  145  27  34  119  17  78  59  123 
 38  108  93  110  68  123  114  24  145  30  61  34  124  55  148  8  4  63  70  52  65 
 42  0  17  100  147  19  90  101  81  59  37  130  2  123  18  75  21  22  93  20  92  109  13  51  133 
 112  36  100  16  32  77  41  12  54  21  138  123  38  68  134  4  75  67  87  143  43  144  60  53  110  96  46  115  14  78  129  103  11  105 
 57  87  25  1  116  70  112  140  44  126  98  139  13  146  63  122  16  75  145  14  42  119  128  132  81 
 11  45  120  12  16  147  33  117  23  38  5  57  1  89  106  40  59  127  50  129  10  144 
 134  97  135  110  66  139  1  133  80  85  41  100  122  147  93  16  140  31  116  36  32  6  60  12  113  25  83  104  103  73 
 74  113  89  145  108  136  72  98  143  39  54  17  22  16  37  59  70  125  68  103  33  142  26  116  30  76  99  25  84  139 
 87  132  149  116  43  65  21  16  41  103  2  95  9  119  5  108  82  137 
 45  138  58  4  91  143  117  19  71  120  42  14  40  112  67  13  25  73 
 58  56  51  102  73  43  117  90  143  136  107  37  38  129  59  128  101  8  15  145  103  29  6  82  53  116  0  63  89  12  30  127  125  135  99  131  149 
 18  1  146  103  10  143  77  74  131  93  147  82  50  67  12  84  20  113  119  23  73  21  99 
 138  14  112  123  8  116  73  119  37  121  27  85  142  21  87  70  102  1  48 
 90  102  45  121  92  48  26  85  14  34  74  31  69  87  63  128  39  131 
 143  68  89  58  124  147  120  57  86  74  13  61  117  33  148  94 
 122  98  113  137  24  103  55  76  47  109  2  34  140  61  50 
 32  95  99  35  149  134  118  42  87  148  145  96  147  81  15  61  92  50  101  131  54  130  72  59  41  116  21  74  122  57  79  24  127  103  52 
 2  51  20  140  90  59  33  11  143  126  114  61  27  74  76  55 
 30  95  67  64  17  77  85  92  58  20  6  114  129  54  102  88  144 
 11  19  53  141  37  109  103  21  125  124  44  10  31  84  28  117  64  51  113 
 40  82  66  116  48  114  124  15  148  73  134  142  10  27  14  2  29  5  92 
 99  30  115  46  86  140  10  44  110  131  88  142  89  134  119  84 
 135  77  76  59  112  17  143  113  82  40  48  114  146  141  79  78  57  148  119  116  20  45  73  109  137  147  118  0  75  102  60  103  63  10  90  72 
 69  11  14  100  78  109  85  73  130  16  117  138  24  143  121  26  21  59  61  97  33  142  84  119  98  96  44  113  3  140  87  104 
 108  15  90  43  7  6  57  100  39  67  82  19  5  24  129  48  11  68  17  10  8  59  49  147  95  85  42  101  133  131 
 123  71  7  38  85  56  143  21  149  52  102  91  125  118  13  99  1  66  94  112  27  131  83  100 
 8  149  36  82  34  84  0  119  51  146  23  112  10  106  19  138  132 
 83  81  114  13  17  12  110  7  109  117  20  100  127  76  98  79  3  62  22  103  145  59  30  43  149  77  71  104  97  130  116 
 16  0  115  101  113  116  55  30  87  148  90  96  14  23  18  119  38  85 
 38  90  122  141  73  24  22  65  86  88  78  132  123  58  47  83  64  97  17  144  41  149  1  66  59 
 48  138  70  18  146  89  10  35  55  127  81  90  3  33  91  77  96  37  98  123  140  71  67  74  60  139  137  135  65 
 19  11  23  138  84  62  8  120  126  137  132  96  27  121  103  36  73  81  46  66  118 
 105  106  110  66  115  35  79  117  149  114  57  100  65  141  17  45  81  107  122  147  77 
 122  139  43  58  108  74  1  123  29  109  90  13 
 92  128  44  138  69  135  124  145  0  10  132  91  114  36  117  58  63  27  34  107  12  38  11  125  49  56  75  76  126  121  102  65  84  53  133  55  103  147  136  79  26  1 
 103  85  48  125  59  38  83  89 
 68  85  0  77  30  92  62  149  109  82  127  133  67  25  114  84  129  19  100  29  61  95  145  57  147  112  143 
 24  102  141  127  2  31  103  109  40  146  144  105  7  88  16  13  104  91  113  33  122 
 4  104  99  13  113  85  12  124  2  130  149  39  131  102  103  30  57  71  6  76  15  65 
 71  84  114  93  67  145  120  78  142  149  97  33  141  133  24  82  17  60  77  96  88  2  48  122  54  130  143 
 17  21  116  55  85  77  30  81  5  58  99  129  32  53  122 
 105  96  42  116  111  83  57  113  130  75  54  44  127  146  118  29  76  15  148  133  48  31 
 87  110  58  24  121  135  4  139  129  128  85  39  93  145  75  149  92  8  48  68  96  123  116  147  126  89 
 18  87  84  112  98  0  7  59  100  38  65  149  55  113  13  120  19  28  68  81  36  148  63  118  46  61  30  79  9  77  147  50  71  52 
 24  56  23  4  69  137  89  28  124  129  32  92  43  123  47  117  48  149  119  97  11  81  5  54  88  101  144  64 
 76  36  99  61  7  57  81  16  3  138  67  91  24  128  141  37  21  90  31  30  41  38  49  19  127  149  123  14  43  86  92  106 
 141  127  67  95  20  12  17  53  62  99  138  137  96  70  101  149  74  44  36  103 
 145  79  99  59  140  77  89  65  114  121  134  62  149  123  30  15  37  97  105  71  13  28  31  57  147  84  29  50  120  126 
 135  99  84  45  87  125  10  134  61  3  41  13  1  50  149  119  80  128  111  9  60  100 
 120  125  87  115  138  48  146  18  72  147  68  143  96  118  57  89  24  123  12  132  97  69  127  9  15  70  27  128  99  36  10 
 32  67  148  135  43  83  133  114  130  129  13  87  109  33  58  144  10  96 
 107  115  43  22  57  149  61  89  119  8  14  96  108  98  141  46  48  145  95  140  128  135  44  52  15  9  137 
 20  110  46  11  9  111  8  34  116  5  83  143  131  123  114  100  77  43  1  39  45  118 
 32  64  102  73  103  93  53  145  100  60  95  82  38  59  91  17  75  120  149  50  25  23  13  71  44 
 28  143  15  123  122  133  85  50  114  78  63  57  38  17  21  145  56  96  87  73  113  103  126  81  91  97  147  108  0 
 37  11  48  135  137  58  85  140  101  97  63  71  103  142  87  27  79  75  100  111  9  109 
 116  18  89  146  44  126  137  133  21  125  87  26  128  86  92  60  96  63  15 
 53  84  123  39  118  105  77  82  23  120  115  92  144  76  61  69  103  41  44  67  122  57  52 
 92  86  83  102  63  147  98  21  149  2  99  10  75  104  128  85  130  30  12  76  94  87  107  118  122  129  8  109  1  13  105  135  36  90 
 102  67  43  24  85  37  26  119  148  34  36  45  92  68  87  1  103  25  23  20  101 
 21  113  77  25  93  114  28  86  108  47  30  122  27  31  60  44 
 114  108  83  141  149  56  18  16  130  55  104  72  94  96  17  67  48  36  102  84  127  79  69 
 36  59  109  146  41  127  118  142  55  29  144  71  112  132  12  72  126  48  31  21  6  52 
 135  36  17  32  118  141  140  61  149  50  0  82  71  25  74  136  143  54  85  100  66  44  91  53  96  99  41  57  9  146  121  147  46 
 7  89  109  37  53  120  119  43  132  126  145  130  101  135  114  68  36  79  105  14  17 
 61  145  98  135  123  91  99  117  46  41  36  78  85  130  13  30  57  136  48  75  69  103  147 
 143  135  20  85  89  83  107  81  119  62  9  94  105  117 
 41  83  59  16  105  112  30  147  90  44  57  84  113  99  58  11  80  107  135  128  54  115  126  68  45  46  132  18  137  130 
 90  93  102  134  36  40  67  38  34  77  71  84  136  109  50  24  53  147  25  22  137 
 41  81  98  11  72  102  80  89  55  111  141  75  43  64  66  5  20  104  113  105  12  112  49  100  39 
 53  71  62  45  57  112  137  93  40  0  104  102  119  81  82  136  25  12  33  37  114  50  147  61  48  35  131  98  75  127  135  13  21  139 
 103  49  37  73  123  32  92  80  20  68  50  131  112  137  69  56  39  52  113  54  77  26  27  79  130  72  128  107  110  101  38  42  117  127  111 
 92  72  14  99  8  5  35  140  130  88  43  28  74  94  149  121  116  70  59 
 57  18  56  110  132  22  118  138  30  42  115  63  62  125  10  64  13  17  143  72  94  70  26  68  73  69  142  119  95  27  1  93  139  144  37  104 
 101  13  86  43  142  35  32  102  2  53  7  51  58 
 7  78  70  146  4  134  28  58  124  80  83  44  21  145  61  65  1  19  63  24  35  141  147  90  0  49  126  56 
 38  43  144  119  82  93  27  102  9  111  117  24  107  94  16  101  122  138  124  42  96  81  44  110  59  31  103  91  89  0  13  47  106  36  72 
 133  125  108  116  79  123  23  143  132  48  67  59  102  39  44  77  103  90  97  68  112  119  104  51 
 48  128  86  72  32  85  58  130  56  8  71  115  27  30  50  16  109  73  119  70  59  106  5  34 
 15  110  82  90  103  67  53  114  118  9  84  137  56  145  16  20  74  25  131  87  1  106 
 14  116  95  106  90  107  96  75  72  87  86  149  9  80  39  112  99  146  148  28 
 30  32  106  94  67  60  2  22  147  38  119  87  50  145  65  140 
 55  105  119  139  45  132  145  30  42  90  146  63  94  75  14  65  110  17  77  53  56  68  44  37  60  70  10  64 
 134  20  135  53  120  43  58  106  147  61  37  63  69  91  68  102  103  104  41 
 79  135  118  148  83  11  122  29  57  0  139  18  72  21  41  108  65  119  37  123  44  131  84 
 35  30  62  135  59  61  14  86  118  79  117  52  13  113  81  72  10  54  77  39  60  129  127  146  94  24  63  21  25  105 
 105  9  14  37  17  16  67  145  57  38  13  41  20  127  136  66  77  46  139  117  50  62  69  111  83  39 
 115  42  16  90  88  13  122  114  145  78  135  8  24  131  30  110  140  69  85  58  133  38  60  149  119  73 
 24  51  73  67  82  134  27  90  83  72  133  131  123  144  104  84  91  39  48  121  52  32  88  97  103  142  26  135  36  75 
 67  93  125  7  49  85  123  146  25  142  109  8  107  45  138  51  22  41  24  29  144  108  145  21  33  91  90  68  113  69  71  48  147  135  30  52  73  1  102  97  17  129  122  105  36  60  20  79 
 145  5  147  12  141  4  52  84  102  75  72  128  20  83  97  41  87  37  51  91 
 100  9  55  96  46  106  71  118  112  81  2  136  61  114  78  144  51  130  127  113  83  17  11  103  109  99  80  117  135  72 
 46  105  95  94  142  133  97  147  40  19  90  93  92  59 
 65  115  90  94  103  8  24  143  13  12  48  110  80  81  85  72  128  117  123  112  46  122 
 38  15  75  114  91  116  115  2  21  136  144  103  22  5  65  98  74  47  124  0  68 
 122  13  76  146  78  37  103  142  41  117  119  126  132  4  51  16  92  33  127  82  50  36  141  29  47  64  72  2  105  9  69 
 56  87  15  93  20  66  46  7  41  114  35  131  13  12  107  90  101  17  96  126  8  85 
 9  90  55  83  8  66  62  119  100  69  135  112  117  85 
 36  17  84  57  18  140  26  123  105  81  85  131  76  132  40  23  94  39  107  91  119  83  12  50  143  135  111 
 115  42  21  74  143  36  137  29  10  2  55  57  52  85  81  99  20  25  68  103  37  3  105  83  51  33 
 75  108  13  41  53  93  129  120  15  110  48  36  64  133  146  61  121  101  145  78  68  34  149  46  74  123  66  32  31  119  10  84  50  105  139  136 
 42  101  113  65  107  46  35  108  2  87  63  71  92  81  17 
 129  138  91  108  18  70  142  137  149  22  14  94  26  8  42  55  13  135  7  54  34  66  36  20  24  0  21  30  123  56  146  121  86  124  5  41  130 
 79  99  24  90  109  41  37  138  46  19  23  48  58  127  28  33  100  139  128  107  85  80  105  111 
 98  148  99  30  71  105  9  93  77  141  149  87  138  142  76  146  55  143  132  63  57  122  72  125  39  36  0  45  66 
 90  144  96  139  109  78  73  26  58  149  84  40  9  22  143  36  65  8  92  62  80  111  18  42  7  138  114  10  14  145  37  98  1  25  35  6  87  95  91  112  101 
 19  12  129  114  63  125  45  8  53  78  147  28  97  71  23  57  149  67  61  126  138 
 135  56  45  27  114  61  37  26  48  102  116  86  146  77 
 47  139  13  109  43  141  98  29  133  68  3  128  18  146  90  101  20  147  118  72  74  30  53  54  148  127  140  46  107  103  71  51 
 79  91  85  103  26  112  39  71  15  68  43  58  102  144  16  2  138  17  149  61  1  141  66  114  47  63  143  98  44  59  14  116  56  107  5 
 48  145  28  89  58  129  138  90  34  15  12  52  125  33  116  108 
 91  133  7  103  120  63  62  87  48  49  70  21  33  124  39  118  145  24 
 133  4  18  70  45  137  109  78  149  12  143  31  110  8  76  48  81  68  120  61  56  89 
 141  60  129  149  51  138  41  76  55  44  2  100  136  109  117  50  133  146  99  59  19  148  122  24  30  130  105  63  9  85  75  84 
 48  92  147  146  129  56  3  122  24  59  81  135  72  85  62  13  104  4  9  18  70  117  107  63  27  65  140  130 
 116  138  127  149  58  124  120  114  56  128  24  38  130  64  139  146  72  8  32  54  99  50  19  17  103  131 
 37  16  86  92  145  78  75  55  129  64  85  79  134  146  72  30  2  52  105  127  137  81  41  116  143  53  128 
 133  102  85  112  35  110  25  93  101  30  66  143  52  84  98  129  38  27  39  24  149 
 87  22  45  96  43  78  91  48  109  4  76  112  143  118  12  63  81  18  40  138 
 91  125  1  20  122  68  126  4  102  131  142  106  70  137  64  114  140  10  53  50  127  146  145  6  48  55  101  38  0  16 
 97  20  102  82  4  89  30  149  139  61  62  142  34  17  130  146  35 
 62  99  121  56  80  143  77  36  69  48  147  144  79  98  97  20  148  64  116  7  78  101  81  128  103  8  102  24  84  13  105  72  111  112  65  44 
 24  143  108  21  77  2  105  127  100  82  84  79  48  139  114 
 116  142  69  58  113  29  45  126  85  70  133  84  93  36  147  82  22  138  60  139  44  130  81  65  9 
 44  48  45  23  116  129  14  26  127  3  59  37  117  118  87  103  63  17  123  124  90  119  7  60  137  146  40  132  120  149 
 122  47  4  56  96  119  134  20  98  18  146  129  100  117  137  44  114  136  144  87  84  21 
 18  112  86  35  61  77  20  31  133  10  69  101  149  7  37  44  29  122  65  95  128 
 60  127  12  104  43  122  51  83  75  118  77  149  53  33  59  36  2  1  123  109  65  46  147  89 
 116  137  103  109  149  53  106  133  118  76  134  34  37  26  88  35  21  69  87  102 
 80  135  28  68  113  36  24  136  91  23  10  25  37  107  13  39  21  63  77  119  66  131  132  118  17  87  31  126  123  6  112  50  130  53 
 147  135  90  119  123  102  76  71  103  108  43  17  51  105  139  87  58  64  6  32  19  10 
 5  104  61  79  48  124  53  67  100  21  89  56  93  30  96  78  130  114  101  15  24  6  103  41  68  18  14  119  133  65  125  95  50 
 70  89  76  109  103  25  44  147  128  63  18  114  36  122  118  55  139  129  96  130  134  51  40  127  133  116  138  99  94  121  77 
 104  12  135  144  16  19  120  28  146  128  72  63  30  81  97  106  20  122  25  82  137  36  84  61  48  103  95  38  141  89  5  57  50  68  56  77  46  79 
 118  98  64  135  30  42  34  73  57  36  55  15  127  122  28  94 
 127  129  8  40  30  134  22  116  142  53  65  57  118  141  77  58  119  75  56  61  123  72  2  46  114  12  126  50  62  52  39  120  67  94  86  41  43  140  7  59  60  101  131  24  138 
-->CDecomWalshPart::vInitTrueLinkage-->GLBs: 1768
(Length: 4)  0  5  108  116 
(Length: 3)  0  24  116 
(Length: 4)  0  10  36  40 
(Length: 4)  0  16  42  90 
(Length: 4)  0  10  48  133 
(Length: 3)  0  36  90 
(Length: 4)  0  24  89  90 
(Length: 4)  0  10  36  48 
(Length: 4)  0  50  57  68 
(Length: 3)  0  48  84 
(Length: 3)  0  16  133 
(Length: 3)  0  40  84 
(Length: 5)  0  36  57  77  118 
(Length: 3)  0  42  116 
(Length: 3)  0  98  108 
(Length: 4)  0  57  98  118 
(Length: 4)  0  50  68  133 
(Length: 3)  0  68  108 
(Length: 4)  0  57  84  98 
(Length: 3)  0  36  116 
(Length: 4)  0  50  57  84 
(Length: 4)  0  50  57  77 
(Length: 5)  1  26  73  87  119 
(Length: 3)  1  48  103 
(Length: 4)  1  18  87  119 
(Length: 3)  1  26  123 
(Length: 3)  1  13  39 
(Length: 3)  1  20  66 
(Length: 5)  1  20  25  73  103 
(Length: 4)  1  13  18  87 
(Length: 3)  1  48  133 
(Length: 5)  1  20  25  93  103 
(Length: 3)  1  87  93 
(Length: 3)  1  103  123 
(Length: 3)  1  43  73 
(Length: 3)  1  20  133 
(Length: 4)  1  43  66  123 
(Length: 4)  1  43  47  123 
(Length: 4)  1  43  123  141 
(Length: 3)  1  26  48 
(Length: 4)  1  62  87  119 
(Length: 4)  1  39  66  123 
(Length: 4)  1  18  25  119 
(Length: 4)  1  25  73  119 
(Length: 3)  1  89  141 
(Length: 3)  1  19  89 
(Length: 4)  1  13  72  87 
(Length: 4)  1  13  62  87 
(Length: 3)  1  13  47 
(Length: 3)  2  108  115 
(Length: 3)  2  29  34 
(Length: 4)  2  72  105  130 
(Length: 5)  2  51  109  127  141 
(Length: 3)  2  108  136 
(Length: 3)  2  10  34 
(Length: 3)  2  113  115 
(Length: 4)  2  72  105  109 
(Length: 3)  2  53  88 
(Length: 3)  2  52  113 
(Length: 3)  2  10  113 
(Length: 4)  2  51  105  113 
(Length: 3)  2  10  72 
(Length: 3)  2  72  149 
(Length: 4)  2  105  127  130 
(Length: 4)  2  123  141  149 
(Length: 3)  2  52  130 
(Length: 3)  2  16  130 
(Length: 3)  2  22  149 
(Length: 3)  2  22  95 
(Length: 3)  2  22  108 
(Length: 4)  2  16  51  109 
(Length: 5)  2  51  105  109  127 
(Length: 3)  2  52  149 
(Length: 3)  2  31  51 
(Length: 3)  2  29  109 
(Length: 3)  2  29  113 
(Length: 3)  2  51  88 
(Length: 4)  2  53  141  149 
(Length: 3)  2  16  22 
(Length: 4)  2  127  141  149 
(Length: 3)  2  53  130 
(Length: 4)  2  105  127  136 
(Length: 3)  2  16  123 
(Length: 3)  3  41  59 
(Length: 4)  3  37  44  138 
(Length: 3)  3  10  44 
(Length: 4)  3  37  59  138 
(Length: 3)  3  37  113 
(Length: 3)  3  41  62 
(Length: 3)  3  10  62 
(Length: 3)  3  10  113 
(Length: 3)  3  122  128 
(Length: 3)  3  62  128 
(Length: 3)  3  59  128 
(Length: 4)  4  56  58  89 
(Length: 3)  4  15  52 
(Length: 3)  4  104  128 
(Length: 3)  4  52  104 
(Length: 3)  4  23  58 
(Length: 4)  4  56  89  126 
(Length: 3)  4  126  133 
(Length: 4)  4  8  56  126 
(Length: 3)  4  109  126 
(Length: 3)  4  8  15 
(Length: 3)  4  56  128 
(Length: 3)  4  89  134 
(Length: 3)  4  56  139 
(Length: 3)  4  17  134 
(Length: 3)  4  134  139 
(Length: 3)  4  109  132 
(Length: 4)  5  19  38  147 
(Length: 4)  5  22  108  116 
(Length: 4)  5  34  66  116 
(Length: 3)  5  54  58 
(Length: 3)  5  83  104 
(Length: 4)  5  66  116  123 
(Length: 3)  5  104  147 
(Length: 3)  5  8  38 
(Length: 3)  5  104  145 
(Length: 3)  5  66  83 
(Length: 3)  5  34  92 
(Length: 3)  5  58  92 
(Length: 4)  5  8  66  116 
(Length: 4)  5  8  86  92 
(Length: 3)  5  38  108 
(Length: 3)  5  54  116 
(Length: 4)  5  8  86  116 
(Length: 3)  5  58  123 
(Length: 3)  6  24  143 
(Length: 3)  6  7  119 
(Length: 3)  6  133  145 
(Length: 3)  6  24  38 
(Length: 3)  6  7  38 
(Length: 3)  6  20  133 
(Length: 3)  6  24  145 
(Length: 3)  6  119  143 
(Length: 3)  6  38  133 
(Length: 3)  6  52  76 
(Length: 3)  6  119  145 
(Length: 3)  6  32  144 
(Length: 3)  6  20  32 
(Length: 3)  6  119  144 
(Length: 3)  6  76  144 
(Length: 3)  7  51  88 
(Length: 3)  7  51  103 
(Length: 4)  7  59  138  149 
(Length: 4)  7  41  116  149 
(Length: 4)  7  57  59  149 
(Length: 3)  7  103  125 
(Length: 3)  7  78  135 
(Length: 4)  7  41  59  149 
(Length: 3)  7  41  103 
(Length: 3)  7  78  89 
(Length: 4)  7  119  138  149 
(Length: 3)  7  103  135 
(Length: 3)  7  103  138 
(Length: 3)  7  140  149 
(Length: 3)  7  38  39 
(Length: 4)  7  116  138  149 
(Length: 3)  7  39  149 
(Length: 3)  7  39  125 
(Length: 3)  7  78  119 
(Length: 3)  7  41  110 
(Length: 4)  7  38  57  59 
(Length: 3)  7  116  135 
(Length: 4)  8  120  126  149 
(Length: 4)  8  72  86  149 
(Length: 4)  8  56  110  126 
(Length: 3)  8  10  38 
(Length: 3)  8  26  116 
(Length: 4)  8  24  103  107 
(Length: 3)  8  45  66 
(Length: 3)  8  101  110 
(Length: 4)  8  24  38  101 
(Length: 4)  8  101  119  149 
(Length: 4)  8  24  38  129 
(Length: 4)  8  24  101  135 
(Length: 4)  8  86  116  149 
(Length: 4)  8  24  101  149 
(Length: 4)  8  72  129  149 
(Length: 4)  8  120  129  149 
(Length: 3)  8  15  65 
(Length: 3)  8  72  135 
(Length: 4)  8  65  119  149 
(Length: 3)  8  65  107 
(Length: 3)  8  111  135 
(Length: 3)  8  65  135 
(Length: 4)  8  15  24  38 
(Length: 3)  8  15  110 
(Length: 3)  8  10  72 
(Length: 3)  8  26  119 
(Length: 6)  8  24  56  116  129  149 
(Length: 4)  8  56  126  149 
(Length: 3)  8  107  110 
(Length: 3)  8  72  107 
(Length: 3)  8  45  103 
(Length: 4)  8  10  40  119 
(Length: 3)  8  66  110 
(Length: 3)  8  66  111 
(Length: 4)  8  45  120  126 
(Length: 3)  8  111  119 
(Length: 4)  8  24  103  129 
(Length: 5)  8  24  56  116  135 
(Length: 4)  8  24  103  135 
(Length: 4)  8  40  119  149 
(Length: 4)  8  72  86  92 
(Length: 3)  8  92  119 
(Length: 3)  8  56  92 
(Length: 4)  9  66  77  100 
(Length: 3)  9  80  94 
(Length: 3)  9  93  118 
(Length: 4)  9  62  80  119 
(Length: 4)  9  105  109  127 
(Length: 4)  9  69  100  111 
(Length: 4)  9  66  77  118 
(Length: 3)  9  57  65 
(Length: 4)  9  66  100  111 
(Length: 4)  9  100  105  127 
(Length: 3)  9  63  128 
(Length: 4)  9  22  65  137 
(Length: 3)  9  11  66 
(Length: 3)  9  105  118 
(Length: 3)  9  11  69 
(Length: 4)  9  57  77  118 
(Length: 3)  9  63  69 
(Length: 4)  9  90  111  119 
(Length: 3)  9  69  109 
(Length: 3)  9  80  105 
(Length: 3)  9  63  127 
(Length: 3)  9  90  94 
(Length: 4)  9  57  63  118 
(Length: 3)  9  109  119 
(Length: 3)  9  69  137 
(Length: 3)  9  65  128 
(Length: 4)  9  22  65  119 
(Length: 3)  9  90  93 
(Length: 3)  9  62  128 
(Length: 4)  9  57  77  100 
(Length: 3)  9  93  137 
(Length: 3)  9  11  105 
(Length: 4)  9  62  111  119 
(Length: 4)  9  62  100  111 
(Length: 3)  10  19  38 
(Length: 3)  10  19  40 
(Length: 3)  10  33  44 
(Length: 3)  10  63  96 
(Length: 3)  10  19  33 
(Length: 4)  10  25  99  113 
(Length: 4)  10  35  44  140 
(Length: 3)  10  19  144 
(Length: 3)  10  33  64 
(Length: 4)  10  36  63  72 
(Length: 4)  10  36  119  143 
(Length: 3)  10  33  113 
(Length: 4)  10  36  113  143 
(Length: 4)  10  36  40  119 
(Length: 3)  10  34  40 
(Length: 4)  10  25  113  143 
(Length: 4)  10  34  48  114 
(Length: 4)  10  62  87  119 
(Length: 3)  10  35  99 
(Length: 3)  10  35  119 
(Length: 4)  10  63  87  143 
(Length: 3)  10  62  99 
(Length: 4)  10  38  48  133 
(Length: 3)  10  133  140 
(Length: 3)  10  96  119 
(Length: 4)  10  36  48  63 
(Length: 4)  10  36  63  143 
(Length: 4)  10  36  48  114 
(Length: 4)  10  87  119  144 
(Length: 4)  10  87  119  143 
(Length: 4)  10  63  72  99 
(Length: 4)  10  25  119  143 
(Length: 3)  10  64  96 
(Length: 4)  10  63  72  87 
(Length: 4)  10  48  114  133 
(Length: 4)  10  36  114  119 
(Length: 3)  10  44  48 
(Length: 4)  10  64  114  133 
(Length: 4)  10  64  87  144 
(Length: 3)  10  44  96 
(Length: 3)  11  37  69 
(Length: 3)  11  38  48 
(Length: 3)  11  37  98 
(Length: 3)  11  31  33 
(Length: 3)  11  19  33 
(Length: 3)  11  66  83 
(Length: 3)  11  58  81 
(Length: 3)  11  17  38 
(Length: 3)  11  45  81 
(Length: 3)  11  19  38 
(Length: 3)  11  83  98 
(Length: 3)  11  33  37 
(Length: 4)  11  48  58  69 
(Length: 4)  11  81  83  105 
(Length: 3)  11  19  45 
(Length: 3)  11  17  105 
(Length: 3)  11  45  66 
(Length: 3)  12  20  60 
(Length: 4)  12  63  120  147 
(Length: 4)  12  19  120  147 
(Length: 3)  12  13  84 
(Length: 3)  12  17  112 
(Length: 3)  12  41  76 
(Length: 4)  12  48  76  132 
(Length: 3)  12  24  107 
(Length: 4)  12  20  41  110 
(Length: 4)  12  48  63  147 
(Length: 3)  12  24  63 
(Length: 3)  12  83  112 
(Length: 4)  12  13  72  107 
(Length: 4)  12  20  104  147 
(Length: 3)  12  41  149 
(Length: 3)  12  52  76 
(Length: 3)  12  72  149 
(Length: 3)  12  24  149 
(Length: 3)  12  84  112 
(Length: 4)  12  63  72  147 
(Length: 4)  12  48  63  132 
(Length: 4)  12  84  104  147 
(Length: 3)  12  48  124 
(Length: 4)  12  104  141  147 
(Length: 4)  12  17  41  110 
(Length: 3)  12  48  107 
(Length: 4)  12  120  126  149 
(Length: 4)  12  20  25  147 
(Length: 4)  12  48  84  147 
(Length: 3)  12  52  124 
(Length: 4)  12  72  83  104 
(Length: 4)  12  76  112  132 
(Length: 3)  12  52  104 
(Length: 5)  12  20  41  83  104 
(Length: 4)  12  25  84  147 
(Length: 3)  12  52  149 
(Length: 3)  12  72  76 
(Length: 4)  12  48  76  126 
(Length: 4)  12  13  41  110 
(Length: 3)  12  17  60 
(Length: 3)  12  110  126 
(Length: 4)  12  13  107  110 
(Length: 3)  12  107  112 
(Length: 4)  12  60  141  149 
(Length: 4)  12  72  104  147 
(Length: 3)  12  13  52 
(Length: 4)  12  83  104  141 
(Length: 3)  13  67  100 
(Length: 5)  13  72  90  107  122 
(Length: 3)  13  39  143 
(Length: 3)  13  39  100 
(Length: 4)  13  39  52  99 
(Length: 3)  13  135  143 
(Length: 3)  13  64  109 
(Length: 3)  13  101  135 
(Length: 3)  13  64  87 
(Length: 4)  13  79  99  135 
(Length: 4)  13  72  99  135 
(Length: 3)  13  16  18 
(Length: 3)  13  64  67 
(Length: 3)  13  116  135 
(Length: 3)  13  57  100 
(Length: 4)  13  62  84  135 
(Length: 3)  13  41  116 
(Length: 3)  13  41  109 
(Length: 4)  13  101  110  114 
(Length: 3)  13  41  79 
(Length: 4)  13  47  90  122 
(Length: 3)  13  64  114 
(Length: 4)  13  41  62  100 
(Length: 4)  13  61  84  114 
(Length: 4)  13  47  109  122 
(Length: 4)  13  72  128  135 
(Length: 4)  13  41  110  114 
(Length: 3)  13  107  143 
(Length: 5)  13  72  107  122  128 
(Length: 4)  13  90  107  110 
(Length: 3)  13  64  135 
(Length: 4)  13  90  101  122 
(Length: 4)  13  90  101  110 
(Length: 4)  13  62  128  135 
(Length: 3)  13  88  101 
(Length: 4)  13  62  99  135 
(Length: 3)  13  87  110 
(Length: 4)  13  61  62  84 
(Length: 3)  13  52  57 
(Length: 4)  13  51  109  122 
(Length: 3)  13  51  88 
(Length: 3)  13  28  143 
(Length: 4)  13  57  61  84 
(Length: 4)  13  57  61  79 
(Length: 3)  13  23  143 
(Length: 4)  13  72  109  122 
(Length: 4)  13  61  62  99 
(Length: 4)  13  61  79  99 
(Length: 3)  13  23  67 
(Length: 4)  13  28  57  61 
(Length: 4)  13  16  51  109 
(Length: 4)  13  18  57  87 
(Length: 3)  13  16  100 
(Length: 3)  13  18  116 
(Length: 4)  13  18  122  128 
(Length: 3)  13  87  143 
(Length: 4)  13  16  90  101 
(Length: 5)  14  26  37  119  138 
(Length: 3)  14  17  100 
(Length: 4)  14  59  123  138 
(Length: 4)  14  42  96  119 
(Length: 4)  14  78  119  145 
(Length: 3)  14  17  78 
(Length: 3)  14  100  145 
(Length: 3)  14  27  34 
(Length: 5)  14  65  96  119  145 
(Length: 4)  14  18  42  116 
(Length: 3)  14  26  27 
(Length: 3)  14  34  116 
(Length: 4)  14  37  59  138 
(Length: 5)  14  26  116  123  138 
(Length: 3)  14  23  42 
(Length: 4)  14  37  78  119 
(Length: 4)  14  18  119  145 
(Length: 4)  14  86  94  116 
(Length: 3)  14  37  100 
(Length: 3)  14  17  96 
(Length: 3)  14  23  138 
(Length: 4)  14  18  42  119 
(Length: 4)  14  59  86  99 
(Length: 4)  14  37  96  119 
(Length: 4)  14  17  123  138 
(Length: 3)  14  94  96 
(Length: 4)  14  86  94  99 
(Length: 3)  15  34  148 
(Length: 4)  15  61  65  145 
(Length: 4)  15  61  114  145 
(Length: 3)  15  52  65 
(Length: 4)  15  93  114  145 
(Length: 4)  15  63  68  123 
(Length: 4)  15  30  61  145 
(Length: 4)  15  93  110  114 
(Length: 4)  15  68  114  123 
(Length: 3)  15  52  124 
(Length: 3)  15  108  124 
(Length: 4)  15  68  114  145 
(Length: 4)  15  24  30  145 
(Length: 3)  15  34  124 
(Length: 3)  15  34  114 
(Length: 4)  15  38  68  108 
(Length: 3)  15  55  148 
(Length: 4)  15  61  114  123 
(Length: 3)  15  65  108 
(Length: 4)  15  68  108  114 
(Length: 3)  15  63  70 
(Length: 3)  15  30  52 
(Length: 3)  15  124  145 
(Length: 3)  15  24  63 
(Length: 3)  15  30  148 
(Length: 4)  16  42  90  101 
(Length: 3)  16  81  130 
(Length: 3)  16  59  92 
(Length: 3)  16  81  147 
(Length: 3)  16  17  75 
(Length: 3)  16  18  42 
(Length: 3)  16  21  22 
(Length: 3)  16  92  130 
(Length: 3)  16  18  81 
(Length: 3)  16  17  21 
(Length: 3)  16  19  59 
(Length: 3)  16  20  93 
(Length: 3)  16  18  75 
(Length: 3)  16  101  133 
(Length: 3)  16  90  93 
(Length: 3)  16  37  100 
(Length: 3)  16  20  100 
(Length: 3)  16  20  133 
(Length: 3)  16  19  147 
(Length: 3)  16  59  123 
(Length: 3)  16  92  109 
(Length: 3)  16  17  100 
(Length: 4)  16  21  37  59 
(Length: 3)  16  37  109 
(Length: 3)  16  37  130 
(Length: 3)  16  17  123 
(Length: 4)  16  59  81  90 
(Length: 3)  16  20  147 
(Length: 3)  16  75  130 
(Length: 4)  17  32  54  129 
(Length: 4)  17  41  77  100 
(Length: 3)  17  32  67 
(Length: 3)  17  38  43 
(Length: 3)  17  46  110 
(Length: 4)  17  36  60  103 
(Length: 4)  17  53  77  143 
(Length: 4)  17  53  77  96 
(Length: 3)  17  53  78 
(Length: 4)  17  68  123  143 
(Length: 4)  17  112  123  143 
(Length: 3)  17  21  54 
(Length: 4)  17  43  123  144 
(Length: 3)  17  68  96 
(Length: 4)  17  68  87  143 
(Length: 3)  17  67  75 
(Length: 3)  17  32  144 
(Length: 3)  17  41  103 
(Length: 3)  17  43  78 
(Length: 3)  17  78  105 
(Length: 4)  17  32  54  77 
(Length: 3)  17  87  144 
(Length: 3)  17  96  105 
(Length: 3)  17  105  112 
(Length: 4)  17  46  77  100 
(Length: 4)  17  103  123  144 
(Length: 4)  17  103  105  144 
(Length: 4)  17  68  103  123 
(Length: 4)  17  53  54  77 
(Length: 4)  17  21  68  143 
(Length: 3)  17  38  68 
(Length: 4)  17  60  67  103 
(Length: 3)  17  75  96 
(Length: 3)  17  87  110 
(Length: 3)  17  96  110 
(Length: 3)  17  87  138 
(Length: 4)  17  103  123  138 
(Length: 4)  17  60  103  138 
(Length: 4)  17  103  129  138 
(Length: 3)  17  36  78 
(Length: 4)  17  21  68  103 
(Length: 3)  17  36  75 
(Length: 4)  17  53  60  67 
(Length: 4)  17  36  77  143 
(Length: 3)  17  68  78 
(Length: 4)  17  38  67  100 
(Length: 4)  17  36  112  143 
(Length: 4)  17  53  60  96 
(Length: 3)  17  46  115 
(Length: 3)  17  41  43 
(Length: 3)  17  87  115 
(Length: 4)  17  46  100  105 
(Length: 3)  17  38  129 
(Length: 4)  18  122  128  140 
(Length: 3)  18  112  119 
(Length: 4)  18  44  98  139 
(Length: 3)  18  81  128 
(Length: 4)  18  42  87  119 
(Length: 4)  18  122  128  146 
(Length: 4)  18  44  139  146 
(Length: 3)  18  57  98 
(Length: 3)  18  44  81 
(Length: 3)  18  112  140 
(Length: 4)  18  98  122  139 
(Length: 4)  18  81  112  132 
(Length: 4)  18  44  70  146 
(Length: 5)  18  63  70  128  146 
(Length: 4)  18  98  119  139 
(Length: 4)  18  63  70  87 
(Length: 4)  18  57  63  87 
(Length: 3)  18  81  126 
(Length: 4)  18  70  116  146 
(Length: 3)  18  44  140 
(Length: 3)  18  70  126 
(Length: 4)  18  57  81  112 
(Length: 4)  18  63  87  132 
(Length: 4)  18  122  139  146 
(Length: 3)  18  25  146 
(Length: 4)  18  87  119  139 
(Length: 3)  19  40  106 
(Length: 3)  19  144  147 
(Length: 4)  19  38  57  147 
(Length: 3)  19  59  106 
(Length: 3)  19  33  117 
(Length: 3)  19  23  40 
(Length: 3)  19  23  117 
(Length: 3)  19  38  129 
(Length: 4)  19  50  57  147 
(Length: 3)  19  89  147 
(Length: 3)  19  120  129 
(Length: 3)  19  59  127 
(Length: 4)  19  57  120  147 
(Length: 4)  19  50  127  129 
(Length: 3)  19  117  127 
(Length: 3)  19  106  147 
(Length: 4)  19  38  57  59 
(Length: 4)  19  23  45  120 
(Length: 4)  20  122  133  140 
(Length: 4)  20  36  103  113 
(Length: 3)  20  66  110 
(Length: 3)  20  85  110 
(Length: 3)  20  32  85 
(Length: 3)  20  122  139 
(Length: 3)  20  100  139 
(Length: 4)  20  25  103  147 
(Length: 4)  20  66  83  100 
(Length: 3)  20  134  139 
(Length: 3)  20  66  116 
(Length: 3)  20  80  135 
(Length: 3)  20  80  85 
(Length: 3)  20  80  83 
(Length: 4)  20  41  97  103 
(Length: 4)  20  41  83  100 
(Length: 3)  20  83  113 
(Length: 3)  20  41  116 
(Length: 4)  20  73  85  103 
(Length: 3)  20  31  140 
(Length: 3)  20  93  110 
(Length: 3)  20  97  134 
(Length: 4)  20  97  104  147 
(Length: 4)  20  25  103  113 
(Length: 4)  20  36  60  103 
(Length: 4)  20  36  73  103 
(Length: 5)  20  97  103  135  147 
(Length: 4)  20  41  97  104 
(Length: 4)  20  85  103  113 
(Length: 4)  20  103  122  147 
(Length: 5)  20  36  103  135  147 
(Length: 4)  20  36  116  135 
(Length: 3)  21  98  108 
(Length: 3)  21  72  98 
(Length: 4)  21  26  70  116 
(Length: 4)  21  30  72  99 
(Length: 4)  21  68  103  145 
(Length: 3)  21  72  76 
(Length: 3)  21  74  108 
(Length: 3)  21  59  76 
(Length: 4)  21  26  37  142 
(Length: 4)  21  22  108  116 
(Length: 4)  21  25  74  113 
(Length: 4)  21  68  103  113 
(Length: 3)  21  108  136 
(Length: 4)  21  68  103  108 
(Length: 3)  21  39  143 
(Length: 4)  21  25  113  143 
(Length: 3)  21  89  145 
(Length: 4)  21  103  125  145 
(Length: 3)  21  39  99 
(Length: 4)  21  33  37  113 
(Length: 4)  21  37  84  98 
(Length: 4)  21  33  103  113 
(Length: 4)  21  84  98  139 
(Length: 3)  21  39  125 
(Length: 4)  21  25  103  113 
(Length: 4)  21  25  99  113 
(Length: 3)  21  136  143 
(Length: 3)  21  76  142 
(Length: 4)  21  26  116  142 
(Length: 3)  21  103  142 
(Length: 4)  21  33  103  125 
(Length: 4)  21  22  103  108 
(Length: 3)  21  70  125 
(Length: 4)  21  30  54  116 
(Length: 3)  21  70  89 
(Length: 4)  21  30  59  99 
(Length: 4)  21  37  113  143 
(Length: 3)  21  25  84 
(Length: 4)  21  68  113  143 
(Length: 3)  21  30  74 
(Length: 4)  21  84  136  139 
(Length: 4)  21  30  54  99 
(Length: 4)  21  30  103  145 
(Length: 4)  21  33  37  84 
(Length: 3)  22  41  103 
(Length: 4)  22  41  43  149 
(Length: 4)  22  87  95  119 
(Length: 3)  22  116  137 
(Length: 4)  22  41  116  149 
(Length: 3)  22  87  132 
(Length: 3)  22  82  137 
(Length: 3)  22  43  132 
(Length: 4)  22  65  95  119 
(Length: 4)  22  43  65  149 
(Length: 4)  22  65  119  149 
(Length: 3)  22  65  108 
(Length: 3)  23  58  117 
(Length: 3)  23  40  138 
(Length: 4)  23  45  120  138 
(Length: 3)  23  117  138 
(Length: 3)  23  45  73 
(Length: 4)  23  67  71  120 
(Length: 4)  23  25  67  73 
(Length: 3)  23  25  143 
(Length: 3)  23  67  91 
(Length: 3)  23  40  112 
(Length: 4)  23  91  112  143 
(Length: 4)  24  73  102  103 
(Length: 4)  24  38  82  90 
(Length: 3)  24  29  103 
(Length: 3)  24  37  59 
(Length: 4)  24  51  102  103 
(Length: 4)  24  90  102  103 
(Length: 4)  24  90  107  117 
(Length: 4)  24  56  89  145 
(Length: 3)  24  135  143 
(Length: 4)  24  129  131  149 
(Length: 4)  24  127  129  149 
(Length: 3)  24  53  149 
(Length: 3)  24  53  82 
(Length: 3)  24  53  143 
(Length: 3)  24  73  101 
(Length: 4)  24  38  101  131 
(Length: 4)  24  58  101  149 
(Length: 5)  24  38  43  59  90 
(Length: 4)  24  82  90  102 
(Length: 4)  24  43  58  149 
(Length: 3)  24  102  131 
(Length: 4)  24  90  103  107 
(Length: 5)  24  30  101  131  149 
(Length: 3)  24  131  143 
(Length: 3)  24  43  73 
(Length: 4)  24  30  116  149 
(Length: 4)  24  56  128  129 
(Length: 3)  24  136  143 
(Length: 3)  24  53  145 
(Length: 3)  24  127  136 
(Length: 3)  24  63  89 
(Length: 4)  24  63  99  127 
(Length: 3)  24  63  125 
(Length: 4)  24  30  103  145 
(Length: 4)  24  38  90  101 
(Length: 3)  24  63  128 
(Length: 3)  24  63  143 
(Length: 3)  24  37  117 
(Length: 4)  24  102  103  135 
(Length: 4)  24  43  59  149 
(Length: 4)  24  56  58  89 
(Length: 3)  24  82  136 
(Length: 5)  24  56  58  129  149 
(Length: 4)  24  103  125  145 
(Length: 3)  24  37  73 
(Length: 5)  24  30  59  99  127 
(Length: 4)  24  107  117  128 
(Length: 3)  24  59  128 
(Length: 3)  24  37  143 
(Length: 4)  24  30  101  145 
(Length: 3)  24  99  135 
(Length: 4)  24  99  127  129 
(Length: 3)  24  51  127 
(Length: 5)  24  30  59  127  149 
(Length: 4)  24  99  117  127 
(Length: 3)  24  58  117 
(Length: 3)  24  107  143 
(Length: 4)  24  38  129  131 
(Length: 4)  24  56  128  135 
(Length: 4)  25  50  67  82 
(Length: 5)  25  50  77  82  147 
(Length: 5)  25  50  82  84  147 
(Length: 4)  25  67  82  93 
(Length: 4)  25  67  93  103 
(Length: 3)  25  74  93 
(Length: 3)  25  84  119 
(Length: 4)  25  84  93  131 
(Length: 4)  25  103  146  147 
(Length: 4)  25  77  99  146 
(Length: 3)  25  74  77 
(Length: 4)  25  67  73  103 
(Length: 4)  25  77  146  147 
(Length: 4)  25  82  84  93 
(Length: 4)  25  50  77  143 
(Length: 3)  25  131  143 
(Length: 3)  26  73  102 
(Length: 3)  26  70  87 
(Length: 4)  26  37  73  85 
(Length: 3)  26  102  142 
(Length: 3)  26  27  87 
(Length: 3)  26  27  85 
(Length: 4)  26  85  112  123 
(Length: 3)  26  37  121 
(Length: 5)  26  27  48  102  121 
(Length: 5)  26  37  87  119  138 
(Length: 5)  26  37  73  87  119 
(Length: 4)  26  37  87  142 
(Length: 3)  26  48  138 
(Length: 3)  26  116  121 
(Length: 3)  26  112  119 
(Length: 3)  26  102  123 
(Length: 4)  27  39  102  131 
(Length: 3)  27  31  90 
(Length: 4)  27  85  92  128 
(Length: 4)  27  48  92  128 
(Length: 3)  27  31  74 
(Length: 3)  27  69  85 
(Length: 3)  27  45  121 
(Length: 4)  27  48  63  128 
(Length: 4)  27  39  85  131 
(Length: 4)  27  48  63  69 
(Length: 4)  27  34  48  92 
(Length: 4)  27  63  69  87 
(Length: 3)  27  90  102 
(Length: 3)  28  33  117 
(Length: 3)  28  74  86 
(Length: 3)  28  94  148 
(Length: 3)  28  58  117 
(Length: 4)  28  61  89  147 
(Length: 4)  28  57  68  147 
(Length: 4)  28  58  89  124 
(Length: 3)  28  86  94 
(Length: 3)  28  57  148 
(Length: 5)  28  57  61  120  147 
(Length: 3)  28  68  143 
(Length: 3)  28  33  124 
(Length: 3)  29  103  113 
(Length: 4)  29  47  109  122 
(Length: 3)  29  50  109 
(Length: 3)  29  55  76 
(Length: 3)  29  113  137 
(Length: 3)  29  55  113 
(Length: 3)  29  50  61 
(Length: 3)  29  122  140 
(Length: 3)  29  98  122 
(Length: 3)  29  76  109 
(Length: 3)  29  61  140 
(Length: 4)  29  103  109  122 
(Length: 4)  30  72  87  118 
(Length: 3)  30  52  99 
(Length: 3)  30  35  99 
(Length: 3)  30  74  122 
(Length: 3)  30  101  122 
(Length: 4)  30  103  122  147 
(Length: 4)  30  122  127  148 
(Length: 3)  30  42  148 
(Length: 4)  30  41  81  130 
(Length: 4)  30  50  61  145 
(Length: 4)  30  61  134  149 
(Length: 4)  30  50  127  149 
(Length: 4)  30  50  95  145 
(Length: 3)  30  50  92 
(Length: 4)  30  72  99  118 
(Length: 4)  30  57  87  118 
(Length: 3)  30  35  134 
(Length: 3)  30  96  145 
(Length: 4)  30  41  127  130 
(Length: 3)  30  130  134 
(Length: 4)  30  41  116  149 
(Length: 4)  30  59  61  99 
(Length: 4)  30  57  59  81 
(Length: 4)  30  57  81  147 
(Length: 5)  30  57  61  79  147 
(Length: 3)  30  32  95 
(Length: 4)  30  61  79  99 
(Length: 4)  30  61  79  145 
(Length: 4)  30  50  95  147 
(Length: 3)  30  87  95 
(Length: 5)  30  57  59  61  149 
(Length: 4)  30  52  57  149 
(Length: 3)  30  52  130 
(Length: 3)  30  42  101 
(Length: 5)  30  50  57  61  149 
(Length: 3)  30  54  122 
(Length: 3)  30  32  54 
(Length: 3)  30  42  96 
(Length: 4)  30  72  92  130 
(Length: 3)  30  59  92 
(Length: 4)  30  57  118  149 
(Length: 4)  30  57  118  148 
(Length: 4)  30  59  81  99 
(Length: 5)  30  41  59  127  149 
(Length: 5)  30  50  57  61  147 
(Length: 3)  30  42  116 
(Length: 5)  30  41  79  130  145 
(Length: 3)  30  35  131 
(Length: 3)  30  42  87 
(Length: 4)  30  41  59  81 
(Length: 4)  30  72  122  147 
(Length: 4)  30  72  118  149 
(Length: 4)  30  41  116  130 
(Length: 4)  30  118  122  148 
(Length: 3)  30  32  92 
(Length: 3)  30  52  103 
(Length: 4)  30  79  103  147 
(Length: 4)  30  52  131  149 
(Length: 4)  30  72  118  122 
(Length: 5)  30  41  79  103  145 
(Length: 4)  30  54  81  99 
(Length: 3)  31  59  90 
(Length: 3)  31  61  114 
(Length: 3)  31  59  61 
(Length: 3)  31  55  76 
(Length: 3)  31  33  51 
(Length: 3)  31  61  140 
(Length: 3)  31  61  126 
(Length: 3)  31  74  114 
(Length: 3)  31  76  126 
(Length: 3)  31  126  143 
(Length: 3)  31  59  76 
(Length: 3)  32  58  92 
(Length: 3)  32  58  88 
(Length: 3)  32  85  92 
(Length: 3)  32  67  102 
(Length: 3)  32  64  67 
(Length: 4)  32  54  58  129 
(Length: 4)  32  64  114  129 
(Length: 4)  32  58  64  144 
(Length: 3)  32  88  102 
(Length: 4)  32  58  64  129 
(Length: 4)  32  54  77  85 
(Length: 3)  32  67  95 
(Length: 3)  32  102  144 
(Length: 3)  33  64  109 
(Length: 3)  33  124  125 
(Length: 4)  33  37  109  117 
(Length: 3)  33  37  44 
(Length: 3)  33  53  141 
(Length: 4)  33  51  103  113 
(Length: 4)  33  51  109  141 
(Length: 3)  33  53  84 
(Length: 4)  33  51  103  109 
(Length: 3)  34  116  124 
(Length: 3)  34  134  142 
(Length: 3)  34  40  82 
(Length: 3)  34  73  92 
(Length: 3)  34  66  114 
(Length: 3)  34  82  134 
(Length: 3)  34  116  142 
(Length: 3)  34  73  148 
(Length: 3)  34  48  124 
(Length: 3)  35  86  99 
(Length: 3)  35  89  134 
(Length: 3)  35  84  131 
(Length: 3)  35  86  88 
(Length: 3)  35  88  142 
(Length: 3)  35  86  140 
(Length: 3)  35  44  89 
(Length: 3)  35  46  110 
(Length: 3)  35  84  119 
(Length: 3)  35  46  115 
(Length: 3)  35  110  131 
(Length: 3)  35  134  142 
(Length: 4)  36  45  73  103 
(Length: 4)  36  112  119  143 
(Length: 4)  36  77  135  143 
(Length: 3)  36  114  146 
(Length: 6)  36  48  79  103  135  147 
(Length: 4)  36  77  135  147 
(Length: 3)  36  40  82 
(Length: 4)  36  78  109  119 
(Length: 4)  36  40  112  119 
(Length: 3)  36  40  146 
(Length: 4)  36  48  75  79 
(Length: 3)  36  73  148 
(Length: 3)  36  60  141 
(Length: 3)  36  45  137 
(Length: 4)  36  77  118  143 
(Length: 3)  36  109  141 
(Length: 3)  36  73  119 
(Length: 3)  36  45  118 
(Length: 4)  36  77  141  147 
(Length: 3)  36  82  109 
(Length: 3)  36  113  137 
(Length: 4)  36  103  109  146 
(Length: 3)  36  48  76 
(Length: 4)  36  82  137  147 
(Length: 4)  36  77  118  141 
(Length: 4)  36  82  90  102 
(Length: 4)  36  77  118  146 
(Length: 3)  36  57  59 
(Length: 4)  36  57  63  118 
(Length: 4)  36  63  146  147 
(Length: 4)  36  48  75  114 
(Length: 4)  36  48  75  102 
(Length: 4)  36  57  79  147 
(Length: 3)  36  116  146 
(Length: 4)  36  77  82  147 
(Length: 3)  36  59  90 
(Length: 4)  36  73  102  103 
(Length: 4)  36  72  76  109 
(Length: 3)  36  116  137 
(Length: 4)  36  72  102  135 
(Length: 4)  36  72  75  102 
(Length: 4)  36  48  63  147 
(Length: 3)  36  90  119 
(Length: 4)  36  72  76  118 
(Length: 3)  36  60  137 
(Length: 4)  36  76  109  146 
(Length: 3)  36  135  148 
(Length: 4)  36  72  135  147 
(Length: 4)  36  57  77  147 
(Length: 4)  36  90  102  103 
(Length: 4)  36  77  146  147 
(Length: 4)  36  57  63  147 
(Length: 3)  36  76  112 
(Length: 4)  36  112  135  143 
(Length: 4)  36  103  146  147 
(Length: 4)  36  76  118  146 
(Length: 4)  36  57  118  148 
(Length: 4)  36  78  114  119 
(Length: 4)  36  63  118  146 
(Length: 4)  36  63  118  143 
(Length: 3)  36  59  141 
(Length: 3)  36  59  76 
(Length: 3)  36  75  141 
(Length: 4)  36  63  72  147 
(Length: 5)  36  48  102  103  135 
(Length: 4)  36  63  72  118 
(Length: 4)  36  72  90  102 
(Length: 4)  36  78  79  135 
(Length: 3)  36  57  112 
(Length: 3)  36  57  113 
(Length: 3)  37  85  113 
(Length: 3)  37  87  104 
(Length: 3)  37  97  104 
(Length: 3)  37  100  117 
(Length: 4)  37  69  87  142 
(Length: 4)  37  69  109  142 
(Length: 3)  37  69  97 
(Length: 3)  37  69  140 
(Length: 3)  37  117  138 
(Length: 3)  37  44  140 
(Length: 3)  37  69  85 
(Length: 3)  37  44  96 
(Length: 4)  37  78  109  119 
(Length: 3)  37  61  121 
(Length: 3)  37  85  117 
(Length: 3)  37  61  140 
(Length: 3)  37  69  100 
(Length: 3)  37  44  98 
(Length: 3)  37  78  130 
(Length: 3)  37  85  130 
(Length: 3)  37  130  143 
(Length: 3)  37  84  104 
(Length: 4)  37  84  98  119 
(Length: 3)  37  61  97 
(Length: 3)  37  61  84 
(Length: 4)  37  87  119  143 
(Length: 3)  37  59  61 
(Length: 3)  38  49  85 
(Length: 3)  38  48  49 
(Length: 4)  38  57  68  147 
(Length: 3)  38  67  82 
(Length: 4)  38  101  131  133 
(Length: 4)  38  39  85  131 
(Length: 3)  38  95  147 
(Length: 3)  38  48  147 
(Length: 4)  38  42  85  101 
(Length: 3)  38  67  95 
(Length: 3)  38  68  85 
(Length: 3)  38  49  59 
(Length: 4)  38  85  101  131 
(Length: 4)  38  42  90  101 
(Length: 3)  38  68  133 
(Length: 3)  38  59  67 
(Length: 3)  38  57  100 
(Length: 3)  38  39  100 
(Length: 3)  38  82  147 
(Length: 5)  39  91  112  123  143 
(Length: 3)  39  94  112 
(Length: 3)  39  94  149 
(Length: 3)  39  83  102 
(Length: 4)  39  66  131  143 
(Length: 4)  39  52  131  149 
(Length: 3)  39  118  149 
(Length: 4)  39  66  123  143 
(Length: 4)  39  56  85  123 
(Length: 4)  39  91  102  123 
(Length: 4)  39  85  112  131 
(Length: 4)  39  66  83  100 
(Length: 3)  39  71  118 
(Length: 4)  39  112  131  143 
(Length: 3)  39  91  125 
(Length: 4)  39  52  85  131 
(Length: 3)  39  99  118 
(Length: 4)  39  52  102  131 
(Length: 3)  39  52  71 
(Length: 3)  39  71  123 
(Length: 3)  39  94  99 
(Length: 4)  39  56  123  149 
(Length: 4)  39  85  112  123 
(Length: 3)  39  83  112 
(Length: 4)  39  66  118  143 
(Length: 3)  39  118  125 
(Length: 4)  40  119  138  149 
(Length: 3)  40  112  132 
(Length: 3)  40  138  146 
(Length: 3)  40  82  84 
(Length: 4)  40  84  112  119 
(Length: 3)  40  51  146 
(Length: 3)  40  132  138 
(Length: 4)  41  100  117  127 
(Length: 3)  41  100  145 
(Length: 3)  41  103  109 
(Length: 3)  41  114  149 
(Length: 3)  41  77  149 
(Length: 4)  41  59  76  127 
(Length: 3)  41  114  145 
(Length: 3)  41  71  77 
(Length: 3)  41  71  103 
(Length: 4)  41  76  109  127 
(Length: 4)  41  43  59  149 
(Length: 3)  41  43  83 
(Length: 4)  41  109  117  127 
(Length: 3)  41  43  97 
(Length: 3)  41  79  98 
(Length: 3)  41  104  145 
(Length: 3)  41  83  98 
(Length: 3)  41  81  83 
(Length: 3)  41  79  117 
(Length: 3)  41  71  76 
(Length: 3)  41  62  149 
(Length: 3)  42  55  148 
(Length: 4)  42  90  96  119 
(Length: 3)  42  87  115 
(Length: 4)  42  90  101  119 
(Length: 3)  42  55  96 
(Length: 3)  42  113  115 
(Length: 3)  42  101  115 
(Length: 3)  42  85  113 
(Length: 3)  42  55  116 
(Length: 3)  42  55  113 
(Length: 4)  43  65  141  149 
(Length: 4)  43  58  123  149 
(Length: 3)  43  86  88 
(Length: 3)  43  58  97 
(Length: 3)  43  83  141 
(Length: 4)  43  47  58  123 
(Length: 3)  43  90  144 
(Length: 3)  43  66  83 
(Length: 3)  43  78  132 
(Length: 3)  43  64  83 
(Length: 4)  43  58  64  144 
(Length: 4)  43  58  123  144 
(Length: 4)  43  59  86  149 
(Length: 3)  43  122  141 
(Length: 3)  43  58  88 
(Length: 4)  43  47  90  122 
(Length: 5)  43  59  123  141  149 
(Length: 4)  44  70  96  146 
(Length: 3)  44  65  89 
(Length: 3)  44  123  138 
(Length: 3)  44  77  135 
(Length: 4)  44  60  70  137 
(Length: 4)  44  65  98  135 
(Length: 3)  44  137  139 
(Length: 3)  44  67  71 
(Length: 3)  44  74  77 
(Length: 4)  44  77  96  146 
(Length: 4)  44  55  127  146 
(Length: 4)  44  96  139  146 
(Length: 3)  44  71  77 
(Length: 4)  44  70  89  146 
(Length: 3)  44  81  135 
(Length: 4)  44  60  127  138 
(Length: 3)  44  90  91 
(Length: 3)  44  48  55 
(Length: 3)  44  60  67 
(Length: 3)  44  77  140 
(Length: 3)  44  65  140 
(Length: 3)  44  48  138 
(Length: 4)  44  55  96  146 
(Length: 3)  44  48  91 
(Length: 4)  44  60  70  96 
(Length: 3)  44  65  137 
(Length: 3)  44  81  137 
(Length: 3)  44  67  91 
(Length: 3)  44  77  91 
(Length: 4)  44  48  65  135 
(Length: 3)  44  81  90 
(Length: 3)  44  60  74 
(Length: 3)  44  89  90 
(Length: 3)  44  90  96 
(Length: 4)  44  60  137  138 
(Length: 4)  44  127  138  146 
(Length: 3)  44  91  123 
(Length: 3)  44  90  138 
(Length: 3)  44  98  123 
(Length: 3)  44  65  96 
(Length: 3)  44  71  123 
(Length: 3)  45  62  84 
(Length: 3)  45  46  66 
(Length: 4)  45  81  84  137 
(Length: 3)  45  103  138 
(Length: 4)  45  118  132  138 
(Length: 3)  45  96  132 
(Length: 3)  45  81  132 
(Length: 3)  45  66  118 
(Length: 3)  45  46  81 
(Length: 3)  45  137  138 
(Length: 4)  45  81  126  137 
(Length: 3)  46  106  147 
(Length: 3)  46  81  105 
(Length: 3)  46  105  114 
(Length: 3)  46  79  117 
(Length: 4)  46  81  107  115 
(Length: 4)  46  65  141  149 
(Length: 3)  46  107  110 
(Length: 4)  46  57  79  147 
(Length: 4)  46  77  141  147 
(Length: 4)  46  122  141  147 
(Length: 4)  46  57  77  100 
(Length: 3)  46  107  122 
(Length: 3)  46  114  149 
(Length: 4)  46  100  105  117 
(Length: 4)  46  77  141  149 
(Length: 4)  46  66  110  114 
(Length: 4)  46  65  107  115 
(Length: 3)  46  105  106 
(Length: 4)  46  57  65  149 
(Length: 4)  46  66  77  100 
(Length: 4)  46  57  77  149 
(Length: 4)  46  57  77  147 
(Length: 4)  46  57  81  147 
(Length: 3)  46  107  117 
(Length: 3)  47  122  139 
(Length: 3)  47  74  122 
(Length: 3)  47  74  108 
(Length: 3)  48  91  132 
(Length: 3)  48  63  125 
(Length: 3)  48  117  138 
(Length: 4)  48  65  128  135 
(Length: 4)  48  56  121  135 
(Length: 4)  48  107  117  128 
(Length: 4)  48  102  121  135 
(Length: 4)  48  79  91  103 
(Length: 4)  48  84  102  135 
(Length: 3)  48  58  124 
(Length: 4)  48  75  84  114 
(Length: 5)  48  69  79  103  135 
(Length: 4)  48  69  75  79 
(Length: 4)  48  84  135  147 
(Length: 5)  48  56  128  135  147 
(Length: 3)  48  79  117 
(Length: 4)  48  91  125  133 
(Length: 3)  48  79  136 
(Length: 3)  48  103  138 
(Length: 4)  48  79  103  145 
(Length: 3)  48  56  126 
(Length: 4)  48  56  92  128 
(Length: 3)  48  56  145 
(Length: 4)  48  49  103  125 
(Length: 4)  48  75  84  102 
(Length: 4)  48  63  128  147 
(Length: 4)  48  65  107  128 
(Length: 3)  48  114  121 
(Length: 3)  48  58  117 
(Length: 3)  48  56  75 
(Length: 4)  48  103  125  145 
(Length: 4)  48  125  133  145 
(Length: 3)  48  55  133 
(Length: 3)  48  55  76 
(Length: 4)  48  91  102  103 
(Length: 3)  48  55  75 
(Length: 4)  48  84  114  136 
(Length: 3)  48  124  138 
(Length: 3)  48  126  133 
(Length: 4)  48  124  125  145 
(Length: 3)  48  103  107 
(Length: 5)  48  53  114  133  145 
(Length: 4)  48  56  58  92 
(Length: 4)  48  91  103  125 
(Length: 4)  48  63  132  138 
(Length: 4)  48  53  84  114 
(Length: 4)  48  91  102  133 
(Length: 3)  48  65  145 
(Length: 3)  49  83  89 
(Length: 3)  49  85  103 
(Length: 4)  50  61  62  149 
(Length: 4)  50  61  84  114 
(Length: 4)  50  61  114  145 
(Length: 3)  50  84  127 
(Length: 5)  50  57  61  77  149 
(Length: 4)  50  57  84  112 
(Length: 3)  50  82  109 
(Length: 3)  50  67  149 
(Length: 3)  50  109  127 
(Length: 4)  50  57  77  100 
(Length: 3)  50  77  85 
(Length: 4)  50  61  62  84 
(Length: 3)  50  68  143 
(Length: 5)  50  57  61  77  147 
(Length: 3)  50  92  109 
(Length: 5)  50  57  61  84  147 
(Length: 4)  50  67  100  145 
(Length: 4)  50  67  95  145 
(Length: 4)  50  127  129  149 
(Length: 3)  50  127  133 
(Length: 4)  50  114  129  149 
(Length: 3)  50  112  143 
(Length: 3)  50  100  127 
(Length: 3)  50  62  100 
(Length: 5)  50  68  114  133  145 
(Length: 4)  50  57  68  147 
(Length: 3)  50  85  127 
(Length: 3)  50  85  112 
(Length: 3)  50  68  85 
(Length: 3)  50  85  92 
(Length: 4)  50  61  114  149 
(Length: 4)  51  91  102  103 
(Length: 3)  51  104  141 
(Length: 5)  51  109  122  127  146 
(Length: 3)  51  88  102 
(Length: 4)  51  91  102  104 
(Length: 4)  51  103  105  144 
(Length: 4)  51  103  105  113 
(Length: 5)  51  103  109  122  146 
(Length: 4)  51  103  105  109 
(Length: 4)  51  102  103  144 
(Length: 5)  51  109  122  127  141 
(Length: 3)  52  57  71 
(Length: 3)  52  71  76 
(Length: 3)  52  71  103 
(Length: 3)  52  85  130 
(Length: 4)  52  85  103  113 
(Length: 3)  52  57  113 
(Length: 4)  52  57  65  149 
(Length: 3)  52  102  104 
(Length: 3)  52  99  113 
(Length: 3)  52  102  103 
(Length: 4)  53  67  82  93 
(Length: 3)  53  142  149 
(Length: 4)  53  78  130  145 
(Length: 4)  53  82  84  93 
(Length: 3)  53  96  145 
(Length: 4)  53  67  71  120 
(Length: 4)  53  78  114  120 
(Length: 4)  53  67  120  149 
(Length: 4)  53  67  71  82 
(Length: 3)  53  97  120 
(Length: 4)  53  67  93  145 
(Length: 3)  53  130  143 
(Length: 4)  53  60  141  149 
(Length: 4)  53  77  141  149 
(Length: 4)  53  60  67  149 
(Length: 3)  53  122  141 
(Length: 3)  53  54  122 
(Length: 3)  53  88  142 
(Length: 4)  53  84  93  114 
(Length: 3)  53  122  133 
(Length: 4)  53  71  77  82 
(Length: 4)  53  114  120  149 
(Length: 3)  53  133  142 
(Length: 4)  53  93  114  145 
(Length: 3)  53  71  122 
(Length: 4)  53  71  82  84 
(Length: 4)  53  78  114  145 
(Length: 3)  54  116  129 
(Length: 3)  54  58  81 
(Length: 3)  54  77  99 
(Length: 3)  54  55  116 
(Length: 3)  54  99  129 
(Length: 3)  55  105  118 
(Length: 3)  55  127  148 
(Length: 4)  55  127  133  146 
(Length: 4)  55  76  118  146 
(Length: 3)  55  75  96 
(Length: 4)  55  116  130  146 
(Length: 4)  55  57  118  148 
(Length: 4)  55  105  127  130 
(Length: 3)  55  75  83 
(Length: 4)  55  127  130  146 
(Length: 3)  55  57  113 
(Length: 4)  55  75  127  130 
(Length: 3)  55  83  111 
(Length: 4)  55  76  127  146 
(Length: 4)  55  83  105  113 
(Length: 3)  55  96  105 
(Length: 4)  56  116  121  135 
(Length: 3)  56  68  126 
(Length: 4)  56  87  93  110 
(Length: 3)  56  96  110 
(Length: 3)  56  75  149 
(Length: 3)  56  75  96 
(Length: 3)  56  89  147 
(Length: 3)  56  87  139 
(Length: 4)  56  85  92  128 
(Length: 4)  56  68  96  145 
(Length: 3)  56  93  145 
(Length: 4)  56  68  85  123 
(Length: 3)  56  129  139 
(Length: 3)  56  68  87 
(Length: 3)  56  68  147 
(Length: 4)  56  116  123  149 
(Length: 3)  56  85  110 
(Length: 4)  56  58  123  149 
(Length: 3)  56  96  139 
(Length: 4)  57  61  71  77 
(Length: 4)  57  63  68  87 
(Length: 3)  57  79  98 
(Length: 4)  57  61  71  84 
(Length: 4)  57  77  118  149 
(Length: 4)  57  81  84  112 
(Length: 3)  57  65  98 
(Length: 4)  57  63  68  147 
(Length: 4)  57  81  84  147 
(Length: 4)  57  61  65  149 
(Length: 4)  57  63  120  147 
(Length: 4)  57  63  87  118 
(Length: 4)  57  71  77  118 
(Length: 4)  57  98  118  148 
(Length: 4)  57  61  71  120 
(Length: 4)  57  68  81  113 
(Length: 4)  57  68  81  147 
(Length: 4)  57  61  120  149 
(Length: 3)  58  92  119 
(Length: 3)  58  69  137 
(Length: 3)  58  119  144 
(Length: 3)  58  69  101 
(Length: 4)  58  101  119  149 
(Length: 3)  58  88  101 
(Length: 3)  58  124  129 
(Length: 3)  58  69  97 
(Length: 3)  58  81  137 
(Length: 4)  59  61  123  149 
(Length: 3)  59  92  128 
(Length: 3)  59  90  106 
(Length: 3)  59  86  92 
(Length: 4)  59  123  138  149 
(Length: 3)  59  67  149 
(Length: 3)  59  90  138 
(Length: 4)  59  127  138  149 
(Length: 3)  59  91  123 
(Length: 3)  59  67  91 
(Length: 3)  59  90  91 
(Length: 3)  59  81  128 
(Length: 4)  59  127  141  149 
(Length: 3)  59  92  106 
(Length: 3)  60  62  99 
(Length: 3)  60  101  149 
(Length: 3)  60  67  95 
(Length: 4)  60  127  141  149 
(Length: 4)  60  127  138  149 
(Length: 3)  60  62  149 
(Length: 3)  60  99  127 
(Length: 4)  61  62  134  149 
(Length: 3)  61  105  114 
(Length: 4)  61  114  120  149 
(Length: 4)  61  114  123  149 
(Length: 3)  61  89  126 
(Length: 4)  61  65  89  145 
(Length: 3)  61  71  123 
(Length: 3)  61  79  123 
(Length: 4)  61  77  140  149 
(Length: 3)  61  114  121 
(Length: 3)  61  77  99 
(Length: 3)  61  77  121 
(Length: 3)  61  99  105 
(Length: 3)  61  97  134 
(Length: 3)  61  71  105 
(Length: 4)  61  97  120  147 
(Length: 4)  61  65  140  149 
(Length: 3)  61  89  134 
(Length: 4)  61  120  126  149 
(Length: 3)  62  111  135 
(Length: 3)  62  84  119 
(Length: 3)  62  119  149 
(Length: 3)  62  87  125 
(Length: 3)  62  80  135 
(Length: 3)  63  68  96 
(Length: 4)  63  72  87  118 
(Length: 3)  63  69  97 
(Length: 3)  63  96  132 
(Length: 4)  63  89  146  147 
(Length: 4)  63  87  118  125 
(Length: 5)  63  87  118  132  138 
(Length: 4)  63  72  99  118 
(Length: 4)  63  70  96  146 
(Length: 5)  63  87  118  132  143 
(Length: 4)  63  99  118  146 
(Length: 4)  63  127  138  146 
(Length: 4)  63  70  87  125 
(Length: 3)  63  123  138 
(Length: 4)  63  72  128  147 
(Length: 4)  63  68  87  143 
(Length: 4)  63  99  127  146 
(Length: 4)  63  68  123  143 
(Length: 4)  63  68  97  147 
(Length: 4)  63  70  89  146 
(Length: 4)  63  128  146  147 
(Length: 4)  63  97  120  147 
(Length: 3)  63  87  115 
(Length: 3)  63  120  125 
(Length: 3)  63  120  138 
(Length: 4)  63  118  138  146 
(Length: 3)  64  135  144 
(Length: 3)  64  129  130 
(Length: 3)  64  135  148 
(Length: 3)  65  108  115 
(Length: 3)  65  89  141 
(Length: 3)  65  98  108 
(Length: 3)  65  98  119 
(Length: 3)  65  95  140 
(Length: 4)  65  95  119  145 
(Length: 3)  65  128  140 
(Length: 4)  66  77  118  143 
(Length: 3)  66  110  131 
(Length: 3)  66  114  123 
(Length: 4)  66  83  100  111 
(Length: 3)  67  82  102 
(Length: 4)  67  91  102  103 
(Length: 4)  67  93  103  145 
(Length: 3)  67  75  102 
(Length: 3)  67  75  149 
(Length: 3)  67  71  103 
(Length: 4)  67  73  102  103 
(Length: 4)  68  91  103  108 
(Length: 4)  68  73  85  103 
(Length: 3)  68  91  133 
(Length: 3)  68  81  126 
(Length: 4)  68  85  103  123 
(Length: 3)  68  126  143 
(Length: 4)  68  103  122  147 
(Length: 4)  68  85  103  113 
(Length: 4)  68  78  114  145 
(Length: 4)  68  91  97  103 
(Length: 4)  68  91  103  123 
(Length: 3)  68  78  126 
(Length: 3)  68  126  133 
(Length: 4)  68  97  103  147 
(Length: 3)  68  73  87 
(Length: 4)  68  91  123  143 
(Length: 3)  68  122  133 
(Length: 3)  69  101  135 
(Length: 4)  69  79  85  103 
(Length: 4)  69  97  103  135 
(Length: 3)  69  111  135 
(Length: 3)  69  85  101 
(Length: 3)  69  85  111 
(Length: 4)  69  103  109  142 
(Length: 3)  69  71  103 
(Length: 3)  69  101  140 
(Length: 3)  69  85  137 
(Length: 3)  69  137  142 
(Length: 3)  70  86  116 
(Length: 4)  70  126  133  137 
(Length: 3)  70  86  92 
(Length: 3)  70  89  126 
(Length: 3)  70  116  137 
(Length: 3)  70  125  133 
(Length: 3)  70  92  128 
(Length: 3)  70  133  146 
(Length: 3)  71  105  118 
(Length: 4)  71  103  105  144 
(Length: 3)  71  103  122 
(Length: 4)  71  103  123  144 
(Length: 3)  71  76  118 
(Length: 3)  71  76  144 
(Length: 3)  71  92  115 
(Length: 3)  71  118  122 
(Length: 4)  72  86  94  149 
(Length: 4)  72  99  105  135 
(Length: 4)  72  75  94  149 
(Length: 4)  72  98  118  122 
(Length: 3)  72  98  135 
(Length: 3)  72  92  109 
(Length: 4)  72  85  107  128 
(Length: 4)  72  128  129  130 
(Length: 3)  72  83  98 
(Length: 3)  72  87  94 
(Length: 4)  72  86  94  99 
(Length: 5)  72  75  83  102  104 
(Length: 4)  72  90  94  107 
(Length: 4)  72  122  128  147 
(Length: 4)  72  104  128  147 
(Length: 3)  72  83  105 
(Length: 3)  72  87  104 
(Length: 3)  72  75  130 
(Length: 5)  72  85  92  128  130 
(Length: 4)  72  99  105  118 
(Length: 4)  72  86  92  130 
(Length: 4)  72  128  135  147 
(Length: 3)  72  99  129 
(Length: 3)  73  85  92 
(Length: 3)  73  85  101 
(Length: 3)  73  101  119 
(Length: 3)  73  92  119 
(Length: 3)  74  108  114 
(Length: 3)  74  93  114 
(Length: 3)  75  114  149 
(Length: 3)  75  79  130 
(Length: 3)  75  84  127 
(Length: 4)  75  83  104  141 
(Length: 4)  75  127  141  149 
(Length: 3)  75  108  114 
(Length: 3)  75  94  96 
(Length: 4)  75  84  102  104 
(Length: 3)  76  109  142 
(Length: 3)  76  118  132 
(Length: 3)  76  109  132 
(Length: 4)  76  109  127  146 
(Length: 3)  76  109  126 
(Length: 3)  76  118  142 
(Length: 3)  77  136  143 
(Length: 3)  77  100  136 
(Length: 3)  77  82  136 
(Length: 4)  77  99  118  146 
(Length: 3)  77  99  135 
(Length: 4)  77  118  141  149 
(Length: 3)  77  91  143 
(Length: 3)  77  121  146 
(Length: 3)  77  121  135 
(Length: 5)  78  101  114  119  145 
(Length: 3)  78  105  130 
(Length: 3)  78  109  132 
(Length: 3)  78  109  126 
(Length: 3)  78  105  109 
(Length: 3)  78  101  135 
(Length: 3)  78  89  126 
(Length: 3)  78  89  145 
(Length: 3)  78  105  135 
(Length: 3)  78  120  126 
(Length: 4)  78  79  130  145 
(Length: 3)  78  105  114 
(Length: 3)  79  98  123 
(Length: 3)  79  99  117 
(Length: 3)  79  85  117 
(Length: 4)  79  85  103  123 
(Length: 4)  79  91  103  123 
(Length: 3)  79  98  135 
(Length: 3)  79  85  130 
(Length: 4)  80  81  83  105 
(Length: 3)  80  81  107 
(Length: 3)  80  119  143 
(Length: 4)  80  85  107  117 
(Length: 3)  80  94  107 
(Length: 3)  80  107  143 
(Length: 4)  80  81  105  135 
(Length: 3)  80  105  117 
(Length: 3)  80  135  143 
(Length: 3)  80  83  89 
(Length: 4)  81  128  135  147 
(Length: 3)  81  90  107 
(Length: 4)  81  105  112  135 
(Length: 3)  81  107  128 
(Length: 4)  81  83  105  112 
(Length: 3)  81  107  112 
(Length: 3)  81  113  115 
(Length: 3)  81  113  137 
(Length: 4)  81  84  112  135 
(Length: 3)  81  105  130 
(Length: 3)  81  130  137 
(Length: 4)  81  84  137  147 
(Length: 4)  81  84  135  147 
(Length: 4)  81  99  105  113 
(Length: 3)  81  128  130 
(Length: 4)  81  83  105  113 
(Length: 4)  81  99  105  135 
(Length: 4)  82  84  93  137 
(Length: 3)  82  84  136 
(Length: 3)  82  102  134 
(Length: 4)  82  84  137  147 
(Length: 3)  82  90  93 
(Length: 3)  82  84  102 
(Length: 3)  83  100  105 
(Length: 3)  83  89  141 
(Length: 3)  83  111  112 
(Length: 3)  84  102  131 
(Length: 3)  84  98  135 
(Length: 3)  84  112  131 
(Length: 3)  84  127  136 
(Length: 4)  84  114  136  139 
(Length: 3)  84  98  131 
(Length: 4)  84  98  119  139 
(Length: 4)  84  114  119  139 
(Length: 3)  84  137  139 
(Length: 3)  85  127  130 
(Length: 3)  85  130  137 
(Length: 3)  85  113  137 
(Length: 4)  85  107  117  128 
(Length: 4)  85  101  110  131 
(Length: 3)  85  117  127 
(Length: 3)  85  111  117 
(Length: 3)  85  111  112 
(Length: 4)  85  103  107  123 
(Length: 4)  85  107  112  123 
(Length: 3)  85  107  110 
(Length: 3)  86  140  149 
(Length: 3)  86  116  121 
(Length: 4)  86  94  116  149 
(Length: 3)  86  116  130 
(Length: 3)  87  93  118 
(Length: 3)  87  118  142 
(Length: 3)  87  94  95 
(Length: 4)  87  119  139  144 
(Length: 3)  88  102  142 
(Length: 3)  89  90  124 
(Length: 3)  89  141  147 
(Length: 3)  89  124  145 
(Length: 3)  89  134  146 
(Length: 3)  90  94  96 
(Length: 3)  90  124  138 
(Length: 3)  90  103  138 
(Length: 4)  90  91  102  103 
(Length: 3)  90  91  119 
(Length: 3)  90  93  103 
(Length: 3)  90  93  106 
(Length: 3)  90  93  110 
(Length: 3)  90  117  138 
(Length: 3)  90  111  117 
(Length: 3)  90  94  106 
(Length: 3)  90  119  138 
(Length: 3)  90  96  110 
(Length: 3)  90  119  144 
(Length: 4)  90  103  107  122 
(Length: 4)  90  102  103  144 
(Length: 4)  91  97  102  104 
(Length: 3)  91  108  116 
(Length: 3)  91  116  123 
(Length: 4)  91  97  102  103 
(Length: 4)  91  112  132  143 
(Length: 4)  91  112  119  143 
(Length: 4)  91  102  103  123 
(Length: 3)  92  109  119 
(Length: 3)  93  110  131 
(Length: 3)  94  96  146 
(Length: 3)  94  95  106 
(Length: 3)  94  116  146 
(Length: 3)  94  99  146 
(Length: 3)  94  107  112 
(Length: 3)  95  106  147 
(Length: 3)  96  119  139 
(Length: 3)  97  106  147 
(Length: 4)  97  102  103  135 
(Length: 3)  97  102  134 
(Length: 3)  98  135  148 
(Length: 4)  98  118  122  148 
(Length: 4)  99  105  117  127 
(Length: 4)  99  127  129  146 
(Length: 3)  100  111  117 
(Length: 4)  100  105  127  136 
(Length: 3)  100  136  139 
(Length: 3)  100  117  139 
(Length: 4)  100  105  117  127 
(Length: 4)  101  114  133  145 
(Length: 4)  101  122  133  140 
(Length: 3)  101  140  149 
(Length: 4)  101  114  119  149 
(Length: 3)  102  131  133 
(Length: 3)  102  133  142 
(Length: 4)  102  103  135  144 
(Length: 3)  102  134  142 
(Length: 4)  102  103  123  144 
(Length: 3)  102  103  142 
(Length: 4)  103  135  144  147 
(Length: 4)  103  129  138  146 
(Length: 4)  103  105  135  144 
(Length: 3)  103  108  144 
(Length: 4)  103  122  146  147 
(Length: 4)  105  109  117  127 
(Length: 3)  105  114  136 
(Length: 3)  106  133  142 
(Length: 4)  107  112  123  143 
(Length: 3)  108  116  124 
(Length: 3)  108  114  136 
(Length: 3)  111  112  119 
(Length: 3)  111  112  135 
(Length: 4)  114  129  139  146 
(Length: 4)  114  120  129  149 
(Length: 3)  114  133  146 
(Length: 3)  114  121  146 
(Length: 3)  116  137  138 
(Length: 4)  116  129  138  146 
(Length: 3)  116  130  137 
(Length: 3)  116  121  146 
(Length: 4)  116  129  130  146 
(Length: 4)  116  123  138  149 
(Length: 4)  116  129  138  149 
(Length: 3)  116  142  149 
(Length: 4)  116  124  129  138 
(Length: 3)  116  137  142 
(Length: 3)  117  127  138 
(Length: 3)  118  122  141 
(Length: 3)  118  122  146 
(Length: 3)  118  138  149 
(Length: 3)  118  142  149 
(Length: 4)  120  129  138  149 
(Length: 4)  122  127  133  146 
(Length: 4)  122  128  146  147 
(Length: 4)  127  129  130  146 
(Length: 4)  127  129  138  146 
(Length: 4)  127  129  138  149 
(Length: 4)  128  129  130  146 
(Length: 3)  130  134  146 
(Length: 3)  133  137  142 
(Length: 3)  134  139  146 
(Length: 3)  134  142  149 
...model cost: 1.92 seconds  51449 FFE
 (opt) 670.00000000 == 670.00000000 (sur)  OPTIMALITY TEST PASSED!
   BESTimpr 582.00000000 -> 654.00000000
11111*******1111*111111****1***11*1*1*1****1111***1**1****1***11***1*11**1111****1****1*11*1*111*11*1*111**11*1**11*11111*1**1***1111111*1111*1*1***1*


11*1**1**1*****1*11111**11**111111***11**1***11*1*1*1**1*1**111*1*****1*1**1***11**11*1*****1***11*1**1*1*11*111**1****1111*11*111*111*11*1*11*1*111**

