Walsh model started...
 131  93  47  125  136  34  17  62  121  56  91  25  84  132  97  63  118  111  38  4  104 
 21  14  75  145  96  4  124  138  17  107  9  7  89  20  30  64  78  41  81  113  79  58  76  120  88  63  131  117 
 109  61  9  39  145  8  67  41  33  92  121  147  37  40  52  131  21  68  60  43  28  5  15  106 
 81  41  61  39  119  69  131  32  122  28  142  9  76  78  52  100  44  149  15  109 
 20  96  49  51  1  94  44  12  85  58  21  128  126  122  137  66  142  41  86  47  113  138  88  95  77  109  40  103  10  93  124  139  43  38  0  46 
 16  113  20  59  44  148  111  122  149  78  38  27  129  115  56  96  110  74  68  62  79  98  53  37  25  83  116  12  15  2  18  101  141  69  106  26  43 
 58  91  88  71  72  18  17  97  69  49  135  94  122  130  20  68  142  128  39  105  83  63  24  78  144  41  75  138 
 138  110  97  20  12  33  52  122  106  89  1  58  136  135  109  63  21  108  139  149  8  90  68  48 
 58  131  31  78  59  30  134  100  25  136  145  2  9  12  96  125  109  90  42  138  20  28  29  89  92  26  127  7  54  79  135  16 
 2  39  118  14  29  64  40  33  12  8  138  134  1  107  71  15  142  3  52  49  76  16  42  116  124  37  63 
 67  125  93  85  76  38  102  18  131  46  45  56  103  4  91  16  44  36 
 80  95  124  97  67  60  51  123  65  25  76  30  70  19  21  136  140  72  86  78  62  32  42  134  101  47  17  128  54  15  83  37  106  149  146  77  81 
 49  71  7  33  4  85  9  8  18  94  98  25  24  147  19  143  107  55  56  5 
 60  80  27  99  77  63  64  65  119  133 
 121  148  1  21  131  113  103  134  78  126  9  118  116  24  139  19  20  143  44  79  25  27  45  70  132  88  130  72  137  64  98  104  18 
 17  109  58  36  140  146  131  136  149  9  71  119  65  74  100  19  92  11  83  3  38  117  5  2  79 
 5  113  60  83  53  143  115  124  72  63  91  31  121  118  9  42  74  40  95  34  10  39  135  8 
 15  109  61  63  18  6  126  106  82  102  58  115  27  138  1  139  44  143  40  62  0  135  28  43  91  47  11  146  92  19  24  29  71 
 101  138  31  17  6  109  105  38  136  28  95  102  10  126  99  12  94  20  100  40  50  63  122  148  91  58  108  26  44  5  62  64  144  104  14 
 28  99  127  145  134  20  63  61  139  14  90  137  74  100  12  143  70  11  15  92  76  105  71  65  135  123  50  69  23  46  68  17  24 
 142  106  96  4  97  7  5  59  135  68  111  116  19  134  18  100  52  130  6  58  44  30  1  133  98  14  143  138  8  36  33  71  107  22 
 1  14  34  63  104  64  4  58  69  96  77  44  24  134  114  131  119  112  111  100  11  136  7  68  2  76  67  130  70  84  88  103  83  115 
 97  94  68  79  99  104  56  131  25  84  124  117  44  57  76  60  113  62  130  119  40  73  81  92  96  37  20  72  105  34  65 
 123  90  146  129  30  37  69  128  32  142  19 
 116  14  67  122  21  134  147  12  79  52  95  45  142  63  6  94  100  30  104  64  130  17  19 
 130  146  8  136  11  65  98  12  147  44  60  22  84  28  117  91  0  14  27  37  5  68  121  129  134  143 
 113  124  96  127  51  148  108  138  18  44  8  5  43 
 61  123  99  13  115  17  100  122  79  47  38  5  14  25  59  78  142  107 
 117  85  19  99  18  95  58  35  66  149  116  3  122  135  17  25  29  8  68  76  43  2 
 59  48  64  9  50  109  135  34  28  8  37  66  63  149  89  44  82  51  71  17 
 149  100  8  59  76  11  91  104  39  56  37  23  20  1  75  114  48  144  147  92  90  84  24  67  148  139  97  101  88 
 8  78  18  101  100  50  133  112  136  118  91  16  132  44  105  143  74  138  75 
 86  129  133  45  94  108  3  131  122  58  41  109  119  50  77  42  11  38  80  23  142 
 121  86  137  126  12  7  40  9  92  2  36  20  132  34 
 21  63  87  43  96  37  136  0  133  42  135  29  132  121  16  95  143  69  103  45  109  131  39  33  65  22  97 
 52  70  57  55  111  87  58  28  98  122  49  139  134  112  90  130  72  76 
 15  140  63  124  96  72  100  108  91  120  146  20  33  44  10 
 138  104  96  34  66  134  92  107  40  30  23  113  98  83  53  70  123  65  86  42  2  29  11  106  25  5  22  122  63  9 
 133  134  10  76  18  136  110  142  62  27  5  144  140  80  32  54  102  15  117  139  4  0 
 2  9  55  84  127  130  61  3  119  71  45  110  30  56  80  128  6  103  124  112  89  72  81  82  85  76  16  34 
 100  87  72  89  59  88  107  37  9  33  44  85  69  78  125  73  18  50  17  143  2  66  63  22  74  16  90  4  109  102  126 
 3  81  91  133  2  67  32  109  47  86  143  69  74  1  46  50  4  87  68  6  105  132  97  48 
 61  145  90  118  43  144  8  66  108  34  133  86  32  37  9  16  11  147  97  78  50  63  56 
 87  34  112  81  144  42  126  124  17  91  94  77  67  71  28  2  4  47  5  26 
 106  91  64  133  94  4  148  5  71  128  111  40  85  72  51  147  25  58  20  21  77  139  17  124  109  31  132  54  68  14  79  84  52  22  57  3  149  26  18  120  136  10  36  89  29  134 
 133  32  110  39  24  142  50  65  14  70  10  56  63  100  103  34 
 120  121  136  63  131  10  106  133  50  41  68  19  69  122  58  4 
 125  0  126  144  41  86  79  27  105  147  4  49  148  133  11  17  109  78  43  141  99 
 52  54  59  29  102  68  30  144  49  66  87  57  90  113  119  142  7  41  74 
 71  12  50  142  121  126  4  51  90  74  6  135  55  68  35  122  95  62  52  9  47  48  66  87  57  99  139 
 136  85  49  142  31  100  81  148  109  29  18  40  119  32  59  102  45  65  46  41  89  105  140  145  78  42  19  123  122  84  124 
 144  99  4  49  123  11  120  122  102  98  72  44  26  148  116  64  66  128  137  68  89  82  29 
 138  58  35  70  74  88  54  48  127  104  59  90  131  97  115  99  114  20  7  57  24  95  141  49  9  84  44  3  78  86  109  2  96 
 110  135  137  108  56  100  95  93  16  143  83  37  5  98  76  128  119  88 
 116  74  52  48  60  111  44  68  57  79  128  11  102  38  67  93  8 
 35  57  39  84  140  62  134  128  49  68  102  132  96  89  107  12  137  86  82  106  139 
 53  100  109  81  114  58  22  131  39  30  130  125  115  63  5  0  121  74  102  72  123  140  10  45  42  12 
 71  80  149  95  35  55  94  110  123  98  68  64  70  52  84  121  109  144  79  54  22  44  48  87  49  126 
 131  8  6  91  88  117  122  138  52  15  17  35  28  114  56  97  60  4  21  32  20  44  7  136  18  108  121  80  113  1  46 
 8  30  147  118  5  20  40  88  66  103  48  29  80  145  52  90  50  102  78  27  107  144 
 80  13  67  11  136  69  58  97  16  83  146  25  54  111  22  76  90  2  131 
 17  63  2  109  123  27  42  145  39  3  19  70  102  94  87  133 
 119  129  84  85  112  135  140  55  91  130  142  38  111  97  95  49  17  0  139  76  124  11  113  22  5  79  18 
 17  61  21  34  76  108  132  78  136  46  19  115  56  97  82  16  72  88  124  36  77  13  122  18  6  24  7  66  40  1  45  100  29  149  42  93  0  37  9 
 119  140  145  44  133  104  21  29  9  68  57  131  128  1  78  96  102  141  24  130  13  65  14  98  51  66  144  18 
 11  25  95  138  119  15  86  37  45  50  136  124  123  128  13  64  135  19  97  130  34  22 
 103  59  95  134  104  37  28  149  142  4  42  108  116  100  146  107  117  48  49  29  63  40  64  51  121  97  122  93  135 
 125  10  11  60  77  101  2  41  122  24  79  93  87  137  30  148  71  43  21  76  54 
 99  101  135  20  22  79  55  49  64  57  142  6  102  48  54  44  5  74  87  41  21  2  107  145  25  28  46  19  89  51  7 
 127  76  97  6  93  83  111  140  136  60  119  3  40  78  21  96  41  74  23  128  34  143  110  112  19  86  46  122  141  5  95  84 
 35  52  131  107  136  102  61  57  123  37  11  19  14  45  71  149  84  21 
 49  12  6  72  57  80  100  145  92  110  44  106  119  39  9  15  138  77  79  70  149  67  43  116  133  134  19  20  107  29  17 
 40  89  71  6  80  104  51  44  16  63  96  36  11  140  102  56  93  92  39  81  130  35  14  137  105  22 
 98  99  112  102  40  125  22 
 52  88  116  54  90  49  100  19  120  121  69  41  140  15  56  81  5  68  16  40  143  31  102  48 
 145  1  108  131  30  114  97  88  79  139  31  138  6 
 127  69  84  108  10  38  30  11  63  128  93  88  9  3  62  139  22  60  97  19  105  1  120  35  28  21  67  86  39  85  106  100  80  144  116  149  53 
 99  97  67  101  80  133  148  110  125  114  21  44  71  138  32  86  63  13  79  107  84  95  4  146  94  43  11  81 
 31  8  14  126  132  63  149  5  117  118  40  69  109  64  1  101  124  3  52  11  86  144  6  50  42  59  27  92  47 
 22  68  27  47  124  148  24  67  44  14  57  54  71  77  75  1  5  62  113  96  134  84  107  136  129  8  15  92 
 11  95  71  57  60  13  72  104  77  99  122  127  59  145  81  139  114  107  123  84  39  38  32  121  58  100  76 
 3  41  137  83  109  56  50  148  43  112  80  139  140  129  1  74  128  39  72  92  22  11  77 
 96  98  17  102  108  107  63  97  55  39  51  29 
 84  124  137  81  93  69  16  60  141  119  107  37  53  105  6  90  11  15  5  116  143  21  115 
 124  83  90  102  62  85  76  108  55  39  22  25  121  57  80  52  44  131  0  30  107  77  70  21  79  134  96  69  95  50 
 136  50  10  93  84  62  117  28  12  4  44  40  108  110  114  139  39  76 
 121  33  32  129  99  112  41  47  143  77  98  144  65  37  55  137  42  4  11  78  109  52  69  76 
 100  40  111  35  98  43  34  116  113  105  103  137  131  48  57  142  49  145  94  61  41  68  67  88  114  133 
 6  58  52  74  104  106  59  40  138  99  76  63  75  97  4  87  114  1  130  14  21  30  119  53 
 40  72  115  140  7  1  55  96  102  50  112  39  92  8  121  131  44  29  68  51 
 102  84  49  74  59  52  42  118  123  23  115  126  19  137  8  30  48  113  112  35  60  83  143  40  7 
 6  58  106  44  130  121  41  133  148  144  30  104  62  31  16  0  25  17  43  18  36  108  10  134  103 
 71  110  37  134  33  2  30  147  93  72  19  15  89  8  81  22  146  17  99  122  78  79  113  138 
 131  0  10  85  95  53  69  83  128  76  67  125  92  72  98  109  54  66  4  63 
 97  22  4  44  57  110  32  108  18  12  6  122  148  123  61  87  24  100  77  43 
 80  11  149  57  100  137  53  93  18  28  66  134  65  138  62  49  24  52  4  77  16  34  69  84 
 97  110  98  82  20  4  1  34  37  127  26  125  8  69  21  55  89  5  122  36  72  115  147  104  64  113  79  22  52  84 
 96  110  99  77  94  22  7  20  124  11  6  69  58  60  115  52  111  62  63  82  75  88  132  0  147  42  108  76  41  121  66  30  101  143  113  130  65  34 
 115  105  96  82  73  99  87  35  123  57  25  12  102  51  37  113  20  133  86  144  116  145  5  53  109  93  14  64 
 144  51  77  97  98  73  28  19  27  13  101  68  80  22  104  126  18  86  112  52  114  88  138  108  105  92  122  49  139  47  141 
 149  30  40  87  8  134  56  53  95  137  145  71  122  27  31  50  20  18  74  19  111  21  66  146  36  15  3  24  94  63  45  135  80  76 
 18  138  31  67  77  99  68  143  102  78  124  103  146  134  11  30  97  5 
 90  84  82  17  18  10  51  98  55  132  112  73  68  48  70  61  120  111  101  143  59  50  89  56  72  115  114  64  141  54  38  40  126  139  74 
 123  112  134  14  66  59  114  131  105  87  39  124  146  101  10  4  45  34  21  91  121 
 138  37  72  80  88  106  64  21  52  127  99  22  66  30  91  96  24  111  0  14  18 
 115  98  109  18  47  147  87  103  83  6  131  111  50  31  41  108  99  76  19  106  139  72  22 
 142  20  91  44  17  126  88  104  71  7  122  133  46  11  37  139  55  105  76  2  5 
 108  82  37  40  1  9  70  136  146  140  119  83  80  123  55  12  66  117  77  84  68  145  79  59  144  20  71  129  142  27 
 53  137  84  76  63  94  32  82  107  85  110  66  42  75  131  139  7  18  58  36  91  105  99  97  26  138 
 17  15  2  61  18  105  56  81  50  29  41  32  8  78  124  44  144  57  135  7  86  52  98  93  3  4  40  131  34  47  122 
 96  97  53  135  7  138  57  94  92  71  77  125  45  39  38  133  85  108  5  69  112 
 35  87  69  140  20  116  122  5  44  128  62  97  129  102  120  60  54  142  124  21  100  105  131  118  0  104 
 123  103  135  62  86  99  133  31  43  81  73  102  119  21  39  89  90  35  110  69 
 5  16  14  131  125  120  26  124  116  87  37  98  128  133  114  4  1  62  22  48  90  79  96  58  97  143  92  138 
 56  58  99  52  80  77  21  131  30  75  103  128  113  85  139  115  102  88  87  130 
 105  98  89  140  27  17  97  52  90  126  125  148  16  124  56  63  5  96  147  102  114  83  21 
 74  54  20  111  14  24  113  87  66  28  51  98  135  136  123  124  71  133  5  83  9  149  76 
 122  58  85  28  78  118  124  22  25  66  107  131  1  38  15 
 147  59  9  14  78  117  42  90  31  136  121  16  0  111 
 64  140  62  129  39  71  69  3  83  107  32  50  15  65  21  112  130  22  48  142  13  133  88  53 
 46  121  51  122  113  125  74  102  111  148  139  36  146  76  1  44  136 
 14  148  86  33  126  49  130  91  120  46  74  143  84  57  34  132  0  56  2  147  118  16  58  80  131  89  66  97  25  129  103 
 117  58  51  120  111  5  80  127  100  27  6  94  32  67  24  4  137  7  106  148  135  35  49  96  3  28  63  18  99  92  66  37  46  69  109  50 
 112  103  61  27  51  11  98  57  90  23  148  94  70  37  80  107  124  116  65  128  140  56  19  50 
 84  83  11  97  113  26  1  138  16  115  126  43  79  148  117  22  109  44  63  36  142  111  39  103  78  101  62  123  116  65  136  9  4  139  50 
 67  10  47  0  113  120  77  110  96  8  115  148  40  73  56  130  93  146 
 137  33  121  49  78  14  17  106  99  18  47  144  128  4  90  115  124  43  143  102  40  57 
 76  69  52  104  19  145  39  130  122  80  96  26  149  139  8 
 44  111  4  126  134  55  131  64  76  93  133  113  23  69  39  6  114  148  81  65  123  11  54  51  137  53 
 119  62  86  32  146  23  5  111  140  81  25  121  107  79 
 25  146  121  91  127  39  62  6  20  56  125  22  119  72  35  64  24  88  14  21  114  97  65 
 58  8  93  0  14  113  22  56  15  146  3  32  70  52  10  46  64  128  21  114  75  108  103  84  105  111  137  87  2  60  121  89  1  117  109  34 
 63  78  102  55  34  121  31  44  14  97  0  41  33 
 134  38  64  44  32  45  91  41  77  148  31  112  110  34  42  128  113  20  98  106  46  147  139  47  71  116  61  87  13  119 
 133  38  8  100  103  14  66  95  19  20  37  92  55  128  138  9  24  21  139  35  101  11  71  79  84  25  91  44  149 
 53  110  68  20  112  62  49  6  148  122  29  34  28  17  116  136  7  109  65  19  66  100  8  16 
 50  85  8  25  18  38  63  46  69  60  15  149  31  118  0  34  107  70  7  58  21  11  116  135  65  124  44  120  79 
 53  108  126  33  81  83  100  95  19  90  4  122  141  55  86  131  87  67  72  14  143  128  51 
 7  110  101  18  58  52  37  104  124  1  17  134  9  65  95  88  99  71  77  141  8  20  4  31  75  26  108  6  92  113 
 81  80  19  14  44  17  148  120  147  133  62  76  134  35  108  7  127  149  75  30  85  114  106  55  124  4  38  102  144  49  99  105 
 64  119  145  89  115  69  111  146  147  62  55  15  36  107  74  129  81  144  38  11  72  50  123  56 
 83  137  52  138  64  102  5  69  47  99 
 106  20  50  49  38  62  68  6  66  4  45  24  124  111  3  9  87  23  32  119  48  149  147  107  27 
 16  53  41  86  101  102  17  40  126  121  12  19  14  20  31  74  34  69  90  83  137  97  113  148  25 
 51  99  148  91  126  47  43  42  109  57  98  86  48  30  140  38  78  6  59  107  139  76  64  18 
 75  1  140  64  100  71  61  42  127  19  2  8  80  59  87  98  50  68  107 
 130  25  140  147  15  131  129  23  107  60  100  66  103  101  125  77  36  120  92  17  149  11 
 118  59  140  146  44  25  24  12  47  105  30  92  115  96  121  2  133  139  97  42  149  142 
 121  14  44  5  77  133  91  144  81  50  115  125  135  122  123  94  79  124  139  120  26  51  18  47  128  67  30  143 
 30  100  95  57  5  78  15  136  28  66  3  44  127  139  70  71  7  29  63  147  142  11  146  116  76  134 
-->CDecomWalshPart::vInitTrueLinkage-->GLBs: 1756
(Length: 3)  0  4  38 
(Length: 3)  0  118  136 
(Length: 3)  0  93  131 
(Length: 3)  0  17  47 
(Length: 3)  0  17  63 
(Length: 4)  0  25  84  121 
(Length: 5)  0  34  63  97  132 
(Length: 4)  0  62  97  111 
(Length: 3)  0  62  84 
(Length: 3)  0  4  47 
(Length: 3)  0  47  125 
(Length: 3)  0  56  63 
(Length: 3)  0  38  62 
(Length: 4)  0  34  63  136 
(Length: 3)  0  4  93 
(Length: 3)  0  91  104 
(Length: 4)  0  25  91  121 
(Length: 3)  0  93  125 
(Length: 3)  0  111  118 
(Length: 3)  0  104  111 
(Length: 3)  0  38  136 
(Length: 4)  0  56  121  131 
(Length: 4)  0  34  121  131 
(Length: 3)  0  118  121 
(Length: 4)  0  84  121  131 
(Length: 4)  0  17  62  91 
(Length: 5)  0  34  97  121  132 
(Length: 3)  0  63  93 
(Length: 3)  0  25  136 
(Length: 3)  0  56  125 
(Length: 3)  0  111  131 
(Length: 3)  1  14  20 
(Length: 5)  1  4  58  113  138 
(Length: 5)  1  4  20  58  138 
(Length: 4)  1  58  117  131 
(Length: 3)  1  79  107 
(Length: 4)  1  4  96  113 
(Length: 3)  1  64  145 
(Length: 4)  1  4  21  96 
(Length: 4)  1  63  78  124 
(Length: 3)  1  7  89 
(Length: 3)  1  75  131 
(Length: 4)  1  79  113  124 
(Length: 4)  1  14  79  113 
(Length: 4)  1  14  21  88 
(Length: 4)  1  21  64  96 
(Length: 3)  1  75  79 
(Length: 3)  1  75  145 
(Length: 4)  1  7  21  63 
(Length: 5)  1  4  58  88  138 
(Length: 3)  1  89  131 
(Length: 4)  1  79  96  113 
(Length: 3)  1  9  107 
(Length: 4)  1  9  124  138 
(Length: 4)  1  21  58  131 
(Length: 4)  1  14  113  131 
(Length: 5)  1  21  63  76  88 
(Length: 4)  1  78  117  124 
(Length: 4)  1  58  113  131 
(Length: 4)  1  30  75  88 
(Length: 4)  1  30  76  88 
(Length: 4)  1  17  58  138 
(Length: 4)  1  7  21  58 
(Length: 5)  1  4  113  124  138 
(Length: 3)  1  113  120 
(Length: 3)  1  76  120 
(Length: 3)  1  107  145 
(Length: 5)  1  14  21  64  131 
(Length: 3)  1  107  117 
(Length: 3)  1  89  96 
(Length: 4)  1  9  63  76 
(Length: 5)  1  7  20  58  138 
(Length: 4)  1  9  14  64 
(Length: 4)  1  75  88  138 
(Length: 5)  1  4  21  58  88 
(Length: 4)  1  14  64  78 
(Length: 3)  1  20  30 
(Length: 4)  1  9  63  124 
(Length: 3)  1  4  41 
(Length: 3)  1  17  63 
(Length: 3)  1  41  81 
(Length: 4)  1  4  20  96 
(Length: 3)  1  20  107 
(Length: 3)  2  5  43 
(Length: 3)  2  21  131 
(Length: 3)  2  60  131 
(Length: 3)  2  37  92 
(Length: 3)  2  61  109 
(Length: 3)  2  15  92 
(Length: 3)  2  61  145 
(Length: 3)  2  60  67 
(Length: 3)  2  68  145 
(Length: 3)  2  8  92 
(Length: 3)  2  41  109 
(Length: 3)  2  41  68 
(Length: 3)  2  8  145 
(Length: 3)  2  92  147 
(Length: 3)  2  28  43 
(Length: 4)  2  5  37  106 
(Length: 3)  2  43  67 
(Length: 3)  2  121  131 
(Length: 4)  2  8  109  131 
(Length: 3)  2  5  68 
(Length: 3)  2  39  61 
(Length: 3)  2  21  68 
(Length: 3)  2  8  28 
(Length: 3)  2  21  67 
(Length: 3)  2  8  9 
(Length: 4)  2  52  109  131 
(Length: 3)  2  121  147 
(Length: 3)  2  33  121 
(Length: 3)  2  40  109 
(Length: 3)  2  33  92 
(Length: 3)  2  9  52 
(Length: 3)  2  9  39 
(Length: 4)  2  9  37  40 
(Length: 3)  2  28  68 
(Length: 4)  2  15  109  131 
(Length: 3)  2  5  15 
(Length: 3)  2  9  15 
(Length: 3)  2  41  67 
(Length: 4)  2  9  33  40 
(Length: 3)  3  61  109 
(Length: 3)  3  28  122 
(Length: 3)  3  15  119 
(Length: 4)  3  32  119  142 
(Length: 3)  3  69  119 
(Length: 4)  3  41  81  109 
(Length: 3)  3  41  69 
(Length: 4)  3  32  41  109 
(Length: 3)  3  78  149 
(Length: 4)  3  52  78  109 
(Length: 3)  3  69  78 
(Length: 4)  3  9  39  76 
(Length: 3)  3  69  122 
(Length: 4)  3  15  100  149 
(Length: 4)  3  32  109  122 
(Length: 4)  3  32  109  131 
(Length: 3)  3  39  61 
(Length: 4)  3  52  109  131 
(Length: 3)  3  9  142 
(Length: 3)  3  39  119 
(Length: 4)  3  76  100  149 
(Length: 3)  3  39  81 
(Length: 3)  3  69  76 
(Length: 3)  3  9  52 
(Length: 4)  3  28  76  149 
(Length: 3)  3  9  15 
(Length: 3)  3  44  149 
(Length: 3)  3  100  122 
(Length: 4)  3  44  52  109 
(Length: 3)  3  142  149 
(Length: 4)  3  15  109  131 
(Length: 4)  4  49  66  95 
(Length: 3)  4  20  142 
(Length: 4)  4  46  58  122 
(Length: 4)  4  66  93  95 
(Length: 4)  4  20  44  58 
(Length: 3)  4  96  122 
(Length: 4)  4  44  109  124 
(Length: 3)  4  93  109 
(Length: 3)  4  95  137 
(Length: 4)  4  21  44  58 
(Length: 4)  4  44  124  139 
(Length: 3)  4  77  86 
(Length: 4)  4  77  95  138 
(Length: 4)  4  40  44  85 
(Length: 4)  4  44  77  94 
(Length: 4)  4  43  77  94 
(Length: 3)  4  113  128 
(Length: 4)  4  10  85  93 
(Length: 3)  4  41  46 
(Length: 4)  4  47  49  126 
(Length: 3)  4  12  94 
(Length: 3)  4  21  103 
(Length: 3)  4  66  103 
(Length: 3)  4  103  124 
(Length: 3)  4  94  122 
(Length: 3)  4  12  85 
(Length: 5)  4  41  47  86  109 
(Length: 4)  4  43  47  126 
(Length: 4)  4  40  44  109 
(Length: 4)  4  49  66  142 
(Length: 3)  4  38  139 
(Length: 3)  4  10  38 
(Length: 3)  4  38  142 
(Length: 4)  4  126  128  137 
(Length: 4)  4  44  85  139 
(Length: 4)  4  10  44  85 
(Length: 3)  4  86  137 
(Length: 3)  4  12  49 
(Length: 3)  4  10  46 
(Length: 3)  4  10  103 
(Length: 5)  4  49  51  66  122 
(Length: 3)  4  93  128 
(Length: 4)  4  43  124  126 
(Length: 3)  4  124  142 
(Length: 3)  4  40  88 
(Length: 4)  4  51  122  137 
(Length: 4)  4  44  51  128 
(Length: 3)  4  40  126 
(Length: 3)  4  40  66 
(Length: 4)  4  21  44  77 
(Length: 3)  4  49  139 
(Length: 4)  4  51  128  137 
(Length: 3)  4  109  122 
(Length: 3)  5  27  122 
(Length: 3)  5  69  74 
(Length: 3)  5  69  78 
(Length: 4)  5  69  83  141 
(Length: 4)  5  69  111  122 
(Length: 3)  5  83  116 
(Length: 4)  5  69  96  122 
(Length: 4)  5  20  111  116 
(Length: 3)  5  16  74 
(Length: 3)  5  56  74 
(Length: 4)  5  25  37  98 
(Length: 4)  5  62  111  129 
(Length: 4)  5  20  98  116 
(Length: 4)  5  96  98  115 
(Length: 5)  5  37  96  98  113 
(Length: 4)  5  16  53  83 
(Length: 4)  5  44  68  79 
(Length: 3)  5  53  56 
(Length: 4)  5  18  38  62 
(Length: 3)  5  25  129 
(Length: 3)  5  20  59 
(Length: 4)  5  18  20  44 
(Length: 4)  5  12  25  98 
(Length: 5)  5  18  26  44  148 
(Length: 3)  5  12  56 
(Length: 3)  5  18  101 
(Length: 4)  5  18  122  148 
(Length: 4)  5  20  44  68 
(Length: 4)  5  20  44  106 
(Length: 4)  5  20  44  111 
(Length: 3)  5  68  74 
(Length: 3)  5  44  149 
(Length: 3)  5  68  101 
(Length: 3)  5  78  101 
(Length: 3)  5  115  148 
(Length: 4)  5  20  96  98 
(Length: 3)  5  26  43 
(Length: 4)  5  26  96  113 
(Length: 3)  5  15  38 
(Length: 3)  5  27  38 
(Length: 3)  5  53  110 
(Length: 4)  5  69  96  110 
(Length: 3)  5  16  113 
(Length: 4)  5  37  53  98 
(Length: 3)  5  38  110 
(Length: 4)  5  98  113  116 
(Length: 3)  5  15  74 
(Length: 3)  5  15  79 
(Length: 3)  5  116  149 
(Length: 3)  5  12  18 
(Length: 4)  5  37  53  83 
(Length: 4)  5  62  79  113 
(Length: 3)  5  56  115 
(Length: 3)  5  15  83 
(Length: 3)  5  78  149 
(Length: 4)  5  62  79  129 
(Length: 3)  5  15  149 
(Length: 3)  5  25  27 
(Length: 4)  5  27  59  78 
(Length: 3)  5  27  79 
(Length: 3)  5  27  115 
(Length: 4)  5  37  106  122 
(Length: 4)  5  16  83  115 
(Length: 4)  5  79  96  113 
(Length: 4)  5  37  96  122 
(Length: 3)  5  74  116 
(Length: 4)  5  25  44  68 
(Length: 4)  5  44  79  148 
(Length: 4)  6  18  91  144 
(Length: 5)  6  17  18  58  138 
(Length: 3)  6  17  135 
(Length: 3)  6  91  130 
(Length: 4)  6  18  58  122 
(Length: 3)  6  69  128 
(Length: 4)  6  49  122  135 
(Length: 4)  6  20  71  138 
(Length: 3)  6  18  105 
(Length: 3)  6  24  130 
(Length: 4)  6  41  69  97 
(Length: 3)  6  69  78 
(Length: 5)  6  17  18  58  91 
(Length: 4)  6  18  94  122 
(Length: 3)  6  83  105 
(Length: 3)  6  49  71 
(Length: 4)  6  24  94  122 
(Length: 3)  6  69  122 
(Length: 4)  6  58  88  97 
(Length: 3)  6  78  144 
(Length: 3)  6  63  72 
(Length: 3)  6  24  142 
(Length: 3)  6  41  68 
(Length: 4)  6  20  68  135 
(Length: 4)  6  75  88  138 
(Length: 4)  6  39  71  72 
(Length: 3)  6  72  105 
(Length: 4)  6  88  97  130 
(Length: 4)  6  39  72  130 
(Length: 4)  6  75  88  97 
(Length: 4)  6  58  88  138 
(Length: 4)  6  24  63  122 
(Length: 3)  6  69  83 
(Length: 4)  6  17  71  138 
(Length: 4)  6  17  18  63 
(Length: 4)  6  17  24  63 
(Length: 5)  6  18  20  58  138 
(Length: 4)  6  20  68  142 
(Length: 4)  6  20  58  97 
(Length: 3)  6  94  97 
(Length: 4)  6  49  68  142 
(Length: 4)  6  63  88  97 
(Length: 4)  6  20  97  130 
(Length: 3)  6  41  91 
(Length: 3)  6  41  105 
(Length: 3)  6  39  128 
(Length: 4)  6  18  63  122 
(Length: 3)  6  63  78 
(Length: 4)  6  49  68  135 
(Length: 4)  7  8  20  135 
(Length: 4)  7  97  108  110 
(Length: 3)  7  58  122 
(Length: 3)  7  8  12 
(Length: 3)  7  20  106 
(Length: 4)  7  20  68  135 
(Length: 5)  7  20  52  58  97 
(Length: 3)  7  20  33 
(Length: 5)  7  20  52  58  138 
(Length: 5)  7  8  20  58  138 
(Length: 4)  7  109  122  135 
(Length: 3)  7  12  33 
(Length: 4)  7  48  52  90 
(Length: 4)  7  21  58  136 
(Length: 3)  7  8  89 
(Length: 3)  7  8  90 
(Length: 4)  7  8  109  135 
(Length: 4)  7  63  136  149 
(Length: 4)  7  108  110  138 
(Length: 3)  7  108  139 
(Length: 3)  7  21  68 
(Length: 3)  7  106  139 
(Length: 3)  7  106  122 
(Length: 4)  7  8  135  136 
(Length: 4)  7  21  63  136 
(Length: 3)  7  110  135 
(Length: 3)  7  48  68 
(Length: 4)  7  58  97  108 
(Length: 3)  7  139  149 
(Length: 3)  7  52  109 
(Length: 3)  7  68  89 
(Length: 3)  7  63  122 
(Length: 4)  7  58  108  138 
(Length: 4)  7  8  58  136 
(Length: 4)  7  63  97  108 
(Length: 3)  8  25  28 
(Length: 4)  8  20  30  100 
(Length: 3)  8  54  79 
(Length: 3)  8  30  92 
(Length: 4)  8  30  59  90 
(Length: 3)  8  42  78 
(Length: 3)  8  59  78 
(Length: 3)  8  78  92 
(Length: 3)  8  31  100 
(Length: 3)  8  96  125 
(Length: 3)  8  78  109 
(Length: 4)  8  9  134  138 
(Length: 3)  8  31  136 
(Length: 3)  8  42  145 
(Length: 3)  8  29  89 
(Length: 3)  8  58  131 
(Length: 3)  8  59  145 
(Length: 3)  8  89  92 
(Length: 4)  8  79  92  134 
(Length: 3)  8  79  96 
(Length: 3)  8  79  136 
(Length: 3)  8  127  145 
(Length: 3)  8  9  12 
(Length: 3)  8  29  59 
(Length: 3)  8  12  25 
(Length: 3)  8  31  78 
(Length: 3)  8  89  96 
(Length: 3)  8  100  145 
(Length: 3)  8  89  131 
(Length: 4)  8  20  30  59 
(Length: 3)  8  42  90 
(Length: 4)  8  29  109  135 
(Length: 3)  8  9  29 
(Length: 3)  8  16  135 
(Length: 3)  8  20  96 
(Length: 4)  8  92  134  138 
(Length: 3)  8  31  138 
(Length: 3)  8  16  31 
(Length: 3)  8  26  138 
(Length: 4)  8  20  134  138 
(Length: 4)  8  9  16  42 
(Length: 4)  8  26  96  127 
(Length: 4)  8  20  100  134 
(Length: 3)  8  25  136 
(Length: 3)  8  25  134 
(Length: 3)  8  28  58 
(Length: 4)  8  20  100  135 
(Length: 4)  8  28  29  135 
(Length: 4)  9  16  39  124 
(Length: 3)  9  29  64 
(Length: 4)  9  37  40  107 
(Length: 4)  9  12  71  107 
(Length: 4)  9  29  37  63 
(Length: 3)  9  39  71 
(Length: 3)  9  124  142 
(Length: 4)  9  16  63  124 
(Length: 3)  9  29  71 
(Length: 4)  9  37  40  63 
(Length: 4)  9  12  49  71 
(Length: 3)  9  49  52 
(Length: 4)  9  37  42  63 
(Length: 3)  9  76  116 
(Length: 4)  9  16  42  118 
(Length: 3)  9  52  138 
(Length: 3)  9  71  116 
(Length: 3)  9  49  142 
(Length: 3)  9  107  142 
(Length: 3)  9  15  71 
(Length: 4)  9  16  40  63 
(Length: 4)  9  16  42  63 
(Length: 3)  9  12  33 
(Length: 3)  9  116  124 
(Length: 4)  9  37  134  138 
(Length: 3)  9  14  116 
(Length: 3)  9  14  118 
(Length: 3)  9  14  134 
(Length: 4)  9  71  134  138 
(Length: 3)  10  56  102 
(Length: 3)  10  91  103 
(Length: 3)  10  45  56 
(Length: 3)  10  45  103 
(Length: 3)  10  56  125 
(Length: 3)  10  56  131 
(Length: 4)  10  67  93  125 
(Length: 4)  10  67  76  93 
(Length: 3)  10  93  131 
(Length: 3)  10  38  76 
(Length: 4)  10  76  85  93 
(Length: 3)  10  46  131 
(Length: 3)  10  16  91 
(Length: 4)  10  18  44  91 
(Length: 4)  10  18  38  102 
(Length: 4)  10  36  44  91 
(Length: 3)  10  103  131 
(Length: 4)  11  65  123  124 
(Length: 4)  11  65  124  136 
(Length: 4)  11  30  67  76 
(Length: 4)  11  60  67  76 
(Length: 4)  11  19  65  123 
(Length: 3)  11  81  128 
(Length: 3)  11  60  83 
(Length: 4)  11  21  70  136 
(Length: 3)  11  54  128 
(Length: 4)  11  65  123  128 
(Length: 3)  11  62  95 
(Length: 4)  11  15  65  136 
(Length: 3)  11  123  140 
(Length: 3)  11  17  47 
(Length: 3)  11  83  124 
(Length: 3)  11  65  95 
(Length: 4)  11  15  136  149 
(Length: 4)  11  60  76  97 
(Length: 4)  11  97  101  124 
(Length: 4)  11  65  97  124 
(Length: 3)  11  128  134 
(Length: 4)  11  62  97  124 
(Length: 4)  11  15  146  149 
(Length: 3)  11  78  149 
(Length: 3)  11  17  62 
(Length: 4)  11  21  67  77 
(Length: 4)  11  60  76  80 
(Length: 4)  11  25  60  146 
(Length: 4)  11  30  97  101 
(Length: 4)  11  78  101  124 
(Length: 4)  11  15  19  65 
(Length: 4)  11  19  70  123 
(Length: 3)  11  21  83 
(Length: 3)  11  76  86 
(Length: 3)  11  19  76 
(Length: 3)  11  76  106 
(Length: 3)  11  76  128 
(Length: 4)  11  15  17  19 
(Length: 3)  11  21  134 
(Length: 3)  11  15  83 
(Length: 4)  11  32  77  80 
(Length: 4)  11  72  81  140 
(Length: 3)  11  17  106 
(Length: 3)  11  19  134 
(Length: 4)  11  32  42  86 
(Length: 4)  11  67  77  101 
(Length: 4)  11  30  76  149 
(Length: 4)  11  30  67  101 
(Length: 4)  11  30  76  97 
(Length: 3)  11  30  37 
(Length: 4)  11  15  140  146 
(Length: 4)  11  15  17  146 
(Length: 4)  11  32  77  86 
(Length: 4)  11  21  67  76 
(Length: 4)  11  25  37  65 
(Length: 3)  11  37  106 
(Length: 4)  11  70  136  149 
(Length: 4)  11  95  134  149 
(Length: 4)  11  25  65  136 
(Length: 3)  11  81  83 
(Length: 4)  11  25  37  134 
(Length: 4)  11  37  65  123 
(Length: 4)  11  37  42  86 
(Length: 4)  11  54  60  67 
(Length: 3)  11  51  72 
(Length: 4)  11  25  60  136 
(Length: 4)  11  37  70  123 
(Length: 3)  11  37  83 
(Length: 4)  11  37  65  86 
(Length: 3)  11  80  123 
(Length: 4)  11  77  80  95 
(Length: 4)  11  77  80  81 
(Length: 3)  11  42  97 
(Length: 4)  11  42  78  86 
(Length: 4)  11  47  78  86 
(Length: 4)  11  77  101  146 
(Length: 3)  11  101  134 
(Length: 4)  11  77  97  101 
(Length: 4)  11  72  80  81 
(Length: 4)  11  51  123  128 
(Length: 3)  11  62  140 
(Length: 4)  11  62  76  97 
(Length: 3)  12  24  94 
(Length: 3)  12  19  71 
(Length: 3)  12  18  94 
(Length: 3)  12  19  24 
(Length: 3)  12  25  143 
(Length: 3)  12  25  147 
(Length: 3)  12  49  55 
(Length: 3)  12  55  107 
(Length: 3)  12  24  147 
(Length: 3)  12  19  143 
(Length: 4)  13  64  119  133 
(Length: 3)  13  63  77 
(Length: 4)  13  64  65  119 
(Length: 4)  13  77  80  99 
(Length: 3)  13  77  133 
(Length: 3)  13  60  80 
(Length: 3)  13  27  99 
(Length: 4)  14  18  20  44 
(Length: 3)  14  20  130 
(Length: 4)  14  19  20  143 
(Length: 4)  14  21  88  104 
(Length: 3)  14  78  118 
(Length: 4)  14  98  113  116 
(Length: 4)  14  44  79  148 
(Length: 3)  14  45  103 
(Length: 4)  14  21  103  134 
(Length: 3)  14  44  72 
(Length: 4)  14  21  70  131 
(Length: 4)  14  19  24  134 
(Length: 4)  14  25  44  134 
(Length: 4)  14  21  44  134 
(Length: 3)  14  131  137 
(Length: 3)  14  72  137 
(Length: 4)  14  20  44  134 
(Length: 4)  14  21  103  131 
(Length: 4)  14  18  44  64 
(Length: 3)  14  18  126 
(Length: 4)  14  20  98  116 
(Length: 4)  14  21  88  130 
(Length: 3)  14  121  132 
(Length: 3)  14  72  130 
(Length: 3)  14  24  45 
(Length: 3)  14  44  132 
(Length: 4)  14  121  143  148 
(Length: 4)  14  103  121  131 
(Length: 3)  14  78  132 
(Length: 3)  14  27  79 
(Length: 4)  14  25  121  130 
(Length: 4)  14  44  134  139 
(Length: 4)  14  19  137  143 
(Length: 4)  14  44  79  134 
(Length: 3)  14  45  70 
(Length: 4)  14  126  137  143 
(Length: 3)  14  72  104 
(Length: 4)  14  21  44  64 
(Length: 4)  14  121  126  143 
(Length: 3)  14  78  126 
(Length: 4)  14  19  134  139 
(Length: 4)  14  18  44  148 
(Length: 3)  14  24  116 
(Length: 3)  14  25  27 
(Length: 5)  14  21  24  64  104 
(Length: 3)  14  27  78 
(Length: 3)  14  118  121 
(Length: 3)  14  113  143 
(Length: 3)  14  25  98 
(Length: 4)  14  24  79  134 
(Length: 4)  14  19  20  134 
(Length: 5)  14  21  24  64  130 
(Length: 3)  14  19  70 
(Length: 4)  14  25  121  143 
(Length: 3)  14  64  98 
(Length: 4)  14  44  139  148 
(Length: 4)  14  18  64  104 
(Length: 4)  14  21  24  134 
(Length: 4)  15  36  140  146 
(Length: 3)  15  38  117 
(Length: 4)  15  19  71  100 
(Length: 4)  15  17  92  146 
(Length: 4)  15  71  79  92 
(Length: 3)  15  38  140 
(Length: 3)  15  38  136 
(Length: 4)  15  58  117  131 
(Length: 5)  15  17  19  71  92 
(Length: 4)  15  19  74  100 
(Length: 3)  15  74  140 
(Length: 3)  15  79  136 
(Length: 3)  15  119  140 
(Length: 3)  15  83  119 
(Length: 3)  15  17  109 
(Length: 3)  15  71  119 
(Length: 4)  15  36  100  146 
(Length: 4)  15  71  100  149 
(Length: 3)  15  65  119 
(Length: 3)  15  131  146 
(Length: 3)  15  58  136 
(Length: 4)  15  100  146  149 
(Length: 3)  15  17  58 
(Length: 3)  16  91  121 
(Length: 3)  16  53  95 
(Length: 3)  16  34  39 
(Length: 3)  16  53  135 
(Length: 3)  16  34  95 
(Length: 4)  16  53  83  143 
(Length: 3)  16  60  83 
(Length: 4)  16  63  115  124 
(Length: 3)  16  113  143 
(Length: 3)  16  113  124 
(Length: 3)  16  31  91 
(Length: 3)  16  39  72 
(Length: 3)  16  34  135 
(Length: 3)  16  31  118 
(Length: 4)  16  34  42  63 
(Length: 3)  16  118  121 
(Length: 4)  16  34  121  143 
(Length: 4)  16  74  121  143 
(Length: 4)  16  83  115  124 
(Length: 4)  16  31  74  143 
(Length: 4)  16  40  74  143 
(Length: 4)  16  40  63  72 
(Length: 3)  17  61  109 
(Length: 3)  17  43  91 
(Length: 3)  17  63  115 
(Length: 3)  17  62  139 
(Length: 3)  17  62  135 
(Length: 4)  17  29  63  82 
(Length: 3)  17  61  102 
(Length: 4)  17  29  44  71 
(Length: 3)  17  28  43 
(Length: 4)  17  29  109  135 
(Length: 5)  17  40  102  126  143 
(Length: 3)  17  102  139 
(Length: 4)  17  19  28  135 
(Length: 3)  17  82  102 
(Length: 5)  17  18  44  58  91 
(Length: 4)  17  44  71  106 
(Length: 4)  17  44  106  139 
(Length: 3)  17  27  115 
(Length: 4)  17  43  47  126 
(Length: 4)  17  18  28  58 
(Length: 3)  17  47  109 
(Length: 4)  17  28  29  135 
(Length: 4)  17  18  40  63 
(Length: 3)  17  27  47 
(Length: 4)  17  102  115  126 
(Length: 3)  17  19  139 
(Length: 4)  17  19  24  63 
(Length: 4)  17  29  44  109 
(Length: 3)  17  19  143 
(Length: 4)  17  71  92  138 
(Length: 3)  17  106  126 
(Length: 3)  17  43  71 
(Length: 3)  17  27  61 
(Length: 5)  17  18  40  44  109 
(Length: 4)  17  44  91  106 
(Length: 5)  17  18  40  102  126 
(Length: 4)  17  19  61  63 
(Length: 4)  17  18  62  91 
(Length: 4)  18  44  94  148 
(Length: 3)  18  38  136 
(Length: 3)  18  101  102 
(Length: 4)  18  31  50  100 
(Length: 4)  18  99  126  144 
(Length: 3)  18  64  102 
(Length: 4)  18  91  144  148 
(Length: 4)  18  31  101  138 
(Length: 4)  18  31  44  136 
(Length: 4)  18  40  50  102 
(Length: 3)  18  95  138 
(Length: 3)  18  95  100 
(Length: 4)  18  28  99  122 
(Length: 4)  18  40  50  109 
(Length: 4)  18  50  100  122 
(Length: 3)  18  94  108 
(Length: 4)  18  31  50  105 
(Length: 4)  18  31  50  136 
(Length: 4)  18  50  105  109 
(Length: 4)  18  44  91  148 
(Length: 4)  18  63  100  122 
(Length: 4)  18  94  100  122 
(Length: 4)  18  26  108  138 
(Length: 4)  18  31  44  91 
(Length: 4)  18  58  108  138 
(Length: 3)  18  38  144 
(Length: 4)  18  99  105  108 
(Length: 3)  18  20  100 
(Length: 3)  18  62  95 
(Length: 4)  18  99  104  138 
(Length: 4)  18  50  122  148 
(Length: 4)  18  20  44  58 
(Length: 3)  18  63  136 
(Length: 4)  18  28  58  122 
(Length: 3)  18  91  104 
(Length: 4)  18  58  91  108 
(Length: 4)  18  44  58  136 
(Length: 4)  18  50  109  122 
(Length: 4)  18  94  122  148 
(Length: 4)  18  99  101  138 
(Length: 4)  18  40  63  100 
(Length: 4)  18  40  50  100 
(Length: 3)  18  28  95 
(Length: 3)  18  109  144 
(Length: 3)  18  63  108 
(Length: 4)  18  99  108  138 
(Length: 3)  18  64  144 
(Length: 3)  19  28  76 
(Length: 3)  19  65  135 
(Length: 4)  19  24  100  134 
(Length: 4)  19  24  63  100 
(Length: 3)  19  100  137 
(Length: 4)  19  50  100  145 
(Length: 4)  19  28  68  135 
(Length: 3)  19  70  71 
(Length: 3)  19  92  99 
(Length: 4)  19  20  100  135 
(Length: 3)  19  68  74 
(Length: 4)  19  20  68  135 
(Length: 3)  19  46  63 
(Length: 4)  19  99  105  139 
(Length: 4)  19  76  127  139 
(Length: 4)  19  71  92  134 
(Length: 4)  19  50  65  123 
(Length: 5)  19  20  71  100  134 
(Length: 4)  19  69  76  127 
(Length: 4)  19  63  76  100 
(Length: 4)  19  76  105  139 
(Length: 3)  19  46  68 
(Length: 4)  19  61  70  123 
(Length: 3)  19  127  145 
(Length: 4)  19  71  100  145 
(Length: 3)  19  46  69 
(Length: 3)  19  68  145 
(Length: 3)  19  46  50 
(Length: 4)  19  23  90  123 
(Length: 3)  19  50  105 
(Length: 4)  19  74  90  143 
(Length: 3)  19  23  69 
(Length: 4)  19  90  137  143 
(Length: 4)  19  28  68  99 
(Length: 3)  19  61  145 
(Length: 4)  19  69  74  143 
(Length: 4)  20  44  52  58 
(Length: 3)  20  116  135 
(Length: 3)  20  33  36 
(Length: 4)  20  22  44  68 
(Length: 3)  20  100  111 
(Length: 3)  20  36  96 
(Length: 3)  20  36  44 
(Length: 3)  20  106  142 
(Length: 3)  20  36  100 
(Length: 3)  20  30  97 
(Length: 4)  20  68  107  142 
(Length: 4)  20  52  96  97 
(Length: 4)  20  22  96  97 
(Length: 5)  20  44  71  106  133 
(Length: 3)  20  97  111 
(Length: 4)  20  71  134  138 
(Length: 3)  20  97  143 
(Length: 3)  20  59  107 
(Length: 3)  20  71  107 
(Length: 3)  20  111  142 
(Length: 4)  20  22  97  130 
(Length: 5)  20  44  71  133  134 
(Length: 4)  20  71  116  133 
(Length: 3)  20  52  59 
(Length: 4)  20  98  116  133 
(Length: 4)  21  58  88  114 
(Length: 4)  21  44  64  68 
(Length: 4)  21  44  77  84 
(Length: 4)  21  103  114  131 
(Length: 3)  21  44  111 
(Length: 4)  21  69  84  96 
(Length: 4)  21  69  83  84 
(Length: 4)  21  34  63  136 
(Length: 4)  21  88  114  130 
(Length: 4)  21  70  84  131 
(Length: 4)  21  34  69  136 
(Length: 4)  21  64  119  130 
(Length: 4)  21  44  58  136 
(Length: 3)  21  114  115 
(Length: 3)  21  104  111 
(Length: 3)  21  96  115 
(Length: 4)  21  69  83  119 
(Length: 4)  21  69  112  119 
(Length: 4)  21  63  76  100 
(Length: 4)  21  44  84  134 
(Length: 3)  21  111  131 
(Length: 3)  21  24  67 
(Length: 3)  21  69  111 
(Length: 4)  21  24  63  100 
(Length: 3)  21  77  114 
(Length: 3)  21  83  115 
(Length: 3)  21  103  112 
(Length: 3)  21  100  111 
(Length: 4)  21  69  76  84 
(Length: 3)  21  63  115 
(Length: 4)  21  34  103  131 
(Length: 4)  21  88  119  130 
(Length: 3)  21  63  77 
(Length: 4)  21  34  69  96 
(Length: 4)  21  58  114  131 
(Length: 4)  21  24  100  134 
(Length: 4)  21  64  96  104 
(Length: 3)  22  113  131 
(Length: 4)  22  37  96  113 
(Length: 4)  22  79  92  113 
(Length: 3)  22  68  99 
(Length: 5)  22  44  57  68  79 
(Length: 4)  22  56  72  81 
(Length: 4)  22  72  96  104 
(Length: 3)  22  72  105 
(Length: 3)  22  84  131 
(Length: 3)  22  76  105 
(Length: 5)  22  62  79  113  124 
(Length: 4)  22  37  92  113 
(Length: 3)  22  105  131 
(Length: 4)  22  34  37  96 
(Length: 4)  22  34  65  97 
(Length: 4)  22  62  119  130 
(Length: 5)  22  62  79  84  124 
(Length: 3)  22  34  131 
(Length: 3)  22  56  131 
(Length: 5)  22  62  97  113  124 
(Length: 4)  22  65  97  130 
(Length: 4)  22  60  76  97 
(Length: 4)  22  62  76  97 
(Length: 3)  22  73  99 
(Length: 3)  22  92  99 
(Length: 4)  22  34  96  97 
(Length: 3)  22  94  97 
(Length: 3)  22  99  104 
(Length: 4)  22  62  76  84 
(Length: 4)  22  62  97  130 
(Length: 3)  22  99  105 
(Length: 5)  22  44  57  79  84 
(Length: 4)  22  44  57  94 
(Length: 4)  22  25  44  68 
(Length: 4)  22  96  97  113 
(Length: 3)  22  117  124 
(Length: 3)  22  60  131 
(Length: 4)  22  72  81  92 
(Length: 4)  22  56  72  130 
(Length: 4)  22  40  44  72 
(Length: 3)  22  97  99 
(Length: 3)  22  117  131 
(Length: 4)  22  34  37  65 
(Length: 4)  22  79  84  96 
(Length: 4)  22  79  96  113 
(Length: 3)  22  37  40 
(Length: 3)  22  25  60 
(Length: 4)  22  25  44  84 
(Length: 4)  22  37  96  104 
(Length: 3)  22  25  117 
(Length: 4)  22  65  119  130 
(Length: 4)  22  65  97  124 
(Length: 4)  22  25  65  130 
(Length: 4)  22  25  37  65 
(Length: 3)  22  40  73 
(Length: 5)  22  44  79  84  124 
(Length: 3)  23  30  90 
(Length: 3)  23  69  128 
(Length: 3)  23  32  129 
(Length: 3)  23  32  142 
(Length: 3)  23  123  128 
(Length: 3)  23  37  123 
(Length: 3)  23  30  37 
(Length: 3)  23  129  146 
(Length: 3)  24  52  95 
(Length: 4)  24  63  100  122 
(Length: 3)  24  52  104 
(Length: 3)  24  67  122 
(Length: 3)  24  45  142 
(Length: 3)  24  67  79 
(Length: 4)  24  45  63  100 
(Length: 4)  24  94  100  122 
(Length: 3)  24  30  100 
(Length: 3)  24  30  104 
(Length: 3)  24  30  67 
(Length: 4)  24  95  100  134 
(Length: 3)  24  30  147 
(Length: 3)  24  142  147 
(Length: 3)  25  44  147 
(Length: 3)  25  129  146 
(Length: 3)  25  146  147 
(Length: 3)  25  121  147 
(Length: 4)  25  91  121  130 
(Length: 4)  25  44  84  134 
(Length: 3)  25  28  68 
(Length: 3)  25  121  129 
(Length: 3)  25  130  146 
(Length: 3)  25  44  136 
(Length: 3)  25  28  117 
(Length: 4)  25  44  91  134 
(Length: 4)  26  44  51  148 
(Length: 4)  26  113  124  138 
(Length: 3)  26  43  124 
(Length: 4)  26  44  124  148 
(Length: 3)  27  38  142 
(Length: 3)  27  59  107 
(Length: 3)  27  100  122 
(Length: 3)  27  47  99 
(Length: 3)  27  47  79 
(Length: 3)  27  79  107 
(Length: 3)  27  47  78 
(Length: 3)  27  99  122 
(Length: 3)  27  107  142 
(Length: 3)  27  107  123 
(Length: 3)  27  61  123 
(Length: 4)  28  66  117  122 
(Length: 4)  28  29  66  135 
(Length: 4)  28  58  117  122 
(Length: 4)  28  76  116  149 
(Length: 4)  28  66  122  135 
(Length: 4)  28  66  95  149 
(Length: 3)  28  76  85 
(Length: 4)  28  29  66  149 
(Length: 3)  28  35  76 
(Length: 4)  28  35  58  122 
(Length: 3)  28  85  117 
(Length: 4)  28  66  116  135 
(Length: 4)  28  66  116  149 
(Length: 3)  29  51  82 
(Length: 3)  29  50  59 
(Length: 4)  29  37  63  66 
(Length: 4)  29  44  51  64 
(Length: 3)  29  50  109 
(Length: 4)  29  63  66  149 
(Length: 4)  29  51  64  66 
(Length: 4)  29  44  51  89 
(Length: 4)  29  48  59  66 
(Length: 3)  29  50  89 
(Length: 4)  29  44  71  149 
(Length: 4)  29  34  109  135 
(Length: 4)  29  34  37  63 
(Length: 3)  30  97  147 
(Length: 3)  30  37  104 
(Length: 3)  30  92  147 
(Length: 4)  30  75  88  114 
(Length: 4)  30  48  59  90 
(Length: 4)  30  75  88  97 
(Length: 3)  30  88  104 
(Length: 3)  30  59  147 
(Length: 3)  30  91  104 
(Length: 4)  30  139  147  149 
(Length: 4)  30  91  144  148 
(Length: 4)  30  39  76  84 
(Length: 3)  30  37  92 
(Length: 4)  30  76  139  149 
(Length: 4)  30  48  59  144 
(Length: 4)  30  76  100  149 
(Length: 3)  30  39  56 
(Length: 4)  30  76  139  144 
(Length: 3)  30  59  88 
(Length: 4)  30  139  144  148 
(Length: 3)  30  67  148 
(Length: 3)  30  56  100 
(Length: 3)  30  56  114 
(Length: 4)  30  75  114  139 
(Length: 3)  30  84  90 
(Length: 4)  30  76  88  97 
(Length: 3)  31  75  138 
(Length: 3)  31  50  78 
(Length: 4)  31  44  91  133 
(Length: 3)  31  44  132 
(Length: 3)  31  74  100 
(Length: 3)  31  112  133 
(Length: 3)  31  101  143 
(Length: 3)  31  118  136 
(Length: 3)  31  78  132 
(Length: 3)  31  78  118 
(Length: 3)  31  78  101 
(Length: 3)  32  94  122 
(Length: 3)  32  94  108 
(Length: 3)  32  119  133 
(Length: 4)  32  50  109  122 
(Length: 3)  32  41  133 
(Length: 3)  32  119  129 
(Length: 4)  32  58  80  122 
(Length: 4)  32  58  108  131 
(Length: 4)  32  41  86  109 
(Length: 4)  32  41  50  109 
(Length: 3)  32  42  108 
(Length: 3)  32  86  129 
(Length: 3)  32  42  133 
(Length: 4)  32  50  119  142 
(Length: 3)  32  38  142 
(Length: 3)  32  38  80 
(Length: 3)  32  45  133 
(Length: 3)  32  42  50 
(Length: 4)  32  45  50  142 
(Length: 3)  32  77  94 
(Length: 3)  32  77  133 
(Length: 3)  32  38  133 
(Length: 3)  33  40  126 
(Length: 4)  33  34  121  132 
(Length: 3)  33  86  137 
(Length: 3)  33  126  137 
(Length: 3)  33  121  126 
(Length: 3)  33  86  121 
(Length: 3)  34  45  65 
(Length: 4)  34  42  63  97 
(Length: 4)  34  69  97  143 
(Length: 4)  34  103  121  131 
(Length: 3)  34  42  133 
(Length: 3)  34  45  63 
(Length: 3)  34  42  43 
(Length: 3)  34  43  87 
(Length: 4)  34  37  42  63 
(Length: 3)  34  69  95 
(Length: 4)  34  69  96  97 
(Length: 4)  34  97  121  143 
(Length: 3)  34  65  95 
(Length: 4)  34  65  135  136 
(Length: 3)  34  87  133 
(Length: 3)  34  109  131 
(Length: 3)  34  45  133 
(Length: 4)  34  87  103  131 
(Length: 4)  34  39  45  103 
(Length: 3)  35  72  130 
(Length: 4)  35  49  52  90 
(Length: 4)  35  52  57  70 
(Length: 3)  35  52  58 
(Length: 3)  35  76  139 
(Length: 4)  35  49  55  57 
(Length: 4)  35  49  52  57 
(Length: 4)  35  55  134  139 
(Length: 4)  35  49  55  139 
(Length: 4)  35  49  57  87 
(Length: 3)  35  90  112 
(Length: 3)  35  111  122 
(Length: 3)  35  87  111 
(Length: 3)  35  49  122 
(Length: 4)  35  57  87  98 
(Length: 3)  36  120  146 
(Length: 3)  36  72  96 
(Length: 3)  36  91  108 
(Length: 3)  36  44  72 
(Length: 3)  36  44  120 
(Length: 3)  36  44  124 
(Length: 3)  36  63  72 
(Length: 3)  36  63  108 
(Length: 3)  36  72  140 
(Length: 3)  36  63  100 
(Length: 3)  36  63  124 
(Length: 4)  37  92  134  138 
(Length: 3)  37  98  123 
(Length: 4)  37  70  107  123 
(Length: 4)  37  40  66  107 
(Length: 4)  37  63  66  122 
(Length: 4)  37  40  63  66 
(Length: 3)  37  86  98 
(Length: 3)  37  66  104 
(Length: 4)  37  92  113  138 
(Length: 3)  37  66  134 
(Length: 4)  37  42  63  66 
(Length: 3)  37  65  138 
(Length: 3)  37  104  106 
(Length: 3)  37  104  138 
(Length: 3)  37  83  107 
(Length: 3)  37  92  122 
(Length: 3)  38  62  142 
(Length: 4)  38  76  80  139 
(Length: 3)  38  62  140 
(Length: 4)  38  133  134  139 
(Length: 3)  38  102  139 
(Length: 3)  38  54  102 
(Length: 3)  38  140  144 
(Length: 4)  38  62  76  139 
(Length: 4)  38  76  139  144 
(Length: 3)  38  110  133 
(Length: 3)  39  103  112 
(Length: 3)  39  55  82 
(Length: 3)  39  112  119 
(Length: 3)  39  81  128 
(Length: 3)  39  71  119 
(Length: 3)  39  45  110 
(Length: 3)  39  76  128 
(Length: 4)  39  56  72  130 
(Length: 3)  39  89  112 
(Length: 4)  39  71  72  80 
(Length: 3)  39  55  84 
(Length: 4)  39  76  84  85 
(Length: 4)  39  56  72  81 
(Length: 3)  39  119  130 
(Length: 3)  39  45  56 
(Length: 4)  39  76  80  84 
(Length: 3)  39  103  124 
(Length: 3)  39  85  110 
(Length: 4)  39  72  80  81 
(Length: 3)  39  84  124 
(Length: 3)  39  72  89 
(Length: 3)  39  81  112 
(Length: 3)  39  110  112 
(Length: 3)  39  127  130 
(Length: 3)  39  71  110 
(Length: 3)  39  55  89 
(Length: 3)  39  55  128 
(Length: 4)  39  76  80  127 
(Length: 4)  40  44  72  89 
(Length: 3)  40  87  100 
(Length: 3)  40  59  88 
(Length: 3)  40  63  88 
(Length: 4)  40  59  90  102 
(Length: 3)  40  73  102 
(Length: 3)  40  63  78 
(Length: 4)  40  69  74  143 
(Length: 3)  40  78  126 
(Length: 3)  40  87  88 
(Length: 3)  40  73  125 
(Length: 4)  40  50  78  109 
(Length: 4)  40  50  59  102 
(Length: 4)  40  63  66  100 
(Length: 3)  40  69  78 
(Length: 3)  40  74  88 
(Length: 5)  40  90  102  126  143 
(Length: 4)  40  72  89  102 
(Length: 4)  40  50  89  102 
(Length: 3)  40  50  85 
(Length: 4)  40  50  59  78 
(Length: 5)  40  74  90  102  143 
(Length: 3)  40  74  100 
(Length: 4)  40  59  66  107 
(Length: 3)  41  91  133 
(Length: 4)  41  48  68  87 
(Length: 3)  41  87  105 
(Length: 4)  41  47  105  109 
(Length: 4)  41  69  74  143 
(Length: 3)  41  46  133 
(Length: 3)  41  46  50 
(Length: 3)  41  87  133 
(Length: 3)  41  47  133 
(Length: 4)  41  69  86  143 
(Length: 4)  41  69  97  143 
(Length: 3)  41  97  132 
(Length: 4)  41  48  68  74 
(Length: 3)  41  46  69 
(Length: 3)  41  74  81 
(Length: 4)  41  50  81  109 
(Length: 3)  41  46  68 
(Length: 3)  41  67  87 
(Length: 4)  41  50  105  109 
(Length: 3)  42  61  133 
(Length: 3)  42  61  145 
(Length: 3)  42  61  63 
(Length: 3)  42  63  78 
(Length: 5)  42  63  66  97  108 
(Length: 3)  42  43  144 
(Length: 3)  42  118  147 
(Length: 3)  42  50  78 
(Length: 3)  42  97  147 
(Length: 3)  42  133  147 
(Length: 3)  42  90  118 
(Length: 4)  42  78  86  144 
(Length: 3)  42  78  118 
(Length: 3)  42  56  63 
(Length: 3)  42  50  145 
(Length: 3)  43  67  87 
(Length: 4)  43  67  71  77 
(Length: 3)  43  91  144 
(Length: 3)  43  87  94 
(Length: 3)  43  77  81 
(Length: 3)  43  81  112 
(Length: 4)  43  47  126  144 
(Length: 4)  44  91  106  133 
(Length: 3)  44  111  120 
(Length: 4)  44  64  128  133 
(Length: 3)  44  84  85 
(Length: 4)  44  52  54  57 
(Length: 4)  44  51  68  89 
(Length: 4)  44  71  79  134 
(Length: 4)  44  77  79  84 
(Length: 4)  44  91  133  134 
(Length: 4)  44  128  133  148 
(Length: 4)  44  51  64  128 
(Length: 3)  44  85  136 
(Length: 4)  44  57  71  149 
(Length: 4)  44  71  77  133 
(Length: 4)  44  77  79  148 
(Length: 4)  44  77  94  148 
(Length: 4)  44  79  124  148 
(Length: 4)  44  124  139  148 
(Length: 4)  44  91  133  148 
(Length: 4)  44  77  133  148 
(Length: 4)  44  120  139  148 
(Length: 3)  44  136  149 
(Length: 3)  44  120  136 
(Length: 4)  44  51  72  89 
(Length: 4)  44  51  64  68 
(Length: 4)  44  79  124  136 
(Length: 3)  44  111  124 
(Length: 4)  44  71  77  79 
(Length: 3)  44  71  72 
(Length: 4)  44  54  111  128 
(Length: 4)  44  52  57  109 
(Length: 4)  44  52  57  84 
(Length: 4)  44  57  71  79 
(Length: 5)  44  54  57  68  79 
(Length: 4)  44  57  64  68 
(Length: 4)  44  51  128  148 
(Length: 4)  44  51  120  148 
(Length: 4)  44  106  133  139 
(Length: 4)  44  133  134  139 
(Length: 4)  44  133  139  148 
(Length: 4)  44  139  147  149 
(Length: 4)  44  71  134  149 
(Length: 4)  44  128  133  134 
(Length: 4)  44  79  84  134 
(Length: 4)  44  133  139  147 
(Length: 4)  44  134  139  149 
(Length: 3)  45  50  65 
(Length: 4)  45  56  63  100 
(Length: 3)  45  50  100 
(Length: 3)  45  110  133 
(Length: 3)  46  120  122 
(Length: 3)  46  106  122 
(Length: 3)  46  69  122 
(Length: 3)  46  63  122 
(Length: 3)  46  50  136 
(Length: 3)  46  106  133 
(Length: 3)  46  69  136 
(Length: 3)  46  63  136 
(Length: 3)  46  50  122 
(Length: 3)  46  120  121 
(Length: 3)  46  120  136 
(Length: 4)  46  58  121  131 
(Length: 3)  46  58  136 
(Length: 3)  47  133  148 
(Length: 3)  47  133  147 
(Length: 4)  47  86  99  144 
(Length: 3)  47  105  147 
(Length: 4)  47  78  126  144 
(Length: 3)  47  99  141 
(Length: 3)  47  79  148 
(Length: 5)  47  78  86  109  144 
(Length: 3)  47  99  105 
(Length: 4)  47  99  126  144 
(Length: 4)  47  49  99  126 
(Length: 3)  47  125  148 
(Length: 3)  47  144  148 
(Length: 5)  48  54  68  74  102 
(Length: 5)  48  49  52  74  90 
(Length: 4)  48  49  68  74 
(Length: 5)  48  49  68  87  142 
(Length: 5)  48  49  57  68  87 
(Length: 4)  48  49  66  142 
(Length: 4)  48  54  57  68 
(Length: 3)  48  57  144 
(Length: 4)  48  52  54  57 
(Length: 4)  48  49  52  57 
(Length: 4)  48  52  54  74 
(Length: 4)  48  74  90  102 
(Length: 4)  48  52  59  90 
(Length: 3)  48  119  142 
(Length: 3)  48  87  113 
(Length: 3)  48  90  113 
(Length: 4)  48  59  90  102 
(Length: 3)  49  62  142 
(Length: 3)  49  62  95 
(Length: 3)  49  50  122 
(Length: 3)  49  90  126 
(Length: 3)  49  62  135 
(Length: 3)  49  57  71 
(Length: 4)  49  57  121  126 
(Length: 4)  49  52  57  95 
(Length: 3)  49  50  142 
(Length: 3)  49  99  139 
(Length: 4)  49  55  57  68 
(Length: 4)  49  51  99  122 
(Length: 4)  49  51  68  99 
(Length: 3)  49  74  121 
(Length: 4)  49  66  122  135 
(Length: 3)  49  66  121 
(Length: 4)  49  55  62  139 
(Length: 3)  49  52  99 
(Length: 3)  50  59  145 
(Length: 3)  50  65  119 
(Length: 4)  50  123  124  148 
(Length: 4)  50  65  123  124 
(Length: 3)  50  81  140 
(Length: 4)  50  78  109  124 
(Length: 4)  50  65  124  136 
(Length: 3)  50  84  124 
(Length: 3)  50  84  85 
(Length: 3)  50  84  102 
(Length: 3)  50  140  145 
(Length: 3)  50  119  140 
(Length: 3)  50  124  142 
(Length: 3)  50  81  148 
(Length: 3)  50  89  140 
(Length: 3)  50  123  140 
(Length: 3)  50  85  136 
(Length: 4)  51  68  89  102 
(Length: 3)  51  72  137 
(Length: 4)  51  64  68  102 
(Length: 4)  51  98  116  123 
(Length: 4)  51  120  122  148 
(Length: 4)  51  98  99  144 
(Length: 4)  51  64  98  102 
(Length: 4)  51  123  128  148 
(Length: 3)  51  144  148 
(Length: 3)  51  102  120 
(Length: 4)  51  72  89  102 
(Length: 4)  51  64  98  144 
(Length: 4)  51  82  98  102 
(Length: 3)  51  66  116 
(Length: 4)  52  70  84  131 
(Length: 4)  52  57  70  84 
(Length: 3)  52  90  115 
(Length: 4)  52  58  114  131 
(Length: 3)  52  59  78 
(Length: 4)  52  96  104  127 
(Length: 3)  52  59  88 
(Length: 4)  52  57  84  95 
(Length: 4)  52  58  88  114 
(Length: 3)  52  84  90 
(Length: 3)  52  84  96 
(Length: 3)  52  74  88 
(Length: 4)  52  99  138  141 
(Length: 5)  52  88  99  104  138 
(Length: 4)  52  88  97  99 
(Length: 4)  52  58  88  138 
(Length: 4)  52  88  99  114 
(Length: 4)  52  78  86  109 
(Length: 3)  52  86  99 
(Length: 3)  52  114  115 
(Length: 3)  52  95  138 
(Length: 4)  52  96  97  115 
(Length: 4)  52  58  88  97 
(Length: 4)  53  95  100  137 
(Length: 3)  53  93  95 
(Length: 3)  53  93  98 
(Length: 3)  53  108  110 
(Length: 4)  53  83  137  143 
(Length: 3)  53  100  135 
(Length: 3)  53  110  135 
(Length: 3)  53  83  93 
(Length: 3)  53  76  88 
(Length: 3)  53  128  137 
(Length: 3)  53  56  100 
(Length: 3)  53  83  119 
(Length: 4)  53  76  93  128 
(Length: 3)  53  76  100 
(Length: 3)  53  76  108 
(Length: 3)  53  88  119 
(Length: 3)  53  108  137 
(Length: 3)  54  67  93 
(Length: 3)  54  102  111 
(Length: 3)  54  60  111 
(Length: 3)  54  67  79 
(Length: 3)  54  111  116 
(Length: 3)  54  93  128 
(Length: 3)  54  74  116 
(Length: 3)  55  68  107 
(Length: 3)  55  102  132 
(Length: 3)  55  84  96 
(Length: 3)  55  82  96 
(Length: 3)  55  82  102 
(Length: 3)  55  106  139 
(Length: 3)  55  84  107 
(Length: 3)  55  128  137 
(Length: 3)  55  89  140 
(Length: 3)  55  57  84 
(Length: 3)  55  107  140 
(Length: 3)  55  62  84 
(Length: 3)  55  84  134 
(Length: 3)  55  89  96 
(Length: 3)  55  62  140 
(Length: 3)  55  86  137 
(Length: 4)  55  68  89  102 
(Length: 3)  55  102  139 
(Length: 3)  55  82  107 
(Length: 3)  55  128  134 
(Length: 3)  55  84  102 
(Length: 4)  56  102  114  115 
(Length: 4)  56  58  121  131 
(Length: 3)  56  121  130 
(Length: 4)  56  58  114  131 
(Length: 3)  56  74  102 
(Length: 3)  56  72  102 
(Length: 3)  56  114  130 
(Length: 3)  56  74  121 
(Length: 3)  56  115  125 
(Length: 3)  56  74  100 
(Length: 3)  56  109  131 
(Length: 3)  56  125  130 
(Length: 3)  56  123  140 
(Length: 3)  56  115  140 
(Length: 3)  56  63  115 
(Length: 4)  56  74  81  140 
(Length: 3)  56  81  109 
(Length: 4)  56  72  81  140 
(Length: 3)  56  63  72 
(Length: 3)  57  98  123 
(Length: 3)  57  94  123 
(Length: 3)  57  71  110 
(Length: 3)  57  80  123 
(Length: 4)  57  98  109  144 
(Length: 4)  57  80  84  121 
(Length: 3)  57  94  110 
(Length: 4)  57  80  84  95 
(Length: 3)  57  71  80 
(Length: 4)  57  70  71  149 
(Length: 3)  57  87  94 
(Length: 4)  57  64  98  144 
(Length: 3)  57  70  123 
(Length: 3)  57  95  149 
(Length: 3)  57  126  144 
(Length: 3)  58  60  136 
(Length: 3)  58  60  97 
(Length: 3)  58  80  114 
(Length: 3)  58  80  121 
(Length: 3)  58  60  131 
(Length: 3)  58  97  121 
(Length: 3)  58  97  113 
(Length: 4)  58  113  114  131 
(Length: 3)  58  91  121 
(Length: 3)  58  60  80 
(Length: 4)  59  80  107  145 
(Length: 3)  59  66  103 
(Length: 3)  59  90  118 
(Length: 3)  59  78  118 
(Length: 3)  59  78  144 
(Length: 3)  59  107  144 
(Length: 3)  59  118  147 
(Length: 3)  60  131  146 
(Length: 3)  60  111  131 
(Length: 3)  60  69  83 
(Length: 3)  60  83  90 
(Length: 3)  60  69  136 
(Length: 4)  60  69  97  111 
(Length: 4)  60  69  76  97 
(Length: 3)  61  87  145 
(Length: 3)  61  87  133 
(Length: 3)  61  70  102 
(Length: 3)  61  94  123 
(Length: 3)  61  87  94 
(Length: 4)  62  97  111  124 
(Length: 3)  62  119  142 
(Length: 3)  62  91  130 
(Length: 4)  62  111  124  142 
(Length: 4)  62  76  84  85 
(Length: 3)  62  112  119 
(Length: 4)  62  76  85  139 
(Length: 4)  62  111  129  140 
(Length: 3)  62  124  139 
(Length: 4)  62  119  129  140 
(Length: 3)  62  84  95 
(Length: 3)  62  112  135 
(Length: 3)  63  77  97 
(Length: 4)  63  76  100  149 
(Length: 4)  63  66  100  122 
(Length: 4)  63  66  100  149 
(Length: 3)  63  78  149 
(Length: 3)  63  124  136 
(Length: 4)  63  82  97  108 
(Length: 4)  63  97  115  124 
(Length: 3)  63  78  132 
(Length: 4)  63  76  88  97 
(Length: 3)  63  76  93 
(Length: 4)  63  76  97  108 
(Length: 3)  63  72  93 
(Length: 3)  63  66  93 
(Length: 3)  64  66  104 
(Length: 3)  64  65  128 
(Length: 3)  64  98  145 
(Length: 3)  64  128  131 
(Length: 3)  64  140  144 
(Length: 3)  64  96  98 
(Length: 3)  64  102  141 
(Length: 3)  64  68  145 
(Length: 3)  64  98  133 
(Length: 3)  64  119  140 
(Length: 4)  64  65  119  130 
(Length: 3)  64  140  145 
(Length: 3)  64  78  144 
(Length: 3)  65  95  138 
(Length: 3)  65  124  138 
(Length: 3)  66  103  134 
(Length: 4)  66  100  122  135 
(Length: 3)  66  142  149 
(Length: 3)  66  103  121 
(Length: 3)  66  107  142 
(Length: 3)  66  107  117 
(Length: 4)  66  100  146  149 
(Length: 3)  66  107  108 
(Length: 3)  66  107  146 
(Length: 3)  66  97  121 
(Length: 5)  66  95  100  134  149 
(Length: 3)  66  103  146 
(Length: 3)  67  87  137 
(Length: 4)  67  77  125  148 
(Length: 4)  67  71  77  79 
(Length: 3)  67  122  137 
(Length: 3)  67  122  148 
(Length: 4)  67  77  79  148 
(Length: 3)  68  79  107 
(Length: 3)  68  99  101 
(Length: 3)  68  87  145 
(Length: 3)  68  101  102 
(Length: 3)  68  107  145 
(Length: 4)  69  96  97  110 
(Length: 3)  69  111  140 
(Length: 4)  69  96  122  127 
(Length: 3)  69  86  112 
(Length: 3)  69  110  112 
(Length: 3)  69  93  95 
(Length: 3)  69  83  93 
(Length: 3)  69  111  128 
(Length: 3)  69  83  143 
(Length: 3)  69  84  95 
(Length: 3)  69  76  86 
(Length: 4)  69  76  93  128 
(Length: 3)  69  78  86 
(Length: 3)  69  74  140 
(Length: 3)  69  119  140 
(Length: 3)  70  71  107 
(Length: 3)  70  84  107 
(Length: 3)  70  107  136 
(Length: 3)  70  84  102 
(Length: 4)  71  80  100  145 
(Length: 3)  71  72  92 
(Length: 4)  71  77  80  107 
(Length: 3)  71  107  119 
(Length: 4)  71  80  107  145 
(Length: 4)  71  77  110  138 
(Length: 4)  71  77  110  133 
(Length: 4)  71  100  134  149 
(Length: 3)  71  119  133 
(Length: 4)  71  92  134  138 
(Length: 3)  71  116  149 
(Length: 4)  71  92  110  138 
(Length: 4)  71  77  79  107 
(Length: 4)  71  79  92  134 
(Length: 3)  72  89  140 
(Length: 3)  72  81  137 
(Length: 3)  72  89  92 
(Length: 3)  72  92  93 
(Length: 3)  72  80  104 
(Length: 3)  72  89  96 
(Length: 3)  73  102  112 
(Length: 3)  73  98  102 
(Length: 3)  73  99  112 
(Length: 3)  73  98  99 
(Length: 3)  74  102  120 
(Length: 3)  74  120  121 
(Length: 3)  75  108  138 
(Length: 3)  75  97  108 
(Length: 3)  75  114  131 
(Length: 3)  75  108  139 
(Length: 3)  75  108  131 
(Length: 4)  76  105  108  139 
(Length: 4)  76  105  106  139 
(Length: 4)  76  85  108  139 
(Length: 3)  76  120  139 
(Length: 3)  76  80  100 
(Length: 4)  76  80  127  139 
(Length: 3)  76  88  106 
(Length: 3)  76  86  144 
(Length: 4)  76  84  85  108 
(Length: 4)  76  127  139  149 
(Length: 3)  77  107  146 
(Length: 3)  77  110  125 
(Length: 3)  77  86  99 
(Length: 4)  77  80  84  95 
(Length: 4)  77  97  99  101 
(Length: 4)  77  94  97  110 
(Length: 3)  77  81  148 
(Length: 3)  77  125  146 
(Length: 4)  77  99  101  138 
(Length: 4)  77  80  99  114 
(Length: 4)  77  80  84  107 
(Length: 4)  77  79  84  107 
(Length: 3)  78  124  126 
(Length: 3)  78  117  118 
(Length: 3)  79  107  129 
(Length: 3)  79  107  136 
(Length: 3)  80  95  100 
(Length: 3)  80  81  139 
(Length: 4)  80  99  114  139 
(Length: 3)  80  127  145 
(Length: 3)  80  99  122 
(Length: 3)  80  100  122 
(Length: 3)  80  104  127 
(Length: 3)  80  99  104 
(Length: 3)  80  122  127 
(Length: 3)  80  107  123 
(Length: 3)  81  128  137 
(Length: 3)  81  129  140 
(Length: 3)  81  83  137 
(Length: 3)  81  139  148 
(Length: 3)  81  128  148 
(Length: 3)  82  107  108 
(Length: 3)  82  96  98 
(Length: 3)  82  96  97 
(Length: 3)  83  84  124 
(Length: 3)  83  116  124 
(Length: 4)  83  90  137  143 
(Length: 3)  83  90  115 
(Length: 3)  83  105  115 
(Length: 3)  83  84  90 
(Length: 3)  83  84  107 
(Length: 3)  83  107  119 
(Length: 3)  83  137  141 
(Length: 3)  84  108  131 
(Length: 3)  84  95  134 
(Length: 3)  84  107  108 
(Length: 3)  84  90  102 
(Length: 3)  85  108  110 
(Length: 3)  85  114  139 
(Length: 3)  86  121  143 
(Length: 3)  86  121  129 
(Length: 3)  86  137  143 
(Length: 4)  86  98  109  144 
(Length: 3)  86  99  112 
(Length: 4)  86  98  99  144 
(Length: 5)  87  98  113  116  133 
(Length: 3)  87  111  142 
(Length: 3)  87  100  137 
(Length: 4)  87  105  111  131 
(Length: 3)  87  131  137 
(Length: 3)  87  111  116 
(Length: 4)  87  103  114  131 
(Length: 3)  87  100  111 
(Length: 4)  87  103  105  131 
(Length: 3)  87  98  145 
(Length: 3)  87  100  145 
(Length: 3)  87  88  114 
(Length: 4)  87  113  114  131 
(Length: 3)  87  94  100 
(Length: 3)  87  98  105 
(Length: 3)  88  104  106 
(Length: 3)  89  102  115 
(Length: 3)  89  96  115 
(Length: 3)  89  121  131 
(Length: 3)  89  115  140 
(Length: 3)  89  102  112 
(Length: 4)  90  102  115  126 
(Length: 3)  90  102  112 
(Length: 4)  90  126  137  143 
(Length: 3)  90  112  123 
(Length: 3)  90  113  143 
(Length: 3)  91  103  134 
(Length: 3)  91  103  121 
(Length: 3)  91  104  106 
(Length: 3)  91  121  148 
(Length: 3)  92  99  122 
(Length: 3)  92  99  138 
(Length: 3)  92  146  147 
(Length: 3)  93  128  131 
(Length: 3)  93  109  131 
(Length: 3)  93  98  109 
(Length: 3)  94  123  148 
(Length: 4)  94  97  108  110 
(Length: 3)  95  134  138 
(Length: 3)  96  115  125 
(Length: 4)  96  97  115  147 
(Length: 3)  96  110  125 
(Length: 3)  96  113  125 
(Length: 3)  97  101  143 
(Length: 3)  97  99  108 
(Length: 3)  97  113  143 
(Length: 3)  97  121  130 
(Length: 3)  97  121  147 
(Length: 3)  98  105  115 
(Length: 3)  98  102  115 
(Length: 3)  98  105  109 
(Length: 3)  98  99  105 
(Length: 4)  99  105  108  139 
(Length: 3)  99  139  144 
(Length: 3)  100  111  122 
(Length: 3)  100  122  137 
(Length: 3)  101  134  138 
(Length: 3)  101  103  146 
(Length: 3)  101  124  138 
(Length: 3)  101  103  134 
(Length: 3)  101  103  124 
(Length: 3)  101  102  143 
(Length: 3)  102  114  139 
(Length: 3)  102  111  120 
(Length: 3)  102  120  139 
(Length: 3)  103  112  123 
(Length: 3)  103  131  146 
(Length: 3)  103  123  124 
(Length: 3)  105  115  147 
(Length: 3)  105  109  131 
(Length: 3)  105  139  147 
(Length: 3)  105  108  131 
(Length: 4)  107  119  129  140 
(Length: 3)  107  119  142 
(Length: 3)  107  140  145 
(Length: 4)  107  129  140  146 
(Length: 3)  107  140  144 
(Length: 3)  107  123  140 
(Length: 3)  108  131  137 
(Length: 3)  110  112  135 
(Length: 3)  110  112  133 
(Length: 3)  111  116  124 
(Length: 3)  111  128  131 
(Length: 3)  111  120  122 
(Length: 3)  112  119  133 
(Length: 3)  113  128  133 
(Length: 3)  113  116  124 
(Length: 3)  113  120  125 
(Length: 4)  113  114  128  131 
(Length: 3)  115  125  148 
(Length: 3)  115  124  148 
(Length: 3)  115  124  126 
(Length: 3)  115  140  147 
(Length: 3)  116  123  124 
(Length: 3)  116  124  136 
(Length: 3)  116  136  149 
(Length: 3)  116  135  136 
(Length: 3)  118  121  147 
(Length: 3)  120  121  148 
(Length: 3)  120  125  148 
(Length: 3)  120  125  146 
(Length: 3)  122  135  148 
(Length: 3)  125  130  146 
(Length: 3)  128  131  137 
(Length: 3)  140  146  147 
(Length: 3)  142  147  149 
(Length: 3)  146  147  149 
...model cost: 1.81 seconds  49009 FFE
 (opt) 670.00000000 == 670.00000000 (sur)  OPTIMALITY TEST PASSED!
   BESTimpr 597.00000000 -> 655.00000000
1111*111*1*1*1**1***11**1****111**1**1**1**1**11**1*******1*1*11111***1**1******1*1**11**1*11*1*1*11*****1***11111111*111**11111**11**11***1***11*1*1*


11**111***1*11*1***1***11*11*****11*1****1**1*11***11*11*1*1*11111***1*11**1*1*1******1***111*11*11*1*11*111***1***111*1**1**11*****1*1**11*11**11***1

