Walsh model started...
 84  32  86  143  38  106  6  111  118  114  125  75  57  39  112  25  115  30  77  21 
 16  138  59  118  38  2  37  95  87  129  3  97  69  6  40 
 72  70  91  145  38  1  45  142  86  143  51  124  78  4  146  90  61  35  49  109  76  122  137  126  5 
 132  10  120  135  97  1  68  130  40  83  82 
 28  6  109  148  138  34  83  5  134  127  11  86  118  2  78  146  21  45  38  147  97 
 97  113  91  13  24  89  36  48  4  134  102  25  115  127  30  58  141  6  77  45  40  101  126  98  123  50  2  39  138 
 77  38  28  4  32  43  146  50  73  76  0  111  106  41  127  5  141  44  118  134  1  40 
 15  143  21  20  16  76  121  127  119  71  140  75  125  35  120  94  39  43  69  67 
 43  107  58  84  39  42  44  70  64  103  33  102  53  55  63  97  49  123  37  108  52  91  10  100 
 136  23  115  90  26  24  65  107  119  75  100  62  16  68  84  30  83  87  98  85  37  104 
 21  14  120  94  115  71  76  147  132  3  56  92  141  125  75  51  91  8  112  82  17  140 
 122  105  51  99  20  118  4  127  39  143  115  65  110  93  79  107  137  32  112  33  19  117  27  69  120 
 83  47  18  17  90  142  108  144  136  77  124  113  116  42 
 91  5  83  90  59  115  144  75  44  31  50  96  47  125  132  24  120  100  111  126  30  29  78  14 
 21  10  108  115  136  53  49  114  145  95  38  35  63  55  124  94  13  78  107  39 
 69  139  143  7  81  132  44  138  111  121  46  29  140  74  19  37  95  109  135  104  102  85  80  96  144  49  18  117  90 
 138  1  84  68  101  72  7  76  139  28  115  9  80  117  64  29  73  57  35  140  70 
 37  112  18  12  88  44  116  82  33  34  95  48  69  19  100  94  72  80  129  114  10  140  141 
 145  75  84  71  138  12  17  105  28  44  98  95  43  106  51  25  34  119  26  86  116  117  15 
 146  107  33  75  145  42  37  49  31  101  15  74  51  85  72  84  17  100  56  11 
 43  147  51  21  60  92  57  73  33  32  115  61  85  7  11  118  46  84  36  88  77  107  65  87  45  143  79  109  142  63  94  103 
 14  10  51  20  33  77  143  7  91  149  82  53  109  124  127  105  103  146  4  133  139  66  27  86  0  102  148 
 113  141  143  71  91  86  98  26  61  25  126  108  94  55  44  97  111  30  45  60  47 
 125  93  98  80  71  123  9  136  83  36  104  69  37  64  27  56  149  119  38  122  102  137 
 5  89  26  9  38  40  131  102  103  48  126  36  13  132  121  39  30  81  104  129  58  84 
 50  68  37  140  75  126  133  89  30  115  5  72  78  120  112  127  22  48  58  54  88  134  0  51  18  141  128 
 98  139  149  133  59  144  58  109  24  9  76  118  146  52  93  110  131  70  87  22  61  71  145  34  115  122  74  46  72  86  18  128  95  30  147 
 97  112  100  44  69  122  56  23  42  116  54  123  89  99  51  46  65  66  21  61  11  117 
 6  4  58  108  138  90  29  16  139  115  32  121  105  18  118  99  80  89 
 143  114  94  73  90  28  106  45  140  15  137  16  148  62  13  30  126  127 
 96  66  67  132  38  149  115  40  25  89  65  147  114  46  5  58  9  83  81  24  146  119  33  41  22  45  0  77  13  29  95  26 
 121  134  104  58  34  48  118  116  57  67  127  19  101  50  13  64  54  60  56  123  111  74  143  124  79  86  35  125  108  102  99  112 
 84  0  93  140  6  43  115  20  34  54  49  36  98  35  96  147  81  74  28  121  125  52  11  137  68  112  109 
 124  88  19  75  36  71  20  21  120  60  112  148  147  108  8  102  17  34  41  30  79  144  114  11  52  91  140  97  57 
 127  48  58  31  140  35  32  54  130  115  108  94  4  83  66  36  33  17  26  61  69  60  88  73  89  119  18 
 140  34  77  36  93  41  98  32  124  80  122  115  58  128  125  7  133  137  61  2  86  31  38  14  141  60  16  120  112 
 38  125  111  141  145  57  62  75  5  48  23  83  71  33  78  97  77  35  42  53  123  49  32  66  34  126  24  20  88  41  81  128  103  142  119  65  46  74  140 
 17  112  25  140  64  23  71  142  49  19  62  126  1  95  134  99  82  74  100  15  8  58  9  104 
 36  125  77  6  60  91  24  40  144  89  149  30  2  1  113  70  0  106  67  119  23  127  44  14  35  45  4  66 
 130  136  55  44  82  62  42  8  50  71  48  147  11  143  121  24  85  72  128  57  0  112  116  46  66  41  7  43  84  14  107  138  5 
 138  77  24  38  30  115  119  81  60  68  5  127  3  83  90  44  136  149  142  45  6  1  134  113 
 116  65  102  141  35  93  134  94  148  107  108  106  6  78  101  36  81  113  33  30  77  112  125  56  88  66  39 
 145  19  36  53  39  8  44  77  27  116  73  49  102  100  132  108  12  128  66 
 20  147  132  87  103  139  8  107  123  79  6  32  142  143  105  90  85  53  115  71  128  134  130  18  106  39  7  129  127 
 52  61  55  39  100  27  77  42  138  15  70  8  144  13  83  17  88  111  143  145  127  38  115  130  76  6  22  98  18  90  40  124  87  53  66  45  58  96  118 
 78  88  87  118  2  142  106  29  85  63  20  143  5  77  22  30  137  60  38  4  40  94  44  58 
 66  106  149  89  64  52  84  20  53  126  15  121  30  114  94  65  116  39  26  72  27  145  148  36  131  110  90 
 145  113  64  146  83  12  108  125  13  60  115  141  22  103 
 127  34  73  95  31  118  36  5  134  149  147  39  56  52  105  90  103  24  17  25  58  148  144  87  126 
 37  19  36  32  94  67  73  42  58  131  8  123  14  114  68  2  109  144  15  79 
 132  130  25  68  109  127  66  107  146  6  31  13  39  71  82  104  147  52  105  110  85  123  5  128 
 105  145  21  20  101  53  110  136  75  99  11  2  124  19  85  86  138  10  27  18  25  129  117  66 
 44  61  26  146  64  46  139  125  89  129  56  48  101  104  85  105  32  147  50  74  68  79  108  33  91  100  86  8 
 104  96  101  51  42  36  85  43  142  125  82  21  74  128  46  126  109  138  129  71  8  55  114  14  136  44  124  54  70 
 81  143  32  34  64  31  113  59  25  88  27  123  53  70  133  116 
 44  39  132  68  8  53  143  140  77  59  22  95  90  14  63  148  110 
 115  130  27  23  48  52  60  31  111  114  92  10  108  139  100  19  88  41  148  113  57 
 145  36  73  20  116  31  111  124  128  39  75  0  84  16  79  117  83  109  113  56  97  33 
 31  104  34  109  26  108  28  139  81  84  8  124  95  131  49  25  48  5  30  35  128  115  37  142  125  24  45  44  78  96 
 26  144  129  91  1  118  138  119  13  115  120  101  77  55  149  76  113  54  87  100  69  142 
 38  91  20  92  120  33  40  68  56  31  47  115  61  34  88  112  148  45  22  141  35  116  128 
 44  52  121  70  20  85  71  104  144  140  83  22  26  117  107  34  60  68  2  35  27  97  108  84  86  118  115  124 
 75  145  36  82  39  109  126  141  131  37  121  89  106  134  9  100  99  78  94  63  114  77  122  108  29  73  103  129 
 97  8  85  45  105  78  66  135  94  62  114  82  14  55  142  20  76  103  141  139 
 143  134  116  80  37  23  47  146  52  46  103  8  54  31  102  149  106  95  72  16  122  108  77  85  125  88 
 41  116  131  97  9  107  139  98  30  147  115  11  87  20  111  100  46  94  27  36  102 
 96  30  46  106  50  107  69  104  78  132  80  36  34  63  135  84  116  21  27  39  41  38  44  117  51  128  42 
 31  127  30  132  149  110  38  94  49  97  70  148  111  137  72  116  7  69 
 98  69  50  25  84  16  55  132  60  40  3  130  9  61  74  52  49  32  88  82  85 
 98  68  71  125  138  104  23  122  27  139  15  66  95  92  93  120  1  17  34  97  124  142  59  87  130  89  11  7  67 
 2  72  121  61  113  38  140  44  8  26  87  67  97  123  89  53  54  125  96  16  76 
 69  125  23  123  36  33  115  10  84  18  61  85  143  22  37  142  53  129  50  39  99  128  43  26  145  119  7 
 2  70  101  16  108  137  25  78  85  39  84  19  64  17  94  46  26  67  116 
 48  95  126  121  57  20  148  109  94  29  76  6  42  49  93  77  34  89  16  62 
 53  128  82  37  31  143  114  32  81  15  19  91  97  124  127  26  122  52  68  115  147  36  140 
 145  62  19  33  36  25  126  51  136  18  135  142  138  144  13  119  9  84  57  0  7  140  10  148  93  98  124  103  134 
 118  26  10  147  7  16  73  6  149  59  44  2  122  103  63  70 
 6  38  36  35  21  143  40  138  44  42  73  93  59  55  142  125  107  20  103  94  41  5  45  122  62  114  91  30  0  64  85  101  119  12  136 
 88  45  36  97  127  149  106  66  41  101  25  72  63  105  2  4  62  99  126  147  13  14  58  96 
 115  112  123  43  140  142  31  124  20  109  11  107  52  108  88  133  33  144  57  117  49 
 23  98  64  116  132  66  124  35  117  16  17  129  15  96  145  135  28  89 
 125  135  100  101  58  139  54  143  40  119  132  15  84  111  36  41  32  74  30  24  90  142  117  110  147 
 141  84  39  62  53  21  104  50  17  116  74  37  103  117  83  3  114  63  68  88  112  10 
 23  36  13  90  12  47  4  34  44  61  30  9  3  40  136  82  103  57  109 
 32  0  141  82  97  98  108  105  16  68  58  8  18  71  111  81  46  20  75  9  137  72  19  131  90  116  66  57  61  39  24  132  142  103 
 43  53  61  20  71  123  142  63  45  52  105  72  39  19  51  9  119  143  15  90  106  64  77  50  68  144  141 
 0  143  98  22  2  118  4  141  51  138  134  102  21  31  35  100  52  26  18  61  112  136  96 
 132  43  118  45  26  70  1  129  65  20  9  98  100  59  69  130  124  44  48  126  128 
 124  33  78  45  133  108  17  44  20  36  95  147  34  60  54  25  134  56  41  79  68  82  125  64  129  97 
 24  5  46  149  144  38  52  129  121  62  25  30  73  34  97  27  70  123  122  69  28  80 
 115  9  94  149  43  105  13  83  29  28  48  81  142  2  146  12  131  84  44  40  85  106  55  95  15  46 
 60  38  13  5  129  59  145  2  149  21  141  22  96  74  97  77  114  52  33  10  8 
 130  105  20  60  122  69  56  10 
 125  23  32  140  35  41  110  26  128  116  108  69  120  73  77  11  148  75  134  138 
 10  120  149  90  134  41  29  73  108  34  49  67  62  63  22  46  65  77  17  72  7  148  102  124  14  45  20  141 
 48  73  124  58  125  69  37  1  88  147  100  17  15  106  64  149  146  18  145  14  55  90  26  30 
 66  30  53  104  13  91  147  32  80  15  99  58  78  70  125  118  44  136  86 
 5  113  27  112  104  115  84  98  36  78  131  65  123  141  125  3  1  63  8  100  111  110  149  67  70  124  69  91  74  116  103  89  22  61  147  4  33  57  129  88 
 139  26  68  69  23  80  97  84  138  65  86  22  32  35  103  104  9  87  44  18  137  5  101  109  75  136 
 135  140  51  11  37  134  71  128  131  129  62  78  27  118  28  96  104  102  31  147  125 
 44  27  81  101  9  62  120  13  37  95  97  111  42  102  65  87  59  17  19  56  117  129  134  52  86  8 
 51  53  110  81  100  16  72  31  19  120  59  52  104  78  41  113  126  5  98  119  77 
 41  141  8  33  143  64  5  24  42  100  23  122  15  132  134  86  21  148  65  94  125  120  113  111  31  99 
 43  139  64  8  48  24  77  21  98  104  97  116  82  117  144  83  36  129  62  76  63  75  134  47  113  20  84 
 31  58  97  115  53  96  127  131  23  69  66  61  144  82  50  101  52  103  98  15  143  24  129  37  9  99 
 130  92  122  11  51  145  108  84  43  90  48  85  52  127  21  63  78  28  18  110  50  117  116 
 46  66  78  38  0  41  6  45  29  62  134  127  95  64  43  18  90  85 
 146  19  43  8  66  50  148  41  9  65  143  138  117  61  77  20  147  111  79  11  14  39 
 84  105  58  28  133  88  34  94  134  147  33  41  93  72  137  113  47  14  115  139  56  22  132  42  122  64  52  79  62  114  61  8  144  12  31  125 
 58  26  4  148  126  62  127  50  73  21  124  53  138  123  79  20  15  135  49  2  98  32  83  57 
 51  101  93  26  149  67  97  11  139  142  105  50  147  81  131  46  148  55 
 36  141  119  124  84  81  57  148  0  6  114  56  123  31  15  44  13  126  97  100  137  107  147  65  67  22  113  102 
 97  27  115  79  37  17  33  148  114  113  120  25  41  125  39  0  32  11  60  10  82  35  31  86 
 145  47  5  97  114  133  22  141  38  70  112  108  101  41  59  54  102  111  142  146  124  12  103  56  57  134  40 
 113  133  137  119  29  143  112  111  56  118  0  53  74  30  46  49  14  122  127  62  145  77  91  108  82  63  17  33 
 97  104  79  112  90  9  71  10  32  20  13  59  130  34  56  30  40  16  28  25  5  43  35  122  11  65  47  60  108  14  26  58  44  0  74  147  124  61 
 41  65  57  31  64  80  93  128  42  27  17  82  97  103  84  66  39  46  72  67  133  54  60  12  105  18  122  126 
 61  107  80  16  82  103  100  81  79  57  11  27  105  51  66  18  15 
 31  48  149  124  59  1  76  26  20  11  87  45  86  4  114  0  28  99  134  6  61  96  44 
 137  114  111  124  138  59  40  81  148  38  23  9  75  146  30  71  7  85  142  36  34  18  101  77 
 10  94  33  60  101  59  3  135  93  69  100  13  112  25  7  11  125  102  35 
 31  134  138  148  126  73  61  70  125  147  62  89  15  46  24  39  127  7  28  32 
 11  105  69  27  92  35  115  23  102  114  127  64  108  26  74  77  62  2  76  89  116  126  136 
 71  23  79  43  97  36  31  111  85  142  49  8  109  127  54  27  70  89  50  5 
 88  33  135  139  111  119  118  149  95  58  57  21  109  2  51  35  80  31  79  97  69  127  74  87  44  53  129  14  94  145  75  12  113  115  61 
 93  23  36  38  71  69  135  81  147  121  53  142  95  139  52  141  97  47  13  77  10  128  132  134  32  0  58  112  41  35  7  64  88  120  102  31  108  70  96  99 
 121  73  109  62  25  75  133  37  46  53  36  24  111  13  22  101  5  78  147  135  132  48  87  127  29  2  122  116 
 34  48  131  104  31  67  109  50  149  78  4  11  38  44  121  7  106  6  5  25  105  21  123  122  114  40  129  146  124  74  126  29  43 
 53  74  93  116  71  99  43  125  36  57  39  58  35  60  87  26  25  141  50  42  66 
 59  91  53  71  1  87  52  89  131  99  127  146  24  104  80  17  100  134  124  51  103  62  43  88  97 
 39  136  105  92  132  50  115  34  56  68  3  44  87  69  43  134 
 127  104  141  62  65  97  132  147  26  24  134  148  58  49  99  129  84  90  46  110 
 130  50  87  43  30  67  3  10  131  147  81  15  55  68  80  66  13  24  125  134  42  108  102  135  126  84  142 
 149  26  114  113  108  88  25  126  21  139  35  137  79  54  116 
 31  121  143  64  94  41  48  149  108  4  5  37  99  131  148  106  62  125  132  88  25  138  93  43  130  102  86  100  129  118  6  103  75  113  40 
 124  139  125  81  99  140  142  75  141  120  3  66  63  109  15  126  132  80  145 
 39  130  9  23  51  75  14  53  83  40  149  98  12  77  122  96  86 
 114  119  108  72  111  84  35  133  29  143  11  32  67  149  23  98  2  45 
 121  148  98  69  16  1  40  77  59  119  28  4  143  107  44  15  75  18  109  53  51  86  134  93  39  5 
 98  26  135  124  43  103  58  81  69  15  16  28  65  141  52  125  108  56  133  21  110  142  63 
 32  93  135  99  25  37  34  35  70  61  55  143  29  15  142  79  7  75  33  144  16  36  74  17  10 
 41  102  82  84  111  36  62  131  22  113  91  139  135  125  97  10  5  6  143  86  60  35  25  128  144  85  47  63  17  94 
 143  43  135  75  37  71  53  125  45  2  77  85  123  140  79  90  81  12  58  69  59  139  110  119  36  20  63  40  113  146  84  132 
 29  114  86  0  54  81  134  64  77  21  142  43  15  7  71  22  107  138  102  55  140  2  44  145  39  11  31  74  141  45  20  104  137  85 
 26  59  89  38  61  104  13  75  44  33  79  103  48  140  15  49  108  12  85  141 
 47  113  75  62  105  51  57  36  19  42  18  91  2  44  143  26  71  114  95  80  135  14  46  148  124 
 107  19  6  50  47  64  26  52  4  21  119  30  2  90  127  129  149  95  113  142 
 43  20  125  121  76  10  131  132  108  33  48  39  65  30  96  32  95  88  107  111  52  50  126  78  110  81  74  115  4  97  26  99 
 138  121  109  4  73  112  33  41  107  111  119  134  131  67  75  93  48  56  94  29  102  21  145  46  60  55  110 
 133  26  46  89  118  124  94  90  38  30  134  48  91  21  127  78  110  67  23  64  59  76  97  146  95  137  40  136 
-->CDecomWalshPart::vInitTrueLinkage-->GLBs: 1702
(Length: 3)  0  6  32 
(Length: 4)  0  21  77  143 
(Length: 4)  0  25  30  115 
(Length: 4)  0  25  112  115 
(Length: 4)  0  32  112  115 
(Length: 4)  0  6  38  77 
(Length: 4)  0  39  57  84 
(Length: 3)  0  86  118 
(Length: 4)  0  57  84  111 
(Length: 3)  0  39  112 
(Length: 3)  0  114  118 
(Length: 3)  0  39  143 
(Length: 3)  0  32  84 
(Length: 3)  0  6  118 
(Length: 3)  0  111  114 
(Length: 3)  0  6  111 
(Length: 4)  0  21  86  143 
(Length: 4)  0  30  77  114 
(Length: 4)  0  6  38  106 
(Length: 4)  0  38  77  125 
(Length: 3)  0  86  112 
(Length: 3)  0  25  75 
(Length: 3)  0  112  114 
(Length: 4)  0  32  112  125 
(Length: 4)  0  77  114  143 
(Length: 4)  0  30  38  77 
(Length: 4)  0  57  75  84 
(Length: 3)  1  3  40 
(Length: 3)  1  40  138 
(Length: 3)  1  2  38 
(Length: 4)  1  59  69  87 
(Length: 3)  1  16  138 
(Length: 3)  1  69  95 
(Length: 3)  1  69  97 
(Length: 3)  1  37  95 
(Length: 3)  1  97  129 
(Length: 4)  1  59  87  129 
(Length: 3)  1  6  118 
(Length: 4)  1  6  38  40 
(Length: 4)  1  59  87  118 
(Length: 3)  1  3  97 
(Length: 4)  1  59  69  138 
(Length: 3)  2  51  86 
(Length: 3)  2  91  145 
(Length: 4)  2  35  61  124 
(Length: 3)  2  70  72 
(Length: 3)  2  5  91 
(Length: 3)  2  61  70 
(Length: 3)  2  35  38 
(Length: 3)  2  38  70 
(Length: 3)  2  72  137 
(Length: 4)  2  4  45  78 
(Length: 4)  2  4  5  45 
(Length: 3)  2  122  126 
(Length: 3)  2  5  126 
(Length: 3)  2  72  78 
(Length: 3)  2  4  86 
(Length: 4)  2  45  142  143 
(Length: 3)  2  109  126 
(Length: 3)  2  109  124 
(Length: 4)  2  90  142  146 
(Length: 4)  2  4  38  45 
(Length: 3)  2  143  145 
(Length: 3)  2  4  109 
(Length: 3)  2  35  137 
(Length: 3)  2  78  126 
(Length: 3)  2  38  91 
(Length: 3)  2  35  122 
(Length: 3)  2  70  76 
(Length: 4)  2  45  137  143 
(Length: 3)  2  4  146 
(Length: 3)  2  76  122 
(Length: 4)  2  35  61  86 
(Length: 4)  2  51  124  145 
(Length: 3)  2  49  109 
(Length: 3)  2  86  143 
(Length: 3)  3  10  120 
(Length: 3)  3  10  82 
(Length: 3)  3  82  83 
(Length: 3)  3  10  132 
(Length: 4)  3  68  130  132 
(Length: 3)  3  120  135 
(Length: 3)  3  132  135 
(Length: 3)  3  68  82 
(Length: 3)  3  40  83 
(Length: 3)  3  40  68 
(Length: 4)  4  134  138  148 
(Length: 3)  4  34  127 
(Length: 3)  4  21  86 
(Length: 3)  4  83  109 
(Length: 4)  4  78  97  147 
(Length: 4)  4  5  134  138 
(Length: 3)  4  45  118 
(Length: 3)  4  11  127 
(Length: 3)  4  78  127 
(Length: 4)  4  6  127  146 
(Length: 4)  4  21  109  127 
(Length: 4)  4  5  6  134 
(Length: 3)  4  5  97 
(Length: 4)  4  6  28  118 
(Length: 4)  4  6  118  134 
(Length: 4)  4  86  134  138 
(Length: 4)  4  5  6  127 
(Length: 3)  4  11  118 
(Length: 3)  4  28  138 
(Length: 4)  4  109  138  148 
(Length: 4)  4  21  127  146 
(Length: 3)  4  34  83 
(Length: 4)  4  6  38  127 
(Length: 4)  4  21  109  148 
(Length: 4)  4  86  118  134 
(Length: 4)  5  25  50  127 
(Length: 4)  5  6  40  77 
(Length: 4)  5  50  123  127 
(Length: 4)  5  6  50  127 
(Length: 3)  5  6  141 
(Length: 3)  5  25  141 
(Length: 4)  5  25  48  134 
(Length: 5)  5  25  48  126  127 
(Length: 5)  5  24  36  48  126 
(Length: 5)  5  30  40  45  77 
(Length: 4)  5  97  113  141 
(Length: 4)  5  40  77  138 
(Length: 4)  5  25  48  58 
(Length: 5)  5  25  30  58  115 
(Length: 4)  5  36  97  123 
(Length: 3)  5  97  115 
(Length: 4)  5  6  40  134 
(Length: 4)  5  30  40  115 
(Length: 3)  5  101  113 
(Length: 3)  5  97  98 
(Length: 4)  5  6  40  127 
(Length: 4)  5  102  113  141 
(Length: 3)  5  36  77 
(Length: 4)  5  40  134  138 
(Length: 4)  5  40  113  134 
(Length: 3)  5  24  102 
(Length: 3)  5  13  91 
(Length: 4)  5  24  48  58 
(Length: 3)  5  98  101 
(Length: 3)  5  77  101 
(Length: 3)  5  77  91 
(Length: 4)  5  91  97  141 
(Length: 3)  5  98  138 
(Length: 4)  5  102  113  134 
(Length: 3)  5  13  50 
(Length: 4)  5  89  97  123 
(Length: 4)  5  36  97  141 
(Length: 3)  5  39  138 
(Length: 3)  5  101  126 
(Length: 4)  5  24  39  48 
(Length: 4)  5  24  30  40 
(Length: 4)  5  24  30  89 
(Length: 4)  5  13  30  115 
(Length: 4)  5  13  24  126 
(Length: 3)  5  39  50 
(Length: 4)  5  25  30  89 
(Length: 4)  5  30  45  58 
(Length: 4)  5  24  30  58 
(Length: 4)  5  13  24  30 
(Length: 4)  6  38  106  127 
(Length: 3)  6  41  77 
(Length: 3)  6  32  43 
(Length: 5)  6  38  40  44  127 
(Length: 3)  6  73  76 
(Length: 3)  6  41  141 
(Length: 3)  6  111  141 
(Length: 4)  6  41  106  134 
(Length: 3)  6  28  32 
(Length: 3)  6  73  77 
(Length: 4)  6  44  76  118 
(Length: 5)  6  38  40  44  77 
(Length: 4)  6  43  106  127 
(Length: 4)  6  43  106  134 
(Length: 4)  6  50  127  146 
(Length: 3)  6  44  111 
(Length: 4)  7  16  35  140 
(Length: 3)  7  67  94 
(Length: 3)  7  15  121 
(Length: 4)  7  69  120  125 
(Length: 3)  7  43  127 
(Length: 4)  7  69  71  125 
(Length: 3)  7  39  121 
(Length: 3)  7  71  119 
(Length: 3)  7  75  119 
(Length: 4)  7  20  43  143 
(Length: 3)  7  16  76 
(Length: 3)  7  121  125 
(Length: 4)  7  20  21  143 
(Length: 3)  7  20  94 
(Length: 3)  7  67  69 
(Length: 4)  7  35  120  125 
(Length: 3)  7  15  69 
(Length: 3)  7  75  140 
(Length: 3)  7  94  120 
(Length: 4)  7  15  140  143 
(Length: 3)  7  67  127 
(Length: 5)  7  39  43  71  143 
(Length: 3)  7  121  127 
(Length: 3)  7  21  127 
(Length: 3)  8  55  63 
(Length: 4)  8  70  97  123 
(Length: 4)  8  58  84  108 
(Length: 3)  8  97  100 
(Length: 3)  8  37  64 
(Length: 4)  8  42  44  100 
(Length: 4)  8  42  100  102 
(Length: 4)  8  37  49  58 
(Length: 3)  8  49  123 
(Length: 3)  8  44  58 
(Length: 4)  8  39  44  55 
(Length: 3)  8  64  102 
(Length: 4)  8  33  91  97 
(Length: 3)  8  64  103 
(Length: 3)  8  43  103 
(Length: 4)  8  42  44  53 
(Length: 4)  8  39  43  107 
(Length: 4)  8  44  52  100 
(Length: 3)  8  42  49 
(Length: 4)  8  52  64  108 
(Length: 4)  8  39  42  44 
(Length: 4)  8  84  97  103 
(Length: 3)  8  33  102 
(Length: 4)  8  33  52  108 
(Length: 4)  8  44  53  55 
(Length: 4)  8  63  97  103 
(Length: 3)  8  43  123 
(Length: 3)  8  10  91 
(Length: 4)  8  33  52  91 
(Length: 3)  8  42  108 
(Length: 3)  8  43  53 
(Length: 3)  8  39  84 
(Length: 4)  8  44  53  70 
(Length: 3)  8  37  100 
(Length: 3)  9  68  85 
(Length: 4)  9  16  68  84 
(Length: 3)  9  104  115 
(Length: 4)  9  30  65  115 
(Length: 4)  9  65  87  98 
(Length: 4)  9  26  87  98 
(Length: 4)  9  23  98  104 
(Length: 4)  9  75  84  98 
(Length: 4)  9  23  83  136 
(Length: 4)  9  37  62  100 
(Length: 3)  9  75  119 
(Length: 4)  9  23  98  136 
(Length: 4)  9  75  98  136 
(Length: 4)  9  68  84  98 
(Length: 3)  9  85  90 
(Length: 3)  9  84  90 
(Length: 4)  9  24  26  30 
(Length: 3)  9  30  83 
(Length: 4)  9  65  87  100 
(Length: 3)  9  65  107 
(Length: 3)  9  30  119 
(Length: 3)  9  23  119 
(Length: 3)  9  83  90 
(Length: 3)  9  85  119 
(Length: 4)  9  26  30  115 
(Length: 3)  9  24  84 
(Length: 3)  9  90  115 
(Length: 4)  9  23  37  104 
(Length: 3)  9  24  104 
(Length: 3)  9  16  115 
(Length: 3)  9  62  75 
(Length: 3)  10  17  140 
(Length: 3)  10  14  21 
(Length: 3)  10  115  147 
(Length: 3)  10  112  115 
(Length: 3)  10  71  125 
(Length: 3)  10  21  51 
(Length: 3)  10  56  115 
(Length: 4)  10  112  120  125 
(Length: 3)  10  75  140 
(Length: 3)  10  125  141 
(Length: 3)  10  14  94 
(Length: 4)  10  17  82  141 
(Length: 3)  10  21  91 
(Length: 3)  10  91  141 
(Length: 3)  10  76  147 
(Length: 3)  10  21  82 
(Length: 4)  10  125  132  147 
(Length: 3)  10  51  75 
(Length: 4)  10  17  82  112 
(Length: 4)  10  17  94  141 
(Length: 3)  10  14  115 
(Length: 3)  10  94  120 
(Length: 3)  10  56  92 
(Length: 3)  10  71  115 
(Length: 4)  11  20  107  143 
(Length: 3)  11  137  143 
(Length: 3)  11  27  112 
(Length: 3)  11  93  110 
(Length: 4)  11  32  112  115 
(Length: 3)  11  20  51 
(Length: 3)  11  20  118 
(Length: 4)  11  79  107  117 
(Length: 4)  11  27  51  99 
(Length: 3)  11  32  137 
(Length: 4)  11  79  112  115 
(Length: 3)  11  19  33 
(Length: 4)  11  33  112  120 
(Length: 4)  11  20  33  79 
(Length: 4)  11  33  79  112 
(Length: 3)  11  32  93 
(Length: 4)  11  69  93  120 
(Length: 4)  11  51  105  117 
(Length: 4)  11  20  65  107 
(Length: 3)  11  39  112 
(Length: 3)  11  99  118 
(Length: 4)  11  27  69  122 
(Length: 4)  11  105  122  127 
(Length: 4)  11  20  79  115 
(Length: 4)  11  20  65  115 
(Length: 4)  11  20  32  115 
(Length: 3)  11  115  122 
(Length: 3)  11  19  107 
(Length: 3)  11  19  51 
(Length: 3)  11  27  65 
(Length: 4)  11  51  105  110 
(Length: 4)  11  27  51  117 
(Length: 4)  11  20  79  107 
(Length: 4)  11  39  107  143 
(Length: 4)  12  17  18  116 
(Length: 3)  12  83  136 
(Length: 3)  12  90  142 
(Length: 3)  12  47  83 
(Length: 3)  12  113  142 
(Length: 3)  12  77  136 
(Length: 3)  12  42  77 
(Length: 4)  12  47  108  113 
(Length: 3)  12  42  116 
(Length: 3)  12  83  90 
(Length: 3)  12  113  124 
(Length: 3)  12  108  144 
(Length: 3)  12  42  108 
(Length: 3)  12  77  142 
(Length: 4)  13  44  83  90 
(Length: 4)  13  24  30  132 
(Length: 3)  13  47  125 
(Length: 4)  13  59  100  120 
(Length: 3)  13  47  83 
(Length: 3)  13  59  91 
(Length: 3)  13  96  125 
(Length: 3)  13  29  90 
(Length: 3)  13  91  96 
(Length: 3)  13  14  78 
(Length: 3)  13  44  96 
(Length: 3)  13  47  115 
(Length: 3)  13  59  144 
(Length: 3)  13  29  30 
(Length: 3)  13  50  132 
(Length: 3)  13  120  125 
(Length: 3)  13  59  115 
(Length: 3)  13  30  83 
(Length: 3)  13  30  96 
(Length: 3)  13  125  132 
(Length: 3)  13  31  125 
(Length: 3)  13  14  115 
(Length: 3)  13  111  126 
(Length: 3)  13  75  126 
(Length: 3)  13  78  126 
(Length: 3)  13  31  50 
(Length: 3)  13  78  96 
(Length: 4)  13  44  100  111 
(Length: 3)  13  31  111 
(Length: 3)  13  75  144 
(Length: 3)  13  29  126 
(Length: 4)  13  44  90  115 
(Length: 3)  13  44  144 
(Length: 4)  13  24  126  132 
(Length: 3)  14  63  78 
(Length: 4)  14  21  53  124 
(Length: 3)  14  63  114 
(Length: 3)  14  114  145 
(Length: 3)  14  49  114 
(Length: 3)  14  53  114 
(Length: 4)  14  95  124  145 
(Length: 3)  14  94  124 
(Length: 3)  14  63  94 
(Length: 3)  14  53  55 
(Length: 4)  14  35  115  124 
(Length: 3)  14  108  115 
(Length: 3)  14  35  38 
(Length: 3)  14  108  114 
(Length: 3)  14  49  94 
(Length: 3)  14  39  136 
(Length: 3)  14  39  107 
(Length: 3)  14  53  136 
(Length: 3)  14  55  95 
(Length: 3)  14  39  55 
(Length: 3)  14  55  63 
(Length: 3)  14  94  108 
(Length: 3)  15  85  144 
(Length: 4)  15  81  135  139 
(Length: 3)  15  37  95 
(Length: 4)  15  81  132  135 
(Length: 3)  15  37  104 
(Length: 3)  15  49  109 
(Length: 3)  15  69  95 
(Length: 3)  15  90  95 
(Length: 3)  15  85  90 
(Length: 3)  15  80  117 
(Length: 3)  15  19  85 
(Length: 3)  15  46  90 
(Length: 3)  15  96  104 
(Length: 3)  15  81  117 
(Length: 3)  15  69  139 
(Length: 3)  15  140  144 
(Length: 3)  15  81  111 
(Length: 4)  15  74  140  143 
(Length: 3)  15  104  143 
(Length: 3)  15  46  121 
(Length: 4)  15  80  132  135 
(Length: 3)  15  121  138 
(Length: 3)  15  85  143 
(Length: 3)  15  81  90 
(Length: 3)  15  102  143 
(Length: 3)  15  102  132 
(Length: 3)  15  44  96 
(Length: 4)  15  19  37  49 
(Length: 3)  15  44  111 
(Length: 3)  15  102  111 
(Length: 4)  15  18  44  138 
(Length: 3)  15  18  95 
(Length: 3)  15  18  117 
(Length: 4)  15  44  138  143 
(Length: 4)  15  19  37  74 
(Length: 4)  15  74  81  143 
(Length: 3)  15  109  135 
(Length: 3)  15  49  144 
(Length: 3)  15  80  96 
(Length: 3)  15  69  104 
(Length: 3)  15  44  90 
(Length: 3)  15  44  144 
(Length: 3)  15  109  138 
(Length: 3)  15  135  140 
(Length: 4)  15  37  74  140 
(Length: 4)  15  29  140  143 
(Length: 3)  15  29  90 
(Length: 3)  15  104  144 
(Length: 3)  15  69  138 
(Length: 3)  16  72  84 
(Length: 3)  16  35  80 
(Length: 3)  16  64  72 
(Length: 3)  16  70  72 
(Length: 3)  16  28  29 
(Length: 3)  16  72  101 
(Length: 3)  16  57  73 
(Length: 3)  16  64  80 
(Length: 3)  16  35  115 
(Length: 3)  16  29  73 
(Length: 3)  16  28  80 
(Length: 3)  16  70  76 
(Length: 3)  16  28  115 
(Length: 3)  16  28  138 
(Length: 3)  16  28  139 
(Length: 3)  16  29  140 
(Length: 3)  16  80  117 
(Length: 3)  16  57  84 
(Length: 3)  16  70  140 
(Length: 3)  16  73  76 
(Length: 3)  16  57  117 
(Length: 3)  17  19  72 
(Length: 3)  17  72  116 
(Length: 3)  17  80  116 
(Length: 3)  17  37  140 
(Length: 3)  17  48  95 
(Length: 3)  17  44  88 
(Length: 3)  17  80  129 
(Length: 3)  17  88  95 
(Length: 3)  17  100  129 
(Length: 3)  17  19  33 
(Length: 4)  17  33  34  140 
(Length: 3)  17  72  94 
(Length: 3)  17  44  100 
(Length: 3)  17  69  95 
(Length: 4)  17  37  95  100 
(Length: 3)  17  88  129 
(Length: 4)  17  33  34  88 
(Length: 3)  17  18  44 
(Length: 3)  17  34  69 
(Length: 3)  17  34  94 
(Length: 3)  17  18  95 
(Length: 3)  17  34  48 
(Length: 3)  17  18  34 
(Length: 4)  17  19  37  100 
(Length: 4)  17  33  112  114 
(Length: 4)  17  37  82  112 
(Length: 3)  17  82  88 
(Length: 4)  17  82  112  114 
(Length: 3)  17  82  116 
(Length: 3)  18  34  119 
(Length: 4)  18  51  105  145 
(Length: 3)  18  71  119 
(Length: 3)  18  28  138 
(Length: 4)  18  86  98  138 
(Length: 4)  18  26  86  98 
(Length: 3)  18  44  145 
(Length: 3)  18  43  71 
(Length: 4)  18  26  71  145 
(Length: 3)  18  95  106 
(Length: 4)  18  25  51  75 
(Length: 4)  18  75  84  98 
(Length: 4)  18  75  98  138 
(Length: 3)  18  43  106 
(Length: 4)  18  26  95  145 
(Length: 4)  18  84  105  116 
(Length: 3)  18  26  34 
(Length: 4)  18  51  75  138 
(Length: 3)  18  28  105 
(Length: 4)  18  51  105  117 
(Length: 4)  18  75  119  138 
(Length: 4)  18  44  98  138 
(Length: 4)  18  51  75  145 
(Length: 3)  18  43  105 
(Length: 4)  18  51  86  138 
(Length: 3)  18  71  84 
(Length: 3)  19  107  146 
(Length: 3)  19  72  84 
(Length: 3)  19  100  101 
(Length: 3)  19  31  74 
(Length: 3)  19  31  101 
(Length: 3)  19  31  56 
(Length: 3)  19  72  101 
(Length: 3)  19  51  101 
(Length: 3)  19  75  84 
(Length: 3)  19  51  85 
(Length: 3)  19  42  49 
(Length: 3)  19  42  145 
(Length: 3)  19  42  100 
(Length: 3)  19  33  75 
(Length: 3)  19  72  85 
(Length: 3)  19  56  100 
(Length: 4)  19  51  75  145 
(Length: 4)  20  73  77  94 
(Length: 5)  20  45  63  85  142 
(Length: 3)  20  32  109 
(Length: 6)  20  45  77  85  142  143 
(Length: 4)  20  21  77  103 
(Length: 4)  20  33  36  88 
(Length: 3)  20  46  84 
(Length: 4)  20  45  60  88 
(Length: 4)  20  65  115  147 
(Length: 3)  20  51  85 
(Length: 5)  20  43  85  142  143 
(Length: 3)  20  65  87 
(Length: 3)  20  61  85 
(Length: 4)  20  43  79  107 
(Length: 3)  20  57  84 
(Length: 3)  20  60  92 
(Length: 5)  20  32  43  115  147 
(Length: 3)  20  61  118 
(Length: 3)  20  61  107 
(Length: 4)  20  46  65  94 
(Length: 4)  20  57  73  109 
(Length: 3)  20  84  142 
(Length: 3)  20  61  84 
(Length: 4)  20  36  77  142 
(Length: 4)  20  33  60  88 
(Length: 4)  20  33  88  147 
(Length: 4)  20  65  107  147 
(Length: 4)  20  43  79  115 
(Length: 3)  20  21  33 
(Length: 3)  20  21  51 
(Length: 3)  20  43  87 
(Length: 4)  20  33  57  79 
(Length: 4)  20  60  61  115 
(Length: 3)  20  32  84 
(Length: 4)  20  43  107  147 
(Length: 4)  20  45  87  118 
(Length: 4)  20  45  77  94 
(Length: 4)  20  43  107  143 
(Length: 4)  20  77  107  143 
(Length: 4)  20  33  36  57 
(Length: 3)  20  32  36 
(Length: 4)  20  36  77  103 
(Length: 3)  20  43  103 
(Length: 3)  20  63  103 
(Length: 3)  20  84  103 
(Length: 4)  20  43  79  142 
(Length: 4)  20  21  77  143 
(Length: 4)  20  57  79  109 
(Length: 4)  20  45  63  94 
(Length: 4)  20  33  79  88 
(Length: 4)  20  36  46  65 
(Length: 3)  20  21  109 
(Length: 3)  21  77  91 
(Length: 3)  21  133  139 
(Length: 3)  21  33  124 
(Length: 3)  21  91  149 
(Length: 3)  21  124  139 
(Length: 3)  21  53  82 
(Length: 4)  21  33  102  148 
(Length: 4)  21  109  124  127 
(Length: 4)  21  53  109  124 
(Length: 3)  21  82  103 
(Length: 3)  21  133  149 
(Length: 4)  21  124  127  149 
(Length: 3)  21  103  139 
(Length: 4)  21  86  102  143 
(Length: 3)  21  105  127 
(Length: 3)  21  33  91 
(Length: 4)  21  127  146  149 
(Length: 4)  21  51  53  124 
(Length: 3)  21  51  86 
(Length: 3)  21  51  105 
(Length: 4)  21  27  51  66 
(Length: 5)  22  97  111  113  141 
(Length: 3)  22  45  60 
(Length: 3)  22  44  61 
(Length: 3)  22  94  108 
(Length: 4)  22  47  60  141 
(Length: 3)  22  45  94 
(Length: 4)  22  26  86  98 
(Length: 3)  22  26  30 
(Length: 4)  22  91  97  141 
(Length: 3)  22  61  97 
(Length: 3)  22  61  108 
(Length: 3)  22  44  98 
(Length: 3)  22  44  111 
(Length: 4)  22  44  55  143 
(Length: 4)  22  60  91  141 
(Length: 3)  22  111  126 
(Length: 3)  22  25  30 
(Length: 3)  22  71  143 
(Length: 4)  22  47  108  113 
(Length: 3)  22  60  61 
(Length: 4)  22  26  61  86 
(Length: 3)  22  25  141 
(Length: 3)  22  25  126 
(Length: 3)  22  30  45 
(Length: 4)  22  44  45  143 
(Length: 4)  22  26  61  71 
(Length: 4)  22  86  141  143 
(Length: 4)  22  47  113  141 
(Length: 3)  22  97  98 
(Length: 3)  22  94  141 
(Length: 3)  23  64  80 
(Length: 3)  23  98  137 
(Length: 4)  23  69  93  125 
(Length: 3)  23  27  56 
(Length: 3)  23  122  136 
(Length: 4)  23  36  71  119 
(Length: 3)  23  37  64 
(Length: 4)  23  64  102  122 
(Length: 4)  23  64  102  125 
(Length: 3)  23  27  123 
(Length: 3)  23  137  149 
(Length: 3)  23  64  149 
(Length: 3)  23  36  83 
(Length: 4)  23  36  38  125 
(Length: 3)  23  37  71 
(Length: 3)  23  136  149 
(Length: 4)  23  69  71  125 
(Length: 3)  23  38  149 
(Length: 4)  23  36  38  119 
(Length: 4)  23  27  69  122 
(Length: 4)  23  36  71  125 
(Length: 3)  23  119  137 
(Length: 4)  23  36  71  123 
(Length: 3)  23  80  98 
(Length: 4)  23  69  98  104 
(Length: 4)  24  58  81  84 
(Length: 4)  24  30  38  40 
(Length: 4)  24  30  38  89 
(Length: 4)  24  103  104  129 
(Length: 4)  24  104  129  131 
(Length: 4)  24  81  84  132 
(Length: 4)  24  30  81  132 
(Length: 3)  24  39  84 
(Length: 3)  24  102  132 
(Length: 4)  24  84  131  132 
(Length: 4)  24  58  84  131 
(Length: 4)  24  26  30  58 
(Length: 3)  24  36  81 
(Length: 3)  24  39  121 
(Length: 4)  24  36  48  103 
(Length: 3)  24  84  103 
(Length: 3)  24  89  129 
(Length: 4)  24  30  40  81 
(Length: 3)  24  36  38 
(Length: 3)  24  89  121 
(Length: 3)  24  121  126 
(Length: 4)  24  58  104  131 
(Length: 4)  24  26  58  131 
(Length: 4)  24  30  58  81 
(Length: 3)  25  58  78 
(Length: 3)  25  37  58 
(Length: 3)  25  37  140 
(Length: 3)  25  50  68 
(Length: 4)  25  54  88  133 
(Length: 3)  25  78  88 
(Length: 3)  25  75  134 
(Length: 3)  25  75  140 
(Length: 3)  25  72  78 
(Length: 4)  25  78  126  127 
(Length: 3)  25  112  120 
(Length: 3)  25  88  134 
(Length: 3)  25  68  88 
(Length: 3)  25  37  112 
(Length: 3)  25  37  126 
(Length: 3)  25  58  128 
(Length: 3)  25  37  134 
(Length: 3)  25  50  128 
(Length: 3)  25  75  126 
(Length: 3)  25  128  141 
(Length: 3)  25  126  133 
(Length: 3)  26  58  139 
(Length: 3)  26  133  149 
(Length: 3)  26  70  76 
(Length: 4)  26  59  87  118 
(Length: 3)  26  59  144 
(Length: 5)  26  59  76  118  149 
(Length: 3)  26  93  128 
(Length: 4)  26  30  58  115 
(Length: 3)  26  133  139 
(Length: 3)  26  58  128 
(Length: 3)  26  93  110 
(Length: 3)  26  52  146 
(Length: 4)  26  61  71  115 
(Length: 4)  26  30  46  149 
(Length: 4)  26  30  115  147 
(Length: 3)  26  46  52 
(Length: 3)  26  110  139 
(Length: 4)  26  61  86  118 
(Length: 4)  26  52  74  147 
(Length: 4)  26  34  61  115 
(Length: 3)  26  71  128 
(Length: 3)  26  61  144 
(Length: 4)  26  30  58  95 
(Length: 3)  26  74  128 
(Length: 3)  26  70  72 
(Length: 5)  26  30  95  146  149 
(Length: 3)  26  59  115 
(Length: 4)  26  34  58  115 
(Length: 4)  26  74  115  122 
(Length: 4)  26  74  115  147 
(Length: 3)  26  58  109 
(Length: 3)  26  70  87 
(Length: 3)  26  98  109 
(Length: 4)  26  30  95  147 
(Length: 3)  26  87  128 
(Length: 3)  26  98  139 
(Length: 3)  26  76  122 
(Length: 4)  26  52  61  86 
(Length: 4)  26  46  110  149 
(Length: 3)  26  46  72 
(Length: 4)  26  110  131  147 
(Length: 4)  26  46  110  131 
(Length: 3)  26  52  139 
(Length: 3)  26  46  145 
(Length: 3)  26  61  70 
(Length: 3)  26  76  147 
(Length: 3)  27  46  89 
(Length: 4)  27  42  44  66 
(Length: 3)  27  61  117 
(Length: 3)  27  116  122 
(Length: 4)  27  46  66  116 
(Length: 3)  27  44  61 
(Length: 4)  27  51  66  117 
(Length: 3)  27  66  69 
(Length: 4)  27  46  65  116 
(Length: 4)  27  89  97  123 
(Length: 3)  27  56  100 
(Length: 3)  27  54  116 
(Length: 4)  27  69  89  97 
(Length: 3)  27  100  117 
(Length: 4)  27  65  97  100 
(Length: 4)  27  65  97  116 
(Length: 4)  27  42  66  116 
(Length: 3)  27  97  112 
(Length: 3)  27  61  97 
(Length: 4)  27  42  44  100 
(Length: 3)  27  54  123 
(Length: 4)  27  69  89  122 
(Length: 4)  28  58  108  139 
(Length: 3)  28  80  89 
(Length: 3)  28  90  105 
(Length: 3)  28  90  115 
(Length: 3)  28  32  121 
(Length: 3)  28  99  118 
(Length: 3)  28  29  90 
(Length: 3)  28  105  108 
(Length: 4)  28  58  108  115 
(Length: 3)  28  121  138 
(Length: 3)  28  89  121 
(Length: 3)  28  32  115 
(Length: 3)  29  90  94 
(Length: 3)  29  30  114 
(Length: 3)  29  90  106 
(Length: 4)  29  62  73  126 
(Length: 3)  29  126  127 
(Length: 3)  29  45  94 
(Length: 3)  29  30  45 
(Length: 3)  29  45  106 
(Length: 4)  29  45  137  143 
(Length: 3)  29  114  127 
(Length: 3)  29  62  114 
(Length: 4)  29  73  94  148 
(Length: 4)  29  114  137  143 
(Length: 4)  29  62  73  94 
(Length: 3)  29  106  127 
(Length: 3)  29  62  106 
(Length: 3)  30  96  147 
(Length: 3)  30  33  41 
(Length: 4)  30  46  89  149 
(Length: 4)  30  65  115  147 
(Length: 3)  30  46  65 
(Length: 3)  30  66  132 
(Length: 4)  30  38  89  149 
(Length: 5)  30  38  40  77  119 
(Length: 3)  30  66  96 
(Length: 4)  30  40  81  119 
(Length: 5)  30  38  40  45  77 
(Length: 3)  30  41  65 
(Length: 3)  30  41  81 
(Length: 3)  30  67  132 
(Length: 3)  30  46  114 
(Length: 3)  30  58  96 
(Length: 3)  30  40  83 
(Length: 4)  30  77  114  119 
(Length: 3)  30  33  114 
(Length: 4)  30  38  67  149 
(Length: 3)  30  38  66 
(Length: 3)  30  46  66 
(Length: 3)  30  41  77 
(Length: 4)  30  38  40  149 
(Length: 4)  30  81  132  147 
(Length: 3)  30  41  66 
(Length: 3)  30  33  147 
(Length: 3)  30  119  146 
(Length: 4)  31  56  57  111 
(Length: 4)  31  54  64  116 
(Length: 3)  31  67  111 
(Length: 3)  31  118  124 
(Length: 4)  31  34  35  58 
(Length: 5)  31  99  102  125  134 
(Length: 3)  31  57  116 
(Length: 3)  31  121  127 
(Length: 3)  31  99  104 
(Length: 3)  31  101  104 
(Length: 4)  31  50  123  127 
(Length: 3)  31  104  143 
(Length: 3)  31  67  127 
(Length: 3)  31  74  143 
(Length: 4)  31  54  64  143 
(Length: 3)  31  54  123 
(Length: 5)  31  64  102  125  134 
(Length: 4)  31  121  125  134 
(Length: 4)  31  34  48  58 
(Length: 5)  31  86  102  134  143 
(Length: 4)  31  35  58  125 
(Length: 4)  31  35  58  124 
(Length: 4)  31  34  58  108 
(Length: 3)  31  58  104 
(Length: 4)  31  35  86  112 
(Length: 4)  31  34  35  60 
(Length: 3)  31  34  54 
(Length: 4)  31  57  79  124 
(Length: 4)  31  99  118  134 
(Length: 4)  31  58  108  125 
(Length: 3)  31  111  123 
(Length: 3)  31  56  108 
(Length: 5)  31  64  108  125  134 
(Length: 3)  31  79  108 
(Length: 4)  31  48  118  134 
(Length: 4)  31  86  118  134 
(Length: 3)  31  48  56 
(Length: 4)  31  57  111  124 
(Length: 3)  31  79  112 
(Length: 3)  31  79  123 
(Length: 4)  31  34  48  127 
(Length: 3)  31  56  60 
(Length: 4)  31  50  104  127 
(Length: 4)  31  35  60  112 
(Length: 3)  31  60  116 
(Length: 4)  31  35  112  125 
(Length: 3)  31  67  116 
(Length: 3)  31  102  111 
(Length: 5)  31  64  102  134  143 
(Length: 4)  31  74  124  127 
(Length: 4)  32  52  68  74 
(Length: 4)  32  96  125  147 
(Length: 3)  32  81  84 
(Length: 4)  32  36  81  125 
(Length: 3)  32  54  81 
(Length: 3)  32  49  109 
(Length: 4)  32  81  125  147 
(Length: 3)  32  36  49 
(Length: 3)  32  34  54 
(Length: 3)  32  98  109 
(Length: 4)  32  35  93  140 
(Length: 4)  32  121  125  147 
(Length: 4)  32  36  74  81 
(Length: 4)  32  35  112  125 
(Length: 5)  32  34  35  36  140 
(Length: 3)  32  49  68 
(Length: 4)  32  35  93  125 
(Length: 4)  32  35  98  137 
(Length: 4)  32  35  112  115 
(Length: 4)  32  34  35  115 
(Length: 4)  32  84  98  137 
(Length: 4)  32  35  36  125 
(Length: 4)  32  74  115  147 
(Length: 4)  32  52  74  147 
(Length: 4)  32  52  125  147 
(Length: 4)  32  68  84  98 
(Length: 4)  32  74  81  147 
(Length: 4)  32  36  74  140 
(Length: 4)  33  36  88  97 
(Length: 4)  33  52  79  108 
(Length: 4)  33  57  79  124 
(Length: 4)  33  52  108  147 
(Length: 4)  33  34  88  108 
(Length: 4)  33  36  57  75 
(Length: 4)  33  60  112  148 
(Length: 3)  33  75  148 
(Length: 4)  33  34  36  88 
(Length: 4)  33  60  112  120 
(Length: 4)  33  34  36  140 
(Length: 4)  33  57  97  124 
(Length: 4)  33  36  41  88 
(Length: 4)  33  34  60  88 
(Length: 4)  33  75  140  144 
(Length: 4)  33  41  88  108 
(Length: 4)  33  36  57  97 
(Length: 4)  33  57  75  124 
(Length: 3)  33  97  112 
(Length: 4)  33  41  112  148 
(Length: 4)  33  36  75  140 
(Length: 4)  33  88  97  124 
(Length: 3)  33  102  120 
(Length: 4)  33  88  97  147 
(Length: 4)  33  79  88  108 
(Length: 4)  33  79  88  124 
(Length: 4)  33  88  108  147 
(Length: 3)  33  91  114 
(Length: 4)  33  41  102  148 
(Length: 4)  33  79  140  144 
(Length: 3)  33  36  71 
(Length: 3)  33  108  114 
(Length: 4)  33  79  108  144 
(Length: 3)  33  60  91 
(Length: 3)  34  36  119 
(Length: 3)  34  73  89 
(Length: 3)  34  36  66 
(Length: 4)  34  61  108  115 
(Length: 3)  34  94  108 
(Length: 3)  34  69  130 
(Length: 4)  34  58  108  115 
(Length: 3)  34  115  130 
(Length: 4)  34  35  61  140 
(Length: 3)  34  48  73 
(Length: 3)  34  73  94 
(Length: 3)  34  36  48 
(Length: 3)  34  61  83 
(Length: 5)  34  35  60  61  115 
(Length: 3)  34  36  83 
(Length: 3)  34  54  88 
(Length: 3)  34  69  89 
(Length: 4)  34  35  58  115 
(Length: 3)  34  66  69 
(Length: 5)  35  36  38  77  125 
(Length: 5)  35  36  41  77  125 
(Length: 3)  35  86  98 
(Length: 3)  35  133  137 
(Length: 3)  35  86  141 
(Length: 3)  35  115  122 
(Length: 4)  35  61  115  124 
(Length: 3)  35  80  98 
(Length: 5)  35  36  125  128  141 
(Length: 3)  35  77  122 
(Length: 3)  35  38  60 
(Length: 5)  35  41  77  93  125 
(Length: 5)  35  36  41  125  141 
(Length: 4)  35  41  112  125 
(Length: 4)  35  93  120  125 
(Length: 4)  35  112  120  125 
(Length: 4)  35  60  112  115 
(Length: 4)  35  58  115  124 
(Length: 4)  35  93  125  128 
(Length: 4)  35  58  125  128 
(Length: 4)  35  60  128  141 
(Length: 4)  35  60  112  120 
(Length: 3)  35  80  124 
(Length: 3)  36  42  49 
(Length: 3)  36  71  145 
(Length: 3)  36  111  126 
(Length: 4)  36  53  74  128 
(Length: 3)  36  74  97 
(Length: 4)  36  41  78  88 
(Length: 4)  36  97  111  123 
(Length: 4)  36  71  123  142 
(Length: 4)  36  71  119  142 
(Length: 4)  36  41  88  125 
(Length: 4)  36  81  111  119 
(Length: 4)  36  75  140  142 
(Length: 5)  36  53  71  125  142 
(Length: 4)  36  57  75  145 
(Length: 4)  36  62  78  126 
(Length: 4)  36  57  97  111 
(Length: 4)  36  62  75  145 
(Length: 4)  36  46  53  126 
(Length: 4)  36  62  77  103 
(Length: 4)  36  97  111  141 
(Length: 3)  36  62  141 
(Length: 3)  36  38  66 
(Length: 4)  36  38  77  119 
(Length: 4)  36  88  97  125 
(Length: 4)  36  62  75  126 
(Length: 4)  36  78  88  97 
(Length: 3)  36  42  77 
(Length: 4)  36  77  125  142 
(Length: 3)  36  41  65 
(Length: 4)  36  41  66  78 
(Length: 4)  36  41  81  125 
(Length: 3)  36  97  103 
(Length: 4)  36  81  119  142 
(Length: 4)  36  42  53  128 
(Length: 4)  36  81  125  142 
(Length: 3)  36  57  83 
(Length: 4)  36  97  125  141 
(Length: 4)  36  77  119  142 
(Length: 4)  36  65  97  111 
(Length: 3)  36  49  123 
(Length: 5)  36  53  71  125  128 
(Length: 3)  36  42  145 
(Length: 3)  36  46  66 
(Length: 4)  36  42  66  128 
(Length: 3)  36  57  128 
(Length: 3)  36  83  103 
(Length: 4)  36  75  119  142 
(Length: 3)  36  46  145 
(Length: 4)  36  62  75  103 
(Length: 3)  37  62  82 
(Length: 3)  37  58  95 
(Length: 3)  37  58  104 
(Length: 3)  37  74  82 
(Length: 3)  37  58  142 
(Length: 3)  37  99  140 
(Length: 4)  37  62  100  134 
(Length: 3)  37  64  95 
(Length: 3)  37  82  104 
(Length: 3)  37  62  126 
(Length: 3)  37  140  142 
(Length: 3)  37  64  134 
(Length: 3)  37  71  142 
(Length: 3)  37  71  99 
(Length: 4)  37  62  99  134 
(Length: 3)  37  99  104 
(Length: 3)  38  40  113 
(Length: 3)  38  67  70 
(Length: 3)  38  70  89 
(Length: 3)  38  70  125 
(Length: 3)  38  44  66 
(Length: 3)  38  44  70 
(Length: 5)  38  40  44  45  77 
(Length: 3)  38  45  106 
(Length: 3)  38  44  144 
(Length: 4)  38  40  127  149 
(Length: 3)  38  66  106 
(Length: 4)  38  67  127  149 
(Length: 4)  38  40  45  60 
(Length: 3)  38  60  91 
(Length: 3)  38  77  91 
(Length: 3)  38  70  113 
(Length: 3)  38  91  149 
(Length: 3)  38  89  144 
(Length: 4)  39  41  66  107 
(Length: 5)  39  46  66  84  116 
(Length: 3)  39  62  82 
(Length: 4)  39  57  84  116 
(Length: 4)  39  57  116  128 
(Length: 4)  39  82  84  116 
(Length: 3)  39  71  84 
(Length: 5)  39  43  71  85  143 
(Length: 4)  39  43  71  128 
(Length: 3)  39  43  130 
(Length: 3)  39  130  136 
(Length: 4)  39  42  44  66 
(Length: 4)  39  50  107  147 
(Length: 4)  39  41  66  116 
(Length: 3)  39  41  112 
(Length: 5)  39  46  72  84  116 
(Length: 3)  39  48  147 
(Length: 3)  39  121  147 
(Length: 3)  39  46  121 
(Length: 5)  39  42  66  116  128 
(Length: 4)  39  44  138  143 
(Length: 3)  39  50  130 
(Length: 4)  39  50  66  107 
(Length: 3)  39  50  82 
(Length: 4)  39  107  138  143 
(Length: 3)  39  121  138 
(Length: 3)  39  82  112 
(Length: 3)  39  62  121 
(Length: 3)  39  44  130 
(Length: 4)  39  50  71  85 
(Length: 3)  39  72  85 
(Length: 4)  39  43  107  143 
(Length: 4)  39  43  107  147 
(Length: 4)  39  50  71  128 
(Length: 4)  39  44  55  143 
(Length: 4)  39  50  66  128 
(Length: 4)  40  77  119  138 
(Length: 4)  40  44  77  138 
(Length: 3)  40  90  149 
(Length: 3)  40  60  68 
(Length: 4)  40  44  83  90 
(Length: 4)  40  81  119  142 
(Length: 4)  40  77  119  142 
(Length: 3)  40  77  136 
(Length: 4)  40  44  90  115 
(Length: 4)  40  45  77  142 
(Length: 3)  40  83  136 
(Length: 4)  40  81  90  142 
(Length: 3)  40  136  149 
(Length: 3)  40  60  115 
(Length: 3)  40  134  149 
(Length: 3)  40  113  142 
(Length: 3)  41  107  148 
(Length: 4)  41  102  113  134 
(Length: 3)  41  101  113 
(Length: 4)  41  94  102  141 
(Length: 4)  41  94  108  134 
(Length: 3)  41  81  101 
(Length: 3)  41  78  101 
(Length: 3)  41  93  116 
(Length: 4)  41  108  113  134 
(Length: 4)  41  56  88  108 
(Length: 4)  41  65  94  102 
(Length: 5)  41  94  102  134  148 
(Length: 4)  41  93  134  148 
(Length: 3)  41  65  116 
(Length: 5)  41  93  108  125  134 
(Length: 3)  41  112  113 
(Length: 3)  41  77  94 
(Length: 3)  41  77  101 
(Length: 4)  41  102  113  141 
(Length: 3)  41  65  107 
(Length: 4)  41  56  108  113 
(Length: 4)  41  66  78  106 
(Length: 3)  41  77  107 
(Length: 5)  41  88  108  125  134 
(Length: 3)  41  56  148 
(Length: 4)  41  102  125  141 
(Length: 4)  41  102  125  134 
(Length: 3)  42  44  145 
(Length: 3)  42  44  77 
(Length: 3)  42  73  77 
(Length: 3)  42  66  132 
(Length: 3)  42  108  132 
(Length: 3)  42  102  132 
(Length: 3)  42  49  73 
(Length: 4)  43  85  90  105 
(Length: 4)  43  87  130  132 
(Length: 3)  43  103  139 
(Length: 3)  43  115  130 
(Length: 3)  43  90  115 
(Length: 3)  43  139  142 
(Length: 4)  43  85  90  106 
(Length: 4)  43  103  129  134 
(Length: 5)  43  71  85  142  143 
(Length: 5)  43  71  85  123  142 
(Length: 5)  43  53  71  85  142 
(Length: 4)  43  53  71  128 
(Length: 3)  43  132  147 
(Length: 4)  43  79  123  142 
(Length: 3)  43  132  142 
(Length: 3)  43  71  115 
(Length: 4)  43  130  132  134 
(Length: 4)  43  53  71  129 
(Length: 3)  43  87  129 
(Length: 3)  43  87  128 
(Length: 3)  43  123  127 
(Length: 3)  43  127  129 
(Length: 4)  43  85  90  142 
(Length: 3)  43  105  130 
(Length: 3)  43  134  143 
(Length: 3)  43  105  127 
(Length: 3)  44  124  127 
(Length: 3)  44  111  124 
(Length: 4)  44  45  77  143 
(Length: 3)  44  66  96 
(Length: 3)  44  143  145 
(Length: 3)  44  52  61 
(Length: 4)  44  61  118  124 
(Length: 4)  44  61  115  124 
(Length: 3)  44  53  138 
(Length: 3)  44  53  124 
(Length: 3)  44  61  70 
(Length: 3)  44  61  83 
(Length: 4)  44  87  118  124 
(Length: 3)  44  88  124 
(Length: 4)  44  77  138  143 
(Length: 4)  44  53  70  96 
(Length: 3)  44  87  100 
(Length: 3)  44  55  90 
(Length: 3)  44  124  145 
(Length: 3)  44  70  87 
(Length: 3)  44  87  130 
(Length: 3)  44  115  130 
(Length: 3)  44  58  96 
(Length: 3)  44  61  144 
(Length: 3)  44  96  118 
(Length: 3)  44  45  88 
(Length: 3)  44  87  98 
(Length: 4)  44  55  77  143 
(Length: 3)  44  70  76 
(Length: 4)  44  45  87  118 
(Length: 3)  44  45  58 
(Length: 4)  44  58  115  124 
(Length: 3)  45  85  106 
(Length: 3)  45  58  142 
(Length: 3)  45  78  106 
(Length: 3)  45  63  78 
(Length: 3)  45  58  78 
(Length: 3)  45  78  88 
(Length: 3)  46  121  126 
(Length: 3)  46  64  149 
(Length: 3)  46  116  126 
(Length: 3)  46  65  131 
(Length: 3)  46  89  121 
(Length: 3)  46  90  106 
(Length: 4)  46  64  72  116 
(Length: 3)  46  66  106 
(Length: 3)  46  64  106 
(Length: 3)  46  94  148 
(Length: 3)  46  52  64 
(Length: 3)  46  121  148 
(Length: 3)  46  52  89 
(Length: 3)  46  72  94 
(Length: 3)  46  145  148 
(Length: 4)  46  110  131  148 
(Length: 4)  46  90  94  149 
(Length: 3)  46  53  114 
(Length: 4)  46  84  90  131 
(Length: 3)  46  114  145 
(Length: 3)  47  83  103 
(Length: 3)  47  113  146 
(Length: 4)  47  64  108  125 
(Length: 3)  47  64  103 
(Length: 3)  47  108  115 
(Length: 3)  47  125  141 
(Length: 3)  47  103  113 
(Length: 3)  47  64  146 
(Length: 3)  47  60  115 
(Length: 3)  47  113  145 
(Length: 3)  48  52  105 
(Length: 3)  48  103  144 
(Length: 3)  48  87  118 
(Length: 3)  48  73  148 
(Length: 3)  48  56  148 
(Length: 3)  48  52  147 
(Length: 3)  48  127  149 
(Length: 3)  48  90  105 
(Length: 3)  48  103  134 
(Length: 3)  48  73  126 
(Length: 3)  48  95  147 
(Length: 3)  48  87  126 
(Length: 4)  48  118  134  149 
(Length: 3)  48  105  127 
(Length: 4)  48  90  95  149 
(Length: 3)  48  126  147 
(Length: 3)  48  134  148 
(Length: 3)  48  58  95 
(Length: 3)  48  73  95 
(Length: 3)  48  52  56 
(Length: 3)  49  58  109 
(Length: 3)  49  73  94 
(Length: 3)  49  67  94 
(Length: 3)  49  79  144 
(Length: 3)  49  73  109 
(Length: 4)  49  79  109  123 
(Length: 3)  49  58  131 
(Length: 4)  50  71  85  123 
(Length: 3)  50  105  130 
(Length: 3)  50  107  146 
(Length: 3)  50  68  82 
(Length: 3)  50  105  110 
(Length: 3)  50  52  104 
(Length: 3)  50  132  147 
(Length: 3)  50  66  132 
(Length: 4)  50  68  130  132 
(Length: 3)  50  52  146 
(Length: 3)  50  82  104 
(Length: 3)  50  105  127 
(Length: 4)  50  109  123  127 
(Length: 4)  50  52  85  105 
(Length: 3)  50  66  104 
(Length: 4)  50  52  68  85 
(Length: 3)  50  52  147 
(Length: 3)  50  110  147 
(Length: 4)  51  53  124  129 
(Length: 3)  51  86  136 
(Length: 3)  51  53  85 
(Length: 3)  51  53  138 
(Length: 4)  51  75  124  145 
(Length: 3)  51  53  136 
(Length: 3)  51  75  136 
(Length: 3)  51  85  105 
(Length: 3)  51  101  110 
(Length: 3)  51  53  101 
(Length: 3)  51  99  129 
(Length: 4)  52  108  125  139 
(Length: 3)  52  56  100 
(Length: 4)  52  61  68  85 
(Length: 3)  52  64  85 
(Length: 3)  52  91  129 
(Length: 3)  52  101  104 
(Length: 3)  52  61  104 
(Length: 3)  52  104  129 
(Length: 3)  52  100  129 
(Length: 4)  52  64  108  125 
(Length: 3)  52  89  129 
(Length: 3)  52  61  108 
(Length: 3)  52  64  146 
(Length: 3)  52  129  146 
(Length: 3)  52  74  91 
(Length: 3)  52  100  101 
(Length: 4)  52  108  125  147 
(Length: 3)  52  86  100 
(Length: 4)  52  56  108  139 
(Length: 3)  52  105  108 
(Length: 3)  53  54  70 
(Length: 3)  53  101  104 
(Length: 3)  53  109  138 
(Length: 3)  53  82  104 
(Length: 3)  53  96  104 
(Length: 4)  53  70  96  125 
(Length: 3)  53  104  129 
(Length: 3)  53  96  136 
(Length: 3)  53  101  126 
(Length: 3)  53  109  126 
(Length: 4)  53  74  82  114 
(Length: 3)  53  74  124 
(Length: 3)  54  81  143 
(Length: 3)  54  70  123 
(Length: 3)  54  59  113 
(Length: 3)  54  113  133 
(Length: 3)  54  64  88 
(Length: 3)  54  70  113 
(Length: 3)  54  116  133 
(Length: 3)  55  140  143 
(Length: 3)  55  110  148 
(Length: 3)  55  90  95 
(Length: 3)  55  59  77 
(Length: 3)  55  68  132 
(Length: 4)  56  108  113  114 
(Length: 3)  56  60  148 
(Length: 3)  56  60  115 
(Length: 3)  56  111  148 
(Length: 3)  56  100  111 
(Length: 3)  56  92  130 
(Length: 3)  56  60  92 
(Length: 3)  56  115  130 
(Length: 4)  56  57  111  113 
(Length: 3)  56  108  115 
(Length: 4)  56  111  113  114 
(Length: 3)  56  60  88 
(Length: 4)  57  75  124  145 
(Length: 3)  57  79  117 
(Length: 4)  57  113  124  145 
(Length: 4)  57  84  97  116 
(Length: 4)  57  79  109  124 
(Length: 4)  57  84  97  111 
(Length: 3)  57  83  109 
(Length: 5)  57  97  111  113  124 
(Length: 3)  58  96  125 
(Length: 3)  58  78  96 
(Length: 3)  58  95  125 
(Length: 3)  58  96  104 
(Length: 3)  58  109  124 
(Length: 3)  58  124  139 
(Length: 5)  58  81  125  139  142 
(Length: 4)  58  108  125  139 
(Length: 3)  58  104  115 
(Length: 4)  58  81  84  142 
(Length: 3)  58  95  124 
(Length: 4)  59  77  119  138 
(Length: 3)  59  69  142 
(Length: 3)  59  69  120 
(Length: 3)  59  91  129 
(Length: 3)  59  91  149 
(Length: 4)  59  77  101  119 
(Length: 4)  59  77  119  142 
(Length: 4)  59  87  100  129 
(Length: 4)  59  100  101  120 
(Length: 3)  59  77  91 
(Length: 3)  59  113  142 
(Length: 3)  59  101  113 
(Length: 3)  60  116  128 
(Length: 3)  60  61  68 
(Length: 3)  60  68  88 
(Length: 3)  61  104  144 
(Length: 3)  61  107  117 
(Length: 3)  61  85  144 
(Length: 3)  61  70  121 
(Length: 3)  61  70  140 
(Length: 3)  61  70  97 
(Length: 3)  61  84  97 
(Length: 3)  61  84  108 
(Length: 3)  61  108  144 
(Length: 4)  61  97  115  124 
(Length: 3)  61  140  144 
(Length: 4)  61  97  104  115 
(Length: 3)  61  71  85 
(Length: 3)  61  68  84 
(Length: 3)  61  71  84 
(Length: 3)  62  106  134 
(Length: 4)  62  75  103  134 
(Length: 4)  62  103  129  134 
(Length: 3)  62  78  106 
(Length: 3)  62  78  99 
(Length: 4)  62  77  114  122 
(Length: 3)  62  114  145 
(Length: 3)  62  89  129 
(Length: 4)  62  100  129  134 
(Length: 5)  62  99  129  131  134 
(Length: 3)  62  63  78 
(Length: 4)  62  73  109  126 
(Length: 3)  62  122  126 
(Length: 4)  62  63  94  141 
(Length: 4)  62  63  82  103 
(Length: 4)  62  63  82  114 
(Length: 4)  62  94  108  134 
(Length: 3)  62  89  122 
(Length: 4)  62  73  89  121 
(Length: 4)  62  63  82  141 
(Length: 3)  62  121  134 
(Length: 3)  62  131  141 
(Length: 4)  62  108  114  122 
(Length: 4)  62  73  77  94 
(Length: 4)  62  73  121  126 
(Length: 3)  63  97  141 
(Length: 3)  63  76  103 
(Length: 3)  63  85  141 
(Length: 3)  63  66  78 
(Length: 3)  63  85  105 
(Length: 3)  63  103  139 
(Length: 4)  63  135  139  142 
(Length: 3)  63  66  135 
(Length: 4)  63  135  139  141 
(Length: 3)  63  78  97 
(Length: 3)  63  78  105 
(Length: 3)  64  103  134 
(Length: 3)  64  116  122 
(Length: 5)  64  88  108  125  134 
(Length: 3)  64  72  108 
(Length: 4)  64  88  95  125 
(Length: 3)  64  77  125 
(Length: 3)  64  77  103 
(Length: 4)  64  77  85  143 
(Length: 3)  64  134  149 
(Length: 3)  64  85  106 
(Length: 3)  64  72  85 
(Length: 3)  64  77  122 
(Length: 3)  64  95  106 
(Length: 3)  64  106  134 
(Length: 4)  64  95  146  149 
(Length: 3)  64  80  116 
(Length: 3)  64  103  116 
(Length: 3)  64  108  122 
(Length: 4)  65  97  111  147 
(Length: 4)  65  97  100  111 
(Length: 3)  65  98  139 
(Length: 4)  65  97  115  147 
(Length: 4)  65  97  131  147 
(Length: 3)  65  97  98 
(Length: 4)  65  100  102  111 
(Length: 4)  65  107  111  147 
(Length: 3)  66  80  116 
(Length: 3)  66  78  96 
(Length: 3)  66  69  104 
(Length: 3)  66  80  96 
(Length: 3)  66  80  117 
(Length: 4)  66  80  132  135 
(Length: 3)  66  96  104 
(Length: 3)  66  84  132 
(Length: 3)  66  107  117 
(Length: 4)  67  97  110  149 
(Length: 3)  67  94  148 
(Length: 3)  67  137  149 
(Length: 3)  67  69  97 
(Length: 3)  67  97  116 
(Length: 3)  67  111  137 
(Length: 3)  67  110  148 
(Length: 3)  67  72  116 
(Length: 3)  67  70  72 
(Length: 3)  67  97  111 
(Length: 3)  67  72  94 
(Length: 3)  67  72  137 
(Length: 3)  67  111  148 
(Length: 3)  67  70  97 
(Length: 3)  67  94  149 
(Length: 3)  68  69  98 
(Length: 3)  68  69  130 
(Length: 3)  68  82  84 
(Length: 3)  68  74  82 
(Length: 3)  68  84  132 
(Length: 3)  68  82  88 
(Length: 4)  69  71  125  142 
(Length: 3)  69  98  138 
(Length: 3)  69  124  139 
(Length: 3)  69  87  124 
(Length: 3)  69  98  139 
(Length: 3)  69  87  130 
(Length: 3)  69  97  125 
(Length: 4)  69  97  98  104 
(Length: 3)  69  87  98 
(Length: 3)  69  92  122 
(Length: 4)  69  125  139  142 
(Length: 3)  69  93  138 
(Length: 3)  69  92  130 
(Length: 4)  69  93  120  125 
(Length: 3)  69  95  125 
(Length: 3)  69  97  124 
(Length: 3)  69  95  124 
(Length: 3)  70  89  121 
(Length: 3)  70  97  113 
(Length: 3)  70  121  125 
(Length: 4)  70  89  97  123 
(Length: 3)  70  97  125 
(Length: 4)  71  85  119  142 
(Length: 3)  71  84  142 
(Length: 3)  71  99  129 
(Length: 3)  71  143  145 
(Length: 4)  71  99  125  128 
(Length: 4)  72  84  108  137 
(Length: 3)  72  78  101 
(Length: 3)  72  94  108 
(Length: 3)  73  93  148 
(Length: 3)  73  77  93 
(Length: 3)  73  121  148 
(Length: 3)  73  109  148 
(Length: 4)  74  97  115  147 
(Length: 3)  74  114  143 
(Length: 3)  74  91  97 
(Length: 3)  74  91  114 
(Length: 4)  74  114  122  127 
(Length: 4)  74  97  115  124 
(Length: 4)  75  119  138  148 
(Length: 4)  75  84  98  103 
(Length: 4)  75  135  140  142 
(Length: 3)  75  145  148 
(Length: 5)  75  93  134  138  148 
(Length: 4)  75  124  135  145 
(Length: 3)  75  126  135 
(Length: 3)  75  119  124 
(Length: 3)  75  103  144 
(Length: 3)  75  84  142 
(Length: 3)  75  93  140 
(Length: 4)  77  107  138  143 
(Length: 4)  77  85  119  142 
(Length: 3)  77  91  114 
(Length: 3)  77  122  136 
(Length: 3)  77  93  138 
(Length: 3)  78  101  126 
(Length: 4)  78  88  97  147 
(Length: 3)  78  97  149 
(Length: 3)  78  106  127 
(Length: 3)  78  127  149 
(Length: 4)  78  96  99  147 
(Length: 3)  78  105  127 
(Length: 3)  78  126  147 
(Length: 3)  79  115  124 
(Length: 3)  79  108  115 
(Length: 4)  79  88  108  133 
(Length: 3)  79  140  142 
(Length: 4)  80  124  135  145 
(Length: 3)  80  124  129 
(Length: 3)  80  89  129 
(Length: 5)  81  125  132  135  142 
(Length: 4)  81  125  132  147 
(Length: 4)  81  84  90  142 
(Length: 4)  81  110  139  142 
(Length: 3)  81  111  147 
(Length: 3)  81  100  101 
(Length: 4)  81  84  132  142 
(Length: 3)  81  142  143 
(Length: 3)  81  110  147 
(Length: 3)  81  84  111 
(Length: 5)  81  125  135  139  142 
(Length: 3)  81  101  110 
(Length: 3)  81  100  111 
(Length: 3)  81  100  117 
(Length: 3)  81  101  119 
(Length: 3)  82  103  117 
(Length: 3)  82  84  141 
(Length: 4)  82  84  103  116 
(Length: 3)  82  103  104 
(Length: 3)  82  83  103 
(Length: 3)  84  111  137 
(Length: 4)  84  97  131  141 
(Length: 4)  84  97  98  103 
(Length: 3)  84  105  108 
(Length: 3)  84  90  105 
(Length: 4)  84  97  111  141 
(Length: 3)  84  108  132 
(Length: 4)  84  97  103  116 
(Length: 3)  85  141  144 
(Length: 3)  85  141  143 
(Length: 3)  86  96  136 
(Length: 3)  86  98  136 
(Length: 4)  86  102  141  143 
(Length: 3)  86  96  118 
(Length: 4)  86  134  138  143 
(Length: 4)  86  100  102  134 
(Length: 3)  87  124  129 
(Length: 3)  87  126  132 
(Length: 4)  88  95  125  147 
(Length: 3)  88  95  124 
(Length: 4)  88  108  125  147 
(Length: 3)  88  129  134 
(Length: 4)  88  97  124  129 
(Length: 4)  88  97  125  147 
(Length: 3)  89  97  149 
(Length: 3)  89  97  129 
(Length: 3)  90  95  106 
(Length: 4)  90  95  146  149 
(Length: 3)  91  97  129 
(Length: 3)  91  114  145 
(Length: 3)  91  97  149 
(Length: 3)  92  105  130 
(Length: 3)  92  105  122 
(Length: 3)  93  110  148 
(Length: 3)  93  116  128 
(Length: 3)  94  124  149 
(Length: 3)  94  102  120 
(Length: 3)  94  134  149 
(Length: 3)  95  124  149 
(Length: 3)  96  99  118 
(Length: 3)  96  99  104 
(Length: 4)  96  99  125  147 
(Length: 3)  97  100  129 
(Length: 4)  97  98  103  104 
(Length: 4)  97  103  104  129 
(Length: 3)  97  112  115 
(Length: 4)  97  104  129  131 
(Length: 3)  97  103  113 
(Length: 3)  97  112  125 
(Length: 3)  97  112  113 
(Length: 3)  97  124  149 
(Length: 4)  97  110  131  147 
(Length: 3)  98  109  138 
(Length: 3)  98  103  139 
(Length: 3)  98  101  104 
(Length: 3)  99  125  135 
(Length: 4)  99  104  129  131 
(Length: 3)  99  131  147 
(Length: 3)  99  135  140 
(Length: 3)  100  102  120 
(Length: 4)  102  111  113  141 
(Length: 4)  102  125  132  134 
(Length: 3)  102  111  148 
(Length: 3)  102  120  125 
(Length: 3)  103  113  134 
(Length: 3)  103  104  144 
(Length: 4)  104  127  129  131 
(Length: 3)  105  116  122 
(Length: 3)  105  108  122 
(Length: 3)  107  111  148 
(Length: 3)  107  138  148 
(Length: 3)  108  115  122 
(Length: 4)  108  125  132  134 
(Length: 3)  108  115  147 
(Length: 4)  108  113  114  133 
(Length: 4)  108  125  132  147 
(Length: 3)  108  133  139 
(Length: 4)  108  114  133  137 
(Length: 3)  109  126  127 
(Length: 3)  109  126  135 
(Length: 3)  109  124  135 
(Length: 4)  111  114  119  137 
(Length: 3)  111  119  124 
(Length: 3)  111  126  147 
(Length: 3)  111  119  148 
(Length: 3)  112  113  114 
(Length: 3)  113  114  145 
(Length: 3)  113  142  146 
(Length: 3)  114  143  145 
(Length: 3)  116  126  133 
(Length: 3)  116  122  126 
(Length: 3)  118  124  149 
(Length: 3)  119  142  146 
(Length: 3)  120  125  135 
(Length: 3)  121  126  127 
(Length: 3)  121  126  147 
(Length: 4)  121  134  138  148 
(Length: 3)  122  126  127 
(Length: 3)  124  135  139 
(Length: 3)  124  127  129 
(Length: 4)  125  135  139  141 
(Length: 3)  126  132  147 
(Length: 3)  126  132  135 
(Length: 3)  127  129  146 
(Length: 3)  131  132  134 
(Length: 3)  131  132  147 
(Length: 3)  131  134  148 
(Length: 3)  133  137  149 
(Length: 3)  140  142  143 
...model cost: 1.66 seconds  46713 FFE
 (opt) 670.00000000 == 670.00000000 (sur)  OPTIMALITY TEST PASSED!
   BESTimpr 590.00000000 -> 656.00000000
**1*1***11**1*1**1*****1**11*1111*1*111*11*11****1*111***11*1*****111**1*1**1111111**11*11***1*11*1**11*1111****1**1*11*111111*11***1*111***1**11***1*


*11*1111**1*11***11****1******1***1*******1*****1***111*11*1*1*11**1*1**11*1*11******1111*1111111****1***11*1*1*111*1*1*1***1**1111*11***11**11*****11

