Walsh model started...
 76  148  84  104  79  133  51  73  20  138  43  88  83  141  93  86  92  8  64  85  77  58  145  22  16  24  96  57  66 
 34  45  52  29  39  25  97  6  10  11  23  62  89  111  69  90  84  142  147  12  118  32  28  102  129  38  104 
 64  4  58  60  87  22  88  143  70  28  14  34  74  25  109  40  18  147  141  56  146  140 
 78  141  145  126  22  147  70  45  138  132  52  93  113  96  128  146  51  131  32  42  18  56  10  88  101  98  15  33  68 
 65  30  143  42  64  2  57  116  22  105  106  96  129  53  107  120  21  132  94  123  124  74 
 100  56  105  76  127  19  75  69  17  64  143  144 
 116  62  83  20  78  17  59  16  1  97  49  104  103  76  32  111  15  51  90  86  11  48  52  133 
 99  17  133  35  111  94  27  24  68  44  46  112  120  144  121  47  91  15  102  48  101  104  22  37  28  105  84  124  16  118  141 
 108  116  77  115  139  125  95  141  145  0  64  65  110  30  96  88  52 
 26  50  47  77  97  78  24  117  37  142  81  114  76  116  137  33  14  59  40 
 1  34  92  138  107  119  116  103  95  113  3  88  86  50  11  90  66  32  84 
 69  114  32  84  1  23  143  59  86  147  19  75  36  49  133  14  54  137  103  67  6  48  10  90  64  126  26  76 
 121  148  111  99  35  83  18  93  71  127  84  134  91  64  92  106  147  1  109  44  65  21  33 
 124  108  106  54  142  33  121  19  122  144  133  111  51  96  63  20  18  64  120  116  148  68  145  59  135  60  125  146  85  36 
 36  84  94  86  90  50  133  11  21  69  38  18  107  2  34  43  32  144  39  97  9 
 95  142  99  89  75  106  50  112  60  73  93  43  102  7  51  6  35  33  3 
 132  135  22  119  34  149  6  59  122  127  136  42  49  82  121  98  91  96  69  124  7  24  0 
 99  7  146  57  78  6  58  32  144  112  64  5  87  73  148  21  108  124  116  69  134  48 
 144  43  27  38  106  70  113  91  12  93  146  138  20  13  42  3  141  37  80  122  14  107  21  147  2  60  85  132  48  77  34 
 130  90  91  52  121  13  73  67  11  75  127  5  25  118  148  78  81  93  72  54  37  132  103  84  92 
 94  128  83  88  87  49  6  69  48  0  138  59  18  13  85  97  31  119  54  126  80  47  25  29  53  77  107 
 108  39  87  98  36  111  126  104  115  14  18  70  148  17  73  134  120  4  91  110  34  127  128  97  12  33  130 
 16  119  42  4  26  54  3  147  2  87  73  99  141  118  128  31  111  122  142  44  133  101  113  102  37  7  47  24  28  0  77  32 
 51  124  35  85  148  101  74  11  1  138  40  133  128  44  28  84  79 
 78  32  97  26  27  7  96  125  28  142  117  9  129  74  73  56  49  31  47  22  75  16  0  40  140  58 
 134  126  100  32  85  78  42  98  26  51  39  1  88  90  93  148  64  129  103  19  52  146  131  76  67  74  2  20  29  108  113  99  84  135  56  140  45  82  27 
 9  50  88  125  97  24  54  22  51  25  57  139  99  40  117  78  143  11 
 18  38  7  24  52  101  59  148  107  118  65  69  60  76  64  75  95  41  113  49  58  37  105  87  82  25  98  55 
 44  76  77  51  141  98  65  96  56  133  84  93  24  142  127  2  70  42  119  112  85  116  90  137  22  7  146  101  102  1  23  97  45 
 50  106  1  52  76  84  90  33  147  20  25  98  32  130  138  148  40 
 65  4  49  93  31  123  73  134  64  108  55  126  59  69  61  8  96 
 30  123  90  33  107  113  133  147  85  131  87  105  121  126  65  109  137  128  22  89  67  61  95  49  20  24  32 
 130  128  24  78  11  84  25  100  58  17  76  74  131  3  86  139  111  6  14  43  29  10  66  1  118  123  47  31  22 
 90  31  142  13  136  132  95  104  103  143  63  36  147  29  68  15  3  140  87  45  9  137  117  102  12  21  126  139 
 1  45  96  87  16  149  54  68  36  65  10  59  143  95  14  2  74  57  127  21  77  18  82  50 
 23  85  7  133  98  145  76  146  12  83  149  123  148  143  50  100  47  67  125  110  116  15  93  79  45  38  86  94  71 
 14  84  52  108  44  61  56  43  21  111  34  65  49  11  63  33  95  122  55  130  146  13 
 74  147  77  113  104  123  69  116  141  18  86  139  100  138  97  9  142  68  121  48  58  27  22  7  19  91  45  41 
 27  18  73  101  124  149  127  69  14  61  66  102  39  35  86  1  129  79  123 
 108  21  117  107  77  84  1  25  41  137  62  136  104  139  49  44  90  102  38  144  14 
 113  75  58  111  23  138  2  109  99  26  140  24  148  29  59  9 
 43  56  82  75  45  120  118  108  127  137  39  95  27  49  85  44  94  97  143  59  37 
 4  143  49  90  144  125  22  25  98  114  119  115  57  136  16  28  142  128  18  3  96  104 
 99  115  144  18  41  56  36  0  73  51  108  125  46  93  15  14  32  134  50  138 
 28  76  101  72  58  57  50  51  36  61  132  59  90  7  68  92  66  104  41  94  142  22  39  49  98  123  70  65  12  23 
 34  1  95  133  41  120  85  72  70  3  59  56  100  109  65  137  79  35  87  145  33  140  25  116  97  37  28 
 7  112  125  43  48  68  104  56  61  144  90  137  113 
 9  77  90  104  7  91  75  137  87  20  148  35  22  24  72  52  123  32  64  124 
 81  105  101  115  96  144  69  20  111  121  77  79  86  130  37  89  68  46  7  11  6  113  18  52  132  134  17  114  119 
 30  93  42  90  87  20  59  74  89  149  131  137  92  101  104  6  36  11  16  82  121  31  85  41  27  113  39  44  64  91  144  98  24  130  136  63  76 
 139  118  29  106  26  9  85  140  51  44  144  111  15  112  62  90  14  35  100  147  132  10  86  43  138  34  82 
 102  140  68  86  77  28  124  23  50  44  26  25  73  0  13  142  108  43  3  146  121  63  94  122  101  147  15  6 
 53  78  1  29  91  19  36  108  73  113  149  114  101  27  3  126  123  69  25  56  119  115  92  120  117  72  47  48  132  6  133  88  8 
 52  78  103  67  4  107  70  129  20  94  115  121  137  83  133  143 
 106  13  127  108  26  22  34  68  147  11  72  96  119  20  67  19  125 
 84  114  99  131  126  30  122  36  27  98 
 149  121  100  5  43  41  36  28  133  132  129  112  122  131  73  24  45  3  2  141  119  52  25  135  46  61  113 
 58  44  4  116  146  17  125  149  79  148  26  139  115  42  59  74  34  98  143  0  66  62 
 60  2  44  57  17  32  40  111  129  101  135  91  0  145  37  27  75  24 
 112  128  101  80  49  74  6  16  27  148  44  90  45  34  20  11  143  130  100  86  137  57  82  110  30  69  145  13  41  9  40 
 58  2  15  73  115  67  76  27  18  106  135  13  128  141 
 128  148  134  63  94  67  44  36  75  97  123  129  73  101  125  92  140  145  68  31  95  38  66  30  56  46 
 116  6  131  67  111  129  50  139  39  136  89  1  128  94  87  104  57  98 
 132  129  64  61  134  130  79  75  13  96  33  36  51  121  100  73  94  102  115  80  144  49 
 63  132  30  108  2  4  121  103  25  93  75  27  13  120  109  110  17  5  12  91  8  0  49  136  114  80  148  82  124  47  11  126 
 4  30  72  89  28  96  34  36  111  81  27  69  109  31  143  121  8  110  91  120  137  45  100  44  12 
 100  116  73  148  76  74  81  115  72  146  44  92  61  38  93  87  118  98  10  32  104  119  0  57 
 131  62  94  61  73  19  103  53  60  115  86  144  76  25  89  31  11  54  35  125 
 51  86  69  126  54  34  7  44  84  137  145  61  103  130  104  37  33  13  89  48  46  93  3 
 11  114  68  126  146  87  20  48  96  130  131  147  123  52  65  27  1  111  75  5  116  37  14  38  86  30  59  16  109  88  17  100 
 106  18  143  107  3  45  129  53  2  28  92  21  44  89  134 
 137  130  12  127  106  82  103  100  35  94 
 105  82  101  44  127  86  80  95  89  65  45  85  103  79  146  66  108  142  54  96  124  73  91  19  47  52 
 145  121  93  82  148  66  30  134  52  113  38  101  22  99  19  67  51  0  43  60  15  129  61  122  131  56  108  102  127  24  91  72  87  17  63  100  21 
 147  37  112  96  59  49  106  123  76  66  23  124  129  86  24  32  25  2  34  57  4 
 124  106  82  41  108  137  40  113  63  61  15  11  19  64  27  69  5  47  129  24  58 
 28  44  148  0  105  5  83  120  66  74  35  146  132  29  84  60  27  127  32  67  25  103  6  88  9  116  92  81  49  11 
 51  28  39  84  130  137  113  37  9  47  115  8  79  48  107  131  139  104  85  0  20  22  18  34  81  133 
 52  53  3  141  24  32  25  85  111  127  17  6  97  9  93  139  148  96  19  81  119  132  117  26  87 
 148  57  133  0  130  63  77  48  103  72  45  35  97  129  38  123  23  84 
 109  130  101  59  72  95  18  122  126  20  107  90  136  106  83  63  115  64  148 
 91  119  48  105  111  65  66  115  121  78  19  9  114  147  77  133  92  76 
 105  72  93  73  41  75  71  106  16  49  110  59  139  90  25  27  64  124  34  50 
 88  20  120  76  6  114  85  35  12  121  148  0  106  132  53  133  80 
 0  104  36  14  32  11  77  39  55  114  29  76  28  93  137  68  12  134  88  1  142  25  99  98  7  105  10  19  92  97  23  79 
 35  23  50  140  25  78  114  83  45  72  31  147  20  97  116  28  122  92  49  41  0  77  132  18  146  13 
 68  51  127  72  14  94  137  102  11  147  144  67  74  129  121  111  114  59  0  92  139  32  37  69  48  130  6  90  10  50  38  35 
 96  34  21  98  20  49  146  69  119  94  2  22  133  101  31  131  17  73  47  93  66  62  106  147  105  27  45  100  33  111  78 
 83  20  125  26  25  90  2  143  0  76  84  109  69  10  3  52  8 
 72  65  149  49  99  15  62  1  67  31  124  68  48  140  121  116  130  134  70 
 19  130  33  31  49  42  95  88  25  44  59  50  14  104  47  29  1  28  107  80  39  136  139  82  6  86  149  11  10  137  46 
 19  52  81  119  113  18  121  94  98  16  142  137  7  47  73  72  12  64  135  58  134  93  49  65  120  21  110  118  37 
 49  101  138  10  136  104  61  140  44  66  0  86  70  143  85  122  12  106  120  52  109  84  19  76  81 
 30  49  73  82  103  147  115  121  123  129  148  25  64  109  113  12  18  28  84  78  139  3  141  0  66  87  15  43  134  91  19  35  68 
 20  128  119  87  67  61  14  86  111  7  91  121  126  137  104  145  51  122  53  41  44  62  102  63  35  71  123  4  97  124 
 15  142  45  133  33  90  72  80  27  41  125  8  137  130  34  36  31  61  10  113  149  140 
 87  34  123  117  112  74  48  144  4  129  28  65  24  125  130  69  13  63  132  149  128  3  148  78  72  54  16  8  30  116  42  104  0  141 
 24  26  1  6  61  123  78  9  85  20  37  138  41  79  129  21  128  116  45  14  94  124  28  84 
 21  87  28  141  42  25  35  145  91  16  118  66  123  44  29  84  124  117  144  49  101  3  57  143  27  55  62 
 17  7  115  43  110  113  12  111  22  73  89  15  131  55  149  122  40  26  25  84  123  126 
 66  116  5  56  25  32  59  130  50  35  37  139  129  101  63  73  71  103  109  45  65  69  87  145 
 44  72  80  59  48  115  148  23  38  73  133  87  52  27  49  92  125  61  129  58  143  121  100  22  51  140  7  98  3  117  28  146 
 51  140  137  86  108  73  113  22  15  7  94  63  39  38  33  117  28  1 
 147  93  121  64  67  53  143  33  79  72  25  129  11  137  68  130  76  6  71  100  116  10  132  19 
 84  0  142  33  123  37  126  21  39  139  49  6  136  92  90  47  94  145  44  68  77  7  46  42  96  66  119  1  62  134  116 
 82  72  76  5  81  48  4  106  31  121  27  87  7  84 
 50  29  13  54  124  75  18  70  123  74  105  4  15  112  110  71  82  80  136  60  87  147  92  12  83  132  149 
 117  39  113  31  143  70  53  4  27  118  77  130  14  18  10  119  80  90  20  134 
 39  21  124  13  148  126  127  54  64  30  36  52  118  41  116  8  75  137  51  43  72  142  102  73  119  125  25  113  17 
 130  80  93  113  65  31  110  64  2  40  100  45  69  88  92  12 
 99  113  112  106  109  64  82  59  65  8  35  116  21  91  129  130  148 
 127  78  114  146  7  94  48  121  12  99  133  13  58  40  21  36  116  122  144  50  65  81  129  62  1  69  86  22  32  6  132  87  120 
 59  128  96  74  145  129  50  15  46  7  56  122  144  17  110  106  127  28  143 
 52  73  18  91  107  31  99  110  77  37  40  75  133  109  93  3  137  27  49  10  95  108  25  22  102  48  46  56 
 11  69  149  52  124  141  55  84  111  146  83  85  42  119  126  135  86  129  9  81  64  136  48 
 99  43  93  121  48  101  134  122  77  8  139  81  66  42  57  60  67  21  126  137  133  52  53  63  80  127  128 
 100  66  62  6  57  4  108  8  122  111  69  37  13  148  85  28  10  103  35  110  96  17  129  9  76  97  45  130  89  134  104 
 123  96  39  107  24  9  98  124  119  145  78  26  52  101  33  102 
 50  139  41  108  107  27  22  141  143  140  19  148  66  98  91  1  32  7 
 91  81  22  16  94  87  114  42  28  54  20  108  125  107  10  78  132  56  52  145  117  147  66  104  48 
 83  76  45  41  127  7  144  64  13  21  4  65  91  92  52  111 
 73  145  56  149  12  148  19  13  115  93  48  111  64  103  83  31  105  144  7  86  122  91  94  101  143  49  16  51  63  81  65  37  53  137  89  140  126 
 144  13  115  134  116  111  127  16  56  112  99  149  73  121  22  18  80  85  92  94  51  36  55 
 30  31  96  117  106  74  93  129  104  37  61  97  52  69  35  149  98  44  94  4  32  47  99  126  38  79 
 108  13  51  23  106  75  114  141  74  127  129  149  38  72  89  98  117  17  16  7  4  94  97  64  82  47 
 88  26  144  42  57  149  24  96  140  148  101  61  95  8  108  119  43  46  67  35  54  13 
 134  25  108  148  145  3  68  69  21  104  52  133  31  114  135  115  137  94  55  30  80  20  123  99  121  11  64  33  139 
 108  54  86  72  111  78  120  41  122  16  12  71  19  5  124  129  28  76  112  73  38  132  34  21  128  115 
 32  130  20  94  59  112  61  148  96  3  133  23  141  144  31  22  62  136  142  42  21  97  127  115  60 
 63  132  145  112  93  123  96  4  70  53  111  62  56  61  73  25  103  124  127  74  86  24  114  58  101  100  75  97  79  110  116  143  1  38 
 19  90  32  128  137  71  109  80  77  79  63  96  69  135  136  107  59  100  95  68  103  48  86  110  148  49  116  89  29  138  36  21 
 62  67  69  147  99  55  49  137  31  87  77  139  3  32  25  146  73  56 
 135  16  63  129  64  33  136  44  76  3  138  56  149  96  119  78  127  111  4  143  83  106  50  147  85  18  52  48  19  103 
 45  95  7  35  79  0  111  13  101  87  56  28  113  31  126  128  23  14  11  137  115  22  53  83  6  52  81  77 
 25  126  30  73  61  63  115  122  12  84  21  91  93  43  144  107  143  48  17  89  70  104  116 
 132  16  130  136  114  126  91  58  25  56  60  13 
 33  132  42  16  39  62  135  130  92  104  128  90  80  106  49  64  114 
 71  130  77  75  108  41  39  102  86  131  49  84  68  113  31  95  11  103  126  94  59  133  115  142  91  47  28  65  45  121  53  90  46  141  149  9  33 
 144  142  140  20  0  3  132  23  40  146  18  92  10  141  37  97  43  50  29  130 
 50  118  57  26  115  8  62  104  39  93  78  77  131  86  32  37  100  90  82  33  126 
 102  51  144  138  50  85  125  148  143  118  61  92  101  146  2  33  95  89  121  45  25  40  24 
 78  3  28  98  114  124  22  118  138  146  128  144  0  93  145  8  18  37  2  56  137  149  60  96  7 
 144  138  15  95  13  33  104  51  24  28  72  108  128  42  91  137  9  37  1  84  44  22 
 4  42  107  70  103  33  2  88  11  59  140  118  65  34  101  121  112  148  35  92  132  41  53  129  134  98  57  5  144  26 
 43  18  142  138  140  122  13  125  42  48  96  50  111  7  120  17  112  86  67  121  141  128  49  98  14  39  46  134  143  5  63 
 73  121  126  3  112  129  35  98  68  61  141  8  104  94  0  58  119  117  59  13  100  45 
 69  87  57  17  114  111  35  76  138  18  72  66  141  3  51  25  131  2  140  28  101  85  13  36 
 74  37  103  93  3  22  31  85  131  69  11  86  54  33  29  18  2  51  106  87  119  81  50  132  12  1  149 
 76  0  108  126  121  12  73  66  128  61  79  57  101  23  93  25  59  27  140  125  83  96  78  118  19  116  13  35  143  47  17  21  110  130  64  80  29  40 
 56  121  34  16  52  114  57  125  89  49  132  96  99  122  124  38  35  123  90  95  141  137  147  106 
-->CDecomWalshPart::vInitTrueLinkage-->GLBs: 1722
(Length: 3)  0  8  64 
(Length: 4)  0  16  22  24 
(Length: 4)  0  20  77  85 
(Length: 3)  0  58  145 
(Length: 4)  0  43  51  73 
(Length: 4)  0  76  83  148 
(Length: 3)  0  57  58 
(Length: 3)  0  93  141 
(Length: 4)  0  66  76  92 
(Length: 3)  0  8  77 
(Length: 4)  0  20  83  88 
(Length: 3)  0  8  88 
(Length: 3)  0  83  133 
(Length: 4)  0  64  93  148 
(Length: 4)  0  76  84  92 
(Length: 4)  0  8  96  141 
(Length: 4)  0  84  92  104 
(Length: 4)  0  77  84  104 
(Length: 4)  0  77  79  133 
(Length: 4)  0  76  83  88 
(Length: 4)  0  76  84  88 
(Length: 3)  0  104  145 
(Length: 4)  0  66  92  104 
(Length: 3)  0  86  92 
(Length: 3)  0  138  141 
(Length: 3)  0  24  58 
(Length: 4)  0  22  24  73 
(Length: 4)  0  22  77  133 
(Length: 4)  0  16  24  96 
(Length: 3)  0  96  148 
(Length: 3)  0  92  138 
(Length: 3)  0  51  77 
(Length: 3)  0  22  141 
(Length: 4)  0  8  141  145 
(Length: 3)  0  51  86 
(Length: 4)  0  43  73  93 
(Length: 4)  0  66  76  148 
(Length: 3)  0  84  93 
(Length: 4)  0  57  66  148 
(Length: 4)  0  57  79  148 
(Length: 4)  0  77  79  84 
(Length: 3)  0  96  104 
(Length: 4)  0  20  83  85 
(Length: 3)  0  85  92 
(Length: 3)  0  43  138 
(Length: 3)  0  73  145 
(Length: 5)  0  66  73  93  148 
(Length: 3)  0  20  138 
(Length: 4)  1  28  84  142 
(Length: 4)  1  25  29  90 
(Length: 3)  1  28  102 
(Length: 5)  1  10  11  32  84 
(Length: 4)  1  39  84  104 
(Length: 4)  1  25  39  90 
(Length: 3)  1  52  69 
(Length: 4)  1  6  62  111 
(Length: 3)  1  6  52 
(Length: 4)  1  6  11  32 
(Length: 4)  1  25  29  52 
(Length: 3)  1  34  45 
(Length: 3)  1  25  45 
(Length: 4)  1  84  104  142 
(Length: 4)  1  38  39  102 
(Length: 3)  1  6  97 
(Length: 4)  1  28  84  97 
(Length: 3)  1  28  90 
(Length: 4)  1  28  45  97 
(Length: 4)  1  62  111  129 
(Length: 4)  1  11  69  147 
(Length: 3)  1  29  147 
(Length: 4)  1  39  90  104 
(Length: 3)  1  38  129 
(Length: 3)  1  38  69 
(Length: 4)  1  6  62  104 
(Length: 3)  1  32  118 
(Length: 3)  1  12  111 
(Length: 3)  1  97  129 
(Length: 4)  1  10  11  90 
(Length: 4)  1  25  39  84 
(Length: 3)  1  69  111 
(Length: 4)  1  6  32  111 
(Length: 4)  1  6  11  90 
(Length: 3)  1  10  34 
(Length: 4)  1  11  23  84 
(Length: 3)  1  12  84 
(Length: 3)  1  12  147 
(Length: 4)  1  23  28  84 
(Length: 4)  1  39  62  104 
(Length: 3)  1  62  89 
(Length: 5)  1  25  29  32  84 
(Length: 4)  1  6  90  104 
(Length: 3)  1  25  129 
(Length: 3)  2  34  74 
(Length: 3)  2  4  22 
(Length: 3)  2  88  143 
(Length: 3)  2  34  143 
(Length: 3)  2  4  64 
(Length: 4)  2  22  28  141 
(Length: 3)  2  4  143 
(Length: 3)  2  40  140 
(Length: 4)  2  22  87  147 
(Length: 3)  2  25  64 
(Length: 3)  2  25  56 
(Length: 3)  2  140  143 
(Length: 3)  2  40  58 
(Length: 3)  2  18  147 
(Length: 3)  2  87  146 
(Length: 3)  2  18  70 
(Length: 3)  2  4  74 
(Length: 4)  2  18  60  141 
(Length: 3)  2  25  74 
(Length: 3)  2  70  143 
(Length: 3)  2  34  87 
(Length: 3)  2  88  109 
(Length: 4)  2  14  18  34 
(Length: 4)  2  28  141  146 
(Length: 3)  2  25  88 
(Length: 3)  2  74  147 
(Length: 3)  2  40  109 
(Length: 4)  2  28  56  141 
(Length: 4)  2  25  140  146 
(Length: 4)  2  18  141  146 
(Length: 3)  2  58  60 
(Length: 3)  2  28  70 
(Length: 3)  2  64  109 
(Length: 3)  3  15  51 
(Length: 3)  3  33  45 
(Length: 3)  3  18  70 
(Length: 4)  3  18  93  113 
(Length: 3)  3  10  138 
(Length: 4)  3  22  32  128 
(Length: 4)  3  68  126  145 
(Length: 4)  3  22  128  141 
(Length: 4)  3  42  96  128 
(Length: 3)  3  18  42 
(Length: 4)  3  18  132  147 
(Length: 3)  3  15  33 
(Length: 3)  3  42  98 
(Length: 4)  3  78  96  132 
(Length: 4)  3  96  128  141 
(Length: 3)  3  10  88 
(Length: 4)  3  98  141  145 
(Length: 5)  3  18  138  141  146 
(Length: 4)  3  22  42  128 
(Length: 4)  3  18  132  138 
(Length: 3)  3  10  113 
(Length: 3)  3  45  145 
(Length: 3)  3  10  32 
(Length: 3)  3  56  141 
(Length: 4)  3  78  96  141 
(Length: 4)  3  52  56  132 
(Length: 4)  3  18  93  147 
(Length: 4)  3  18  93  141 
(Length: 3)  3  68  93 
(Length: 3)  3  56  131 
(Length: 3)  3  52  126 
(Length: 3)  3  22  101 
(Length: 3)  3  22  147 
(Length: 3)  3  52  101 
(Length: 4)  3  52  56  113 
(Length: 3)  3  52  88 
(Length: 3)  3  32  131 
(Length: 4)  3  51  101  146 
(Length: 3)  3  131  147 
(Length: 4)  3  52  78  132 
(Length: 3)  3  131  146 
(Length: 3)  3  45  56 
(Length: 3)  3  98  101 
(Length: 3)  3  51  147 
(Length: 3)  3  22  113 
(Length: 4)  3  78  93  141 
(Length: 3)  3  51  68 
(Length: 3)  3  32  78 
(Length: 3)  3  45  70 
(Length: 4)  3  33  132  147 
(Length: 3)  3  15  93 
(Length: 4)  3  33  68  126 
(Length: 4)  4  96  129  132 
(Length: 4)  4  74  106  124 
(Length: 3)  4  42  96 
(Length: 4)  4  96  116  129 
(Length: 4)  4  129  132  143 
(Length: 4)  4  74  124  129 
(Length: 3)  4  94  123 
(Length: 3)  4  57  116 
(Length: 4)  4  53  129  143 
(Length: 3)  4  21  120 
(Length: 3)  4  94  124 
(Length: 4)  4  30  96  123 
(Length: 3)  4  64  132 
(Length: 4)  4  30  65  96 
(Length: 4)  4  53  107  143 
(Length: 3)  4  30  64 
(Length: 3)  4  106  132 
(Length: 3)  4  64  120 
(Length: 3)  4  64  124 
(Length: 3)  4  65  120 
(Length: 3)  4  22  42 
(Length: 4)  4  74  106  123 
(Length: 4)  4  42  57  143 
(Length: 3)  4  65  143 
(Length: 5)  4  74  96  123  129 
(Length: 3)  4  105  106 
(Length: 3)  4  57  74 
(Length: 3)  4  53  94 
(Length: 3)  5  64  75 
(Length: 3)  5  17  144 
(Length: 3)  5  17  69 
(Length: 3)  5  69  100 
(Length: 3)  5  76  127 
(Length: 3)  5  19  127 
(Length: 3)  5  143  144 
(Length: 3)  5  76  105 
(Length: 3)  5  69  75 
(Length: 3)  5  56  100 
(Length: 3)  5  19  75 
(Length: 3)  5  17  64 
(Length: 3)  6  78  97 
(Length: 4)  6  16  49  59 
(Length: 3)  6  83  133 
(Length: 3)  6  97  116 
(Length: 4)  6  11  32  76 
(Length: 3)  6  52  78 
(Length: 3)  6  17  116 
(Length: 4)  6  32  78  111 
(Length: 3)  6  11  133 
(Length: 3)  6  51  86 
(Length: 3)  6  17  48 
(Length: 4)  6  62  104  116 
(Length: 4)  6  20  49  59 
(Length: 4)  6  11  76  103 
(Length: 4)  6  76  103  116 
(Length: 5)  6  11  59  86  90 
(Length: 3)  6  111  133 
(Length: 5)  6  11  49  59  90 
(Length: 4)  6  11  49  76 
(Length: 4)  6  11  32  86 
(Length: 3)  6  20  48 
(Length: 3)  6  76  83 
(Length: 4)  6  48  86  111 
(Length: 4)  6  49  90  104 
(Length: 3)  6  20  97 
(Length: 3)  6  20  83 
(Length: 3)  6  48  52 
(Length: 4)  6  62  111  116 
(Length: 4)  6  11  48  86 
(Length: 3)  6  15  51 
(Length: 4)  6  17  32  78 
(Length: 3)  6  52  133 
(Length: 4)  6  32  86  111 
(Length: 3)  7  27  105 
(Length: 5)  7  22  28  101  133 
(Length: 4)  7  46  48  144 
(Length: 4)  7  37  48  121 
(Length: 4)  7  37  48  68 
(Length: 4)  7  44  68  104 
(Length: 5)  7  48  111  121  144 
(Length: 4)  7  46  68  104 
(Length: 3)  7  124  141 
(Length: 3)  7  28  112 
(Length: 3)  7  84  105 
(Length: 3)  7  84  99 
(Length: 4)  7  22  111  133 
(Length: 3)  7  47  124 
(Length: 3)  7  141  144 
(Length: 3)  7  47  104 
(Length: 3)  7  17  124 
(Length: 4)  7  46  48  68 
(Length: 4)  7  22  28  141 
(Length: 4)  7  68  84  104 
(Length: 4)  7  46  112  144 
(Length: 4)  7  37  68  104 
(Length: 4)  7  111  120  144 
(Length: 4)  7  48  105  121 
(Length: 3)  7  47  91 
(Length: 3)  7  35  94 
(Length: 4)  7  17  112  144 
(Length: 3)  7  17  99 
(Length: 4)  7  22  28  102 
(Length: 5)  7  22  28  44  101 
(Length: 4)  7  37  91  121 
(Length: 4)  7  44  94  104 
(Length: 3)  7  27  118 
(Length: 4)  7  48  101  121 
(Length: 3)  7  94  102 
(Length: 3)  7  35  133 
(Length: 4)  7  94  111  121 
(Length: 3)  7  91  118 
(Length: 3)  7  91  120 
(Length: 3)  7  94  124 
(Length: 3)  7  27  101 
(Length: 4)  7  91  94  121 
(Length: 3)  7  15  112 
(Length: 3)  7  15  102 
(Length: 3)  7  27  37 
(Length: 3)  7  28  84 
(Length: 3)  7  15  35 
(Length: 3)  7  24  27 
(Length: 4)  7  22  24  28 
(Length: 3)  7  15  99 
(Length: 4)  7  22  37  141 
(Length: 4)  7  22  24  47 
(Length: 4)  7  16  91  121 
(Length: 4)  7  22  99  111 
(Length: 4)  7  22  118  141 
(Length: 3)  7  16  124 
(Length: 3)  7  35  47 
(Length: 4)  7  16  22  24 
(Length: 4)  7  17  48  144 
(Length: 3)  8  110  116 
(Length: 3)  8  52  108 
(Length: 3)  8  65  110 
(Length: 4)  8  77  115  139 
(Length: 4)  8  30  64  108 
(Length: 3)  8  88  125 
(Length: 3)  8  108  125 
(Length: 3)  8  52  115 
(Length: 3)  8  108  116 
(Length: 4)  8  30  65  96 
(Length: 3)  8  64  110 
(Length: 3)  8  95  125 
(Length: 3)  8  52  88 
(Length: 3)  8  96  116 
(Length: 3)  8  96  125 
(Length: 5)  9  24  26  78  97 
(Length: 3)  9  40  59 
(Length: 3)  9  81  114 
(Length: 3)  9  24  47 
(Length: 3)  9  78  81 
(Length: 4)  9  24  26  40 
(Length: 3)  9  37  77 
(Length: 4)  9  33  137  142 
(Length: 3)  9  77  81 
(Length: 3)  9  14  97 
(Length: 3)  9  24  142 
(Length: 5)  9  24  26  78  117 
(Length: 3)  9  33  117 
(Length: 4)  9  47  77  137 
(Length: 4)  9  37  97  116 
(Length: 3)  9  59  137 
(Length: 3)  9  76  81 
(Length: 3)  9  14  50 
(Length: 3)  9  76  116 
(Length: 3)  9  37  142 
(Length: 3)  9  26  50 
(Length: 4)  10  11  86  90 
(Length: 3)  10  50  138 
(Length: 3)  10  66  119 
(Length: 4)  10  50  86  90 
(Length: 3)  10  84  88 
(Length: 3)  10  90  95 
(Length: 3)  10  90  107 
(Length: 3)  10  66  92 
(Length: 3)  10  66  116 
(Length: 3)  10  32  66 
(Length: 3)  10  92  138 
(Length: 4)  10  11  32  86 
(Length: 3)  10  84  92 
(Length: 3)  10  11  103 
(Length: 3)  10  86  92 
(Length: 3)  10  107  113 
(Length: 3)  10  107  119 
(Length: 3)  10  34  50 
(Length: 3)  10  88  90 
(Length: 3)  10  34  95 
(Length: 3)  10  95  113 
(Length: 3)  10  103  116 
(Length: 3)  11  59  143 
(Length: 4)  11  19  67  103 
(Length: 4)  11  64  114  126 
(Length: 3)  11  19  90 
(Length: 4)  11  14  32  84 
(Length: 4)  11  19  54  67 
(Length: 3)  11  19  75 
(Length: 3)  11  69  75 
(Length: 3)  11  75  137 
(Length: 4)  11  67  76  103 
(Length: 3)  11  26  143 
(Length: 4)  11  32  76  84 
(Length: 3)  11  54  147 
(Length: 4)  11  14  32  86 
(Length: 3)  11  26  54 
(Length: 5)  11  48  69  86  114 
(Length: 3)  11  49  64 
(Length: 3)  11  64  75 
(Length: 3)  11  84  114 
(Length: 3)  11  64  103 
(Length: 4)  11  126  133  137 
(Length: 3)  11  67  86 
(Length: 4)  11  69  114  126 
(Length: 3)  11  14  133 
(Length: 3)  11  84  137 
(Length: 4)  11  69  86  147 
(Length: 3)  11  36  49 
(Length: 3)  11  103  137 
(Length: 4)  11  14  86  90 
(Length: 4)  11  14  69  86 
(Length: 4)  11  14  36  84 
(Length: 3)  11  103  143 
(Length: 3)  11  103  147 
(Length: 3)  11  19  84 
(Length: 3)  11  23  133 
(Length: 4)  11  59  69  86 
(Length: 5)  11  49  59  90  137 
(Length: 5)  11  59  86  90  137 
(Length: 4)  12  18  93  147 
(Length: 5)  12  64  91  93  121 
(Length: 4)  12  65  111  121 
(Length: 4)  12  64  93  109 
(Length: 3)  12  44  92 
(Length: 4)  12  91  93  134 
(Length: 3)  12  21  33 
(Length: 4)  12  18  91  93 
(Length: 4)  12  21  111  127 
(Length: 4)  12  21  91  134 
(Length: 5)  12  64  93  121  148 
(Length: 3)  12  99  111 
(Length: 3)  12  21  148 
(Length: 3)  12  33  147 
(Length: 3)  12  92  109 
(Length: 3)  12  84  92 
(Length: 4)  12  35  83  148 
(Length: 4)  12  18  106  147 
(Length: 4)  12  84  93  134 
(Length: 3)  12  83  106 
(Length: 4)  12  35  93  148 
(Length: 3)  12  84  99 
(Length: 4)  12  83  121  148 
(Length: 3)  12  71  127 
(Length: 4)  12  18  21  91 
(Length: 3)  12  35  71 
(Length: 4)  12  65  91  121 
(Length: 3)  12  71  106 
(Length: 3)  12  44  65 
(Length: 3)  12  92  106 
(Length: 3)  12  65  109 
(Length: 3)  13  19  54 
(Length: 3)  13  20  59 
(Length: 4)  13  18  60  106 
(Length: 5)  13  111  121  122  144 
(Length: 4)  13  63  64  121 
(Length: 4)  13  18  85  122 
(Length: 4)  13  54  108  125 
(Length: 3)  13  106  124 
(Length: 4)  13  64  108  148 
(Length: 4)  13  18  20  85 
(Length: 4)  13  85  116  122 
(Length: 3)  13  68  145 
(Length: 4)  13  36  111  122 
(Length: 3)  13  33  142 
(Length: 3)  13  33  68 
(Length: 4)  13  51  108  142 
(Length: 3)  13  59  148 
(Length: 3)  13  60  135 
(Length: 4)  13  54  96  125 
(Length: 4)  13  63  96  144 
(Length: 4)  13  64  108  124 
(Length: 3)  13  36  108 
(Length: 4)  13  111  116  122 
(Length: 4)  13  51  108  124 
(Length: 4)  13  51  63  121 
(Length: 3)  13  111  133 
(Length: 3)  13  59  145 
(Length: 4)  13  18  122  144 
(Length: 4)  13  18  85  146 
(Length: 4)  13  64  121  148 
(Length: 3)  13  142  144 
(Length: 4)  13  19  121  148 
(Length: 4)  13  33  36  63 
(Length: 4)  13  51  121  122 
(Length: 4)  13  63  121  144 
(Length: 4)  13  96  125  148 
(Length: 3)  13  121  145 
(Length: 4)  13  96  125  144 
(Length: 3)  13  51  146 
(Length: 3)  13  64  120 
(Length: 3)  13  20  54 
(Length: 4)  13  96  116  148 
(Length: 4)  13  111  120  144 
(Length: 4)  13  108  116  148 
(Length: 3)  13  51  68 
(Length: 3)  13  54  106 
(Length: 3)  13  54  68 
(Length: 4)  13  36  111  146 
(Length: 4)  13  108  125  148 
(Length: 3)  14  21  97 
(Length: 4)  14  21  34  36 
(Length: 3)  14  18  107 
(Length: 4)  14  43  50  144 
(Length: 3)  14  18  38 
(Length: 3)  14  36  43 
(Length: 4)  14  50  86  90 
(Length: 3)  14  21  39 
(Length: 3)  14  32  43 
(Length: 4)  14  18  21  34 
(Length: 3)  14  86  94 
(Length: 3)  14  38  39 
(Length: 3)  14  39  144 
(Length: 4)  14  50  86  144 
(Length: 4)  14  39  90  107 
(Length: 3)  14  34  50 
(Length: 3)  14  39  84 
(Length: 4)  14  18  43  144 
(Length: 3)  14  94  97 
(Length: 3)  14  84  97 
(Length: 4)  14  38  69  86 
(Length: 4)  15  50  106  112 
(Length: 3)  15  60  73 
(Length: 4)  15  43  50  51 
(Length: 4)  15  43  73  99 
(Length: 3)  15  60  106 
(Length: 3)  15  35  93 
(Length: 3)  15  75  106 
(Length: 4)  15  51  73  102 
(Length: 3)  15  35  50 
(Length: 3)  15  51  142 
(Length: 3)  15  89  99 
(Length: 4)  15  33  95  142 
(Length: 3)  15  33  102 
(Length: 4)  15  43  51  73 
(Length: 4)  15  43  73  93 
(Length: 4)  16  34  59  82 
(Length: 4)  16  22  42  119 
(Length: 3)  16  24  49 
(Length: 3)  16  22  122 
(Length: 3)  16  98  124 
(Length: 3)  16  122  127 
(Length: 3)  16  91  119 
(Length: 3)  16  91  135 
(Length: 4)  16  132  135  136 
(Length: 4)  16  34  96  149 
(Length: 3)  16  127  132 
(Length: 3)  16  82  124 
(Length: 4)  16  49  121  149 
(Length: 3)  16  34  127 
(Length: 3)  16  124  127 
(Length: 3)  16  69  96 
(Length: 4)  16  121  122  149 
(Length: 4)  16  49  91  98 
(Length: 4)  16  49  59  82 
(Length: 3)  16  59  69 
(Length: 4)  16  96  132  149 
(Length: 3)  16  119  132 
(Length: 3)  16  124  149 
(Length: 4)  16  42  49  98 
(Length: 3)  16  42  96 
(Length: 4)  16  49  91  121 
(Length: 4)  16  42  49  136 
(Length: 4)  17  64  108  124 
(Length: 3)  17  32  58 
(Length: 3)  17  73  99 
(Length: 3)  17  48  69 
(Length: 4)  17  108  116  148 
(Length: 4)  17  69  87  146 
(Length: 3)  17  116  134 
(Length: 4)  17  21  73  87 
(Length: 4)  17  48  134  144 
(Length: 5)  17  21  73  108  148 
(Length: 4)  17  64  108  148 
(Length: 4)  17  57  116  148 
(Length: 3)  17  57  146 
(Length: 4)  17  21  73  134 
(Length: 3)  17  78  148 
(Length: 3)  17  69  116 
(Length: 3)  17  78  87 
(Length: 3)  17  57  58 
(Length: 4)  18  37  138  141 
(Length: 4)  18  27  37  113 
(Length: 5)  18  37  48  77  113 
(Length: 3)  18  20  138 
(Length: 3)  18  80  106 
(Length: 4)  18  20  48  77 
(Length: 3)  18  27  60 
(Length: 3)  18  80  122 
(Length: 4)  18  106  132  147 
(Length: 4)  18  27  107  113 
(Length: 3)  18  70  107 
(Length: 3)  18  34  77 
(Length: 4)  18  91  93  113 
(Length: 4)  18  85  132  147 
(Length: 4)  18  20  80  107 
(Length: 4)  18  20  77  85 
(Length: 3)  18  21  70 
(Length: 3)  18  70  106 
(Length: 3)  18  43  93 
(Length: 4)  18  43  138  144 
(Length: 3)  18  37  147 
(Length: 4)  18  20  77  107 
(Length: 3)  18  48  144 
(Length: 3)  18  48  132 
(Length: 4)  18  77  107  113 
(Length: 4)  18  138  141  144 
(Length: 3)  18  27  38 
(Length: 4)  18  37  91  113 
(Length: 3)  18  42  144 
(Length: 4)  19  25  52  78 
(Length: 4)  19  25  93  103 
(Length: 3)  19  81  92 
(Length: 4)  19  72  73  127 
(Length: 4)  19  37  91  121 
(Length: 3)  19  72  103 
(Length: 4)  19  54  72  127 
(Length: 3)  19  84  92 
(Length: 3)  19  103  132 
(Length: 3)  19  67  73 
(Length: 4)  19  25  67  103 
(Length: 5)  19  52  72  73  91 
(Length: 3)  19  78  81 
(Length: 3)  19  118  148 
(Length: 4)  19  81  91  121 
(Length: 3)  19  25  90 
(Length: 3)  19  52  92 
(Length: 3)  19  130  148 
(Length: 5)  19  25  78  93  148 
(Length: 3)  19  103  130 
(Length: 4)  19  93  103  121 
(Length: 5)  19  73  93  121  148 
(Length: 5)  19  73  91  93  121 
(Length: 4)  19  78  127  132 
(Length: 3)  19  90  130 
(Length: 4)  19  52  78  132 
(Length: 3)  19  91  118 
(Length: 4)  19  25  84  93 
(Length: 3)  20  25  88 
(Length: 3)  20  53  94 
(Length: 3)  20  80  83 
(Length: 3)  20  59  80 
(Length: 3)  20  59  69 
(Length: 3)  20  80  126 
(Length: 3)  20  59  128 
(Length: 3)  20  85  97 
(Length: 3)  20  53  83 
(Length: 3)  20  47  77 
(Length: 4)  20  31  49  85 
(Length: 3)  20  25  29 
(Length: 4)  20  87  94  119 
(Length: 3)  20  53  107 
(Length: 3)  20  48  119 
(Length: 3)  20  47  87 
(Length: 3)  20  69  88 
(Length: 3)  20  31  128 
(Length: 3)  20  25  85 
(Length: 4)  20  94  97  128 
(Length: 3)  20  31  126 
(Length: 3)  20  31  107 
(Length: 3)  20  69  126 
(Length: 3)  20  48  69 
(Length: 3)  20  69  87 
(Length: 3)  20  107  119 
(Length: 3)  20  29  138 
(Length: 3)  20  54  119 
(Length: 3)  20  94  126 
(Length: 4)  20  31  49  87 
(Length: 3)  20  25  126 
(Length: 3)  20  97  138 
(Length: 3)  21  33  36 
(Length: 4)  21  111  120  127 
(Length: 4)  21  108  126  148 
(Length: 3)  21  34  127 
(Length: 3)  21  91  120 
(Length: 3)  21  91  110 
(Length: 3)  21  91  98 
(Length: 4)  21  73  91  134 
(Length: 3)  21  97  128 
(Length: 4)  21  128  130  148 
(Length: 3)  21  39  108 
(Length: 4)  21  33  104  126 
(Length: 3)  21  36  108 
(Length: 4)  21  73  108  127 
(Length: 3)  21  34  87 
(Length: 3)  21  70  134 
(Length: 4)  21  115  126  134 
(Length: 3)  21  36  111 
(Length: 3)  21  36  130 
(Length: 3)  21  87  98 
(Length: 3)  21  87  111 
(Length: 4)  21  115  127  128 
(Length: 4)  21  110  130  148 
(Length: 4)  21  104  126  134 
(Length: 3)  21  33  87 
(Length: 3)  21  39  104 
(Length: 3)  22  24  26 
(Length: 4)  22  24  31  32 
(Length: 4)  22  37  77  113 
(Length: 4)  22  24  28  142 
(Length: 4)  22  24  32  47 
(Length: 4)  22  28  42  119 
(Length: 4)  22  77  113  133 
(Length: 3)  22  32  118 
(Length: 4)  22  31  87  133 
(Length: 4)  22  31  113  133 
(Length: 3)  22  26  54 
(Length: 4)  22  87  101  133 
(Length: 4)  22  73  99  122 
(Length: 3)  22  32  111 
(Length: 3)  22  26  99 
(Length: 4)  22  87  111  133 
(Length: 3)  22  37  142 
(Length: 4)  22  31  128  133 
(Length: 4)  22  28  42  142 
(Length: 3)  22  47  87 
(Length: 4)  22  28  44  142 
(Length: 4)  22  73  87  101 
(Length: 3)  22  47  77 
(Length: 4)  22  73  99  113 
(Length: 4)  22  54  119  147 
(Length: 4)  22  99  111  122 
(Length: 4)  22  28  77  133 
(Length: 4)  22  42  128  142 
(Length: 3)  22  37  147 
(Length: 4)  22  87  119  147 
(Length: 4)  22  31  32  128 
(Length: 4)  22  73  102  113 
(Length: 4)  22  31  87  147 
(Length: 4)  23  35  79  133 
(Length: 3)  23  128  148 
(Length: 3)  23  128  133 
(Length: 4)  23  28  101  133 
(Length: 5)  23  28  44  51  101 
(Length: 3)  23  51  124 
(Length: 3)  23  101  148 
(Length: 3)  23  40  138 
(Length: 3)  23  28  85 
(Length: 3)  23  35  85 
(Length: 3)  23  79  84 
(Length: 4)  23  35  79  148 
(Length: 3)  23  74  124 
(Length: 3)  23  40  148 
(Length: 3)  24  26  125 
(Length: 3)  24  125  140 
(Length: 3)  24  32  74 
(Length: 3)  24  28  96 
(Length: 3)  24  40  140 
(Length: 3)  24  28  97 
(Length: 3)  24  31  49 
(Length: 3)  24  97  129 
(Length: 3)  24  32  58 
(Length: 3)  24  49  74 
(Length: 4)  24  27  58  75 
(Length: 4)  24  40  58  75 
(Length: 4)  24  56  73  129 
(Length: 3)  24  32  78 
(Length: 4)  24  58  75  129 
(Length: 3)  24  28  56 
(Length: 3)  24  27  49 
(Length: 4)  24  74  96  129 
(Length: 4)  24  78  96  117 
(Length: 3)  24  47  75 
(Length: 3)  24  96  125 
(Length: 3)  25  78  85 
(Length: 4)  25  27  76  148 
(Length: 3)  25  88  90 
(Length: 3)  25  32  78 
(Length: 4)  25  56  100  129 
(Length: 4)  25  45  56  100 
(Length: 3)  25  56  131 
(Length: 4)  25  64  93  103 
(Length: 4)  25  27  64  148 
(Length: 4)  25  51  140  146 
(Length: 3)  25  99  126 
(Length: 3)  25  76  146 
(Length: 3)  25  27  98 
(Length: 4)  25  76  84  88 
(Length: 4)  25  32  74  76 
(Length: 4)  25  67  76  103 
(Length: 4)  25  64  93  148 
(Length: 5)  25  64  108  126  148 
(Length: 4)  25  93  103  129 
(Length: 4)  25  100  103  129 
(Length: 4)  25  64  82  93 
(Length: 3)  25  26  99 
(Length: 4)  25  29  76  148 
(Length: 3)  25  74  129 
(Length: 4)  25  84  93  134 
(Length: 3)  25  42  90 
(Length: 3)  25  67  131 
(Length: 4)  25  45  85  140 
(Length: 3)  25  32  100 
(Length: 4)  25  29  84  98 
(Length: 3)  25  131  146 
(Length: 3)  25  56  135 
(Length: 3)  25  82  90 
(Length: 3)  25  84  99 
(Length: 3)  25  99  131 
(Length: 4)  25  52  108  113 
(Length: 3)  25  126  134 
(Length: 3)  25  126  135 
(Length: 4)  25  52  108  126 
(Length: 4)  25  27  52  113 
(Length: 3)  25  26  51 
(Length: 3)  25  99  113 
(Length: 3)  25  32  131 
(Length: 3)  25  93  113 
(Length: 3)  25  52  88 
(Length: 3)  25  140  148 
(Length: 3)  25  26  78 
(Length: 3)  25  26  88 
(Length: 4)  25  85  140  146 
(Length: 4)  25  27  64  82 
(Length: 4)  25  52  56  113 
(Length: 3)  25  51  108 
(Length: 3)  25  39  108 
(Length: 3)  25  42  98 
(Length: 5)  25  29  32  76  84 
(Length: 3)  26  88  125 
(Length: 3)  26  40  99 
(Length: 3)  26  57  125 
(Length: 3)  26  78  139 
(Length: 3)  26  88  143 
(Length: 3)  26  50  139 
(Length: 3)  26  57  139 
(Length: 3)  26  57  143 
(Length: 3)  26  50  51 
(Length: 3)  26  54  125 
(Length: 5)  27  49  87  98  101 
(Length: 3)  27  69  87 
(Length: 3)  27  41  118 
(Length: 3)  27  95  113 
(Length: 3)  27  38  101 
(Length: 3)  27  75  113 
(Length: 4)  27  49  59  101 
(Length: 3)  27  69  75 
(Length: 3)  27  98  118 
(Length: 3)  27  41  95 
(Length: 3)  27  58  101 
(Length: 3)  27  82  105 
(Length: 4)  27  41  75  82 
(Length: 5)  27  41  49  59  82 
(Length: 3)  27  87  105 
(Length: 3)  27  49  113 
(Length: 3)  27  38  69 
(Length: 3)  27  37  58 
(Length: 3)  27  37  69 
(Length: 3)  27  49  76 
(Length: 3)  27  118  148 
(Length: 3)  27  52  101 
(Length: 3)  27  60  76 
(Length: 4)  27  59  101  148 
(Length: 4)  27  64  75  82 
(Length: 3)  27  58  60 
(Length: 3)  27  37  41 
(Length: 3)  27  76  105 
(Length: 3)  27  55  98 
(Length: 3)  27  65  69 
(Length: 4)  27  49  64  82 
(Length: 3)  27  107  118 
(Length: 3)  27  59  69 
(Length: 3)  27  52  69 
(Length: 3)  28  44  76 
(Length: 3)  28  96  141 
(Length: 3)  28  84  93 
(Length: 3)  28  44  70 
(Length: 4)  28  45  65  137 
(Length: 3)  28  84  98 
(Length: 4)  28  44  51  142 
(Length: 3)  28  90  137 
(Length: 3)  28  85  146 
(Length: 3)  28  51  77 
(Length: 3)  28  45  70 
(Length: 3)  28  51  102 
(Length: 3)  28  76  84 
(Length: 4)  28  77  84  137 
(Length: 3)  28  44  65 
(Length: 4)  28  44  98  101 
(Length: 4)  28  51  101  146 
(Length: 3)  28  76  127 
(Length: 3)  28  93  141 
(Length: 3)  28  102  137 
(Length: 4)  28  84  137  142 
(Length: 4)  28  45  133  137 
(Length: 3)  28  137  141 
(Length: 3)  28  98  141 
(Length: 4)  28  77  133  137 
(Length: 3)  28  77  85 
(Length: 3)  28  56  119 
(Length: 4)  28  45  56  133 
(Length: 3)  28  42  98 
(Length: 3)  28  42  90 
(Length: 3)  28  96  112 
(Length: 3)  28  76  116 
(Length: 3)  28  76  146 
(Length: 5)  28  45  85  97  116 
(Length: 3)  28  42  96 
(Length: 3)  28  56  112 
(Length: 3)  28  96  116 
(Length: 3)  28  112  127 
(Length: 3)  28  65  96 
(Length: 3)  28  44  90 
(Length: 3)  29  33  147 
(Length: 4)  29  50  106  147 
(Length: 3)  29  32  130 
(Length: 3)  29  130  138 
(Length: 3)  29  40  138 
(Length: 3)  29  40  148 
(Length: 3)  29  50  90 
(Length: 3)  29  130  148 
(Length: 3)  29  33  90 
(Length: 3)  29  90  130 
(Length: 3)  29  50  138 
(Length: 3)  30  31  49 
(Length: 3)  30  55  126 
(Length: 4)  30  61  73  134 
(Length: 4)  30  49  64  93 
(Length: 4)  30  64  108  126 
(Length: 3)  30  73  108 
(Length: 4)  30  31  123  126 
(Length: 3)  30  126  134 
(Length: 4)  30  69  96  123 
(Length: 3)  30  93  123 
(Length: 4)  30  69  123  126 
(Length: 4)  30  65  69  96 
(Length: 4)  30  73  93  134 
(Length: 3)  30  31  65 
(Length: 4)  30  31  61  123 
(Length: 3)  30  49  59 
(Length: 3)  30  59  69 
(Length: 3)  31  109  113 
(Length: 3)  31  107  113 
(Length: 4)  31  33  87  147 
(Length: 3)  31  32  131 
(Length: 5)  31  95  113  133  137 
(Length: 4)  31  33  126  137 
(Length: 4)  31  49  89  121 
(Length: 3)  31  61  95 
(Length: 3)  31  61  67 
(Length: 4)  31  49  90  137 
(Length: 4)  31  49  113  137 
(Length: 3)  31  32  123 
(Length: 4)  31  49  87  131 
(Length: 4)  31  49  121  137 
(Length: 4)  31  121  126  137 
(Length: 4)  31  49  131  137 
(Length: 3)  31  65  109 
(Length: 4)  31  126  133  137 
(Length: 3)  31  85  147 
(Length: 3)  31  67  89 
(Length: 3)  31  90  107 
(Length: 4)  31  65  121  137 
(Length: 3)  31  67  131 
(Length: 3)  31  105  121 
(Length: 3)  31  61  128 
(Length: 3)  31  87  105 
(Length: 4)  31  87  131  147 
(Length: 4)  31  65  89  121 
(Length: 5)  31  33  90  95  137 
(Length: 3)  32  100  139 
(Length: 3)  32  78  139 
(Length: 3)  32  86  130 
(Length: 3)  32  100  130 
(Length: 3)  32  74  86 
(Length: 3)  32  66  118 
(Length: 3)  32  58  111 
(Length: 3)  32  66  100 
(Length: 3)  32  131  139 
(Length: 3)  32  128  130 
(Length: 3)  32  47  123 
(Length: 3)  32  118  139 
(Length: 3)  32  86  139 
(Length: 4)  32  66  74  76 
(Length: 3)  32  74  123 
(Length: 3)  33  102  137 
(Length: 3)  33  102  140 
(Length: 4)  33  90  104  136 
(Length: 4)  33  90  104  139 
(Length: 4)  33  45  95  137 
(Length: 3)  33  132  136 
(Length: 4)  33  95  137  142 
(Length: 3)  33  102  117 
(Length: 4)  33  68  104  126 
(Length: 4)  33  103  132  143 
(Length: 3)  33  36  95 
(Length: 3)  33  45  87 
(Length: 4)  33  45  95  140 
(Length: 4)  33  104  126  139 
(Length: 3)  33  104  142 
(Length: 4)  33  68  103  137 
(Length: 4)  33  68  126  137 
(Length: 4)  33  103  132  147 
(Length: 3)  33  63  102 
(Length: 3)  33  63  132 
(Length: 3)  33  140  143 
(Length: 3)  34  45  59 
(Length: 3)  34  54  127 
(Length: 3)  34  45  95 
(Length: 4)  34  57  59  74 
(Length: 3)  34  54  96 
(Length: 3)  34  36  65 
(Length: 3)  34  87  96 
(Length: 3)  34  54  68 
(Length: 3)  34  57  149 
(Length: 4)  34  57  59  143 
(Length: 3)  34  74  96 
(Length: 3)  34  45  87 
(Length: 3)  34  65  96 
(Length: 3)  34  45  65 
(Length: 3)  34  50  82 
(Length: 3)  34  95  149 
(Length: 3)  34  65  143 
(Length: 3)  34  36  95 
(Length: 3)  35  94  145 
(Length: 3)  35  94  123 
(Length: 4)  35  110  116  148 
(Length: 3)  35  67  76 
(Length: 4)  35  45  100  145 
(Length: 3)  35  125  148 
(Length: 3)  35  85  146 
(Length: 3)  35  50  85 
(Length: 4)  35  45  85  116 
(Length: 3)  35  98  123 
(Length: 3)  35  143  148 
(Length: 3)  35  83  85 
(Length: 3)  35  98  143 
(Length: 4)  35  45  79  133 
(Length: 3)  35  50  86 
(Length: 4)  35  38  79  123 
(Length: 3)  35  47  148 
(Length: 3)  35  83  133 
(Length: 3)  35  38  86 
(Length: 4)  35  38  123  149 
(Length: 3)  35  125  149 
(Length: 3)  35  47  123 
(Length: 3)  35  50  100 
(Length: 4)  35  45  100  116 
(Length: 3)  35  98  145 
(Length: 4)  35  76  83  148 
(Length: 4)  35  67  86  94 
(Length: 4)  35  76  116  148 
(Length: 3)  35  71  94 
(Length: 3)  35  71  100 
(Length: 3)  35  67  125 
(Length: 3)  35  76  146 
(Length: 3)  35  93  123 
(Length: 3)  36  52  56 
(Length: 3)  36  61  63 
(Length: 3)  36  44  49 
(Length: 3)  36  95  130 
(Length: 3)  36  43  108 
(Length: 4)  36  49  63  130 
(Length: 3)  36  43  56 
(Length: 3)  36  65  111 
(Length: 3)  36  44  65 
(Length: 3)  36  52  108 
(Length: 3)  36  44  61 
(Length: 3)  36  61  95 
(Length: 3)  36  56  61 
(Length: 3)  36  55  122 
(Length: 3)  36  55  84 
(Length: 3)  36  56  122 
(Length: 3)  37  58  91 
(Length: 3)  37  91  142 
(Length: 3)  37  138  142 
(Length: 5)  37  48  68  69  86 
(Length: 3)  37  100  139 
(Length: 4)  37  41  45  97 
(Length: 4)  37  45  100  116 
(Length: 3)  37  74  123 
(Length: 3)  37  97  138 
(Length: 3)  37  104  116 
(Length: 3)  37  104  123 
(Length: 3)  37  86  139 
(Length: 4)  37  48  86  121 
(Length: 4)  37  69  100  116 
(Length: 3)  37  97  123 
(Length: 3)  37  69  123 
(Length: 4)  37  74  86  147 
(Length: 3)  37  104  142 
(Length: 4)  37  69  86  147 
(Length: 4)  37  45  97  116 
(Length: 4)  37  77  104  139 
(Length: 4)  38  73  127  129 
(Length: 4)  38  86  127  129 
(Length: 4)  38  61  123  129 
(Length: 5)  38  61  73  101  129 
(Length: 4)  38  61  66  73 
(Length: 3)  38  69  123 
(Length: 3)  38  86  102 
(Length: 3)  38  124  149 
(Length: 4)  38  79  123  129 
(Length: 3)  38  73  102 
(Length: 4)  38  124  127  129 
(Length: 3)  39  49  144 
(Length: 4)  39  90  104  139 
(Length: 4)  39  41  49  137 
(Length: 5)  39  44  49  90  104 
(Length: 4)  39  102  108  137 
(Length: 4)  39  62  104  136 
(Length: 4)  39  62  104  139 
(Length: 4)  39  77  84  137 
(Length: 3)  39  77  107 
(Length: 5)  39  49  90  104  136 
(Length: 4)  39  77  104  139 
(Length: 3)  39  107  117 
(Length: 3)  39  102  117 
(Length: 4)  39  41  44  49 
(Length: 4)  39  41  108  137 
(Length: 4)  39  49  90  137 
(Length: 4)  39  77  84  104 
(Length: 3)  40  59  148 
(Length: 3)  40  99  111 
(Length: 3)  40  58  111 
(Length: 3)  40  99  113 
(Length: 3)  40  140  148 
(Length: 3)  40  75  113 
(Length: 3)  40  138  140 
(Length: 3)  40  109  113 
(Length: 3)  41  108  127 
(Length: 3)  41  118  143 
(Length: 3)  41  45  56 
(Length: 4)  41  45  95  137 
(Length: 4)  41  45  59  137 
(Length: 3)  41  120  127 
(Length: 3)  41  108  118 
(Length: 3)  41  45  120 
(Length: 4)  41  44  49  59 
(Length: 4)  41  49  59  137 
(Length: 3)  41  49  85 
(Length: 3)  41  59  143 
(Length: 3)  41  44  94 
(Length: 4)  41  45  85  97 
(Length: 3)  41  94  97 
(Length: 3)  41  43  56 
(Length: 3)  41  94  137 
(Length: 3)  41  43  108 
(Length: 4)  41  75  108  137 
(Length: 4)  42  128  142  144 
(Length: 5)  42  49  90  104  136 
(Length: 3)  42  128  136 
(Length: 4)  42  98  143  144 
(Length: 3)  42  96  104 
(Length: 3)  42  104  142 
(Length: 3)  42  115  128 
(Length: 3)  42  119  125 
(Length: 3)  42  104  119 
(Length: 3)  42  57  125 
(Length: 3)  42  57  115 
(Length: 4)  42  57  98  143 
(Length: 3)  42  114  119 
(Length: 4)  42  96  128  144 
(Length: 3)  42  114  136 
(Length: 4)  42  96  125  144 
(Length: 4)  42  49  98  144 
(Length: 4)  43  46  125  144 
(Length: 3)  43  56  73 
(Length: 3)  43  46  56 
(Length: 4)  43  50  138  144 
(Length: 3)  43  108  125 
(Length: 4)  43  51  73  108 
(Length: 4)  43  93  115  134 
(Length: 4)  43  73  93  134 
(Length: 3)  43  99  115 
(Length: 3)  43  134  144 
(Length: 3)  44  57  59 
(Length: 3)  44  61  68 
(Length: 3)  44  50  132 
(Length: 3)  44  57  58 
(Length: 4)  44  66  76  92 
(Length: 4)  44  49  59  101 
(Length: 4)  44  94  104  123 
(Length: 4)  44  66  92  104 
(Length: 4)  44  61  92  101 
(Length: 4)  44  49  98  101 
(Length: 3)  44  65  72 
(Length: 4)  44  49  76  92 
(Length: 3)  44  104  142 
(Length: 3)  44  70  92 
(Length: 4)  44  61  66  92 
(Length: 4)  44  49  92  104 
(Length: 4)  44  49  92  101 
(Length: 3)  44  72  101 
(Length: 3)  44  58  101 
(Length: 3)  44  51  68 
(Length: 4)  44  61  94  123 
(Length: 4)  44  49  59  90 
(Length: 3)  44  50  90 
(Length: 3)  44  51  94 
(Length: 3)  44  76  132 
(Length: 3)  44  72  142 
(Length: 3)  44  98  123 
(Length: 4)  44  57  66  98 
(Length: 3)  44  50  51 
(Length: 3)  44  66  72 
(Length: 4)  45  59  100  145 
(Length: 3)  45  65  120 
(Length: 3)  45  87  100 
(Length: 3)  45  87  133 
(Length: 4)  45  65  100  109 
(Length: 3)  45  72  79 
(Length: 3)  45  65  72 
(Length: 4)  45  95  133  137 
(Length: 3)  45  79  97 
(Length: 3)  45  72  95 
(Length: 3)  45  72  85 
(Length: 3)  46  90  104 
(Length: 3)  46  48  113 
(Length: 3)  46  56  113 
(Length: 3)  46  56  112 
(Length: 3)  46  56  61 
(Length: 3)  46  90  137 
(Length: 3)  46  68  137 
(Length: 3)  46  61  68 
(Length: 3)  46  113  137 
(Length: 3)  46  61  125 
(Length: 3)  47  72  124 
(Length: 3)  47  64  91 
(Length: 3)  47  75  137 
(Length: 3)  47  77  104 
(Length: 3)  47  90  137 
(Length: 3)  47  91  137 
(Length: 3)  47  104  123 
(Length: 4)  47  52  72  91 
(Length: 3)  47  52  123 
(Length: 3)  47  64  148 
(Length: 3)  47  90  104 
(Length: 4)  47  64  75  124 
(Length: 4)  48  68  89  130 
(Length: 3)  48  96  144 
(Length: 4)  48  52  114  119 
(Length: 3)  48  52  113 
(Length: 5)  48  68  69  86  130 
(Length: 3)  48  89  134 
(Length: 3)  48  96  132 
(Length: 4)  48  52  101  115 
(Length: 4)  48  69  96  130 
(Length: 4)  48  52  69  114 
(Length: 4)  48  77  81  115 
(Length: 4)  48  77  79  130 
(Length: 4)  48  81  111  114 
(Length: 4)  48  81  114  119 
(Length: 4)  48  81  111  121 
(Length: 4)  48  101  115  121 
(Length: 4)  48  52  119  132 
(Length: 5)  48  69  86  111  114 
(Length: 5)  48  86  111  121  144 
(Length: 3)  48  111  132 
(Length: 3)  48  115  134 
(Length: 4)  48  81  105  121 
(Length: 3)  48  89  121 
(Length: 4)  48  81  115  121 
(Length: 4)  49  91  121  137 
(Length: 4)  49  90  137  149 
(Length: 3)  49  89  130 
(Length: 4)  49  63  64  121 
(Length: 4)  49  64  82  93 
(Length: 3)  49  87  93 
(Length: 3)  49  74  76 
(Length: 3)  49  59  74 
(Length: 5)  49  64  91  93  121 
(Length: 3)  49  101  121 
(Length: 4)  49  91  113  137 
(Length: 4)  49  90  130  136 
(Length: 3)  49  85  92 
(Length: 3)  49  64  136 
(Length: 4)  49  92  104  136 
(Length: 4)  49  63  121  144 
(Length: 4)  49  89  121  149 
(Length: 4)  49  121  137  149 
(Length: 4)  49  91  93  113 
(Length: 5)  49  59  90  130  137 
(Length: 4)  49  59  82  90 
(Length: 4)  50  82  90  139 
(Length: 3)  50  51  140 
(Length: 3)  50  100  139 
(Length: 4)  50  51  86  147 
(Length: 3)  50  62  111 
(Length: 3)  50  82  106 
(Length: 4)  50  85  132  147 
(Length: 4)  50  86  90  139 
(Length: 3)  50  118  140 
(Length: 4)  50  138  140  144 
(Length: 3)  50  112  144 
(Length: 3)  50  62  139 
(Length: 3)  50  85  140 
(Length: 4)  50  86  111  144 
(Length: 3)  50  118  139 
(Length: 3)  50  132  138 
(Length: 3)  50  111  132 
(Length: 4)  50  106  132  147 
(Length: 4)  51  63  94  102 
(Length: 4)  51  101  140  146 
(Length: 4)  51  73  121  122 
(Length: 4)  51  101  121  140 
(Length: 3)  51  102  140 
(Length: 3)  51  68  86 
(Length: 4)  51  86  94  102 
(Length: 3)  51  94  124 
(Length: 4)  51  63  73  121 
(Length: 4)  51  63  73  102 
(Length: 4)  51  63  94  121 
(Length: 4)  51  94  121  122 
(Length: 4)  51  73  101  121 
(Length: 4)  51  86  94  121 
(Length: 4)  51  73  102  108 
(Length: 3)  52  92  120 
(Length: 4)  52  53  115  133 
(Length: 4)  52  56  132  149 
(Length: 4)  52  69  123  126 
(Length: 4)  52  69  114  126 
(Length: 3)  52  114  149 
(Length: 4)  52  56  119  132 
(Length: 3)  52  117  123 
(Length: 4)  52  73  91  113 
(Length: 4)  52  101  115  133 
(Length: 3)  52  91  120 
(Length: 3)  52  108  119 
(Length: 3)  52  91  119 
(Length: 4)  52  72  73  101 
(Length: 4)  52  78  117  119 
(Length: 4)  52  73  108  113 
(Length: 3)  52  69  88 
(Length: 4)  52  72  73  108 
(Length: 4)  52  56  113  133 
(Length: 4)  52  115  126  133 
(Length: 4)  52  56  73  113 
(Length: 3)  52  53  78 
(Length: 3)  52  92  101 
(Length: 3)  52  101  117 
(Length: 3)  52  123  149 
(Length: 4)  52  78  119  132 
(Length: 4)  53  115  121  137 
(Length: 4)  53  115  133  137 
(Length: 4)  53  103  121  143 
(Length: 3)  53  67  94 
(Length: 4)  53  70  107  143 
(Length: 4)  53  94  121  137 
(Length: 4)  53  103  129  143 
(Length: 3)  53  83  133 
(Length: 3)  53  83  121 
(Length: 3)  53  67  115 
(Length: 3)  53  67  103 
(Length: 4)  53  70  129  143 
(Length: 4)  53  103  121  137 
(Length: 4)  54  108  119  125 
(Length: 4)  54  72  108  127 
(Length: 3)  54  72  96 
(Length: 3)  54  67  125 
(Length: 3)  54  106  147 
(Length: 3)  55  99  122 
(Length: 3)  55  99  131 
(Length: 3)  55  114  126 
(Length: 3)  55  84  98 
(Length: 3)  55  84  114 
(Length: 3)  55  84  99 
(Length: 3)  55  99  126 
(Length: 3)  56  112  129 
(Length: 3)  56  112  122 
(Length: 3)  56  141  149 
(Length: 3)  56  132  135 
(Length: 4)  56  73  100  129 
(Length: 3)  56  129  132 
(Length: 4)  56  61  73  129 
(Length: 3)  56  73  131 
(Length: 4)  56  121  122  149 
(Length: 4)  56  73  121  122 
(Length: 3)  57  125  149 
(Length: 3)  57  62  98 
(Length: 4)  57  59  143  148 
(Length: 3)  57  66  146 
(Length: 3)  57  66  74 
(Length: 3)  57  62  116 
(Length: 3)  57  115  139 
(Length: 4)  57  66  116  148 
(Length: 3)  57  66  115 
(Length: 3)  57  62  139 
(Length: 3)  57  125  148 
(Length: 3)  58  60  135 
(Length: 3)  58  91  135 
(Length: 3)  58  111  129 
(Length: 3)  58  101  129 
(Length: 3)  58  129  145 
(Length: 3)  59  112  143 
(Length: 3)  59  74  112 
(Length: 4)  59  80  101  148 
(Length: 3)  59  74  86 
(Length: 3)  59  100  101 
(Length: 3)  59  112  128 
(Length: 3)  59  82  110 
(Length: 4)  59  128  130  148 
(Length: 5)  59  86  90  130  137 
(Length: 4)  59  69  100  130 
(Length: 4)  59  80  90  130 
(Length: 3)  59  110  112 
(Length: 4)  59  69  86  130 
(Length: 3)  59  112  145 
(Length: 4)  59  101  143  148 
(Length: 4)  59  80  130  148 
(Length: 4)  59  110  130  148 
(Length: 3)  60  128  141 
(Length: 3)  60  67  73 
(Length: 3)  60  67  115 
(Length: 3)  60  115  128 
(Length: 3)  60  67  76 
(Length: 3)  61  67  94 
(Length: 3)  61  68  145 
(Length: 3)  61  128  148 
(Length: 4)  61  73  101  148 
(Length: 4)  61  92  101  140 
(Length: 4)  61  94  97  128 
(Length: 4)  61  97  123  129 
(Length: 4)  61  95  125  140 
(Length: 4)  61  63  75  129 
(Length: 4)  61  94  97  123 
(Length: 3)  61  63  94 
(Length: 3)  61  67  73 
(Length: 4)  61  63  73  129 
(Length: 3)  61  67  125 
(Length: 5)  61  101  125  140  148 
(Length: 3)  61  94  145 
(Length: 4)  61  66  73  148 
(Length: 4)  61  63  73  134 
(Length: 4)  61  73  129  145 
(Length: 3)  62  94  104 
(Length: 3)  62  131  139 
(Length: 4)  62  87  94  111 
(Length: 3)  62  89  116 
(Length: 3)  62  94  128 
(Length: 3)  62  67  94 
(Length: 3)  62  87  131 
(Length: 3)  62  67  131 
(Length: 3)  62  67  89 
(Length: 4)  62  111  116  129 
(Length: 3)  62  87  98 
(Length: 3)  62  128  136 
(Length: 3)  63  79  130 
(Length: 3)  63  64  75 
(Length: 3)  63  100  130 
(Length: 3)  63  96  130 
(Length: 3)  63  115  134 
(Length: 3)  63  115  121 
(Length: 4)  63  96  129  132 
(Length: 3)  63  64  132 
(Length: 3)  63  80  130 
(Length: 3)  63  80  115 
(Length: 3)  63  79  129 
(Length: 3)  63  134  144 
(Length: 3)  63  64  80 
(Length: 4)  63  73  100  129 
(Length: 4)  64  75  108  124 
(Length: 3)  64  103  132 
(Length: 3)  64  114  136 
(Length: 3)  64  91  110 
(Length: 3)  64  91  120 
(Length: 4)  64  80  126  148 
(Length: 3)  64  82  110 
(Length: 3)  64  80  109 
(Length: 3)  64  109  110 
(Length: 4)  64  93  103  121 
(Length: 3)  64  132  136 
(Length: 3)  64  80  136 
(Length: 4)  64  121  126  148 
(Length: 4)  64  75  82  124 
(Length: 3)  64  110  148 
(Length: 3)  64  114  124 
(Length: 4)  65  81  111  121 
(Length: 3)  65  72  91 
(Length: 3)  65  91  110 
(Length: 3)  65  69  111 
(Length: 3)  65  72  89 
(Length: 4)  65  81  91  121 
(Length: 3)  65  121  143 
(Length: 3)  65  72  96 
(Length: 3)  65  111  120 
(Length: 3)  65  109  110 
(Length: 3)  65  91  120 
(Length: 4)  65  69  100  109 
(Length: 4)  65  91  121  137 
(Length: 4)  66  73  87  93 
(Length: 3)  66  98  118 
(Length: 4)  66  76  81  92 
(Length: 4)  66  76  116  148 
(Length: 3)  66  93  115 
(Length: 3)  66  76  146 
(Length: 4)  66  73  87  100 
(Length: 3)  66  87  98 
(Length: 3)  66  72  146 
(Length: 3)  66  100  116 
(Length: 3)  66  87  119 
(Length: 3)  66  81  115 
(Length: 3)  66  72  73 
(Length: 3)  66  87  146 
(Length: 3)  66  81  119 
(Length: 3)  66  118  148 
(Length: 3)  66  104  116 
(Length: 3)  66  104  119 
(Length: 3)  67  73  131 
(Length: 3)  67  125  144 
(Length: 3)  67  86  144 
(Length: 3)  68  84  93 
(Length: 3)  68  69  126 
(Length: 3)  68  93  103 
(Length: 3)  68  84  137 
(Length: 4)  68  103  130  137 
(Length: 4)  68  104  126  145 
(Length: 4)  68  86  130  137 
(Length: 4)  69  100  116  130 
(Length: 3)  69  87  96 
(Length: 4)  69  87  131  146 
(Length: 4)  69  111  114  146 
(Length: 3)  69  111  116 
(Length: 4)  69  87  111  146 
(Length: 4)  69  87  131  147 
(Length: 3)  69  88  109 
(Length: 4)  69  100  109  130 
(Length: 3)  69  87  100 
(Length: 4)  69  96  116  130 
(Length: 4)  70  107  134  143 
(Length: 3)  70  89  134 
(Length: 3)  70  92  143 
(Length: 3)  70  92  106 
(Length: 3)  71  82  106 
(Length: 4)  71  103  130  137 
(Length: 4)  71  100  103  130 
(Length: 3)  71  94  137 
(Length: 3)  72  101  146 
(Length: 4)  72  73  108  127 
(Length: 3)  72  108  142 
(Length: 3)  72  80  95 
(Length: 3)  72  91  142 
(Length: 4)  72  108  124  127 
(Length: 3)  72  73  82 
(Length: 3)  72  86  127 
(Length: 3)  72  79  103 
(Length: 3)  72  82  105 
(Length: 3)  72  80  101 
(Length: 3)  72  95  142 
(Length: 3)  72  89  124 
(Length: 3)  72  82  124 
(Length: 3)  72  85  146 
(Length: 3)  73  122  127 
(Length: 4)  73  87  100  101 
(Length: 4)  73  101  121  148 
(Length: 4)  73  100  129  145 
(Length: 4)  73  102  108  113 
(Length: 4)  73  91  93  113 
(Length: 3)  73  82  93 
(Length: 4)  73  100  101  129 
(Length: 4)  73  91  93  134 
(Length: 3)  73  121  145 
(Length: 3)  73  122  134 
(Length: 3)  73  87  131 
(Length: 3)  73  99  131 
(Length: 3)  73  93  129 
(Length: 3)  74  106  112 
(Length: 3)  74  106  147 
(Length: 4)  74  96  112  129 
(Length: 3)  74  86  129 
(Length: 4)  75  108  113  137 
(Length: 4)  75  82  106  124 
(Length: 3)  75  124  129 
(Length: 3)  76  81  105 
(Length: 3)  76  83  120 
(Length: 3)  76  84  105 
(Length: 3)  76  127  132 
(Length: 3)  76  83  132 
(Length: 3)  76  103  132 
(Length: 3)  76  92  120 
(Length: 3)  76  120  127 
(Length: 3)  77  131  137 
(Length: 4)  77  115  133  137 
(Length: 4)  77  81  115  133 
(Length: 3)  77  131  139 
(Length: 3)  77  130  137 
(Length: 4)  77  113  133  137 
(Length: 3)  77  107  130 
(Length: 3)  78  85  97 
(Length: 3)  78  87  111 
(Length: 4)  78  111  127  132 
(Length: 3)  78  87  96 
(Length: 3)  78  87  119 
(Length: 3)  78  81  119 
(Length: 3)  78  87  93 
(Length: 3)  78  93  139 
(Length: 3)  78  96  148 
(Length: 3)  78  85  132 
(Length: 3)  78  81  111 
(Length: 3)  79  130  148 
(Length: 4)  79  97  123  129 
(Length: 3)  79  103  130 
(Length: 3)  79  103  129 
(Length: 3)  79  84  97 
(Length: 4)  80  90  107  130 
(Length: 4)  80  90  95  130 
(Length: 4)  80  90  130  136 
(Length: 3)  80  83  106 
(Length: 3)  80  83  148 
(Length: 3)  80  115  122 
(Length: 3)  80  109  130 
(Length: 3)  80  101  115 
(Length: 3)  80  115  126 
(Length: 3)  80  106  136 
(Length: 3)  81  91  119 
(Length: 3)  81  111  133 
(Length: 3)  81  119  147 
(Length: 3)  82  105  106 
(Length: 3)  82  93  139 
(Length: 3)  82  106  110 
(Length: 3)  83  106  132 
(Length: 3)  83  85  114 
(Length: 3)  83  85  132 
(Length: 3)  84  104  134 
(Length: 3)  85  114  146 
(Length: 3)  85  92  122 
(Length: 3)  85  92  140 
(Length: 4)  86  94  121  137 
(Length: 4)  86  94  111  121 
(Length: 4)  86  94  102  137 
(Length: 4)  86  111  114  129 
(Length: 4)  86  111  127  129 
(Length: 3)  87  105  106 
(Length: 3)  87  93  147 
(Length: 3)  87  101  146 
(Length: 3)  87  106  147 
(Length: 3)  89  121  140 
(Length: 3)  89  124  149 
(Length: 3)  89  116  134 
(Length: 3)  89  116  130 
(Length: 3)  89  99  149 
(Length: 4)  90  95  130  137 
(Length: 4)  90  95  137  149 
(Length: 3)  91  94  119 
(Length: 3)  91  110  113 
(Length: 4)  91  94  121  137 
(Length: 3)  91  137  142 
(Length: 3)  91  98  118 
(Length: 3)  92  106  136 
(Length: 3)  92  138  140 
(Length: 4)  92  101  140  143 
(Length: 3)  93  123  129 
(Length: 3)  93  103  147 
(Length: 3)  93  109  113 
(Length: 3)  93  115  121 
(Length: 3)  93  115  139 
(Length: 4)  94  121  126  137 
(Length: 4)  94  111  121  122 
(Length: 4)  94  121  126  145 
(Length: 4)  94  104  123  126 
(Length: 4)  94  104  126  145 
(Length: 4)  94  104  119  145 
(Length: 3)  94  97  124 
(Length: 3)  95  125  149 
(Length: 4)  96  128  141  144 
(Length: 3)  96  125  149 
(Length: 4)  96  116  130  148 
(Length: 4)  96  128  130  148 
(Length: 3)  96  123  149 
(Length: 3)  96  117  123 
(Length: 4)  96  112  128  144 
(Length: 3)  96  104  123 
(Length: 3)  96  104  116 
(Length: 3)  96  141  149 
(Length: 3)  97  116  129 
(Length: 3)  97  124  129 
(Length: 3)  98  118  143 
(Length: 3)  98  117  123 
(Length: 3)  98  124  141 
(Length: 3)  98  118  141 
(Length: 3)  98  101  117 
(Length: 3)  98  117  145 
(Length: 3)  98  117  124 
(Length: 3)  98  141  144 
(Length: 3)  98  101  143 
(Length: 3)  99  122  149 
(Length: 3)  99  115  126 
(Length: 3)  99  123  126 
(Length: 3)  99  115  122 
(Length: 3)  99  110  113 
(Length: 3)  99  123  149 
(Length: 4)  100  103  116  130 
(Length: 4)  100  103  116  129 
(Length: 3)  101  129  143 
(Length: 5)  101  121  140  143  148 
(Length: 4)  102  108  113  137 
(Length: 4)  103  129  132  143 
(Length: 3)  104  116  134 
(Length: 3)  106  110  112 
(Length: 3)  106  132  136 
(Length: 3)  106  124  149 
(Length: 4)  106  132  147  149 
(Length: 3)  106  123  149 
(Length: 3)  107  117  119 
(Length: 3)  107  118  143 
(Length: 3)  108  126  137 
(Length: 3)  108  118  148 
(Length: 3)  108  137  142 
(Length: 3)  109  110  130 
(Length: 3)  109  110  113 
(Length: 3)  110  112  129 
(Length: 4)  110  116  130  148 
(Length: 3)  110  116  129 
(Length: 3)  111  122  127 
(Length: 4)  111  127  129  132 
(Length: 3)  112  143  144 
(Length: 3)  112  127  128 
(Length: 3)  112  127  129 
(Length: 3)  112  129  145 
(Length: 3)  112  129  143 
(Length: 3)  112  122  144 
(Length: 3)  112  122  127 
(Length: 3)  114  141  146 
(Length: 4)  114  124  141  149 
(Length: 3)  114  124  129 
(Length: 3)  114  126  135 
(Length: 3)  114  135  136 
(Length: 3)  115  121  122 
(Length: 4)  115  126  133  137 
(Length: 4)  115  121  126  137 
(Length: 3)  115  122  134 
(Length: 3)  115  128  133 
(Length: 3)  115  126  139 
(Length: 3)  115  122  127 
(Length: 3)  116  122  134 
(Length: 3)  117  119  145 
(Length: 4)  118  140  143  148 
(Length: 3)  119  132  147 
(Length: 4)  121  140  143  144 
(Length: 3)  122  134  144 
(Length: 3)  125  140  144 
(Length: 3)  128  130  136 
(Length: 3)  130  135  136 
(Length: 3)  134  143  144 
(Length: 3)  137  141  149 
(Length: 3)  138  142  144 
(Length: 3)  138  140  146 
...model cost: 1.71 seconds  46849 FFE
 (opt) 670.00000000 == 670.00000000 (sur)  OPTIMALITY TEST PASSED!
   BESTimpr 590.00000000 -> 650.00000000
11****111***11**11***1111***1**11***1*1****1*1**1**1111*1*1*1*11**111***1***1*1111*11111**11111**11**1*11******1*1*111**1111*1*111**11**1*1*11**1****1

   BESTimpr 650.00000000 -> 651.00000000
11*1*1*11*111*1*11**111*1111*11*1*****11**1*1****11*11*1**11*1***111****1***1*11*1*1**1*1**1***1**1*****11*11**1**1**1****11*11111***1*111******1**1*1

