Walsh model started...
 69  35  143  93  61  11  45  95  42  134  120  50  3  39  114  52  62  76  17  135  140  64  89  48  138  70  5  100  90  77  147  118  60  24  81  133  16  25 
 82  37  92  106  136  51  89  65  41  127  134  132  138  90  50  96  125  25  144  47  69  115  49  131  60 
 32  93  133  74  54  106  114  124  52  22  26  136  53  76  110  130  60  144  78  104  149  46  117  18  107  25  8  119  39  43  139 
 112  142  0  50  27  124  104  147  146  21  60  71  127  143  138  51  113  4  30  133  62  85  18  117  25  116  23 
 62  25  53  93  43  55  6  122  77  101  107  48  99  112  145  133  17  9  49  3  30  67  94  42  59 
 12  81  73  87  88  85  51  106  134  33  31  53  20  0  100  113  136 
 110  89  65  139  69  36  25  56  75  112  42  34  9  19  58  122  29  31  98  4  78  117  88  136  47  106  135  11  39  22 
 141  127  85  64  81  11  23  92  60  21  34  41  138  53  61  57  86  130  54  13  9  112  49 
 109  32  127  21  131  134  72  97  123  144  46  83  45  25  2  121  145  9  68  24 
 65  89  135  141  6  19  98  123  29  107  47  92  36  28  131  100  17  4  68  78  87  48  7  13  8  35  147  30 
 127  21  93  11  91  13  53  144  59  44  29  43  133  97  82  79 
 62  120  13  14  41  22  61  0  7  81  10  93  19  47  116  113  143  121  46  25  84  78  135  6  103  48  111 
 81  5  82  32  100  19  15  63  121  120  108  116  119  16 
 11  14  54  132  100  48  71  120  141  128  117  25  118  50  91  10  127  58  147  107  7  23  56  96  61  65  98  9  145  60  139  44  38 
 127  104  129  148  13  11  77  31  138  68  114  134  58  47  119  142  99  105  120  38  57  30  34  22  97 
 117  50  122  20  17  53  123  47  22  124  137  121  82  12  67  63  142  140  114  92  49  76  89  95 
 118  34  45  52  115  60  30  53  32  61  87  89  57  63  108  12  67  19  80  128  0  143 
 103  53  19  128  98  41  142  52  51  123  84  136  93  30  119  75  0  135  15  47  4  9  78  35  26 
 63  45  49  88  52  56  55  31  67  78  66  50  117  2  127  139  41  54  110  44  3  80  46  136 
 17  128  30  134  79  6  9  142  88  11  47  100  42  80  146  12  26  24  135  67  16  123  108 
 139  31  15  122  50  45  95  56  43  24  130  119  118  32  57  49  114  40  104  88  5  148  94  75  73  41  102 
 127  10  25  137  38  49  146  3  8  60  7  51  37  45  142  46  41  147  93 
 66  39  41  11  144  122  52  2  107  29  124  15  80  115  139  103  46  137  135  136  6  14 
 66  61  83  139  148  102  7  92  26  43  29  39  87  146  117  13  127  52  58  96  101  118  31  124  79  35  56  3  116 
 43  27  52  94  45  137  129  132  133  25  47  96  20  57  64  97  69  121  42  30  19  60  0  50  37  131  8  90  53 
 133  124  70  42  143  60  46  107  56  6  4  62  21  137  114  141  1  125  117  13  100  121  24  35  47  81  129  41  29  11  2  8  72  93  43  3  0 
 23  43  2  136  38  57  67  104  63  147  19  17  58  71 
 43  24  83  66  3  124  92  89  44  32  72  60  35  33 
 130  106  43  96  128  31  9  36  66  48  74  64  115  79  120  136  146  92  147  82  101  133 
 132  120  127  47  6  9  39  23  138  80  107  22  125  134  41  25  133  102  52  141  104  42  111  43  44  10  89 
 87  68  140  138  66  44  19  17  58  91  102  107  53  16  4  3  116  149  14  31  139  103  24  70  74  83  52  147  9  36  51  148  40 
 139  20  14  77  105  59  68  6  98  55  18  128  28  80  133  112  111  5  53  30  118  23  36  47  67  149 
 2  93  109  8  82  12  115  124  140  97  145  88  126  52  55  39  66  68  118  20  95  38  72  27  61  16 
 65  85  126  120  119  48  146  148  135  87  94  123  134  5  145  39  56  44  90  106  35  27 
 118  16  140  125  44  89  42  6  105  126  7  41  62  94  88  64  144  148  91  14  47  97  100 
 0  69  54  36  126  89  120  43  45  65  80  53  90  68  55  57  67  59  64  47  25  92  127  116  148  78  17  83  131  9  98  33  27  23  56 
 54  35  69  6  102  57  74  125  104  68  9  28  75  95  73  30  83  47  31 
 82  1  127  88  83  119  107  123  72  116  144  45  21  65  148  90  67  102  77  50  24 
 60  67  49  21  113  86  26  57  51  14  95  32  80  142  85  125  13  44 
 66  22  0  114  52  83  118  55  149  29  23  32  97  107  133  91  33  145  142  143  6  2  43  60  108  51 
 65  67  148  127  122  57  54  146  20  104  30  53 
 17  98  51  67  136  22  11  1  127  82  126  44  70  7  34  29  25  125  101  77  47  21  147  54  18  78  20  102  59  65 
 70  25  6  34  93  0  67  119  100  19  47  29  24  121  59  4 
 28  96  86  139  27  24  73  131  35  120  26  23  132  149  55  4  107  20  76  59  111  29  133  10  39  2  93  25  89  95  68 
 136  78  34  89  66  30  65  114  67  27  41  70  137  50  138  60  144  56  103  33  113  68  29  10  110  18  97  100  139  13  38 
 18  63  137  145  52  16  146  104  95  0  65  35  24  20  50  141  88  49  37  21  8  72 
 82  138  25  107  130  93  137  22  142  71  8  83  149  2  52  90  21  11  80  18  113  106 
 133  97  86  98  127  29  58  14  19  11  135  17  15  123  24  96  35  25  9  92  57  6  41  77  42  1  69  142  70  34  36  31 
 100  13  148  140  142  70  82  139  33  119  52  87  130  61  101  86  78  0  89  53  107  4  67  66  28  62  9  149  103  11  141  76 
 18  88  38  21  52  45  77  4  20  114  107  111  67  141  1  115  7  112  143  76  15  145  54 
 95  89  117  15  94  123  113  98  0  3  101  116  1  96  44  138  13  118  132  77  20  45  78  18  70  85  62  54  131  92  103  120  84  100  24  37 
 136  1  17  41  76  104  106  5  21  38  3  113  88  60  108  39  148  30 
 45  16  142  17  129  122  18  56  87  48  22  2  24  94  130  39  0  131  66  53  144  126  32  104  134  49  29  102  46  90  23  58  30  83 
 103  17  4  93  80  35  15  2  76  138  7  68  84  52  48  10  30  16  5  31  40  90  24 
 35  36  130  66  132  13  2  106  79  119  40  146  60  108  63  90  7  100  103  50  131  41  18  92  86  115  140  112  129  145  49 
 43  4  35  57  31  18  136  143  149  39  32  126 
 130  118  25  6  52  18  95  20  66  121  93  103  44  33  13  91  131  72  23  35 
 127  111  100  107  102  36  58  62  35  55  38  26  122  40  96  47  61  7  14  130  20  24  64  126  16  63  119 
 57  62  64  148  6  122  94  112  47  14  30  91  13  127  147  69  52  23  26  71 
 81  140  62  113  31  68  91  96  71  121  67  35  43  76  66  120  144  10  75  77  42  4  41  65 
 38  67  111  144  25  143  115  16  141  66  140  91  92  61  21  7  3  71  62  122  89  2  44  108  54  88  51  87  149  27  93  39  145  0  24  131  1  13  96 
 66  23  0  11  83  48  101  92  60  115  78  57  7  96  13  32  16  110  69  119 
 120  11  109  117  59  113  4  25  58  57  0  76  144  60  34  94  48  3  85  140  133  50  72  124  137 
 18  45  80  120  54  90  92  99  144  70  26  147  67  15  16  57  12  121  131  107  136  140  134 
 85  7  58  148  111  68  140  0  91  88  35  75  34  74  28  24  57 
 67  40  89  9  44  114  6  139  33  85  1  45  35  70  87  37  148  13  98  117  90  41  59 
 103  107  61  23  39  22  30  44  54  130  60  141  27  83  89  76  131  52  82  88  18  56  87  68  32  48  28  120  59  139  108  92  144  67  105  119 
 65  40  60  38  136  41  78  44  141  126  42  119  18  26  104  59  35  48  82  92  4  94  112  113  15  63  49  90  37  144  66  86  19  16  31  149 
 87  30  138  14  59  31  64  111  90  35  126  71  104  36  53  84  66  32  148  91  9  78  113  44  8  95  43 
 86  135  0  35  36  6  147  58  97  24  47  1  110  61  85  80 
 42  25  48  142  111  103  44  41  65  87  144  63  50  0  134  82  47  93  148  79  86  74  30 
 115  120  13  143  104  126  68  3  60  93  121  59  142  46  26  58 
 146  75  123  110  78  82  90  140  81  122  95  134  118  101  37  8  97  135  45  32  27  56  131  98  86  120  100  62  25  139  149 
 87  5  43  131  107  133  113  104  36  135  91  75  20 
 2  133  142  78  36  125  126  113  76  146  80  90  106  64  28  127  110  70  30 
 137  87  146  72  6  112  119  17  64  85  36  95  135  84  140  80  59  77  20  73 
 51  104  90  93  66  89  0  62  74  146  2  53  43  59  119  86  145  143  49  15  48  148 
 14  31  126  101  99  4  132  50  49  59  75  41  47  103  118  90  0  102  37 
 136  44  67  72  82  74  142  86  139  18  6  117  48  115  61  2  104  50  35  17  68  9  88  129  11  84  122  92  148  130  98  41 
 19  134  140  99  121  142  97  119  54  106  129  116  128  115  28  70  86  10  82  124  23  87  95 
 142  92  53  35  128  96  74  90  138  29  31  133  82  131  22  115  86  19  146  140  75  120  63  38  85  69  119  112  46  18  16 
 12  5  59  140  7  11  89  84  72  122  83  135  25  129  96  148  87  132  102  94  125  142  138  126  124  0  133 
 1  37  46  138  72  78  12  32  48  139  41  126  123  130  136  131  80  66  88  67  15  70  134  28  147  10  79 
 139  23  37  88  61  27  66  100  85  118  39  135  81  8  46  91  35  131  125  30  52  36  104  144 
 123  17  139  103  81  89  53  68  129  115  114  113  135  75  88  11  78  50  120 
 7  64  65  33  100  83  88  5  75  3  62  50  69  80  123  113  125  38 
 69  135  43  139  47  98  78  113  38  48  114  95  80  90  130  7  72  54  92  79  70  67  76  145 
 75  137  68  30  73  5  52  48  103  134  90  101  33  135  66  23  132  81  65  70  60  149  9  16  89  79  95 
 127  37  83  18  49  19  142  85  5  91  64  45  141  66  82  32  145  34  146  140  136  6  89  84  51  60  129  78  20 
 65  9  95  50  110  6  34  44  126  35  1  66  76  27  81  84  122  60  0  48  88  87  16  43  29  144  138  15 
 115  94  93  76  113  100  140  72  138  1  68  35  74  80  110  130  101  87  106  99  118  86  63  54  52  46  65  37  67  77  0  33  127  91  145  24  53 
 117  140  60  59  96  30  58  64  88  10  13  39  83  124  148  34  68  56  135  73  90  127 
 106  1  142  80  7  23  27  124  61  60  144  147  9  47  127  35  99  63  67  126  66  122  78  146  28  54  86  50  103  114  15 
 143  0  32  2  136  17  4  53  90  76  42  106  112  46  130  10  11  149  100  126  71  56  121  21  60  70  148  139  109  43  25 
 115  90  123  50  52  24  112  58  140  139  62  34  33  102  81  67  4  116  120  148  20 
 50  89  109  131  45  0  134  72  114  86  56  20  75  36  102  97  38  32  137  120  43  68  79  87  15 
 43  28  80  128  50  1  91  59  47  24  57  81  148  61  13  23  101  60  113  104 
 147  117  133  47  79  119  132  107  72  8  140  32  39  102  95  69  24  10  44  142  99  14  34 
 17  41  121  137  86  47  50  113  9  123  6  31  128  13  65  72  117  35  78  148  102 
 122  130  140  79  136  120  129  125  14  77  4  112  90  118  92  63  142  97 
 48  13  57  107  90  113  83  85  42  19  149  93  25  121  131  9  12  120  72  0  5  54  103  50  135  44  34 
 48  61  77  126  50  116  4  149  120  118  72  90  87  109  103  125  41  96  23  28  133  145  132 
 57  36  148  23  108  110  94  81  97  95  30  107  29  52  37  77  98  41  20 
 66  107  53  17  143  112  84  139  70  111  87  134  109  101  22  124  113  56  44  77  118  54  100  30  11  48  50  92  141  114  145 
 111  123  127  14  139  147  146  45  76  51  143  71  3  68  36  26  67  78  2  52  134  29  141  40  20  73  83  144  122  113  96 
 31  139  138  144  126  34  120  14  119  66 
 92  1  130  28  54  2  93  112  51  5  79  129  90  74  6  33  146  46  113 
 103  66  25  46  57  100  37  119  73  43  132  97  123  9  22  29  4  48  13  147  39  30  102  130  2  49  111  63  131 
 110  102  60  54  139  66  120  12  16  51  39  123  19 
 95  131  62  117  8  32  103  101  139  93 
 6  89  123  72  108  102  90  130  133  2  141  139  69  61  44  18  125  74 
 104  123  127  57  144  60  70  103  133  140  64  68  112  31  117  43  29  107  49  11 
 143  103  3  142  75  6  106  93  94  58  130  147  4  99  111  31  67  113  135  119  80  54  129  7  49 
 62  59  90  100  50  98  126  74  38  86  116  11  114  84  124  103  3  51  133  73  67  112  135  44  68  123  85  5  136  122  104  96  46  106 
 44  65  25  141  124  2  14  134  0  39  86  95  113  84  49  20  92  15  145  103 
 94  90  71  120  60  16  32  124  78  61  80  22  129  84  118  79  28  1  49  140  54 
 50  101  37  144  79  128  11  113  35  148  149  30  94  120  12  119  3  23 
 15  50  147  97  91  140  109  62  25  13  6  78  146  23  124  2  18  123  111  98  65  3 
 16  34  130  56  128  122  83  39  101  72  13  50  99  90  32  115  20  77  103  23  31  147  0 
 75  17  132  143  33  48  79  97  42  67  54  37  107  142  14  130  20  2  76  80  112  12  116  61  57  105  66 
 132  29  62  11  115  71  13  126  33  35  43  0  134  136  99  101  149  105  14  80  63  66  59  28  116  94  100  72  108  12  50  84  145  137  95 
 98  137  79  142  71  59  25  100  11  143  56  93  15  24  42  8  145  63  12 
 99  130  52  129  144  22  128  118  15  20  58  6  4  81  72  57  40  89  60  92  78  113  104 
 111  104  72  110  84  17  94  50  9  98  82  130  107  37  15  47  144  8  33  117  113  85  19  108 
 133  25  114  2  32  115  27  3  92  22  15  126  131  113  103  91  117  62  137  81  79  23 
 34  140  74  36  129  99  1  25  134  29  144  41  101  81  83  110  85  38 
 89  35  120  33  67  141  105  34  82  41  113  74  77  101  136  68  71  93  124  131  32  52  92  57  55  81 
 111  57  40  148  14  104  37  88  10  21  141  7  29  47  41  1  8  3  143  13  58  92  35  23  139  18  90  91  142  74  145 
 19  17  118  122  13  141  80  96  31  28  79  116  137  98  16 
 14  148  52  122  99  125  24  132  79  106  115  84  25  81  130  88  78  54  112 
 106  28  122  99  54  66  56  118  48  52  46  93  112  147  123  82  90  110  133  2  86  7  20  119  129  57  107  149  78  148 
 109  95  73  43  52  66  82  80  134  8  126  124  9  100  56  72  83  35  132  149  54  50  63  107  60  1  24 
 29  120  54  13  143  119  134  1  43  149  107  97  129  24  50  77  87  81  131  101  145 
 124  25  2  74  97  47  111  140  80  31  110  130  24  145  4  39  29  73  113  3  142  62  43  10  81  0  28  101 
 19  79  0  120  87  103  114  14  1  132  95  72  131  8  125  29  52  104  5  33  70  82  140  63 
 86  69  9  141  0  17  83  81  47  33  87  22  136  75  84  72  146  113  112  91  73  11  6  19  100 
 51  1  78  44  67  41  93  17  120  99  2  26  55  143  82  126  137  135  22  88  6  28  63  18  5  113 
 75  87  145  45  121  98  147  146  21  25  24  136  44  46  22  15  128  95  120  62  124 
 140  30  82  46  14  68  105  144  1  90  50  44  53  7  29  80  0  3  142  81  89 
 104  147  43  86  65  6  83  23  20  31  84  103  48  82  105  78  140  94  141  110  22  66  108  127  18  30  93  109  2  44  13  72  149 
 34  125  138  30  148  48  117  91  81  59  79  99  60  90  72  133  111  94  139  0  64  97  32  146  88  75  80  62  142  15  115  54  134  63 
 9  135  7  127  60  66  114  25  67  126  13  128  45  88  139  110  29  104  49  103  48 
 17  52  92  80  112  3  48  70  74  78  121  79  19  88  119  14  46  71  133  21  143  39  15  140  38  47  127  99  97  81  138 
 0  93  25  60  112  103  132  119  104  71  136  55  127  3  11  121  142  39  16  76  49 
 111  60  122  22  105  138  62  116  37  92  147  125  1  123  8  2  44  52  34  70  63  10  59  67  66  104  83  89 
 137  45  32  88  4  133  33  39  121  8  60  127  90  13  120  86  76  49  54  101  132  114  103 
 75  72  147  137  104  45  3  21  74  76  148  33  54  40  80  19  88  140  117  23  135  28  92  106 
 139  104  97  117  146  137  3  112  130  144  92  58  69  13  107  41  21  26  63  118  0  28  82  9  30 
 40  127  14  129  140  48  23  102  64  58  146  33  96  81  34  91  68  116  35  65  37  70  93  20  94  78  130  98  51  30  76 
 132  43  101  120  93  100  55  39  2  46  87  60  116  30  131  130  48  139  72  67  31 
-->CDecomWalshPart::vInitTrueLinkage-->GLBs: 1721
(Length: 5)  0  3  25  60  62 
(Length: 3)  0  100  135 
(Length: 3)  0  5  81 
(Length: 4)  0  11  25  62 
(Length: 4)  0  16  45  52 
(Length: 3)  0  17  35 
(Length: 3)  0  61  69 
(Length: 4)  0  25  81  133 
(Length: 4)  0  95  120  134 
(Length: 4)  0  24  25  42 
(Length: 4)  0  39  60  143 
(Length: 3)  0  134  140 
(Length: 3)  0  25  35 
(Length: 3)  0  39  52 
(Length: 4)  0  3  50  62 
(Length: 4)  0  16  60  61 
(Length: 3)  0  64  140 
(Length: 4)  0  24  25  60 
(Length: 4)  0  48  62  76 
(Length: 3)  0  24  64 
(Length: 5)  0  25  60  93  143 
(Length: 3)  0  24  69 
(Length: 5)  0  25  42  70  93 
(Length: 3)  0  25  114 
(Length: 4)  0  3  50  138 
(Length: 4)  0  45  50  95 
(Length: 5)  0  3  25  62  133 
(Length: 4)  0  60  62  140 
(Length: 4)  0  50  62  120 
(Length: 5)  0  3  25  60  143 
(Length: 4)  0  24  45  52 
(Length: 3)  0  3  147 
(Length: 4)  0  24  25  133 
(Length: 4)  0  48  76  89 
(Length: 4)  0  50  100  120 
(Length: 4)  0  50  89  95 
(Length: 4)  0  50  77  118 
(Length: 3)  0  50  70 
(Length: 4)  0  90  138  140 
(Length: 3)  0  48  52 
(Length: 3)  0  69  135 
(Length: 3)  0  39  133 
(Length: 3)  0  39  118 
(Length: 4)  0  11  48  62 
(Length: 3)  0  39  114 
(Length: 3)  0  70  134 
(Length: 4)  0  62  133  140 
(Length: 4)  0  50  95  120 
(Length: 4)  0  50  89  138 
(Length: 4)  0  81  89  138 
(Length: 3)  0  48  70 
(Length: 5)  0  25  42  93  100 
(Length: 3)  0  5  100 
(Length: 3)  0  5  134 
(Length: 4)  0  11  81  135 
(Length: 4)  0  95  114  134 
(Length: 4)  0  90  93  100 
(Length: 4)  0  76  93  143 
(Length: 4)  0  16  60  143 
(Length: 4)  0  11  48  61 
(Length: 4)  0  11  25  81 
(Length: 5)  0  11  25  93  143 
(Length: 4)  0  11  62  120 
(Length: 4)  0  24  45  50 
(Length: 4)  0  24  52  90 
(Length: 3)  0  16  118 
(Length: 3)  0  52  134 
(Length: 3)  0  35  45 
(Length: 3)  0  17  52 
(Length: 3)  0  35  64 
(Length: 3)  0  35  69 
(Length: 4)  0  81  133  140 
(Length: 3)  0  35  89 
(Length: 3)  0  35  90 
(Length: 3)  0  17  93 
(Length: 3)  0  118  147 
(Length: 3)  0  35  120 
(Length: 3)  0  17  135 
(Length: 4)  0  77  90  118 
(Length: 4)  0  81  138  140 
(Length: 4)  0  16  60  89 
(Length: 4)  0  48  62  140 
(Length: 3)  0  48  100 
(Length: 4)  0  76  90  93 
(Length: 3)  0  69  147 
(Length: 3)  1  60  96 
(Length: 3)  1  60  131 
(Length: 4)  1  60  92  144 
(Length: 3)  1  47  69 
(Length: 4)  1  37  65  90 
(Length: 3)  1  49  115 
(Length: 4)  1  25  41  47 
(Length: 4)  1  50  89  138 
(Length: 4)  1  50  131  132 
(Length: 4)  1  41  51  136 
(Length: 3)  1  90  106 
(Length: 4)  1  82  131  134 
(Length: 3)  1  51  106 
(Length: 3)  1  25  60 
(Length: 3)  1  50  96 
(Length: 4)  1  89  138  144 
(Length: 3)  1  92  106 
(Length: 4)  1  131  132  134 
(Length: 3)  1  82  138 
(Length: 3)  1  90  115 
(Length: 3)  1  47  96 
(Length: 4)  1  60  89  144 
(Length: 3)  1  37  50 
(Length: 3)  1  125  134 
(Length: 3)  1  125  144 
(Length: 4)  1  37  90  127 
(Length: 3)  1  90  138 
(Length: 3)  1  37  144 
(Length: 4)  1  47  92  127 
(Length: 3)  1  65  89 
(Length: 4)  1  41  82  136 
(Length: 3)  1  51  60 
(Length: 4)  1  41  47  127 
(Length: 4)  1  25  41  125 
(Length: 3)  1  60  115 
(Length: 3)  1  41  65 
(Length: 3)  1  37  82 
(Length: 3)  1  50  92 
(Length: 4)  2  18  78  136 
(Length: 4)  2  18  78  139 
(Length: 4)  2  8  25  46 
(Length: 4)  2  22  46  107 
(Length: 4)  2  46  107  130 
(Length: 4)  2  22  46  52 
(Length: 3)  2  74  106 
(Length: 4)  2  52  104  144 
(Length: 3)  2  74  76 
(Length: 4)  2  32  39  52 
(Length: 4)  2  53  76  93 
(Length: 4)  2  74  110  133 
(Length: 3)  2  32  124 
(Length: 3)  2  26  43 
(Length: 3)  2  18  54 
(Length: 4)  2  18  78  117 
(Length: 4)  2  18  110  139 
(Length: 4)  2  46  52  130 
(Length: 4)  2  25  124  133 
(Length: 3)  2  54  60 
(Length: 4)  2  25  46  93 
(Length: 5)  2  46  93  130  149 
(Length: 4)  2  25  43  93 
(Length: 3)  2  32  93 
(Length: 5)  2  43  93  139  149 
(Length: 3)  2  93  136 
(Length: 3)  2  76  119 
(Length: 3)  2  76  104 
(Length: 4)  2  25  46  107 
(Length: 4)  2  25  60  93 
(Length: 3)  2  8  144 
(Length: 4)  2  18  46  52 
(Length: 3)  2  52  53 
(Length: 4)  2  39  43  133 
(Length: 3)  2  60  144 
(Length: 3)  2  8  32 
(Length: 4)  2  60  93  149 
(Length: 5)  2  46  93  106  130 
(Length: 4)  2  22  39  52 
(Length: 4)  2  22  52  144 
(Length: 3)  2  22  139 
(Length: 3)  2  22  136 
(Length: 3)  2  22  124 
(Length: 4)  2  43  76  93 
(Length: 3)  2  39  114 
(Length: 4)  2  22  39  107 
(Length: 3)  2  26  104 
(Length: 4)  2  78  104  139 
(Length: 4)  2  39  43  107 
(Length: 4)  2  25  117  124 
(Length: 4)  2  39  60  149 
(Length: 3)  2  26  136 
(Length: 4)  2  25  114  124 
(Length: 4)  2  110  130  133 
(Length: 4)  2  54  106  130 
(Length: 4)  2  54  119  130 
(Length: 4)  2  39  43  149 
(Length: 4)  2  25  43  107 
(Length: 4)  2  25  43  133 
(Length: 3)  2  74  78 
(Length: 4)  2  107  119  130 
(Length: 3)  2  78  130 
(Length: 5)  3  4  25  62  133 
(Length: 4)  3  18  50  117 
(Length: 4)  3  21  25  60 
(Length: 3)  3  23  116 
(Length: 3)  3  27  60 
(Length: 3)  3  112  113 
(Length: 4)  3  60  71  143 
(Length: 4)  3  127  142  143 
(Length: 5)  3  50  62  85  113 
(Length: 5)  3  25  62  117  124 
(Length: 4)  3  51  104  113 
(Length: 4)  3  71  104  143 
(Length: 3)  3  4  30 
(Length: 4)  3  117  146  147 
(Length: 4)  3  71  142  143 
(Length: 4)  3  23  117  124 
(Length: 4)  3  104  127  143 
(Length: 3)  3  30  116 
(Length: 3)  3  133  142 
(Length: 3)  3  30  51 
(Length: 3)  3  4  112 
(Length: 4)  3  50  113  116 
(Length: 4)  3  112  142  143 
(Length: 5)  3  62  113  124  133 
(Length: 3)  3  138  142 
(Length: 4)  3  21  51  60 
(Length: 3)  3  112  147 
(Length: 3)  3  30  138 
(Length: 3)  3  27  124 
(Length: 4)  3  50  62  117 
(Length: 3)  3  23  127 
(Length: 3)  3  30  147 
(Length: 4)  3  23  117  146 
(Length: 3)  3  18  127 
(Length: 5)  3  25  62  124  133 
(Length: 4)  3  104  146  147 
(Length: 4)  3  21  146  147 
(Length: 4)  3  21  127  142 
(Length: 3)  4  6  112 
(Length: 3)  4  49  145 
(Length: 3)  4  6  122 
(Length: 3)  4  99  122 
(Length: 3)  4  6  9 
(Length: 4)  4  6  25  42 
(Length: 4)  4  25  43  93 
(Length: 4)  4  49  67  112 
(Length: 3)  4  62  94 
(Length: 3)  4  77  99 
(Length: 4)  4  101  133  145 
(Length: 4)  4  42  59  67 
(Length: 4)  4  25  42  93 
(Length: 3)  4  43  55 
(Length: 3)  4  43  59 
(Length: 4)  4  25  43  107 
(Length: 3)  4  93  112 
(Length: 3)  4  77  101 
(Length: 4)  4  25  43  133 
(Length: 3)  4  49  77 
(Length: 3)  4  48  62 
(Length: 3)  4  49  107 
(Length: 3)  4  48  101 
(Length: 3)  4  48  53 
(Length: 3)  4  59  62 
(Length: 3)  4  59  77 
(Length: 3)  4  48  67 
(Length: 3)  4  99  112 
(Length: 4)  4  17  53  93 
(Length: 4)  4  67  94  112 
(Length: 4)  4  9  30  107 
(Length: 4)  4  17  30  53 
(Length: 4)  4  9  17  30 
(Length: 4)  4  9  48  107 
(Length: 3)  5  20  73 
(Length: 3)  5  31  53 
(Length: 3)  5  12  81 
(Length: 3)  5  20  31 
(Length: 3)  5  33  85 
(Length: 4)  5  51  88  136 
(Length: 4)  5  33  87  134 
(Length: 3)  5  73  87 
(Length: 4)  5  85  100  113 
(Length: 3)  5  12  100 
(Length: 3)  5  20  88 
(Length: 4)  5  51  106  113 
(Length: 3)  5  73  113 
(Length: 3)  5  33  106 
(Length: 3)  5  81  87 
(Length: 4)  5  51  113  136 
(Length: 3)  5  85  88 
(Length: 4)  6  34  88  89 
(Length: 3)  6  65  139 
(Length: 3)  6  25  56 
(Length: 4)  6  9  29  47 
(Length: 3)  6  31  112 
(Length: 4)  6  47  58  69 
(Length: 4)  6  78  88  136 
(Length: 4)  6  31  36  47 
(Length: 4)  6  11  22  135 
(Length: 4)  6  47  69  135 
(Length: 3)  6  58  122 
(Length: 4)  6  65  98  117 
(Length: 5)  6  11  19  47  135 
(Length: 3)  6  25  117 
(Length: 4)  6  19  42  47 
(Length: 4)  6  34  42  47 
(Length: 3)  6  89  110 
(Length: 4)  6  31  47  98 
(Length: 3)  6  78  122 
(Length: 4)  6  78  98  117 
(Length: 3)  6  110  139 
(Length: 4)  6  9  65  98 
(Length: 5)  6  25  29  42  47 
(Length: 5)  6  9  19  47  135 
(Length: 4)  6  75  112  135 
(Length: 4)  6  9  36  47 
(Length: 3)  6  31  139 
(Length: 3)  6  89  122 
(Length: 3)  6  69  110 
(Length: 4)  6  22  29  39 
(Length: 4)  6  9  65  89 
(Length: 4)  6  9  78  98 
(Length: 3)  6  78  139 
(Length: 4)  6  11  25  47 
(Length: 3)  6  19  88 
(Length: 3)  6  106  112 
(Length: 4)  6  9  29  89 
(Length: 4)  6  9  47  98 
(Length: 3)  6  11  78 
(Length: 3)  6  22  122 
(Length: 4)  6  22  135  136 
(Length: 3)  6  22  139 
(Length: 3)  6  58  112 
(Length: 4)  6  36  47  69 
(Length: 3)  6  36  75 
(Length: 4)  7  23  92  127 
(Length: 4)  7  60  61  92 
(Length: 3)  7  57  130 
(Length: 4)  7  13  127  141 
(Length: 4)  7  49  54  112 
(Length: 3)  7  57  64 
(Length: 3)  7  21  49 
(Length: 3)  7  41  54 
(Length: 3)  7  21  60 
(Length: 3)  7  9  92 
(Length: 3)  7  57  127 
(Length: 4)  7  13  60  141 
(Length: 3)  7  57  61 
(Length: 4)  7  13  60  61 
(Length: 4)  7  23  61  92 
(Length: 4)  7  13  23  127 
(Length: 3)  7  49  141 
(Length: 4)  7  54  112  130 
(Length: 4)  7  54  86  92 
(Length: 3)  7  53  138 
(Length: 3)  7  34  64 
(Length: 4)  7  11  13  61 
(Length: 4)  7  21  41  127 
(Length: 4)  7  13  54  60 
(Length: 4)  7  9  13  141 
(Length: 4)  7  13  23  61 
(Length: 3)  7  34  41 
(Length: 3)  7  11  81 
(Length: 3)  7  11  41 
(Length: 4)  7  54  60  92 
(Length: 3)  7  81  138 
(Length: 4)  7  54  86  130 
(Length: 3)  7  64  85 
(Length: 3)  8  45  145 
(Length: 3)  8  83  144 
(Length: 3)  8  24  97 
(Length: 3)  8  32  109 
(Length: 3)  8  46  83 
(Length: 3)  8  9  68 
(Length: 3)  8  45  72 
(Length: 3)  8  21  45 
(Length: 3)  8  24  45 
(Length: 4)  8  32  72  97 
(Length: 3)  8  127  145 
(Length: 3)  8  32  68 
(Length: 3)  8  24  131 
(Length: 3)  8  109  131 
(Length: 3)  8  32  145 
(Length: 3)  8  83  131 
(Length: 4)  8  21  25  46 
(Length: 3)  8  9  123 
(Length: 4)  8  24  25  121 
(Length: 3)  8  72  123 
(Length: 3)  8  9  131 
(Length: 4)  8  72  131  134 
(Length: 3)  8  25  72 
(Length: 3)  8  121  145 
(Length: 3)  8  123  144 
(Length: 3)  8  21  127 
(Length: 4)  9  19  100  135 
(Length: 4)  9  35  65  98 
(Length: 4)  9  30  107  147 
(Length: 3)  9  28  36 
(Length: 3)  9  29  141 
(Length: 4)  9  35  36  68 
(Length: 4)  9  65  87  89 
(Length: 4)  9  100  107  131 
(Length: 4)  9  35  47  92 
(Length: 3)  9  35  131 
(Length: 5)  9  17  35  78  98 
(Length: 5)  9  17  47  98  123 
(Length: 4)  9  13  48  141 
(Length: 4)  9  13  107  147 
(Length: 4)  9  35  78  92 
(Length: 4)  9  13  65  98 
(Length: 3)  9  107  123 
(Length: 4)  9  35  68  78 
(Length: 5)  9  17  19  47  135 
(Length: 4)  9  30  68  87 
(Length: 3)  9  28  48 
(Length: 5)  9  17  35  47  98 
(Length: 4)  9  35  65  89 
(Length: 4)  9  35  36  47 
(Length: 4)  9  17  19  30 
(Length: 4)  9  28  92  147 
(Length: 4)  9  48  87  89 
(Length: 3)  9  48  78 
(Length: 3)  9  87  135 
(Length: 5)  9  13  48  100  107 
(Length: 3)  9  135  141 
(Length: 3)  9  29  107 
(Length: 4)  9  30  36  68 
(Length: 5)  9  17  19  47  123 
(Length: 3)  10  59  144 
(Length: 3)  10  97  133 
(Length: 3)  10  59  91 
(Length: 3)  10  11  13 
(Length: 3)  10  29  127 
(Length: 3)  10  13  44 
(Length: 3)  10  43  93 
(Length: 3)  10  44  144 
(Length: 4)  10  29  43  133 
(Length: 3)  10  43  59 
(Length: 3)  10  79  97 
(Length: 3)  10  29  44 
(Length: 3)  10  21  93 
(Length: 4)  10  13  91  127 
(Length: 3)  10  53  93 
(Length: 3)  10  44  97 
(Length: 3)  10  21  127 
(Length: 3)  10  79  82 
(Length: 3)  10  11  93 
(Length: 3)  11  116  120 
(Length: 5)  11  25  93  121  143 
(Length: 3)  11  22  41 
(Length: 3)  11  46  113 
(Length: 3)  11  13  25 
(Length: 3)  11  103  111 
(Length: 4)  11  25  46  93 
(Length: 4)  11  25  41  47 
(Length: 4)  11  81  84  135 
(Length: 3)  11  62  113 
(Length: 3)  11  14  22 
(Length: 4)  11  13  48  61 
(Length: 3)  11  22  103 
(Length: 4)  11  84  113  135 
(Length: 4)  11  84  103  113 
(Length: 3)  11  84  120 
(Length: 3)  11  22  46 
(Length: 3)  11  78  84 
(Length: 4)  11  13  14  120 
(Length: 3)  11  14  47 
(Length: 3)  11  41  78 
(Length: 4)  11  48  61  78 
(Length: 3)  11  48  103 
(Length: 3)  11  103  143 
(Length: 3)  11  113  116 
(Length: 4)  12  16  19  108 
(Length: 3)  12  19  100 
(Length: 3)  12  116  120 
(Length: 3)  12  15  82 
(Length: 3)  12  100  121 
(Length: 3)  12  100  120 
(Length: 3)  12  116  119 
(Length: 3)  12  16  63 
(Length: 3)  12  16  32 
(Length: 3)  12  63  120 
(Length: 3)  12  32  82 
(Length: 3)  12  108  120 
(Length: 4)  12  15  63  121 
(Length: 4)  13  14  58  127 
(Length: 3)  13  14  38 
(Length: 4)  13  25  100  107 
(Length: 4)  13  23  127  139 
(Length: 3)  13  107  132 
(Length: 3)  13  58  147 
(Length: 4)  13  127  139  141 
(Length: 4)  13  44  50  100 
(Length: 3)  13  60  71 
(Length: 3)  13  25  117 
(Length: 3)  13  56  91 
(Length: 4)  13  48  139  141 
(Length: 3)  13  117  147 
(Length: 4)  13  50  120  132 
(Length: 3)  13  71  120 
(Length: 4)  13  23  56  118 
(Length: 4)  13  23  58  127 
(Length: 4)  13  23  61  96 
(Length: 3)  13  23  117 
(Length: 3)  13  96  128 
(Length: 4)  13  60  91  96 
(Length: 3)  13  50  96 
(Length: 3)  13  91  117 
(Length: 4)  13  58  91  127 
(Length: 3)  13  50  118 
(Length: 4)  13  50  54  132 
(Length: 3)  13  139  147 
(Length: 4)  13  44  65  139 
(Length: 3)  13  128  141 
(Length: 3)  13  58  71 
(Length: 4)  13  65  98  117 
(Length: 4)  13  54  60  145 
(Length: 4)  13  60  61  96 
(Length: 3)  13  44  56 
(Length: 4)  13  50  54  100 
(Length: 3)  13  118  147 
(Length: 3)  13  25  56 
(Length: 4)  13  54  132  145 
(Length: 4)  13  120  132  145 
(Length: 4)  13  25  60  141 
(Length: 4)  13  38  44  60 
(Length: 3)  13  118  128 
(Length: 3)  13  98  128 
(Length: 3)  13  127  145 
(Length: 4)  13  50  100  120 
(Length: 4)  13  50  98  117 
(Length: 3)  14  104  127 
(Length: 4)  14  47  127  142 
(Length: 3)  14  57  119 
(Length: 3)  14  31  105 
(Length: 4)  14  30  58  148 
(Length: 3)  14  34  105 
(Length: 3)  14  104  134 
(Length: 3)  14  114  134 
(Length: 4)  14  30  68  138 
(Length: 3)  14  105  119 
(Length: 3)  14  120  134 
(Length: 4)  14  97  119  142 
(Length: 3)  14  105  120 
(Length: 4)  14  97  99  142 
(Length: 3)  14  138  142 
(Length: 3)  14  105  138 
(Length: 3)  14  68  104 
(Length: 4)  14  47  97  142 
(Length: 4)  14  30  31  68 
(Length: 5)  14  47  57  58  127 
(Length: 3)  14  99  129 
(Length: 4)  14  34  47  97 
(Length: 3)  14  34  148 
(Length: 3)  14  129  148 
(Length: 3)  14  77  99 
(Length: 3)  14  38  57 
(Length: 4)  14  30  68  148 
(Length: 4)  14  58  127  148 
(Length: 3)  14  38  142 
(Length: 4)  14  31  47  77 
(Length: 3)  14  99  120 
(Length: 3)  15  17  53 
(Length: 4)  15  47  92  142 
(Length: 4)  15  17  47  142 
(Length: 4)  15  20  50  95 
(Length: 3)  15  76  89 
(Length: 3)  15  53  76 
(Length: 3)  15  22  122 
(Length: 3)  15  82  123 
(Length: 4)  15  50  89  95 
(Length: 3)  15  50  92 
(Length: 4)  15  17  47  123 
(Length: 4)  15  50  117  123 
(Length: 3)  15  89  122 
(Length: 3)  15  117  124 
(Length: 3)  15  117  140 
(Length: 3)  15  49  67 
(Length: 4)  15  20  49  114 
(Length: 3)  15  67  82 
(Length: 4)  15  92  114  124 
(Length: 3)  15  49  76 
(Length: 4)  15  63  67  92 
(Length: 3)  15  20  122 
(Length: 4)  15  20  95  114 
(Length: 4)  15  22  124  137 
(Length: 3)  15  92  122 
(Length: 3)  15  95  137 
(Length: 3)  15  121  142 
(Length: 3)  15  63  140 
(Length: 3)  15  121  137 
(Length: 3)  15  140  142 
(Length: 3)  16  80  115 
(Length: 4)  16  60  61  115 
(Length: 3)  16  45  63 
(Length: 3)  16  19  67 
(Length: 4)  16  19  80  128 
(Length: 4)  16  30  52  87 
(Length: 3)  16  53  80 
(Length: 4)  16  30  52  53 
(Length: 3)  16  34  89 
(Length: 3)  16  19  30 
(Length: 3)  16  118  128 
(Length: 3)  16  57  63 
(Length: 3)  16  63  67 
(Length: 3)  16  34  118 
(Length: 4)  16  32  115  118 
(Length: 3)  16  63  80 
(Length: 4)  16  32  61  115 
(Length: 3)  16  57  61 
(Length: 3)  16  60  67 
(Length: 4)  16  60  87  89 
(Length: 3)  16  60  108 
(Length: 3)  16  32  52 
(Length: 4)  17  53  84  103 
(Length: 3)  17  78  84 
(Length: 3)  17  78  142 
(Length: 3)  17  93  136 
(Length: 3)  17  26  136 
(Length: 4)  17  41  47  98 
(Length: 3)  17  19  26 
(Length: 4)  17  41  78  136 
(Length: 3)  17  35  53 
(Length: 3)  17  30  51 
(Length: 4)  17  75  84  135 
(Length: 3)  17  19  128 
(Length: 4)  17  30  52  53 
(Length: 4)  17  41  51  136 
(Length: 4)  17  41  78  98 
(Length: 3)  17  98  128 
(Length: 3)  17  52  142 
(Length: 3)  17  119  142 
(Length: 4)  17  19  47  142 
(Length: 4)  17  30  53  103 
(Length: 3)  17  75  119 
(Length: 3)  17  84  123 
(Length: 3)  17  135  136 
(Length: 3)  18  88  127 
(Length: 4)  18  78  88  136 
(Length: 4)  18  44  66  67 
(Length: 4)  18  44  110  139 
(Length: 3)  18  31  55 
(Length: 4)  18  50  78  117 
(Length: 6)  18  41  44  67  78  136 
(Length: 4)  18  63  67  136 
(Length: 3)  18  45  50 
(Length: 4)  18  45  49  52 
(Length: 3)  18  49  54 
(Length: 3)  18  63  80 
(Length: 3)  18  41  127 
(Length: 3)  18  127  139 
(Length: 4)  18  44  78  139 
(Length: 3)  18  66  88 
(Length: 3)  18  54  63 
(Length: 3)  18  54  66 
(Length: 4)  18  52  56  66 
(Length: 3)  18  46  80 
(Length: 3)  18  45  63 
(Length: 3)  18  49  67 
(Length: 4)  18  45  49  88 
(Length: 4)  18  44  50  78 
(Length: 3)  18  31  67 
(Length: 3)  18  31  80 
(Length: 3)  18  55  136 
(Length: 3)  18  31  139 
(Length: 3)  18  41  54 
(Length: 4)  18  44  56  66 
(Length: 3)  18  50  54 
(Length: 4)  18  44  66  139 
(Length: 3)  19  79  142 
(Length: 3)  19  79  128 
(Length: 3)  19  88  146 
(Length: 3)  19  80  146 
(Length: 3)  19  42  100 
(Length: 3)  19  108  123 
(Length: 4)  19  24  42  47 
(Length: 3)  19  80  142 
(Length: 3)  19  135  146 
(Length: 3)  19  24  30 
(Length: 3)  19  79  134 
(Length: 3)  19  88  142 
(Length: 3)  19  42  67 
(Length: 3)  19  26  67 
(Length: 3)  20  32  88 
(Length: 3)  20  31  118 
(Length: 4)  20  57  119  130 
(Length: 3)  20  31  139 
(Length: 4)  20  118  122  130 
(Length: 3)  20  43  73 
(Length: 3)  20  43  95 
(Length: 3)  20  43  139 
(Length: 4)  20  56  118  130 
(Length: 3)  20  73  104 
(Length: 3)  20  95  102 
(Length: 3)  20  94  139 
(Length: 3)  20  50  118 
(Length: 4)  20  94  102  148 
(Length: 4)  20  24  50  94 
(Length: 3)  20  57  102 
(Length: 4)  20  45  50  95 
(Length: 3)  20  75  119 
(Length: 3)  20  40  148 
(Length: 3)  20  45  104 
(Length: 3)  20  32  95 
(Length: 3)  20  75  95 
(Length: 3)  20  130  148 
(Length: 4)  20  40  57  122 
(Length: 3)  20  32  118 
(Length: 4)  20  57  122  130 
(Length: 3)  20  73  75 
(Length: 4)  20  40  104  122 
(Length: 3)  20  56  95 
(Length: 3)  20  104  139 
(Length: 3)  20  24  43 
(Length: 3)  20  41  102 
(Length: 4)  20  45  49  88 
(Length: 4)  20  24  45  50 
(Length: 3)  20  24  57 
(Length: 4)  21  45  137  146 
(Length: 4)  21  38  51  60 
(Length: 4)  21  25  46  137 
(Length: 3)  21  45  49 
(Length: 3)  21  46  142 
(Length: 4)  21  137  146  147 
(Length: 3)  21  38  142 
(Length: 3)  21  25  41 
(Length: 4)  21  25  46  93 
(Length: 3)  21  38  49 
(Length: 3)  21  37  127 
(Length: 3)  21  37  45 
(Length: 4)  21  25  60  93 
(Length: 3)  21  41  147 
(Length: 3)  21  41  51 
(Length: 3)  22  136  137 
(Length: 4)  22  39  52  66 
(Length: 3)  22  46  80 
(Length: 3)  22  46  137 
(Length: 4)  22  66  103  107 
(Length: 4)  22  52  122  144 
(Length: 4)  22  66  103  139 
(Length: 3)  22  115  124 
(Length: 3)  22  41  136 
(Length: 3)  22  103  124 
(Length: 4)  22  52  66  144 
(Length: 3)  22  80  115 
(Length: 3)  22  29  41 
(Length: 4)  22  29  39  52 
(Length: 3)  22  29  80 
(Length: 4)  22  29  39  107 
(Length: 4)  22  39  66  107 
(Length: 3)  23  102  148 
(Length: 3)  23  79  116 
(Length: 4)  23  58  127  148 
(Length: 4)  23  39  83  118 
(Length: 3)  23  26  43 
(Length: 4)  23  35  127  148 
(Length: 3)  23  35  83 
(Length: 4)  23  61  66  83 
(Length: 4)  23  66  83  139 
(Length: 3)  23  101  118 
(Length: 3)  23  146  148 
(Length: 4)  23  35  92  127 
(Length: 3)  23  101  116 
(Length: 4)  23  29  39  43 
(Length: 5)  23  39  52  66  83 
(Length: 3)  23  79  124 
(Length: 3)  23  92  124 
(Length: 4)  23  29  52  102 
(Length: 4)  23  35  116  148 
(Length: 4)  23  61  66  92 
(Length: 4)  23  61  96  101 
(Length: 3)  23  96  148 
(Length: 3)  23  92  146 
(Length: 3)  23  52  58 
(Length: 4)  23  52  56  66 
(Length: 3)  23  35  43 
(Length: 3)  23  31  118 
(Length: 3)  23  26  58 
(Length: 3)  23  31  139 
(Length: 4)  23  52  66  87 
(Length: 3)  23  43  96 
(Length: 3)  23  43  139 
(Length: 4)  23  29  39  52 
(Length: 3)  23  35  56 
(Length: 3)  23  79  87 
(Length: 3)  23  87  101 
(Length: 3)  23  29  127 
(Length: 3)  24  60  96 
(Length: 3)  24  57  64 
(Length: 4)  24  25  121  137 
(Length: 3)  24  129  132 
(Length: 4)  24  25  42  47 
(Length: 3)  24  25  129 
(Length: 3)  24  50  96 
(Length: 4)  24  50  131  132 
(Length: 4)  24  30  52  53 
(Length: 3)  24  37  90 
(Length: 3)  24  45  137 
(Length: 4)  24  52  53  90 
(Length: 4)  24  37  45  50 
(Length: 4)  24  52  90  94 
(Length: 3)  24  52  129 
(Length: 3)  24  52  131 
(Length: 3)  24  27  43 
(Length: 4)  24  25  43  133 
(Length: 3)  24  43  96 
(Length: 4)  24  43  131  132 
(Length: 3)  24  27  60 
(Length: 3)  24  97  132 
(Length: 4)  24  47  57  96 
(Length: 4)  24  47  69  97 
(Length: 3)  24  60  131 
(Length: 4)  24  25  47  133 
(Length: 4)  24  25  42  121 
(Length: 4)  24  47  97  133 
(Length: 3)  25  29  141 
(Length: 4)  25  41  47  70 
(Length: 4)  25  29  47  133 
(Length: 4)  25  42  47  70 
(Length: 4)  25  29  43  107 
(Length: 4)  25  62  124  137 
(Length: 3)  25  62  72 
(Length: 4)  25  29  41  47 
(Length: 4)  25  56  93  121 
(Length: 4)  25  29  41  125 
(Length: 3)  25  114  141 
(Length: 3)  25  72  100 
(Length: 3)  25  35  56 
(Length: 3)  25  35  47 
(Length: 4)  25  29  43  133 
(Length: 3)  25  35  43 
(Length: 3)  25  72  81 
(Length: 4)  25  81  124  133 
(Length: 4)  25  81  125  129 
(Length: 3)  25  56  72 
(Length: 5)  25  42  93  100  121 
(Length: 3)  26  71  104 
(Length: 3)  26  58  147 
(Length: 3)  26  104  147 
(Length: 3)  26  57  63 
(Length: 3)  26  63  147 
(Length: 3)  26  58  71 
(Length: 3)  26  38  57 
(Length: 3)  26  57  58 
(Length: 3)  26  38  67 
(Length: 4)  26  63  67  136 
(Length: 3)  26  67  104 
(Length: 5)  27  44  60  66  89 
(Length: 3)  27  66  83 
(Length: 3)  27  35  92 
(Length: 3)  27  32  124 
(Length: 3)  27  35  83 
(Length: 3)  27  32  66 
(Length: 3)  27  33  35 
(Length: 4)  27  60  66  92 
(Length: 3)  27  32  72 
(Length: 3)  27  92  124 
(Length: 4)  27  35  43  89 
(Length: 3)  27  33  44 
(Length: 4)  28  92  146  147 
(Length: 3)  28  79  115 
(Length: 4)  28  82  130  147 
(Length: 3)  28  82  136 
(Length: 3)  28  130  133 
(Length: 3)  28  101  133 
(Length: 3)  28  74  133 
(Length: 3)  28  66  120 
(Length: 3)  28  120  136 
(Length: 4)  28  74  106  146 
(Length: 3)  28  31  36 
(Length: 3)  28  101  120 
(Length: 3)  28  43  96 
(Length: 3)  28  43  133 
(Length: 5)  28  48  66  82  130 
(Length: 3)  28  31  128 
(Length: 3)  28  36  74 
(Length: 3)  28  66  92 
(Length: 3)  28  48  101 
(Length: 3)  28  31  133 
(Length: 3)  28  96  128 
(Length: 3)  28  79  128 
(Length: 3)  28  43  120 
(Length: 3)  28  64  74 
(Length: 3)  28  96  101 
(Length: 3)  28  115  120 
(Length: 3)  28  106  130 
(Length: 3)  28  79  106 
(Length: 3)  28  79  82 
(Length: 4)  28  92  106  146 
(Length: 4)  29  43  120  132 
(Length: 4)  29  39  43  133 
(Length: 3)  29  80  133 
(Length: 3)  29  125  134 
(Length: 3)  29  102  107 
(Length: 3)  29  80  138 
(Length: 4)  29  52  104  134 
(Length: 4)  29  104  111  127 
(Length: 4)  29  44  89  138 
(Length: 4)  29  41  47  127 
(Length: 4)  29  104  127  141 
(Length: 3)  29  80  120 
(Length: 4)  29  43  107  111 
(Length: 4)  29  120  132  134 
(Length: 3)  29  41  44 
(Length: 3)  29  41  102 
(Length: 3)  29  43  89 
(Length: 4)  29  43  107  132 
(Length: 4)  29  43  111  133 
(Length: 4)  29  39  43  107 
(Length: 3)  30  36  74 
(Length: 4)  30  91  140  148 
(Length: 3)  30  40  53 
(Length: 4)  30  31  139  149 
(Length: 4)  30  66  103  107 
(Length: 4)  30  66  87  103 
(Length: 3)  30  138  140 
(Length: 3)  30  139  140 
(Length: 4)  30  68  91  148 
(Length: 3)  30  87  149 
(Length: 3)  30  70  148 
(Length: 3)  30  102  107 
(Length: 3)  30  51  148 
(Length: 4)  30  31  36  68 
(Length: 4)  30  31  53  68 
(Length: 3)  30  58  147 
(Length: 3)  30  139  147 
(Length: 3)  30  36  83 
(Length: 3)  30  52  102 
(Length: 4)  30  52  66  83 
(Length: 4)  30  66  68  87 
(Length: 5)  30  44  66  103  139 
(Length: 4)  30  53  68  138 
(Length: 3)  30  40  148 
(Length: 4)  30  58  91  148 
(Length: 4)  30  52  66  87 
(Length: 3)  30  83  91 
(Length: 4)  30  66  83  139 
(Length: 4)  30  44  68  138 
(Length: 3)  30  70  74 
(Length: 3)  30  52  58 
(Length: 4)  30  70  87  103 
(Length: 3)  30  116  149 
(Length: 3)  30  116  148 
(Length: 3)  30  102  148 
(Length: 4)  30  44  66  68 
(Length: 4)  30  44  70  103 
(Length: 3)  30  36  102 
(Length: 3)  31  105  139 
(Length: 3)  31  67  149 
(Length: 3)  31  59  67 
(Length: 3)  31  111  112 
(Length: 3)  31  55  149 
(Length: 3)  31  80  128 
(Length: 3)  31  67  112 
(Length: 3)  31  77  118 
(Length: 3)  31  59  68 
(Length: 3)  31  53  80 
(Length: 3)  31  47  133 
(Length: 3)  31  80  112 
(Length: 3)  31  80  133 
(Length: 3)  31  111  133 
(Length: 3)  31  59  77 
(Length: 3)  31  98  128 
(Length: 3)  31  68  111 
(Length: 3)  31  118  128 
(Length: 3)  32  82  126 
(Length: 3)  32  95  109 
(Length: 3)  32  124  126 
(Length: 3)  32  93  109 
(Length: 3)  32  39  97 
(Length: 3)  32  72  118 
(Length: 3)  32  55  126 
(Length: 3)  32  88  145 
(Length: 3)  32  88  140 
(Length: 3)  32  68  95 
(Length: 3)  32  39  145 
(Length: 3)  32  39  118 
(Length: 4)  32  72  95  97 
(Length: 3)  32  39  55 
(Length: 3)  32  66  68 
(Length: 4)  32  66  82  88 
(Length: 3)  32  68  126 
(Length: 4)  32  72  97  140 
(Length: 3)  32  61  66 
(Length: 3)  32  115  124 
(Length: 3)  32  115  140 
(Length: 4)  32  39  52  66 
(Length: 3)  32  72  82 
(Length: 3)  32  52  126 
(Length: 3)  32  38  95 
(Length: 3)  32  93  126 
(Length: 3)  33  44  65 
(Length: 3)  33  65  85 
(Length: 3)  33  94  148 
(Length: 3)  33  90  94 
(Length: 3)  33  120  145 
(Length: 3)  33  120  134 
(Length: 3)  33  39  145 
(Length: 3)  33  48  87 
(Length: 4)  33  35  120  126 
(Length: 3)  33  85  123 
(Length: 4)  33  35  65  148 
(Length: 3)  33  44  56 
(Length: 3)  33  135  146 
(Length: 3)  33  146  148 
(Length: 4)  33  65  87  90 
(Length: 3)  33  48  119 
(Length: 3)  33  87  135 
(Length: 3)  33  48  148 
(Length: 3)  33  90  145 
(Length: 3)  33  94  123 
(Length: 3)  33  35  56 
(Length: 3)  33  94  120 
(Length: 3)  33  90  106 
(Length: 3)  33  106  146 
(Length: 4)  33  35  65  90 
(Length: 3)  34  41  126 
(Length: 3)  34  41  125 
(Length: 3)  34  41  47 
(Length: 3)  34  44  100 
(Length: 3)  34  41  44 
(Length: 4)  34  44  89  144 
(Length: 3)  34  42  100 
(Length: 3)  34  105  126 
(Length: 5)  34  64  88  91  140 
(Length: 3)  34  125  144 
(Length: 3)  34  62  144 
(Length: 3)  34  44  97 
(Length: 4)  34  94  140  148 
(Length: 4)  34  62  94  140 
(Length: 3)  34  105  144 
(Length: 5)  34  64  91  140  148 
(Length: 3)  34  89  126 
(Length: 3)  34  125  140 
(Length: 3)  34  97  140 
(Length: 4)  35  55  57  126 
(Length: 4)  35  36  47  69 
(Length: 3)  35  36  83 
(Length: 4)  35  53  68  90 
(Length: 3)  35  80  131 
(Length: 4)  35  53  80  90 
(Length: 3)  35  56  131 
(Length: 4)  35  43  59  68 
(Length: 4)  35  67  92  126 
(Length: 3)  35  80  120 
(Length: 4)  35  43  59  120 
(Length: 3)  35  116  120 
(Length: 3)  35  90  127 
(Length: 3)  35  80  92 
(Length: 3)  35  54  92 
(Length: 3)  35  43  131 
(Length: 4)  35  59  65  67 
(Length: 4)  35  78  98  148 
(Length: 3)  35  54  90 
(Length: 4)  35  47  92  127 
(Length: 3)  35  57  64 
(Length: 3)  35  83  131 
(Length: 3)  35  68  126 
(Length: 4)  35  47  57  127 
(Length: 4)  35  64  68  148 
(Length: 3)  35  89  126 
(Length: 3)  35  36  54 
(Length: 3)  35  69  80 
(Length: 3)  35  43  55 
(Length: 3)  35  45  65 
(Length: 4)  35  67  78  92 
(Length: 3)  35  126  131 
(Length: 4)  35  36  47  57 
(Length: 4)  35  65  67  90 
(Length: 3)  35  54  131 
(Length: 4)  35  65  98  148 
(Length: 4)  35  68  78  148 
(Length: 3)  36  57  102 
(Length: 3)  36  83  104 
(Length: 3)  36  73  75 
(Length: 3)  36  83  125 
(Length: 3)  36  75  95 
(Length: 3)  36  95  102 
(Length: 3)  36  68  104 
(Length: 3)  36  73  104 
(Length: 3)  36  74  125 
(Length: 3)  36  68  95 
(Length: 3)  37  45  65 
(Length: 3)  37  123  144 
(Length: 3)  37  50  123 
(Length: 3)  37  88  127 
(Length: 4)  37  72  82  123 
(Length: 3)  37  50  116 
(Length: 3)  37  65  148 
(Length: 3)  37  127  148 
(Length: 3)  37  45  88 
(Length: 3)  37  77  90 
(Length: 3)  37  83  88 
(Length: 3)  37  72  90 
(Length: 3)  37  67  82 
(Length: 3)  37  116  148 
(Length: 3)  37  116  144 
(Length: 3)  37  77  102 
(Length: 3)  37  45  72 
(Length: 3)  37  82  88 
(Length: 3)  37  50  77 
(Length: 4)  37  65  67  90 
(Length: 3)  37  107  123 
(Length: 3)  37  116  119 
(Length: 3)  37  102  107 
(Length: 3)  37  67  144 
(Length: 3)  37  102  148 
(Length: 3)  37  107  119 
(Length: 3)  37  83  144 
(Length: 3)  37  67  119 
(Length: 4)  38  44  60  67 
(Length: 4)  38  67  86  113 
(Length: 3)  38  49  67 
(Length: 4)  38  44  67  113 
(Length: 3)  38  80  86 
(Length: 3)  38  80  85 
(Length: 3)  38  85  113 
(Length: 3)  38  85  125 
(Length: 3)  38  80  142 
(Length: 3)  38  51  113 
(Length: 3)  38  86  95 
(Length: 3)  39  114  145 
(Length: 4)  39  51  60  108 
(Length: 4)  39  97  133  142 
(Length: 3)  39  52  142 
(Length: 4)  39  60  66  108 
(Length: 4)  39  43  55  149 
(Length: 3)  39  97  107 
(Length: 3)  39  60  91 
(Length: 3)  39  55  143 
(Length: 3)  39  83  91 
(Length: 3)  39  60  145 
(Length: 3)  39  142  143 
(Length: 3)  39  133  145 
(Length: 3)  40  57  127 
(Length: 3)  40  54  146 
(Length: 3)  40  65  148 
(Length: 3)  40  67  104 
(Length: 3)  40  65  67 
(Length: 3)  40  104  146 
(Length: 3)  40  146  148 
(Length: 3)  40  127  148 
(Length: 3)  40  104  127 
(Length: 3)  41  77  102 
(Length: 3)  41  98  102 
(Length: 3)  41  65  98 
(Length: 5)  41  67  82  126  136 
(Length: 4)  41  44  65  67 
(Length: 3)  41  82  147 
(Length: 3)  41  47  77 
(Length: 3)  41  59  77 
(Length: 5)  41  67  78  82  136 
(Length: 4)  41  77  101  126 
(Length: 3)  41  101  125 
(Length: 3)  41  70  82 
(Length: 4)  41  59  65  67 
(Length: 4)  41  44  65  70 
(Length: 3)  42  59  121 
(Length: 3)  42  67  119 
(Length: 3)  43  95  131 
(Length: 4)  43  131  132  149 
(Length: 3)  43  68  95 
(Length: 3)  43  86  139 
(Length: 3)  43  59  96 
(Length: 4)  43  73  107  131 
(Length: 4)  43  107  131  132 
(Length: 3)  43  59  76 
(Length: 3)  43  76  86 
(Length: 3)  43  68  111 
(Length: 3)  43  73  133 
(Length: 3)  43  95  120 
(Length: 3)  43  76  89 
(Length: 4)  43  120  132  149 
(Length: 3)  43  89  95 
(Length: 3)  43  86  95 
(Length: 3)  44  65  114 
(Length: 4)  44  67  113  136 
(Length: 4)  44  89  138  144 
(Length: 5)  44  50  100  103  113 
(Length: 3)  44  136  137 
(Length: 4)  44  103  113  114 
(Length: 5)  44  60  66  67  144 
(Length: 3)  44  70  144 
(Length: 4)  44  50  89  138 
(Length: 5)  44  60  66  89  144 
(Length: 3)  44  89  110 
(Length: 3)  44  68  113 
(Length: 4)  44  50  70  103 
(Length: 3)  44  68  78 
(Length: 4)  44  56  66  103 
(Length: 3)  44  65  89 
(Length: 4)  45  49  88  141 
(Length: 4)  45  49  88  145 
(Length: 3)  45  137  145 
(Length: 3)  45  72  146 
(Length: 3)  45  95  137 
(Length: 3)  45  104  146 
(Length: 3)  45  72  95 
(Length: 3)  45  52  104 
(Length: 3)  45  104  141 
(Length: 3)  45  88  146 
(Length: 3)  46  52  83 
(Length: 3)  46  82  130 
(Length: 3)  46  52  142 
(Length: 3)  46  71  142 
(Length: 4)  46  80  138  142 
(Length: 4)  46  80  82  138 
(Length: 3)  46  71  93 
(Length: 5)  46  90  93  106  130 
(Length: 4)  46  80  90  138 
(Length: 4)  46  90  106  113 
(Length: 4)  46  52  90  130 
(Length: 3)  47  70  86 
(Length: 3)  47  70  142 
(Length: 4)  47  97  133  142 
(Length: 3)  47  86  92 
(Length: 3)  47  86  98 
(Length: 4)  47  92  127  142 
(Length: 4)  47  69  86  135 
(Length: 4)  48  67  78  82 
(Length: 3)  48  53  103 
(Length: 4)  48  87  101  103 
(Length: 3)  48  53  76 
(Length: 4)  48  66  67  82 
(Length: 3)  48  67  149 
(Length: 4)  48  66  87  89 
(Length: 5)  48  66  103  139  141 
(Length: 4)  48  78  86  139 
(Length: 4)  48  78  86  130 
(Length: 3)  48  78  142 
(Length: 3)  48  139  140 
(Length: 4)  48  67  78  86 
(Length: 3)  48  139  149 
(Length: 4)  48  52  66  87 
(Length: 3)  48  61  101 
(Length: 4)  48  66  67  141 
(Length: 4)  48  78  82  130 
(Length: 4)  48  61  66  119 
(Length: 4)  48  66  82  139 
(Length: 4)  48  66  67  119 
(Length: 4)  48  66  103  107 
(Length: 4)  48  78  82  139 
(Length: 4)  48  78  130  148 
(Length: 3)  48  70  82 
(Length: 3)  48  70  86 
(Length: 4)  48  70  87  103 
(Length: 3)  48  76  86 
(Length: 3)  48  70  142 
(Length: 3)  48  70  148 
(Length: 3)  48  76  148 
(Length: 4)  48  66  76  89 
(Length: 3)  48  130  149 
(Length: 3)  48  140  148 
(Length: 3)  48  52  142 
(Length: 3)  48  140  142 
(Length: 3)  48  119  142 
(Length: 5)  48  66  107  119  130 
(Length: 3)  48  100  149 
(Length: 4)  48  87  101  149 
(Length: 4)  48  100  103  107 
(Length: 3)  48  52  53 
(Length: 4)  48  66  87  103 
(Length: 4)  48  66  76  119 
(Length: 4)  48  52  66  130 
(Length: 3)  49  76  143 
(Length: 3)  49  67  141 
(Length: 3)  49  76  145 
(Length: 3)  49  114  145 
(Length: 3)  49  54  145 
(Length: 3)  49  107  111 
(Length: 3)  49  54  115 
(Length: 3)  49  114  141 
(Length: 3)  49  112  143 
(Length: 3)  49  111  112 
(Length: 4)  50  84  103  113 
(Length: 4)  50  84  113  123 
(Length: 4)  50  101  120  132 
(Length: 4)  50  54  100  131 
(Length: 3)  50  96  113 
(Length: 4)  50  98  113  123 
(Length: 4)  50  94  116  120 
(Length: 3)  50  94  123 
(Length: 4)  50  98  117  123 
(Length: 4)  50  77  101  132 
(Length: 4)  50  54  131  132 
(Length: 3)  50  78  84 
(Length: 3)  50  96  101 
(Length: 5)  50  77  101  103  118 
(Length: 3)  50  84  89 
(Length: 4)  50  85  113  123 
(Length: 4)  50  54  92  103 
(Length: 3)  50  95  131 
(Length: 3)  50  78  92 
(Length: 4)  50  78  98  117 
(Length: 4)  50  85  100  113 
(Length: 4)  50  54  100  103 
(Length: 3)  50  84  120 
(Length: 4)  50  101  116  120 
(Length: 4)  50  62  94  120 
(Length: 3)  51  76  148 
(Length: 3)  51  76  104 
(Length: 3)  51  60  88 
(Length: 3)  52  94  102 
(Length: 4)  52  122  129  130 
(Length: 4)  52  66  83  131 
(Length: 4)  52  66  83  144 
(Length: 3)  52  58  122 
(Length: 3)  52  131  134 
(Length: 3)  52  126  131 
(Length: 4)  52  104  122  144 
(Length: 4)  52  83  104  144 
(Length: 3)  52  87  134 
(Length: 3)  52  87  90 
(Length: 3)  52  58  94 
(Length: 4)  52  56  66  130 
(Length: 4)  52  56  66  131 
(Length: 4)  53  80  90  138 
(Length: 4)  53  68  90  138 
(Length: 4)  53  76  90  93 
(Length: 3)  53  68  84 
(Length: 4)  54  60  66  92 
(Length: 4)  54  60  66  108 
(Length: 4)  54  66  119  130 
(Length: 4)  54  79  115  129 
(Length: 4)  54  86  90  130 
(Length: 4)  54  60  66  131 
(Length: 3)  54  103  112 
(Length: 3)  54  63  92 
(Length: 3)  54  129  132 
(Length: 3)  54  119  132 
(Length: 5)  54  106  112  129  130 
(Length: 4)  54  112  119  130 
(Length: 4)  54  79  115  140 
(Length: 4)  54  86  90  145 
(Length: 3)  54  79  86 
(Length: 4)  54  79  106  129 
(Length: 3)  54  103  145 
(Length: 4)  54  60  115  140 
(Length: 4)  54  90  106  130 
(Length: 4)  54  90  115  140 
(Length: 3)  54  79  119 
(Length: 3)  54  63  131 
(Length: 3)  54  140  146 
(Length: 4)  54  63  90  140 
(Length: 3)  54  90  100 
(Length: 4)  54  92  106  146 
(Length: 4)  54  66  92  103 
(Length: 3)  55  136  143 
(Length: 3)  55  126  136 
(Length: 3)  56  72  118 
(Length: 3)  56  93  130 
(Length: 4)  56  72  95  131 
(Length: 3)  56  103  118 
(Length: 3)  57  63  107 
(Length: 3)  57  111  127 
(Length: 3)  57  58  62 
(Length: 3)  57  107  111 
(Length: 3)  57  102  107 
(Length: 3)  57  100  107 
(Length: 3)  57  58  64 
(Length: 3)  57  58  122 
(Length: 4)  57  107  119  130 
(Length: 3)  57  61  96 
(Length: 3)  57  64  111 
(Length: 3)  57  61  119 
(Length: 4)  58  91  127  148 
(Length: 3)  58  94  148 
(Length: 3)  58  94  112 
(Length: 3)  58  112  147 
(Length: 3)  58  69  147 
(Length: 3)  58  62  94 
(Length: 4)  58  64  91  148 
(Length: 4)  59  66  67  144 
(Length: 3)  59  75  140 
(Length: 3)  59  62  140 
(Length: 3)  59  62  144 
(Length: 3)  59  91  140 
(Length: 3)  59  96  113 
(Length: 3)  59  62  120 
(Length: 3)  59  81  96 
(Length: 3)  59  71  121 
(Length: 3)  59  66  120 
(Length: 3)  59  66  76 
(Length: 3)  59  66  68 
(Length: 3)  59  71  120 
(Length: 3)  59  68  113 
(Length: 3)  59  68  91 
(Length: 3)  59  62  76 
(Length: 3)  59  62  113 
(Length: 3)  59  67  113 
(Length: 3)  59  68  71 
(Length: 3)  59  75  77 
(Length: 3)  59  81  140 
(Length: 3)  59  91  96 
(Length: 4)  60  66  67  141 
(Length: 4)  60  92  122  144 
(Length: 3)  60  87  149 
(Length: 5)  60  66  67  92  144 
(Length: 3)  60  131  149 
(Length: 4)  60  61  66  92 
(Length: 3)  60  71  115 
(Length: 4)  60  66  87  89 
(Length: 4)  60  71  93  143 
(Length: 3)  60  62  144 
(Length: 4)  60  66  88  141 
(Length: 3)  60  111  140 
(Length: 4)  60  66  88  89 
(Length: 4)  60  88  91  140 
(Length: 3)  60  88  145 
(Length: 4)  60  89  122  144 
(Length: 3)  60  67  149 
(Length: 3)  60  111  144 
(Length: 3)  61  69  110 
(Length: 3)  61  78  115 
(Length: 3)  61  78  92 
(Length: 3)  62  120  137 
(Length: 3)  62  117  140 
(Length: 3)  62  72  140 
(Length: 3)  62  109  117 
(Length: 3)  62  72  120 
(Length: 3)  63  67  90 
(Length: 4)  63  67  92  144 
(Length: 3)  63  131  134 
(Length: 4)  63  90  99  140 
(Length: 4)  63  92  144  147 
(Length: 3)  63  80  92 
(Length: 3)  63  92  99 
(Length: 4)  63  99  120  136 
(Length: 3)  63  70  134 
(Length: 3)  63  120  134 
(Length: 4)  63  80  90  140 
(Length: 3)  63  80  131 
(Length: 3)  63  80  120 
(Length: 3)  63  70  144 
(Length: 3)  63  134  140 
(Length: 3)  63  107  147 
(Length: 3)  63  107  131 
(Length: 3)  64  75  85 
(Length: 3)  64  68  111 
(Length: 3)  64  111  140 
(Length: 3)  64  85  88 
(Length: 3)  64  75  140 
(Length: 4)  64  68  91  148 
(Length: 3)  65  70  148 
(Length: 3)  65  70  87 
(Length: 3)  66  108  120 
(Length: 3)  66  105  119 
(Length: 3)  66  83  88 
(Length: 3)  66  82  131 
(Length: 3)  66  105  120 
(Length: 3)  66  107  131 
(Length: 3)  66  105  139 
(Length: 3)  66  108  139 
(Length: 3)  66  105  144 
(Length: 3)  67  112  113 
(Length: 3)  67  112  119 
(Length: 4)  67  78  86  92 
(Length: 3)  67  78  104 
(Length: 3)  67  104  144 
(Length: 3)  67  126  141 
(Length: 3)  67  104  141 
(Length: 4)  67  113  126  136 
(Length: 4)  67  86  90  113 
(Length: 3)  67  104  113 
(Length: 3)  67  90  94 
(Length: 3)  68  87  95 
(Length: 3)  68  90  91 
(Length: 3)  68  71  104 
(Length: 3)  68  78  84 
(Length: 3)  68  84  113 
(Length: 3)  68  87  90 
(Length: 3)  68  104  111 
(Length: 3)  68  71  126 
(Length: 3)  68  90  113 
(Length: 3)  68  113  126 
(Length: 3)  68  104  113 
(Length: 3)  68  78  104 
(Length: 3)  69  80  86 
(Length: 3)  69  97  147 
(Length: 3)  69  80  85 
(Length: 3)  70  103  111 
(Length: 3)  70  111  144 
(Length: 4)  70  79  82  134 
(Length: 4)  70  87  103  134 
(Length: 3)  70  74  142 
(Length: 3)  70  93  148 
(Length: 3)  70  79  86 
(Length: 4)  70  79  87  134 
(Length: 3)  70  79  142 
(Length: 3)  71  120  126 
(Length: 3)  71  93  126 
(Length: 3)  71  115  120 
(Length: 4)  71  93  121  143 
(Length: 4)  71  121  142  143 
(Length: 4)  72  95  120  134 
(Length: 3)  72  134  140 
(Length: 4)  72  78  86  98 
(Length: 4)  72  101  120  149 
(Length: 3)  72  78  122 
(Length: 4)  72  100  131  149 
(Length: 4)  72  95  131  134 
(Length: 4)  72  82  131  134 
(Length: 3)  72  139  140 
(Length: 3)  72  75  95 
(Length: 3)  72  86  135 
(Length: 4)  72  75  140  146 
(Length: 3)  72  110  123 
(Length: 3)  72  98  123 
(Length: 3)  72  86  95 
(Length: 3)  72  81  122 
(Length: 3)  72  90  110 
(Length: 3)  72  86  90 
(Length: 3)  72  90  100 
(Length: 3)  72  90  140 
(Length: 4)  72  75  135  146 
(Length: 4)  72  90  101  118 
(Length: 4)  72  78  86  139 
(Length: 3)  72  110  139 
(Length: 4)  72  100  120  149 
(Length: 3)  72  81  140 
(Length: 3)  72  81  135 
(Length: 4)  72  78  82  139 
(Length: 3)  72  118  122 
(Length: 3)  72  100  135 
(Length: 3)  72  139  149 
(Length: 4)  73  75  87  135 
(Length: 3)  73  113  135 
(Length: 3)  73  91  135 
(Length: 3)  73  104  113 
(Length: 3)  73  113  133 
(Length: 3)  74  90  127 
(Length: 3)  74  113  126 
(Length: 3)  74  90  110 
(Length: 3)  74  78  142 
(Length: 3)  74  80  90 
(Length: 3)  74  127  142 
(Length: 3)  74  80  146 
(Length: 4)  74  80  133  142 
(Length: 3)  74  76  90 
(Length: 4)  74  90  106  113 
(Length: 3)  74  110  125 
(Length: 3)  74  76  146 
(Length: 3)  74  113  133 
(Length: 3)  75  137  146 
(Length: 4)  75  87  95  137 
(Length: 4)  75  80  140  146 
(Length: 4)  75  80  112  119 
(Length: 3)  75  80  85 
(Length: 4)  76  86  90  145 
(Length: 3)  76  104  143 
(Length: 3)  76  93  148 
(Length: 3)  76  104  146 
(Length: 3)  76  119  143 
(Length: 3)  76  146  148 
(Length: 4)  77  90  101  118 
(Length: 4)  77  90  99  118 
(Length: 4)  78  84  115  129 
(Length: 4)  78  122  129  130 
(Length: 3)  78  84  139 
(Length: 4)  78  129  130  148 
(Length: 3)  78  104  122 
(Length: 4)  78  82  88  136 
(Length: 3)  78  88  142 
(Length: 3)  78  92  122 
(Length: 3)  78  92  142 
(Length: 4)  78  84  88  129 
(Length: 3)  79  116  119 
(Length: 3)  79  86  95 
(Length: 3)  79  134  140 
(Length: 3)  79  95  97 
(Length: 4)  79  87  95  134 
(Length: 3)  79  121  142 
(Length: 3)  79  116  128 
(Length: 5)  79  97  99  140  142 
(Length: 3)  79  115  124 
(Length: 4)  79  97  119  142 
(Length: 3)  79  99  129 
(Length: 4)  80  90  115  140 
(Length: 4)  80  112  119  142 
(Length: 3)  80  82  131 
(Length: 3)  80  86  90 
(Length: 4)  80  138  140  142 
(Length: 4)  80  90  138  140 
(Length: 4)  80  133  140  142 
(Length: 3)  80  115  120 
(Length: 3)  80  96  128 
(Length: 3)  80  92  146 
(Length: 3)  80  86  92 
(Length: 3)  80  92  142 
(Length: 4)  81  133  140  142 
(Length: 3)  81  96  148 
(Length: 3)  81  87  89 
(Length: 3)  81  124  126 
(Length: 3)  81  129  148 
(Length: 3)  81  84  129 
(Length: 4)  81  138  140  142 
(Length: 3)  81  89  122 
(Length: 4)  81  94  102  148 
(Length: 3)  81  87  135 
(Length: 3)  81  129  132 
(Length: 4)  81  94  140  148 
(Length: 3)  81  89  126 
(Length: 3)  81  83  135 
(Length: 3)  81  84  89 
(Length: 3)  81  87  132 
(Length: 3)  81  125  140 
(Length: 3)  81  83  125 
(Length: 3)  81  122  129 
(Length: 3)  82  123  130 
(Length: 3)  82  139  147 
(Length: 3)  82  126  131 
(Length: 3)  83  91  135 
(Length: 3)  83  100  131 
(Length: 3)  83  125  144 
(Length: 3)  83  85  88 
(Length: 3)  83  104  139 
(Length: 3)  83  100  135 
(Length: 3)  83  88  91 
(Length: 3)  83  85  100 
(Length: 3)  83  85  125 
(Length: 3)  84  115  120 
(Length: 4)  84  103  113  114 
(Length: 3)  84  88  89 
(Length: 3)  84  103  139 
(Length: 3)  86  98  113 
(Length: 3)  86  113  114 
(Length: 3)  86  113  135 
(Length: 3)  86  114  145 
(Length: 3)  86  95  114 
(Length: 3)  86  92  114 
(Length: 3)  87  90  101 
(Length: 3)  87  132  134 
(Length: 3)  87  89  95 
(Length: 4)  87  101  132  149 
(Length: 3)  88  127  142 
(Length: 3)  88  127  141 
(Length: 3)  88  140  146 
(Length: 3)  88  140  142 
(Length: 3)  88  91  127 
(Length: 3)  88  127  145 
(Length: 3)  90  91  127 
(Length: 3)  90  101  145 
(Length: 4)  90  94  115  140 
(Length: 3)  90  100  113 
(Length: 3)  90  110  130 
(Length: 3)  90  91  140 
(Length: 3)  90  115  118 
(Length: 4)  90  99  118  130 
(Length: 3)  90  127  145 
(Length: 3)  91  117  140 
(Length: 3)  91  117  124 
(Length: 3)  91  96  148 
(Length: 3)  92  99  122 
(Length: 3)  92  124  126 
(Length: 4)  92  103  114  124 
(Length: 3)  92  99  142 
(Length: 3)  93  109  139 
(Length: 3)  93  136  143 
(Length: 3)  93  112  143 
(Length: 3)  93  130  148 
(Length: 3)  93  126  136 
(Length: 4)  93  106  112  130 
(Length: 3)  93  100  149 
(Length: 3)  94  116  148 
(Length: 3)  94  115  120 
(Length: 3)  94  139  140 
(Length: 3)  95  120  137 
(Length: 3)  95  97  102 
(Length: 3)  95  109  131 
(Length: 3)  96  104  113 
(Length: 3)  97  117  140 
(Length: 4)  97  133  140  142 
(Length: 3)  97  107  147 
(Length: 3)  97  117  147 
(Length: 4)  97  107  119  132 
(Length: 3)  97  102  107 
(Length: 3)  98  102  148 
(Length: 3)  98  128  137 
(Length: 3)  98  121  137 
(Length: 3)  99  125  129 
(Length: 3)  99  112  142 
(Length: 4)  99  122  129  130 
(Length: 4)  99  118  122  130 
(Length: 3)  99  125  140 
(Length: 4)  99  112  129  130 
(Length: 3)  100  113  135 
(Length: 4)  101  116  120  149 
(Length: 3)  101  103  145 
(Length: 4)  101  120  132  149 
(Length: 3)  101  103  109 
(Length: 3)  101  120  126 
(Length: 4)  101  120  132  145 
(Length: 3)  102  108  110 
(Length: 4)  103  113  114  124 
(Length: 3)  103  111  112 
(Length: 3)  103  109  139 
(Length: 3)  103  107  111 
(Length: 3)  103  114  134 
(Length: 3)  103  112  143 
(Length: 3)  103  114  141 
(Length: 3)  103  112  113 
(Length: 3)  103  114  145 
(Length: 3)  104  139  147 
(Length: 4)  104  127  139  141 
(Length: 4)  104  111  123  144 
(Length: 3)  104  113  122 
(Length: 3)  104  113  123 
(Length: 3)  104  144  147 
(Length: 3)  105  120  126 
(Length: 3)  105  138  144 
(Length: 3)  106  112  113 
(Length: 3)  107  130  147 
(Length: 3)  107  111  123 
(Length: 3)  107  123  130 
(Length: 3)  108  110  123 
(Length: 3)  108  110  139 
(Length: 3)  110  123  130 
(Length: 3)  110  139  141 
(Length: 3)  111  133  140 
(Length: 3)  111  117  123 
(Length: 3)  111  117  140 
(Length: 4)  112  119  142  143 
(Length: 3)  112  113  135 
(Length: 3)  112  130  147 
(Length: 3)  113  135  136 
(Length: 3)  113  124  126 
(Length: 3)  117  140  146 
(Length: 3)  118  122  128 
(Length: 3)  118  130  147 
(Length: 3)  119  132  143 
(Length: 3)  120  136  137 
(Length: 3)  120  126  136 
(Length: 3)  120  137  145 
(Length: 3)  121  137  145 
(Length: 3)  124  126  131 
(Length: 3)  125  134  140 
(Length: 3)  140  146  148 
...model cost: 1.70 seconds  46381 FFE
 (opt) 670.00000000 == 670.00000000 (sur)  OPTIMALITY TEST PASSED!
   BESTimpr 585.00000000 -> 658.00000000
**1**1***11******111111**11111***1**1**1*1**1*11*1*****1*1**1*1*1******1111*****1**1**1111*1*11***1***1****11**11111*1*11**1******11*1****1***11*111**


*1*1*1**111*1****111******1*11***1*1*1*1*1**1*11**1****1******11*****1*111***1**1*1**111*111*1****1*****111111*11111111*1**1**111**1*11*1*****1*111*11

