( 28  -34  -98  )
( 62  -120  145  )
( -79  38  24  )
( -81  67  6  )
( 7  34  -14  )
( -73  -50  -59  )
( -71  -4  66  )
( 62  -88  -6  )
( 75  11  -130  )
( -65  -35  113  )
( 34  -140  33  )
( 15  -141  78  )
( 115  -146  28  )
( 52  4  -13  )
( 130  90  -103  )
( -85  -68  127  )
( 104  -148  -57  )
( 127  -148  70  )
( -42  121  -136  )
( 41  38  -88  )
( -133  -13  -135  )
( 58  91  -72  )
( 146  -128  -51  )
( -66  -79  -141  )
( 68  -43  -70  )
( -104  -143  -144  )
( 32  -11  46  )
( 144  19  34  )
( -36  -99  -22  )
( 5  -48  -8  )
( -15  -13  -32  )
( 130  -121  84  )
( -96  36  48  )
( -83  4  -3  )
( 101  -42  -27  )
( -70  -140  -106  )
( -36  95  135  )
( -82  -108  4  )
( 40  145  122  )
( 18  149  -129  )
( 149  -71  -2  )
( 81  7  60  )
( -118  -45  -71  )
( 111  -6  -88  )
( -82  -52  -113  )
( 56  -15  -107  )
( 78  13  -60  )
( 9  50  -36  )
( 68  -100  -133  )
( -145  105  148  )
( -18  15  134  )
( -63  -115  143  )
( -87  -109  -6  )
( -149  -96  19  )
( -44  -64  100  )
( -110  33  -124  )
( -145  64  -105  )
( 140  -121  -30  )
( 53  -98  144  )
( -69  -135  42  )
( -109  -97  -68  )
( 17  -56  47  )
( 85  96  -26  )
( -64  -79  -146  )
( 54  139  124  )
( -19  119  122  )
( 92  63  107  )
( -30  -102  -89  )
( 14  49  104  )
( 87  -17  -135  )
( 127  -73  -78  )
( -103  49  109  )
( 14  70  -106  )
( 36  13  -97  )
( -52  -114  -149  )
( 64  -48  -123  )
( -91  -80  -34  )
( 83  -141  145  )
( -17  -28  -118  )
( 54  7  67  )
( -104  -86  10  )
( -73  -76  118  )
( -35  77  72  )
( 29  -132  -119  )
( -73  -55  142  )
( -40  -44  -96  )
( -134  92  -140  )
( -85  -39  93  )
( 85  40  -95  )
( -91  29  -66  )
( 77  124  75  )
( -94  -37  -69  )
( 115  77  -129  )
( 61  -142  126  )
( -141  110  34  )
( -56  99  119  )
( 117  113  134  )
( -9  -95  -78  )
( 136  147  47  )
( 116  97  -46  )
( -100  -135  128  )
( 110  -25  -60  )
( -20  -0  96  )
( 145  -67  141  )
( 48  24  -61  )
( 10  22  -147  )
( 83  -81  110  )
( -138  141  -19  )
( 68  42  114  )
( 20  -9  10  )
( -103  -97  -46  )
( 116  14  136  )
( -28  -111  -6  )
( 119  -100  -130  )
( -49  133  -88  )
( -22  62  -53  )
( -56  136  59  )
( -123  -30  95  )
( 65  -91  58  )
( -63  -10  -135  )
( -63  -104  -132  )
( 32  -6  -33  )
( -52  -21  -25  )
( 55  114  -140  )
( 20  -93  -142  )
( 6  30  -26  )
( -57  -147  -40  )
( 108  -103  -83  )
( 49  -47  -55  )
( -81  77  -11  )
( -62  22  39  )
( -13  -1  -122  )
( 14  -112  -38  )
( -6  95  -65  )
( -109  -46  -41  )
( -20  -136  31  )
( -6  -55  -26  )
( -135  19  -127  )
( -89  -87  134  )
( 139  -114  -2  )
( 78  -77  -51  )
( 57  -130  -116  )
( -27  69  127  )
( -68  -74  -57  )
( -110  -57  101  )
( -63  -149  -11  )
( -32  -131  -49  )
( 148  -7  121  )
( 10  -49  -131  )
( 60  -40  118  )
( -41  -71  -89  )
( -100  -38  -45  )
( 125  -103  -92  )
( 28  -119  -18  )
( 105  -148  -15  )
( -27  39  136  )
( 23  76  134  )
( 46  38  58  )
( 36  -26  -137  )
( -6  147  26  )
( 77  91  -58  )
( 111  95  -142  )
( -23  -102  143  )
( 4  -75  -131  )
( 90  61  51  )
( 46  36  86  )
( -59  -40  18  )
( 66  95  -94  )
( -145  -11  21  )
( 54  -103  40  )
( 13  -45  123  )
( -142  107  -47  )
( 45  82  -9  )
( -134  -9  30  )
( 86  64  -67  )
( -74  142  114  )
( 90  127  -89  )
( 142  -105  110  )
( -66  109  -134  )
( 114  45  56  )
( 136  -56  110  )
( 149  -109  112  )
( 78  8  131  )
( -83  15  129  )
( 106  144  -147  )
( 26  -11  -39  )
( -79  108  62  )
( -149  -50  -86  )
( -17  -20  -13  )
( -95  -79  144  )
( 105  -143  -6  )
( 145  -44  113  )
( -133  142  -134  )
( -127  79  -75  )
( -47  130  96  )
( -142  -90  61  )
( -33  -113  40  )
( -79  76  -22  )
( -49  27  -80  )
( 96  111  106  )
( 8  66  -81  )
( 49  123  -7  )
( 59  47  -17  )
( 17  -120  -42  )
( 83  -17  -70  )
( 145  -46  -91  )
( 62  -67  15  )
( 87  122  -12  )
( 97  32  8  )
( -143  81  105  )
( 35  94  81  )
( -92  -6  37  )
( 130  -17  105  )
( 92  51  -16  )
( 43  -124  126  )
( 83  94  21  )
( 44  76  -50  )
( 91  -59  23  )
( 112  -105  -41  )
( -11  -60  -31  )
( -9  138  -143  )
( 60  -132  -66  )
( 140  41  85  )
( 23  -128  -0  )
( 114  -76  92  )
( 104  -38  -144  )
( -88  34  54  )
( 42  -122  -98  )
( -93  -22  121  )
( -56  63  -23  )
( 149  -95  146  )
( -81  -122  26  )
( 20  -129  -34  )
( -142  -141  -12  )
( 28  -92  -141  )
( -146  25  -27  )
( 28  -54  58  )
( 72  -83  145  )
( 149  -23  -27  )
( -44  -140  -87  )
( 9  137  -5  )
( 27  -149  -90  )
( 40  -41  -78  )
( 125  -86  -27  )
( 30  122  0  )
( 97  -78  -148  )
( 146  76  -16  )
( 32  101  -65  )
( -100  -92  -30  )
( 92  62  126  )
( -145  63  78  )
( 89  -140  -87  )
( 81  -82  89  )
( 14  -140  97  )
( 106  6  -54  )
( 104  57  -140  )
( -0  120  -131  )
( 88  -111  27  )
( 81  139  -108  )
( -122  143  -130  )
( -123  18  -7  )
( 129  68  -109  )
( 76  -108  -69  )
( -125  54  63  )
( -36  144  -91  )
( -104  58  -91  )
( 33  52  103  )
( -111  -62  -100  )
( -143  120  2  )
( -28  -33  21  )
( 104  -89  -55  )
( 1  -70  -24  )
( -57  -113  -128  )
( 45  77  -95  )
( 108  20  109  )
( 96  -31  -17  )
( 63  96  134  )
( -135  61  144  )
( 23  -1  118  )
( 9  99  -58  )
( -3  86  132  )
( 103  -126  31  )
( 109  127  149  )
( -36  -94  -146  )
( 74  -54  -137  )
( -41  -12  -101  )
( -129  98  105  )
( -2  81  -72  )
( 72  94  96  )
( -124  4  -128  )
( 90  135  -5  )
( 94  -52  -74  )
( 51  -50  -104  )
( -65  130  146  )
( 100  -63  -15  )
( 143  -54  -87  )
( -120  74  -30  )
( 59  49  90  )
( -46  71  -98  )
( 46  -99  -74  )
( -13  18  -122  )
( -62  141  -98  )
( -101  -117  99  )
( 70  -137  -40  )
( 104  67  0  )
( 139  83  -37  )
( -85  -51  -34  )
( 102  -23  -29  )
( -89  -54  67  )
( -131  -104  21  )
( 88  -74  45  )
( -26  33  11  )
( -61  70  7  )
( -130  23  -37  )
( -90  80  33  )
( 147  58  26  )
( -70  12  54  )
( 40  -72  -110  )
( 119  58  -139  )
( -39  -146  130  )
( 91  131  70  )
( -63  -21  -104  )
( 103  -125  66  )
( 35  -29  -47  )
( -128  67  111  )
( -16  6  -56  )
( -73  -92  52  )
( -8  47  -120  )
( 111  -86  32  )
( -54  48  -43  )
( 84  -59  90  )
( -71  -119  -20  )
( -96  81  -11  )
( -40  18  -98  )
( -3  -78  -4  )
( -23  4  98  )
( 76  91  -121  )
( -43  68  26  )
( 9  76  17  )
( 94  -137  100  )
( -12  -146  103  )
( 121  56  126  )
( -107  -147  127  )
( -117  -73  -39  )
( 63  92  -15  )
( 64  -106  -78  )
( -138  104  69  )
( 18  60  73  )
( 46  49  66  )
( -52  -45  -36  )
( -130  -30  -59  )
( 88  10  77  )
( -19  -112  116  )
( -14  -16  -139  )
( 91  -48  102  )
( 1  121  16  )
( -32  -77  111  )
( 52  -148  -8  )
( 63  -7  -11  )
( 134  100  -31  )
( -61  -84  12  )
( -82  43  -80  )
( -95  -71  -141  )
( -108  -26  -76  )
( -34  139  56  )
( -5  54  69  )
( -139  62  39  )
( -1  -145  -103  )
( 24  -124  -83  )
( -76  -140  144  )
( -62  122  -134  )
( -128  80  50  )
( 8  -135  88  )
( 97  86  55  )
( -70  -23  -39  )
( 20  110  -142  )
( 83  2  -17  )
( -88  -115  126  )
( 11  -29  -132  )
( 27  -99  -19  )
( 140  71  -34  )
( -128  -82  40  )
( -15  58  -82  )
( 15  23  -22  )
( -44  -14  -24  )
( 81  -105  146  )
( -85  143  -3  )
( 123  -88  -14  )
( -48  -101  73  )
( -82  -31  111  )
( 110  32  2  )
( 53  81  88  )
( 58  -63  141  )
( -61  -76  125  )
( 90  0  -68  )
( 88  112  -86  )
( 107  -105  28  )
( -28  30  12  )
( -51  -146  21  )
( -93  -91  -135  )
( -2  -124  -55  )
( -65  52  38  )
( -15  -105  -147  )
( -106  11  -55  )
( -5  -71  11  )
( -92  112  97  )
( -98  105  -68  )
( 11  94  -143  )
( -16  98  93  )
( 23  63  -112  )
( 93  -75  -1  )
( -55  -86  46  )
( -124  67  36  )
( 31  0  -43  )
( 60  42  125  )
( 145  -30  -54  )
( 98  -102  123  )
( 77  98  44  )
( -144  10  -1  )
( 74  87  122  )
( -98  52  -121  )
( 122  -52  73  )
( -84  140  23  )
( 96  85  -90  )
( -60  -143  51  )
( 74  141  -63  )
( -122  69  -124  )
( -122  -25  82  )
( 107  -83  -6  )
( -147  -95  -142  )
( 64  4  -91  )
( -8  -49  -116  )
( -104  -42  -128  )
( -110  93  -46  )
( -52  85  -72  )
( -5  -129  -98  )
( 82  32  -113  )
( 91  99  77  )
( 89  -47  145  )
( -8  79  66  )
( 18  -110  131  )
( 88  110  6  )
( -11  -88  66  )
( 77  100  -14  )
( 117  67  135  )
( -25  29  64  )
( -63  105  -115  )
( -136  -42  140  )
( -121  -11  -130  )
( 80  43  57  )
