( 120  90  31  )
( 61  -125  -47  )
( -52  -107  47  )
( -15  -12  67  )
( -25  20  143  )
( -47  -144  141  )
( 55  82  -2  )
( 40  146  -17  )
( 18  98  115  )
( 90  -33  -136  )
( -14  103  46  )
( -85  124  -5  )
( 102  -2  61  )
( 87  76  131  )
( -46  -2  44  )
( -14  -81  11  )
( -75  -13  17  )
( -146  128  -145  )
( 81  -38  -82  )
( -112  7  -83  )
( 134  -44  98  )
( -110  -129  -114  )
( -24  124  -130  )
( -57  -72  -82  )
( 144  40  111  )
( -96  51  35  )
( 59  129  10  )
( -40  -76  -44  )
( 125  -5  113  )
( -145  -104  -101  )
( -56  50  89  )
( -132  -123  -81  )
( 142  77  11  )
( 8  85  -112  )
( -123  -101  46  )
( -9  87  -12  )
( 13  10  53  )
( 36  -133  -77  )
( -106  2  -87  )
( -60  73  -108  )
( 124  -126  106  )
( 81  32  113  )
( -23  -146  -22  )
( -121  -127  -6  )
( -46  22  78  )
( 80  146  -53  )
( -124  35  -105  )
( -50  65  -140  )
( 145  -120  5  )
( 65  -145  140  )
( -61  -148  -26  )
( 106  58  108  )
( -146  14  -105  )
( -148  98  125  )
( 10  -60  -138  )
( 110  -148  -138  )
( -103  -67  -142  )
( -57  113  119  )
( -108  132  59  )
( 35  -131  25  )
( -7  69  -80  )
( -66  75  -27  )
( 143  67  115  )
( -41  -104  -149  )
( 108  58  -82  )
( 97  -61  -76  )
( 64  95  -92  )
( 20  59  9  )
( 19  -93  -98  )
( 75  37  64  )
( -35  23  -64  )
( -65  127  -7  )
( 46  22  138  )
( -6  -58  -35  )
( -12  -51  -5  )
( 148  -34  19  )
( 50  81  148  )
( -27  -124  113  )
( -49  -14  -88  )
( -45  102  136  )
( 135  24  34  )
( 71  -69  130  )
( 119  -87  30  )
( -81  -18  -68  )
( -34  3  -112  )
( -31  -93  25  )
( -26  140  122  )
( 145  19  29  )
( -107  -149  31  )
( -50  15  21  )
( 130  66  -102  )
( 9  83  -47  )
( 73  136  60  )
( -116  147  -96  )
( 113  95  121  )
( -114  111  56  )
( -5  62  -67  )
( -57  41  64  )
( -146  116  134  )
( -39  22  -127  )
( 65  -82  -122  )
( 84  31  122  )
( 62  99  28  )
( 41  -32  -121  )
( -26  6  -60  )
( -0  7  132  )
( 17  -119  -57  )
( -121  50  -128  )
( -19  40  94  )
( 106  117  -27  )
( 107  26  124  )
( 94  -80  12  )
( -138  57  -135  )
( 31  -97  -49  )
( 97  -75  -6  )
( 7  -143  21  )
( -8  -104  -103  )
( 38  -126  146  )
( -22  142  13  )
( 16  -35  71  )
( 87  -23  -49  )
( -125  -79  -138  )
( -16  112  -67  )
( 103  107  111  )
( 94  -130  6  )
( -143  -12  96  )
( -2  -42  -15  )
( 86  -98  90  )
( 96  45  132  )
( -1  145  -44  )
( -67  -59  95  )
( -9  11  -89  )
( 57  115  35  )
( -13  74  131  )
( 137  -53  -130  )
( -11  -35  103  )
( -120  14  134  )
( 20  13  87  )
( 72  -54  -30  )
( -59  89  -109  )
( -21  -147  81  )
( -48  -38  85  )
( -126  -67  70  )
( 106  -127  53  )
( 124  129  18  )
( -136  -37  -140  )
( 103  -11  -44  )
( 44  9  -51  )
( 100  97  -137  )
( -98  59  107  )
( 28  123  108  )
( -98  -115  -51  )
( -12  102  48  )
( 106  -74  124  )
( -15  -68  -111  )
( -132  13  -55  )
( 112  78  -128  )
( 141  127  -114  )
( 24  -37  99  )
( -65  33  22  )
( 147  8  127  )
( -9  -88  -142  )
( -100  86  -91  )
( 148  136  142  )
( 47  118  -101  )
( -67  -79  47  )
( 119  107  54  )
( -130  82  64  )
( -91  -124  -128  )
( -146  -15  95  )
( -93  -19  44  )
( -43  67  96  )
( -90  32  -33  )
( 51  -115  41  )
( 103  32  -123  )
( -49  -11  -126  )
( 113  13  -146  )
( -134  -79  -75  )
( -27  -98  65  )
( -13  59  -106  )
( 139  -45  54  )
( 23  -96  -10  )
( 107  106  -47  )
( 131  -92  -103  )
( 19  32  14  )
( -94  10  100  )
( -55  -76  27  )
( -88  48  -96  )
( -56  -39  44  )
( 71  115  100  )
( 70  110  4  )
( 43  -90  -13  )
( -0  -103  14  )
( -89  7  119  )
( -76  -120  -35  )
( -80  -91  56  )
( -105  131  95  )
( -34  3  -142  )
( 54  -67  23  )
( -19  -97  148  )
( -5  57  55  )
( -45  -33  -109  )
( 63  0  -103  )
( 7  111  -75  )
( -58  52  -135  )
( 27  95  108  )
( 20  132  -77  )
( -94  123  82  )
( 44  -117  -135  )
( -111  -119  -77  )
( 51  -32  56  )
( -69  47  49  )
( -30  -116  92  )
( -106  -131  83  )
( 120  58  61  )
( 126  61  144  )
( 3  102  -129  )
( -149  -46  -76  )
( 80  128  32  )
( 44  -99  70  )
( 6  3  -106  )
( -84  89  4  )
( -44  142  -68  )
( 10  -149  -101  )
( 109  -142  -70  )
( 69  -81  -67  )
( -35  93  -22  )
( -129  99  -20  )
( -32  93  -148  )
( -59  108  33  )
( 15  34  -93  )
( 34  2  -39  )
( 48  25  98  )
( 115  -21  -135  )
( -135  -138  -32  )
( -26  56  117  )
( 84  -17  -131  )
( 19  -71  146  )
( 27  -38  -82  )
( -135  -146  136  )
( 19  -93  45  )
( 28  -131  2  )
( -6  -120  49  )
( -117  139  45  )
( -20  -51  -29  )
( 109  -59  26  )
( -83  -75  -1  )
( 19  126  76  )
( 144  9  31  )
( -21  125  -11  )
( 106  -83  -99  )
( -113  88  -104  )
( -114  9  108  )
( 19  125  -123  )
( 109  75  -9  )
( 144  70  123  )
( 83  -50  -140  )
( -135  17  103  )
( 74  -76  -96  )
( -11  103  82  )
( -104  -135  49  )
( -128  87  -0  )
( -10  8  -116  )
( -55  -125  12  )
( -95  -137  124  )
( 145  106  42  )
( 115  17  110  )
( 60  -72  -145  )
( 89  22  148  )
( -5  -132  -6  )
( -84  -67  13  )
( -139  32  -79  )
( 14  -67  -115  )
( -21  -123  73  )
( -92  -26  -28  )
( 80  -26  -62  )
( 74  55  -121  )
( 56  91  32  )
( -92  -146  70  )
( -100  94  64  )
( 48  128  100  )
( 14  31  5  )
( 128  -143  32  )
( 90  -46  114  )
( 50  119  125  )
( 55  44  101  )
( -123  -138  -8  )
( -53  141  74  )
( 135  -112  79  )
( -121  10  103  )
( -58  -63  -61  )
( -17  -114  108  )
( -101  72  41  )
( 59  124  99  )
( -131  67  -83  )
( -18  -106  73  )
( 25  115  106  )
( -149  -132  71  )
( -120  79  -107  )
( -65  -50  43  )
( 14  3  -42  )
( -40  -47  135  )
( 64  -29  6  )
( 109  123  117  )
( -135  121  106  )
( 140  -60  114  )
( 35  41  -107  )
( -20  94  10  )
( 83  -133  -127  )
( -105  91  -140  )
( 128  -129  -82  )
( -4  120  -18  )
( 15  122  -7  )
( 32  -93  9  )
( -102  -35  -26  )
( -77  -94  -40  )
( -33  -7  -20  )
( -96  128  119  )
( 35  114  24  )
( 34  8  -57  )
( 21  10  19  )
( 143  -103  130  )
( -52  34  -116  )
( -139  -80  142  )
( -67  -3  133  )
( 85  -56  140  )
( -6  48  -26  )
( 4  -140  5  )
( 130  62  88  )
( 79  -114  -109  )
( 38  -4  -70  )
( -58  115  0  )
( -105  104  -100  )
( -7  2  -125  )
( 101  141  75  )
( -26  -134  59  )
( 74  63  50  )
( 4  -19  117  )
( 45  -122  29  )
( -11  -130  -68  )
( -143  -85  -63  )
( -53  18  -95  )
( 105  -45  -0  )
( 125  -5  35  )
( -24  -3  -54  )
( 32  38  141  )
( 62  -115  -111  )
( 80  -87  9  )
( 20  46  -108  )
( 100  99  -135  )
( -126  -56  43  )
( -53  20  -51  )
( -53  -21  -110  )
( -84  -135  -56  )
( 120  136  -73  )
( 34  -9  87  )
( -102  3  -46  )
( 13  -135  22  )
( 28  20  82  )
( -42  -79  127  )
( 82  -99  7  )
( -147  -124  92  )
( -89  -11  -42  )
( 92  -62  80  )
( 17  77  -7  )
( 29  -92  -39  )
( 101  -61  -86  )
( -83  5  78  )
( 120  110  -33  )
( -79  141  81  )
( -62  -49  144  )
( -48  40  23  )
( 146  107  105  )
( 73  97  -141  )
( -96  34  -44  )
( -107  67  53  )
( -97  31  59  )
( 37  -40  29  )
( 6  34  123  )
( 93  -129  91  )
( -116  1  90  )
( -131  47  84  )
( 94  -25  -66  )
( -2  143  73  )
( -147  80  -140  )
( 25  120  135  )
( -9  121  55  )
( -86  62  -140  )
( -118  72  63  )
( 17  -141  -104  )
( 89  135  -122  )
( -29  -141  -84  )
( -11  55  -50  )
( 120  97  -129  )
( -92  85  63  )
( 105  -15  37  )
( -4  60  -36  )
( 5  7  76  )
( -28  -47  132  )
( -16  63  4  )
( -116  -113  -140  )
( -82  81  109  )
( 147  28  -131  )
( 18  46  118  )
( -47  87  -28  )
( 126  18  -94  )
( -124  -3  113  )
( 51  109  -67  )
( 132  -115  81  )
( 139  -108  -143  )
( -138  137  -136  )
( -93  91  33  )
( -71  73  -110  )
( 138  9  -111  )
( -75  -69  -11  )
( 97  22  -117  )
( 54  130  132  )
( 47  116  -87  )
( 93  111  -124  )
( 56  -90  -57  )
( 13  89  -92  )
( -18  119  -13  )
( -125  -14  -13  )
( -138  1  25  )
( 68  -40  -66  )
( 22  -30  -48  )
( 19  -71  120  )
( -94  106  -125  )
( -106  146  27  )
( 127  56  34  )
( 18  75  90  )
( 89  -45  2  )
( -16  35  99  )
( 31  103  -108  )
( -125  57  1  )
( 90  25  -78  )
( -18  39  24  )
( -122  16  -57  )
( -19  -115  86  )
( -63  102  124  )
( -104  -141  -125  )
( -32  75  -80  )
( -66  -118  -59  )
( -133  132  76  )
( 116  4  -126  )
( -46  58  76  )
( -140  -44  -82  )
( -86  -0  147  )
( -85  62  12  )
( -100  -93  62  )
