( 142  -89  -35  )
( 51  22  66  )
( 93  112  -134  )
( 147  -70  -123  )
( 107  -89  -86  )
( -50  -125  -101  )
( -30  128  -52  )
( 120  -32  95  )
( -70  119  -35  )
( 54  -100  -141  )
( 60  -64  -149  )
( 109  -73  -77  )
( 137  -28  1  )
( -86  98  -119  )
( 141  -118  -40  )
( -138  -91  2  )
( -101  -103  -87  )
( 104  -88  -34  )
( 36  101  -7  )
( 2  -24  138  )
( 56  -123  65  )
( 26  115  -77  )
( 37  -51  83  )
( 44  144  138  )
( 136  25  -43  )
( -66  17  23  )
( -77  -49  -112  )
( 75  38  25  )
( 28  -98  -15  )
( 29  36  75  )
( 67  -28  0  )
( -143  -12  60  )
( 40  22  126  )
( -31  78  128  )
( -95  113  -60  )
( 23  -100  15  )
( -24  -36  40  )
( 38  26  -112  )
( 137  8  46  )
( 43  149  134  )
( -48  -44  4  )
( 138  110  -91  )
( -42  11  18  )
( 26  -64  -67  )
( 103  80  -59  )
( 67  84  -46  )
( 149  78  106  )
( 45  -112  121  )
( 48  129  117  )
( 64  -84  114  )
( 61  19  11  )
( -79  -54  -95  )
( 147  -40  -66  )
( 120  -65  66  )
( 147  -100  -115  )
( -7  -40  -125  )
( -95  124  112  )
( -148  82  -38  )
( 52  87  -31  )
( 114  -122  -134  )
( 78  -46  -23  )
( -62  69  -139  )
( -107  -87  -137  )
( -135  -114  120  )
( -109  139  -20  )
( 125  -16  -71  )
( 116  4  138  )
( 126  -30  110  )
( -13  -29  -127  )
( -64  45  -37  )
( 18  -8  49  )
( -80  128  -86  )
( -137  65  -0  )
( 78  34  83  )
( -10  91  -36  )
( -81  -98  41  )
( -122  -149  107  )
( -25  124  -121  )
( 105  -94  -111  )
( 2  9  5  )
( 3  91  -50  )
( -85  94  38  )
( 21  -88  93  )
( 2  101  87  )
( 133  -83  -111  )
( 44  121  -132  )
( 49  94  -7  )
( -116  -128  -97  )
( -86  4  64  )
( -110  5  -141  )
( 106  80  -103  )
( 127  -34  14  )
( 11  -120  -19  )
( 8  144  -52  )
( 115  -33  116  )
( 111  -122  -26  )
( -142  146  -119  )
( 54  -97  -68  )
( 84  -85  27  )
( 54  -28  -6  )
( -44  -74  87  )
( 140  70  -143  )
( 94  137  -39  )
( -102  62  -137  )
( 61  -3  78  )
( -132  30  -77  )
( -13  -58  -41  )
( -51  -110  93  )
( -134  98  61  )
( 135  -70  148  )
( -142  68  60  )
( 61  129  -50  )
( -132  -0  39  )
( -101  -32  -21  )
( -82  -102  10  )
( 113  66  51  )
( -32  87  -61  )
( 132  147  54  )
( 50  -19  -85  )
( 44  73  95  )
( -127  52  149  )
( -129  54  -12  )
( 69  -119  -22  )
( -41  143  -135  )
( -13  143  -142  )
( 46  -128  -115  )
( -84  39  -102  )
( 34  -128  -103  )
( 49  125  -7  )
( 101  87  -33  )
( -18  7  -28  )
( 97  -148  -135  )
( -140  -90  11  )
( -149  38  29  )
( 53  -56  -84  )
( -85  128  -54  )
( -127  94  -148  )
( 46  65  25  )
( 106  -8  -34  )
( -46  -44  140  )
( -2  58  101  )
( 23  10  -90  )
( -80  74  -118  )
( 42  133  -39  )
( 143  31  -8  )
( 130  20  -59  )
( -133  -66  -138  )
( -62  -69  83  )
( -104  87  55  )
( 49  -129  76  )
( 100  -114  -55  )
( -23  -82  61  )
( -71  -67  -52  )
( 94  -134  46  )
( 59  10  145  )
( 83  -53  -3  )
( 105  -35  142  )
( 42  89  -39  )
( 122  -109  -144  )
( -47  -32  -98  )
( 107  -71  92  )
( 42  -33  -132  )
( 118  115  107  )
( -110  11  65  )
( 100  -4  -69  )
( 109  -98  -131  )
( -134  69  64  )
( -113  -43  49  )
( -114  111  60  )
( -77  -41  -118  )
( -59  -64  87  )
( 135  74  77  )
( -145  -53  135  )
( -125  31  137  )
( -107  -12  23  )
( 21  -141  -142  )
( 102  109  -119  )
( 89  101  -55  )
( -112  67  -37  )
( -65  125  -26  )
( 87  -88  -36  )
( -72  101  127  )
( 103  64  -116  )
( 78  -119  82  )
( 60  -58  -50  )
( 63  -114  48  )
( -36  9  15  )
( 81  -39  -118  )
( -107  71  -16  )
( 122  35  34  )
( -141  3  -4  )
( 87  67  143  )
( -83  -113  118  )
( 22  107  -104  )
( 19  -130  -16  )
( -84  70  -120  )
( -1  117  -8  )
( -50  118  -37  )
( 97  -133  -114  )
( -143  53  -50  )
( 112  67  -149  )
( -116  120  -52  )
( 51  -1  143  )
( 36  78  145  )
( 103  -47  -148  )
( -138  113  116  )
( 146  -129  144  )
( 142  -38  18  )
( 25  -102  -140  )
( -16  66  131  )
( -141  137  149  )
( -110  -81  53  )
( 101  85  59  )
( 77  -116  108  )
( -31  46  -43  )
( 21  97  -128  )
( -145  -89  -114  )
( -52  48  -87  )
( 132  4  -13  )
( -135  -96  -38  )
( -130  52  -44  )
( -21  -125  -147  )
( -106  -147  -54  )
( 93  100  -135  )
( -124  117  86  )
( -80  71  -66  )
( -19  -39  -90  )
( 59  85  1  )
( 51  131  79  )
( 99  145  -97  )
( 61  -15  -104  )
( -51  -38  -36  )
( 50  -18  -133  )
( -11  73  -112  )
( -55  70  -74  )
( -46  117  113  )
( 130  -126  -2  )
( -120  -77  -45  )
( 87  67  -49  )
( 2  80  -109  )
( 56  7  -75  )
( -64  -112  56  )
( -147  78  16  )
( -54  -129  88  )
( 125  -2  103  )
( -31  81  114  )
( 13  142  94  )
( -86  130  -113  )
( -19  -48  85  )
( 56  21  99  )
( -112  -75  50  )
( 88  53  109  )
( 81  -131  29  )
( 140  127  119  )
( 119  75  -97  )
( 51  109  83  )
( -44  -90  6  )
( 61  19  123  )
( 3  -25  24  )
( 124  49  20  )
( -57  -145  -8  )
( -47  97  140  )
( -103  -2  -27  )
( -148  -48  6  )
( -25  74  -146  )
( 1  -84  29  )
( 92  25  -48  )
( 146  12  -135  )
( 5  50  -47  )
( -34  -58  -131  )
( 64  -48  -111  )
( 112  131  87  )
( 0  126  84  )
( -113  5  32  )
( -147  -65  12  )
( 1  103  -20  )
( 132  144  99  )
( 79  -109  -83  )
( 8  -39  110  )
( 55  109  -112  )
( 134  49  -111  )
( -122  -126  -30  )
( 37  10  85  )
( -87  -14  12  )
( -43  129  -143  )
( -136  -114  61  )
( 38  44  -107  )
( -15  105  122  )
( -46  -20  -32  )
( -78  -109  95  )
( -65  -82  -105  )
( -37  -29  -60  )
( 27  69  8  )
( 86  -117  85  )
( -94  -18  -45  )
( -40  -98  67  )
( 43  53  -49  )
( -92  139  135  )
( 58  -52  -53  )
( -125  18  33  )
( 125  -87  149  )
( -32  -48  -107  )
( 127  13  103  )
( 109  -107  104  )
( 127  -63  41  )
( -21  -2  76  )
( 135  3  38  )
( -134  -98  -13  )
( 84  27  131  )
( -49  120  -125  )
( -45  -113  -73  )
( 52  -132  -140  )
( -120  -74  128  )
( -130  -116  40  )
( 47  94  -52  )
( -111  -65  -131  )
( -47  84  121  )
( -3  41  -65  )
( 109  87  -82  )
( -44  120  -97  )
( 149  52  -79  )
( -56  -81  -3  )
( -105  30  -29  )
( 102  -89  124  )
( 133  -130  2  )
( -138  -10  71  )
( -120  -8  114  )
( -0  -133  51  )
( 119  -35  74  )
( 81  -13  -116  )
( -56  53  -8  )
( -128  -58  -131  )
( -82  -102  -84  )
( 85  -26  -126  )
( 76  -6  -84  )
( -45  -100  -57  )
( 12  97  126  )
( 132  38  -121  )
( -33  125  -8  )
( 17  15  77  )
( -83  65  -0  )
( -136  54  -95  )
( -135  63  -139  )
( -8  57  90  )
( -80  -119  121  )
( -72  16  142  )
( 93  -74  109  )
( 134  42  60  )
( -38  -5  87  )
( 64  -97  -72  )
( -107  82  89  )
( -3  -13  -111  )
( -144  -110  86  )
( -13  -52  -84  )
( 29  143  12  )
( 68  103  -105  )
( 117  107  51  )
( -83  34  109  )
( 134  -147  124  )
( -137  128  91  )
( -146  -5  -92  )
( 147  -36  51  )
( 125  -91  -66  )
( -123  -25  46  )
( 89  -33  136  )
( -14  136  -84  )
( -127  86  -69  )
( 52  46  -100  )
( -40  -42  143  )
( 87  119  145  )
( -118  -122  134  )
( 2  -130  -68  )
( 45  -0  -21  )
( 67  0  50  )
( 59  -11  -61  )
( -113  6  -148  )
( -95  -51  128  )
( -114  -132  50  )
( 71  -69  -109  )
( 68  -120  18  )
( 117  113  44  )
( 29  83  -133  )
( -11  53  57  )
( 58  -16  -107  )
( -100  -44  -120  )
( -125  -0  102  )
( -14  141  82  )
( -18  -117  -76  )
( -148  -136  -49  )
( 74  -9  134  )
( -16  43  136  )
( -51  -45  -16  )
( -124  -72  -46  )
( 90  24  -38  )
( -61  -55  143  )
( 120  -117  -49  )
( 119  104  13  )
( 35  -137  -124  )
( 101  -148  -45  )
( 125  -54  91  )
( -89  -18  55  )
( 138  104  -132  )
( -61  -2  -45  )
( -81  20  -5  )
( 67  -46  28  )
( -135  -44  -139  )
( -10  25  -24  )
( -42  48  91  )
( -136  -71  -119  )
( -72  96  -116  )
( 121  -139  136  )
( 61  123  -108  )
( -97  -98  17  )
( 15  114  -136  )
( 42  -57  23  )
( -116  83  90  )
( 19  -69  126  )
( 4  83  22  )
( -98  11  -4  )
( -9  84  113  )
( -107  52  63  )
( -39  103  58  )
( -28  84  -95  )
( 67  -68  -44  )
( 87  -76  -111  )
( -34  54  55  )
( 4  61  11  )
( 53  121  141  )
( 69  -129  32  )
( -118  12  93  )
( -147  120  128  )
( 89  -128  -55  )
( -6  -101  -81  )
( 32  -141  -37  )
( 72  -28  140  )
( 41  126  -104  )
( 127  62  144  )
( 139  -103  -137  )
( -57  -128  -8  )
( -35  -83  98  )
( 71  -111  139  )
( -5  47  125  )
( -114  -35  24  )
( -6  74  -40  )
( 61  125  -15  )
( -118  -53  31  )
( 35  75  99  )
( 134  53  -114  )
( 11  33  43  )
( 0  50  -147  )
