-13 64 9 
75 -73 -36 
-27 -85 68 
-92 90 42 
63 -2 -76 
-64 20 -35 
44 89 -94 
5 -42 -92 
88 -8 -76 
-44 43 -58 
-69 -5 -95 
32 -43 -5 
-58 -71 -39 
-32 -74 61 
39 -8 62 
39 -13 -6 
-60 41 -71 
-23 57 7 
68 -18 -91 
-77 27 86 
11 -97 -48 
67 29 35 
6 -11 40 
-38 37 36 
21 -16 -47 
-62 -72 49 
69 -82 61 
-55 -13 19 
-79 -97 -90 
-76 24 88 
41 -62 31 
-21 -20 64 
69 -71 22 
-26 -46 23 
-19 -38 -83 
-10 37 -90 
27 -4 98 
92 -3 -31 
53 63 99 
-77 53 89 
52 -48 -89 
-31 87 -81 
-68 -67 66 
15 25 -91 
-72 -9 -25 
69 -5 13 
-15 -63 25 
31 30 -80 
97 -58 -36 
18 -74 45 
77 -27 21 
8 44 -95 
-37 86 -2 
85 -21 -77 
-38 2 -92 
24 14 -28 
88 85 17 
-39 58 55 
-27 87 -63 
-29 -55 8 
-14 47 2 
5 -82 -86 
-75 -46 82 
58 -80 99 
35 -11 -27 
56 57 -87 
78 68 37 
-22 6 21 
7 -13 23 
-54 -62 23 
52 -60 -9 
5 53 -41 
25 58 -42 
95 22 -74 
57 39 14 
-42 9 37 
89 -87 -37 
-64 -67 -89 
-5 60 -40 
-3 -67 -4 
-18 3 -40 
12 22 50 
9 18 24 
30 -56 58 
42 -81 13 
25 65 51 
43 -33 6 
-12 -40 -51 
84 -20 55 
-55 41 58 
21 32 -95 
33 -40 60 
-55 33 57 
3 41 79 
-80 48 23 
19 -34 -66 
-61 87 -8 
-22 95 -79 
7 -58 71 
-53 59 -15 
-1 -87 11 
-4 -89 -37 
9 75 -94 
92 -16 -88 
91 -10 2 
54 45 14 
59 -5 -3 
-23 46 24 
15 27 10 
-2 -48 -36 
26 -62 -1 
80 -15 62 
95 -19 -13 
-100 -20 2 
70 74 -53 
16 -87 53 
-30 -21 -64 
-16 3 86 
74 3 78 
-31 93 -41 
-14 -66 51 
9 73 21 
24 -77 -1 
-19 31 83 
25 96 -8 
20 33 -71 
11 -63 -68 
-99 63 -50 
-25 29 -78 
46 -56 -49 
8 -62 15 
73 93 38 
-15 -57 -92 
-80 44 -18 
42 -25 -59 
-33 -40 -30 
-6 -86 -50 
-2 -79 -63 
-1 83 -20 
-1 9 -84 
69 -26 -23 
85 25 -80 
-27 6 56 
77 -81 -18 
6 -37 -4 
36 -6 84 
28 29 -59 
-85 -62 37 
6 -36 -8 
28 -25 -33 
70 -21 5 
65 -69 -45 
9 60 -58 
-93 30 -54 
-40 -11 -64 
81 14 -7 
67 84 19 
-50 -15 -91 
-65 -94 -47 
16 58 -75 
54 -69 -34 
92 57 82 
-64 -100 52 
69 71 80 
-42 30 -4 
87 31 -11 
4 37 40 
48 36 35 
17 -68 -73 
-3 64 -92 
-9 28 67 
40 -93 87 
-37 -78 -74 
-83 -75 40 
-85 -44 26 
37 80 -73 
45 -43 -55 
88 73 -55 
-5 61 50 
-55 -28 29 
15 31 68 
42 -23 13 
21 70 91 
-17 83 -56 
80 -60 -40 
-53 -42 -27 
-13 -47 74 
-83 -10 -87 
-36 52 64 
63 88 -81 
-96 17 -29 
-61 -6 -32 
33 -40 27 
-9 -36 -97 
9 50 15 
29 61 -82 
-3 -95 88 
37 -43 100 
14 9 -65 
-93 86 6 
49 -90 -71 
-48 79 10 
58 18 81 
-15 71 30 
-80 -67 -23 
-43 98 10 
-71 -45 84 
67 38 -52 
53 21 25 
56 78 85 
62 99 -54 
-55 59 58 
-55 -40 30 
-66 -10 1 
-80 -92 -84 
-28 6 8 
83 -9 38 
-44 -25 7 
-27 -67 24 
32 94 -66 
87 -64 9 
-35 -11 -100 
84 31 -52 
-84 -96 82 
7 -68 53 
-40 14 54 
82 -1 75 
-78 77 2 
19 -32 82 
56 -65 40 
56 15 -97 
91 -86 8 
80 -45 -76 
-61 92 84 
-94 -77 49 
-29 -95 23 
-19 -74 5 
-28 -91 -86 
-21 -54 -29 
-78 18 12 
-12 -52 7 
-97 33 77 
21 -79 68 
-72 28 -95 
24 -57 -36 
-32 47 4 
37 52 -89 
46 5 -20 
-48 67 45 
-42 40 20 
16 -38 19 
37 66 47 
-10 -77 -5 
12 -30 22 
-6 60 13 
44 37 -94 
73 57 -72 
74 -22 62 
13 85 -19 
90 -36 -41 
-86 66 29 
18 1 -50 
5 60 1 
-30 -42 86 
-57 -68 -81 
-95 -7 -38 
64 -94 -27 
-82 -81 10 
93 -30 84 
41 -88 -68 
-60 80 -38 
-34 49 92 
-43 -44 18 
-60 33 -71 
-83 38 -60 
11 -38 6 
-31 -88 -30 
53 -58 -39 
97 -98 -19 
-69 6 -78 
-50 12 -58 
66 44 -81 
-33 86 -21 
91 54 9 
2 39 -76 
80 72 -66 
-11 68 -19 
83 -47 -28 
27 -3 -10 
-54 -26 -2 
-86 53 81 
67 -36 48 
-54 65 39 
66 -56 55 
-8 -16 -26 
-5 60 -78 
84 -15 -41 
-86 -54 -44 
60 6 22 
79 -4 64 
-70 4 87 
79 9 18 
94 -87 40 
61 -75 -52 
-13 -59 28 
-21 -53 81 
-19 87 29 
-33 -99 39 
-7 81 -91 
20 -96 -82 
-89 -33 24 
89 79 -11 
-53 32 75 
-76 43 -61 
-22 82 -91 
-24 29 59 
44 -15 -61 
-82 -18 -31 
-39 22 -19 
-81 -79 -6 
-38 13 -4 
87 -70 19 
55 34 -35 
61 78 25 
-88 68 -83 
11 -52 45 
13 -53 10 
98 -36 -51 
-68 -50 -37 
97 38 -93 
-28 -12 -29 
-68 -22 43 
4 -11 61 
-28 -87 66 
62 4 -52 
47 35 60 
-20 69 -91 
-21 42 -17 
-84 -99 8 
43 9 26 
34 -53 80 
66 -9 -49 
86 19 -68 
-88 -67 13 
19 -86 69 
56 -3 96 
29 17 -14 
-37 73 15 
16 -82 35 
34 53 -16 
