-94 14 -56 
-31 -69 -44 
93 3 27 
-32 -20 -75 
-53 40 17 
-39 12 40 
-19 -20 78 
23 -99 -54 
-88 -46 38 
-36 -4 -7 
-16 -73 47 
-11 86 -39 
-12 -51 -98 
79 2 -25 
-39 -8 -47 
25 -59 -81 
-4 78 57 
-18 68 13 
-50 11 54 
12 95 29 
-31 81 -14 
-37 80 -56 
-51 33 -25 
84 59 70 
-27 29 9 
16 -81 73 
-10 26 62 
-3 -33 60 
80 62 94 
86 -28 25 
89 -32 3 
54 87 48 
24 2 29 
34 -29 -44 
-44 -64 -17 
42 -96 15 
54 85 -52 
-29 -5 87 
-52 -80 -68 
33 30 52 
28 72 99 
-17 -21 66 
-39 -82 54 
-11 98 53 
84 -42 9 
-32 66 37 
83 53 73 
-78 -37 -79 
-56 -53 -76 
-50 -72 13 
68 85 14 
-65 -71 -53 
6 -34 2 
47 -16 -14 
9 72 68 
-25 -93 -41 
-96 55 10 
13 74 -7 
78 -4 -24 
-36 -8 23 
52 -32 38 
-22 -91 -50 
-36 77 53 
-12 -19 27 
19 93 -63 
26 31 15 
3 25 -22 
81 -40 61 
-36 50 53 
40 -97 -42 
-9 80 -65 
-74 -87 -18 
96 36 12 
100 17 50 
-65 47 -75 
-86 -95 -1 
37 35 53 
-58 77 -32 
-69 74 -81 
61 -69 66 
36 -26 76 
-98 31 30 
1 -68 89 
6 -46 66 
30 -54 -69 
46 23 49 
-74 -5 -31 
-69 44 -54 
18 -89 -10 
84 73 -21 
43 -5 -82 
10 49 28 
4 -57 100 
-55 -56 -13 
-11 88 -69 
-81 63 -64 
-52 71 -39 
57 49 -1 
51 18 88 
38 -10 -21 
-36 77 75 
9 72 2 
-13 -60 -2 
36 14 -95 
68 -84 74 
90 44 -61 
-21 -98 26 
8 -97 25 
28 5 -56 
-48 -21 15 
-6 -82 -8 
8 -4 12 
-17 -40 -68 
-91 66 80 
48 49 72 
-25 -97 -1 
87 3 -83 
-8 79 13 
74 -19 11 
31 -68 -16 
77 9 -24 
-9 78 -91 
-33 97 -79 
79 -59 -48 
-8 -34 -46 
35 -68 58 
66 79 -54 
-99 -42 93 
-6 7 -22 
-90 -5 -16 
36 -54 -6 
63 -2 42 
1 -3 -2 
-63 -82 -93 
6 -2 66 
26 17 -93 
11 -55 3 
35 -100 21 
81 -67 -50 
-9 18 6 
-56 46 -33 
-39 42 32 
75 -35 13 
-1 59 21 
25 -59 1 
24 -85 -30 
16 12 43 
-70 -16 4 
18 21 -24 
-26 -22 77 
-24 81 -20 
-80 41 -22 
22 -89 -35 
-99 -8 3 
9 -86 -90 
-71 69 62 
92 -8 -10 
-61 80 -88 
-79 -7 -12 
-38 -40 91 
29 3 -23 
-68 75 47 
56 -100 92 
-44 87 10 
47 -26 -89 
-23 98 -67 
8 -5 68 
-13 27 -52 
-39 -98 74 
-70 -91 -11 
-56 4 -63 
-73 -6 54 
50 86 32 
-17 -52 8 
62 60 67 
-71 -41 -43 
33 9 -79 
63 7 -68 
95 -86 61 
89 -11 -3 
-72 -9 19 
86 16 72 
-30 -33 52 
-38 100 35 
38 60 -6 
91 9 33 
40 -49 82 
-40 41 -25 
5 82 -92 
-72 63 -12 
-95 -45 -69 
7 -99 -78 
41 -26 12 
-1 74 -6 
47 34 -26 
23 59 67 
71 -23 66 
-94 -30 45 
100 -56 1 
49 -31 44 
89 -1 -81 
-43 -23 -34 
68 -30 82 
97 7 -70 
-35 -94 -38 
-68 -8 -96 
75 68 -34 
-42 5 36 
100 -45 -1 
71 20 -38 
92 94 -83 
96 77 -10 
100 -57 -12 
-41 31 57 
71 -20 5 
28 23 -13 
19 -88 -89 
68 91 96 
51 -73 -60 
-1 25 -26 
-72 -79 53 
-15 74 -21 
9 -88 -37 
-38 -92 -11 
82 -28 7 
26 73 84 
-89 -30 43 
-60 -7 -93 
-54 -1 45 
-7 -39 41 
64 -73 30 
-53 -35 52 
38 -17 -6 
-43 26 7 
34 53 -19 
3 66 70 
-61 29 12 
77 -20 87 
25 -20 -86 
84 -33 -9 
44 -64 32 
-54 12 -58 
4 81 -78 
-36 14 21 
-24 -98 11 
-34 -48 86 
39 75 -54 
32 47 -18 
-26 20 45 
-7 -16 80 
-76 -29 97 
11 -45 -3 
81 -69 -99 
78 33 42 
-97 -91 42 
-14 61 59 
-82 1 -44 
8 46 -4 
1 6 3 
24 -44 -69 
-39 -16 -23 
-11 31 -9 
65 89 -6 
69 31 -25 
44 57 -31 
8 56 76 
-48 -51 -91 
98 -67 23 
-20 -1 -96 
61 -31 47 
-61 -36 -99 
87 96 -34 
91 85 -28 
40 -93 1 
-20 -90 14 
98 -99 45 
83 -27 75 
-34 30 -94 
-75 73 -8 
63 9 -47 
-62 -93 -79 
-68 83 99 
-26 97 -2 
88 23 67 
20 2 -76 
-64 -18 -29 
-73 -55 -86 
-72 26 1 
-61 -51 -16 
-13 -18 -15 
20 -69 -27 
-12 -56 87 
96 58 45 
54 -77 59 
-1 66 -16 
10 -98 42 
-16 -54 -96 
-65 -56 -47 
21 50 70 
-67 -58 -30 
56 -46 42 
27 -89 -76 
2 -11 -41 
3 88 34 
-96 -84 -99 
-75 90 5 
-30 -3 -24 
44 -23 -83 
14 -58 -17 
-14 -57 -97 
-21 -60 -44 
86 -72 -46 
60 36 -23 
2 -33 -3 
49 68 -83 
13 -91 31 
20 39 -43 
-43 11 33 
51 -64 87 
-87 46 -53 
37 -98 19 
60 -62 77 
52 61 62 
-66 32 -76 
24 -26 -31 
-44 31 25 
84 53 -60 
61 -26 16 
-4 3 47 
27 -14 -83 
-25 -45 38 
-22 -57 -23 
-67 30 -8 
72 -5 52 
16 -44 10 
87 16 35 
-21 75 -76 
60 54 -58 
-76 67 99 
-2 10 -81 
-44 -1 5 
-5 52 11 
-47 13 -41 
-8 -33 -97 
-39 -40 -30 
-44 56 -32 
-61 -49 -62 
-3 -47 29 
-10 79 -61 
74 -1 65 
