-24 23 28 
-87 -93 -69 
80 36 88 
20 -100 11 
-35 98 -45 
89 38 -24 
20 -69 78 
-10 -19 -69 
98 -32 90 
-98 -24 47 
99 -85 -50 
-33 68 60 
67 98 -81 
-94 -80 32 
-55 -57 -29 
-61 -91 36 
81 71 -20 
-78 -4 12 
-71 39 -10 
37 -36 99 
-13 7 -3 
-24 -12 -29 
-64 69 -93 
87 63 14 
-20 -35 -84 
-24 36 -54 
65 42 4 
80 -35 -34 
16 -47 -4 
36 -32 -33 
21 -28 51 
18 69 -50 
85 -62 -32 
100 52 30 
-83 21 -17 
-87 44 -76 
-77 1 -94 
-72 64 80 
14 2 -35 
-58 76 -18 
-26 63 60 
75 -7 57 
67 -10 -83 
-53 30 -3 
-83 21 9 
-1 95 -64 
96 4 -85 
67 -4 -62 
31 98 -44 
-75 -50 -81 
-21 80 -95 
-38 -63 -95 
-2 48 10 
7 18 -17 
84 -9 -7 
-33 74 -47 
-46 -11 91 
-18 15 -51 
-89 -80 -74 
8 -5 40 
38 -80 77 
46 37 90 
-43 -41 46 
77 -67 20 
-70 -51 -53 
-83 55 22 
34 95 17 
38 -69 93 
-3 -26 43 
-24 81 -27 
7 5 -27 
-5 39 71 
30 -78 29 
22 19 -60 
-40 -27 -84 
34 -60 55 
-92 74 -78 
56 83 -100 
82 -85 -94 
-45 -17 -21 
-51 28 -25 
-90 4 37 
58 -38 89 
10 -66 80 
-27 -50 7 
-81 42 -7 
6 -75 -20 
-28 -93 18 
14 -1 -94 
-20 87 91 
34 85 1 
-58 97 -68 
67 34 -62 
-89 3 -87 
-66 36 100 
-15 -22 -8 
-37 80 4 
98 -60 67 
96 61 80 
24 -26 -6 
32 75 -83 
-6 -12 -84 
-2 -82 27 
19 37 -29 
-88 24 53 
-64 -63 70 
-10 54 12 
66 -4 -55 
43 -88 60 
-40 -94 -84 
-2 -9 -47 
-88 72 -49 
82 -98 7 
-46 2 -4 
49 -6 -70 
-41 -53 -9 
39 -69 9 
-12 -5 -55 
81 -36 -29 
-64 95 -97 
-21 2 -98 
66 -35 -23 
-38 -100 21 
3 26 -35 
-10 -40 -58 
-96 67 22 
-20 -9 -17 
-68 -42 -56 
91 -34 -24 
-100 1 -90 
1 75 -65 
-80 -61 6 
-32 -27 94 
16 -88 -4 
-93 -83 -45 
76 39 14 
8 82 -92 
4 -6 -25 
-34 46 38 
-72 -23 -99 
29 80 -48 
-5 -95 -54 
20 -38 -79 
8 7 34 
-90 -23 -74 
-43 22 80 
46 -99 -87 
-10 70 54 
-2 10 57 
-43 54 -81 
37 -95 63 
-6 -45 21 
89 15 2 
-8 -28 46 
82 39 69 
-21 41 7 
9 -71 13 
-58 -57 -31 
65 97 99 
67 51 -9 
75 22 7 
82 -67 -85 
88 -55 23 
12 2 72 
-15 -65 44 
23 -37 94 
70 -67 34 
64 -14 24 
-24 -61 58 
64 32 71 
-100 82 -41 
39 83 -56 
-66 -62 97 
13 79 48 
-25 -77 51 
34 9 22 
78 -18 -90 
-20 -57 2 
-2 -9 87 
-90 -49 -28 
-66 35 -51 
74 28 -33 
-88 72 -69 
41 25 -6 
1 9 45 
-4 -42 38 
7 93 6 
-58 99 -15 
91 -15 3 
-55 62 66 
98 41 73 
92 -85 43 
62 28 -49 
91 -42 54 
87 93 8 
-91 -52 37 
54 86 59 
-98 -80 7 
45 -16 94 
2 -13 1 
-18 -85 24 
-11 -7 -22 
51 70 -71 
-40 -24 -45 
43 24 -56 
-73 92 58 
85 52 -6 
96 43 -79 
93 -98 34 
85 13 -30 
59 73 22 
-40 6 100 
-48 -13 -41 
39 -84 -27 
-39 16 40 
88 -36 27 
68 37 86 
-6 86 88 
-60 41 -50 
47 15 -30 
-81 -84 50 
61 -53 -43 
99 -62 -40 
10 85 -54 
27 15 86 
24 -6 -86 
98 -17 46 
13 55 -87 
42 80 -27 
-10 -4 96 
-79 -10 -76 
-6 -53 36 
-72 -80 -57 
-12 58 11 
34 -22 2 
-60 -85 84 
59 -89 62 
-88 -100 27 
44 -4 16 
-66 60 86 
-32 80 -12 
97 -81 9 
45 -89 1 
-63 -59 10 
-91 41 -11 
97 83 -93 
28 -72 12 
28 53 54 
37 93 51 
9 -71 16 
44 10 -77 
-71 96 -81 
-95 -39 60 
-64 -56 -52 
-45 -20 36 
98 -36 50 
-29 61 -51 
-20 -7 45 
56 -17 74 
44 -12 22 
100 21 -23 
-16 18 5 
-77 60 -38 
-6 -61 88 
52 44 -98 
-33 14 97 
-55 42 24 
86 -84 -92 
-81 -48 -100 
-55 -25 -26 
-89 -90 -4 
-64 56 58 
-30 -23 7 
-99 -20 17 
43 22 -7 
36 -42 82 
-77 -38 18 
-84 -28 -8 
-34 28 -78 
-64 -99 -18 
-71 78 26 
3 6 -71 
-56 46 68 
-1 -59 -89 
-15 24 100 
4 -51 -45 
-3 54 -97 
94 27 47 
79 41 -51 
-35 96 -94 
37 61 26 
21 -11 42 
-4 10 -85 
3 -73 79 
29 -7 34 
-100 52 31 
-19 -10 3 
-86 -15 -82 
-80 46 36 
-3 82 55 
62 57 27 
-59 2 96 
94 36 -61 
98 -76 -28 
-70 41 51 
36 32 -46 
53 -98 64 
-53 -54 -45 
-48 -11 23 
65 15 47 
-35 -84 53 
61 -41 38 
-35 -19 -23 
-8 -29 -93 
34 50 -63 
69 -24 73 
6 -23 -92 
-92 61 25 
-82 -69 -26 
-44 56 -21 
13 23 -4 
-30 -38 -7 
59 -9 -54 
-22 -41 5 
-77 -23 96 
29 -82 91 
23 79 5 
90 100 70 
10 4 -89 
-76 7 39 
-15 -61 75 
55 -65 56 
15 52 -4 
94 12 -64 
-28 31 87 
26 77 -25 
-1 7 64 
100 -54 71 
-7 -3 60 
3 -11 35 
18 24 -76 
-7 5 -2 
82 -36 7 
4 40 -8 
-31 33 14 
84 -16 -66 
92 93 -88 
-66 71 -22 
-9 50 -92 
9 -73 -35 
