-50 -76 -74 
55 34 -62 
61 -94 18 
-7 -96 -20 
80 3 -78 
-17 -87 95 
-4 -83 94 
83 88 -9 
27 50 -22 
17 -81 5 
-14 -87 72 
95 -2 9 
16 76 -73 
1 85 -56 
18 -66 39 
79 95 94 
-56 57 3 
-83 -48 -82 
-89 97 57 
-14 5 -13 
-74 -47 65 
70 -78 56 
-27 -61 59 
65 -38 -86 
90 33 -83 
-74 -53 -46 
-31 51 -4 
46 -93 -12 
-8 19 48 
-31 -79 45 
67 6 -3 
-94 10 -95 
-92 83 76 
16 -74 -19 
92 30 97 
1 -57 -26 
97 63 50 
89 49 -46 
-6 46 -81 
-23 42 1 
-93 -24 36 
9 89 -1 
-77 -91 14 
31 -44 51 
-34 50 -22 
72 -15 -16 
-32 63 28 
-21 -8 -33 
-86 97 72 
-16 -94 -7 
-10 23 -7 
-7 -40 87 
-3 -84 -42 
-75 -65 -26 
-95 -12 99 
-11 74 88 
57 -26 80 
29 19 13 
68 47 -50 
-52 13 6 
-95 -8 -56 
23 48 10 
95 8 46 
34 -39 77 
54 -49 -34 
23 -21 -19 
-71 -39 43 
16 -3 -15 
-35 -55 26 
57 -36 -16 
-17 -46 14 
39 -89 31 
-49 -28 -17 
85 31 -53 
3 38 -83 
-47 20 -74 
55 40 -12 
-53 -83 -39 
-86 -44 38 
-93 -32 87 
62 -28 20 
-8 -70 9 
94 97 -90 
-32 21 11 
34 -77 -40 
24 4 -95 
77 67 -86 
-44 -90 -71 
-44 82 -45 
-35 53 -42 
-60 39 -86 
-49 8 -5 
-69 77 -78 
-61 -72 -6 
-81 16 37 
64 84 -51 
25 98 72 
-76 1 9 
87 -64 63 
-82 -19 -24 
24 -18 54 
4 96 89 
19 -53 5 
-66 57 -94 
15 88 -65 
90 100 -71 
21 74 15 
43 7 -47 
-6 -44 -19 
-67 3 45 
89 97 -96 
-65 -16 33 
-35 8 86 
41 4 -65 
38 -97 -18 
-74 16 68 
33 -28 18 
-25 -75 -95 
64 9 -58 
-25 -88 -39 
57 12 -99 
21 25 60 
5 -44 91 
-69 22 -76 
24 11 -41 
3 -18 100 
-76 62 -3 
42 23 21 
67 80 59 
-3 -33 5 
-54 -10 98 
75 -83 81 
92 27 -82 
-31 28 65 
-75 9 -73 
-77 99 74 
85 -69 -66 
98 -72 -57 
57 -25 90 
97 99 -13 
20 91 -43 
-25 -90 -2 
-76 -65 -74 
-73 -69 -2 
-54 6 -29 
8 -96 -9 
24 5 4 
-40 5 -7 
77 -94 35 
-50 69 -11 
60 57 -51 
-63 10 -2 
-11 49 67 
95 23 31 
-42 55 -6 
-90 32 -12 
-85 -43 72 
-20 16 -4 
78 26 -11 
18 -73 -10 
43 5 26 
-71 -90 74 
-58 -13 -51 
-64 -65 -4 
-49 23 57 
-25 92 58 
-2 60 -14 
7 -73 12 
-71 51 23 
69 -70 -11 
83 -98 77 
-70 -68 -56 
5 54 7 
9 73 -92 
6 -24 63 
28 -75 -83 
-34 98 -1 
9 -44 -56 
-37 21 -98 
63 46 62 
29 65 -100 
61 -17 37 
-3 -39 -96 
-28 -19 7 
2 -80 99 
-65 -86 -67 
-52 74 12 
-97 -71 25 
-23 -19 -98 
-36 44 9 
-48 -22 69 
88 -20 -59 
54 98 -48 
32 -73 94 
-66 37 43 
13 18 -3 
73 -85 -4 
52 -84 -53 
-31 -48 -92 
24 23 87 
74 -49 16 
22 -8 -23 
7 47 -56 
59 -60 86 
86 -91 1 
56 32 67 
10 96 -67 
-65 -80 -68 
-27 -81 60 
25 -37 95 
60 -82 -94 
3 90 35 
5 -1 -15 
8 -61 54 
-30 2 -47 
67 100 57 
-67 -37 -71 
-57 60 -71 
23 -97 9 
-50 -21 -6 
19 -60 -5 
64 95 -24 
17 5 48 
-37 15 -97 
31 -1 40 
-2 1 -42 
61 -73 47 
6 75 32 
-50 -37 -84 
-55 88 -12 
-59 -86 37 
-34 -99 -29 
-13 -22 -29 
-11 10 73 
-7 -43 -93 
63 -66 64 
64 -77 2 
66 -21 52 
-64 61 31 
80 -25 50 
-84 60 38 
5 52 9 
7 33 12 
-48 -7 -68 
-81 -1 23 
-63 75 69 
39 -66 76 
-26 15 66 
-69 32 -99 
72 93 -81 
-50 88 -30 
21 -50 -16 
66 2 94 
-73 21 93 
-24 28 34 
-36 -59 -20 
48 3 17 
-51 73 54 
-49 -61 -79 
-29 -30 26 
-20 -41 -28 
-77 52 -24 
-3 37 56 
98 -52 14 
44 15 59 
97 -31 16 
30 -61 -94 
-37 30 -69 
-97 -72 44 
9 -5 20 
90 5 82 
42 -27 -7 
60 21 12 
25 -83 -29 
25 -9 -31 
-94 27 30 
46 85 -33 
-52 -14 37 
10 14 -6 
88 -34 55 
-21 -33 -1 
-21 -34 68 
3 2 48 
-6 42 -9 
8 7 -61 
7 50 -36 
3 42 -17 
79 10 -30 
-86 -18 21 
-24 -27 -65 
-19 -5 72 
-28 84 -11 
21 -61 -6 
-31 58 13 
-25 -23 11 
69 -47 -3 
-69 92 -55 
4 -23 24 
-86 95 -19 
-65 -29 31 
-97 6 -17 
62 -60 -21 
55 -29 -51 
-51 4 -32 
-40 -12 -73 
-75 -8 -27 
52 25 93 
28 -4 -82 
-81 -20 -16 
-2 69 11 
58 41 -19 
5 89 87 
-25 -56 27 
56 52 -41 
1 68 -16 
-10 23 -40 
-46 79 -50 
8 23 20 
-54 35 4 
75 32 -73 
-2 -4 80 
55 24 -76 
30 3 17 
25 85 -67 
-15 -85 38 
-87 -46 19 
-17 6 -39 
32 -86 -60 
14 -92 63 
57 59 61 
72 -50 42 
87 78 9 
-49 -27 -78 
-34 -95 1 
55 -75 33 
-4 -21 90 
-79 8 93 
-36 79 58 
72 -64 8 
51 -78 6 
-10 92 -13 
-14 60 -13 
26 2 -57 
-31 40 -15 
-85 15 24 
74 81 27 
25 -37 -20 
-44 37 -8 
-9 -55 36 
96 7 19 
