-2 -43 -56 
-92 22 32 
88 72 -69 
84 7 -59 
40 -57 39 
-9 -29 -90 
88 -32 4 
37 32 -94 
-23 -37 -26 
64 -33 -45 
-99 95 -16 
100 -71 88 
14 76 -78 
-43 -49 67 
22 -28 -99 
-96 27 49 
-72 -91 -71 
-64 -25 -33 
92 -86 12 
-19 86 14 
-65 29 97 
-23 -86 54 
-64 -41 -28 
-66 -40 62 
17 37 69 
35 46 81 
68 31 27 
53 -5 -96 
39 1 -100 
-68 8 70 
55 40 57 
58 73 49 
14 -40 17 
61 63 -90 
-17 89 73 
-7 54 19 
-54 -83 -91 
-1 -33 -19 
-13 26 -72 
23 -58 -12 
55 -45 -78 
-10 17 -41 
6 -39 98 
17 -26 87 
4 -80 13 
16 30 -23 
-7 -86 -75 
3 -89 -70 
-32 -50 4 
41 49 53 
62 -19 -43 
40 18 98 
35 -31 5 
-61 -57 -19 
19 18 -47 
25 -33 -98 
25 43 24 
34 84 66 
39 -38 36 
91 58 -96 
-96 82 -40 
-9 97 33 
-97 96 -34 
-66 70 15 
9 -38 -52 
78 8 9 
42 -7 27 
23 59 -17 
97 -40 -51 
-2 -7 13 
-15 56 -40 
-8 -61 -35 
-15 -43 13 
26 -75 60 
83 -68 -51 
21 -9 -100 
-45 -80 -5 
-80 -32 -1 
-27 13 97 
-35 51 87 
19 -44 -87 
-17 75 -33 
70 -29 -67 
-18 98 10 
-81 -42 100 
-21 -36 -14 
-58 46 -57 
58 -24 -99 
50 -18 62 
83 42 15 
44 -47 63 
10 51 -39 
-94 -63 9 
53 -4 -89 
-100 -94 -81 
26 90 13 
-24 -5 -53 
-50 43 18 
33 -76 -96 
-48 -18 -47 
12 -83 -79 
2 63 67 
-23 -39 45 
-91 79 45 
-33 99 -85 
76 -20 12 
-79 77 18 
-56 -1 -57 
39 82 45 
100 74 -19 
93 15 30 
-58 64 30 
96 22 47 
-2 -100 49 
23 94 -8 
3 -47 67 
40 10 27 
-74 49 -71 
9 25 23 
30 -20 4 
-36 19 91 
24 -47 -7 
-18 4 14 
12 3 44 
-80 -97 70 
27 49 51 
41 -34 -93 
-72 -83 65 
88 23 62 
-19 -27 75 
-59 -24 29 
-87 1 7 
97 39 -27 
48 -38 -11 
8 -18 -75 
96 -12 -17 
-86 -25 79 
36 -84 8 
43 -29 20 
-54 -57 -2 
33 -92 84 
32 69 -13 
72 29 81 
38 34 -5 
-62 59 50 
-94 -66 -82 
1 83 78 
19 26 -47 
-73 -11 17 
67 -49 60 
27 91 18 
70 73 54 
100 -95 26 
-2 -31 -14 
-96 -19 66 
-71 1 -86 
-85 74 13 
96 72 -17 
78 23 -20 
4 35 -39 
-52 -41 -88 
58 1 13 
40 -44 -32 
-24 63 -61 
-8 30 59 
33 46 -12 
-4 -23 66 
93 42 43 
-87 77 -89 
30 -42 16 
-12 39 30 
96 81 4 
-56 -4 40 
-5 63 92 
9 -65 68 
-57 -40 -82 
-74 -54 49 
-37 28 -26 
33 67 90 
51 -57 35 
27 -91 -23 
39 43 -79 
-8 -36 -15 
-7 -62 1 
2 -97 81 
86 -22 51 
-52 37 -72 
-56 -89 -98 
14 -39 -19 
-61 16 10 
-58 1 -46 
-62 49 -48 
-14 38 82 
-58 -49 93 
73 -54 60 
-54 -35 55 
-27 35 15 
93 40 -36 
-34 -50 -89 
-53 21 -72 
-44 -61 100 
2 96 67 
58 43 -55 
64 11 47 
-51 -47 82 
14 -24 -62 
-27 -2 43 
-84 35 -67 
31 -30 2 
-98 -29 -49 
-22 -42 -31 
-86 6 14 
-89 -10 24 
-30 -71 -23 
3 16 -36 
-31 -80 13 
-15 68 54 
64 -24 -15 
-78 86 -91 
63 -87 25 
-99 -2 37 
-4 -40 -2 
100 -13 -18 
92 88 40 
58 78 26 
-17 18 54 
40 5 31 
-35 70 -33 
54 -14 86 
58 -84 42 
17 -40 -82 
58 3 73 
-5 85 -64 
-17 -53 15 
1 -31 -49 
77 67 34 
-56 -10 75 
-25 27 -86 
8 55 61 
98 95 78 
-34 2 -14 
-89 26 71 
39 -3 31 
31 -8 -10 
56 6 17 
49 83 -2 
-46 -12 -52 
70 23 -60 
-47 -69 56 
36 -24 75 
17 -6 53 
51 -12 69 
-46 -23 26 
94 -12 80 
-32 77 -3 
64 -32 -74 
-11 50 82 
81 23 -1 
-20 -95 -89 
-89 47 -80 
71 90 39 
-44 -48 -43 
3 -20 10 
11 25 -5 
99 -46 76 
16 -87 -100 
88 -63 14 
-3 -94 91 
-28 -65 31 
-28 1 96 
1 18 -68 
-11 21 69 
4 79 -70 
65 2 -3 
55 98 61 
-100 28 -11 
11 76 49 
-17 19 -90 
-54 -78 23 
-65 73 96 
41 -10 -86 
-29 -87 1 
-17 14 -41 
-93 65 24 
-21 66 63 
-1 -15 37 
30 -52 -46 
-5 -67 94 
28 10 -61 
-6 -53 -98 
21 78 -84 
79 45 -69 
84 42 -11 
-40 24 7 
45 -91 37 
42 -74 -21 
49 -72 -61 
27 35 -5 
-47 -29 -97 
6 -100 -88 
81 99 -98 
9 74 81 
87 69 -11 
79 -32 -45 
-29 -9 96 
73 4 68 
-71 -91 -82 
64 -78 98 
-86 -31 -58 
39 57 -16 
2 61 98 
35 33 66 
-93 61 -44 
27 12 -89 
100 -51 92 
-19 54 9 
-66 41 -1 
-16 90 -63 
90 5 89 
71 -33 -83 
-55 23 46 
-99 -66 -79 
-16 -71 94 
-78 54 83 
40 -55 100 
99 11 5 
-59 43 -19 
88 14 4 
-60 -5 -56 
-46 66 -83 
33 86 2 
5 -3 26 
-13 37 39 
-64 51 -2 
-39 -60 51 
50 62 37 
34 33 -49 
44 -5 -41 
-80 91 -93 
57 -42 -4 
15 48 32 
-38 -28 -37 
41 -18 31 
-11 -60 35 
52 -85 97 
-15 66 58 
-27 -9 73 
-17 72 66 
-1 -64 -62 
-30 24 -42 
