86 81 -3 
24 18 40 
-4 -7 -64 
63 -41 11 
-7 -24 -48 
64 90 -44 
-15 63 49 
-75 -97 7 
-49 -24 65 
-36 72 62 
100 -1 19 
27 17 -19 
-52 11 22 
33 -13 31 
-74 -63 77 
72 -10 -58 
-89 -26 58 
5 -54 33 
-8 -95 37 
-54 50 -11 
96 -45 9 
54 -87 -42 
58 -22 -66 
31 23 72 
-5 -11 15 
45 -98 -12 
5 -46 -92 
38 -72 31 
-2 -24 79 
-3 -1 25 
23 54 37 
-47 2 -8 
-20 -24 51 
-52 6 -71 
61 -44 -74 
9 91 -18 
27 8 -33 
93 -97 71 
46 -41 -81 
42 28 -87 
57 -14 -6 
18 -63 -10 
-48 58 5 
-16 -60 25 
19 -73 95 
32 -6 72 
56 -40 91 
31 -78 93 
-48 -90 -65 
-30 31 -87 
2 41 30 
13 -64 -23 
1 64 53 
-17 59 -67 
24 -95 1 
47 21 50 
-36 49 58 
-98 -21 -56 
18 -79 -19 
72 -3 -66 
-53 15 57 
-1 -63 31 
30 -3 -89 
-33 20 15 
11 -90 -18 
64 37 56 
-2 -42 -60 
8 77 -12 
78 6 47 
18 -89 2 
-16 29 17 
95 59 8 
-42 -43 -55 
65 62 99 
-34 -83 -1 
85 65 15 
-64 77 -57 
66 -44 39 
-53 -2 70 
-36 60 100 
74 -26 -21 
-72 -16 46 
-23 16 18 
69 -25 16 
69 -57 -67 
48 -41 2 
83 -46 -50 
71 -3 -10 
-99 -97 89 
-14 -88 12 
-62 -11 56 
31 -59 -34 
-5 -53 2 
43 7 -35 
-100 75 -69 
94 -46 -6 
-88 -91 -6 
-72 90 -53 
1 8 95 
74 -90 38 
15 -66 -99 
-99 72 -98 
3 -93 -26 
-24 -88 26 
-88 -66 -87 
82 38 -95 
49 75 -32 
57 -95 -15 
-13 -53 -35 
-19 11 47 
61 26 100 
-93 53 91 
-88 -11 -28 
10 -19 12 
-45 -54 -41 
54 100 40 
58 -43 98 
18 60 73 
-27 -73 100 
40 64 -73 
-91 79 44 
52 61 79 
-98 74 -3 
-16 -40 -27 
86 -27 66 
-74 -35 47 
-13 37 -80 
1 -72 -58 
-19 56 -68 
-17 -23 -33 
15 64 66 
36 -38 40 
-67 -5 98 
87 72 -26 
-25 -31 -38 
23 -78 -30 
38 -33 -17 
-40 -70 13 
70 4 73 
-5 82 -58 
40 -10 -69 
-46 57 8 
-56 99 98 
29 -35 -17 
-69 -22 2 
99 -37 93 
-25 6 32 
-3 -5 -48 
-33 -14 57 
34 -51 -50 
-19 -47 3 
23 1 31 
-29 -82 -42 
-39 84 -43 
-57 3 40 
38 13 74 
55 30 -22 
94 7 -83 
-20 7 26 
-96 50 84 
14 24 9 
82 -58 6 
42 -36 86 
-39 -1 -6 
40 41 95 
-93 83 63 
-98 -48 -84 
-61 11 14 
15 20 40 
1 12 77 
41 77 1 
37 5 -46 
82 89 20 
28 5 -79 
88 25 52 
-91 36 -7 
-7 -44 -28 
-18 66 25 
85 -59 -5 
42 -29 -13 
59 -34 -61 
-57 -68 25 
-1 38 30 
-81 83 64 
-48 -32 -60 
-43 57 34 
49 -42 61 
-73 -29 -52 
67 -72 -66 
51 47 -75 
-99 57 -12 
-8 -54 24 
83 -44 92 
63 33 1 
29 -74 -48 
-60 -88 19 
53 21 -98 
-7 -30 -1 
83 -4 -61 
44 4 -95 
33 56 32 
48 -32 11 
-61 68 -18 
90 97 51 
64 -1 -11 
9 -73 27 
-5 -40 67 
-36 -25 -37 
3 -71 30 
-24 66 35 
-89 46 34 
29 -49 -21 
94 5 38 
25 -82 100 
-86 22 28 
-81 -77 15 
27 64 -100 
-43 96 -82 
-51 -3 -29 
-28 -6 74 
-76 86 -69 
66 -21 -74 
-86 18 -53 
-58 -41 38 
-72 63 97 
-30 10 59 
-47 -37 -24 
4 41 58 
-62 21 -4 
-24 67 51 
95 37 47 
32 -20 -96 
16 -59 -44 
69 -10 -42 
-42 79 -50 
-93 94 -22 
56 -18 55 
-35 58 -15 
-82 67 21 
87 27 -19 
57 67 89 
86 -57 -70 
39 -55 91 
-5 -84 78 
40 10 66 
55 4 -77 
-80 -28 10 
4 10 -97 
93 -54 -50 
-26 43 60 
-16 62 26 
-17 73 -69 
49 61 1 
46 -69 22 
-92 -20 97 
-64 44 13 
60 4 -59 
9 -82 80 
-100 -57 -47 
41 -29 70 
19 -57 27 
-65 80 87 
92 -16 12 
62 81 48 
4 86 -84 
72 -63 43 
78 -83 -67 
-61 -73 -2 
-45 -1 33 
-9 -32 -95 
-15 20 26 
35 31 -46 
-86 -22 -81 
-45 -23 98 
-8 52 -53 
-6 11 -67 
-16 15 14 
-71 20 58 
22 60 -80 
-78 -5 98 
37 82 -12 
53 34 95 
-8 -20 1 
71 -24 1 
-83 -6 -30 
-35 85 -65 
-76 5 32 
-27 29 -52 
37 -80 -31 
-74 -85 38 
66 -37 -50 
-5 -32 62 
61 59 36 
-94 19 5 
18 82 93 
38 -89 71 
-49 78 -75 
-59 65 4 
-49 2 -34 
-11 -97 1 
30 -45 -90 
-58 3 2 
-1 -22 74 
74 46 -90 
-6 -46 74 
57 68 98 
29 -100 -48 
-90 -4 -11 
-77 41 -65 
93 73 -78 
88 94 -8 
96 -93 -4 
7 24 -57 
2 92 -67 
53 56 50 
87 -37 77 
-89 -93 -31 
-95 -15 -46 
95 87 32 
44 -26 59 
-13 -1 6 
-23 45 -1 
85 93 46 
-35 -45 -69 
24 13 -78 
23 97 39 
-13 -55 -53 
-84 59 16 
85 -76 -21 
92 -74 -59 
52 -13 -10 
-23 -61 55 
46 83 92 
54 -14 11 
59 82 22 
15 -51 -27 
1 70 85 
-11 -97 16 
63 -59 41 
4 -62 -88 
78 -93 -20 
29 7 -87 
87 66 -17 
91 -4 -5 
-79 -78 37 
94 71 81 
-95 -3 58 
-81 13 24 
-64 -52 88 
6 -47 7 
