2 35 -145 
44 117 110 
61 144 20 
17 -7 -52 
133 -101 -14 
-26 2 15 
-128 129 74 
-21 95 110 
16 -9 -43 
34 62 -48 
106 -10 -124 
-117 127 2 
-96 -9 -13 
-87 130 -8 
64 34 -50 
-123 -148 18 
25 -129 -47 
72 -63 57 
-2 -97 29 
83 -7 -98 
-103 35 42 
-98 57 126 
56 80 -129 
-51 98 -12 
52 74 -68 
11 100 -70 
108 26 27 
-32 20 55 
-5 74 -103 
129 -53 -122 
13 -11 29 
149 -35 -55 
-11 59 -32 
11 -117 98 
-70 -86 83 
74 -43 -30 
41 -87 44 
33 17 -41 
124 -123 -26 
107 61 128 
-21 -50 11 
-127 -150 -15 
125 -39 33 
-16 22 101 
-25 -11 146 
95 114 -122 
-60 103 145 
63 66 -88 
113 41 -138 
-145 36 -119 
-62 -147 -95 
80 150 31 
63 -44 -64 
136 -16 83 
83 9 101 
38 107 101 
-72 -97 143 
44 -43 104 
125 104 -91 
-116 144 -79 
-112 128 -64 
84 26 -42 
-127 -47 69 
64 96 -150 
15 -108 -125 
-24 -102 -55 
15 35 45 
-68 -141 -2 
-2 50 11 
101 9 -122 
41 -34 46 
-42 -40 22 
-37 -139 -33 
-10 -143 62 
24 112 87 
-59 11 -82 
-53 -121 -11 
-32 -14 -15 
116 -31 -144 
4 80 -128 
-146 38 -144 
17 92 71 
41 1 -65 
39 77 -7 
-44 22 -45 
26 -36 128 
-140 -57 -22 
45 -144 -18 
-96 39 29 
-114 42 34 
13 -18 115 
-34 -106 -117 
-51 -29 -123 
26 -126 93 
1 -13 6 
133 4 -94 
39 -61 -22 
45 74 -66 
82 30 -60 
142 -6 12 
98 103 -114 
28 -67 58 
-15 67 -16 
-88 141 99 
55 -75 81 
57 -134 19 
47 -77 -109 
137 124 18 
69 -41 91 
-107 10 -27 
-98 -114 34 
104 9 -43 
-62 -31 -44 
148 109 -83 
-88 137 55 
72 -50 98 
-84 -147 38 
60 95 -44 
80 -18 -76 
22 101 37 
-63 -144 9 
-28 2 -137 
-3 80 122 
85 -88 -72 
19 65 51 
119 -110 62 
103 67 -20 
-81 -71 72 
-148 101 86 
-36 -21 123 
-125 5 -16 
75 4 103 
52 -104 -146 
148 147 -91 
11 -28 108 
-83 41 82 
-128 101 116 
67 17 2 
25 127 -123 
-54 2 126 
31 16 99 
-93 -40 15 
-21 125 51 
67 -31 40 
-101 42 132 
74 -52 50 
53 -135 65 
-29 -56 149 
-80 43 -24 
9 35 -105 
-58 -57 -144 
-53 -106 -109 
-19 -148 -103 
-91 -138 31 
78 62 15 
11 79 -10 
-2 92 52 
26 18 37 
-106 98 22 
18 72 -142 
138 75 13 
-35 94 44 
8 92 -134 
134 78 -22 
13 68 141 
121 -142 -15 
-6 108 -83 
102 -74 -21 
-120 -5 -20 
-78 69 -65 
55 -45 87 
-32 -6 -35 
57 -11 -4 
-91 -25 88 
-109 66 -65 
-91 -84 -121 
15 147 -6 
-58 104 -119 
85 13 26 
-72 48 30 
-75 143 -117 
-18 -121 76 
-135 -84 -140 
82 133 23 
-25 75 100 
14 -125 53 
31 -97 -85 
-42 130 -30 
33 -17 40 
-81 98 -28 
-121 59 76 
26 63 -46 
103 -18 101 
-137 -148 -54 
21 52 128 
-145 92 -73 
75 101 -46 
-61 72 -58 
79 109 144 
-33 123 -86 
-149 -97 93 
-48 -11 72 
-91 -82 -88 
-67 -139 150 
-70 105 10 
58 51 -41 
49 82 50 
-21 57 -54 
137 -36 -28 
-10 -6 20 
15 118 -36 
-18 132 128 
54 -92 -4 
-62 -37 -98 
43 108 -90 
-39 101 -10 
41 -50 -58 
-80 52 70 
-38 2 114 
-70 80 77 
10 113 -33 
-46 108 -134 
-9 36 62 
45 118 107 
107 -4 -48 
67 -122 46 
3 138 141 
145 107 114 
-80 127 136 
37 93 -71 
-26 -14 -9 
-12 -31 104 
83 -19 92 
42 -54 125 
4 -35 47 
73 86 145 
-92 -88 18 
51 63 120 
-91 -131 88 
115 148 -26 
7 67 -45 
-66 112 -30 
-61 -81 84 
33 27 -41 
-5 26 140 
-108 85 -18 
51 -124 7 
-28 -64 -44 
44 71 31 
14 -42 150 
-36 -88 -96 
-49 96 -142 
43 -1 -54 
-20 -38 68 
-1 -92 -69 
-15 53 31 
-107 -58 131 
123 -139 13 
1 -133 70 
26 -129 -22 
7 -32 14 
69 -143 -134 
-24 122 94 
124 48 60 
124 24 26 
67 -56 21 
142 79 -42 
140 -18 107 
-124 147 82 
117 -101 -29 
-10 -26 -25 
100 108 93 
-64 -101 -55 
133 -98 71 
103 135 87 
-122 -128 101 
-39 -65 139 
107 84 -140 
137 39 61 
-5 138 133 
-70 -118 -11 
-66 111 -63 
53 31 105 
71 29 -79 
-108 21 45 
-65 78 -117 
108 51 55 
-53 -107 30 
-8 16 -54 
88 -84 74 
-104 71 58 
35 -134 -14 
-15 55 -30 
104 -138 130 
-30 -141 -44 
-83 21 10 
16 -58 111 
-117 -147 -84 
-90 20 57 
-138 62 20 
33 -2 148 
136 41 118 
46 -80 -85 
37 -36 -21 
94 -34 96 
-124 34 5 
126 -99 -74 
95 -91 24 
-39 96 -11 
93 57 -126 
150 105 64 
150 37 137 
5 38 59 
-67 -63 -29 
-15 -50 12 
126 99 62 
48 92 -39 
128 -24 -36 
-101 135 -112 
74 128 -18 
-72 137 -36 
-58 -48 -129 
26 -76 97 
16 65 100 
-9 -104 68 
4 -84 -62 
-31 -27 -106 
121 -26 66 
77 17 -57 
-143 79 -7 
149 -122 -95 
-140 -129 10 
119 -88 130 
-85 27 100 
-72 -53 -120 
-83 -43 -67 
-8 -54 62 
19 21 -73 
-58 137 101 
-10 36 -1 
133 71 56 
3 116 95 
1 -119 -71 
-48 -87 -64 
-139 -87 -31 
37 -23 -92 
-29 18 -92 
13 -112 -126 
-18 -36 -2 
-65 -12 48 
27 -10 -146 
-91 31 -67 
-32 -49 86 
116 71 139 
29 43 113 
-84 128 -78 
107 121 -76 
136 -115 -33 
-68 28 40 
77 82 100 
-117 50 -64 
-12 -139 -128 
59 29 70 
108 -141 126 
-24 -45 -60 
-1 3 36 
-114 2 -28 
-102 41 -140 
-74 -136 -20 
63 -120 93 
95 61 -39 
26 137 40 
-85 -136 -18 
-73 -71 -122 
143 53 43 
-13 34 -11 
3 43 92 
-44 -131 -5 
-56 49 -58 
55 28 -41 
-24 -57 100 
120 81 -14 
-31 -65 -118 
-119 -130 -111 
136 -73 139 
5 -101 -30 
46 -120 75 
-23 -55 -118 
-149 50 22 
41 -9 92 
43 40 134 
52 -22 -42 
-131 -24 -132 
-105 -120 22 
57 -43 -72 
-46 -39 -57 
-18 -43 72 
47 -26 58 
3 1 92 
-77 -86 -16 
-14 -7 -93 
-139 -128 143 
112 7 -43 
-99 74 37 
-36 128 -29 
-141 19 88 
53 -41 114 
-76 -50 78 
-67 130 105 
-100 15 94 
5 44 19 
26 16 -9 
91 20 -6 
95 115 15 
47 67 -40 
-9 141 25 
-138 100 40 
145 95 129 
-67 -16 -128 
62 -49 -148 
-81 1 -105 
-44 26 55 
-1 11 -18 
-75 -28 70 
-15 -7 75 
-110 40 -47 
113 3 134 
144 -4 31 
45 128 -116 
86 -78 12 
-4 -11 17 
4 -122 115 
15 -145 77 
-115 77 -13 
-17 21 43 
-117 -114 -94 
117 -118 -111 
69 -21 -1 
46 -18 24 
43 -20 -104 
-8 97 -147 
-95 -70 125 
105 -16 -38 
-46 -16 90 
2 -118 -8 
-38 -146 100 
-39 110 4 
13 139 -50 
-81 59 -21 
-102 -20 135 
-39 -110 -3 
-43 -94 144 
-114 107 19 
70 -119 20 
-126 128 36 
64 -140 -118 
-80 75 101 
-56 -53 112 
-13 -14 11 
-75 -119 43 
139 -119 -48 
-1 -46 41 
103 -117 -97 
23 -1 -20 
21 31 -14 
14 -30 33 
24 -95 91 
-117 -67 -16 
-83 -84 -18 
-121 43 91 
-8 -63 -23 
124 36 -61 
-3 46 -97 
57 101 -104 
68 19 -114 
-19 86 -79 
-32 4 -135 
57 101 -3 
73 -27 86 
75 121 -62 
60 67 -72 
-109 -96 111 
-36 -52 -88 
-84 -124 -77 
36 96 74 
-148 5 91 
-140 -48 -91 
81 -127 24 
-106 47 30 
2 149 -28 
13 -71 145 
126 34 -141 
-79 67 3 
100 -18 -29 
44 133 -24 
147 -131 105 
-86 -136 -101 
150 -39 57 
107 -67 -106 
6 -106 64 
76 -116 -16 
-50 -19 4 
119 77 -97 
-135 108 123 
34 54 110 
83 64 12 
-89 -120 30 
-42 96 146 
-78 84 133 
-102 -22 -36 
-106 16 -94 
18 144 130 
11 -64 32 
-112 -46 -25 
-98 -19 4 
-1 -2 -113 
-132 9 -119 
-115 14 -45 
8 54 77 
57 104 -109 
-108 104 -5 
-47 -43 147 
-118 -80 142 
82 -127 -137 
1 89 -135 
40 129 -24 
-117 5 -16 
-30 -133 -18 
-83 33 -72 
-50 98 -41 
-32 17 101 
-119 -123 -2 
110 -113 87 
142 -1 75 
105 37 29 
-79 66 42 
-98 -118 -97 
-41 -16 -68 
-3 111 127 
133 -51 106 
66 -56 -102 
41 74 -9 
-55 111 -112 
-73 -21 -142 
-3 -47 147 
-1 -7 -107 
41 17 -87 
66 -52 6 
-22 85 -73 
-24 16 -42 
89 -59 -37 
-94 138 23 
-68 -34 -74 
-140 80 43 
-6 -5 139 
90 -70 41 
104 -77 -120 
-149 82 9 
57 -126 96 
-11 -13 74 
34 136 -24 
-85 -44 23 
5 39 -97 
15 51 38 
55 -63 91 
-69 -137 103 
-100 -40 11 
60 78 -92 
-124 -24 -65 
138 -65 -39 
58 -56 -47 
30 20 -117 
-144 -50 -82 
14 43 -77 
-99 -34 -2 
-91 -33 -127 
98 4 104 
1 16 -89 
13 -31 -86 
-13 44 -95 
-8 -106 24 
-37 -31 45 
-43 -33 -147 
26 97 -85 
-75 -7 121 
27 -111 -97 
122 64 -149 
-26 83 107 
54 -118 -20 
58 108 -54 
-28 -76 -10 
-103 -10 91 
68 17 16 
12 -55 -132 
-42 -16 -116 
-35 -53 -39 
134 -15 50 
134 -110 60 
116 33 55 
-112 -10 71 
149 -135 -85 
113 -34 -7 
50 51 79 
87 -46 -33 
-80 107 137 
27 26 -15 
45 99 74 
-129 -112 149 
-128 -115 -94 
97 -87 -16 
-100 142 -137 
-57 -81 -10 
12 117 -103 
9 -103 -109 
-147 64 84 
-112 25 81 
106 145 82 
32 126 73 
52 140 133 
149 16 -105 
-81 1 131 
58 139 -22 
-3 87 -60 
13 35 107 
-54 105 16 
-88 130 -124 
-13 -70 24 
-19 106 107 
104 -25 18 
-36 69 -144 
-123 148 25 
-93 -81 -126 
-88 134 25 
72 53 -42 
-94 88 34 
78 57 26 
-114 100 104 
110 118 50 
-6 73 57 
-72 121 -96 
