-149 51 -94 
93 58 -143 
-8 -94 26 
-16 25 -1 
118 -130 -60 
-41 -8 132 
70 -89 -139 
-35 150 109 
-36 -74 41 
100 114 -73 
-52 -130 38 
99 -61 -150 
29 -28 124 
59 33 104 
-136 -37 -143 
13 -100 -63 
43 -26 -142 
59 6 117 
1 17 65 
-14 53 85 
-138 -48 -79 
48 84 -65 
143 110 -116 
-88 105 19 
-9 119 -3 
-5 79 -13 
150 33 -55 
-132 -91 -59 
-47 141 -33 
77 59 35 
-129 85 -15 
-8 -91 -23 
114 -53 3 
55 9 -43 
84 23 -108 
-135 67 -80 
-87 15 36 
1 98 90 
-83 -143 89 
82 25 110 
135 -75 90 
90 68 107 
-46 -22 1 
-85 142 -11 
-30 -133 11 
129 125 40 
137 -88 -23 
39 -146 1 
-44 -56 2 
-86 9 77 
-136 -49 -133 
31 -68 14 
-70 -2 137 
-81 -43 -88 
109 147 -61 
-37 -21 -133 
18 112 -97 
116 -91 144 
95 30 -26 
107 54 -71 
146 90 21 
24 112 110 
103 -70 65 
-56 -37 -150 
-97 -62 114 
-1 -28 21 
123 -65 87 
84 94 -134 
20 61 -109 
-17 -4 -107 
-47 -44 22 
-21 79 -86 
111 -103 45 
-27 -12 -14 
-69 51 -9 
-57 76 -127 
-22 49 -66 
-48 -63 46 
2 -149 14 
26 39 -117 
-114 70 33 
-16 -75 121 
13 126 -135 
49 -124 -21 
-127 132 -97 
-54 -21 -92 
99 -72 -62 
20 -1 29 
-85 -62 -138 
-19 2 78 
-34 96 30 
-25 60 -111 
39 -17 143 
-137 -18 -98 
-18 -26 -116 
1 139 -144 
-109 90 -94 
-51 37 57 
35 51 69 
-119 -122 126 
-105 -144 37 
-82 53 -106 
-54 119 146 
-47 120 -86 
-19 -99 133 
-27 -130 -85 
-133 -117 134 
18 59 139 
-23 -99 -25 
-54 118 -108 
-23 -93 44 
57 -114 36 
14 49 140 
83 -31 35 
16 59 -74 
-87 -83 27 
97 72 116 
-98 3 -43 
116 -24 111 
-95 40 130 
-52 107 -88 
-47 110 53 
130 15 -89 
-25 60 -16 
-129 3 93 
24 105 37 
135 -51 2 
-98 -9 -115 
-138 143 -53 
76 69 122 
-17 -80 3 
-46 -91 -15 
-86 -104 -126 
5 -142 -16 
133 -104 17 
117 -134 37 
33 -80 -30 
84 31 74 
36 -60 123 
6 85 -146 
-108 -53 -29 
85 32 -145 
-98 -131 91 
-69 -34 -149 
134 10 41 
-62 -112 -80 
7 6 16 
144 19 -58 
-52 71 90 
5 3 97 
7 107 -98 
41 -69 149 
-127 -90 -26 
-66 -44 -115 
62 -104 -55 
29 -12 -120 
121 138 42 
-2 -127 -125 
94 78 58 
22 120 -44 
141 99 113 
-115 97 -135 
53 100 106 
-99 1 56 
25 -102 135 
-19 -109 81 
30 3 -53 
74 -30 -137 
1 5 -61 
-144 25 62 
-36 -121 93 
-98 -74 -146 
-59 -93 -117 
-64 113 148 
103 -80 28 
-43 -110 67 
-115 -35 43 
130 -106 114 
93 71 -85 
-52 -8 108 
-66 -79 -69 
39 128 16 
8 123 -3 
61 71 147 
-81 76 -140 
124 75 81 
-22 -39 -89 
29 -21 -40 
-88 20 47 
-49 77 -19 
114 45 8 
-141 -68 53 
84 -49 -60 
-1 115 20 
124 -141 -135 
77 -83 -105 
-63 141 -88 
12 -52 -150 
-35 -9 -97 
-1 -4 -134 
-27 -49 31 
-17 -10 -125 
-27 -115 60 
135 -4 -40 
62 124 -22 
-78 -111 147 
41 133 116 
-9 87 128 
-134 -91 145 
7 -141 23 
94 -120 -138 
59 42 -21 
113 -139 46 
122 -15 -114 
-145 -87 124 
98 2 -49 
71 3 -39 
-18 42 -75 
-88 -55 108 
6 -145 133 
21 -129 37 
-99 110 3 
27 33 -140 
121 103 -25 
-134 -37 143 
45 4 -13 
18 -83 38 
-121 2 -9 
32 -58 -17 
66 115 67 
106 52 -14 
-20 126 149 
26 -73 -80 
43 98 -6 
-143 29 -76 
-23 -27 -69 
-71 -21 14 
14 -17 23 
5 85 -103 
115 -88 8 
-132 108 -93 
68 -119 103 
-66 58 114 
-76 -1 -38 
10 -91 -2 
-131 -123 -150 
121 66 -3 
-26 -48 -50 
101 -45 -130 
-125 -2 51 
70 43 150 
-150 -147 -56 
129 66 55 
-68 28 -1 
-102 -54 -118 
6 75 9 
27 126 -67 
-117 -82 -68 
-59 -94 -89 
-140 -87 114 
81 -104 131 
108 82 -9 
88 -135 46 
-126 -139 -141 
-15 30 -73 
51 -99 -68 
-73 -55 -77 
85 -76 -66 
-66 -104 -57 
38 88 139 
-65 -116 72 
-7 -16 -45 
82 -67 -64 
-88 -134 58 
-97 -60 -135 
19 -149 -7 
67 -33 57 
-29 -122 -72 
114 -40 137 
-47 89 -140 
-102 38 149 
-26 -6 22 
9 69 56 
-132 48 -28 
21 26 45 
28 132 -36 
-17 -118 89 
37 98 -7 
-93 17 12 
-21 102 -105 
16 38 90 
97 14 87 
46 148 132 
2 -18 -66 
-101 -91 -118 
133 34 139 
-3 78 95 
30 89 43 
-127 -85 -40 
-2 87 17 
84 -43 -121 
-58 -7 -86 
-97 76 123 
-38 -67 113 
-86 -33 15 
-34 -63 35 
24 -59 62 
-34 -24 -31 
-131 -31 -80 
27 -111 -30 
143 -116 -64 
40 70 30 
-88 143 -58 
83 -38 -21 
-132 -51 64 
-23 -1 -78 
22 20 105 
-136 -114 -125 
-64 -14 101 
-54 -72 -95 
67 44 -66 
-49 -87 79 
124 78 65 
127 -117 -6 
118 -51 -146 
131 -123 -55 
144 -139 -31 
-28 -146 -117 
-63 82 -40 
10 5 82 
94 -69 144 
-70 -31 -101 
110 56 115 
-95 6 -135 
125 77 -2 
44 22 -57 
-116 74 -20 
88 -67 133 
88 -36 120 
16 -117 -150 
-54 112 8 
34 -77 140 
-51 -1 -15 
142 -29 23 
-11 -102 48 
63 -121 45 
-55 -88 138 
138 10 66 
-70 -42 52 
58 85 -95 
-91 27 -1 
-9 -28 91 
-54 -43 8 
-9 -116 118 
-18 -148 -34 
63 50 105 
51 -128 -74 
100 78 3 
-38 -18 72 
-78 -65 19 
-34 56 12 
-67 -106 -54 
3 56 -32 
-71 22 -9 
-146 -139 56 
75 -76 -34 
41 147 102 
-93 -30 -33 
43 89 66 
-1 -111 41 
35 90 -41 
-146 -63 13 
-140 25 -3 
122 -147 10 
-19 48 -36 
134 97 -129 
-59 -85 112 
-142 -62 132 
-8 -62 137 
39 100 -148 
-27 106 2 
64 -18 -96 
-121 -38 98 
-29 135 -43 
-108 -37 -21 
130 24 2 
3 -48 -71 
-118 10 42 
54 -104 -6 
-87 33 31 
25 65 133 
8 -21 142 
37 104 139 
30 1 12 
103 74 130 
81 39 24 
40 14 -44 
18 143 -32 
-22 -4 132 
37 -49 2 
32 -6 80 
87 128 36 
-124 128 -3 
-133 -41 -44 
102 10 -22 
-94 -124 82 
9 -143 98 
36 -118 126 
-20 14 -24 
121 -136 3 
-147 24 -89 
150 148 -72 
-116 -75 -84 
-10 54 148 
28 -24 -150 
-55 -13 69 
140 -131 -44 
-33 7 -22 
40 36 -78 
118 -43 84 
-101 104 110 
-142 -80 -14 
105 18 -130 
-119 21 32 
-125 123 -35 
82 -78 9 
11 -2 56 
-6 121 62 
127 -44 -79 
91 29 145 
-97 -28 -139 
22 24 80 
93 12 -7 
111 -85 -2 
-11 6 -16 
36 -7 -26 
138 -38 15 
9 -92 78 
15 11 -1 
-74 -97 -56 
24 -27 -112 
-23 -35 123 
142 121 -125 
24 43 34 
27 39 -42 
-38 -107 -52 
32 -98 -89 
64 -139 -9 
123 62 -75 
40 -65 80 
117 69 -120 
-89 -129 115 
12 4 21 
-28 -123 -54 
135 31 150 
-112 -27 43 
98 -60 -108 
62 -142 -37 
7 -66 -48 
-74 79 -53 
120 81 86 
12 1 18 
5 53 44 
-78 -13 98 
-140 -89 95 
94 22 -55 
119 47 140 
-23 -123 -109 
95 -42 31 
-28 -124 -96 
-114 33 88 
-117 77 -73 
-59 115 -108 
-110 88 27 
-3 -148 29 
-92 -2 -15 
-21 140 40 
-125 -130 102 
-6 -12 -84 
-86 20 -74 
-49 47 16 
93 2 -111 
106 -15 77 
64 41 138 
-24 -134 -52 
-34 -127 -33 
45 55 74 
-97 -42 127 
39 -32 54 
-141 117 -10 
-39 84 15 
83 142 -50 
-13 -84 114 
-28 -62 39 
-100 -117 -8 
57 -73 -130 
93 86 20 
141 123 -111 
-47 86 130 
72 25 36 
-145 -49 70 
-86 -71 -3 
-46 64 -44 
-143 127 93 
23 -66 -14 
97 -87 -124 
-8 4 -23 
-42 -6 109 
-10 1 55 
76 38 -134 
-51 -71 79 
-113 -24 -134 
63 -84 144 
-27 10 18 
-35 -11 -89 
92 -58 23 
-35 3 51 
-107 56 36 
-62 101 -33 
11 -39 42 
83 -101 -137 
-139 3 -73 
73 -32 -18 
-21 -66 -98 
-80 -91 64 
130 54 -64 
22 -32 -34 
101 -9 -85 
77 -43 146 
-139 22 15 
-43 24 39 
-35 36 102 
56 83 119 
100 13 67 
-9 -129 39 
82 134 4 
76 106 104 
-100 -16 -53 
-97 87 -10 
-129 -69 45 
22 -20 107 
-127 109 79 
-60 -88 12 
29 -24 109 
77 31 10 
83 47 -59 
99 -104 7 
-105 106 95 
-99 53 -111 
-60 65 -104 
-121 -111 39 
30 119 145 
-27 -41 56 
22 -123 104 
125 -108 20 
-81 18 -40 
116 137 146 
84 -141 -122 
-5 -123 -4 
71 1 -47 
-140 -53 -93 
112 -13 74 
-83 -132 2 
140 91 115 
-28 -97 95 
140 147 -80 
13 128 -45 
5 51 -43 
-24 -137 -128 
-147 -11 16 
-126 5 -131 
28 -58 -66 
-140 138 42 
-84 28 49 
119 117 125 
-146 60 -72 
-21 18 87 
-98 -136 94 
-139 56 -12 
-3 -104 91 
15 -114 -11 
34 -111 -29 
-4 38 -55 
19 -44 71 
20 -45 -51 
15 -5 -129 
43 16 50 
-131 105 -53 
-132 -147 141 
52 -2 108 
-24 53 37 
51 43 108 
53 86 2 
-102 104 -55 
29 74 27 
141 -12 -36 
-131 65 -17 
-141 -89 -27 
49 130 126 
-23 -85 139 
-30 -69 90 
-75 -96 86 
-131 -2 -96 
-19 31 84 
-86 33 -76 
40 89 65 
-63 80 117 
-12 -28 -15 
-47 103 52 
-123 140 -48 
97 90 -114 
-89 88 84 
-148 -68 4 
-79 148 -44 
-92 41 -124 
-103 27 79 
12 -31 96 
114 10 79 
-106 74 109 
125 -98 102 
-53 119 20 
129 39 -115 
143 -48 -77 
28 15 -109 
-49 117 -84 
129 76 17 
-109 13 39 
72 43 -65 
-45 5 116 
-149 -27 112 
90 -121 -13 
-91 78 -24 
10 16 138 
-82 2 83 
10 56 67 
8 -85 97 
-95 -28 43 
77 -128 -16 
1 -40 32 
103 -99 -71 
