12 70 -122 
-94 142 29 
84 -64 10 
121 146 32 
70 -22 -111 
130 84 118 
93 -98 -7 
144 75 -131 
34 -89 117 
-107 -51 -76 
132 45 41 
119 37 -9 
-50 115 4 
-147 -124 -83 
8 -130 135 
108 -56 32 
-12 24 -127 
51 -100 71 
-119 33 -64 
-38 75 -23 
-108 -27 -13 
141 -2 -4 
-44 26 139 
41 -30 71 
33 88 64 
141 -73 108 
-15 95 23 
6 114 111 
-99 -63 -2 
26 64 68 
-23 -118 -112 
-66 -117 -61 
74 21 4 
-98 88 -78 
-49 -66 18 
113 -73 144 
50 113 117 
-24 81 -48 
-36 -74 37 
-14 -31 -17 
110 -63 97 
20 -5 -38 
-118 -30 4 
-145 32 55 
46 -86 -99 
-64 -134 -9 
72 -101 17 
42 52 138 
140 70 132 
35 61 -140 
-86 120 -142 
41 34 36 
13 57 -51 
32 -118 15 
73 15 150 
98 -14 57 
-147 -9 -101 
-59 -88 -2 
143 -44 95 
-2 15 105 
-90 24 -39 
-146 107 109 
100 -21 -14 
-66 10 -72 
142 26 -8 
-18 -23 132 
-79 130 9 
38 -28 16 
91 74 -97 
-70 -138 -114 
31 -100 28 
47 94 -141 
80 4 -124 
-81 30 93 
-112 -58 115 
-47 -57 72 
40 -17 -11 
-126 48 -52 
122 -112 -41 
-61 -4 -141 
-101 49 130 
-74 -8 -23 
-102 -37 34 
62 94 -30 
107 60 -69 
-5 105 -18 
-132 -60 -68 
21 25 3 
92 -117 78 
-84 87 -78 
1 -61 150 
126 -130 -108 
-14 24 -12 
20 115 -106 
-78 -110 -3 
127 35 -32 
1 -61 91 
-40 -82 -80 
84 21 -6 
61 4 -54 
-118 -49 -2 
17 14 7 
-77 -87 -124 
-38 32 88 
18 -137 -123 
3 -41 82 
113 77 -98 
-89 10 26 
1 72 36 
81 -9 40 
10 -65 79 
-80 11 -99 
-4 80 39 
-135 -102 79 
-111 79 142 
-59 95 -108 
109 -79 -143 
-44 90 61 
115 64 93 
-86 -85 -23 
-77 -122 80 
12 56 -125 
-32 97 -90 
7 -57 42 
-140 118 33 
-2 48 52 
52 -142 28 
-127 -5 -145 
7 -53 114 
-107 35 -124 
7 -51 -75 
146 -7 32 
-39 -98 136 
99 140 10 
11 50 -98 
33 61 -109 
78 -29 -111 
81 20 -65 
-58 102 15 
29 -16 8 
-53 -97 -18 
-7 140 2 
34 -12 76 
-110 70 -102 
-98 12 -94 
-94 54 1 
-101 -22 -27 
113 132 19 
72 -7 -76 
9 63 29 
-85 -94 56 
55 -24 -122 
108 58 30 
-1 -13 -17 
124 60 141 
106 -38 -139 
64 23 86 
-11 66 -119 
-24 -97 -135 
14 -6 -18 
-118 -101 -144 
109 121 -119 
34 -51 -126 
-44 5 63 
-49 125 4 
-3 125 -135 
-148 84 -91 
89 -29 107 
-108 -109 -83 
-32 96 -23 
-147 -55 99 
105 -135 -7 
-144 76 -139 
-28 26 52 
-83 -15 62 
-60 -132 -107 
49 48 9 
-45 -50 -49 
133 16 -20 
-11 -118 -26 
-87 58 -25 
122 -13 -124 
113 -99 43 
117 -87 26 
48 -47 77 
126 66 -58 
149 -54 -145 
-99 -77 -13 
131 80 36 
84 -24 -15 
-17 -24 46 
-124 -82 -72 
39 1 108 
-54 -44 -72 
-26 -113 67 
45 81 -134 
104 33 10 
-7 19 -87 
84 72 20 
118 -136 74 
-70 -75 -38 
-8 1 -67 
-69 105 -78 
-107 43 11 
36 -135 -112 
-87 37 86 
61 -46 94 
-34 -89 103 
-28 -68 62 
9 -127 53 
68 69 -35 
-125 -121 16 
-33 134 -12 
-19 -104 -97 
-58 39 -43 
-130 -12 -1 
-79 21 141 
12 73 139 
-139 6 37 
95 -81 40 
-87 -81 -130 
-4 27 68 
34 9 -23 
135 -26 105 
-116 97 -25 
-4 -105 5 
24 -81 58 
64 -22 -1 
-21 -105 -46 
-79 62 100 
40 -6 -42 
29 -48 -85 
120 51 -21 
64 66 -26 
-95 -92 18 
47 3 68 
21 72 -80 
-99 -4 129 
-85 49 13 
90 -93 5 
46 106 -96 
86 126 -46 
58 -147 -144 
-9 -28 91 
-120 29 5 
-90 35 -144 
143 -14 12 
-19 -45 -34 
133 -82 102 
48 -11 -141 
-1 40 -54 
-77 -137 20 
118 22 18 
-127 3 -54 
30 70 -73 
81 141 -128 
69 -57 95 
45 -124 -94 
147 -4 7 
4 -76 39 
7 -12 -65 
11 -92 -58 
-76 44 2 
-2 -111 -82 
99 -58 -40 
107 93 -37 
-44 -92 42 
140 -90 -52 
120 19 133 
-15 74 6 
-68 -147 98 
-68 138 10 
-32 -18 51 
-131 90 -98 
-60 96 57 
47 74 -32 
63 -29 70 
12 5 -58 
-13 69 134 
-13 97 -112 
-140 -60 14 
50 20 41 
-125 -27 17 
-140 -93 -69 
92 -65 116 
81 82 69 
-15 92 -71 
-6 -101 33 
-77 -76 -28 
109 44 35 
-59 65 83 
148 -15 -12 
-15 -7 27 
-54 -57 -13 
14 -79 -96 
-113 -77 -59 
-48 72 35 
-141 24 134 
97 107 84 
58 34 105 
127 101 96 
-20 -149 50 
20 104 117 
95 136 15 
-114 123 13 
-27 3 -99 
2 4 129 
31 -111 -43 
46 -116 -39 
22 -16 -14 
-53 60 128 
47 124 76 
-6 23 8 
-42 -34 -15 
-56 -62 -36 
49 -33 -20 
-104 -5 76 
-138 23 107 
22 145 17 
110 3 -138 
30 -59 124 
-42 -112 124 
-43 -126 -91 
-109 8 -18 
32 43 -56 
-28 -134 24 
113 -4 -128 
77 69 -65 
88 6 87 
-92 66 -130 
-48 -7 71 
139 121 -108 
94 99 -11 
122 73 -14 
74 28 111 
-57 -73 -100 
-58 109 79 
-114 100 -127 
56 18 104 
-131 74 -79 
-113 -7 24 
12 72 150 
80 66 -59 
48 142 38 
1 -34 -4 
-135 150 46 
113 -134 -29 
6 -120 -21 
-58 136 -40 
42 -92 -74 
11 122 65 
-134 -102 -93 
118 83 114 
-8 -54 75 
-141 48 -56 
-56 118 143 
-150 -23 -8 
-55 -50 81 
-123 -150 -91 
-22 -20 -49 
148 51 -29 
23 -101 -31 
6 94 -96 
-125 109 69 
126 49 20 
-89 52 -76 
-19 -85 11 
-1 16 106 
-49 37 140 
-128 -145 60 
113 -116 55 
-1 -6 -113 
-2 10 -109 
-122 -115 59 
62 133 -97 
-91 4 -69 
11 114 -147 
-12 93 138 
46 1 -82 
35 47 97 
-45 -14 85 
102 -10 -87 
-33 26 74 
20 -16 137 
-10 -150 -144 
-90 48 -12 
-149 -63 94 
8 -92 -112 
-131 8 61 
-128 97 -48 
-103 34 -72 
92 -15 -77 
-55 45 -59 
111 -42 -118 
55 -15 27 
97 -57 -99 
30 107 -35 
93 -50 19 
115 -128 -75 
26 58 -22 
1 -117 -110 
25 30 112 
127 116 113 
-140 -55 17 
6 -102 132 
109 -144 37 
84 33 25 
-46 81 106 
21 -18 97 
106 -17 -110 
-60 86 36 
-7 -147 70 
-85 -74 -62 
-23 -89 -93 
22 -59 -96 
16 62 51 
1 108 50 
-71 10 149 
-93 -88 94 
-39 135 115 
83 20 4 
-19 -20 26 
132 -89 -54 
69 116 67 
-77 -2 -22 
-150 116 6 
-54 87 63 
61 47 92 
138 -17 -67 
-90 148 -91 
6 -32 -112 
23 -13 20 
-65 -22 -117 
110 -84 -83 
144 -116 -91 
67 3 118 
-109 60 20 
-95 -140 -46 
-131 3 -21 
-121 32 136 
96 -37 -32 
-137 23 62 
104 -81 -58 
131 -130 -52 
7 -123 20 
-12 15 114 
148 143 8 
126 -56 -82 
47 -130 -46 
18 -120 -131 
-59 -21 -109 
61 52 48 
-111 4 -81 
84 -78 -128 
16 -22 43 
3 124 -28 
62 -70 115 
64 -124 16 
52 -144 56 
-40 68 -144 
-40 126 -141 
-67 83 -25 
-28 134 -136 
21 -110 -92 
-66 -63 61 
-141 40 -53 
-132 116 28 
61 -131 -53 
46 -19 -70 
-14 -27 120 
-110 -117 90 
-93 -2 -37 
31 -78 -18 
-48 -5 123 
-145 9 -126 
77 43 -20 
60 11 -74 
143 4 -56 
-101 126 -82 
77 -62 57 
-73 -134 -95 
-140 -73 -72 
77 -111 -39 
61 -53 -126 
-57 -43 -106 
-17 91 -19 
-105 1 3 
39 -73 123 
-95 139 -53 
138 13 109 
54 47 22 
-132 -41 62 
145 -56 -114 
70 -109 24 
-2 97 -93 
3 24 74 
-41 40 33 
22 15 -57 
11 95 -70 
-108 -145 -32 
48 -99 95 
-97 -133 -117 
56 95 42 
137 -2 -34 
-132 42 -36 
-70 85 -39 
-72 -100 127 
-1 109 -27 
6 -74 107 
-15 -6 139 
-48 -150 136 
42 86 114 
17 -6 -13 
-54 -24 -76 
146 17 -107 
-133 39 107 
-12 -119 -24 
-73 90 -103 
4 -103 46 
-101 -87 -82 
-136 52 -37 
-59 115 34 
77 30 1 
17 -14 101 
131 28 -29 
23 8 48 
-68 -50 52 
-6 94 17 
113 127 146 
-21 16 59 
92 -60 123 
-13 106 28 
-12 92 138 
-42 -11 9 
15 36 -30 
34 109 107 
33 -51 -118 
20 -90 -66 
40 57 -75 
-57 58 -114 
-22 -107 78 
91 13 81 
-128 135 44 
-25 -123 1 
-86 -146 58 
131 -96 -148 
-11 -73 94 
-120 40 50 
18 9 119 
-24 21 -78 
116 140 -39 
76 -78 128 
48 64 7 
31 140 -129 
-144 2 -131 
-146 -73 -67 
-99 66 141 
133 34 46 
-64 23 -37 
39 -61 -104 
136 79 -73 
23 140 3 
24 14 107 
120 79 15 
136 33 -117 
-104 7 20 
113 -120 -70 
77 -127 123 
-3 -34 -75 
-103 101 -60 
-124 -105 -102 
-41 73 -99 
-75 -87 -125 
-98 -117 119 
-58 122 136 
17 92 128 
-135 -73 -10 
-64 46 49 
53 103 40 
95 127 -101 
-13 8 92 
83 84 -104 
-45 -97 -13 
-109 -70 54 
-36 -42 -104 
14 -2 16 
4 -30 3 
102 -148 -13 
18 -71 -145 
75 -47 22 
36 105 42 
-146 16 -132 
13 15 16 
128 -26 -138 
-100 -88 -3 
-57 -141 -4 
95 -2 50 
-16 142 -3 
40 -90 -145 
69 141 -133 
20 14 121 
5 -37 137 
-48 -147 -3 
77 128 134 
-100 -33 46 
-40 -105 -87 
95 -135 57 
-140 -29 61 
28 94 32 
122 -84 -90 
135 -42 -31 
-3 8 63 
-125 -43 62 
-34 82 -4 
67 17 -116 
-139 31 -126 
-60 101 94 
7 146 137 
27 105 108 
13 8 -94 
-78 9 117 
-65 58 143 
-28 8 90 
-35 102 -42 
78 14 56 
-35 138 -109 
116 82 19 
77 85 -133 
76 -8 -70 
134 -84 132 
-96 -134 -73 
107 7 77 
-49 7 -111 
44 -61 135 
128 117 -148 
43 -66 99 
-21 -105 -93 
2 -86 -124 
72 39 -10 
23 89 -49 
