49 -32 -111 
5 -103 124 
45 147 110 
36 -131 -115 
-9 49 16 
72 130 76 
71 8 36 
6 -147 50 
34 -62 63 
84 1 55 
65 139 38 
24 -61 -135 
-18 133 -41 
-39 -14 -23 
110 115 -60 
-31 101 -62 
119 -114 -44 
15 34 80 
-63 -120 -108 
27 92 8 
-51 -55 -102 
-42 -76 -16 
-97 8 -78 
-6 -95 -63 
148 33 -54 
-46 -3 28 
53 -32 -128 
-135 -131 -84 
14 25 -140 
-97 146 24 
-8 -43 46 
21 128 -135 
58 -72 83 
-38 52 8 
-96 -35 46 
52 -147 22 
6 139 77 
-118 -111 5 
127 -11 68 
100 125 85 
-16 95 2 
-133 -124 -125 
-15 -11 133 
121 78 51 
76 -63 -24 
67 -109 -79 
69 -87 142 
-145 13 -44 
27 73 -15 
23 -106 -127 
-33 -116 138 
71 -22 -104 
8 47 100 
-76 -127 -3 
-16 -33 23 
11 -23 105 
1 -88 -38 
-43 -24 22 
20 -27 -94 
55 113 66 
-25 107 140 
-144 -119 -67 
85 -131 -80 
-89 131 -120 
81 111 -34 
-53 -80 -35 
-70 11 88 
-123 120 49 
-124 -134 33 
1 -60 -82 
50 135 -27 
-74 -25 -77 
-117 -29 8 
27 102 39 
5 46 62 
-8 19 17 
107 21 -137 
15 3 -80 
30 -145 -15 
-104 143 3 
118 132 -6 
-139 -18 -65 
-42 49 39 
-5 33 8 
4 144 -37 
-81 20 -63 
109 -120 -102 
-67 64 141 
-7 13 146 
-39 -144 -114 
-25 -48 82 
-9 -45 -32 
29 115 19 
98 27 -137 
-136 -74 87 
7 -14 -119 
93 106 90 
4 -55 73 
-130 -117 63 
82 -47 3 
-115 90 109 
131 147 6 
135 54 35 
60 90 37 
-115 -8 -6 
147 -1 -59 
-103 45 35 
-136 -149 -110 
-45 39 -111 
-114 104 78 
-55 -1 11 
39 86 -67 
60 65 35 
-26 -13 -93 
-52 -15 135 
-4 41 -22 
-10 32 -103 
124 -106 79 
-65 -131 58 
59 44 132 
-21 110 -14 
-119 -90 30 
30 -76 -10 
-42 -37 147 
-42 -40 -125 
-56 111 35 
-74 -13 -150 
-146 -99 -101 
-80 -110 36 
-130 41 -118 
-76 13 -25 
19 -58 69 
-140 15 26 
71 -111 34 
143 52 103 
77 90 6 
82 34 -51 
74 -4 79 
-43 -64 94 
-1 -141 -62 
-36 -73 -131 
126 -98 23 
68 -148 -81 
118 29 120 
-79 -64 65 
45 121 -107 
-119 -65 149 
9 -15 103 
17 94 -27 
-133 -7 75 
-4 -46 69 
71 97 -118 
-30 -25 -35 
35 83 9 
20 35 1 
138 -17 49 
17 112 -34 
-9 -92 6 
-4 -143 122 
2 -130 -5 
16 135 45 
-2 36 39 
139 119 93 
-62 28 -11 
35 104 -46 
33 131 85 
-68 88 -100 
125 130 -82 
76 -20 -54 
-14 74 -75 
-146 -63 4 
-118 -58 -79 
103 46 150 
-107 60 28 
-143 -18 -94 
-143 93 1 
-131 129 133 
-121 125 -12 
-110 -90 44 
73 3 -44 
-121 37 -124 
10 109 141 
-102 30 -124 
80 -7 -47 
-107 79 -139 
40 -4 -23 
-119 -10 37 
-63 -52 27 
60 15 72 
-67 15 -100 
69 1 98 
-60 83 54 
77 55 6 
139 -107 23 
-50 -133 40 
72 21 -117 
-19 -99 -66 
92 65 35 
-1 138 -8 
-17 3 85 
-86 16 75 
-5 -111 -19 
-2 146 148 
-7 69 -149 
103 -148 72 
-121 -10 -126 
41 -99 -121 
-35 -13 150 
-58 35 39 
-73 -39 3 
-30 -54 82 
132 101 -44 
76 4 -39 
-48 13 -120 
104 -96 67 
58 -78 5 
9 53 -140 
-6 -23 19 
15 -5 76 
-51 -69 -104 
-49 110 -69 
138 -1 -26 
84 -110 16 
-13 -73 11 
-23 43 115 
109 -84 51 
-95 148 102 
24 -132 102 
-113 39 50 
-24 45 -112 
58 -145 -84 
-111 93 -7 
-23 92 -3 
-96 36 -58 
-144 82 -150 
-20 143 31 
-32 45 14 
13 130 -9 
-103 1 27 
8 -5 -51 
79 137 -100 
84 143 -32 
-88 138 -17 
-132 -26 114 
83 85 120 
118 37 4 
-47 -102 130 
18 143 15 
-114 21 28 
-34 -27 13 
-34 16 -87 
-147 47 108 
58 107 12 
-95 -147 26 
-130 -139 -36 
-107 105 135 
143 46 -87 
-102 -67 42 
-65 127 63 
-50 60 23 
15 -12 116 
-21 -150 12 
92 25 57 
-59 134 149 
18 51 -142 
-28 138 -12 
58 119 148 
-54 86 133 
20 -78 -18 
61 -27 -140 
14 -96 -88 
6 -122 110 
89 -143 109 
114 -33 -122 
-124 -64 150 
104 -46 -55 
90 84 4 
-92 -55 116 
-3 96 78 
-6 -150 -46 
83 -59 -51 
18 79 25 
28 -2 -19 
59 26 33 
22 -36 -14 
137 -23 147 
66 24 -57 
144 -60 7 
-31 -63 -40 
-131 138 -113 
-21 23 -140 
119 -98 -72 
-25 97 -40 
-38 -36 50 
-122 -69 11 
-31 53 111 
-95 -5 140 
27 -111 125 
-63 51 -114 
2 112 -12 
-10 133 11 
114 -13 -58 
-105 58 30 
-99 -74 9 
27 -106 119 
-77 148 -42 
-8 -98 -145 
137 63 -5 
-102 16 -116 
55 116 -45 
-145 123 13 
-132 -22 -23 
-36 16 -128 
-138 -26 -64 
-21 -8 -52 
-102 -36 -114 
-21 39 23 
-150 -121 -25 
32 -139 8 
31 -75 50 
61 54 122 
61 -97 -137 
-10 62 -4 
34 -22 38 
121 103 58 
47 46 -20 
-4 43 -36 
7 -35 -13 
126 117 -133 
-30 -34 -5 
-146 7 56 
-150 -2 -86 
-106 -82 -109 
126 -143 -56 
-12 -40 43 
101 30 26 
-25 -63 -41 
-48 -119 -108 
52 123 -73 
-113 1 149 
-142 -73 -4 
-7 -35 -21 
61 -112 -120 
85 126 -92 
129 -134 -54 
-113 17 -68 
105 43 -31 
-128 -134 68 
-84 28 97 
55 47 -18 
-61 58 122 
129 114 -81 
125 -26 -42 
-53 64 -131 
53 69 63 
20 62 113 
16 15 30 
89 -99 -101 
63 8 -38 
29 141 -63 
83 12 54 
131 -72 22 
90 118 149 
-66 3 -69 
-54 11 -8 
57 110 -27 
130 20 -103 
137 56 -135 
-59 -4 -123 
68 -110 149 
127 -27 59 
-8 6 -106 
24 1 -75 
-113 -44 80 
150 10 60 
-103 -4 -1 
67 -78 -121 
-55 -78 49 
-24 -25 -9 
16 -144 142 
4 69 -76 
-59 -35 -128 
-59 129 -89 
-44 -48 -118 
47 117 -55 
106 -6 -131 
-92 61 33 
-73 -122 60 
67 40 -47 
114 -70 76 
4 -8 3 
-80 17 -118 
-18 39 -57 
-44 91 74 
76 110 -18 
-5 -81 -32 
-14 39 -10 
-121 56 18 
115 -137 130 
-145 -48 -61 
96 108 -144 
111 109 33 
119 -40 -24 
-136 99 -44 
129 44 31 
-42 25 14 
-102 90 -60 
-20 111 29 
6 69 -137 
16 2 -68 
131 -86 -25 
-51 66 4 
117 -150 46 
-115 42 77 
17 71 -120 
142 -2 -15 
-145 -86 9 
132 -94 3 
90 -89 -29 
-83 -118 71 
14 142 -1 
-25 21 9 
-86 13 -136 
91 -71 62 
91 -132 -118 
-133 58 100 
-73 104 -86 
-32 26 -19 
66 63 119 
50 -57 120 
5 -112 143 
92 -125 61 
-116 88 -110 
-86 40 62 
-18 -146 -85 
-44 -25 -99 
44 59 -15 
93 9 129 
-20 -38 58 
147 26 13 
-58 -88 43 
47 -63 113 
52 -97 53 
-50 -55 -54 
-47 3 72 
111 90 -43 
-49 -45 29 
133 -40 123 
-90 -24 94 
53 129 84 
60 -35 -86 
124 149 -70 
-93 45 -77 
-91 117 -7 
66 42 -83 
-134 -129 10 
150 1 138 
62 -56 65 
-130 18 36 
113 42 37 
88 -87 145 
-4 -141 61 
15 -119 -56 
113 -110 -15 
-34 16 25 
-98 -68 -99 
113 -27 -13 
-44 -145 -130 
-94 -129 -28 
26 9 47 
-149 -38 127 
-86 55 -50 
56 146 17 
-132 16 150 
1 89 58 
-72 -59 91 
-147 -69 98 
110 150 123 
17 -12 115 
-76 141 -92 
-77 81 -1 
76 15 -12 
-83 60 -99 
88 -66 58 
-29 -38 12 
63 -52 4 
-26 138 79 
-95 116 -118 
-10 -80 -110 
62 36 70 
146 77 -11 
124 132 -146 
-56 -149 -19 
91 51 16 
106 133 62 
121 -20 45 
-45 43 19 
-77 -19 66 
-59 -82 -126 
126 65 25 
-133 -24 -79 
122 87 90 
67 61 72 
-11 51 -119 
-47 80 -41 
-57 36 71 
88 -48 -71 
70 -11 -87 
-12 -48 43 
-9 8 -42 
89 135 -18 
90 63 -69 
-82 130 95 
15 -84 46 
-74 37 118 
-72 7 -34 
58 114 -19 
142 148 76 
-91 133 9 
28 -20 -52 
-5 19 -1 
-50 6 -47 
14 126 -25 
-3 -52 94 
91 -135 94 
-98 -29 43 
28 -142 -17 
110 -102 72 
-68 94 62 
-66 11 -150 
-19 -58 -85 
-54 14 77 
-106 -62 145 
-107 -18 -134 
-44 78 -13 
21 34 18 
-42 117 -108 
58 -118 85 
-88 -122 -39 
10 5 -75 
-150 24 -7 
96 128 77 
-123 35 22 
27 4 -2 
56 -81 -104 
-49 -38 -7 
5 123 94 
35 140 -47 
-9 -67 11 
76 -141 123 
-141 -3 -70 
42 81 -65 
-67 42 36 
-143 -27 -18 
-124 55 -7 
1 42 150 
-8 -44 133 
-53 -35 -44 
-64 -26 13 
7 -59 4 
14 149 115 
32 87 -20 
-20 142 -95 
-90 -84 -31 
146 -136 98 
-64 141 -31 
-58 117 -91 
47 129 -41 
-26 56 148 
-92 97 -116 
-110 35 -104 
2 98 -67 
43 -55 68 
-74 -47 130 
-96 92 -116 
-11 134 56 
-32 -150 120 
54 -117 -66 
29 14 -134 
119 75 105 
91 47 34 
-116 -25 147 
-132 102 -40 
-74 -6 -134 
-136 -46 122 
-14 17 -2 
61 -85 23 
69 98 76 
28 -22 120 
117 45 -26 
104 -95 69 
-52 -23 -102 
-2 -1 -31 
-40 88 -145 
-39 -16 -102 
108 -44 16 
86 -87 148 
-15 -41 46 
18 -77 -58 
-35 70 -13 
149 -144 117 
51 -143 -20 
-69 127 2 
-120 -7 -85 
6 144 18 
-119 -9 -85 
-25 135 -76 
-2 101 77 
-120 -79 -3 
93 -20 141 
-35 -62 19 
-57 121 -131 
150 -36 -66 
14 36 117 
29 -109 113 
86 -66 84 
19 -42 127 
-129 76 -16 
128 116 -66 
150 -69 44 
141 -34 33 
-19 -93 39 
111 -142 102 
-137 -89 12 
1 -37 18 
-87 6 71 
102 20 64 
104 -105 -48 
-41 -129 145 
132 -87 52 
125 -142 56 
-16 -19 -37 
90 15 40 
81 -148 120 
-75 -150 -49 
-125 36 -48 
-79 -70 -39 
-10 75 108 
-128 77 -17 
127 87 -30 
