129 -19 -3 
116 74 43 
-85 137 -91 
86 -38 -2 
47 -90 18 
119 99 38 
67 14 -3 
68 118 -127 
23 -106 -111 
120 150 -64 
100 -30 75 
18 -128 -39 
-70 -45 73 
-133 146 85 
-19 118 50 
26 27 -31 
89 24 -47 
105 -117 84 
99 9 -5 
87 16 49 
127 54 -128 
134 49 -124 
-127 -59 -84 
-63 31 -5 
-141 15 -142 
-47 -118 67 
21 53 -49 
-90 -58 -4 
71 -4 75 
97 -57 -129 
69 -140 -17 
13 134 -1 
-34 63 1 
-111 -71 97 
146 93 74 
23 -110 -28 
1 -85 -39 
-115 -136 20 
134 73 -68 
-51 75 -32 
-138 124 114 
-9 68 -121 
138 45 145 
-112 -98 -39 
-16 110 132 
-142 -18 149 
-23 -141 -10 
-10 -60 131 
85 -38 120 
-129 145 108 
107 -22 -23 
-15 35 -10 
-47 94 41 
46 -66 76 
-139 -36 54 
-32 -11 -49 
142 12 68 
-5 -126 -62 
101 69 -75 
-106 -58 65 
51 -58 115 
81 -73 -50 
35 72 14 
-143 -12 -83 
-24 -69 21 
-78 19 9 
43 29 19 
34 -31 -29 
23 -5 -22 
-139 -47 130 
-129 -66 56 
85 -53 -23 
83 59 -17 
-11 -105 13 
-79 -125 -58 
58 -133 46 
140 144 -135 
4 57 -124 
93 -42 30 
128 46 -79 
-53 -82 39 
37 147 108 
-65 -66 128 
-91 -108 -8 
-70 30 -110 
8 6 -143 
116 100 -128 
-48 31 16 
-66 123 -67 
-54 77 -108 
50 -116 -60 
-73 11 -7 
-74 -41 -26 
-105 107 -124 
6 144 133 
130 -95 94 
-114 2 13 
29 -79 7 
22 131 -96 
-123 -28 -36 
64 11 -70 
135 150 -106 
36 -26 80 
-51 79 -63 
-99 85 -140 
-104 115 -117 
-89 59 -129 
57 -146 -27 
-9 -65 -28 
-111 23 102 
32 110 22 
-52 12 129 
-37 -112 -142 
-38 -132 -59 
31 37 90 
-101 4 67 
134 146 -143 
-97 -23 48 
62 5 -97 
49 -42 26 
150 -130 63 
-46 41 -42 
-112 14 -110 
61 40 -123 
63 34 31 
85 18 -148 
-22 -6 135 
7 -66 136 
100 119 89 
112 -125 121 
-4 -50 7 
5 -26 150 
95 13 -87 
147 -108 -85 
-115 148 111 
-81 8 -44 
127 -104 -99 
12 -144 -13 
-59 7 -11 
36 16 -61 
-109 -103 -2 
85 -37 135 
146 148 -19 
29 137 -65 
-81 -15 147 
-62 -63 80 
89 86 -77 
-30 23 -6 
-37 -135 -2 
143 35 46 
-75 103 -16 
36 8 5 
-17 74 100 
-6 -68 89 
117 38 -17 
-135 48 -18 
-94 14 -3 
-114 -98 -111 
-73 87 17 
-57 91 3 
17 137 -102 
130 113 21 
75 -5 16 
69 148 -97 
-52 -115 121 
125 139 84 
-134 43 111 
85 127 126 
-72 -103 101 
14 -79 -40 
113 84 -21 
-54 118 -121 
120 -25 -51 
58 8 -14 
150 3 136 
-29 -3 102 
-8 29 67 
34 86 -103 
-97 -105 -111 
13 46 -55 
11 -34 146 
-124 94 -107 
86 -77 -21 
-76 -73 -9 
23 113 -110 
120 4 -117 
25 -121 8 
124 131 -13 
-11 -144 -30 
142 -3 13 
-25 -96 108 
-5 -124 141 
-75 -114 -111 
83 51 -92 
41 75 -33 
91 -140 27 
-25 -130 142 
-99 56 64 
81 146 -72 
-78 111 18 
-97 -129 -100 
-53 66 13 
-144 -107 37 
131 -29 -88 
-72 -33 103 
47 -109 141 
19 26 -4 
-34 -28 -147 
3 -120 148 
78 -126 -80 
110 -127 -5 
33 -11 -35 
-46 -71 -138 
14 144 -100 
10 71 -84 
36 33 130 
83 47 100 
111 -72 23 
-97 -120 -102 
87 -90 128 
129 -136 1 
-40 -122 89 
28 -90 -7 
6 -2 -21 
4 134 52 
89 -122 -141 
-100 -56 -107 
100 149 85 
-85 90 -106 
35 -145 13 
-45 3 -71 
12 -90 81 
38 -55 142 
96 142 -36 
-74 -31 -8 
46 -1 60 
25 7 71 
-55 21 -146 
-50 -149 -43 
-83 132 -17 
-75 -56 -126 
-19 -32 -44 
-89 -129 55 
91 -109 70 
-11 -65 -140 
8 113 47 
-3 1 -62 
-16 15 110 
57 -98 113 
95 -116 3 
94 -99 96 
-71 -10 -102 
8 78 14 
-121 -2 34 
10 49 17 
-126 90 57 
120 -37 75 
99 -31 78 
-94 113 103 
-96 91 47 
-39 22 99 
98 3 141 
31 -75 -24 
-109 31 139 
-103 48 -148 
-74 132 -45 
-76 110 81 
-44 -45 39 
-53 -88 -29 
71 4 25 
-73 -91 -118 
108 139 -121 
-36 42 51 
135 8 122 
147 -78 21 
-145 -107 65 
65 21 88 
44 -90 -141 
62 -40 -11 
-56 44 -103 
90 30 18 
-30 -61 -41 
-115 78 -35 
146 -47 24 
13 -6 29 
-4 55 84 
-8 62 -13 
-31 -51 102 
37 -124 -43 
9 75 -54 
-77 -20 56 
15 21 -9 
4 3 72 
132 -51 82 
-141 41 44 
-31 -49 -1 
12 10 -92 
68 128 -48 
38 -13 -47 
4 63 -26 
-46 87 19 
-103 137 -82 
-36 -40 -97 
118 15 -45 
-42 126 -16 
104 -70 -4 
31 -91 -9 
-28 -7 107 
-38 -34 16 
-128 -26 30 
6 -34 36 
-128 142 -28 
86 61 -28 
78 37 139 
-97 -43 46 
-3 104 16 
-145 8 -25 
82 -43 -76 
-113 -12 -40 
-121 -30 -24 
-75 5 -48 
93 -90 -31 
-59 -17 -110 
41 -6 -123 
6 133 130 
-69 118 -74 
37 128 -101 
84 78 -61 
-2 -5 119 
12 35 30 
45 4 25 
1 101 -23 
-37 -84 40 
113 48 -109 
-81 53 5 
-15 35 -60 
82 36 -113 
-118 11 139 
21 -138 95 
107 -74 62 
-5 -32 135 
-130 -68 29 
-74 -40 -116 
83 -112 49 
47 -129 -90 
-50 -142 1 
85 89 91 
-23 -127 57 
130 116 13 
-25 9 -58 
38 -55 -30 
-53 118 87 
143 10 28 
77 -117 9 
39 2 -85 
-127 22 36 
-66 55 -11 
-15 137 -19 
-13 -82 54 
-47 60 -22 
108 -96 11 
-20 90 -19 
110 121 40 
53 35 -123 
110 72 27 
8 -114 124 
129 -60 101 
147 -98 -6 
-135 6 -87 
-80 115 58 
-112 14 -147 
-52 28 -31 
-40 96 146 
-29 133 85 
-3 122 57 
-120 -24 35 
-129 98 -16 
88 -6 133 
-145 2 114 
62 -6 2 
143 126 110 
-52 -96 89 
67 -77 90 
-60 90 -58 
149 -1 -71 
34 -50 43 
70 90 88 
37 43 98 
-26 73 28 
44 -125 -97 
91 -5 39 
100 6 -53 
-27 -8 -119 
132 10 123 
-21 128 -17 
-15 -43 44 
105 -132 75 
-62 66 -3 
-149 148 134 
82 -134 17 
104 -143 -4 
48 -66 -118 
-65 -67 40 
39 34 -51 
111 -17 -108 
-117 -121 19 
111 130 -139 
97 -15 12 
35 -139 -94 
130 10 22 
-129 103 77 
-16 98 14 
52 5 -55 
-51 43 -89 
-143 57 -111 
115 -59 32 
-9 -1 -12 
136 -130 -11 
131 3 128 
147 -100 -128 
12 99 76 
-115 -86 109 
-99 -66 -144 
77 26 -134 
-102 26 -119 
130 24 -31 
145 52 75 
-51 -146 -8 
108 -8 -10 
-4 -73 -44 
136 -59 -39 
74 66 -146 
-27 45 46 
50 43 89 
-19 123 -21 
68 -115 146 
102 -25 -130 
148 139 83 
45 -60 9 
-140 -92 53 
9 141 -21 
74 -89 7 
106 -47 61 
-113 -21 47 
-23 -24 73 
47 -121 -130 
141 -3 91 
142 75 -2 
132 16 -60 
99 -86 -81 
-66 -125 112 
-10 -34 -106 
-72 -93 -140 
-29 5 9 
7 34 145 
15 -148 -92 
-145 13 -39 
99 -71 -48 
-97 -145 17 
103 -120 -135 
-4 -124 -121 
-15 98 70 
-4 -24 -117 
-113 -141 105 
-30 135 61 
126 -59 57 
21 15 -111 
-130 12 -41 
17 66 -130 
54 -135 -51 
131 -144 -100 
-77 64 -60 
72 -129 30 
-79 -25 -45 
5 -21 -7 
97 144 90 
-37 -48 -115 
-103 -21 -79 
31 -148 104 
-37 146 92 
142 140 -45 
-47 -92 -116 
15 -10 -71 
150 1 19 
-107 124 122 
70 132 11 
147 140 38 
-99 -127 77 
10 11 -124 
-40 -128 -141 
-42 -147 33 
107 146 -120 
-8 -46 4 
-13 81 -133 
-5 133 120 
33 21 38 
61 126 -7 
-63 -150 107 
-144 117 -56 
-15 107 24 
7 15 6 
-147 80 133 
-24 96 117 
-23 -96 32 
16 150 111 
89 127 141 
24 48 135 
59 -34 90 
-98 -133 82 
-4 -26 12 
73 -120 1 
1 -55 95 
149 131 11 
-83 33 -85 
38 -25 -8 
42 39 -121 
-42 -2 -131 
-7 71 30 
43 24 -135 
-99 53 141 
21 -47 8 
47 92 67 
-17 146 -82 
131 -67 123 
-10 136 -58 
-117 108 -65 
-32 -121 42 
45 105 -89 
-52 -25 23 
-122 130 -120 
-18 82 26 
129 -138 -3 
-50 107 -86 
-136 -144 -33 
1 -68 -76 
-74 30 122 
-139 100 -58 
-67 -59 -95 
25 -120 -63 
-136 65 -129 
42 -64 135 
150 -11 -90 
106 -102 -33 
21 -87 -112 
16 -8 111 
-49 36 114 
127 43 -77 
120 -41 -25 
48 -93 24 
103 -29 46 
-3 -144 -1 
110 28 43 
-120 -107 -84 
-12 138 -39 
110 83 -3 
30 49 90 
9 -39 77 
-68 -5 11 
15 -112 46 
35 -20 -86 
101 36 27 
62 -130 8 
-131 60 79 
-9 116 1 
49 71 -66 
-130 -5 88 
-56 146 75 
-13 70 -51 
1 70 -141 
-136 -31 4 
-31 -5 -16 
-73 72 38 
-140 4 -145 
-94 -4 75 
-28 -29 -42 
136 104 9 
-118 -3 12 
147 -52 -83 
42 84 -4 
-46 101 -128 
69 -104 -14 
-110 33 112 
107 61 -16 
-77 61 37 
-25 -102 142 
-124 21 113 
59 -65 -54 
29 -134 -130 
140 2 -129 
32 140 -126 
-40 115 -123 
-138 -7 43 
-33 138 73 
-127 -130 -9 
-37 30 -70 
-14 100 -55 
47 -95 -39 
-145 22 -102 
104 146 -148 
43 103 44 
22 -84 111 
41 110 -2 
93 18 -117 
30 -93 -148 
91 65 -7 
-6 -8 -26 
72 53 -3 
-81 83 -56 
-16 -1 -117 
-15 100 -143 
118 48 -41 
15 91 -29 
-12 48 -78 
89 -61 -2 
126 -32 23 
124 -140 9 
131 -95 -96 
3 2 12 
122 -31 -62 
28 1 85 
-17 122 37 
-36 -32 92 
-76 -19 -26 
-147 137 76 
70 127 -63 
-14 -10 30 
32 -22 79 
118 -48 -64 
36 -37 -110 
-118 8 -52 
125 -136 -5 
-9 -62 -66 
-61 87 -9 
-38 -24 131 
-138 -100 85 
81 -140 124 
-123 -70 -95 
120 -101 -44 
77 58 -86 
-87 -85 -49 
