-25 101 -4 
119 6 -138 
4 -103 -148 
-47 -48 10 
-39 -103 31 
-113 90 6 
-35 56 93 
-43 -59 119 
112 89 -45 
-41 53 94 
42 111 -45 
-48 38 -82 
-48 -87 61 
60 63 12 
47 -82 55 
9 19 68 
-69 28 -62 
-110 -98 25 
-126 82 -3 
-83 104 -75 
117 -48 65 
-62 21 102 
-98 -67 117 
-85 14 37 
-140 107 48 
-24 -136 2 
-70 63 1 
97 -27 15 
-88 -145 -136 
-137 -28 -38 
112 -107 -1 
-111 141 -82 
123 21 -145 
-70 -13 31 
150 -44 132 
-142 1 20 
-107 3 118 
-67 -17 -86 
-116 -86 9 
102 87 -104 
9 -58 -144 
70 -60 72 
74 81 -1 
-138 117 -6 
-2 -81 -129 
-33 -106 141 
37 33 146 
-18 -16 137 
-78 -67 146 
-87 -86 -76 
117 107 123 
-101 33 -55 
-101 -84 -96 
-133 -48 -66 
56 -68 -105 
-15 -69 24 
27 15 -81 
-11 -64 -59 
-86 -101 64 
-27 -91 -10 
-53 -127 20 
8 18 144 
133 -31 -64 
-144 -106 112 
-134 138 32 
-31 -103 -41 
-139 73 -29 
129 -20 -4 
77 -119 126 
-136 -80 113 
5 -13 -52 
-144 -61 90 
-72 -31 -75 
-124 113 31 
-71 26 94 
-16 103 -100 
106 121 -16 
-91 49 -130 
119 143 -118 
39 -28 -63 
105 48 -38 
-32 47 -8 
-22 -116 2 
-133 -99 20 
92 -88 24 
50 -69 14 
110 82 -89 
-28 -113 -100 
140 -44 -134 
-146 -41 -36 
-106 -10 -114 
-137 -45 -89 
-88 41 50 
-147 -64 114 
127 -51 19 
-29 148 -102 
80 -128 140 
56 -139 74 
-52 -76 -141 
7 -47 89 
149 121 93 
-82 16 -124 
131 70 145 
22 -9 -29 
-96 103 5 
54 -5 -116 
-13 -55 15 
130 -70 129 
17 -6 140 
34 -37 17 
-128 11 -47 
-27 30 83 
40 9 -130 
-43 105 -51 
40 -61 -33 
-2 -27 -122 
-71 142 -2 
-44 107 136 
47 64 9 
-53 -32 -124 
94 -57 -88 
44 -70 45 
-137 -12 82 
145 4 -146 
-56 -44 -108 
57 130 -1 
-90 69 61 
-8 -85 121 
-34 109 5 
-16 -23 70 
-87 124 18 
95 -56 -16 
68 -84 -29 
60 45 -119 
14 -96 78 
62 -33 47 
84 83 24 
43 -11 60 
91 68 36 
92 -3 78 
-43 109 88 
-94 20 -40 
1 53 -57 
53 61 -49 
-11 49 17 
109 -36 7 
89 129 53 
77 75 35 
116 48 -49 
-93 54 -106 
125 105 -62 
131 -22 14 
-132 -4 104 
21 -72 -68 
58 -108 27 
-134 -119 -34 
-54 129 -67 
-76 14 -130 
-53 -4 -56 
-122 -121 148 
26 -68 -144 
-3 -140 -41 
-10 -116 29 
-12 -16 -52 
17 1 -73 
-39 -133 51 
26 107 84 
-132 -7 12 
-129 -23 137 
-19 -42 112 
2 -91 -108 
-63 35 -100 
-66 -70 -40 
53 -68 -33 
19 -108 -131 
102 -105 141 
62 -115 -15 
61 -123 18 
20 103 136 
-44 105 83 
-3 133 86 
24 51 54 
45 55 -51 
107 26 -108 
146 59 105 
47 65 -15 
5 97 114 
89 -39 -135 
36 -87 -97 
1 95 41 
-111 -44 98 
72 -38 106 
-34 -99 3 
69 -126 58 
150 -84 -30 
-54 96 99 
-14 -2 136 
91 78 126 
-21 33 50 
35 -38 -87 
58 -74 -3 
-23 -112 -66 
47 -124 -111 
145 106 -111 
-103 59 -73 
32 135 78 
20 108 -5 
-148 -55 12 
34 94 -30 
-22 116 42 
-35 124 -64 
-144 -62 132 
-50 -139 -115 
1 27 106 
35 -57 -37 
63 14 16 
106 -97 18 
131 92 97 
-88 49 60 
-52 38 -92 
99 -143 13 
77 -41 137 
100 89 -141 
-30 -12 -52 
47 142 -3 
-138 -40 4 
84 79 -129 
-133 52 -45 
-120 110 79 
119 59 -30 
-131 69 82 
-59 3 7 
117 -92 -141 
52 -6 -29 
63 31 -42 
-5 -148 -116 
145 -72 -106 
-8 -124 127 
-39 109 40 
-132 115 21 
150 -68 -44 
137 136 5 
122 -8 97 
-61 36 131 
-72 -19 -99 
-134 100 81 
119 59 -40 
101 -141 -146 
-93 -58 115 
90 -148 -78 
89 38 115 
27 -17 25 
-58 24 -40 
-122 -20 -2 
-35 14 24 
133 -38 -132 
45 -145 -16 
-71 79 -52 
-101 33 94 
-85 -104 14 
9 4 -126 
-112 -62 -92 
146 -29 -34 
48 -116 52 
139 -4 -41 
137 -44 92 
40 -33 -79 
-73 130 -37 
90 -89 95 
13 -1 113 
7 -65 -127 
-25 -149 118 
-105 -144 131 
-6 55 143 
-77 -42 -102 
-31 -96 -63 
98 46 -55 
-43 42 134 
-65 -27 32 
-51 -15 -20 
-39 -99 45 
104 -133 99 
-69 -34 87 
50 -11 -149 
-110 35 127 
-35 146 69 
-141 -69 60 
-14 -61 42 
113 -74 105 
83 -143 -12 
-137 1 76 
-141 148 104 
37 145 6 
4 123 145 
79 -83 -34 
-33 17 56 
76 45 60 
-31 28 17 
48 33 93 
59 -16 -135 
-142 148 -136 
-35 -69 25 
116 -79 95 
48 -61 -135 
-117 -96 -107 
41 38 118 
106 -133 17 
-8 65 53 
43 -126 38 
-143 64 84 
-90 150 89 
110 -142 -58 
-11 -21 22 
-119 43 -12 
27 132 30 
-134 38 123 
-122 -37 79 
-26 -80 110 
60 42 -69 
-26 -42 -7 
119 86 -91 
-46 -144 108 
108 -130 -46 
-121 57 -127 
21 -27 7 
-64 147 -74 
15 -117 -46 
-112 -107 25 
-99 31 4 
-27 -42 59 
35 -68 -59 
-26 71 123 
-145 14 135 
111 5 130 
42 131 28 
-57 -39 -15 
131 -128 -113 
4 34 -146 
-57 -70 -137 
-130 -109 84 
-88 17 -14 
147 139 145 
62 -13 69 
37 95 -2 
-19 112 119 
-77 71 61 
-64 -108 35 
-115 -80 5 
4 144 146 
36 91 -111 
2 80 64 
-94 19 62 
102 74 -143 
116 114 75 
150 148 24 
-136 -1 21 
126 51 -30 
-98 49 44 
-39 42 47 
117 -67 142 
80 -42 -63 
85 -50 -119 
66 -11 142 
94 -59 -84 
-55 43 -102 
99 104 -46 
150 27 37 
78 -122 89 
7 26 -46 
9 90 74 
-140 -86 52 
-51 5 125 
136 -83 126 
-113 -26 123 
37 147 -15 
-75 38 54 
10 -121 95 
-78 -45 129 
-102 -119 -62 
127 135 114 
-3 -78 -114 
56 124 106 
135 89 -139 
129 -132 -6 
68 -70 -85 
10 -121 -70 
-107 59 -88 
-141 145 63 
-115 85 -116 
-150 8 -99 
-23 -112 -53 
27 13 23 
10 -55 -81 
-97 -48 -83 
-62 -51 -68 
-143 139 -52 
-7 -92 -59 
118 -109 22 
-12 4 17 
-48 76 -88 
-76 -124 -36 
-3 60 131 
-115 57 -48 
-15 -3 -4 
-55 -124 33 
103 11 44 
44 32 91 
-83 23 84 
-103 95 112 
-26 47 -104 
-17 56 16 
65 -88 128 
102 -45 -4 
41 -20 -137 
-9 -37 -132 
-83 -120 107 
146 -115 79 
-48 -24 -128 
-24 -55 20 
-5 -47 -94 
34 -50 73 
97 3 104 
26 27 56 
12 -70 108 
88 150 -44 
132 -63 -72 
-147 70 -18 
-79 28 5 
7 -135 -83 
-11 42 -70 
-21 -94 -9 
15 142 111 
-58 47 4 
-3 -4 111 
-140 87 -108 
-37 15 -60 
-34 -62 126 
-2 -34 -102 
149 108 -35 
95 -55 -53 
39 40 115 
-88 83 131 
36 74 13 
98 -19 -115 
-13 -27 2 
61 114 -130 
96 48 91 
58 -112 64 
39 -145 -133 
18 48 113 
-78 60 -50 
-4 -74 10 
39 12 34 
-13 38 57 
103 27 -143 
43 78 -116 
-143 -9 -144 
78 62 7 
-106 -60 -133 
39 -1 22 
123 40 143 
-147 -34 51 
-46 94 -122 
24 -69 4 
47 -35 -44 
-2 -117 139 
101 -72 -18 
76 -16 -55 
-44 -68 -107 
-99 -51 -76 
-12 -116 46 
-85 -133 -20 
41 -2 64 
-22 -7 -96 
-33 -1 145 
58 -64 99 
146 -95 -59 
-92 -135 43 
110 -30 21 
-69 28 -87 
-26 -22 -52 
77 112 127 
24 -124 145 
-106 3 82 
-14 145 13 
91 18 -98 
-4 -104 -33 
-115 8 56 
122 -11 1 
-34 118 -120 
38 65 81 
-77 -23 1 
15 -123 -136 
32 -39 -27 
106 3 25 
47 71 -75 
21 18 83 
5 29 -50 
1 -3 -87 
-37 60 93 
66 109 -41 
2 71 9 
-113 117 103 
-47 148 144 
-13 -109 62 
-41 57 -62 
-60 -109 -73 
-65 51 -26 
80 -43 -8 
-149 125 -39 
-146 -46 139 
121 -84 124 
-69 -23 -38 
21 9 18 
-86 18 67 
-9 4 8 
-54 34 -60 
21 142 -81 
-26 -18 25 
13 92 52 
90 -121 -71 
-12 124 43 
-5 144 -70 
33 23 -102 
101 16 -12 
-50 -61 -58 
130 122 93 
-34 -69 -46 
131 -7 -89 
-31 -108 -2 
70 -118 17 
76 -90 -133 
-49 -3 16 
26 -67 78 
-77 -102 -136 
57 22 -121 
15 -144 -18 
8 12 37 
-103 -64 63 
80 -121 -41 
31 -25 63 
135 80 133 
-50 70 -68 
-72 -76 63 
-40 129 63 
-109 -122 -121 
-107 37 -59 
-32 66 84 
-82 -102 45 
105 -141 -150 
-98 35 114 
97 123 134 
86 117 -70 
-127 84 55 
-17 -6 76 
-97 -33 93 
-38 49 -55 
22 -14 32 
-51 65 28 
123 -52 -36 
92 -72 122 
3 52 -27 
-24 -137 -8 
-17 71 -111 
145 6 141 
-62 -16 44 
-20 -54 97 
27 76 5 
36 149 12 
-92 -57 127 
-22 -50 140 
4 91 -37 
90 -8 140 
45 -92 -28 
-86 61 103 
15 29 141 
-3 -34 125 
-65 -11 -62 
-43 -99 -92 
-6 43 2 
128 26 15 
-80 -2 -86 
-147 53 -78 
63 10 8 
111 140 38 
68 -2 -69 
-95 -38 -139 
1 76 -19 
-116 50 59 
-18 101 -75 
80 28 -38 
102 -12 -55 
-21 -121 72 
90 55 31 
-38 62 -41 
78 5 -99 
69 80 -86 
87 10 90 
60 103 -87 
6 -44 -23 
-60 -38 76 
53 -66 23 
8 -103 -64 
-58 138 -10 
44 104 -101 
43 91 -31 
-143 69 -21 
149 -78 -59 
-134 148 91 
-136 -83 72 
125 -62 115 
-15 35 -76 
-122 145 -148 
1 8 -105 
82 140 85 
-83 44 73 
140 -34 -86 
148 118 -126 
-29 16 -150 
-117 -136 -92 
-104 118 135 
-88 -28 -124 
-139 -46 79 
-37 -31 -67 
84 41 -126 
74 -55 -28 
111 54 11 
-94 20 -21 
3 -31 133 
-81 -3 134 
-104 -110 62 
-67 -117 131 
106 128 77 
67 -55 97 
38 120 61 
-72 -138 -149 
-32 102 -27 
-112 -6 -7 
145 -23 96 
92 -2 41 
