-82 112 -144 
-133 -39 -87 
-65 25 138 
-88 -7 -36 
81 104 67 
76 53 -75 
-33 100 42 
-15 -114 1 
13 -136 75 
101 111 -44 
7 -5 -3 
-6 -89 62 
84 -21 -23 
135 -125 13 
-142 34 67 
-91 37 144 
-94 -53 86 
-103 -134 -102 
16 -53 20 
97 40 34 
-22 125 16 
-91 -55 -35 
-97 9 100 
27 -35 -147 
-90 -31 -42 
-57 -66 95 
31 -42 -147 
28 -81 -14 
-1 -43 -23 
-85 -78 -23 
18 38 -29 
-7 -126 -107 
-74 -121 -134 
-40 -67 4 
-6 20 -54 
76 -60 -113 
-19 131 104 
3 -130 -100 
87 -22 -57 
-37 -1 116 
-5 -39 3 
143 -94 97 
30 57 -81 
51 124 92 
-31 114 72 
5 -108 -147 
52 -50 48 
79 -71 63 
-91 -39 -7 
-53 13 145 
-140 13 79 
76 -27 54 
-2 120 -89 
-3 -12 51 
-66 -75 136 
-49 -113 143 
58 -115 61 
-6 50 -13 
-119 55 62 
53 26 -83 
10 -30 -78 
60 -84 -148 
-2 57 95 
-141 104 86 
-2 -150 -66 
-88 -30 147 
85 -12 -41 
-60 -51 -146 
71 -102 -87 
-132 -140 -111 
-26 -69 27 
21 20 134 
4 100 136 
-6 -89 65 
-107 -93 92 
61 73 39 
104 47 134 
148 -124 -115 
-21 -63 150 
-5 -73 121 
69 -51 43 
-110 -142 52 
120 60 -43 
47 -24 -84 
61 -147 -60 
-93 -45 43 
111 22 -64 
-88 10 -30 
-90 141 -91 
56 17 11 
-149 67 138 
106 -23 -68 
-25 4 143 
17 38 30 
-1 -79 -28 
-121 -115 -78 
-64 -7 -106 
58 21 13 
26 63 -2 
-24 13 39 
-51 61 2 
114 60 110 
88 95 -135 
29 87 -116 
3 59 -102 
11 34 10 
90 38 3 
22 134 28 
140 -8 -22 
4 16 -80 
67 -102 -47 
30 29 -82 
-30 37 54 
-44 -138 130 
-144 100 14 
-64 95 53 
1 7 34 
52 -34 143 
44 -5 104 
-123 9 50 
-22 -107 -23 
-13 -21 64 
82 67 -126 
-34 108 -128 
-50 -13 -87 
66 69 145 
-31 114 47 
-120 91 8 
-41 4 -2 
-58 -77 -136 
-93 -119 41 
-135 124 16 
-48 -33 -10 
-37 -133 123 
8 -82 130 
37 118 57 
-78 -2 42 
-37 24 -140 
110 -113 -148 
98 -15 -74 
141 -19 -28 
40 -140 130 
-79 52 149 
-43 -61 53 
88 -18 -134 
142 106 -132 
99 -26 10 
74 -132 -127 
103 -98 89 
26 42 48 
49 132 -78 
-9 -44 38 
-102 129 -10 
79 -119 139 
34 -43 -28 
-127 98 -12 
63 112 -10 
102 14 -1 
118 50 -77 
-57 -137 -15 
-65 -53 100 
7 -19 110 
-8 112 7 
88 72 148 
86 28 -78 
102 -117 -115 
121 18 -127 
53 31 -59 
-40 -96 -28 
-20 64 149 
-76 -70 -125 
1 109 113 
-130 -32 120 
-2 106 -71 
13 118 -64 
48 -130 -46 
-73 76 -45 
81 12 -46 
-117 102 -84 
-10 -22 -5 
-71 49 -103 
-101 -127 -10 
-86 19 11 
112 54 24 
-14 -52 17 
-130 -110 -119 
149 -89 76 
-81 1 -61 
-16 50 119 
-134 50 -11 
-78 -131 -145 
127 -24 121 
-44 -68 -131 
16 -29 -86 
2 -144 117 
-69 -63 119 
-73 26 -103 
138 54 -47 
40 -39 2 
16 -51 -22 
127 -26 70 
91 12 63 
-34 45 18 
-146 -37 -66 
104 -74 84 
-149 -2 48 
-40 -117 15 
-58 -86 150 
81 57 -76 
-122 46 -94 
-26 -55 -40 
-33 -2 58 
-113 126 -134 
-38 -102 -29 
2 143 95 
-17 97 74 
150 -15 -21 
-132 -11 29 
88 -128 32 
-4 -53 -2 
75 -16 125 
1 -40 -67 
91 -30 -18 
111 95 44 
3 19 -46 
21 -52 -120 
-125 6 16 
-5 124 -89 
-20 -73 18 
80 113 32 
81 3 105 
-45 100 -42 
51 -3 39 
136 -110 53 
-113 1 141 
-19 -26 -101 
137 130 53 
-35 -1 -142 
-77 -11 108 
54 6 40 
-20 21 73 
-32 33 -126 
80 -122 55 
67 121 120 
-67 -58 41 
18 34 -33 
20 -79 -118 
143 -88 94 
-35 -89 -34 
30 75 -34 
34 31 -3 
122 -23 134 
-52 -30 67 
127 141 -58 
-27 70 -73 
-67 114 -127 
13 -2 29 
-3 48 -105 
119 -147 53 
-81 10 13 
-94 -49 81 
-68 16 -148 
25 98 75 
122 -17 -112 
72 -38 -113 
-99 -58 -100 
-93 -86 95 
113 41 74 
-113 12 -83 
-5 53 29 
-11 104 95 
-10 68 -123 
-7 6 -24 
51 66 127 
69 88 91 
-141 109 147 
6 78 -41 
2 47 -9 
109 -45 67 
15 -104 -92 
128 4 73 
98 79 -114 
94 -75 -16 
-134 -116 75 
12 -87 14 
-104 86 -14 
-140 -142 148 
-2 89 -44 
-57 88 51 
-1 -14 -97 
-71 -74 136 
-33 -116 -146 
-21 -130 20 
107 4 -105 
119 -81 -2 
-66 4 -149 
-72 50 35 
101 -121 144 
17 18 66 
-93 -7 -11 
-11 -121 -45 
135 -99 -80 
-79 148 -139 
104 -107 55 
-12 -52 125 
-63 -6 -41 
1 138 -55 
-138 -26 -24 
-110 -19 57 
120 -8 9 
-108 12 29 
135 -43 48 
-72 115 35 
-133 -124 146 
150 -70 136 
-84 34 39 
-67 -105 -52 
40 69 -105 
54 91 79 
73 -92 14 
42 126 2 
6 -3 33 
133 5 131 
-93 54 -1 
-18 -101 139 
-75 28 61 
-113 74 122 
-52 -84 70 
-15 49 52 
44 42 -67 
147 13 5 
-82 57 -22 
-62 94 -120 
-38 30 -55 
54 -21 39 
-50 -36 -48 
-91 69 -2 
17 65 41 
-34 -10 105 
129 16 4 
59 -5 -55 
-116 134 -137 
80 -57 -4 
-83 -5 -78 
-21 102 93 
68 86 49 
-103 84 4 
41 -82 -113 
-13 12 -24 
8 82 -44 
-74 6 -65 
93 13 -128 
-62 -23 -113 
-16 143 -10 
7 1 -24 
33 3 -14 
90 -119 -85 
11 61 97 
-11 31 20 
22 -96 50 
117 -126 -96 
-24 -91 15 
-73 19 66 
-14 -123 129 
142 -3 46 
80 -62 61 
-134 7 -55 
-14 15 -2 
-21 92 1 
-40 -18 -118 
-42 84 31 
-141 -96 -1 
147 46 -13 
6 -13 -26 
10 -23 135 
126 -42 -4 
-12 23 31 
-137 -73 -75 
-100 -46 -72 
-150 118 59 
-40 -131 -6 
40 130 142 
-54 125 42 
-67 -28 -90 
-70 58 -124 
-112 -127 29 
-64 -63 -42 
-56 -5 133 
-15 -74 73 
-14 24 32 
60 -128 -13 
-27 17 -2 
-12 -15 -28 
139 -21 -29 
67 -132 49 
-130 13 -98 
35 -125 -78 
40 -102 91 
27 -140 98 
36 7 -104 
-4 18 -16 
-8 -103 64 
2 -112 26 
50 -68 18 
-83 72 36 
-23 141 53 
127 103 -95 
-86 68 118 
-72 -8 37 
19 93 51 
-147 30 81 
70 -139 -29 
-148 14 -58 
8 -39 -149 
104 -39 71 
85 142 -58 
63 -88 50 
-114 133 -62 
112 130 -105 
125 -18 -64 
16 -17 93 
94 -116 -128 
16 35 112 
37 -6 65 
10 -82 -91 
-41 115 35 
118 -110 -2 
30 14 76 
-97 38 123 
-4 110 -35 
74 72 -79 
-2 87 -4 
16 -106 42 
106 -61 -68 
5 82 -2 
-36 129 38 
-20 119 37 
-148 87 102 
-3 -69 -30 
38 -113 -143 
-8 22 115 
9 82 -67 
-69 8 -74 
-121 -87 -115 
-3 79 47 
-95 5 29 
-83 -2 37 
81 -70 -25 
135 8 -31 
-10 126 15 
12 -71 122 
74 -92 -1 
-8 3 -66 
150 -19 46 
68 -64 -30 
116 121 -97 
-10 23 -22 
-127 40 -136 
-123 -80 132 
4 65 -48 
-94 39 92 
-80 130 -120 
-99 108 32 
-3 -77 -119 
-44 110 -18 
-22 100 -63 
3 -12 24 
-103 -6 102 
43 -96 -59 
-132 -40 -130 
-8 131 40 
120 8 -64 
-136 18 -117 
5 -1 89 
26 -7 -46 
-88 65 -149 
-66 15 117 
-33 82 -141 
108 136 67 
-68 -33 -100 
37 -20 -75 
83 -9 -141 
-36 -14 10 
-64 112 -60 
-147 -37 -42 
-50 93 -94 
57 -116 -10 
-27 101 -77 
-150 -141 -109 
-7 -19 141 
30 -82 -50 
27 -99 68 
-74 33 47 
-15 41 -75 
77 138 -119 
-30 -33 -88 
42 -89 -46 
-143 -131 -4 
85 11 -56 
129 74 -106 
128 136 -2 
134 131 -123 
-137 89 127 
-31 11 126 
95 135 103 
-13 62 125 
-113 59 1 
-23 76 6 
22 32 -61 
-63 -21 17 
-88 -11 4 
-123 137 -104 
60 38 -133 
-9 -144 -65 
-33 -146 124 
-38 3 -77 
118 4 -126 
103 126 -83 
-130 1 4 
147 -130 -91 
-5 13 82 
-100 104 -6 
105 -125 146 
-116 -135 83 
78 -13 -113 
-7 5 -55 
-137 -31 -45 
22 -96 101 
-147 2 -118 
33 -130 52 
135 48 -117 
-112 63 124 
-32 108 -118 
-9 20 78 
95 -87 48 
123 -44 149 
-81 -35 93 
34 119 103 
-105 11 -13 
96 -84 9 
96 -82 -49 
55 -40 -45 
-52 -28 -129 
31 -131 -55 
48 -17 -14 
3 -134 95 
3 29 -150 
-59 -66 -54 
15 73 74 
95 -113 -149 
-25 -96 71 
81 34 96 
63 -36 65 
-87 97 20 
-141 31 78 
-108 -60 -92 
107 40 84 
-8 -34 137 
-27 55 68 
-26 98 -80 
-140 -69 8 
-6 -12 24 
52 -133 132 
4 100 50 
5 81 48 
4 34 82 
32 116 -80 
89 -16 110 
-9 -125 53 
-2 149 147 
8 -19 24 
-141 33 99 
-1 -129 -124 
57 8 11 
49 46 -41 
44 -23 9 
63 129 88 
65 -42 21 
69 138 -24 
88 1 -14 
-20 -69 4 
69 41 -82 
-59 72 70 
-69 13 84 
-138 -6 -78 
7 -144 120 
9 6 100 
-23 -24 16 
77 -27 66 
6 125 -82 
-8 -49 -65 
-30 80 18 
9 21 103 
89 18 -116 
-145 88 4 
-114 -53 -50 
19 91 -83 
149 -102 133 
-92 50 68 
-16 27 -23 
