-27 -77 122 
30 93 53 
-39 -29 -54 
69 -138 -65 
-22 -51 54 
-142 73 -7 
39 56 -58 
48 -132 -37 
-67 7 27 
42 38 119 
-49 -81 -64 
65 -113 -45 
46 -7 109 
26 108 55 
-84 39 -57 
77 -3 105 
55 61 -90 
-121 -88 11 
16 55 -20 
85 23 -13 
-27 -3 -44 
78 75 -11 
94 -59 -4 
3 -102 46 
-38 -45 -15 
57 -45 13 
-72 36 31 
24 -107 39 
126 124 -29 
-15 91 -3 
-69 -146 -27 
149 -69 -118 
143 15 44 
-53 2 -35 
69 95 29 
13 -64 94 
127 81 -52 
65 -1 124 
-74 -11 -68 
-25 91 -130 
-82 -61 -13 
-44 13 -3 
140 -102 89 
40 -94 64 
57 41 -117 
-39 142 135 
98 -105 114 
-88 9 -104 
-86 -101 73 
-49 -79 148 
-16 -104 63 
28 -116 -43 
-127 81 85 
-145 -100 -39 
32 30 3 
-14 -22 -15 
-119 143 -31 
137 -92 -65 
-17 -24 83 
-8 85 -28 
-68 30 -4 
-26 -42 -130 
64 3 75 
130 97 148 
49 -20 92 
-48 1 -108 
4 5 -62 
56 -62 15 
125 94 8 
28 13 -149 
-1 5 -67 
-37 -70 87 
-143 106 23 
89 119 103 
-145 79 125 
88 -4 -18 
130 -17 111 
-1 94 -60 
-24 72 -14 
-28 7 -17 
-1 130 -31 
-68 63 2 
-120 28 -20 
23 -48 46 
-96 67 -68 
57 29 -5 
39 7 9 
-37 139 40 
31 100 5 
-148 61 -100 
25 -117 -71 
-48 19 137 
-47 134 -65 
12 148 -17 
-46 22 70 
85 -119 139 
-22 4 40 
-113 -130 29 
-25 -138 24 
-131 70 -15 
34 53 78 
-21 -132 -23 
-20 -66 44 
59 6 -1 
94 139 -2 
25 -143 -65 
10 11 -1 
-44 -23 34 
3 16 -142 
26 112 -41 
115 -74 17 
-41 -82 -134 
11 -31 -7 
116 113 148 
-137 -43 49 
84 137 -49 
-136 -75 -22 
-29 -54 -14 
-132 27 -1 
-43 22 -11 
9 31 43 
59 -6 106 
9 -16 15 
51 -109 -1 
-46 -67 51 
-11 -63 111 
-103 50 95 
-97 -31 28 
-79 -1 34 
30 -94 -3 
64 27 100 
-31 -94 7 
4 133 -47 
-123 97 80 
-10 4 -89 
54 -127 -98 
-3 65 141 
11 -89 -13 
-2 118 14 
111 27 -63 
-104 100 -99 
26 98 -80 
-87 32 3 
13 148 134 
-65 24 -56 
70 123 -109 
-36 -63 -48 
1 -23 -110 
71 -14 6 
82 116 -146 
12 86 4 
-9 4 -25 
-11 -25 62 
15 -48 -72 
72 -35 9 
55 27 97 
-117 -91 -16 
-119 -6 -36 
37 -66 -52 
64 -114 45 
37 141 -14 
-35 -115 -89 
144 67 42 
-11 94 84 
12 115 24 
-43 -9 82 
35 64 14 
-93 33 -101 
-128 -4 -62 
-26 -21 -74 
-54 -119 -28 
44 90 -14 
-83 79 122 
82 -47 -105 
34 -107 59 
7 -80 3 
32 -1 -17 
30 -18 -116 
-73 -66 60 
-121 116 21 
119 -120 54 
136 51 -41 
-28 -21 -12 
-67 -86 69 
-93 -60 -53 
10 38 -21 
10 24 79 
22 -123 -45 
-126 -73 77 
92 1 43 
-63 51 4 
106 -89 68 
114 62 -55 
97 123 103 
108 24 138 
149 63 -47 
130 -97 -21 
-39 5 4 
56 -26 -71 
-68 -16 76 
89 -75 -23 
-140 28 134 
-82 -108 54 
-27 111 147 
64 -70 -21 
-10 130 -132 
105 109 130 
142 25 -87 
-67 149 56 
117 -68 19 
112 -4 -124 
59 -49 28 
-121 -55 7 
-142 51 -18 
88 -132 -14 
-16 66 124 
31 74 -58 
19 -107 -102 
83 -141 -71 
77 2 7 
-16 -91 97 
108 -128 49 
3 116 -24 
-10 -93 27 
-149 116 10 
71 13 36 
-14 -22 -107 
-109 114 -10 
32 -82 -15 
146 -109 69 
80 35 -144 
6 -2 105 
11 -33 14 
12 -41 80 
32 -51 -41 
-51 -69 52 
68 83 -20 
117 -88 49 
14 81 61 
140 -42 -145 
142 -18 25 
-68 2 -81 
112 120 -105 
-7 21 -51 
33 -104 -26 
69 60 90 
-77 -79 -5 
38 -70 53 
-10 3 40 
-17 -77 11 
-36 59 2 
120 122 -48 
40 106 -31 
-22 11 136 
-89 -30 -20 
105 22 43 
-144 11 24 
-6 3 43 
-2 -116 -10 
-149 -14 -94 
50 32 -20 
5 -92 -13 
127 1 -132 
137 -134 140 
20 65 2 
5 -120 149 
-98 -86 85 
-95 -6 -90 
-31 -142 -35 
-132 35 42 
117 45 26 
-12 -32 104 
65 71 -147 
-58 2 -64 
2 -79 -29 
61 5 -38 
-22 144 108 
3 137 96 
-25 2 37 
-94 -27 127 
57 90 -38 
100 -45 -108 
-145 65 -122 
116 46 -51 
120 -2 -74 
-82 -120 2 
-132 -47 16 
-98 -71 21 
-61 -101 112 
39 -124 -80 
-3 66 -10 
125 24 -72 
-1 -35 126 
121 7 78 
-144 -5 -124 
-54 -62 -36 
-54 94 104 
-70 15 -31 
29 -5 58 
40 -21 -123 
72 -46 -8 
-45 -135 35 
-96 144 90 
108 -143 -90 
24 -18 -148 
40 36 137 
-4 -6 128 
12 37 20 
-108 -117 -146 
27 48 5 
29 -60 39 
-139 -34 -35 
119 -68 6 
-74 89 128 
-80 -97 -12 
-7 -80 -6 
-129 20 90 
-66 129 -90 
142 130 -51 
109 103 107 
37 -74 87 
-41 70 -1 
-38 8 9 
-142 111 -102 
78 -11 71 
-129 -90 -8 
-37 7 91 
-148 -41 135 
84 38 95 
-20 -143 -25 
1 -110 149 
-5 119 -6 
94 -140 86 
-65 118 -145 
63 111 139 
-5 67 -119 
-56 -120 -40 
-66 -47 7 
-11 -36 -39 
-2 -3 -34 
25 -85 112 
55 -94 37 
-142 -107 133 
-88 116 -68 
62 47 94 
-110 49 23 
129 7 -1 
93 13 125 
79 -33 -107 
-32 117 -1 
-16 104 92 
130 64 -99 
107 22 -114 
-122 33 -138 
140 -149 -33 
-112 71 -107 
92 -13 -15 
-129 87 -10 
118 -63 132 
18 15 -43 
-53 128 -16 
-106 31 -144 
-140 35 48 
28 -137 131 
140 -1 -14 
9 -119 11 
98 -90 -135 
58 133 101 
30 -72 -71 
10 -29 -38 
2 1 11 
108 128 81 
70 96 -12 
77 -42 129 
-48 -1 103 
29 -102 34 
108 105 -148 
-106 81 36 
54 28 97 
-133 1 -21 
-104 35 -9 
95 123 150 
143 -65 17 
-121 -54 -3 
39 -10 -107 
24 13 130 
-138 25 80 
-94 -144 -15 
2 118 144 
37 -120 -32 
67 -53 -17 
-36 -25 -2 
-5 18 21 
1 -15 -8 
51 2 13 
-6 -11 91 
-58 -23 41 
31 -55 92 
85 40 -80 
123 -95 -16 
88 -31 63 
-29 -65 13 
-74 -146 -45 
35 -71 62 
-32 -138 22 
-76 25 -13 
65 -1 -18 
-38 -23 -10 
-29 -43 106 
109 103 -3 
8 126 -21 
23 -108 -9 
-85 -89 71 
-42 112 -67 
136 110 -144 
44 29 47 
-65 -121 -45 
83 7 -142 
11 55 -134 
-28 76 -140 
-32 40 -1 
33 -32 35 
-66 48 -29 
-141 -113 29 
37 69 18 
-69 -25 -73 
-132 -37 1 
103 139 -69 
35 -51 -125 
-58 116 88 
70 -59 -55 
62 -148 67 
-59 -97 -29 
-14 -85 77 
-109 -35 129 
-113 -35 109 
33 4 141 
-108 -124 101 
12 90 -58 
-122 4 34 
6 -64 35 
-55 108 -78 
-29 59 -120 
-111 -43 -14 
7 11 -93 
143 142 4 
-1 -60 135 
-101 -49 5 
-76 -9 -95 
30 47 18 
2 -68 -101 
-140 141 -78 
-86 -149 -36 
-127 98 -9 
89 7 23 
-24 -105 48 
-32 -145 5 
17 -2 122 
76 -131 -34 
71 1 -85 
18 16 -137 
-59 -24 -60 
109 106 99 
-14 13 -115 
29 -68 -99 
90 -60 -76 
-99 -3 111 
12 28 38 
5 137 -127 
103 17 30 
-42 82 -110 
-55 75 -19 
-44 2 4 
-115 -138 -87 
-53 -17 -9 
149 -129 -80 
-115 4 63 
-21 -84 -53 
7 -63 4 
-10 28 -9 
114 37 55 
-1 -84 -113 
126 48 77 
-96 -82 12 
-29 -3 -36 
-7 -66 -18 
30 73 18 
20 55 -2 
-24 14 150 
-49 16 83 
-120 37 55 
13 97 50 
22 -27 -144 
49 -116 -11 
-14 -6 -127 
-75 -42 17 
13 33 -133 
-26 32 17 
-5 136 8 
-145 -126 18 
77 75 148 
-1 109 11 
-32 -40 -4 
-135 -141 -41 
106 -14 -55 
-51 -41 43 
8 47 96 
-26 23 -9 
83 -150 -87 
-88 -62 112 
-28 71 -16 
-49 -17 -100 
-7 -34 -1 
-52 99 -16 
-5 -16 82 
7 -4 29 
48 -2 14 
139 -118 -77 
-35 -65 -147 
38 -6 -80 
7 -37 48 
-92 101 -20 
-47 -40 -88 
-21 114 -64 
-81 -26 -105 
96 -70 -101 
-57 -9 99 
1 -3 40 
-24 127 81 
110 -121 -143 
12 -88 45 
102 141 103 
-24 83 2 
-69 92 -79 
-74 117 28 
38 -34 135 
62 8 -2 
18 131 26 
67 -122 19 
-78 -19 -29 
-93 -53 97 
93 -85 118 
-8 33 -105 
122 37 -41 
26 99 34 
41 115 4 
57 -37 14 
38 -27 113 
144 -24 -134 
-143 77 -91 
-144 35 119 
116 -45 57 
-52 128 88 
-26 4 -32 
95 104 81 
17 78 -23 
27 -128 144 
70 -48 -20 
-69 121 8 
50 109 9 
103 1 81 
-118 -87 -24 
-24 -72 -92 
41 -66 -135 
-106 146 140 
-74 -136 -27 
97 -101 4 
-49 7 113 
124 91 -96 
73 70 54 
18 6 50 
-124 -8 77 
-29 42 14 
114 1 -55 
-128 124 -96 
63 -4 27 
81 -33 108 
8 -25 69 
112 -9 149 
55 -80 -32 
5 -14 -86 
-18 -145 53 
25 6 -133 
-98 -76 77 
-124 -51 15 
-67 2 -23 
-84 -65 -104 
132 82 -14 
-101 117 -85 
87 119 -37 
108 -31 147 
-108 63 47 
-137 136 -56 
70 -108 -142 
111 3 13 
99 -25 -45 
-14 139 27 
-108 -37 -59 
31 -19 -6 
133 2 5 
