-41 -11 -7 
29 -16 133 
40 35 -116 
-121 44 -124 
112 -111 81 
39 -94 -73 
-57 37 31 
76 3 -144 
-71 -109 53 
-31 1 5 
49 -16 68 
-62 -34 -114 
-86 83 2 
-130 138 13 
-132 -45 7 
-130 3 4 
-6 30 -72 
93 54 -21 
90 134 70 
-14 -105 32 
46 29 75 
-127 120 107 
88 -29 -42 
20 -5 7 
-145 2 86 
-19 149 -11 
-56 -79 -54 
-110 -40 -34 
-117 -52 -32 
52 96 -54 
92 -120 37 
-10 -141 -36 
62 77 -136 
-96 49 120 
-134 29 -69 
33 -120 -127 
117 99 142 
122 56 59 
-30 -121 93 
68 -4 -123 
-86 -119 -142 
56 -37 -94 
-150 4 -28 
-16 79 -84 
31 59 61 
67 -150 -26 
-71 40 -46 
-58 -40 52 
-54 14 80 
144 -94 -12 
4 39 64 
-108 9 103 
57 61 -27 
24 -126 137 
52 -8 111 
-117 9 -58 
29 -67 -11 
91 -41 14 
-51 -80 -81 
-118 98 -29 
-79 -35 -1 
-149 16 -47 
-14 -2 58 
125 -9 -89 
-83 10 72 
22 -105 47 
145 -66 83 
136 115 -132 
-111 -49 -44 
17 -42 -108 
28 -55 6 
-61 -5 120 
1 -13 -107 
-68 -48 -53 
94 7 -144 
76 66 -120 
17 97 -110 
45 89 81 
-77 -82 72 
-12 82 21 
-40 117 142 
-79 -3 111 
-23 -130 48 
124 4 -10 
61 134 131 
-30 -128 -55 
-6 73 37 
77 -147 -134 
139 67 -4 
31 -117 -14 
-150 129 -19 
3 -35 -99 
-1 -55 109 
-59 107 1 
150 -60 -102 
122 80 -22 
-38 15 -87 
150 -80 -50 
14 5 -28 
78 -35 40 
81 -97 -144 
-146 -129 -47 
-90 30 -25 
-59 106 20 
-40 62 -68 
-63 90 -26 
-81 -16 37 
14 58 42 
142 136 -102 
49 142 -40 
-105 136 -65 
-100 -15 -102 
110 -4 43 
-123 113 138 
125 -26 -85 
-100 -37 8 
-22 -61 -82 
119 -9 68 
-125 132 -121 
-106 -120 143 
16 -45 1 
-74 1 53 
-44 -8 -123 
-35 -133 11 
-28 -90 91 
143 46 -11 
25 89 -55 
-30 146 105 
100 -13 14 
101 -127 -90 
-148 15 -51 
-17 -5 -51 
-69 -28 131 
-24 134 9 
-59 -114 11 
131 -124 95 
-60 146 31 
17 -119 -117 
111 82 -113 
-25 38 -54 
-7 54 47 
-78 -61 -109 
2 -8 -1 
-136 13 12 
144 27 -68 
20 53 -80 
71 3 -123 
-27 -143 -111 
83 114 -24 
90 -55 116 
-122 95 24 
65 62 -93 
-29 77 -15 
7 -92 14 
22 -11 -66 
77 36 -109 
10 -148 -9 
104 42 -17 
91 -141 11 
14 -89 52 
82 -20 122 
116 -94 110 
73 70 -126 
121 100 25 
85 62 77 
-25 -133 132 
3 38 75 
-19 -37 -2 
27 75 -138 
109 7 -15 
38 -96 -20 
-9 -57 136 
-4 37 115 
-6 20 -97 
40 -32 -128 
112 131 -16 
79 126 150 
-87 128 56 
34 -8 16 
26 27 76 
40 -31 72 
121 55 104 
117 -116 -80 
-94 104 138 
-61 -130 -150 
34 -58 70 
128 37 -127 
149 -72 -136 
-12 -1 4 
10 58 -91 
-113 -71 -23 
-60 -133 -32 
102 69 30 
2 63 -34 
36 43 106 
31 84 63 
95 -46 17 
106 -77 -51 
-8 108 -117 
64 30 -51 
115 -10 30 
-8 1 103 
-80 88 -99 
-110 30 72 
77 -102 78 
-33 3 -44 
-75 -92 -16 
20 44 -118 
26 15 -49 
81 -4 54 
73 -123 -112 
-34 134 -121 
33 -132 96 
24 -3 74 
-107 43 40 
35 -31 -67 
-6 11 96 
-5 -133 27 
16 137 -101 
106 -11 -37 
134 92 29 
93 -128 91 
-142 -12 -131 
-76 81 70 
-32 73 -75 
-42 -113 141 
-38 149 64 
105 -57 19 
6 27 25 
-140 145 -8 
38 6 -63 
15 -51 96 
-61 80 41 
-148 28 -144 
-85 41 58 
-76 137 -39 
-74 82 139 
-86 80 -12 
146 112 32 
-135 -147 65 
106 -2 130 
55 24 8 
-9 -52 -68 
106 101 -95 
-78 -148 10 
2 66 -82 
-113 -66 135 
109 -68 -17 
-23 -84 73 
-129 7 100 
87 -70 92 
74 -99 9 
-111 -73 134 
109 -84 -106 
114 -70 4 
126 -28 83 
-21 -35 144 
54 -80 -48 
40 140 -66 
103 60 105 
-122 94 -57 
94 87 142 
-1 56 44 
-52 71 138 
-58 25 17 
-46 54 65 
-28 -134 136 
111 -126 49 
21 -63 -121 
118 -65 -141 
103 -141 -76 
-34 67 -144 
47 14 -60 
80 -140 8 
-27 -90 -19 
108 -2 119 
2 -40 -36 
-70 -81 115 
-149 114 5 
-68 -86 14 
2 83 -45 
36 65 120 
121 -10 -51 
56 -98 145 
-83 140 -11 
-136 -62 6 
84 23 148 
3 -101 63 
47 -113 43 
39 -40 -97 
18 -56 -104 
-106 -87 7 
55 -110 -17 
132 -40 5 
-93 -43 -58 
10 -18 102 
-44 -4 31 
-6 -147 51 
-54 122 -67 
-107 16 -86 
-21 13 61 
126 -7 101 
75 77 132 
110 -107 19 
-134 98 -145 
-120 -15 34 
137 65 40 
13 69 54 
-130 9 12 
147 -113 22 
-146 107 28 
8 65 122 
37 -111 47 
-27 -110 9 
4 -15 53 
-54 44 -5 
44 -106 54 
18 -7 -35 
-23 128 4 
-82 -30 -87 
-38 84 23 
42 -56 15 
-117 49 -31 
-52 -20 -128 
-54 -72 33 
32 -82 135 
-103 16 -15 
-19 18 60 
-95 -5 20 
-148 122 88 
149 4 25 
69 124 -17 
-93 -38 13 
104 64 -80 
-9 137 40 
65 -40 124 
-46 56 -79 
-62 -13 -27 
1 18 56 
-121 26 -61 
55 -28 -61 
63 134 60 
42 -83 16 
149 52 30 
58 -70 -73 
47 -1 -44 
-136 -29 -23 
126 -10 -2 
89 -42 -46 
-28 -148 56 
-43 3 -120 
79 -61 -60 
65 113 -51 
66 -45 -91 
130 33 127 
1 107 -130 
7 -56 -101 
11 -24 50 
46 108 -25 
-39 -69 125 
-136 -27 57 
41 -132 -3 
33 129 -146 
24 -86 -28 
98 -82 -18 
-136 -116 -23 
-79 38 103 
-14 -31 6 
64 77 -2 
-138 -19 133 
4 -21 -7 
-62 -36 108 
86 -124 49 
32 28 -57 
145 -66 -82 
40 -23 39 
1 -116 -90 
52 -139 -147 
-7 48 -37 
-132 11 -75 
-67 -28 -20 
-22 52 -79 
137 -6 43 
108 -104 90 
101 -108 -147 
69 8 126 
-79 40 71 
104 60 45 
-74 99 -49 
69 -26 -46 
29 76 6 
12 -66 94 
125 -113 -35 
-13 -9 -2 
-83 -2 -4 
-6 29 98 
-1 -82 -143 
-28 47 -13 
8 136 16 
114 -104 54 
104 -1 60 
81 80 -46 
121 -91 -126 
-29 47 -99 
-99 66 2 
-2 -112 119 
-4 -125 -54 
39 10 43 
67 46 -102 
2 -20 -28 
-84 101 53 
-57 -104 56 
-28 42 38 
-139 16 67 
104 51 90 
39 -24 56 
-100 -54 -5 
44 -137 -96 
18 -89 -138 
122 83 -145 
-115 -18 -59 
132 -79 142 
132 148 -94 
-81 -79 -40 
31 -13 111 
-143 -52 70 
4 42 -107 
10 125 9 
-1 -126 116 
-5 11 79 
-30 32 -93 
-40 -110 133 
11 -1 -59 
28 -26 -61 
21 -125 51 
128 -69 -86 
69 128 7 
5 -96 45 
89 22 -41 
137 -106 123 
-126 -69 146 
-18 -58 20 
-71 -128 33 
-18 59 -9 
6 11 12 
81 -137 4 
-140 20 -128 
98 -86 -62 
-12 -38 63 
58 15 62 
-103 100 71 
62 6 2 
53 148 -33 
-9 61 -62 
-63 -101 -1 
-70 -147 -60 
-15 19 -115 
-51 11 -44 
137 5 37 
5 40 144 
138 70 31 
-2 33 14 
-41 -124 -32 
-9 -48 147 
19 7 26 
24 -56 77 
111 -139 57 
-116 -24 -30 
14 80 70 
-120 -89 139 
103 -135 -37 
-23 137 -64 
17 8 73 
74 -89 24 
-14 38 -12 
119 -17 -84 
4 -28 12 
-113 -1 19 
146 -35 15 
8 -115 -30 
116 -46 102 
-46 21 22 
-31 55 -71 
-57 14 -127 
-95 -53 102 
2 -140 -36 
69 -48 -34 
-44 -101 -24 
-83 70 87 
80 -55 141 
-6 -68 41 
57 47 3 
-142 31 88 
96 -41 -37 
-1 50 134 
14 84 116 
-140 -138 -28 
-6 -21 18 
-106 15 -6 
-42 25 135 
108 -29 -11 
81 120 1 
21 -3 -109 
113 -109 -12 
8 -118 -41 
-17 105 -124 
29 -124 -17 
-33 -104 -132 
-35 43 -57 
6 43 -56 
150 118 -139 
-43 35 -132 
-124 6 28 
-47 -66 -54 
60 -5 -108 
31 80 -102 
-66 -7 -120 
136 -41 57 
81 115 125 
-112 114 36 
-81 -1 -102 
24 -4 -79 
-146 -98 -73 
72 54 -66 
-114 -29 -128 
27 -17 90 
82 -15 99 
-54 47 -12 
55 -104 -103 
131 75 -127 
-149 -57 44 
17 55 -72 
-68 -19 -123 
13 30 -111 
-45 -14 110 
89 -21 26 
129 -79 74 
41 23 1 
-61 122 54 
-2 59 68 
106 -6 -51 
-55 66 104 
148 6 -146 
51 140 -81 
46 17 31 
-61 15 -12 
122 -44 -30 
-140 -59 -138 
-81 16 43 
127 -35 -32 
73 -12 42 
-114 -14 -7 
-1 134 -69 
-5 71 -49 
28 -66 29 
75 -81 35 
-66 20 -73 
-140 -53 -50 
135 131 122 
-12 71 60 
116 -32 54 
-107 -38 2 
-140 -26 -69 
-144 -24 -11 
11 -28 61 
-82 -25 -85 
99 -42 -114 
96 139 90 
-57 -121 -31 
33 115 -47 
-69 24 35 
-120 21 38 
-9 -71 -77 
-68 93 21 
36 38 -7 
-29 2 126 
-38 -46 -109 
-62 111 -137 
34 76 13 
48 -57 49 
-3 -114 130 
32 42 60 
-83 -13 -137 
74 16 -32 
-145 -107 8 
103 -58 -4 
-63 -81 -67 
-101 69 144 
-92 -34 -135 
6 -120 -49 
32 -35 8 
-49 -122 13 
-68 52 -37 
136 -125 116 
30 -6 -96 
-145 -86 -128 
87 -12 -55 
-97 -132 -83 
2 83 42 
140 73 -81 
