-140 -116 41 
117 101 -24 
-76 -79 -36 
-85 -134 48 
58 57 140 
-101 52 -11 
106 -66 56 
-79 18 71 
-117 -69 -95 
-100 7 5 
99 96 -53 
-128 26 -102 
-113 -4 13 
26 -101 -97 
22 21 55 
-80 -55 119 
-103 90 115 
19 -63 -4 
149 72 38 
-73 39 -3 
-91 7 -3 
108 -7 78 
47 -136 -51 
-127 59 -109 
124 -88 -41 
-110 1 -140 
-121 26 10 
95 -11 -122 
-32 89 84 
144 4 -5 
1 53 10 
-121 -61 132 
24 2 10 
-43 106 -64 
-26 117 -141 
17 2 -46 
39 147 -59 
95 -4 -87 
-81 109 -22 
-122 26 -20 
-2 64 11 
-1 28 94 
111 -95 24 
3 128 53 
44 140 21 
34 -109 -71 
-136 133 95 
-122 75 26 
102 -54 26 
-21 18 -69 
62 49 133 
17 53 120 
50 -99 138 
-137 11 -85 
-30 117 -34 
-5 51 101 
45 -84 76 
-131 -116 -106 
-3 -32 57 
119 -125 -140 
-70 36 -30 
-135 107 -113 
77 121 -150 
27 23 -84 
-133 4 49 
-52 -34 -123 
38 -113 37 
7 5 -34 
16 -1 -139 
-118 56 -7 
-60 -19 -26 
-80 144 -96 
-24 128 134 
-93 47 150 
7 -108 -24 
-34 -68 7 
12 -93 116 
-36 -138 21 
43 125 1 
81 -50 131 
6 46 130 
23 48 -37 
142 86 116 
-130 3 -128 
29 -32 -6 
94 43 -86 
41 107 -122 
-68 96 -32 
-89 -5 147 
-18 -26 -9 
94 -4 -76 
-60 -12 21 
-75 -7 55 
-63 -80 34 
-54 19 -38 
54 2 59 
-15 -140 91 
129 24 35 
-21 49 62 
100 -11 -145 
-70 -23 38 
129 51 147 
-72 -113 50 
-1 -90 -49 
72 141 -79 
136 97 147 
21 111 -28 
16 -6 -70 
72 -95 34 
89 26 12 
-43 -72 -5 
-69 -3 -133 
-54 34 -98 
10 -136 12 
15 -74 86 
-71 -20 129 
-4 -112 -134 
-54 -16 26 
34 120 18 
-10 -134 -60 
-97 -149 47 
131 46 105 
-34 133 6 
-74 55 117 
-49 147 -14 
8 -113 -142 
-150 -52 96 
-94 -61 127 
16 9 -94 
62 -148 -127 
131 17 2 
95 69 -10 
-25 55 7 
-81 -79 -40 
-57 75 -118 
8 119 -135 
-9 -29 -147 
-2 11 79 
-12 100 74 
37 117 -65 
10 -101 15 
-132 -28 -106 
99 -96 44 
51 121 -77 
-149 119 -54 
119 52 98 
119 -95 -124 
-93 -87 145 
-9 -35 61 
48 -141 89 
92 144 148 
14 1 103 
-18 -92 58 
-7 -61 25 
91 41 102 
113 -21 -132 
108 26 8 
-30 -85 81 
-94 45 -70 
-2 -9 127 
45 10 27 
-129 102 -98 
-31 -112 70 
90 -16 30 
-24 -79 2 
129 -75 28 
15 114 66 
28 -48 140 
87 36 -66 
-75 86 93 
134 -18 3 
-133 -66 -35 
135 -124 58 
134 -55 75 
-4 -56 50 
8 138 6 
54 30 -6 
107 35 -43 
-146 -116 8 
1 10 61 
142 58 -114 
-81 148 -17 
138 -146 44 
-52 -29 -60 
146 55 104 
69 100 -101 
-135 -71 49 
82 105 26 
-13 -8 -27 
75 126 82 
124 14 -38 
-104 136 80 
128 137 9 
-25 -129 -65 
-28 5 -139 
-128 -1 -41 
60 -19 139 
-22 149 25 
7 4 127 
101 -2 63 
-41 72 -129 
58 29 -78 
95 43 45 
22 10 149 
74 140 -1 
-21 -125 -22 
123 105 -136 
44 115 -91 
32 83 -76 
-50 44 -102 
-43 16 36 
2 -72 12 
105 -145 22 
-64 -78 -9 
109 -79 -115 
-121 39 -54 
120 5 97 
29 -52 61 
-62 -76 -138 
-118 9 35 
73 75 -93 
83 127 60 
-103 14 145 
121 -138 59 
-19 63 35 
-27 2 30 
-4 18 -135 
81 12 43 
-11 -109 -13 
-6 -125 83 
-130 87 147 
54 -12 144 
144 -118 60 
-51 84 -101 
-102 19 -142 
81 -108 -115 
-24 48 78 
116 -13 10 
-8 61 -60 
-14 26 -24 
-20 107 146 
-92 46 -22 
-41 69 -40 
61 -87 83 
-85 129 71 
11 -111 -19 
-47 68 150 
26 -7 -42 
85 -69 -131 
22 6 -36 
60 -146 57 
-65 -149 -6 
56 30 -117 
-133 -4 -111 
-77 -71 59 
26 -28 -90 
84 -51 -76 
-80 -127 -89 
-27 91 132 
-105 13 -78 
5 -30 -89 
-32 69 -100 
10 34 101 
67 54 -25 
-122 -10 104 
-140 -98 2 
-9 142 68 
-123 -136 -90 
77 80 -76 
17 145 126 
-79 113 1 
-56 -41 42 
46 19 -44 
-15 76 87 
78 34 49 
69 -63 -66 
-144 -7 -78 
29 -119 88 
-131 -26 -70 
85 32 37 
63 120 4 
100 52 -30 
99 -116 -54 
-123 72 -45 
11 -124 114 
46 -85 -82 
55 -70 -46 
-110 -35 -46 
-11 3 -150 
-23 22 127 
71 39 86 
-90 -62 -79 
2 143 146 
142 -139 -23 
-54 49 140 
-7 44 -4 
69 -138 -62 
120 144 1 
58 -9 143 
27 -23 38 
-148 -37 143 
3 20 -29 
80 25 -139 
137 -93 -107 
-69 18 71 
27 4 -134 
1 111 80 
93 -22 -28 
-3 -97 32 
92 2 -28 
-9 31 81 
1 -58 126 
-17 -118 96 
28 132 48 
-80 135 6 
123 23 -28 
42 -18 -114 
126 -4 -60 
-135 100 55 
-63 1 -6 
135 -29 47 
-33 -114 98 
147 -69 36 
125 -37 79 
1 -48 -10 
-44 15 -22 
140 -1 114 
91 108 38 
20 -47 138 
-90 44 -108 
145 1 -4 
-114 -74 93 
-39 -83 -131 
131 -43 37 
-1 -64 -66 
-28 52 -33 
-24 60 -103 
-10 34 137 
-3 -4 139 
85 -39 78 
17 -92 -56 
18 29 114 
-127 89 44 
10 -76 9 
-48 98 -24 
-86 -95 -124 
-90 -136 -53 
-2 -40 99 
-29 116 -62 
-41 -126 26 
-134 27 -18 
25 -108 17 
65 23 -54 
-139 127 -79 
106 -78 -55 
-141 -118 65 
-145 45 57 
-33 123 125 
35 86 -31 
28 119 -7 
87 93 25 
-136 44 47 
-149 38 -100 
121 -142 -120 
64 -134 12 
115 59 -90 
65 -66 -110 
-104 132 -108 
76 -147 31 
-37 -130 150 
87 81 8 
72 37 76 
-115 -110 39 
-39 -115 58 
81 -139 -107 
77 -140 -38 
76 -128 -108 
105 -97 -39 
-108 -26 -62 
34 -43 128 
1 131 60 
8 -56 -68 
-20 2 -144 
96 24 142 
53 -34 2 
-53 98 77 
6 -9 77 
135 3 33 
23 95 79 
-49 31 133 
-14 -46 -76 
-150 145 -113 
-67 96 -87 
140 -116 -97 
3 -65 -22 
133 -85 -58 
45 -40 -36 
-109 132 90 
108 116 -64 
103 -1 -76 
61 45 -50 
-100 -146 44 
111 4 -86 
82 85 91 
-42 97 -75 
126 12 21 
-134 -143 145 
67 91 -1 
9 56 -75 
118 -42 104 
-93 -71 117 
63 52 23 
-8 13 81 
-20 95 28 
-93 75 5 
-80 -134 55 
12 99 105 
-10 148 41 
-37 -83 -3 
5 -1 -17 
-84 -72 16 
120 145 -80 
-81 -36 -139 
-26 -73 2 
-147 -14 -11 
-70 5 84 
-73 -18 -93 
149 61 -32 
21 118 -148 
-107 -6 18 
-91 -17 -2 
54 -10 9 
141 133 5 
69 30 -121 
30 -4 25 
-104 -40 80 
120 149 58 
-63 -89 52 
123 -12 34 
13 90 104 
-10 128 133 
-96 -59 10 
-47 9 117 
-112 57 -13 
-88 58 63 
-64 -60 -130 
33 -120 -4 
14 140 42 
10 82 36 
49 -14 -80 
-56 -90 -13 
28 114 -5 
-78 71 -145 
-101 -105 11 
66 92 -144 
-138 34 65 
85 -55 -23 
36 98 87 
-30 -76 70 
-39 65 -38 
-124 28 -14 
-145 4 92 
-26 72 34 
28 89 -56 
-5 -24 97 
-1 -34 -6 
42 63 -53 
77 91 -65 
-30 82 -6 
-11 -45 -107 
134 22 -132 
117 149 -114 
30 -17 -63 
-139 128 4 
-110 -32 -50 
-110 -56 -39 
-97 -54 -113 
-8 -53 86 
69 -5 115 
-36 39 -73 
89 51 -96 
55 -103 -136 
-1 83 -62 
63 -55 -130 
-75 -92 20 
138 -17 -59 
-59 -84 76 
102 -8 141 
-88 -15 -27 
45 -147 37 
73 -80 -145 
-20 -112 118 
-147 78 7 
80 -56 41 
75 -123 138 
-104 40 -17 
-100 -38 9 
-52 3 61 
41 47 -141 
51 -78 -2 
70 20 -55 
28 -95 8 
9 45 -30 
1 114 -127 
138 -40 71 
2 -33 15 
-55 127 21 
83 144 131 
51 -31 8 
-27 6 128 
50 -84 45 
64 -138 -15 
-20 123 28 
-144 -39 149 
38 -91 14 
126 66 150 
141 -121 -110 
-22 -96 37 
-23 -57 58 
-16 99 -18 
73 -69 -21 
43 45 44 
8 135 -25 
-65 -7 -95 
53 -34 140 
13 4 146 
-107 7 -62 
-20 -77 -85 
-22 -92 -64 
-132 67 -94 
48 -70 -12 
97 9 30 
-129 71 1 
83 -37 -86 
-11 -68 -14 
-93 71 -147 
-2 -50 8 
-24 -131 23 
7 -73 70 
10 76 -92 
54 70 39 
-117 -60 38 
-10 -19 -85 
10 -100 -103 
12 -132 106 
96 -13 -131 
57 82 17 
76 20 -129 
-119 16 -73 
8 5 16 
16 5 2 
89 -50 116 
-10 -105 65 
116 81 46 
-102 77 37 
-11 15 -86 
-33 144 -105 
-44 41 140 
148 -78 41 
-115 -37 -101 
-150 -57 15 
32 53 123 
37 -74 7 
-9 -127 -70 
18 -10 -8 
125 -32 -41 
-77 -93 33 
-54 82 -89 
13 -118 109 
25 61 48 
-57 -129 -93 
15 -28 36 
41 -28 -123 
65 82 -41 
14 -65 58 
-76 -136 -82 
2 103 -98 
-96 68 -95 
144 -113 107 
95 -36 118 
-27 -119 -130 
-14 -111 -4 
58 91 -82 
33 -25 72 
99 97 -52 
50 -48 -51 
-63 51 10 
73 126 85 
36 1 -4 
134 -43 -123 
2 80 -116 
123 104 119 
-23 -126 68 
-136 -26 128 
-19 -116 27 
-51 -121 -13 
104 -60 7 
34 -63 87 
30 27 -58 
51 -126 7 
