-10 150 26 
93 -44 120 
-99 2 13 
66 -116 -9 
38 67 39 
115 4 -116 
-88 -123 -84 
-4 75 -2 
114 119 4 
-57 28 -9 
-145 -21 92 
126 -27 -69 
86 49 -9 
127 -120 137 
-78 30 -19 
-63 131 -21 
-81 -93 12 
-117 -35 21 
7 1 -35 
68 -94 11 
2 33 99 
-136 111 125 
-4 -72 -80 
133 -92 -16 
79 134 150 
95 -124 2 
-33 -17 -139 
22 -93 90 
3 -67 -144 
15 -19 21 
149 87 -8 
19 41 -96 
-87 21 -149 
19 5 -148 
-64 1 -139 
60 134 105 
9 -41 -84 
-10 -144 -57 
20 137 54 
-66 -95 -75 
117 -104 -144 
48 -124 49 
147 -103 -34 
40 -47 -5 
-97 -90 -78 
-109 41 -18 
21 128 -11 
100 49 -20 
25 -42 -27 
-128 107 -68 
-63 -144 -100 
-35 48 26 
-30 -50 27 
4 48 45 
42 65 82 
-94 14 -107 
112 126 -25 
-84 113 30 
16 -52 5 
136 129 -125 
9 89 -85 
78 -105 12 
-36 -6 -80 
-13 2 -99 
69 -139 -150 
48 -94 123 
-108 2 28 
51 -27 -67 
-91 -80 -21 
-70 101 -35 
18 -126 -21 
146 -2 -22 
-96 94 85 
-70 -23 5 
122 25 -20 
-136 -132 107 
-14 -94 -103 
7 83 -15 
101 -28 87 
149 64 -86 
81 144 3 
-107 -13 -104 
-112 -65 63 
39 23 104 
86 59 1 
-11 -114 43 
143 30 -137 
-16 -90 25 
64 1 24 
53 28 -4 
138 65 2 
-56 -95 123 
-148 6 111 
-9 -84 -26 
-112 124 106 
48 101 -106 
-136 -27 50 
-86 -88 72 
35 74 -58 
-34 105 -1 
-9 -4 20 
92 1 -2 
8 -41 -22 
-26 -120 13 
-4 139 33 
-7 -24 -125 
57 -106 -46 
7 -127 34 
17 -30 137 
6 125 23 
25 76 -36 
-147 38 13 
-15 -34 -77 
100 -44 -2 
-21 -119 -47 
104 4 61 
-64 126 -6 
-63 39 -49 
-38 -104 89 
-79 118 -28 
127 -1 38 
-54 -27 28 
57 6 -37 
-50 -82 -84 
-78 -23 50 
102 134 127 
-31 13 -65 
141 -2 40 
3 -146 89 
104 81 86 
77 19 86 
-2 71 11 
-18 63 144 
61 30 55 
63 54 -136 
16 -34 78 
-49 -13 -81 
-27 41 -89 
-9 76 -12 
121 14 -36 
-140 73 -116 
-8 53 126 
-74 -122 -51 
-90 71 1 
-75 7 -40 
39 -116 37 
54 -20 8 
46 -50 53 
110 22 -10 
78 88 36 
-5 -32 -123 
-5 20 -19 
-101 -19 -47 
60 58 -18 
-23 102 19 
-3 -4 131 
-1 74 44 
-83 35 118 
9 35 34 
-91 -109 -21 
128 107 29 
-52 76 123 
104 131 -148 
-16 -28 34 
53 116 149 
12 131 96 
-22 -63 102 
43 -105 -45 
-49 80 15 
-144 -52 -99 
-104 -128 16 
98 134 -59 
-63 -34 19 
25 88 150 
17 -53 64 
32 -58 -23 
-89 -11 45 
73 11 35 
-23 -138 -45 
44 47 -56 
-111 34 -95 
49 -44 55 
62 -85 -2 
11 -34 -96 
91 110 -10 
77 2 73 
-65 21 -127 
-111 -12 30 
-100 140 102 
-81 -92 3 
29 -94 97 
21 -104 38 
149 -3 67 
51 117 144 
137 107 -2 
-67 -2 145 
42 -11 34 
-106 113 -57 
-61 -13 115 
-144 26 -113 
3 -13 -44 
-20 53 -1 
123 -23 51 
-5 41 -69 
21 101 -148 
-48 9 -143 
-55 130 -17 
88 -24 -82 
28 43 101 
121 -57 1 
-50 -31 -43 
-137 -111 28 
101 -106 26 
133 71 85 
112 35 29 
71 123 -17 
-91 14 -29 
-142 10 71 
-34 135 -52 
2 5 95 
62 76 -117 
-9 -46 113 
-87 -140 115 
86 91 57 
53 -25 93 
10 12 -46 
42 54 129 
32 -86 41 
141 -2 -129 
105 72 -25 
83 -140 -136 
111 16 136 
-4 -23 118 
73 -126 -131 
45 -38 -32 
-34 3 78 
-6 92 145 
-62 -38 -55 
105 33 -130 
-66 -102 150 
134 4 46 
30 128 -6 
-121 125 -3 
-73 69 72 
-51 111 131 
73 -45 115 
30 23 -7 
50 122 -145 
25 -35 -65 
-150 4 -112 
-13 20 -64 
-10 139 -75 
-15 -93 -87 
52 115 79 
-147 -112 56 
-32 -130 22 
-72 10 -1 
-123 -95 27 
88 42 -111 
46 85 -83 
110 84 -148 
74 5 -58 
-124 136 -38 
109 -79 -99 
-71 -132 94 
89 33 -27 
42 79 57 
86 6 3 
-49 -20 -149 
26 -25 -90 
-28 138 -3 
-86 145 -23 
-31 -58 -21 
-56 93 39 
115 43 -8 
10 -107 -55 
93 -71 -36 
-96 -33 -94 
39 -62 -28 
-149 99 -131 
-34 -67 127 
-16 -37 36 
99 -140 -62 
70 -105 29 
53 -136 1 
81 -4 48 
142 -44 -11 
129 -140 147 
124 73 -77 
-28 69 38 
53 -11 -54 
132 -100 -143 
4 109 -68 
-9 -29 146 
-102 -141 148 
-133 -113 -90 
-134 -29 -63 
63 3 120 
-133 112 -72 
50 31 145 
35 -27 13 
144 41 -54 
100 77 -142 
89 52 -13 
13 35 32 
13 -6 58 
-85 54 36 
-5 -131 32 
120 -39 -143 
83 115 80 
-63 -20 -73 
87 -26 23 
103 -84 150 
20 101 -131 
46 37 -123 
114 41 28 
32 -20 -35 
-39 -57 147 
24 -116 37 
133 36 129 
18 -119 -31 
-124 103 -128 
-52 -107 -102 
73 22 129 
20 -117 50 
77 105 -141 
-9 -142 57 
23 12 -113 
105 -8 -17 
-68 -145 10 
120 -22 -36 
-2 -127 -104 
3 29 -62 
-136 31 89 
-10 -57 -103 
77 -82 13 
-52 106 3 
63 147 138 
5 -21 64 
-40 16 -21 
128 55 -9 
52 -94 25 
145 -50 -63 
141 -33 36 
29 -15 108 
-11 -111 -73 
38 -89 15 
-146 150 148 
19 74 -36 
57 113 -60 
41 -92 43 
-109 -50 -33 
-56 2 74 
4 -71 64 
115 128 -125 
54 2 28 
-115 149 22 
-39 -138 -79 
-142 3 143 
146 30 86 
-24 -48 37 
55 -134 -1 
17 112 110 
-97 79 -43 
31 -44 4 
122 5 21 
-107 123 44 
68 97 67 
124 7 84 
-40 88 -52 
67 71 -118 
83 31 146 
-77 134 -76 
109 -2 -71 
-11 125 133 
141 93 99 
-110 127 -130 
-138 7 -118 
-5 133 83 
89 -72 -38 
45 59 -8 
-45 7 -48 
-75 -5 -87 
-79 7 -117 
-82 -9 3 
-46 -142 138 
-52 -150 6 
101 -97 -115 
127 61 -64 
-55 -109 -21 
120 -102 52 
-63 -69 32 
13 -18 -108 
47 50 121 
107 58 -82 
27 -13 49 
12 97 8 
125 -42 70 
-77 -111 79 
-112 114 -104 
-82 -48 -121 
56 22 10 
-61 -140 145 
-94 -92 -42 
18 -111 50 
17 -55 -44 
-41 -97 89 
-3 21 22 
-99 -77 18 
86 -11 -2 
-30 82 150 
-38 9 -63 
103 28 -44 
-3 -69 -121 
38 -21 41 
66 -41 -19 
128 37 26 
-125 -77 -117 
102 97 -39 
78 -2 53 
-103 12 141 
15 34 -16 
4 -138 81 
106 5 -134 
73 91 2 
49 146 -111 
-88 -146 63 
99 -19 -49 
-14 130 -57 
-135 -7 -31 
-65 -72 22 
-129 -3 -41 
57 148 103 
-29 -1 -28 
-97 14 41 
-53 -8 36 
-64 -17 -88 
109 54 110 
3 -2 -117 
-58 -16 -13 
129 51 -108 
10 -82 76 
-7 -51 41 
148 -36 86 
-76 -31 11 
149 22 -81 
56 -58 -9 
-90 9 134 
130 -23 85 
-124 -63 125 
85 93 -14 
-111 -10 -21 
-46 33 -144 
-131 33 44 
-8 -63 -21 
11 -27 -19 
1 89 -48 
-127 91 41 
-56 -89 -68 
94 -9 -112 
39 -17 -5 
-45 135 -116 
-69 51 -57 
-90 40 -29 
135 65 84 
79 95 16 
13 99 71 
-27 28 48 
79 87 -28 
43 6 -94 
-48 -93 -44 
13 20 -111 
138 -27 -1 
-60 -122 -72 
8 -71 132 
-14 35 -2 
-20 69 -139 
144 -38 -61 
57 19 -62 
-103 118 -8 
-53 36 -14 
-37 95 -65 
3 -1 -113 
72 -120 18 
53 149 -36 
62 116 -75 
17 -138 68 
27 -129 34 
-30 -49 -62 
46 -109 116 
31 -15 -105 
64 -74 31 
-119 -130 68 
121 -127 27 
28 8 -98 
-19 63 -121 
149 -129 93 
3 112 10 
77 -97 15 
-9 41 11 
1 -45 -106 
-109 35 -40 
-116 -15 -55 
94 110 50 
150 34 53 
-95 13 92 
-48 45 143 
16 56 -123 
-10 -22 52 
127 -70 33 
-129 -15 -131 
-55 8 135 
63 -7 58 
126 74 -78 
63 -121 145 
-3 -127 47 
-25 -75 37 
-91 -120 64 
55 38 -147 
50 55 20 
1 50 127 
-23 -27 8 
27 -38 69 
-115 76 -95 
58 -12 -132 
-42 70 -48 
2 18 23 
-14 58 24 
83 -19 -98 
27 34 70 
140 92 -9 
-117 -132 -7 
63 -7 29 
109 -72 82 
71 14 41 
110 -65 -70 
-117 -76 -97 
56 -105 -118 
56 -33 127 
105 -11 103 
68 -80 -11 
20 50 104 
39 26 -20 
83 -44 128 
-140 -30 51 
107 137 127 
16 26 -113 
28 -92 29 
-148 118 -119 
-69 6 49 
56 92 120 
-63 -44 -42 
130 80 113 
11 -18 -143 
69 107 -137 
144 -38 110 
116 134 -126 
-43 -9 -91 
-88 34 105 
132 133 74 
-115 67 136 
-14 96 -18 
-68 69 130 
16 -28 -51 
-137 -35 16 
60 -74 -2 
-53 9 -67 
-129 -83 -110 
4 -101 -137 
146 74 -107 
-34 46 43 
1 67 108 
2 -91 16 
134 29 4 
-75 -124 -43 
47 -143 -56 
-72 2 20 
99 -67 -73 
7 -128 124 
77 -119 41 
-29 -47 18 
-150 -15 129 
150 -125 11 
-134 12 -35 
-29 134 12 
-63 -17 35 
97 25 -43 
56 83 -117 
-148 97 -42 
138 8 90 
-86 -100 -83 
-65 9 -59 
12 88 -15 
-4 56 69 
55 -68 -91 
56 145 124 
-87 -26 84 
-28 -81 101 
86 -136 -100 
-2 65 -150 
