-136 113 -66 
100 136 98 
-39 -73 57 
-158 199 36 
166 8 34 
-61 -186 -114 
195 47 122 
69 88 -14 
-148 168 67 
49 -67 7 
28 154 152 
-191 5 192 
189 131 139 
158 8 -159 
3 52 139 
96 -160 -16 
-195 -34 129 
-125 -168 -120 
171 -43 -101 
-17 200 42 
59 98 60 
132 -68 165 
-8 109 -4 
-84 45 -16 
-139 4 23 
-183 153 170 
156 162 6 
-94 1 -187 
31 63 -134 
-7 -104 -115 
-113 47 -32 
100 -132 19 
-160 -55 35 
122 74 -16 
173 -164 185 
-116 -131 21 
-93 177 -34 
12 1 -55 
114 182 199 
180 -129 -27 
5 -98 -193 
16 -63 -120 
-17 -193 -84 
32 9 -197 
37 -131 128 
89 181 146 
199 124 -14 
-93 -193 -140 
26 -32 35 
-124 34 -199 
134 -169 3 
-51 -29 -187 
161 -144 -193 
140 74 -33 
41 -64 -43 
62 -72 -10 
-97 -133 -109 
-137 -127 -112 
73 -168 74 
-150 63 -30 
-22 3 -139 
196 -143 -53 
35 174 -19 
33 185 81 
-174 148 -99 
26 -78 8 
16 126 -121 
184 175 -171 
-132 23 -148 
-120 156 47 
166 41 -33 
65 96 117 
-54 73 43 
8 73 68 
-56 -10 -115 
155 172 -40 
-48 -76 43 
112 -146 20 
30 -172 -35 
-129 -114 -35 
-149 3 45 
-135 132 121 
-183 -179 149 
-102 141 -56 
72 -132 168 
195 -4 -37 
101 -187 -200 
77 -43 -98 
-102 -37 9 
12 119 -25 
142 -45 123 
-27 -128 40 
-24 -133 -144 
-149 -23 -145 
-19 -157 66 
122 87 1 
116 193 6 
-17 -7 34 
192 47 -185 
55 107 -87 
198 93 -123 
61 38 144 
95 1 39 
-155 -96 92 
-198 10 153 
73 141 -147 
-84 -134 168 
-154 169 147 
-16 -119 -42 
186 95 3 
80 45 -7 
-183 -44 75 
-53 146 -1 
-122 -124 104 
28 -48 185 
129 1 -3 
11 170 37 
40 110 -57 
-8 187 53 
139 -67 -3 
-196 59 22 
-26 -54 -111 
85 -147 -70 
12 -173 54 
-81 -43 45 
14 -63 -36 
-12 -39 -171 
-35 -163 -71 
-42 -165 23 
-113 162 -45 
189 -3 62 
143 181 173 
145 7 91 
92 81 -183 
-93 60 -74 
173 -2 59 
-59 -144 126 
85 11 -58 
-94 172 -11 
-112 -38 75 
-49 22 -95 
-76 -117 -119 
71 -76 80 
165 24 -57 
-44 63 -126 
6 -195 127 
-15 109 -21 
110 31 122 
-30 93 193 
27 -53 112 
-4 104 19 
145 116 122 
-128 103 1 
90 48 83 
-74 -22 -116 
152 35 -17 
-14 80 172 
-188 106 -160 
-9 33 -32 
-107 -166 -76 
81 -33 15 
112 125 56 
-10 -50 -168 
89 86 -30 
145 177 -198 
-141 -31 -71 
60 -159 57 
-109 12 -62 
-128 -151 -35 
21 177 135 
173 148 47 
-36 -93 142 
-27 -45 53 
-5 -7 178 
-119 55 162 
-37 142 31 
-78 110 168 
79 159 199 
-2 107 67 
17 55 53 
-38 -186 -69 
138 181 -88 
-144 -174 27 
29 -79 95 
66 -145 -68 
-193 -78 -139 
40 125 200 
-74 115 25 
50 -87 -38 
-126 -19 69 
-93 -53 32 
106 19 55 
68 72 -83 
46 -133 136 
34 -144 59 
-116 -129 6 
129 151 -18 
91 -121 -3 
111 3 106 
74 -68 82 
76 161 193 
-95 35 -173 
19 -53 -134 
-140 188 143 
-153 -20 48 
-153 53 -133 
-90 -22 158 
-98 -3 194 
6 -23 -68 
-32 79 -1 
179 104 121 
199 -6 97 
-147 156 -85 
-9 63 -101 
168 -38 77 
64 -19 54 
-192 41 -156 
141 -147 43 
185 148 -3 
125 -39 -117 
65 80 175 
44 66 141 
-75 -49 -66 
-73 15 -191 
-185 -153 45 
122 129 84 
-129 23 -47 
165 -85 1 
155 56 47 
-83 176 -29 
104 167 -28 
35 141 -198 
18 21 -70 
190 -4 -175 
50 -123 63 
-123 -188 158 
-191 17 103 
146 104 -40 
92 109 -160 
-16 -70 155 
79 -40 131 
-54 183 -78 
118 -188 -183 
4 9 134 
-8 -38 162 
-165 170 -6 
-96 -142 199 
154 27 183 
-197 -154 84 
47 174 -10 
-10 129 194 
-91 -58 -82 
181 7 69 
105 -171 -177 
-53 6 112 
69 -59 -51 
145 53 -176 
41 -55 -96 
-17 187 -109 
78 158 114 
-25 -131 -124 
-106 100 104 
-51 -176 35 
106 -68 158 
47 37 -13 
-22 34 -95 
76 166 -194 
-200 8 -154 
-77 153 177 
65 114 85 
-104 17 -2 
122 11 5 
-168 -134 44 
125 64 -154 
-169 183 -59 
70 120 -119 
-103 -179 133 
-122 194 -38 
18 -149 -82 
108 9 -86 
126 53 -44 
150 -113 -138 
153 120 -197 
-45 186 -5 
-49 -87 -35 
191 -67 -20 
43 -41 -128 
-135 -52 -132 
-84 131 61 
158 66 -14 
60 -91 -45 
116 -8 73 
-199 138 -177 
131 -103 -56 
-54 -97 173 
-74 -33 -199 
8 150 -99 
170 106 -110 
138 -188 -91 
-27 -58 56 
75 49 194 
101 -146 47 
80 -19 -81 
174 -188 197 
-45 101 60 
179 -140 -191 
55 -44 23 
80 -183 2 
22 54 51 
-142 -190 197 
126 79 -22 
157 63 44 
92 6 164 
-179 -156 -128 
124 -42 37 
139 111 -191 
-180 155 -105 
193 64 -81 
-16 -46 195 
32 141 -177 
-181 -47 -92 
106 36 176 
-9 -178 51 
-92 -34 -106 
143 -120 200 
30 -163 -48 
70 57 -168 
23 -10 86 
51 -34 -55 
164 -61 -192 
118 158 114 
-120 80 56 
40 -159 58 
146 -15 -28 
-169 143 -173 
179 56 175 
-61 28 -35 
33 -161 75 
111 146 -189 
10 -34 94 
-99 -194 18 
-78 -149 -143 
-60 -85 196 
-16 -191 85 
37 20 -155 
164 -36 -56 
79 -132 41 
111 -117 23 
-18 -85 -144 
5 46 -91 
92 196 186 
46 -25 149 
194 -75 -93 
158 174 -171 
-3 -173 -145 
-150 -76 -52 
-20 -153 -106 
-78 147 6 
173 83 -16 
-183 49 126 
7 -103 95 
-84 3 107 
31 107 -56 
81 4 45 
63 -130 66 
-195 200 197 
59 -125 25 
82 -181 -1 
85 155 -89 
189 -52 56 
-185 13 -162 
172 90 -94 
98 103 -162 
119 50 195 
-152 172 -176 
-8 179 118 
-111 181 -110 
127 -104 -59 
-113 13 -161 
-19 170 180 
-62 125 -78 
168 12 120 
151 -4 -103 
164 -142 78 
-70 -191 185 
-69 13 -72 
71 75 166 
-93 -100 50 
-83 -150 -34 
-117 -15 5 
141 -136 -159 
22 -30 -150 
-132 -130 -64 
-108 -9 -123 
-78 -200 11 
-155 157 -145 
-90 -188 194 
170 -64 101 
21 137 15 
59 -34 63 
30 -153 75 
29 -82 -68 
84 36 17 
-111 -154 113 
-118 -73 -166 
44 -23 74 
-64 -137 126 
149 86 -117 
-59 15 -93 
122 -20 -3 
-171 -110 -160 
174 58 42 
144 45 -67 
-139 -110 30 
-5 -101 -165 
112 -3 79 
142 136 -60 
-5 35 91 
-155 -147 76 
97 -64 -32 
-47 118 200 
146 162 173 
63 196 71 
-140 23 -184 
-97 -135 -121 
18 129 -79 
-16 12 73 
156 148 191 
96 39 -41 
-111 -159 76 
43 -86 167 
-100 145 93 
-180 -36 -166 
-158 -4 -53 
-136 23 63 
-173 128 63 
17 -118 110 
-47 -2 -45 
200 -85 -160 
150 81 152 
121 131 -25 
198 -57 122 
-86 -27 -22 
174 76 -149 
136 -163 -100 
-65 130 138 
85 198 144 
45 -196 -116 
-70 51 -193 
-153 -17 -35 
153 -190 -12 
2 126 -73 
-127 17 181 
20 -44 -31 
176 -37 121 
66 10 -133 
-192 57 104 
-177 52 53 
-155 52 16 
-127 62 -46 
182 95 120 
-69 182 -160 
113 123 -45 
-72 -131 -68 
61 -29 -9 
22 139 103 
132 -16 -154 
-101 77 -85 
-58 134 -95 
-83 -126 -99 
-43 45 73 
113 133 28 
193 -59 -90 
5 -2 -156 
85 32 -91 
186 -43 -1 
-143 162 -14 
22 34 -153 
105 -164 30 
-80 56 -24 
-24 55 -3 
-89 -167 -105 
-47 -74 -91 
14 -103 179 
-33 101 -187 
45 14 -137 
80 199 -56 
-160 -25 -82 
49 -26 -146 
44 -174 53 
-32 93 -166 
-163 -176 100 
93 -107 49 
70 -150 160 
165 -172 43 
91 159 -108 
28 -186 99 
199 -175 132 
-73 68 192 
-151 54 -62 
-5 -173 71 
2 -68 -147 
-17 -36 79 
133 152 76 
-134 23 130 
-15 63 20 
200 53 79 
110 -137 25 
28 83 -168 
93 -166 194 
6 155 17 
13 -125 140 
165 184 -42 
93 -12 86 
1 75 172 
-129 -164 94 
172 -102 -101 
171 107 -112 
-176 -25 -178 
75 82 33 
-41 -108 58 
-82 14 182 
82 59 -197 
-116 10 104 
-31 35 -162 
-9 168 140 
-179 12 -157 
-126 -5 -175 
-22 1 -120 
83 181 -63 
119 -3 199 
-34 -79 -77 
63 -17 21 
5 11 -57 
-41 -95 -178 
-67 -180 -108 
28 42 -155 
-78 -38 172 
-68 96 -195 
45 -130 46 
151 -96 -102 
-161 -109 -136 
-62 -191 -176 
84 -145 -162 
60 42 -33 
84 -52 172 
84 130 164 
33 75 145 
118 -67 174 
-185 -54 26 
-124 53 146 
4 -128 27 
-197 162 -163 
178 179 107 
160 181 -171 
177 115 156 
193 -59 152 
-66 -15 -129 
-93 -67 -64 
19 -29 -192 
101 148 -185 
-100 11 74 
72 -191 -83 
-53 70 66 
8 -141 -185 
-99 100 176 
28 -45 -77 
1 98 149 
-175 -119 -153 
88 -106 -4 
-80 15 -98 
-158 99 184 
196 107 -149 
13 -174 169 
-24 135 -31 
-2 -173 -62 
-125 -41 45 
40 -66 64 
-94 106 30 
-108 -169 -66 
77 -159 -193 
181 47 180 
144 -113 95 
182 164 140 
47 -150 -77 
193 -43 3 
89 -168 14 
-132 80 137 
-152 -23 -137 
-115 -80 -50 
-69 -32 -8 
-116 120 74 
-68 2 -188 
31 104 6 
80 42 -75 
89 -49 -191 
200 -112 -64 
41 10 -137 
101 116 14 
120 71 -88 
