84 46 41 
47 20 -81 
133 159 118 
-108 179 9 
82 -81 -12 
149 -166 161 
200 -173 84 
-61 55 -56 
6 -34 200 
10 -88 181 
-30 -8 179 
-149 18 -146 
34 36 -41 
-25 157 67 
-170 -78 -111 
28 70 -65 
170 71 -171 
118 31 -62 
-178 194 113 
-120 -77 -5 
94 -5 99 
162 105 152 
92 -186 -23 
-9 -98 109 
184 60 193 
-62 -3 16 
140 110 11 
116 21 65 
179 -178 105 
-62 -157 89 
-83 41 -7 
-68 99 -43 
129 -76 -172 
-40 35 -93 
-12 90 -161 
60 -88 101 
-154 -181 27 
-21 147 175 
-185 -48 71 
194 124 99 
17 178 -1 
178 97 -91 
-20 46 -13 
-149 -130 -51 
1 -114 -52 
31 -147 -37 
-45 84 1 
134 92 -100 
-13 -80 174 
-63 126 54 
-190 -16 -111 
-172 193 144 
114 -50 160 
-42 -15 -65 
56 38 25 
-6 -168 -82 
143 -29 -31 
44 -41 -38 
-189 -23 198 
-31 -188 -13 
-185 -62 173 
-141 -77 86 
-70 -110 51 
46 96 19 
189 15 91 
113 -71 -30 
31 -6 -29 
108 -97 -66 
-104 25 12 
67 -77 153 
78 -177 61 
-32 -92 28 
110 79 -22 
-105 -166 -77 
170 60 -105 
-172 -88 75 
187 192 -179 
-97 15 -9 
-87 -88 170 
5 75 -165 
124 -55 39 
-98 -55 -34 
-93 40 -147 
-64 41 21 
-14 -139 17 
67 -154 -80 
-122 -144 -10 
-87 164 -90 
-140 143 -165 
-71 103 -144 
-68 105 -83 
-138 153 -156 
154 133 -171 
11 8 -190 
-118 78 -171 
48 -35 107 
48 196 144 
173 -127 126 
180 199 -141 
85 14 -94 
38 -105 9 
-152 2 18 
42 147 29 
-131 113 -187 
-164 -37 -48 
-134 5 89 
-12 -87 -37 
-148 31 136 
29 175 -128 
-69 16 172 
8 192 177 
82 7 -129 
41 50 120 
-130 -30 64 
127 17 -115 
113 24 -197 
76 -194 -35 
66 -56 34 
-50 -176 -78 
178 194 -191 
-49 -148 -189 
-17 12 -39 
133 110 -59 
-74 -185 -59 
-134 -53 146 
-39 61 -11 
155 1 47 
-102 -43 -158 
15 -34 -120 
-169 21 -61 
-71 -110 -81 
61 185 9 
-34 -101 -69 
-192 -2 138 
16 -191 -17 
-153 197 148 
113 -49 180 
-79 9 -14 
-152 -130 -148 
-107 11 -58 
39 182 -86 
-145 -137 -3 
194 197 -25 
-50 -180 -3 
-108 -19 195 
169 -138 -132 
195 -144 -113 
-8 -91 118 
156 51 -22 
-99 137 -21 
-40 31 -8 
167 185 111 
-179 64 -24 
119 114 -102 
-82 -83 107 
-125 19 -3 
-22 98 133 
190 46 61 
100 -7 21 
48 10 7 
-94 171 -17 
-103 -113 7 
-28 150 19 
-179 57 -56 
3 -6 -21 
45 121 184 
173 151 28 
117 -52 62 
-138 -131 156 
87 -114 92 
-163 -28 -109 
74 -23 -40 
-14 -21 88 
-108 -19 97 
-39 -63 -188 
52 -174 18 
-61 119 181 
-176 155 -64 
94 -98 -147 
-157 -69 -153 
112 -139 32 
28 -98 21 
104 -86 190 
-108 73 116 
8 -196 -92 
-68 12 -14 
54 -72 50 
21 -132 -120 
37 177 66 
-2 135 -165 
-46 121 -158 
-11 -98 162 
-189 -56 3 
60 -71 22 
-42 -32 106 
-138 36 126 
-191 200 109 
-7 -25 -51 
-116 113 95 
112 -148 -161 
-92 25 199 
66 87 -94 
-122 45 3 
-83 138 -53 
-14 -61 -84 
-188 5 44 
199 137 86 
82 -168 41 
-124 -112 -44 
78 -185 43 
150 83 -58 
-82 -109 126 
51 -94 80 
-73 101 -193 
-27 -113 28 
-120 175 -24 
49 116 93 
118 -153 -16 
-195 -162 10 
-29 116 86 
-83 -168 -158 
28 -136 -173 
17 154 90 
129 135 -182 
96 -42 -6 
148 -117 -59 
177 87 67 
9 -60 8 
144 170 57 
-129 5 192 
9 188 187 
-62 174 -145 
-47 -183 169 
-95 34 -5 
87 26 194 
73 18 -164 
106 -165 98 
-1 186 66 
141 140 -134 
-125 -156 32 
93 -18 64 
-13 -136 -161 
175 -23 -73 
-152 -47 138 
-183 35 42 
-71 95 -110 
26 -146 -199 
28 -194 -94 
-95 99 1 
185 128 -21 
-157 -170 -61 
70 137 -52 
44 -117 -115 
-132 128 -9 
88 9 -192 
121 62 126 
77 -83 12 
29 131 144 
-124 -173 9 
-2 45 -128 
39 101 121 
164 73 4 
6 34 -101 
176 -60 -145 
41 186 -47 
56 68 -70 
-117 -39 131 
63 -197 42 
186 -161 -98 
146 108 -58 
-122 -157 -137 
3 188 95 
-100 -32 -98 
-59 52 180 
10 163 17 
-192 -116 -4 
-8 39 87 
144 88 192 
28 117 -74 
92 -96 15 
25 -109 147 
31 -119 65 
58 -137 -5 
-156 -2 -1 
19 -164 193 
-5 92 -193 
73 5 -27 
-49 9 -45 
129 173 -81 
-166 -195 122 
-187 -184 113 
13 14 138 
141 -11 -85 
-132 -56 -45 
25 164 19 
105 -81 -72 
159 137 85 
143 37 175 
-99 -42 -122 
128 135 149 
166 -76 -60 
-76 -26 -117 
175 85 -42 
-74 68 136 
-18 178 67 
4 -134 5 
-32 -130 -84 
171 128 -186 
38 -129 -91 
192 50 -55 
43 -82 -68 
11 -121 148 
-145 -15 92 
-67 171 -30 
-5 -162 23 
36 165 -154 
-23 -21 10 
101 175 -191 
140 -1 -8 
80 158 -123 
39 -148 -130 
6 85 -184 
-185 -198 174 
6 -116 52 
20 27 85 
56 -140 59 
61 123 195 
-104 -91 -176 
75 76 19 
-170 116 -118 
142 -191 -181 
-104 -130 122 
-58 -45 -26 
62 76 -144 
-56 -111 -33 
-161 -15 146 
-115 -80 -56 
84 9 32 
150 57 -98 
-15 -7 192 
136 -24 -107 
139 -111 195 
122 67 -16 
-17 154 113 
125 -1 148 
157 113 5 
148 -120 -109 
193 -95 -129 
159 -155 99 
-90 50 93 
95 -49 -67 
-8 29 -122 
-5 -74 11 
79 -30 -17 
-110 72 -71 
-127 15 -26 
-74 -39 -180 
161 53 143 
120 -25 50 
158 116 147 
-133 39 -161 
-7 131 -31 
-170 -118 -33 
-30 129 -62 
8 -116 -70 
96 36 171 
-79 134 -53 
-152 165 -106 
154 77 -149 
-130 -7 10 
-31 46 -39 
38 -42 -4 
178 114 -80 
128 194 -160 
162 76 70 
19 -195 146 
120 -77 -171 
46 -164 196 
168 147 45 
58 130 -11 
-103 119 93 
-7 178 -69 
-127 119 -193 
-2 -94 83 
-67 58 198 
120 117 49 
-8 2 117 
130 -21 190 
2 151 -34 
97 37 89 
-89 -156 -145 
-196 8 146 
-171 32 164 
54 -60 -149 
-28 143 135 
146 -42 132 
22 27 138 
68 9 82 
-49 13 193 
-5 33 123 
-54 -188 139 
-47 -169 -111 
111 55 164 
137 102 129 
156 144 -119 
160 -101 -161 
-109 -3 62 
-82 -147 -125 
-141 -148 -21 
-45 29 -95 
142 -125 -151 
131 18 -172 
-186 -52 13 
-119 24 31 
-20 16 64 
44 -156 -25 
-185 -126 51 
-88 -158 148 
-22 -144 109 
-179 22 -156 
162 -148 40 
-162 25 -87 
46 -67 138 
-191 -5 148 
-89 54 47 
-72 -133 -21 
-159 33 63 
173 -185 -98 
-151 2 83 
22 124 95 
165 -110 -88 
58 119 -25 
164 -28 193 
81 28 75 
69 100 136 
14 140 -12 
6 116 -166 
-11 -19 143 
165 145 78 
-129 143 184 
32 36 159 
34 -158 66 
-98 -59 90 
87 -195 182 
-194 -10 144 
60 61 176 
21 -79 60 
31 -41 -6 
-79 -52 173 
-153 195 -67 
-32 -173 98 
-79 11 141 
-62 82 98 
-10 -12 -35 
188 -28 -151 
-114 -108 189 
-28 62 -186 
-32 96 188 
-118 9 197 
-4 121 132 
-161 -173 -31 
-165 -161 -193 
-198 -122 132 
-122 71 63 
186 111 12 
99 -3 -5 
17 -51 20 
-193 22 137 
7 12 -5 
-45 -141 129 
-78 76 7 
45 193 -96 
130 93 -87 
-166 149 10 
-95 -63 -20 
-31 -156 -13 
192 120 -106 
-124 -187 -130 
-33 -60 168 
-160 -180 -39 
-58 27 -95 
38 150 -6 
-172 40 23 
-104 -109 150 
-180 -68 95 
-21 169 -121 
-124 1 -14 
179 197 95 
-28 -9 72 
-28 -149 -11 
84 -200 -111 
-46 100 -172 
88 -173 -43 
-104 -121 -188 
-72 162 171 
-23 100 58 
67 174 141 
126 132 -76 
-50 39 -6 
-103 -162 -151 
25 -78 63 
-132 -62 -161 
-105 -60 72 
36 196 -10 
80 138 -102 
-176 -124 193 
109 17 -100 
122 164 -125 
192 38 -187 
139 51 -190 
-76 126 130 
75 -199 -134 
28 -34 140 
-121 171 -74 
1 21 -25 
53 197 -34 
176 -159 45 
-158 39 132 
45 -148 -94 
7 58 -192 
-142 -26 20 
144 -127 -125 
1 -19 -168 
-160 76 -132 
-4 200 29 
105 189 171 
-5 195 -168 
139 103 -96 
128 -197 5 
-70 -49 -118 
-159 -116 -115 
20 2 84 
-101 51 105 
146 -18 155 
115 -101 -174 
181 -77 9 
196 -167 104 
20 97 -179 
12 14 141 
30 54 149 
132 37 -9 
98 -191 -147 
136 54 -185 
-10 143 11 
-133 -129 -149 
29 -160 136 
-122 151 72 
-16 -193 90 
130 -54 127 
34 -105 -87 
103 147 128 
94 87 124 
-19 3 57 
97 -129 -166 
-43 -98 149 
-6 -88 -183 
111 53 23 
69 49 -7 
108 112 -152 
66 -188 48 
151 -34 -16 
-130 93 -52 
-156 11 98 
68 -114 30 
-191 59 102 
-145 -157 -93 
-27 26 -89 
56 -147 122 
108 -15 -13 
135 -54 3 
-36 -12 -87 
140 129 19 
131 34 -198 
137 -19 184 
192 -36 52 
-4 -149 -76 
-127 159 -124 
-138 -178 -6 
44 61 -173 
82 -111 160 
124 91 7 
-165 -92 54 
-16 -9 195 
-41 -32 -185 
-72 60 54 
-34 -56 20 
56 45 -34 
-159 -114 -156 
-34 -90 196 
85 -148 15 
-167 148 -7 
46 -138 52 
-153 193 199 
-142 63 31 
-121 -103 -128 
80 -181 -35 
-10 162 -15 
-102 -104 -120 
-1 53 77 
-132 152 -42 
