-165 -10 90 
102 -63 -70 
-141 85 21 
-190 164 -103 
128 -59 -187 
-97 -45 -103 
-57 -169 54 
-49 200 197 
-190 37 -29 
185 105 -31 
181 -7 175 
-60 -76 -17 
45 -63 -33 
-5 48 113 
143 -124 -101 
9 176 31 
110 46 -168 
88 -105 -117 
116 129 -73 
164 147 -20 
28 -53 62 
-114 71 -119 
35 185 -115 
-120 55 40 
-159 -48 96 
-60 184 -10 
130 -141 -8 
80 -58 -6 
-61 56 -84 
-139 85 -12 
96 -132 -142 
77 -123 -27 
-57 -182 -24 
200 -147 -3 
-3 199 200 
-141 -137 6 
-4 -179 26 
-23 8 -182 
71 -60 137 
85 81 13 
-93 23 157 
182 -14 -8 
-184 -9 -190 
-129 174 -91 
-41 -22 52 
-70 -49 28 
91 47 5 
-200 -111 10 
63 -64 52 
-1 -33 47 
189 153 49 
2 -51 -155 
43 -18 95 
65 2 -73 
137 130 -135 
-31 39 -57 
-185 183 -194 
-111 -100 -28 
-190 194 128 
194 -183 24 
30 35 70 
54 44 109 
184 196 -12 
156 92 195 
-74 19 -26 
-199 77 -75 
-64 71 -5 
89 36 7 
110 -75 -199 
-6 -63 160 
6 -170 -118 
122 178 -22 
-131 32 14 
9 -53 90 
137 133 -136 
-109 -36 117 
17 44 115 
11 144 27 
144 -37 113 
45 -80 -150 
-115 161 -63 
-142 79 -148 
185 -4 -16 
-159 93 -129 
84 130 142 
199 -128 194 
20 -11 184 
-124 -141 -36 
20 164 -145 
136 -119 95 
180 -9 139 
-184 -17 122 
-47 -72 110 
-186 51 -9 
-75 -181 -21 
-172 188 130 
-24 -186 -48 
174 -96 6 
25 183 -80 
152 107 -94 
-184 -120 17 
-3 133 -27 
170 25 -88 
165 -200 92 
-44 -23 -43 
-104 -102 -70 
-28 -87 197 
70 -81 -163 
-84 33 -67 
114 -92 48 
-89 -4 147 
-74 23 -4 
47 73 90 
49 -35 129 
29 -192 -9 
187 76 171 
3 -169 144 
-197 64 142 
146 148 -96 
-110 119 32 
25 86 104 
168 178 9 
-176 -105 49 
126 124 94 
26 69 -59 
89 -139 187 
-42 171 30 
62 -31 -108 
-191 155 34 
130 25 -192 
-33 -171 5 
131 121 -42 
113 -10 163 
157 -65 97 
-101 192 107 
-8 -44 57 
-55 42 -48 
118 -164 68 
118 -46 -79 
82 -160 -110 
118 148 83 
169 -145 164 
-123 -85 -160 
-106 141 -17 
-152 -199 -107 
-128 172 -69 
129 -117 31 
-146 66 -196 
196 -55 150 
-115 112 73 
36 -41 -23 
84 -47 13 
-103 20 167 
-66 103 -51 
-3 134 74 
-126 -92 -15 
143 104 165 
119 136 -77 
-13 -148 -107 
-121 -75 -91 
-156 138 -125 
181 -76 -38 
151 -78 58 
-100 -11 59 
50 196 20 
-67 112 51 
-86 -35 -161 
-146 68 -142 
80 -21 -167 
57 51 -92 
-17 76 -157 
115 91 -105 
101 -147 -88 
-147 -6 -18 
-200 -76 63 
-84 -195 139 
-172 -61 -26 
54 83 -98 
-107 -89 -70 
122 -13 -106 
131 -97 -137 
-141 51 185 
-119 -73 -38 
33 23 58 
-155 41 148 
-119 150 1 
-32 -114 151 
-53 -135 -100 
-10 -125 -172 
59 -43 93 
8 143 -69 
-45 37 161 
137 -32 -48 
23 161 -180 
125 104 79 
-6 41 -103 
-154 -84 127 
-35 -73 -18 
142 6 -175 
76 -126 141 
-15 68 -9 
-20 -68 52 
139 -117 -115 
-192 -84 -90 
65 80 -117 
70 -12 172 
197 -15 186 
142 192 -7 
159 31 -164 
-135 -47 -18 
-78 -112 177 
176 -193 81 
-17 35 182 
-38 -39 -159 
159 198 -89 
-13 -85 -191 
75 -9 -60 
-24 200 146 
37 -10 8 
-178 -180 76 
130 -194 165 
7 171 48 
-84 -169 48 
-40 105 150 
124 -38 75 
-94 87 -146 
115 122 177 
-95 -2 112 
172 82 -125 
-179 47 -2 
200 98 -11 
-126 -85 106 
176 10 -54 
18 83 166 
170 -166 -149 
-16 88 -37 
-64 -135 -81 
-189 -47 -166 
194 107 50 
-2 -121 -100 
26 94 -42 
-49 -93 -108 
25 -38 26 
23 -32 -144 
-115 -117 78 
71 -191 119 
-190 -117 -54 
-193 55 6 
71 -7 -189 
64 86 97 
-29 -22 121 
62 -114 192 
-86 16 -167 
55 157 30 
-102 -71 18 
-77 -16 92 
36 -165 74 
-12 -112 110 
160 -94 -131 
-39 23 -193 
-64 -187 -119 
12 79 -151 
37 183 71 
127 -65 -194 
-166 -17 63 
-43 -13 21 
-152 93 -135 
100 -28 123 
125 -148 -158 
-12 -110 -78 
88 -79 26 
-159 84 -145 
191 167 80 
-7 23 79 
36 165 145 
-145 -153 -173 
-129 -140 -97 
-69 -167 -101 
-69 -138 -86 
-17 -110 -178 
-144 -192 -24 
-34 15 85 
33 20 153 
-146 183 -164 
-22 94 -85 
68 -140 -67 
13 -21 -7 
183 -55 39 
113 -40 77 
176 13 46 
67 44 -194 
-113 66 121 
200 -72 137 
101 49 -13 
-5 -55 117 
-31 74 178 
181 164 65 
-71 -91 36 
6 -142 -65 
162 168 -7 
-144 70 85 
130 183 97 
135 -128 -73 
-132 99 87 
-30 39 6 
25 -16 69 
85 -13 -3 
-22 20 -113 
176 15 125 
-147 110 -97 
85 163 147 
-65 -28 -120 
-47 36 170 
50 72 38 
-7 34 75 
-6 -53 -111 
52 -78 199 
-34 76 -147 
36 -150 -58 
183 -90 166 
-4 191 -34 
2 108 -186 
-76 95 -83 
77 -181 7 
-200 -5 156 
-59 -27 -125 
-61 -91 -155 
133 -186 -131 
88 46 -131 
58 74 36 
43 178 -55 
5 -146 40 
3 63 135 
-19 -98 187 
144 187 13 
-6 -65 -77 
-92 100 17 
-196 -78 -92 
-162 31 5 
-176 -3 17 
-102 -126 23 
80 196 157 
-56 -132 92 
49 -57 -67 
41 -142 -47 
-4 95 -173 
-1 -7 104 
-70 73 -136 
-50 -3 -179 
-118 -197 3 
-34 -130 67 
-115 58 -142 
88 51 186 
94 51 -172 
105 -198 -139 
-192 -6 -21 
16 58 179 
-188 -120 193 
-110 57 59 
-152 -116 -24 
-138 -18 151 
62 16 33 
37 -62 -20 
-30 173 -160 
-10 170 -198 
114 -1 200 
130 -149 18 
-106 -20 -199 
199 -48 78 
-158 82 182 
-100 101 -10 
111 150 -56 
108 18 -167 
-109 67 117 
122 -92 -86 
88 -128 58 
-37 -46 63 
110 12 157 
-82 -51 -196 
-2 72 -44 
-37 30 -141 
-182 134 -117 
66 -157 29 
-125 128 40 
-116 -79 55 
94 -31 -104 
115 -102 -171 
-40 166 -76 
193 -22 147 
186 -1 -115 
89 -109 97 
-51 151 195 
-88 120 72 
34 127 -197 
86 25 -158 
-23 132 129 
-18 166 -130 
168 -111 -73 
44 -121 -38 
-99 -36 -80 
140 39 27 
-18 136 24 
-44 -60 -115 
87 -150 -16 
-34 -132 72 
-18 127 151 
-53 151 64 
142 -92 -7 
-19 -3 -81 
38 -104 51 
-39 36 -27 
67 -12 73 
192 -94 -70 
68 -42 -78 
-176 -182 -99 
65 -124 33 
-99 -49 30 
-184 -92 172 
172 -31 -171 
-132 -20 134 
44 172 32 
5 29 73 
76 153 -187 
95 -118 -138 
6 -52 -183 
-56 10 163 
-98 -8 -32 
28 22 84 
-72 -111 -113 
91 -194 31 
91 1 149 
190 -195 -54 
-89 -87 45 
-69 17 -164 
111 38 124 
14 -185 7 
190 44 -27 
51 -39 -12 
-53 -124 13 
-154 4 -76 
-10 -124 -89 
95 116 68 
-22 -55 131 
114 -180 96 
4 55 -71 
56 -178 57 
-118 -6 -12 
-13 37 36 
41 171 -116 
145 69 -138 
177 57 15 
103 89 -37 
-6 -181 -151 
-3 133 -167 
-137 -26 81 
63 153 163 
167 -24 39 
140 18 -54 
-22 122 63 
15 -103 85 
-186 -97 -144 
143 -63 -125 
76 -172 -184 
153 134 66 
168 -186 6 
91 -194 -157 
121 -51 86 
-155 -43 -170 
196 47 7 
23 181 32 
103 -41 -96 
-40 47 -5 
62 -181 186 
152 52 85 
-50 135 18 
85 -11 145 
91 -20 95 
-111 -44 -23 
-165 -153 117 
-45 -22 -121 
-85 101 -33 
48 -50 22 
-112 -175 14 
192 144 96 
-12 -182 150 
183 125 -69 
-116 72 76 
-16 124 -178 
-98 -27 40 
-29 136 -137 
-130 -124 111 
72 -21 61 
-63 -3 -22 
-11 -142 104 
63 87 -178 
-45 99 114 
145 -45 160 
173 129 87 
-14 -26 -7 
-78 6 8 
160 -180 164 
-22 -3 -183 
-93 -103 -106 
82 -1 -67 
163 -180 -42 
-17 -36 3 
-106 -121 -76 
195 149 54 
-194 25 -51 
113 161 -44 
90 9 39 
70 32 174 
-129 160 -55 
180 -160 129 
-64 19 17 
-52 53 125 
-71 135 32 
112 -28 -180 
-77 16 136 
173 3 129 
59 136 -103 
35 105 167 
-4 137 81 
-190 -35 -193 
177 -107 -62 
-40 149 -169 
45 69 158 
156 138 -195 
11 3 61 
-53 -111 -33 
-25 19 28 
153 -144 182 
-4 -1 7 
-9 55 137 
150 30 182 
-43 -5 -20 
71 -181 -141 
-20 -5 2 
-26 -20 119 
39 82 8 
-106 137 76 
84 133 76 
-30 -55 151 
4 -189 -3 
184 8 175 
158 76 145 
72 16 -70 
-159 84 -61 
-97 -184 -34 
58 148 -60 
-4 29 173 
-185 15 -68 
-200 46 30 
21 -105 -20 
-90 15 116 
84 -25 2 
-79 -1 103 
16 87 -113 
118 184 -56 
-8 -162 -1 
99 105 -87 
111 101 -20 
197 -163 122 
160 -169 -133 
-53 145 -6 
13 33 23 
-7 -21 44 
49 81 55 
-178 -82 43 
-42 -27 -8 
124 85 114 
191 -36 -8 
3 -39 87 
12 137 36 
-129 31 -11 
-57 68 -152 
-141 55 18 
29 75 3 
-55 19 -152 
14 -53 69 
-179 2 -49 
74 -39 -78 
175 29 35 
185 139 44 
51 55 -138 
-145 -111 -5 
-169 157 158 
77 15 -163 
13 -85 130 
169 63 -157 
-96 87 -82 
-67 47 25 
-86 -89 -39 
8 -1 -37 
-125 -99 77 
-133 -23 -85 
54 188 -76 
49 -69 -56 
21 86 -6 
-199 -146 138 
