-141 13 127 
-73 121 -71 
68 -10 -22 
130 47 -41 
80 187 -163 
137 -56 -78 
-123 69 173 
-32 114 -80 
-40 84 -95 
-42 70 -13 
-106 -20 -134 
7 -152 -83 
64 130 -192 
19 1 -13 
76 -178 -159 
185 -20 -146 
37 -173 109 
8 -52 -171 
21 60 29 
186 6 -33 
-128 164 89 
-70 -2 -32 
-53 -9 -55 
114 -43 -21 
-72 -161 31 
57 38 197 
-128 104 -200 
161 -11 162 
159 -84 -57 
-193 -124 14 
189 -151 -42 
-114 -148 139 
150 -160 50 
112 28 -193 
93 -114 -110 
148 102 -160 
69 105 63 
104 -93 -176 
-87 -26 57 
62 10 -148 
60 -134 -85 
34 -18 -168 
-1 152 27 
-48 -90 -91 
76 -147 -125 
61 104 168 
-147 -163 142 
-17 -38 -92 
-123 6 -51 
-170 35 84 
77 -24 -177 
9 73 -123 
-17 -158 -176 
189 -104 14 
-127 -44 12 
-72 37 89 
-69 -9 21 
76 181 94 
-48 -12 29 
184 58 97 
162 111 -129 
-54 -121 -94 
148 -180 108 
6 77 -20 
-77 -127 15 
-101 -54 194 
-11 149 -9 
-173 15 11 
145 104 63 
-186 96 -42 
-134 -71 88 
-4 -197 98 
-77 -129 4 
-189 9 11 
-73 -200 5 
-158 -62 -56 
124 51 -126 
87 191 -94 
96 -86 -119 
-74 197 86 
142 8 -83 
44 118 -179 
-179 -2 -37 
-98 37 105 
-66 143 -107 
-21 -198 85 
-2 -177 167 
-166 -179 -5 
160 -185 -162 
52 -67 -72 
197 -102 -175 
-125 -105 -106 
-114 -55 10 
-17 150 -6 
-86 -65 88 
3 -97 -92 
200 197 172 
-73 -96 115 
-37 118 -55 
-33 -150 -100 
119 124 -90 
28 142 61 
-128 -180 115 
119 50 67 
165 -38 40 
-42 29 175 
-153 164 1 
55 -136 -3 
-183 -32 108 
-11 99 88 
92 66 -154 
9 128 23 
117 -144 -151 
175 5 14 
-21 -160 -198 
95 -52 -124 
-99 190 -30 
-10 1 -142 
-66 41 -30 
-191 37 -38 
-140 -59 -11 
-10 80 -38 
-51 -183 89 
-145 194 195 
153 128 -5 
-136 -132 -61 
63 7 -57 
-117 55 106 
-137 49 62 
-189 -110 77 
-78 -76 -194 
62 167 5 
-119 -148 -96 
-117 -112 120 
-1 -33 -59 
58 -188 150 
90 198 191 
-10 -188 -15 
117 99 -105 
-46 -57 155 
8 156 92 
-124 -114 -19 
-164 109 23 
136 102 126 
15 12 145 
129 -30 46 
-120 -172 -72 
155 -58 -86 
156 185 77 
126 -13 -28 
-71 74 -51 
2 156 85 
-167 -179 -70 
-163 -161 98 
110 -20 35 
184 103 -63 
-98 114 -95 
-161 -172 164 
92 -89 -45 
-85 -166 26 
-132 151 -81 
-189 -1 107 
197 -146 -26 
-125 11 41 
93 124 -103 
-148 -103 -117 
-177 34 -162 
178 47 200 
151 88 101 
103 -145 -81 
101 -195 5 
-1 -180 45 
-42 -158 -77 
-50 155 -81 
-173 150 68 
195 -118 -67 
-111 69 -68 
84 40 -81 
78 -137 81 
-3 108 138 
-69 140 44 
-5 2 -112 
32 10 72 
154 -153 6 
154 119 42 
113 -40 -38 
79 182 -86 
-149 -58 8 
-182 -109 170 
-76 -18 -37 
112 -55 138 
-167 -111 -26 
-160 -60 20 
-29 -184 -17 
51 -89 -22 
169 33 -178 
-55 -103 177 
74 -6 -72 
-143 27 -95 
96 -88 168 
-14 2 -71 
-70 102 79 
90 125 -177 
16 2 14 
-105 -98 10 
-122 -20 100 
-13 -119 -111 
189 -73 97 
136 31 -57 
145 91 -84 
-55 -145 3 
174 39 -168 
135 -176 69 
191 -86 64 
164 -1 140 
-67 103 35 
25 171 119 
9 124 28 
-2 177 -104 
185 -21 8 
25 56 152 
-129 -113 41 
-157 4 -133 
-63 -194 -7 
58 174 -8 
80 22 -113 
175 -166 16 
-36 -8 102 
-91 -70 35 
-152 -111 -11 
68 -28 70 
118 68 -26 
191 82 -141 
48 -76 13 
-70 80 128 
2 -3 123 
-153 -12 -104 
-162 67 185 
-82 5 -142 
143 113 -13 
3 -41 -74 
-81 180 -181 
42 -80 -76 
-185 -35 -113 
181 12 -175 
79 -108 157 
63 191 -137 
10 -101 197 
177 -61 -153 
-176 -144 138 
62 161 137 
-109 -147 39 
9 -112 -96 
-133 -105 146 
1 -21 -188 
-88 70 137 
159 20 173 
-191 5 99 
-161 -121 65 
-81 2 57 
-165 -149 -151 
-54 -74 -137 
99 -14 59 
-58 -95 -47 
-136 -109 -105 
63 143 105 
-98 -144 191 
132 147 15 
128 60 111 
-35 -114 109 
199 -113 -167 
157 100 30 
158 49 -53 
-51 -99 20 
-17 45 133 
-168 -182 106 
102 23 -150 
179 -30 53 
190 -149 50 
-18 59 -38 
-38 -142 37 
-19 149 -114 
67 -66 39 
-129 -125 -132 
115 -69 89 
-43 -186 174 
-197 82 139 
36 7 -37 
126 -11 -141 
16 88 52 
-63 26 -115 
150 134 117 
115 -19 -8 
-43 -91 -76 
-25 -80 -1 
-170 -16 13 
43 26 163 
-126 155 93 
-130 -200 102 
3 100 -32 
-92 127 -86 
-122 -97 -154 
79 189 -134 
-64 21 139 
-182 148 45 
154 15 -95 
-2 -24 -80 
-2 -173 -40 
-95 -80 97 
172 -116 180 
75 -45 144 
138 94 -76 
-92 -188 127 
-142 -85 30 
120 -16 -137 
-110 38 -141 
115 24 7 
-33 89 -189 
160 -18 -96 
-1 -35 -121 
159 -17 -174 
-51 -7 32 
-179 -155 -53 
172 -2 -104 
104 -92 -53 
-11 -158 -23 
-51 30 10 
22 -105 -200 
-23 -97 -60 
-4 178 147 
-97 42 -10 
-15 153 -29 
3 -153 23 
29 133 131 
-73 -20 65 
7 91 132 
-51 -5 -121 
23 -13 153 
-94 79 139 
-160 115 -157 
-56 -175 -8 
-186 -138 -12 
45 -199 -79 
-28 -121 153 
168 160 92 
-44 -171 27 
24 -56 -54 
-59 22 32 
-109 58 -44 
109 52 -1 
187 7 -68 
136 12 40 
137 -103 -121 
-174 17 -3 
-49 -113 98 
168 -133 -71 
10 103 117 
-23 70 162 
-29 72 85 
-7 -36 30 
-142 138 -59 
-155 -24 -139 
137 132 103 
-51 54 -10 
124 -22 -200 
-80 66 12 
157 26 169 
21 25 64 
78 -7 137 
-10 -163 -34 
-39 -76 95 
11 119 197 
137 -47 -62 
-187 82 109 
79 43 12 
-193 84 186 
6 -1 81 
95 -191 -52 
-174 -76 35 
-93 79 113 
-29 93 49 
-187 35 -30 
-152 134 114 
183 150 -98 
-6 101 -141 
-173 26 146 
60 161 -42 
-104 -171 -29 
-59 -90 -139 
-100 132 -101 
2 -71 -47 
-120 -115 -77 
10 44 153 
116 91 15 
149 -184 56 
112 106 -195 
163 -34 -17 
173 67 -80 
128 23 -86 
-91 44 40 
-99 133 195 
165 25 -57 
22 97 -78 
54 70 89 
123 112 -145 
145 -178 68 
-23 -67 -43 
-15 -176 14 
6 -8 5 
-152 70 -23 
-94 -49 93 
-10 -147 137 
-161 48 94 
-28 -30 156 
-7 45 -110 
-123 -35 -5 
-65 50 -95 
-104 9 24 
-2 20 -183 
156 -79 159 
94 -23 -89 
-94 197 64 
48 151 -191 
-140 -68 -72 
-181 -122 -52 
-90 168 111 
-44 127 88 
-24 80 98 
107 8 12 
25 -154 80 
105 104 198 
-116 11 95 
-151 191 -40 
38 69 107 
-112 -38 -4 
26 -78 -154 
-175 186 120 
-122 -135 57 
141 -92 75 
-180 144 29 
13 44 -129 
-124 79 193 
67 135 165 
78 -57 132 
152 -44 82 
53 -149 18 
-152 116 54 
-159 -44 -75 
-136 -164 -55 
-147 177 168 
-45 -137 -1 
32 -31 -184 
-50 -181 -113 
143 79 -117 
-160 47 11 
44 4 -109 
103 139 77 
112 -40 -96 
158 18 -83 
25 -61 53 
94 139 -69 
-96 156 -157 
13 -51 -17 
-46 130 -117 
-132 -38 185 
-107 -193 142 
-61 -97 122 
-166 161 -58 
-192 -61 63 
128 46 58 
149 200 -114 
-40 8 -1 
102 -99 56 
-138 -137 -60 
69 -122 156 
17 -164 129 
86 -72 -56 
10 127 -15 
-78 -80 -177 
-142 176 -15 
125 143 -189 
-185 20 -33 
76 -24 1 
157 -15 -85 
-88 -102 -152 
105 -128 135 
-160 -29 154 
51 -179 92 
56 -152 -1 
173 160 38 
-132 -79 24 
2 106 -189 
1 -14 -77 
-106 145 177 
-137 192 62 
112 58 -154 
164 98 -78 
-76 200 21 
-187 -37 -1 
63 75 59 
132 -16 34 
54 -12 25 
9 -20 62 
-14 158 146 
-26 -140 5 
-147 -14 114 
124 -52 -45 
-104 -57 149 
-13 -99 146 
-151 118 33 
33 114 51 
-25 12 24 
17 2 25 
-23 -195 85 
170 -190 176 
195 -154 25 
96 -14 -95 
-174 -1 -152 
-126 178 -121 
-102 -162 127 
102 -141 142 
1 -38 134 
102 -52 45 
-76 74 -156 
49 116 -193 
185 -137 -129 
18 73 68 
121 140 -19 
61 -44 -36 
159 -108 64 
4 57 -27 
-78 -25 19 
-26 -4 40 
-71 -120 -95 
-110 38 -58 
-155 -173 -20 
31 -96 51 
65 50 -14 
83 -28 138 
182 11 -160 
-106 -147 -13 
-66 -31 161 
-102 105 76 
-166 90 -66 
-136 -93 -103 
-32 -3 -153 
-16 55 -12 
-29 42 -160 
-153 122 -34 
110 -143 -195 
-116 140 17 
118 115 186 
-122 -1 183 
156 -90 191 
-125 96 72 
-5 -45 147 
161 -55 -72 
-21 -6 153 
-12 -5 30 
198 -164 191 
161 -85 78 
164 -194 47 
-195 66 80 
9 -102 78 
-12 -164 -178 
-27 -21 114 
-75 174 38 
116 122 -138 
65 8 -12 
75 162 147 
-91 24 -18 
-1 87 100 
-30 -137 195 
-80 134 39 
-185 13 31 
8 -192 115 
-191 -22 125 
182 143 10 
-25 120 150 
168 101 63 
-57 -8 113 
75 -39 89 
11 46 91 
130 -42 -66 
-44 50 -60 
196 80 3 
5 -101 14 
34 176 -185 
-4 107 -175 
51 16 67 
-17 168 44 
146 -191 -149 
85 -130 30 
180 102 -89 
182 173 81 
1 148 18 
-135 -102 191 
-181 -164 -8 
93 -177 -139 
19 117 -13 
