-16 22 150 
182 143 85 
2 -73 70 
-82 85 -113 
148 -113 -2 
96 1 10 
-44 -124 108 
-79 15 45 
169 -48 77 
168 88 -85 
93 199 -191 
196 -69 146 
200 -1 38 
-14 -48 -95 
-104 22 43 
-97 -48 130 
128 180 -88 
-15 -189 72 
126 -81 21 
-72 144 124 
-8 -14 -126 
46 36 79 
-29 126 98 
-150 -193 13 
53 32 -37 
172 161 -5 
-178 -50 115 
60 44 144 
144 -19 -116 
9 -106 66 
65 -25 62 
-10 -21 30 
116 -44 -131 
-108 98 -21 
192 -90 17 
9 -92 -183 
106 -174 -84 
-94 3 -16 
-147 -125 153 
-40 -48 101 
75 -143 62 
186 -194 142 
18 181 -36 
-104 10 -142 
-5 -2 49 
64 -10 144 
-3 -48 156 
89 -196 -24 
122 -87 -146 
46 108 73 
53 16 -66 
34 -126 -20 
-59 61 -173 
112 -80 182 
47 -189 2 
84 56 -174 
-95 116 9 
38 -145 189 
-32 -120 49 
61 -156 185 
113 -27 -11 
-95 -179 -130 
91 -82 -161 
3 82 59 
-33 117 -133 
58 -4 -178 
155 12 94 
-195 -41 -112 
144 -5 -132 
-3 -83 -119 
94 41 98 
26 -128 -45 
-1 -126 62 
2 128 106 
-106 30 114 
-72 97 116 
35 -156 -38 
138 -113 -134 
148 -51 -42 
-30 56 33 
189 116 14 
169 130 29 
35 -177 3 
128 123 198 
-68 -165 -1 
-83 -85 -109 
21 -180 -35 
-65 38 28 
127 73 112 
15 153 -23 
-127 154 -114 
165 -91 -92 
-35 -156 -103 
-72 119 199 
-198 -193 178 
-144 -32 92 
95 -81 4 
-106 -4 138 
131 -87 78 
83 12 -44 
-81 -16 6 
-44 32 36 
138 -50 32 
-27 -175 22 
-132 141 -165 
-80 126 -156 
-191 69 -163 
159 117 140 
29 -132 -198 
97 149 -63 
-175 -181 -11 
-150 5 -137 
3 108 17 
-143 180 -105 
2 16 189 
121 52 199 
164 75 -189 
19 -36 23 
-25 -106 -69 
107 200 80 
-195 147 -4 
-174 -131 -173 
-175 -22 -55 
-37 21 94 
-185 106 182 
6 -186 -51 
-48 -176 52 
113 -190 -29 
2 -143 -114 
80 127 -144 
-148 -69 94 
116 -85 196 
-26 73 -160 
-181 157 87 
103 122 158 
45 -156 -60 
-54 -146 199 
35 119 145 
171 -52 130 
-88 -108 -81 
-30 -80 -54 
-57 -163 -83 
75 -66 -34 
-80 -140 25 
-37 111 -135 
-134 -10 195 
71 -76 79 
139 7 145 
173 143 -51 
-50 11 64 
-34 -45 -65 
29 127 130 
-10 163 -115 
-49 -62 -75 
45 1 61 
79 -20 -137 
-92 112 16 
-111 197 196 
67 -101 -100 
-6 -10 -96 
57 -70 -33 
-37 -93 4 
-65 -27 114 
-138 -43 3 
-39 14 50 
28 47 18 
198 -73 185 
110 59 -43 
76 25 147 
-78 168 -85 
163 177 40 
80 81 189 
73 10 -91 
187 13 -166 
163 -115 11 
-77 -1 -12 
-114 5 78 
-186 164 126 
-192 98 168 
83 -71 172 
-181 71 -14 
29 40 79 
-13 -87 -56 
176 49 103 
2 23 154 
81 153 1 
-35 132 49 
56 9 -157 
-85 113 68 
-121 22 27 
-2 76 58 
-196 -95 -168 
166 -88 183 
82 -58 -25 
132 -143 -131 
-161 165 127 
-146 -58 -104 
118 -67 -121 
169 -118 -8 
-94 -64 -119 
98 -83 122 
-197 113 -23 
88 7 -189 
102 93 -149 
-112 -135 49 
125 126 -13 
9 199 -147 
4 -1 118 
-15 80 -61 
-16 -108 47 
89 -36 -63 
90 121 -9 
-141 -101 -127 
40 -92 -189 
143 -9 -87 
76 -23 -196 
25 -5 6 
-78 -9 81 
-23 -33 189 
-21 -11 9 
41 -52 -187 
142 35 167 
149 86 144 
25 -166 -173 
14 15 67 
57 158 92 
-171 -166 -189 
5 -172 76 
158 88 58 
-47 73 -17 
-10 -96 92 
27 87 70 
-12 71 -149 
9 -128 -112 
20 106 96 
177 50 173 
188 187 59 
71 -38 124 
-121 39 66 
2 111 -131 
165 169 59 
96 171 -144 
112 140 -54 
87 -64 13 
19 -11 -131 
77 -181 122 
-127 59 -129 
12 -78 -186 
132 75 144 
184 -167 108 
113 -23 21 
-5 -166 2 
189 43 -144 
-72 -114 -50 
-167 -200 7 
184 51 -171 
56 -91 -11 
-199 -113 -94 
-52 -130 32 
183 -31 23 
-178 -155 -68 
-166 -125 85 
98 114 -85 
-14 -191 -30 
119 7 -117 
-38 -98 -4 
-169 78 32 
-170 56 28 
109 -130 32 
72 163 -23 
-74 15 3 
-17 -64 -190 
-15 103 16 
177 151 84 
196 62 -47 
67 -1 -174 
21 37 74 
-69 137 17 
163 130 -39 
18 -161 107 
-65 100 120 
153 -16 130 
-157 55 48 
11 -80 -12 
101 -184 171 
-51 20 -127 
-175 91 111 
-183 47 -143 
29 -138 181 
-31 -19 -103 
45 -191 29 
82 -133 -109 
109 -43 -98 
-76 -194 -34 
43 1 38 
-129 48 60 
-16 7 -151 
53 111 -146 
194 160 -10 
-80 33 57 
118 -132 -82 
103 -90 -186 
130 -78 -33 
67 -88 102 
147 27 -46 
122 -15 -46 
-108 -120 74 
46 -132 148 
90 1 63 
195 -86 -175 
69 36 99 
167 -2 66 
9 138 1 
35 -73 34 
-28 -55 15 
-49 -174 85 
-28 181 191 
198 -140 -13 
-79 -135 -38 
-89 -138 87 
5 -120 197 
54 -36 176 
89 -1 48 
64 33 195 
79 193 31 
88 -42 -120 
179 -99 24 
46 109 -44 
25 -156 169 
185 91 45 
-148 -171 88 
193 78 -69 
-8 -9 156 
164 44 30 
-52 118 182 
166 183 117 
-124 -175 91 
-193 31 58 
13 -174 2 
-28 22 8 
-101 -54 -22 
-155 72 126 
139 168 -158 
-186 -39 108 
165 71 -62 
-110 -1 142 
-5 115 -128 
142 161 -190 
-117 80 174 
131 -33 -161 
-30 166 -192 
23 -142 117 
25 47 187 
-93 13 120 
-112 -144 -41 
-99 -12 -189 
-104 175 12 
-116 -8 -64 
-73 30 -52 
38 -148 153 
-172 -122 10 
-65 -52 79 
115 -187 -107 
186 2 -34 
124 -137 -193 
-188 178 -47 
-50 56 163 
110 55 40 
-101 162 167 
199 -9 -79 
99 93 39 
141 28 -190 
-197 -95 104 
117 -15 -131 
-161 -118 45 
-167 -55 -112 
-68 -74 -108 
52 63 -168 
-2 -42 -188 
-150 116 -173 
-4 87 68 
-125 195 -33 
-155 41 150 
-6 93 69 
-66 7 -194 
101 103 -111 
6 138 140 
-89 50 -156 
-112 200 86 
-2 -137 -24 
-31 85 -136 
48 64 97 
-195 169 -31 
-166 -180 73 
-172 105 143 
-135 121 16 
-181 -134 148 
-56 25 -178 
-104 -14 -39 
11 -74 -122 
-138 117 -108 
-61 38 50 
-39 -114 30 
41 65 1 
122 41 -123 
-5 163 16 
-166 105 97 
-178 -99 -71 
77 179 89 
111 180 129 
172 3 -104 
-33 -118 -166 
-52 -196 156 
-98 162 83 
-17 -115 -103 
126 -156 30 
-80 -64 28 
16 31 -1 
-47 -165 -96 
-34 -103 -12 
5 23 -6 
-187 -101 84 
156 -94 -35 
126 41 -20 
-35 111 -118 
-101 30 105 
52 -121 160 
100 97 27 
-165 92 -93 
-115 92 -6 
73 -107 -83 
-148 -80 -75 
-7 107 61 
37 -196 -94 
-10 29 -160 
27 -96 -38 
177 20 -160 
-25 -23 -167 
170 -24 146 
-103 185 79 
-1 -159 -6 
131 -12 9 
-172 48 -49 
41 -4 -66 
-148 132 32 
-186 -45 17 
-192 -60 -54 
36 183 -37 
-51 -8 -74 
-52 -39 179 
129 65 69 
-196 97 1 
74 -98 -21 
-54 183 160 
-140 -93 111 
-38 -123 -37 
-50 -58 148 
-184 -22 116 
-28 -189 73 
19 -179 -142 
-30 120 134 
-77 -46 -94 
-171 -42 159 
-29 -117 -20 
-74 132 -168 
-11 183 155 
-123 125 -45 
198 63 199 
86 199 -25 
-88 50 61 
66 -95 126 
51 129 -118 
28 -29 -77 
126 70 -27 
-149 55 -93 
-126 89 -28 
3 -105 -63 
-3 -29 100 
122 137 -140 
-198 -16 71 
-37 -69 -36 
-13 -32 74 
-75 63 54 
132 -127 -80 
-17 -113 13 
-63 -185 -32 
30 71 173 
30 -121 -82 
106 -166 -125 
58 -39 -34 
120 -58 -128 
-158 4 121 
46 -182 91 
9 16 -176 
-22 52 -126 
-128 -99 -33 
79 -99 77 
89 93 134 
123 7 -139 
-163 -51 136 
154 81 -20 
-20 178 192 
-73 91 56 
161 118 160 
5 -144 -108 
102 5 -130 
49 -134 -54 
-120 175 92 
81 -107 -51 
-30 -125 104 
-73 -145 -3 
132 131 147 
-44 3 -148 
-8 133 -174 
-41 16 34 
-142 126 -99 
15 -132 -168 
-46 -56 -47 
37 102 -64 
-74 -143 -58 
-65 94 100 
167 195 116 
59 -55 -106 
-190 111 -194 
-192 -163 32 
44 154 -113 
-117 68 -115 
112 -14 -157 
-5 178 -3 
31 186 44 
-165 -87 123 
127 -169 11 
1 -70 -183 
24 -57 -107 
-138 41 -32 
-46 119 -29 
171 73 38 
-1 4 72 
-3 94 150 
-15 24 -95 
-72 111 -67 
-91 -186 -195 
-40 13 -164 
46 -192 5 
134 21 69 
-173 -168 -24 
-33 28 -87 
36 28 122 
62 -16 61 
-62 32 -124 
-25 32 -184 
-101 -14 60 
-76 144 -171 
-28 -92 110 
-36 -90 9 
20 47 -200 
34 59 48 
26 24 -23 
-2 37 144 
175 -122 83 
110 80 -133 
112 99 82 
163 -128 6 
-196 2 -51 
183 -86 -37 
88 -33 171 
-178 60 68 
-118 -22 -85 
-5 6 82 
60 8 153 
194 8 -15 
192 -93 108 
-70 131 18 
153 -128 -106 
-173 110 29 
140 144 110 
-91 -11 -92 
27 -115 122 
-198 17 -73 
-3 -59 -160 
94 -168 89 
-168 23 -136 
63 -125 -138 
-60 -137 -25 
-12 66 -187 
-164 -29 -2 
-129 18 199 
124 86 -173 
-3 9 52 
-18 99 69 
32 -157 -195 
103 -30 -127 
-18 19 -193 
190 -167 86 
164 134 -113 
159 92 -196 
5 145 -172 
28 -64 36 
25 -142 79 
-187 -62 -93 
