-92 58 -19 
55 100 -179 
-175 -70 122 
-40 128 176 
-59 21 148 
-38 -148 1 
83 135 133 
-42 129 197 
-121 -18 142 
-22 -92 -39 
-158 62 -37 
70 176 -174 
22 -139 -133 
86 149 -125 
190 -137 140 
-182 -50 -17 
-21 -188 -185 
113 3 -129 
-128 77 -153 
155 -10 88 
156 10 -104 
-53 1 -84 
6 -62 -156 
164 137 60 
-156 75 122 
99 -167 -148 
-76 -68 132 
-43 199 -84 
-106 -1 80 
-154 65 15 
63 83 21 
27 -103 64 
192 141 101 
-26 110 12 
106 -1 -85 
13 33 -102 
-112 165 32 
-27 140 -190 
-175 148 5 
55 -133 106 
-111 -131 -70 
-18 -166 193 
-84 83 23 
-11 -112 -140 
173 -52 -134 
-117 43 98 
-88 128 -97 
133 -122 175 
4 -66 -122 
-7 -83 126 
-54 153 -140 
5 -87 119 
196 155 -41 
11 5 13 
-46 21 -17 
136 -195 132 
6 -191 -34 
-162 -135 -173 
5 34 -114 
-5 22 11 
155 124 189 
78 -172 -99 
176 -1 69 
155 17 27 
9 -188 -154 
11 -8 -154 
75 -56 142 
108 127 -174 
-114 -174 -171 
-28 49 -32 
49 161 -118 
-114 39 -106 
40 103 -1 
-31 115 49 
74 140 106 
-43 67 -189 
57 -156 100 
23 -94 -44 
107 -72 123 
-24 106 37 
167 68 1 
85 134 168 
62 86 -175 
-97 -125 138 
107 172 118 
-38 -44 -153 
112 98 -6 
-68 83 -2 
-70 -67 36 
129 -197 57 
193 -23 -98 
34 150 -138 
-129 9 62 
-200 23 -37 
-174 -24 -160 
67 -191 52 
61 -50 151 
-142 109 -151 
75 96 20 
170 45 200 
-132 -159 151 
-78 108 -1 
-84 -16 -113 
3 -52 -7 
-163 -24 -170 
-78 -87 99 
-200 -33 -44 
45 -93 43 
37 -93 -163 
-35 -32 179 
-117 -49 -5 
25 -65 -34 
-72 105 -53 
-23 157 -124 
73 -55 -15 
152 114 -176 
97 -50 108 
-184 -185 19 
-82 -122 -46 
13 12 -173 
-6 117 -74 
39 -110 15 
169 137 27 
-88 129 8 
87 -124 171 
-177 27 -180 
118 71 180 
-41 -188 -58 
197 -98 -178 
-145 -52 -19 
-136 24 67 
38 -119 -9 
-46 109 -102 
122 74 22 
19 58 -2 
-152 -173 163 
77 -132 33 
144 -45 51 
-159 82 199 
39 -11 50 
181 42 30 
-198 88 -169 
-112 -144 -85 
-64 122 80 
-102 26 -64 
-49 71 -185 
-1 42 -168 
-185 53 -168 
-120 25 -166 
70 52 76 
-79 159 62 
30 166 76 
7 -19 -96 
-5 -108 -129 
-120 -112 178 
2 -85 3 
175 120 10 
168 36 -173 
-86 89 120 
38 91 70 
23 84 -196 
-147 49 -197 
-199 -124 97 
162 -125 -26 
161 -20 47 
-11 32 119 
-105 -104 -12 
159 -131 44 
-170 115 -125 
-90 200 24 
-172 165 29 
53 -93 51 
-97 106 27 
125 15 -55 
118 -18 -198 
1 -80 -42 
62 -78 51 
-119 -82 -158 
-64 200 99 
136 -128 174 
118 71 -32 
29 98 -84 
-10 131 65 
185 -133 97 
177 -47 114 
-49 -73 107 
-113 -28 -172 
55 -154 36 
-54 -21 -163 
2 -200 -1 
-2 121 57 
74 130 -31 
-54 -26 138 
-71 -191 187 
18 6 24 
155 84 -1 
96 -32 17 
162 181 -71 
148 -146 62 
139 -156 159 
-60 -176 -122 
70 91 -189 
104 48 -21 
75 155 165 
-188 144 8 
-150 -124 73 
2 50 -187 
200 -141 -144 
82 75 171 
-110 -85 -41 
-77 -114 -57 
136 -183 -48 
-135 81 -83 
24 -52 -6 
-98 109 -153 
-198 -162 189 
-146 -121 9 
6 -126 147 
187 73 116 
187 -63 -18 
47 -187 12 
-186 -181 66 
-160 -83 -31 
-7 -2 89 
38 15 123 
34 -132 -195 
-144 -105 -1 
-144 176 10 
-33 152 -75 
-73 -61 -105 
14 64 143 
-82 -70 34 
-91 -99 88 
-37 -193 151 
-111 -109 193 
119 103 -14 
-17 106 38 
-161 186 -197 
131 3 -90 
64 -5 -151 
-195 -135 149 
97 36 91 
-13 48 -7 
114 27 -16 
90 183 -56 
106 -86 29 
157 -117 111 
35 27 -17 
-143 -97 -110 
137 -68 -71 
11 103 -74 
184 -130 78 
2 43 57 
-124 103 -46 
100 -52 127 
-172 -35 76 
-125 -97 158 
159 117 -195 
155 -47 -161 
89 -123 53 
-17 65 -51 
-83 120 -76 
197 40 141 
-5 159 -160 
-34 -82 -191 
-122 -25 86 
198 -41 -118 
100 128 -43 
-18 17 132 
95 102 -29 
134 84 -33 
-199 -5 3 
-80 -65 -23 
-144 -160 -52 
-24 144 22 
43 84 161 
61 86 93 
-81 14 127 
-102 110 -11 
-11 94 82 
-129 9 29 
-146 17 186 
-140 -148 115 
-146 119 -8 
-20 -130 108 
-41 -63 -45 
-158 131 180 
149 114 -190 
-6 -123 93 
78 93 -83 
101 -184 -187 
-157 2 -6 
-135 117 1 
-200 -1 -195 
-191 17 -28 
100 -35 -115 
63 -190 173 
199 -178 -136 
-50 178 -69 
-119 -138 160 
63 132 -105 
148 -52 86 
144 102 49 
-168 -47 44 
-23 -56 -114 
82 -63 -138 
1 189 -128 
-128 155 -40 
138 -25 2 
118 109 120 
-84 -24 -37 
-138 51 -106 
78 165 142 
-2 151 158 
-141 -120 -71 
119 110 -157 
-48 25 162 
123 6 -82 
68 75 105 
32 1 -88 
-11 9 54 
-24 170 142 
193 64 -123 
101 -83 -147 
-92 -182 153 
18 -86 16 
30 197 12 
-23 2 -98 
89 23 157 
-102 -39 -84 
-28 -57 33 
2 -187 112 
-70 -19 -100 
-26 153 -176 
118 1 17 
51 183 117 
18 -160 -38 
32 107 -58 
-96 199 -188 
191 53 -100 
-132 -39 -193 
162 2 -37 
-60 -165 41 
131 9 58 
-154 -12 1 
22 -13 -21 
-27 18 79 
-128 136 38 
43 -158 -132 
197 59 -77 
96 169 60 
-182 -33 -2 
18 -174 -180 
172 -100 114 
38 -57 3 
45 16 51 
-61 -175 -185 
-138 -89 -10 
41 -130 43 
-89 -182 158 
-100 89 81 
-87 -107 29 
67 -47 -36 
-127 -24 130 
-71 -47 -59 
93 -122 33 
-11 -40 183 
52 -22 168 
-121 78 8 
45 114 136 
72 164 188 
-150 10 -35 
181 72 -163 
35 -14 182 
41 155 -13 
-147 26 -63 
-27 29 181 
-67 -49 165 
5 -175 -128 
101 29 179 
-135 133 120 
-198 91 127 
-60 29 -78 
4 -59 -40 
86 180 -29 
-99 95 -81 
-127 -40 -189 
102 -46 142 
144 -70 11 
192 -25 -9 
104 -21 44 
-163 -108 137 
-175 112 -153 
-92 -6 179 
-42 -187 104 
91 139 -38 
-170 118 129 
180 -18 -152 
64 192 32 
-148 191 131 
-48 191 10 
-65 -117 36 
-63 -49 51 
70 100 -59 
51 83 26 
20 159 -65 
-36 -66 68 
185 8 34 
150 -93 199 
-112 -44 -176 
-142 -5 -67 
104 -76 -103 
-1 -92 -174 
-97 122 -129 
81 138 91 
-58 79 29 
154 130 137 
70 -58 -163 
76 -144 -11 
80 63 44 
4 15 162 
60 26 -98 
-31 -117 9 
-191 63 138 
-188 84 180 
101 -136 187 
-192 -16 186 
41 185 -34 
-68 -139 -4 
21 10 -138 
38 -52 -193 
50 100 -5 
32 163 170 
-98 -179 -66 
103 -37 61 
58 -198 -5 
-167 94 86 
-62 -196 30 
-149 -53 51 
88 120 -160 
-102 -63 50 
177 -147 -72 
23 -103 -44 
-15 -192 103 
160 -178 53 
-174 -90 -84 
-180 170 -166 
-140 -112 -71 
52 -74 -3 
-105 196 -162 
142 -122 -87 
-27 -148 100 
39 -52 -191 
65 181 -185 
10 81 -57 
-158 -40 -170 
-194 -17 79 
4 151 -9 
-58 -156 190 
-15 177 -18 
-194 129 -186 
-54 -75 23 
187 -121 128 
171 -23 162 
14 -54 122 
-3 180 70 
166 114 -26 
-68 -15 -103 
13 180 -169 
34 -56 20 
-139 100 -1 
127 1 195 
-197 -193 -172 
47 34 -32 
147 -29 -90 
-94 20 -50 
-21 39 88 
-16 -139 -124 
194 47 -163 
-110 -118 45 
-115 139 119 
-93 75 81 
194 -25 158 
64 -125 43 
42 75 38 
46 98 166 
-42 12 -200 
183 -145 195 
6 -112 65 
31 199 185 
-24 -81 94 
-26 -13 -15 
-94 103 -138 
-3 1 -61 
-76 36 -6 
-68 -196 -51 
181 -13 135 
-54 63 77 
-13 -8 -64 
87 -104 -114 
46 -109 105 
-57 -81 155 
33 -149 143 
144 -10 -110 
128 54 -141 
14 -34 182 
8 6 -11 
-109 133 -194 
177 167 -191 
158 -132 -108 
-142 -66 6 
29 36 92 
-16 -162 -1 
195 83 -71 
146 -188 -129 
27 9 13 
193 2 -188 
99 49 118 
-153 31 -26 
81 25 50 
-59 -188 -2 
-130 -72 19 
76 -41 83 
-175 -50 -11 
51 -2 135 
-153 -85 -7 
16 -13 163 
37 -174 -101 
194 -68 -107 
-98 -92 -142 
-104 -132 -15 
100 194 -179 
14 178 -81 
-33 -41 112 
20 -190 117 
-74 -89 -76 
41 -179 -190 
60 -27 153 
-11 -57 91 
13 -33 39 
-5 112 -121 
-62 7 -149 
-199 26 -48 
149 195 19 
46 -99 1 
-12 -11 130 
-69 94 -32 
124 -161 52 
-50 -123 -93 
129 78 -200 
-63 -122 188 
-13 153 117 
118 95 -186 
174 146 61 
90 51 192 
44 -177 119 
-74 -102 -44 
62 -163 -6 
77 139 103 
-31 72 -59 
144 -132 -94 
83 12 89 
9 63 -138 
-46 115 -37 
-143 134 -179 
-40 -16 52 
-160 -106 22 
6 -43 153 
106 -10 45 
-135 173 -187 
-85 -54 115 
40 87 -89 
153 182 57 
147 128 -33 
-159 -184 119 
27 193 192 
-47 38 -105 
95 -65 164 
-162 -120 178 
-10 96 104 
180 -105 -79 
-32 -17 163 
109 -9 114 
167 -72 10 
184 152 173 
142 -68 -54 
157 -73 165 
-135 -85 130 
45 -160 185 
-178 13 -82 
66 -3 -41 
10 -193 105 
-35 -21 117 
41 -163 -46 
-113 197 64 
-1 14 66 
172 -13 50 
104 -35 131 
163 188 -170 
-124 110 135 
