-55 -186 -165 
105 196 188 
5 157 -61 
102 -132 -90 
2 -34 -100 
177 -123 167 
21 -106 52 
-74 158 176 
30 -67 29 
143 1 -8 
79 97 -18 
-145 124 193 
-152 -16 103 
159 -137 -85 
-131 -127 -123 
149 179 -144 
-175 -176 116 
102 127 -42 
85 168 -198 
44 -163 86 
172 90 -106 
136 111 44 
-7 59 -193 
28 80 118 
-13 43 -147 
-31 125 37 
-93 183 134 
-99 -82 118 
140 -2 -156 
-102 -70 -188 
38 -135 194 
-6 -79 -103 
93 -82 149 
41 128 -156 
-181 198 -17 
69 38 64 
155 125 -104 
-124 -49 -7 
-173 -5 -169 
155 -140 74 
121 -25 96 
-77 -67 196 
-65 -194 9 
-102 93 -169 
-130 58 189 
124 15 180 
-11 -28 -141 
146 7 66 
-139 68 188 
-133 -77 -124 
91 119 174 
19 194 42 
-154 126 -13 
-191 -95 -52 
152 -32 121 
14 -114 -9 
160 90 -175 
-169 153 -189 
135 11 17 
83 -171 -29 
106 41 152 
-83 69 150 
-172 146 89 
6 -21 99 
10 67 65 
129 -137 191 
3 -149 26 
-179 -8 -200 
100 -88 89 
-160 51 -52 
158 -5 -146 
51 -116 -31 
9 -158 22 
-50 148 181 
-139 184 -164 
49 66 -178 
26 177 156 
-8 -86 -39 
-60 124 54 
-129 119 -185 
-23 128 156 
-128 80 78 
4 16 27 
181 -154 -133 
-64 -179 -49 
-36 67 -68 
103 -53 -171 
-73 -104 170 
40 19 -49 
-179 7 195 
13 -99 -24 
-8 -179 -153 
-131 -200 -42 
-1 68 33 
-22 -69 3 
104 -1 -97 
160 -138 -26 
-39 189 87 
-39 -126 59 
66 129 177 
-27 -120 -100 
182 -33 -179 
-147 12 -129 
-8 -30 -161 
73 71 182 
69 64 -104 
-145 -182 174 
-4 -196 -72 
-62 -51 6 
162 -200 45 
-88 80 -140 
199 169 23 
4 -122 -124 
-61 -199 -10 
50 -184 20 
62 2 -41 
-112 -63 -14 
93 64 165 
-69 97 -53 
185 -187 77 
-139 -104 20 
-61 37 18 
122 -117 19 
117 8 36 
-44 66 -76 
43 -142 -51 
47 67 -108 
200 113 14 
-136 2 200 
-113 -165 185 
-14 -105 -147 
-84 15 -18 
180 -121 -2 
-15 -40 103 
21 179 149 
113 194 -199 
-158 -97 -197 
25 49 -139 
183 -1 -164 
-32 -109 -26 
-53 -197 193 
33 43 77 
-48 36 43 
10 -39 75 
-126 -75 91 
183 -84 41 
7 139 -160 
21 -63 -27 
-48 -182 104 
132 59 117 
-65 33 -81 
44 -172 -119 
17 -200 -10 
-176 -172 -49 
-39 -71 67 
38 16 -3 
56 51 37 
107 -59 -9 
36 -149 -125 
-153 -13 -24 
128 3 -117 
-70 -5 -3 
124 191 -3 
50 -15 88 
193 67 -137 
-1 -175 197 
-167 -39 -17 
76 29 113 
99 70 92 
-47 109 192 
-30 94 -130 
-125 -114 61 
-128 -139 -119 
-95 -67 -25 
140 13 161 
36 -59 138 
130 120 -46 
-43 -197 48 
-65 -56 156 
153 -105 24 
61 198 59 
6 -160 177 
86 -174 127 
7 26 20 
-75 -19 71 
-100 -185 -159 
14 -96 -37 
-156 -98 29 
-191 68 -39 
59 -102 -31 
96 -51 -128 
135 142 8 
-14 -95 -30 
-108 99 -170 
-22 55 10 
-2 -146 39 
-128 -6 85 
155 -12 -92 
-3 66 29 
52 100 29 
124 -158 -53 
-39 185 -110 
-192 131 7 
127 179 -11 
-87 -48 107 
84 -113 8 
146 -97 19 
99 40 -107 
77 -91 82 
163 82 57 
-116 95 -111 
172 -127 -133 
-121 38 8 
-142 7 -157 
200 30 -133 
79 -129 28 
101 137 -44 
53 -46 109 
166 18 148 
-77 138 168 
117 -161 -170 
-8 -31 4 
-87 29 30 
6 7 -135 
-34 152 -32 
150 39 55 
139 24 -103 
1 -48 -66 
123 43 -196 
48 -100 69 
183 -110 -9 
-10 -95 109 
-172 -47 -72 
163 37 15 
-96 58 85 
-164 -56 -11 
109 1 26 
-127 -138 150 
107 -164 51 
-171 -98 121 
-92 -31 89 
-172 -41 42 
-169 -4 -135 
-119 -106 183 
126 193 -68 
98 -15 -92 
6 62 -77 
-101 25 16 
174 25 -82 
-146 -132 -158 
101 -180 -15 
-188 -140 -192 
183 -72 -63 
172 160 -70 
-42 77 -22 
138 168 188 
108 172 -148 
-59 138 145 
139 -47 75 
-106 -73 -79 
80 110 -177 
49 82 -62 
-102 1 149 
-69 -26 106 
-39 -171 -144 
127 -174 -22 
69 -52 -2 
-32 142 -92 
-87 110 -148 
-6 147 -14 
-129 -49 -80 
-13 -115 -55 
-168 37 -62 
-48 116 188 
116 -132 -163 
103 -66 -87 
-164 26 -87 
-28 -64 143 
-55 43 188 
-31 -144 54 
145 91 -142 
-169 28 -132 
-54 -17 -9 
15 83 -148 
-97 198 -114 
128 -7 72 
-25 -81 -105 
-142 -164 -10 
58 -77 -53 
139 146 148 
-97 56 16 
15 -145 73 
37 -9 -109 
154 -196 81 
-50 2 -76 
-191 162 41 
56 176 24 
1 80 -127 
67 -169 -174 
-64 70 181 
41 179 182 
-190 156 -137 
41 -74 195 
-78 -85 -162 
-9 30 -161 
-157 111 -172 
129 127 -76 
-194 -51 -175 
65 156 154 
137 76 103 
-182 -36 156 
133 -190 200 
175 28 -153 
-31 -165 49 
78 -46 -189 
8 138 -142 
135 -156 -66 
-5 16 -24 
-56 -134 57 
-5 -42 197 
72 -198 -56 
82 92 56 
-50 -81 2 
-175 62 -73 
154 -141 -172 
-170 8 58 
-178 -132 153 
86 -64 -105 
-194 166 -119 
98 106 -29 
-124 141 -64 
-125 49 -40 
-187 -51 190 
-33 8 -26 
-73 85 89 
135 6 -34 
162 192 142 
60 -129 -43 
85 16 -150 
-158 -126 151 
-113 -98 -105 
-9 -69 -168 
-17 57 112 
78 -15 -190 
-8 165 103 
8 106 -160 
-78 -7 87 
-156 152 74 
19 -177 -186 
179 -57 -17 
50 182 -44 
113 -48 64 
-125 24 -49 
63 -190 18 
170 -21 46 
73 140 9 
-95 -116 130 
-190 -83 -198 
95 -15 -57 
31 -36 -91 
116 188 -6 
47 -167 165 
-113 -44 12 
24 -5 136 
-162 -111 52 
137 -34 48 
-13 -29 93 
-22 -78 63 
144 58 -34 
-198 -41 98 
111 73 109 
121 -104 -20 
-128 48 1 
55 -32 -1 
-100 -33 -110 
-22 -28 -125 
9 200 -85 
-188 -22 65 
-198 88 -34 
200 -35 -198 
-65 -82 183 
-10 -31 -41 
125 -69 93 
57 137 60 
-5 -126 -52 
46 -143 -116 
-93 -58 5 
-37 185 58 
-24 -10 -91 
-142 156 126 
-59 138 128 
180 -103 50 
-33 115 44 
-92 -43 -29 
-161 -67 156 
1 -87 12 
177 192 -90 
56 -21 -17 
150 -3 13 
88 173 -165 
19 118 -161 
128 -16 5 
121 -109 28 
-162 189 -12 
34 110 122 
-32 64 161 
3 -124 -164 
-153 50 -58 
58 -29 -97 
95 -2 164 
-153 133 78 
-12 -171 152 
-87 -65 3 
-74 141 200 
-62 -14 22 
35 -19 -132 
146 -93 21 
23 11 101 
165 8 -173 
5 95 -14 
135 48 -12 
83 90 114 
112 2 6 
118 100 -10 
153 142 15 
-5 8 83 
-104 -31 141 
44 -82 53 
74 -124 -5 
-187 169 146 
-143 -163 -105 
138 9 -25 
-6 192 93 
86 -40 -93 
91 119 36 
70 -66 -67 
187 -15 33 
60 -184 -23 
-31 145 -163 
-43 -2 -96 
27 -100 16 
83 55 151 
-32 149 13 
190 -187 121 
-157 -185 43 
-127 70 160 
-72 73 138 
185 195 -25 
75 153 -13 
-189 -136 -154 
-135 106 5 
16 -161 -140 
46 -74 143 
-136 182 -172 
-135 -95 -97 
83 -49 47 
55 105 144 
-57 -5 -171 
-2 -158 -145 
50 -200 -30 
-142 -147 116 
-180 -54 -52 
-6 -46 -78 
176 -129 -148 
-6 128 188 
175 59 -88 
136 118 139 
86 -133 -83 
147 -195 -174 
32 129 -83 
148 -51 -62 
147 -191 109 
-51 -146 -93 
-146 -42 -135 
-116 95 31 
90 76 8 
-69 -64 -48 
112 -91 82 
181 -39 -106 
-131 29 9 
-165 24 9 
-199 121 73 
-24 -182 145 
29 146 -114 
141 2 178 
134 -20 185 
-20 -1 -164 
-65 -30 27 
-162 -53 -165 
37 64 -85 
-101 -45 68 
-169 185 -55 
40 38 -174 
-12 148 -157 
20 -192 145 
105 43 24 
-81 3 91 
-11 -87 -199 
185 71 192 
-14 132 39 
-5 34 124 
123 -3 -183 
87 -35 -189 
-95 -84 18 
88 127 -39 
-88 188 33 
155 -162 -86 
-56 -194 -80 
167 138 1 
-66 -112 -136 
-139 173 -186 
-111 -53 -157 
-170 -144 -140 
128 27 -167 
55 -100 -63 
-6 -135 75 
128 123 162 
-13 5 -158 
-178 75 -42 
-75 62 -4 
-196 -150 34 
191 153 127 
-56 -121 -187 
100 -175 15 
-57 127 61 
50 -63 -15 
40 18 -6 
48 -122 192 
96 33 -54 
101 27 -40 
-79 103 -67 
-14 3 -133 
-151 -2 -176 
-60 -199 -33 
-32 -13 -80 
63 153 16 
19 134 67 
53 101 103 
-64 143 190 
183 79 9 
-34 3 200 
-136 140 -182 
184 171 -183 
-127 87 -157 
-164 -68 10 
-148 89 24 
-56 87 63 
-165 103 196 
-119 -102 76 
110 67 -133 
98 3 -191 
-164 110 141 
74 -31 -157 
35 -159 -83 
148 -123 196 
-84 96 -66 
182 -116 -14 
63 153 -59 
116 68 6 
-133 119 55 
-194 -60 138 
-18 89 36 
-39 -43 -118 
64 130 -23 
9 127 -159 
-167 32 195 
108 185 -168 
-39 -149 94 
-77 37 -109 
-38 40 -104 
2 -153 -181 
-193 93 -156 
-188 -200 42 
-115 180 -2 
-38 147 -84 
94 11 3 
146 -111 -57 
-143 191 -20 
-192 24 -28 
88 -100 -14 
139 -186 187 
41 -103 -74 
-60 -116 133 
-65 -26 8 
-115 134 -164 
-80 162 6 
50 -51 -22 
138 127 85 
109 -150 -94 
-171 -179 -154 
-20 33 174 
-77 60 158 
-178 26 -143 
129 -105 168 
-97 -21 25 
163 -57 -157 
15 -164 146 
-92 26 2 
183 -122 190 
-21 -47 -84 
