-158 43 -85 
-30 -157 -149 
-50 100 -30 
-16 32 -169 
144 -75 42 
11 -173 179 
-196 -165 -110 
188 -97 143 
68 -133 94 
-132 -84 -2 
26 -7 -51 
55 -39 95 
-58 35 185 
44 117 85 
188 -2 -5 
8 151 148 
67 151 156 
35 85 90 
-131 117 -104 
-144 -36 -17 
-20 126 31 
-65 -88 23 
55 69 184 
43 -158 20 
151 -98 192 
146 -84 129 
96 -134 23 
-48 -98 49 
-114 159 -189 
98 28 6 
-158 -39 5 
-32 108 -64 
-18 -42 -23 
-193 42 74 
-88 -156 -81 
-85 -178 -12 
-194 142 145 
-93 -184 -152 
17 76 -68 
-88 14 -96 
47 81 -186 
61 -115 -132 
133 -28 -18 
131 -19 75 
54 45 48 
98 19 200 
-196 -12 -134 
186 93 176 
-3 20 139 
53 -23 -14 
-24 -30 176 
-62 -75 95 
-17 -21 -19 
12 -89 -129 
190 -58 127 
-93 147 107 
50 -36 21 
163 -150 -55 
-79 78 -63 
-119 31 -52 
-149 -77 153 
-18 32 -16 
168 -173 -144 
-81 -6 -188 
123 -156 104 
-108 40 124 
-167 63 -69 
41 -133 37 
63 125 -188 
-136 -49 45 
-135 65 173 
-99 -11 -31 
106 6 -165 
27 152 -141 
150 102 -130 
2 -81 120 
-102 -116 -165 
-103 -146 -4 
83 126 -40 
170 47 -43 
1 -81 200 
-7 140 -24 
-111 116 -104 
143 79 -92 
-175 -80 -90 
27 34 4 
111 27 -8 
-51 43 117 
82 5 -71 
-158 -65 -2 
-53 -110 -107 
-59 120 81 
23 19 9 
4 -54 110 
24 -182 -164 
1 96 48 
-118 14 34 
-78 127 -144 
-103 -163 106 
68 -189 37 
108 -12 53 
132 186 12 
-106 14 -131 
9 -71 151 
-2 63 70 
13 -87 105 
-148 106 190 
153 85 124 
-115 -113 -30 
-180 -136 105 
144 -105 -191 
-5 107 52 
10 -68 -100 
39 -21 11 
-130 16 -125 
-186 157 44 
194 -9 42 
-143 46 -166 
-42 129 -120 
16 74 -166 
8 -76 55 
-52 -131 181 
-134 -29 -35 
-169 -7 -193 
44 81 -145 
85 30 115 
-77 136 20 
-125 71 1 
108 26 -87 
-1 -17 -22 
14 66 -130 
44 -16 101 
-71 -129 -23 
-31 -129 -180 
-8 186 2 
-147 94 -135 
104 -38 -147 
74 -31 -163 
144 78 40 
-15 88 -159 
-43 128 -31 
45 -68 -167 
95 -9 -102 
12 84 38 
150 176 25 
145 161 -158 
19 -8 -23 
-113 -126 75 
165 79 187 
141 -50 -186 
-157 -134 -192 
-4 166 -180 
178 21 -27 
-64 166 5 
118 -38 142 
-197 112 -120 
-14 -157 -35 
-196 -74 132 
163 -17 -165 
140 -179 -9 
151 -131 57 
-58 6 84 
-144 -145 -111 
156 -115 34 
64 -62 102 
-37 35 69 
65 63 12 
-60 -67 -65 
51 1 144 
-191 101 -185 
60 107 -179 
111 -31 -20 
-35 -151 90 
-111 -19 82 
-79 -175 -142 
-115 77 -33 
-23 -32 61 
-164 -110 -96 
157 -181 98 
90 91 -47 
-45 -119 138 
-132 -102 -17 
199 -72 -193 
-72 -59 -96 
138 44 13 
-9 25 -116 
168 87 -77 
175 106 48 
-11 1 -89 
-166 -161 21 
12 -169 70 
-116 50 114 
127 -108 53 
-26 -138 -129 
-93 -100 -51 
81 -61 125 
-36 -91 83 
112 96 26 
-142 57 15 
-92 140 -104 
48 -180 -150 
-185 8 49 
-27 -140 -61 
39 -64 -112 
-77 51 -57 
-44 179 -15 
-174 -16 -2 
-105 28 188 
45 12 -30 
15 96 185 
-116 -107 -173 
-5 36 90 
-105 83 133 
53 -7 -56 
-126 -123 23 
77 -196 -192 
85 88 -35 
62 4 91 
-120 46 -192 
-154 129 -33 
115 168 -62 
-5 -140 7 
160 67 -28 
-131 -5 172 
85 -29 -1 
180 -35 140 
32 -108 77 
-8 52 -169 
-113 66 17 
-145 112 -167 
-131 -65 -116 
-12 -37 121 
61 141 -128 
-160 38 7 
-200 -15 -38 
31 -81 -119 
-80 195 -150 
119 -124 -120 
191 -18 15 
-169 -36 116 
-145 197 93 
-89 88 87 
-123 -166 -10 
134 -39 -111 
-104 36 -20 
159 -151 27 
93 -56 -116 
140 -6 107 
28 -132 59 
-4 50 193 
-85 9 -47 
5 144 -38 
32 5 177 
15 6 -78 
66 27 54 
-124 1 -11 
122 -87 155 
89 75 -40 
-84 188 -151 
-117 -49 169 
180 -38 36 
-25 147 72 
69 -147 46 
-78 89 117 
17 92 -174 
-187 -80 19 
63 98 -43 
-17 92 179 
-20 122 -94 
-187 -124 -92 
107 109 91 
-167 -36 22 
84 -39 93 
18 -105 -128 
-18 130 -149 
77 46 140 
-19 -10 36 
-150 -103 -79 
130 142 112 
-78 86 111 
-64 96 47 
145 59 47 
-102 -101 -37 
-151 163 17 
-8 -134 44 
-72 -76 -17 
197 -19 -16 
-187 32 178 
42 -148 -57 
27 138 155 
29 -21 -18 
-8 30 10 
62 165 101 
-36 3 -132 
61 -154 -51 
2 5 172 
127 181 20 
-71 80 170 
169 135 127 
-27 -198 67 
-56 -45 -19 
-57 -168 -122 
-146 11 -23 
66 -43 -26 
74 23 138 
-138 -7 102 
29 193 22 
-37 -178 32 
-74 -83 -48 
-184 30 143 
147 4 -184 
40 -79 166 
-55 -149 165 
42 57 -74 
-77 146 105 
185 161 -144 
125 132 -14 
98 37 148 
-122 88 -173 
-77 181 -53 
151 -5 -170 
-64 -9 95 
-76 -98 -133 
103 91 -87 
117 8 116 
163 97 -18 
-152 134 -170 
-73 -67 108 
56 -123 -98 
107 87 -78 
158 111 152 
1 -46 -5 
8 -160 -27 
63 189 51 
14 163 86 
150 -179 -39 
-180 199 62 
15 96 200 
-150 -9 31 
-174 98 -105 
-178 -136 -123 
197 67 -38 
7 125 -127 
30 -135 -41 
-199 -30 -10 
-167 146 92 
-11 -72 100 
-1 -7 -150 
-163 -199 -121 
-188 64 -74 
-74 157 191 
-29 -27 -65 
-118 68 -102 
168 65 27 
-24 -113 15 
-3 13 -145 
61 1 -109 
83 177 -129 
-1 21 141 
-163 -153 78 
14 151 -196 
-65 50 186 
-170 -194 80 
151 -155 73 
-121 5 -91 
-12 -199 -192 
-43 35 99 
-198 -84 125 
27 -21 183 
35 78 -30 
-171 129 -64 
-60 -19 113 
136 -13 -115 
46 62 129 
-174 11 81 
-16 124 183 
11 -123 -150 
-120 63 -15 
-137 45 -96 
124 -66 25 
2 -156 -146 
123 -20 -103 
-113 -98 -83 
40 143 -47 
169 155 150 
33 40 149 
130 -76 -131 
154 -170 -100 
73 -19 35 
147 -56 -156 
-73 60 -79 
8 -136 176 
141 -23 -146 
-9 -196 92 
145 -192 50 
29 -78 -128 
-80 114 47 
112 43 33 
175 -118 -72 
-61 108 141 
-31 -118 -124 
-187 -73 23 
-200 155 8 
28 -23 130 
-123 -117 125 
21 83 68 
-51 180 153 
161 195 42 
-25 -27 34 
-103 -2 -30 
110 27 5 
1 144 66 
192 100 -174 
175 60 54 
92 155 89 
-94 13 199 
-126 190 39 
30 -18 26 
124 -131 -9 
-143 -68 -101 
112 -85 14 
15 93 -162 
93 -29 -147 
-66 153 5 
158 49 -12 
-145 80 26 
46 -118 156 
-72 116 84 
173 112 158 
80 63 122 
-119 197 -121 
90 4 157 
-16 19 152 
184 -22 -89 
-87 -29 -156 
146 -112 -110 
191 -155 -121 
-174 4 -27 
-126 -187 -61 
139 -108 -77 
168 -74 -109 
8 -42 -150 
-53 90 -191 
9 -164 26 
24 -160 -174 
-182 30 82 
174 -173 -70 
-37 179 -180 
-89 111 -34 
127 -49 -43 
-79 -27 -145 
81 69 64 
197 191 10 
-162 43 182 
63 -173 -61 
112 -104 -171 
69 -192 74 
82 -94 153 
28 -147 -123 
-187 53 -71 
-148 5 -107 
41 -104 -24 
-176 155 38 
-63 -7 164 
84 -165 21 
4 164 -37 
21 -29 57 
-53 168 -187 
61 -24 -93 
-23 121 -25 
-193 12 -167 
-19 -36 160 
103 -148 -52 
81 -175 -71 
103 57 -26 
79 15 -98 
-147 -155 120 
-88 -84 82 
-124 -2 -49 
190 5 -75 
3 32 98 
-76 -58 -141 
183 17 145 
-140 2 4 
-187 -97 -96 
-144 -193 -43 
-97 -179 -126 
81 -70 -168 
103 -82 76 
193 -74 -152 
-127 185 -71 
-135 167 -109 
51 -97 164 
-2 129 -124 
-176 -55 82 
-72 -32 -102 
-95 -133 169 
93 -145 31 
28 20 -76 
15 127 -93 
63 -132 127 
23 -7 -17 
-54 53 44 
72 63 28 
-130 -178 -156 
195 22 -143 
-1 145 -35 
74 126 56 
174 37 -38 
-135 -115 -109 
-90 -66 69 
-63 -199 182 
-93 114 -51 
56 115 152 
183 -2 -45 
6 -137 61 
-20 -8 185 
8 -98 143 
-176 56 -48 
122 -80 163 
-16 -158 -31 
43 -68 -157 
54 75 -99 
22 -19 134 
26 -120 -87 
30 10 64 
-79 153 46 
-181 69 -49 
102 40 2 
-178 52 142 
-98 120 -137 
-8 124 22 
-17 141 37 
-29 -142 104 
-171 180 58 
175 -127 -197 
20 48 -39 
-76 77 -152 
-115 -194 78 
46 145 143 
-28 21 79 
151 169 194 
-16 123 184 
-55 -14 11 
41 187 -172 
32 19 142 
177 45 62 
-32 28 -104 
24 12 158 
101 -104 171 
154 187 -52 
-160 53 66 
121 17 108 
-33 -163 1 
-195 -97 -89 
64 85 9 
-15 -97 126 
52 -81 -139 
23 122 171 
30 186 4 
181 44 -155 
150 -160 -93 
-191 3 -175 
181 105 -97 
-139 9 27 
-132 88 187 
-85 31 -49 
160 105 20 
-77 163 182 
-130 -156 159 
110 111 -138 
103 -169 163 
-48 -56 -138 
-60 -129 -17 
70 137 52 
-194 21 -176 
-180 -97 -13 
-100 -116 -167 
-85 61 65 
-54 97 -132 
-4 -45 -100 
-137 134 -80 
-165 -140 -136 
92 188 -177 
24 -94 -193 
6 -40 4 
100 -62 30 
171 -34 -183 
-133 -117 -4 
-75 -188 -5 
127 170 -134 
-17 11 123 
135 -198 -17 
19 -3 21 
-145 -93 72 
48 139 56 
-133 -44 61 
103 171 179 
126 -3 66 
26 18 161 
