91 -6 -192 
85 -139 -69 
-1 -20 141 
179 -1 -9 
-70 7 60 
-70 -66 -10 
115 113 -93 
191 6 48 
156 119 83 
168 45 -50 
117 -99 -186 
186 156 -62 
61 -197 -5 
29 9 -153 
-86 140 66 
-118 -168 -1 
-196 173 142 
-76 -103 185 
42 110 -171 
-25 -38 28 
112 93 -32 
-48 -112 -172 
26 12 -1 
-81 67 -109 
-3 -11 -33 
-195 -111 15 
-166 -185 -85 
-33 -181 180 
-107 50 -163 
-198 -145 112 
-10 101 -77 
59 -166 46 
-26 34 93 
-29 -163 -135 
-68 113 69 
91 -139 166 
-8 171 5 
-109 5 -144 
-23 -68 102 
116 -11 188 
178 5 -10 
191 126 -104 
-6 132 -186 
194 31 4 
-96 -125 -110 
162 83 -14 
-132 -107 -71 
-190 -105 -144 
-55 35 136 
-20 145 -59 
199 125 167 
149 -24 193 
96 -150 152 
-165 -73 179 
30 185 -53 
73 -71 -74 
170 154 -165 
-121 -80 -48 
106 52 -101 
-21 102 -12 
185 150 21 
-11 48 193 
114 68 -113 
-168 46 100 
-158 -173 -154 
-97 3 -1 
-26 -1 -176 
-171 33 14 
-199 55 38 
-44 194 55 
150 -115 -38 
193 -2 108 
-7 -47 200 
122 180 -35 
-127 1 179 
-32 91 -138 
-14 -30 84 
-40 -172 -57 
-29 82 -127 
13 -24 -45 
140 133 -73 
-155 199 26 
122 -146 -10 
64 30 -45 
199 -12 61 
-17 -32 -4 
-76 196 124 
65 -121 138 
-81 -191 -105 
23 121 -127 
-129 116 -86 
-83 28 117 
177 -34 -117 
-174 90 -120 
143 -145 -53 
-45 -38 48 
37 -8 -150 
187 -125 79 
141 62 -49 
184 92 -9 
-78 -86 -5 
-29 163 -62 
65 68 -71 
-125 71 -181 
-3 -193 52 
-18 -118 176 
51 -61 -18 
1 -66 -179 
-6 110 -29 
-3 77 -39 
-87 113 79 
28 19 -9 
-65 149 77 
-125 187 134 
-198 -131 8 
10 48 -13 
6 -15 -26 
-56 120 -189 
72 -24 -181 
-41 121 -75 
145 -109 52 
-29 43 141 
66 121 -142 
-84 -185 -108 
182 36 -165 
-163 78 -114 
-160 187 -73 
-185 -5 3 
-76 -1 -107 
162 -85 -68 
-28 84 -35 
-105 74 52 
127 6 37 
-172 -77 160 
-145 5 21 
164 19 26 
-45 -182 -6 
142 -22 -144 
-6 -38 -70 
184 -3 9 
52 -12 100 
99 -19 106 
-166 -31 -32 
-154 -29 -55 
122 55 42 
-190 -112 -198 
165 19 49 
-135 29 195 
-57 64 10 
94 16 50 
-81 -189 101 
23 -63 -86 
55 -200 1 
-96 -2 116 
38 72 -13 
19 23 98 
175 -141 159 
15 102 -69 
-16 33 -14 
-13 35 -28 
145 -112 -91 
-21 123 172 
108 -2 -192 
111 38 -193 
-103 127 -9 
111 140 -49 
-20 -173 44 
145 -42 79 
9 -125 -14 
-62 -175 -17 
-95 6 187 
-35 -139 -93 
-18 -87 -151 
113 177 78 
-170 -81 149 
-81 72 -134 
-154 -72 4 
44 10 -58 
-41 -31 20 
-21 -96 90 
-118 -84 -121 
69 61 48 
12 -126 -164 
120 197 167 
139 52 -57 
128 -195 -130 
79 122 170 
-27 1 -94 
-83 50 56 
29 112 -23 
46 -141 38 
178 -192 -83 
-137 97 183 
-133 170 -92 
-104 158 -65 
13 -149 -5 
-36 33 115 
-166 -4 -22 
-80 -193 25 
6 167 112 
-198 -64 24 
-131 -192 -141 
129 15 -39 
-45 -121 -84 
99 7 187 
-164 174 -197 
148 79 102 
-102 -119 -66 
155 30 -126 
100 -174 36 
-173 138 -2 
84 -48 80 
-194 11 159 
-17 -181 151 
177 41 -11 
6 -147 1 
108 11 -74 
98 -55 169 
-44 45 -72 
-98 60 18 
136 34 144 
108 164 -3 
30 163 120 
72 -87 76 
159 133 -53 
-19 -83 157 
-141 -89 93 
162 -167 -29 
-99 -79 -132 
-106 32 -12 
46 163 198 
-150 -3 -1 
-3 -94 -72 
78 124 -26 
-56 73 -123 
-57 -47 11 
-200 12 9 
-6 -4 -97 
70 67 86 
-30 66 78 
23 -39 6 
-79 68 140 
-13 -68 -30 
-131 -47 -67 
28 -22 77 
-185 27 -24 
-149 -89 47 
71 -53 67 
76 -199 -149 
-109 -13 45 
-100 41 101 
53 -125 69 
172 112 -10 
-170 12 16 
183 -44 -60 
92 184 129 
144 -24 53 
112 87 64 
152 -23 -32 
-102 74 15 
-24 185 66 
190 -183 177 
-42 -52 71 
-17 -79 -22 
101 -106 -170 
-172 -146 -79 
144 -145 -120 
181 174 91 
-126 119 69 
25 -154 117 
80 13 -165 
156 28 54 
105 -98 -137 
-90 -95 182 
103 44 -145 
108 -114 91 
-55 -95 30 
12 -140 10 
48 -98 115 
161 39 -120 
88 82 -174 
-4 53 -21 
94 -150 -91 
22 71 -81 
144 -72 -136 
9 -110 181 
-105 -145 97 
-48 -32 171 
140 -4 5 
179 -39 9 
-96 5 -149 
28 -12 114 
-161 -122 170 
88 26 -192 
88 -73 -100 
45 -168 82 
-94 -61 -176 
-77 -143 -98 
72 -6 77 
38 -136 71 
184 96 -142 
128 25 18 
-163 -50 -124 
-122 -189 -115 
196 -121 -65 
-39 -188 52 
15 104 179 
28 185 -32 
84 -23 82 
-168 167 -25 
-72 17 -114 
44 -92 165 
117 -194 1 
-89 -93 -127 
26 -82 50 
90 134 133 
160 103 -184 
-130 -77 -160 
-57 -104 -148 
-9 -40 -75 
-6 -81 40 
94 -163 108 
-197 126 -200 
-6 -164 163 
15 66 -21 
-16 69 11 
-170 172 -77 
100 -68 28 
-153 156 138 
-73 154 79 
-172 -152 -161 
-101 37 -108 
-151 36 42 
169 200 12 
-151 88 194 
-5 -68 102 
52 -194 -87 
57 -75 -56 
74 -17 -157 
-29 -50 3 
-128 3 -116 
-113 -12 5 
16 -101 198 
-83 -94 13 
12 29 23 
157 -178 -142 
-61 148 160 
-152 -95 -24 
42 96 -22 
-110 -113 101 
-150 -25 -163 
-134 -14 102 
-182 -4 -120 
200 152 105 
-40 -23 18 
39 -158 117 
77 190 57 
100 -6 -56 
63 -111 187 
61 137 25 
147 43 44 
-124 42 50 
64 130 86 
134 186 145 
160 -50 179 
126 -46 -133 
-39 141 -71 
164 127 134 
-68 39 -49 
-42 133 39 
39 -100 -132 
35 -149 -8 
-117 -81 166 
55 -110 136 
25 -66 3 
4 -10 65 
94 174 144 
60 196 -5 
-166 -72 -111 
-106 -140 43 
-125 -196 74 
129 -190 128 
170 136 169 
161 1 78 
46 144 1 
121 189 -50 
166 -75 139 
75 -188 -73 
3 -140 75 
1 139 -28 
-47 153 -129 
-97 -33 44 
190 187 -43 
179 -151 77 
171 -17 -28 
-165 164 24 
-9 14 167 
-154 -55 37 
-155 27 11 
-27 -96 1 
-171 -5 91 
14 183 186 
19 -96 -20 
-153 -6 181 
-2 140 22 
63 -44 -47 
-143 -39 49 
-89 -109 -168 
-107 -75 -82 
-92 -187 176 
-77 -111 -2 
172 159 -2 
-120 -78 46 
148 -69 -49 
30 180 50 
-14 -5 81 
79 39 164 
178 -75 -130 
-199 -20 -45 
-64 128 -40 
-142 179 72 
187 -48 30 
84 93 -21 
147 -11 37 
-148 -114 176 
-194 -22 -51 
122 -38 -182 
-19 -113 -188 
40 99 108 
-190 -35 -113 
-6 -177 -120 
130 -102 111 
145 81 -84 
-133 118 -179 
-156 87 139 
47 -137 110 
-93 -166 126 
59 13 -198 
147 43 -92 
110 125 184 
142 128 -135 
-114 -49 -132 
16 165 -8 
-27 -134 145 
-104 -40 78 
-13 158 -179 
166 16 44 
-112 151 -137 
-191 100 -54 
-179 98 -109 
-37 -5 61 
25 94 -132 
-54 25 -12 
49 180 35 
-101 -165 14 
-104 56 119 
-112 133 -174 
150 -27 -96 
70 10 -72 
-100 97 -157 
16 -2 10 
193 -66 -145 
-40 52 70 
-198 -31 52 
-15 -31 192 
-10 118 -34 
-54 104 -187 
55 -77 -125 
19 -93 -171 
119 -178 -135 
-78 -184 -30 
-63 146 -96 
-87 35 180 
124 108 110 
56 -107 -53 
-52 -93 -163 
-147 -155 -22 
129 -65 58 
9 25 -137 
68 118 -133 
-153 15 69 
107 54 -41 
131 88 -116 
-29 196 123 
-74 101 -87 
-22 -12 -97 
174 -32 -17 
193 -38 -1 
-19 71 107 
-5 128 13 
8 52 -87 
-38 37 82 
-145 12 -153 
-67 -118 45 
95 -175 -180 
17 16 59 
-96 -181 -92 
-60 -150 24 
42 47 -167 
-19 -178 -177 
145 -85 60 
-200 -134 7 
61 98 -50 
41 -178 12 
-36 105 192 
60 -86 -27 
-110 128 72 
36 -57 -179 
107 12 -90 
-118 -46 -102 
-9 -44 20 
30 166 -66 
114 80 179 
-150 -27 -63 
-109 145 -107 
126 -135 89 
119 126 98 
18 -99 -197 
91 -161 52 
101 91 -90 
18 196 -192 
-144 -4 -196 
80 57 104 
185 59 81 
-73 188 -19 
-72 -119 46 
148 22 -102 
-151 -66 188 
139 84 -149 
200 138 76 
-36 184 50 
-28 63 -194 
94 3 128 
124 108 72 
127 161 -68 
29 -184 -16 
75 -140 -153 
184 -97 30 
162 -50 -21 
140 75 -138 
29 16 88 
-126 -191 -144 
-150 -7 168 
74 130 -42 
-110 -28 -72 
141 94 36 
5 144 -92 
197 118 93 
48 -20 95 
-180 -4 -137 
48 -85 8 
-124 -191 174 
-119 -48 -150 
-131 -142 174 
-6 105 196 
193 -54 84 
-104 -119 107 
66 -195 43 
-88 -30 18 
-38 -30 108 
106 -58 -19 
125 59 -90 
-39 71 -145 
21 -177 13 
-3 186 -124 
-40 -26 116 
-98 170 -199 
-168 153 94 
-15 -66 32 
134 -153 108 
-45 57 -69 
-147 113 149 
-12 18 38 
-123 -195 11 
116 -146 8 
49 28 2 
96 -72 14 
-148 -81 13 
-140 182 -20 
108 22 -119 
27 134 110 
-12 -198 3 
126 -83 -34 
181 -170 -4 
144 37 -166 
2 -24 -100 
65 19 8 
190 100 71 
-22 176 -97 
40 68 3 
-1 118 -127 
-71 104 128 
-92 109 155 
180 -133 82 
145 94 -121 
-58 -138 -159 
-181 109 -160 
-49 -1 -179 
-76 123 137 
187 108 94 
