-156 116 -12 
69 18 78 
-141 -20 -114 
181 -121 -120 
-14 131 -29 
95 -135 -182 
17 -73 -189 
-59 -97 -69 
152 71 23 
115 159 42 
2 4 -142 
-66 172 -28 
156 97 26 
-143 -175 -200 
168 -57 -34 
124 21 -192 
-145 -102 -18 
89 83 -112 
-13 177 39 
62 -64 43 
10 -116 31 
-35 -177 24 
-12 -4 -99 
-14 -50 -146 
96 126 -29 
13 -3 105 
-77 -51 -111 
-25 -132 -46 
29 -34 -140 
-165 132 12 
-114 -41 152 
98 163 142 
-82 -12 -71 
18 -1 -92 
122 -160 -89 
-194 -65 123 
-117 -101 116 
-128 168 -105 
25 -55 -17 
-120 -131 85 
-22 12 -39 
-18 -2 -55 
55 -123 27 
-101 14 90 
97 29 -26 
-101 107 110 
108 -99 29 
-26 147 -35 
164 -20 -181 
103 -94 150 
-30 8 -7 
-134 -188 193 
-8 -60 -53 
-7 46 -17 
125 -178 -138 
149 136 -63 
60 88 -147 
-39 -75 120 
-73 172 -42 
116 -176 149 
50 -81 -1 
116 -82 -6 
59 86 -110 
81 -37 167 
-130 -97 -165 
-169 134 -149 
-85 43 -62 
176 55 -200 
-116 149 100 
138 100 -141 
-113 92 -61 
12 -23 75 
-147 39 -2 
-33 -87 38 
-101 -10 162 
16 95 63 
133 -195 -97 
6 -11 -53 
169 -97 -39 
153 -184 66 
-14 36 -136 
40 32 151 
-118 9 125 
94 105 -196 
134 -84 54 
-151 -169 -156 
74 35 154 
172 -137 153 
-88 -148 31 
-45 -17 82 
-102 64 47 
86 16 54 
9 -55 -100 
181 1 -76 
4 87 -8 
94 12 -76 
-39 43 82 
70 25 -180 
-113 -103 185 
86 43 55 
-100 158 196 
-5 -46 160 
89 -55 -113 
60 12 -97 
196 -36 -49 
-103 -73 30 
-46 16 -11 
36 152 -177 
2 66 30 
53 89 -148 
54 84 -83 
30 110 -141 
-20 3 111 
-95 170 -101 
-61 -191 23 
170 5 84 
112 -123 154 
130 116 150 
104 20 -70 
-62 -36 -16 
-124 -35 175 
85 -169 -134 
105 86 -193 
2 -12 -32 
-78 -21 -51 
79 88 60 
47 100 26 
-108 100 -46 
-33 -138 53 
-106 95 -170 
149 -33 -57 
-140 -8 -119 
145 183 -15 
123 -61 186 
-160 129 -40 
21 -19 36 
133 -34 187 
-37 -106 175 
-21 97 -18 
42 60 68 
-107 101 6 
102 -95 -43 
45 -147 85 
137 67 -120 
-80 -39 -28 
80 195 140 
88 186 -121 
-7 64 -133 
4 -5 37 
99 33 198 
-133 -182 -7 
73 -180 -4 
24 51 117 
60 -75 -163 
129 182 -93 
34 147 104 
12 -99 143 
28 -193 -61 
112 -113 76 
164 97 6 
-19 59 96 
159 -54 21 
34 -32 -43 
-64 -99 -120 
-18 -30 -162 
-177 74 61 
-141 -14 -62 
-148 -181 134 
95 -6 21 
-13 33 -77 
-14 181 92 
-143 -10 179 
-68 -67 -77 
60 -73 33 
84 -145 -148 
18 136 70 
-103 -175 190 
8 -175 -189 
29 112 177 
43 -108 165 
-92 -185 82 
-17 156 -21 
5 -164 3 
-55 110 -53 
-8 188 -133 
-4 126 -79 
-23 -67 25 
-191 73 110 
177 -38 -136 
-34 -42 -20 
97 -163 -175 
-152 31 -65 
108 -180 132 
-82 89 -134 
-87 -1 6 
-25 -13 194 
138 -168 196 
157 -135 58 
156 11 25 
-180 94 168 
184 -197 100 
-5 -138 55 
60 67 64 
70 1 32 
43 109 -101 
-6 119 -198 
76 163 -29 
-176 75 -153 
-5 -145 124 
127 161 -115 
9 111 2 
-98 -99 -150 
-11 -6 -18 
23 190 57 
50 -118 -162 
-36 135 26 
179 -102 50 
158 4 -48 
110 174 83 
51 1 -104 
56 -34 75 
110 -198 108 
-1 -61 11 
143 -9 -170 
36 -59 -37 
-89 -15 -54 
68 20 23 
147 60 112 
-20 43 91 
159 -147 60 
-41 -69 97 
24 32 -16 
-99 179 183 
105 -26 172 
-22 -50 -4 
90 -63 1 
-158 -23 142 
-9 97 -142 
15 37 -91 
163 155 43 
16 38 111 
-158 121 94 
83 -167 -57 
-151 99 -5 
-102 143 -41 
-107 -151 -100 
169 28 161 
-31 -64 -5 
-79 121 -6 
144 136 164 
26 185 151 
-53 174 3 
105 145 -156 
-73 -158 135 
-144 25 93 
-142 -105 17 
-31 -27 -130 
-14 45 -71 
-190 -1 192 
159 -128 -172 
-7 -48 37 
-51 10 -59 
72 22 -138 
98 104 -24 
154 104 102 
186 -124 -18 
50 -44 -72 
-37 53 155 
-63 75 5 
-81 -99 -70 
-138 131 -130 
-173 -34 121 
-135 177 73 
69 105 71 
-92 132 -115 
61 59 200 
153 -63 -195 
33 99 8 
-51 151 -147 
-113 199 -110 
147 -161 2 
93 -150 12 
-179 1 -13 
-131 92 5 
87 -107 -21 
-140 181 -5 
123 15 5 
45 97 -161 
-111 -25 -137 
-35 2 -19 
174 -138 91 
125 161 164 
-161 140 -16 
-149 125 145 
25 85 -135 
192 44 42 
126 117 -95 
177 -122 -77 
13 -108 157 
-23 47 -62 
-52 -96 -151 
158 90 149 
104 41 -5 
-110 -48 -192 
-140 98 59 
-164 -138 -17 
-164 136 -141 
-91 145 184 
142 -134 162 
22 -13 -133 
-127 -49 135 
-22 -86 -150 
-193 116 46 
69 -62 186 
-94 171 63 
63 81 -164 
-185 110 43 
-56 -155 174 
180 133 51 
48 -185 -64 
65 -121 -6 
-54 119 59 
-72 8 27 
-15 -113 -86 
-75 -31 73 
90 13 -132 
-159 -165 -195 
1 51 -27 
-153 178 -57 
155 82 180 
68 -1 -167 
1 38 -174 
37 -157 35 
-192 -12 145 
187 37 -42 
21 -117 -33 
-101 -179 46 
-136 31 -29 
34 95 -51 
-189 192 -131 
158 -43 -75 
30 145 -77 
-36 -46 118 
-62 119 -65 
149 -70 -30 
-77 -139 -149 
161 -39 -158 
159 -175 -48 
-15 6 183 
-79 182 -198 
-13 -24 34 
-16 -18 17 
-177 -68 -52 
-171 -178 -141 
136 124 -121 
-43 154 -136 
150 93 16 
42 -48 56 
5 -44 42 
52 -104 -146 
-52 -178 -77 
171 63 112 
174 19 -112 
7 -125 -25 
-11 108 -142 
-200 183 -44 
-81 -85 76 
-195 147 99 
195 -134 -88 
-9 136 -139 
120 -11 -32 
-182 -21 93 
84 193 4 
-120 24 -11 
17 -158 189 
109 61 -167 
134 186 -156 
87 162 -132 
21 -108 82 
16 65 66 
51 185 -95 
-103 14 182 
-23 179 -150 
-172 -171 -35 
-2 -34 -162 
156 -66 174 
-56 -45 -17 
-166 -188 43 
-58 194 85 
-71 -165 -141 
154 102 193 
39 -130 -182 
-12 141 39 
-141 -79 -90 
183 115 112 
-163 37 -14 
-186 -200 106 
-17 -60 -108 
84 24 -43 
-3 -163 -119 
-71 -137 52 
-29 123 -198 
143 -66 -52 
-23 90 -42 
-86 -154 46 
-77 -28 -176 
-140 181 129 
-93 140 -167 
164 -173 81 
30 -151 25 
191 -76 -183 
-177 -143 -157 
-51 17 -175 
105 -28 147 
-21 200 -114 
-24 54 46 
113 101 -145 
-25 -81 61 
9 127 -146 
-120 -2 49 
-73 163 -55 
14 141 -40 
-41 135 181 
-34 87 -128 
8 -130 -122 
200 63 168 
60 -85 51 
-62 46 -6 
199 -44 -173 
51 107 -194 
-81 -25 62 
-176 -54 64 
157 8 32 
86 -111 -10 
76 -87 56 
-4 -153 93 
20 -67 -95 
172 -72 27 
62 -108 24 
-115 -47 -196 
42 76 150 
-155 50 -40 
-149 -187 28 
76 -63 -40 
-36 -175 -91 
188 -24 -79 
-171 64 93 
-108 167 -66 
-17 7 162 
-19 164 199 
-141 -130 37 
159 -63 -142 
-27 64 168 
-28 51 56 
-66 -4 29 
-17 -59 -136 
36 164 -29 
-194 146 145 
-136 60 -40 
107 141 165 
-62 -50 -166 
164 -165 -30 
-14 -31 160 
156 65 83 
182 170 -56 
2 13 67 
157 -171 103 
143 -19 90 
47 -88 -138 
16 111 151 
174 192 -68 
16 91 -8 
161 -138 -197 
47 79 139 
122 -61 94 
-95 -101 -181 
-21 61 -17 
128 177 -12 
-77 -31 -44 
80 -185 2 
-52 193 -3 
196 -134 45 
137 61 -48 
-121 -70 -197 
-150 145 -15 
-38 -1 -191 
86 114 -60 
175 45 133 
166 -53 148 
125 18 -94 
-127 -36 -57 
-123 -185 -156 
196 -197 89 
-135 165 198 
19 -195 82 
-66 59 -187 
40 -137 -54 
-38 -180 28 
-23 -111 174 
39 4 -151 
27 -115 -34 
-143 51 2 
87 -45 -166 
-25 -35 -30 
191 116 89 
-145 -110 -172 
-122 -101 -31 
108 -153 118 
3 -21 -81 
-32 -107 -191 
-2 131 -31 
41 98 140 
-130 -111 -93 
-40 -42 72 
52 -178 -151 
-58 -1 -62 
-71 -196 20 
111 -91 83 
-60 -6 -48 
100 -146 46 
186 -74 -129 
-10 -171 70 
-133 -115 -59 
-28 -112 -194 
90 -17 29 
6 176 68 
117 -49 197 
125 -138 47 
-174 194 7 
-30 -165 -58 
129 -68 15 
-148 -126 47 
-42 193 111 
41 -188 116 
-185 -120 46 
19 39 115 
197 -17 198 
169 61 193 
79 168 51 
-48 79 93 
-51 -92 193 
-122 -31 2 
-71 -5 -150 
-73 146 -87 
-112 -19 82 
117 54 121 
-66 75 5 
-95 159 121 
148 121 191 
190 -17 38 
48 87 132 
-44 77 39 
92 135 -51 
-57 48 59 
-107 6 5 
-77 95 20 
27 23 12 
-106 53 -64 
1 97 133 
-144 -154 167 
64 173 160 
-151 -93 38 
48 -130 -46 
57 -113 -65 
-26 -102 -115 
40 187 160 
2 -53 186 
-183 -26 141 
79 -151 -21 
99 -19 184 
-100 -62 -186 
-3 -14 100 
-170 -31 9 
-32 45 182 
-131 25 162 
-123 31 -95 
-186 -106 185 
-181 -25 -53 
152 131 -188 
-119 -93 -2 
-69 22 -180 
91 88 156 
139 -53 30 
79 73 123 
-19 -87 147 
-112 132 -80 
-140 90 -95 
50 105 -166 
-184 -151 -42 
43 -14 -126 
65 -18 -112 
-13 -22 -183 
-189 144 -181 
-178 6 -57 
-79 153 -42 
131 176 -185 
36 -182 86 
-61 19 -36 
115 170 -181 
-137 15 -61 
