-191 54 98 
-129 58 193 
182 -171 23 
-127 -49 -64 
43 -54 -197 
27 -80 33 
-85 -97 133 
-136 16 139 
-143 -181 -142 
-132 -80 123 
110 80 -109 
-10 -126 92 
-128 -82 -55 
120 -34 -38 
136 62 53 
115 145 98 
-36 171 27 
12 -8 -5 
-25 -157 1 
22 -183 109 
-10 11 -146 
-72 104 145 
-117 155 -193 
142 153 -67 
-52 139 64 
-2 -66 -37 
-95 40 185 
45 -116 -23 
-125 -12 -56 
-179 -60 -124 
31 59 -46 
-107 -166 -181 
124 -37 -85 
49 -64 -196 
-13 -171 -149 
110 -89 -156 
-122 -113 -37 
48 85 47 
-63 -98 8 
6 -177 -140 
78 -76 72 
81 98 105 
-80 23 194 
191 -132 136 
-49 157 104 
-57 -1 159 
-5 -22 76 
-3 165 -126 
-129 -60 -13 
36 -43 80 
9 -150 -196 
113 -103 93 
-10 75 -22 
78 35 196 
69 -62 10 
18 -47 -112 
-189 145 122 
-163 83 92 
-74 -155 192 
80 42 -119 
6 140 183 
-11 -126 96 
-96 -108 183 
90 106 60 
-179 -188 -153 
-3 84 133 
86 -159 90 
89 -120 -198 
-3 -200 -96 
144 72 181 
-62 26 -41 
-93 125 104 
121 -20 -63 
-118 -60 -107 
-48 -198 87 
-8 -177 100 
-71 -27 114 
-34 124 -188 
-89 -77 -88 
-148 -131 130 
85 -177 -96 
-10 -106 166 
101 -77 66 
83 29 19 
164 89 -66 
147 -37 -100 
86 35 23 
-165 -158 -112 
-34 -92 200 
-188 -138 -48 
-152 -191 78 
-2 -114 -45 
198 -169 -158 
153 36 -95 
-39 23 60 
29 59 47 
-77 90 4 
97 -142 -71 
-40 8 191 
125 134 -182 
157 89 152 
-199 98 185 
-94 -13 -147 
43 93 -3 
73 -161 -13 
33 112 36 
9 -82 -160 
4 -162 134 
-124 73 168 
-135 141 -196 
-68 199 135 
149 -161 -15 
-50 -69 182 
-22 -156 -185 
92 169 -51 
-176 78 112 
-183 118 -154 
-94 134 79 
-47 58 80 
46 124 -160 
127 59 5 
188 -15 -36 
-193 140 23 
48 46 -117 
8 26 -115 
19 53 18 
36 181 45 
-165 129 15 
-67 -186 176 
6 88 -143 
-76 -22 -124 
117 99 -171 
-36 -149 -38 
97 101 194 
-50 157 72 
-168 16 76 
78 -53 192 
68 -9 144 
58 162 85 
-57 39 -188 
-54 150 -174 
1 13 54 
-23 -34 95 
-131 -163 64 
-183 168 27 
152 -156 -197 
138 -26 -107 
-57 -179 168 
-64 7 -3 
-113 -4 64 
42 64 72 
-86 -110 -183 
14 -117 176 
190 -31 -44 
-73 -52 -18 
62 -188 176 
-113 78 199 
-17 -67 -16 
-66 -90 80 
192 -189 85 
-11 -106 132 
144 -137 126 
-15 -155 -48 
107 -178 -173 
-142 175 -18 
-64 145 6 
-75 -22 151 
165 156 200 
83 85 -7 
-45 132 -173 
-83 31 -104 
-88 -63 -16 
-37 132 -170 
146 26 37 
146 107 79 
60 117 -47 
-190 52 -192 
125 -121 186 
153 -178 8 
68 -78 60 
50 -93 139 
85 -158 -113 
-181 -45 17 
162 6 116 
-80 -164 -147 
-129 136 101 
77 58 192 
91 -23 -74 
1 25 66 
-114 68 77 
-8 80 -15 
55 -52 53 
-106 98 -111 
-81 -175 -23 
1 -91 -27 
-123 2 -9 
-72 -28 65 
74 -144 -122 
32 19 -112 
76 163 172 
-42 102 145 
97 -95 -107 
133 179 -13 
-98 186 -123 
-70 109 -103 
125 183 -115 
-178 -194 -115 
-77 -37 -54 
69 30 4 
-193 161 27 
-100 -177 -196 
80 -72 -105 
-47 -123 186 
20 92 -67 
-57 -97 -101 
41 -143 128 
-93 163 62 
-60 3 -86 
-122 200 3 
-107 119 28 
-26 -35 -198 
-20 47 -29 
85 -110 -167 
-83 -61 -156 
171 -181 5 
-142 -46 -62 
-3 73 -178 
136 108 -58 
70 -133 200 
191 133 -52 
-3 86 116 
-160 25 -42 
170 -126 115 
-27 171 -33 
156 51 116 
31 -71 125 
-105 30 2 
-62 -98 34 
-79 -164 -8 
-79 -3 128 
11 28 108 
-48 -30 -171 
6 146 153 
134 68 -33 
-174 50 -7 
24 83 -111 
-19 150 77 
52 -172 98 
-123 -30 -37 
-5 61 -50 
-15 -20 -177 
176 80 -38 
165 -4 -91 
-23 -104 61 
189 155 140 
51 141 196 
35 106 184 
-108 70 165 
-137 111 102 
11 33 187 
-24 159 141 
-11 106 -63 
-45 52 127 
45 -120 15 
180 78 -21 
2 -28 111 
-22 138 32 
154 -5 -91 
-63 -148 72 
100 164 -93 
110 121 -66 
-91 151 -55 
36 -135 8 
50 -9 32 
-39 20 175 
-189 -177 -178 
-125 28 22 
45 -1 -39 
-187 182 -21 
93 -159 -6 
42 137 6 
158 -140 198 
-173 -199 2 
-47 150 162 
130 47 -34 
-104 -92 -129 
-128 61 -56 
3 -5 -87 
131 126 -34 
37 -179 -185 
-29 72 -41 
28 -81 -200 
55 -22 59 
1 192 129 
-95 -85 81 
-20 -171 -1 
151 97 -108 
-58 -193 11 
-181 73 54 
-143 -121 -79 
-156 46 110 
146 191 21 
83 -22 89 
-148 -41 157 
-174 2 97 
20 -122 82 
195 122 -58 
89 -137 -94 
47 14 167 
113 -31 146 
-62 -115 78 
136 -22 -142 
-181 -163 162 
7 134 158 
-62 -88 17 
-133 188 41 
197 -196 -172 
-200 -175 53 
69 -9 -12 
148 161 70 
155 -168 173 
-106 -195 -9 
65 132 -57 
23 -178 140 
-65 -166 -32 
121 196 128 
179 -125 79 
-18 191 4 
-102 184 180 
106 16 200 
-155 196 53 
121 -87 -38 
-108 199 -197 
9 177 -130 
-131 -156 -185 
-120 102 10 
-6 52 -25 
45 90 -31 
-141 187 -155 
22 9 65 
74 78 68 
107 166 -78 
171 3 -117 
85 -37 -92 
132 -165 99 
81 -2 -109 
65 -98 197 
123 74 88 
-34 61 -109 
-17 146 81 
106 -60 175 
62 -88 -163 
-121 -57 -94 
-9 -112 -53 
139 -6 -60 
26 7 -119 
101 -4 175 
114 -52 -90 
181 -74 88 
-9 -82 -128 
31 110 145 
-186 36 56 
-128 -123 -29 
135 25 120 
-170 193 -99 
131 115 102 
-95 -41 114 
-68 -24 64 
-147 138 10 
-119 69 -1 
-28 138 120 
153 110 -174 
136 -159 -95 
-11 57 -126 
43 166 -47 
-137 175 195 
-166 139 76 
99 -129 7 
84 -82 -199 
-75 -156 1 
137 -9 -190 
-118 -80 -22 
-137 -172 -63 
7 182 36 
-157 2 -133 
80 14 -1 
114 -55 2 
136 10 -24 
-6 174 -185 
-94 -166 -123 
69 66 -185 
168 -172 63 
117 -89 -88 
104 -200 113 
-32 -160 44 
181 33 141 
67 86 -47 
-137 61 200 
68 -36 70 
197 -66 -32 
3 -155 42 
-129 -139 -77 
-69 66 36 
29 95 140 
-100 -185 -172 
142 -135 -158 
-9 127 46 
-4 52 -3 
-13 -144 94 
149 15 53 
67 163 165 
148 -104 -175 
-11 -83 -157 
56 12 -145 
-38 189 80 
43 -189 137 
76 -100 30 
61 -142 128 
-122 100 -123 
173 143 -133 
-151 97 74 
-63 -31 -75 
114 189 -188 
-7 30 -28 
145 -60 103 
-136 59 168 
-65 -109 -86 
-70 -34 18 
-124 132 53 
98 -32 -175 
21 -167 48 
-175 -140 50 
68 14 -199 
-114 -152 -50 
-84 129 -195 
93 -124 75 
121 190 -87 
47 24 110 
-4 123 -7 
9 118 -4 
-56 174 59 
17 -117 -129 
-63 158 55 
-7 152 -55 
147 -90 -100 
-166 -123 -158 
107 104 -113 
58 -11 96 
161 -152 -4 
27 -147 64 
-118 -4 58 
-33 163 57 
-13 37 158 
-198 124 142 
-133 9 46 
-6 114 72 
-101 14 -107 
58 -156 -192 
16 117 -97 
-6 -101 -48 
115 -102 -41 
182 14 -49 
-172 61 -183 
-17 38 -37 
107 -130 -1 
99 -94 -47 
7 95 -73 
-15 14 128 
159 165 -136 
-146 -197 160 
-168 -114 178 
-14 6 -96 
-17 172 25 
200 -31 70 
67 -135 -88 
20 -103 166 
153 -165 -71 
140 -160 -10 
-175 -49 19 
-41 -113 123 
113 -21 -95 
-50 61 35 
-94 16 135 
107 -32 -104 
123 74 158 
28 -44 -26 
-37 100 66 
58 113 -161 
-119 -130 193 
37 97 16 
154 190 -170 
12 -199 123 
-87 79 144 
94 -104 -175 
-161 -160 165 
-102 63 116 
37 53 -70 
106 -130 83 
-100 -141 -84 
139 -162 -155 
-74 -96 -125 
-171 -157 173 
104 -29 129 
181 -48 -74 
100 -155 102 
-147 104 46 
9 -106 172 
-20 -190 134 
118 2 49 
155 -78 -116 
-195 -54 6 
-29 -140 196 
-81 1 39 
-162 104 197 
174 49 138 
138 28 40 
144 13 15 
78 9 135 
85 -31 104 
41 65 12 
8 13 -30 
-13 170 150 
27 -102 46 
-58 112 -167 
-174 139 -198 
68 122 -35 
-51 -112 -175 
91 -122 107 
-27 39 92 
7 64 185 
194 64 118 
178 -168 42 
2 1 50 
22 16 -136 
145 -11 52 
130 -34 -41 
132 118 -140 
-177 -83 53 
163 144 6 
46 -199 -146 
-97 -80 49 
-181 133 5 
-44 -175 82 
-55 131 73 
19 -23 135 
-120 15 -78 
136 33 -189 
-61 -69 -123 
-117 -74 -116 
-29 -25 -88 
62 119 116 
-135 103 -43 
82 100 -188 
105 107 133 
-56 96 -3 
49 112 -150 
-101 14 -42 
-54 184 -40 
54 134 26 
-156 -198 93 
199 196 7 
138 -115 148 
-88 -130 -15 
-31 143 98 
125 -128 92 
-135 42 -51 
21 12 -5 
-11 -164 178 
52 138 -11 
163 -150 82 
-144 18 -152 
111 74 -77 
4 109 -43 
10 140 8 
54 117 -189 
129 -159 -168 
-143 -64 149 
-108 -24 65 
-57 52 26 
-61 -8 -159 
-35 110 39 
161 50 -136 
155 -177 -8 
130 199 -38 
194 145 -47 
100 32 3 
-158 -110 -67 
-5 9 -97 
153 -11 74 
102 51 -151 
-168 118 11 
-143 141 78 
148 -1 -34 
117 125 94 
-82 -73 -28 
-197 110 -50 
122 31 178 
-42 147 -148 
40 -125 -14 
-173 -57 -146 
