-184 133 53 
-89 173 140 
194 126 171 
63 89 -53 
6 59 25 
-132 20 125 
-89 -21 -171 
-101 -67 104 
83 -65 -197 
-11 188 33 
35 21 -12 
121 26 -7 
127 154 19 
150 3 178 
-58 35 72 
20 -194 102 
-108 1 -140 
5 -163 153 
-20 -10 100 
60 171 -155 
-1 15 -24 
114 -104 16 
-100 -37 94 
-146 53 -62 
-5 -15 23 
192 -6 41 
-153 103 -17 
-51 -195 133 
2 -158 -11 
-22 28 57 
61 -24 32 
-156 -152 -125 
-10 129 -196 
-127 -93 167 
-61 -21 120 
92 -28 -1 
58 -26 -138 
156 -157 -148 
-151 142 26 
-136 -26 180 
-52 -146 -4 
-106 100 134 
139 -21 -51 
-17 -18 14 
-168 170 48 
-58 -126 192 
-52 146 4 
-75 -70 150 
93 -158 27 
84 -187 -157 
-108 79 -28 
31 -126 122 
-111 -17 -100 
-161 56 121 
27 41 -18 
-2 -61 54 
30 -1 -26 
17 185 -67 
137 -156 -129 
-100 -159 57 
-156 -89 -22 
19 -40 44 
185 -159 -63 
-91 -4 -65 
15 -47 -165 
-64 -109 -144 
8 160 107 
-194 17 69 
14 -127 -96 
-57 -109 -8 
154 148 160 
14 -197 128 
-153 2 50 
29 -178 -180 
71 -155 -80 
89 -101 -23 
123 164 -14 
13 -118 6 
-171 -36 -74 
36 5 -123 
-113 26 54 
-89 105 -95 
106 -160 64 
-30 -37 155 
107 21 188 
138 29 91 
-70 175 -53 
-159 193 23 
-197 133 153 
-5 182 15 
-53 -61 -145 
-15 112 71 
-1 79 184 
189 68 17 
110 2 -162 
-35 97 179 
199 -32 -139 
-75 -135 180 
-109 45 -19 
-101 -92 86 
-94 -97 15 
5 -36 -106 
-29 195 67 
-69 -55 -164 
151 -36 -15 
-42 2 -32 
-200 192 154 
2 45 182 
-45 132 28 
165 80 -63 
2 190 -90 
-122 143 189 
-123 -185 -51 
-142 19 -143 
-22 17 6 
-60 -1 128 
25 49 -194 
-102 -86 -59 
10 -51 125 
116 -39 -6 
53 -50 -105 
-25 10 65 
163 55 66 
66 26 86 
9 -82 69 
83 64 -34 
-144 40 -61 
-108 199 125 
-16 -119 -150 
-1 190 49 
-170 36 43 
18 -64 -2 
12 179 -54 
-139 -69 169 
-26 -64 159 
-91 -9 -82 
-55 -118 -95 
75 -82 96 
-50 -89 114 
-74 -112 59 
121 27 70 
82 131 -132 
-155 70 -7 
94 -24 -109 
71 -46 126 
192 134 -200 
-53 173 -196 
-155 -144 2 
-60 -120 44 
12 176 90 
5 -93 -65 
188 85 83 
94 -54 -65 
-186 45 49 
11 -79 59 
73 12 -132 
182 -68 37 
58 73 -52 
12 42 62 
-51 114 -68 
-112 -37 77 
5 -150 -125 
133 160 73 
-167 -129 75 
-94 -97 -173 
-13 -141 -176 
115 -165 171 
12 40 -58 
-148 -134 -136 
-78 -117 99 
176 -34 61 
20 27 133 
158 18 136 
-129 184 -126 
73 100 63 
32 108 170 
-36 -32 83 
23 168 -40 
139 126 -83 
50 2 -93 
-50 -81 -15 
133 -50 37 
17 95 -170 
63 28 -177 
-102 186 -7 
-59 113 -143 
-145 177 149 
-183 -178 -167 
-33 90 -95 
-173 -186 -8 
72 -110 169 
-29 -142 176 
-31 98 -23 
17 130 123 
-51 -147 4 
78 147 -188 
-8 -118 -93 
-156 85 104 
74 -67 -5 
113 59 -160 
53 -55 -89 
-5 106 193 
141 -13 -165 
21 -11 -57 
23 -9 -70 
76 180 105 
58 156 146 
3 47 -193 
177 -134 -19 
-28 127 146 
44 83 -64 
-34 3 19 
-128 -12 -17 
-171 -3 56 
81 192 26 
-175 -56 21 
-115 40 -194 
50 -197 40 
-194 27 9 
112 -142 140 
25 -60 188 
-71 -151 -48 
3 -80 170 
57 -39 14 
-31 -162 151 
59 -80 -149 
-39 177 147 
148 -182 134 
-1 -19 -31 
-83 -95 156 
75 -89 -33 
140 -147 31 
141 -3 -64 
-170 13 192 
-94 165 -157 
165 145 181 
53 -27 2 
-22 192 -27 
19 -90 33 
-8 67 114 
-36 -114 62 
62 118 -128 
123 57 39 
172 109 -91 
-91 149 63 
169 94 102 
-102 180 -64 
25 -2 116 
-109 -28 8 
-159 76 92 
-84 -82 -175 
-167 -136 47 
183 160 -79 
-127 52 193 
-96 -129 191 
-155 192 -105 
86 -17 134 
85 128 -199 
84 -59 -85 
-150 170 -85 
106 200 41 
-14 22 5 
111 34 -56 
181 -21 110 
58 -57 139 
111 11 134 
-79 14 -109 
-31 -135 -73 
135 12 -162 
-49 -185 -44 
-13 -190 83 
19 46 60 
-2 66 14 
-71 -161 -14 
19 -144 -167 
-169 -62 92 
54 -46 61 
32 149 116 
-55 -53 29 
-194 51 -192 
154 -41 -192 
5 106 -171 
52 103 -9 
23 122 94 
60 -192 -23 
-187 -76 -29 
-90 -187 -2 
34 -48 170 
54 1 -86 
-42 -18 -20 
-58 29 -59 
-127 52 38 
130 137 -152 
-44 -141 -156 
34 -167 124 
109 40 -80 
38 -89 77 
17 -24 153 
52 -81 -29 
-151 56 45 
-68 -38 -163 
60 99 -88 
190 -8 16 
177 4 -125 
1 -17 8 
-117 183 73 
-19 90 -21 
-83 -42 -58 
-130 -152 44 
75 -179 25 
91 -55 122 
139 12 -58 
182 165 23 
-117 188 132 
-142 13 -36 
73 -100 108 
62 -103 -145 
158 -146 82 
96 -67 130 
-83 -192 12 
25 86 68 
80 126 -59 
-112 -196 50 
107 -24 -101 
137 89 -26 
198 145 -110 
114 -118 -96 
-108 -94 96 
-37 3 -182 
29 134 49 
-171 134 155 
33 169 -164 
197 196 -122 
15 -37 143 
100 5 137 
-72 2 168 
-110 54 109 
70 -139 -195 
-167 6 -21 
-198 134 114 
-3 106 163 
40 22 131 
89 22 2 
-25 -197 -137 
88 -41 53 
-106 57 -32 
-134 56 175 
-70 -141 -145 
-28 167 67 
98 -69 66 
11 47 -140 
-47 -27 164 
-78 -76 -192 
-124 -54 19 
71 -179 86 
-39 -74 198 
-101 -149 112 
56 117 72 
184 100 18 
24 95 -190 
11 122 -178 
161 -189 -20 
14 105 -193 
103 82 20 
-2 123 69 
109 -173 -199 
-128 -42 2 
44 -137 -6 
-141 130 29 
66 14 -77 
179 58 -176 
-148 124 126 
-36 -32 150 
-52 -83 186 
-131 -20 66 
15 99 182 
6 -122 -29 
-168 -88 -2 
-88 38 110 
19 39 21 
97 -146 -169 
-72 -125 -37 
-174 -19 -153 
-169 163 -180 
-33 100 133 
-180 -112 -186 
-161 78 102 
-96 64 40 
18 -167 70 
-24 -161 102 
-56 173 -40 
-136 -63 163 
-100 191 -155 
42 -129 -113 
137 -23 134 
43 -23 53 
-122 -109 -117 
27 69 170 
-43 164 -115 
-193 123 -97 
76 -49 7 
-89 -186 200 
148 117 79 
134 -177 -95 
100 134 -61 
-64 -14 -15 
105 145 191 
-8 -140 -14 
183 -48 -37 
-82 -49 -130 
76 68 -54 
57 144 -120 
72 -122 -6 
-63 -186 120 
-14 -8 27 
186 -27 67 
20 158 -47 
54 -66 -77 
-52 135 -13 
176 -41 -16 
-107 69 93 
88 -162 62 
3 183 188 
-93 106 102 
49 124 -95 
-61 143 -179 
193 142 152 
60 157 143 
-51 2 152 
13 151 -44 
-106 169 181 
143 -5 -64 
-12 47 83 
68 84 159 
97 114 193 
153 197 -35 
-16 -41 139 
-122 -175 117 
-81 -108 112 
-122 -117 24 
10 89 -60 
-34 -18 -12 
111 -26 122 
56 -72 166 
-88 149 -40 
-144 113 -24 
44 35 -55 
-7 34 186 
-65 128 -189 
-47 -117 -128 
57 -2 -71 
-37 -85 -58 
68 -165 9 
5 -46 62 
19 -56 199 
59 95 42 
-27 -51 90 
-20 70 42 
34 -172 -28 
166 32 35 
-165 195 109 
9 -43 19 
-143 -77 174 
89 -74 28 
165 63 80 
187 -24 142 
-32 163 125 
-1 -123 -91 
1 -178 94 
164 -185 17 
92 -190 -178 
-163 -171 134 
177 -131 94 
-94 -157 -14 
182 52 81 
-51 -87 185 
-7 183 177 
137 179 116 
133 143 123 
-13 -35 -33 
142 112 -186 
155 -134 -38 
189 105 -55 
-85 -135 -74 
-10 21 -72 
138 -183 173 
117 -112 98 
-139 95 77 
94 38 -106 
-71 -142 40 
47 -179 -18 
71 41 140 
-88 148 -83 
-144 28 60 
-86 104 -156 
-20 74 -39 
144 68 74 
-111 28 13 
-40 -188 -59 
181 54 157 
21 -77 148 
-165 45 6 
-119 26 76 
168 -132 -99 
60 -107 -114 
49 -48 -28 
44 -2 197 
-184 83 27 
125 -45 128 
199 50 183 
98 170 -24 
-155 -195 -112 
-90 -84 -38 
171 -31 -48 
167 132 83 
-52 128 -14 
126 -121 32 
-19 -67 16 
-135 180 -149 
6 50 78 
200 140 85 
124 76 -168 
22 87 133 
6 -112 -83 
-41 -36 -141 
162 -34 88 
-95 182 -47 
159 -117 173 
63 123 -52 
-12 -139 91 
-186 -172 13 
102 22 -76 
198 -163 -127 
-191 105 -10 
35 -102 129 
-113 36 133 
-186 -116 -41 
-11 -71 83 
-64 -116 -85 
177 95 74 
3 154 126 
-77 182 134 
-96 -70 -160 
25 28 -97 
-111 -57 -89 
1 -158 -94 
-77 -63 -172 
-13 48 -1 
181 -152 -44 
18 -149 -168 
49 -30 -123 
-42 -65 114 
-38 24 -123 
36 -13 -194 
-24 -47 -2 
-87 -15 63 
39 58 151 
-121 42 -89 
-151 2 -37 
103 109 133 
-99 -181 -27 
-91 37 54 
-31 -59 -80 
-156 67 -85 
-112 170 -103 
143 161 -101 
-1 4 48 
144 -188 168 
126 81 -52 
154 95 185 
84 -160 123 
-32 -75 133 
160 108 -19 
-41 -86 -157 
-16 -186 -171 
79 38 93 
-59 -175 -7 
-17 46 -14 
190 70 57 
-98 -95 -163 
-74 66 -78 
73 37 -55 
-136 54 -186 
4 57 122 
-113 -181 -24 
-30 -73 -158 
-175 -32 -176 
57 54 179 
-159 -174 -148 
-62 -52 -75 
-140 -159 29 
-198 66 29 
181 -97 185 
7 -135 -39 
35 182 53 
61 -160 99 
70 -28 -55 
76 -57 -96 
-24 -57 96 
54 -12 122 
