12 -63 -6 
-13 1 3 
-2 -7 8 
-3 -19 84 
3 33 8 
5 4 77 
-7 -22 -12 
6 -1 56 
34 -10 -1 
5 9 -10 
-4 -3 -8 
7 -116 -4 
25 2 -1 
-82 -27 1 
-157 16 -1 
14 -139 -12 
73 -2 -27 
8 10 -30 
-4 -6 -1 
-3 -1 -5 
-10 1 -183 
9 -6 1 
-24 5 -9 
-86 2 -61 
1 -44 6 
3 53 8 
19 -1 49 
2 9 -67 
61 16 1 
-2 -118 -81 
1 -65 -4 
2 -52 4 
1 4 3 
95 89 -3 
-1 -5 12 
-8 1 -4 
5 -34 12 
-26 -43 16 
192 -14 -74 
-5 157 124 
19 -8 1 
-1 3 -11 
76 -23 3 
146 -44 29 
-16 82 31 
9 5 -73 
3 -2 -1 
-18 1 -69 
3 -70 -5 
-2 -47 11 
-5 1 -3 
-47 -23 -11 
-32 -12 3 
1 5 -97 
-105 8 -14 
160 -3 134 
1 -190 -148 
139 34 -200 
-24 1 6 
-2 -1 -77 
15 -42 47 
1 -13 -168 
-2 23 -1 
-17 19 -2 
22 25 -2 
-2 59 -7 
34 1 9 
20 94 93 
42 1 -2 
11 1 3 
1 -54 -4 
-1 -2 7 
16 -1 87 
-15 27 29 
78 46 -14 
-2 31 107 
-11 1 28 
4 155 150 
167 5 40 
38 -56 -3 
64 -2 -99 
65 -1 -5 
9 17 -37 
-6 -24 3 
-163 -3 1 
-1 189 -10 
-27 -4 126 
4 2 12 
1 -24 8 
-22 104 -11 
-1 -5 -86 
-2 -4 5 
-4 2 110 
71 4 5 
-61 17 1 
-186 127 -1 
-89 -30 -34 
41 -1 -33 
-22 6 1 
122 -99 -8 
11 2 -31 
82 -10 -6 
56 45 11 
20 -167 13 
-29 7 17 
-5 1 4 
40 -57 -1 
-26 -1 5 
198 12 -72 
-163 -1 -113 
107 138 -159 
-5 7 35 
9 -1 5 
-1 9 83 
2 -1 22 
-66 17 45 
-1 5 -7 
4 19 -1 
-6 1 -42 
13 -58 4 
4 8 1 
-6 173 2 
-8 -122 -94 
10 -1 51 
169 -55 -4 
2 7 -106 
-116 3 -1 
-38 -3 -15 
-28 5 27 
-104 25 -3 
-18 19 -50 
-74 -53 10 
-1 24 4 
21 -3 -176 
-192 1 -62 
-96 5 3 
9 1 -11 
2 -36 183 
1 16 -62 
-14 -1 -65 
-135 -1 4 
-5 -1 23 
23 69 -177 
166 13 5 
-4 -11 -7 
-26 3 1 
4 153 -1 
-34 -1 -16 
1 67 2 
-4 -67 -29 
1 187 122 
-12 2 -9 
-1 34 24 
1 -2 -57 
-73 -31 -2 
4 12 1 
-81 69 2 
6 30 -1 
-55 -7 -5 
4 -13 -8 
8 3 38 
12 -65 6 
-76 -1 -4 
-3 -2 -17 
-17 -13 10 
-102 100 -1 
16 -4 1 
-50 3 1 
-2 -55 5 
137 -17 1 
-2 135 23 
-6 -17 19 
31 1 5 
-7 -2 50 
-29 -38 8 
2 -86 -6 
193 -62 -69 
-11 100 -1 
-3 5 40 
41 -119 11 
29 -18 -2 
1 2 20 
-13 -26 15 
-12 7 1 
65 11 -9 
38 87 46 
12 -15 -2 
-23 -53 8 
128 7 -5 
-33 -10 -8 
-147 3 121 
-3 -2 -1 
9 -3 -15 
-2 1 132 
7 -71 15 
-2 -14 -3 
-1 3 -2 
-3 24 63 
2 -24 -125 
11 -3 24 
13 89 155 
2 -27 -1 
-5 1 -30 
6 -154 7 
-190 -6 51 
-31 38 19 
-1 -91 49 
1 -12 -70 
108 -113 -82 
3 172 11 
-14 2 61 
-55 14 21 
4 -167 -2 
-15 59 -1 
-11 -1 104 
55 108 174 
-7 3 71 
-9 1 10 
7 -5 -14 
31 -20 -3 
-88 -92 19 
-4 34 1 
3 7 -1 
122 -1 31 
-1 11 -170 
-51 1 123 
9 -2 -1 
10 5 -6 
-1 12 11 
1 -22 3 
2 -6 -137 
-26 1 -47 
15 -8 -7 
-2 -155 1 
-4 191 14 
106 -4 24 
-3 -19 -20 
-1 -29 -3 
-2 48 1 
-1 10 -3 
-7 -169 17 
-4 11 -9 
-73 53 7 
73 -95 19 
1 3 28 
1 34 12 
4 2 26 
38 -1 6 
1 65 16 
-11 -25 -137 
-100 1 -21 
68 -42 28 
-45 1 55 
33 -7 4 
1 59 -3 
-79 -24 -3 
-15 -113 7 
1 -4 -35 
-2 89 -122 
-13 49 -22 
15 6 -28 
-5 3 -192 
-59 1 21 
-8 20 -1 
139 1 8 
-1 -34 107 
17 -1 3 
53 -55 66 
-15 1 -2 
-23 -3 1 
-23 1 10 
-6 29 -39 
17 -30 -82 
-196 -11 -117 
4 -1 -17 
2 95 4 
5 -88 -21 
-11 -43 61 
1 -2 3 
-1 13 198 
6 -144 -36 
81 1 20 
-30 -8 34 
33 -1 -159 
3 1 28 
48 -8 -11 
50 -79 2 
-5 165 -9 
2 -15 -149 
-4 -6 -125 
2 -20 -19 
17 1 -3 
78 -1 13 
3 -65 -13 
-35 -119 10 
13 -2 131 
-3 1 2 
-7 -14 15 
-14 -90 -52 
1 -194 -4 
111 -8 11 
6 -1 -7 
1 -31 -66 
-48 -40 85 
6 -37 -1 
3 10 -1 
2 22 -1 
13 -2 1 
30 1 -57 
-2 -154 59 
127 -1 76 
-1 4 -17 
-1 24 4 
35 -2 -159 
-45 20 -1 
189 -105 -29 
-1 -186 -5 
-4 -53 -71 
-176 -4 1 
16 -5 15 
27 -4 1 
-16 -7 1 
2 -28 69 
1 -41 187 
62 -1 2 
-5 -58 7 
-14 -13 -6 
1 2 -25 
-1 3 -8 
26 -9 -80 
-1 -77 -154 
1 34 -146 
-8 -1 -136 
6 34 -85 
21 -3 -53 
106 1 -2 
23 1 -135 
20 31 1 
3 -140 145 
33 1 92 
53 2 -66 
-21 -22 3 
-194 -3 -2 
-36 1 19 
-2 1 -40 
-52 117 11 
-6 18 -3 
3 -16 1 
-1 -15 -5 
-33 -3 -35 
-7 -46 -48 
-1 -30 3 
139 3 1 
9 -129 -10 
-150 -24 -4 
5 -40 -36 
99 -11 19 
-37 30 -154 
-1 4 -10 
-16 -4 2 
131 4 -67 
-81 103 22 
4 9 -118 
-1 14 -4 
-9 98 -93 
-4 -2 -1 
15 36 -1 
-1 -194 3 
158 -12 2 
-6 -1 47 
6 -47 -2 
82 -3 -1 
30 5 148 
2 1 108 
-1 2 -8 
-2 7 1 
1 -82 -8 
13 5 109 
4 -1 -52 
16 3 -40 
4 -78 -3 
-16 141 28 
-1 -34 -167 
-1 -18 -2 
70 -1 -37 
-21 4 -16 
-2 -3 -12 
9 -30 61 
-2 -82 -1 
-1 -9 -2 
31 25 5 
2 1 97 
31 88 -35 
-2 -25 -29 
5 3 -8 
1 -3 -136 
11 -4 -2 
-148 -5 61 
-13 -3 -5 
-1 -153 -64 
15 23 1 
-1 2 -54 
-167 5 3 
3 -10 69 
-155 131 57 
6 1 9 
50 55 45 
-6 -3 18 
27 -14 -2 
-122 -12 -81 
117 -1 -75 
3 -1 -2 
91 1 14 
13 52 1 
6 -173 -50 
-3 11 -185 
-78 -54 -90 
-1 -4 -37 
43 -60 -5 
2 -10 -37 
-16 4 15 
27 195 -1 
17 -3 6 
56 3 1 
-33 1 -12 
19 1 30 
4 -83 1 
-20 -26 -190 
-4 -3 -169 
-1 -55 -4 
-9 -63 -4 
1 -145 151 
103 1 12 
4 160 155 
1 -139 -6 
153 -8 54 
-93 -80 1 
6 1 -9 
7 -1 -6 
-1 -32 -4 
1 -17 10 
127 -44 -7 
-20 -1 -10 
1 2 -34 
-2 -4 -119 
-121 11 69 
-6 -12 1 
3 -40 11 
146 1 -43 
-75 15 135 
-166 -5 105 
4 -6 13 
3 4 -47 
-4 -17 54 
32 61 129 
2 3 1 
13 1 12 
-28 -125 -24 
2 -1 45 
20 1 9 
38 77 -3 
-3 -4 6 
-132 27 25 
-100 2 15 
79 -2 9 
-5 -20 16 
15 1 38 
-45 2 1 
3 1 -136 
3 -1 -11 
-137 -1 -40 
15 -11 -2 
165 -8 2 
83 1 38 
-5 4 -16 
-2 4 -5 
-144 -2 -12 
-193 -1 -28 
-21 4 -1 
5 -1 -166 
153 158 7 
-146 -1 -54 
68 -13 -186 
11 -40 -1 
150 -2 136 
50 -1 -9 
-126 -149 -5 
-58 -1 -4 
-9 88 4 
-3 -5 -1 
-1 -16 187 
-2 3 -126 
-3 2 -1 
3 59 2 
-28 -11 60 
1 6 36 
24 -198 -27 
1 3 17 
-41 -11 178 
1 6 161 
-91 -27 -5 
11 -3 -18 
8 3 -50 
-1 54 -2 
-137 1 10 
-87 -3 -19 
9 1 22 
1 -28 6 
6 -111 95 
65 -4 -53 
3 -16 -2 
-17 72 3 
2 3 1 
4 -14 110 
86 182 1 
57 -82 -163 
1 109 41 
-22 -3 -49 
44 151 46 
2 51 20 
-2 99 22 
-2 66 -12 
36 -15 -43 
1 -33 -8 
4 -20 -2 
38 4 -3 
2 -1 3 
-3 11 1 
1 35 48 
22 7 56 
1 69 -6 
3 5 68 
64 13 -84 
-49 84 4 
-1 2 110 
-5 9 -4 
-2 -9 121 
9 -14 81 
2 -37 28 
166 15 -6 
-7 3 9 
-3 85 41 
-105 -2 24 
3 14 78 
8 3 110 
1 3 -103 
101 -1 -20 
9 1 200 
-2 -1 5 
3 -185 1 
1 -55 30 
2 -11 47 
2 -161 56 
-2 1 3 
3 -6 -1 
15 5 13 
112 -2 -7 
-2 9 6 
-69 -5 -190 
5 17 191 
192 -9 200 
-2 -1 48 
-4 -22 -1 
1 153 155 
-1 6 -2 
105 -1 13 
38 43 1 
-5 64 3 
-31 7 23 
-1 4 -5 
-3 -13 25 
29 -36 1 
11 2 40 
-199 -10 -2 
4 -2 -105 
-2 -6 -44 
1 60 -162 
-48 1 19 
-17 -1 57 
20 14 1 
5 7 1 
73 -25 3 
-2 -1 27 
16 -10 1 
15 47 -1 
76 -4 118 
102 1 -37 
-2 1 9 
-181 196 179 
-4 5 -9 
1 -4 -89 
5 6 -2 
4 -14 157 
52 -34 10 
12 -15 3 
-2 3 -176 
96 -54 -9 
9 2 85 
1 -45 -5 
-14 75 3 
-69 -37 -17 
-4 -18 -7 
-1 22 6 
2 11 -12 
1 -65 31 
62 12 45 
14 45 143 
169 -18 3 
-2 1 65 
-1 -74 -11 
-1 2 32 
-11 -4 67 
102 10 -16 
101 18 12 
1 -10 -4 
-1 -5 22 
-4 -1 -44 
-7 9 -1 
49 -14 27 
-3 2 124 
-2 -27 -16 
-2 -20 38 
-11 102 -19 
-5 47 -4 
-45 73 -25 
1 13 2 
136 -44 16 
7 -26 -19 
-2 12 78 
-24 4 -6 
-14 -15 19 
34 18 2 
73 -1 -28 
-3 1 -108 
-1 32 -78 
56 2 61 
-132 56 5 
41 6 24 
-15 136 -1 
49 -7 5 
-27 70 -1 
1 -61 3 
-17 3 -134 
-116 -11 18 
-2 29 -1 
29 1 -14 
23 21 95 
2 8 123 
-108 104 177 
108 -1 48 
-15 1 3 
182 1 -31 
47 -26 1 
7 -6 -80 
23 -21 1 
1 32 8 
3 1 2 
1 6 -5 
-55 -2 -16 
2 123 -4 
1 9 3 
26 -1 68 
-37 42 -2 
-6 -136 12 
1 -12 -16 
-141 -60 147 
-1 4 3 
78 -5 -93 
-67 -52 -171 
-6 -163 -38 
104 -1 172 
-1 145 183 
7 -179 16 
-12 -10 -15 
186 3 42 
20 1 -2 
-4 1 -190 
31 144 17 
-187 -2 -12 
-97 -16 -104 
5 1 47 
-1 -2 -39 
1 2 177 
36 2 -54 
3 -8 4 
-3 -1 192 
-135 -21 1 
-9 8 1 
20 -102 -5 
-69 9 37 
5 -55 46 
66 -160 -39 
173 200 58 
-11 17 -33 
24 -1 -29 
30 -17 121 
-4 1 -13 
-9 5 3 
-1 116 62 
-94 -122 -79 
-34 -66 38 
-186 7 -4 
-12 -1 -88 
2 55 54 
-38 2 -26 
-3 1 -57 
-17 -4 -3 
1 -102 92 
-61 3 -105 
47 25 -11 
-88 64 3 
-3 11 88 
60 -150 -14 
-92 -1 8 
2 12 -1 
-33 2 52 
5 -109 -12 
-34 12 -23 
-121 -3 1 
-142 125 6 
-134 -21 26 
49 -39 42 
-76 -1 6 
1 -2 40 
-6 -2 -5 
-1 13 -2 
17 -27 -31 
57 1 10 
9 -1 7 
-6 -49 19 
-15 6 -1 
-1 42 6 
70 -1 18 
-2 -3 22 
-10 27 35 
-88 -2 5 
5 67 -14 
2 -74 -4 
-11 2 -1 
2 -1 -7 
5 -4 19 
6 -146 1 
185 7 49 
107 -4 -3 
-21 -6 3 
3 16 28 
2 -1 27 
2 -4 1 
2 -3 60 
60 5 3 
-1 157 32 
2 -15 -8 
1 -3 -11 
-2 12 -3 
90 -6 8 
-1 -51 15 
-67 -27 17 
1 2 -46 
-66 2 155 
-1 -52 24 
3 1 9 
13 74 1 
1 -2 -20 
-70 9 1 
-55 46 126 
-1 10 -52 
-1 -2 11 
-1 -141 -150 
40 10 -124 
44 10 -1 
-2 -156 14 
-13 -102 -42 
-19 4 -2 
2 1 -75 
-3 63 -59 
1 18 72 
147 175 -1 
47 -92 1 
-2 -134 25 
-15 -1 7 
69 -175 65 
-90 1 -6 
79 42 5 
2 -1 -138 
-10 47 39 
13 8 197 
3 -2 -1 
1 -178 6 
23 114 28 
-76 -1 4 
-5 13 4 
117 -77 36 
-18 5 -161 
-23 -10 1 
-6 -1 -3 
-156 -3 -6 
56 -159 20 
-56 1 3 
18 -25 -1 
-1 -25 -2 
-115 162 -1 
-1 -2 35 
12 64 48 
192 -3 7 
2 -99 118 
-33 3 15 
1 -58 65 
-1 70 -15 
1 -3 7 
-32 -3 -4 
42 -77 2 
-12 169 -132 
1 -2 11 
3 -42 -1 
-5 -26 16 
13 -57 -1 
-10 -8 21 
89 109 4 
-19 2 196 
1 13 -41 
21 1 166 
-1 -54 94 
-1 -113 -22 
3 63 18 
4 2 5 
4 -43 -6 
-1 60 56 
-4 91 43 
-7 75 -8 
59 2 3 
-1 4 -93 
-1 -2 -10 
-122 3 -75 
-137 -6 1 
5 131 168 
27 -11 -24 
-2 -44 -21 
23 -3 16 
-76 31 1 
52 -4 83 
8 -2 -1 
43 -7 2 
-1 87 131 
34 -20 1 
2 67 36 
-1 6 8 
168 -4 -5 
-85 -92 3 
-10 -3 35 
-1 19 23 
-32 1 -25 
3 -180 -9 
36 -29 77 
-5 2 -22 
