3 -2 -70 
-162 -1 -3 
-190 4 79 
4 -13 16 
6 -55 -34 
-117 -3 -1 
-1 -15 7 
-21 5 12 
-3 -12 17 
-1 -14 -75 
-1 7 -17 
-93 125 -128 
1 -44 -22 
-1 -34 -65 
3 -1 111 
5 7 1 
38 -49 75 
-3 -5 -83 
-10 71 41 
-8 -1 3 
5 -56 -88 
9 -4 -3 
35 -3 -5 
174 -13 2 
3 5 7 
4 -100 -1 
24 87 1 
-106 5 -22 
-1 -5 117 
-4 23 -1 
-1 -3 156 
1 60 20 
-67 -144 32 
-34 -2 -13 
-49 -132 14 
10 1 -17 
95 62 -4 
134 128 1 
-65 -2 -40 
92 2 -11 
35 -4 11 
6 4 11 
-54 -1 -11 
1 84 67 
-1 -26 10 
33 19 189 
-13 15 -10 
21 3 -28 
-10 23 153 
-45 1 69 
17 4 3 
74 -119 1 
-96 -75 -23 
21 -35 2 
-3 100 -21 
2 -13 20 
36 -6 -2 
-10 174 -84 
-20 -26 3 
38 -26 -1 
-147 -45 31 
3 -151 -2 
-2 81 7 
-1 -27 -2 
4 1 -64 
1 -22 5 
-1 184 19 
90 4 43 
1 4 -12 
-28 -6 -14 
-76 -2 -30 
5 -3 -1 
-79 -60 4 
2 -31 -9 
-1 -180 6 
-4 -42 -7 
1 -8 2 
1 -63 -26 
28 -4 -8 
54 109 58 
-13 -11 -20 
11 -3 -23 
8 -9 2 
3 138 -90 
97 172 -4 
187 -2 -4 
-18 -1 -3 
3 -2 4 
-3 -2 -54 
-41 -98 45 
48 17 -10 
-11 57 -1 
2 -1 -190 
110 -15 -65 
-62 -163 -3 
-1 -180 -9 
2 -1 -20 
45 -102 -110 
-1 121 -2 
1 28 15 
12 17 21 
-10 -3 -2 
70 2 101 
1 4 2 
190 -39 26 
8 9 20 
-1 80 134 
120 12 -11 
75 -6 -11 
3 7 -20 
8 -48 6 
3 -9 32 
2 12 -181 
-54 -3 2 
-1 13 -159 
6 -3 21 
8 5 -9 
7 -14 -123 
3 83 -200 
42 -39 -151 
26 -94 52 
-4 12 -1 
4 -2 -10 
-4 -2 -15 
2 -7 34 
-72 -113 -1 
5 36 165 
-146 -11 -4 
6 -5 -37 
1 184 -8 
-6 -8 -42 
8 18 -108 
-2 -8 4 
1 192 -124 
-19 1 -3 
2 -5 -1 
-8 -24 55 
37 161 -19 
1 -8 83 
-7 -176 -1 
-1 -14 142 
-39 -4 -79 
-1 -8 18 
19 8 162 
-75 -99 1 
-22 -8 -19 
26 -17 -14 
26 -4 10 
-21 -2 -7 
110 18 -2 
17 -10 43 
60 2 -100 
10 -119 -1 
30 -92 80 
17 -49 4 
-74 -9 -50 
-1 50 -5 
6 -1 -41 
-1 109 115 
2 42 -1 
3 120 15 
3 1 2 
-16 3 1 
3 5 -2 
-2 21 10 
-37 -133 1 
117 -168 79 
-3 -1 36 
-11 24 156 
21 -3 -133 
-1 10 9 
-2 -13 1 
2 -1 -44 
-9 4 14 
-4 -39 -1 
-8 -24 158 
4 -1 2 
24 -81 -5 
117 -44 1 
-26 3 -2 
12 -3 -9 
1 -37 -162 
-67 -14 -18 
40 23 -1 
18 -4 1 
9 3 -102 
-1 128 110 
8 -3 40 
4 -23 8 
1 9 -192 
188 4 6 
4 -62 -3 
-130 -63 -85 
-2 40 41 
11 46 -37 
-52 -20 -1 
96 11 12 
29 -7 -26 
7 -3 -10 
12 -56 -24 
-168 63 -98 
2 -7 -69 
-1 41 3 
-11 83 108 
3 -18 7 
16 121 1 
-129 -8 -6 
-1 -69 2 
-143 5 15 
28 2 81 
1 -74 65 
1 10 5 
159 -5 -3 
11 26 -6 
-23 -100 16 
53 -2 -69 
144 1 -81 
-74 4 7 
99 2 3 
-1 131 47 
-2 -1 24 
-54 5 -67 
-9 -1 -3 
1 -119 115 
1 30 20 
-13 -6 -52 
16 2 -14 
-1 -3 -2 
-1 22 -28 
-1 -15 -23 
2 24 99 
109 8 16 
2 18 -1 
3 -21 57 
2 1 -20 
-28 -15 34 
-2 -1 19 
1 -121 -4 
-5 155 -32 
-2 -3 58 
10 -16 -38 
128 -69 -92 
-1 73 122 
-2 137 -15 
-1 9 -168 
-1 -7 6 
-1 -6 -52 
-2 106 -1 
6 1 -31 
-162 -20 138 
191 8 -5 
-68 -67 6 
29 65 -1 
-174 25 -7 
2 -21 -123 
-107 2 -75 
9 -5 198 
-3 11 1 
-15 190 -3 
-1 -35 -4 
4 65 -3 
13 160 -1 
-177 11 85 
37 -5 1 
117 -25 -7 
-7 -195 -21 
-4 -2 -8 
-90 -3 -2 
25 -15 1 
1 3 9 
17 -4 -27 
-3 199 2 
-88 2 -160 
14 167 -9 
66 -1 -6 
-2 -19 17 
-84 2 -3 
-32 -1 -6 
6 -25 -7 
-71 -92 7 
-75 -3 -8 
1 7 75 
2 12 5 
-1 4 -25 
1 -6 25 
63 18 1 
18 -1 24 
1 76 11 
-177 -34 23 
-2 -79 -1 
182 117 -69 
3 -1 -116 
1 19 -164 
83 85 1 
-24 -4 -79 
12 1 -19 
2 -11 -13 
1 30 -3 
-1 3 89 
8 -2 166 
-7 -2 -19 
2 -1 -9 
143 191 1 
6 -1 -2 
157 1 -3 
44 26 1 
-69 -13 2 
-14 1 -5 
10 11 -5 
-82 9 7 
45 -4 185 
141 -1 -7 
-15 10 76 
-1 -2 34 
-1 14 9 
-8 -1 -65 
-73 -3 2 
17 1 2 
-5 -1 -56 
4 -16 -50 
10 -15 -8 
13 91 -194 
34 -25 -18 
4 -5 -8 
-39 -2 -137 
158 -49 -1 
23 -1 -24 
3 47 -34 
9 20 19 
-6 1 2 
-12 -16 -77 
12 10 1 
145 -44 9 
1 15 -7 
8 82 2 
-21 74 -49 
76 -11 9 
3 -2 -6 
3 58 -2 
-22 -24 -5 
10 -1 26 
1 2 27 
6 1 -44 
-140 1 -80 
-1 -9 -21 
-2 -7 23 
13 2 6 
27 1 -15 
47 10 1 
5 1 14 
176 -1 39 
28 -71 1 
1 33 -13 
-8 89 -1 
-185 101 -54 
3 1 6 
176 32 10 
-20 65 -66 
7 -1 -17 
-177 -3 37 
5 20 13 
-10 -110 -64 
17 -6 92 
1 -88 2 
46 55 -66 
16 1 -9 
-3 23 -111 
-6 1 14 
-11 -142 4 
4 -49 7 
5 -28 -15 
2 -7 -9 
3 27 2 
3 12 -2 
-1 -139 66 
67 -3 12 
2 -112 53 
-1 -22 -9 
-15 -1 12 
-6 -29 -28 
55 17 2 
-16 -3 20 
155 -34 -1 
3 -4 -31 
-7 3 15 
-56 23 6 
-27 -8 -1 
-1 -195 3 
16 86 -12 
93 -3 1 
1 -22 141 
-5 32 1 
-50 -57 166 
-185 1 31 
2 13 1 
103 7 -1 
-19 34 77 
2 -1 -58 
-28 -1 5 
16 60 36 
-38 88 -5 
81 8 1 
-145 -1 2 
-12 4 -2 
158 127 2 
1 9 -21 
-51 -2 -3 
-72 -1 55 
50 28 2 
-1 3 -51 
-1 11 10 
-7 -54 -1 
158 2 -16 
-9 -4 -46 
4 -1 5 
-97 19 -140 
-1 -5 -2 
-14 120 122 
-2 -1 -76 
-121 80 -13 
-7 -2 -3 
5 -92 -169 
1 126 25 
-14 -2 -3 
4 2 -1 
-25 -54 35 
6 -194 -134 
25 -4 -3 
1 179 -2 
-21 -2 -1 
29 1 -8 
110 -6 5 
-55 -32 1 
-1 -9 -32 
-6 -35 -10 
89 -1 -4 
-22 -49 -1 
-7 2 3 
-9 87 -50 
4 -1 -21 
-2 -17 97 
-4 1 -158 
-1 -44 45 
89 4 1 
-96 -6 4 
4 -2 -75 
1 -3 18 
2 -1 -144 
3 131 -1 
-195 1 69 
-2 -11 -13 
-1 -4 16 
15 -109 21 
1 -3 4 
1 12 -6 
3 25 94 
-15 1 -5 
-4 -1 -56 
-1 -2 122 
28 16 1 
1 -7 -19 
145 7 47 
9 179 -1 
-19 -56 -84 
-153 -14 -9 
2 1 -55 
3 -14 -4 
4 85 24 
11 -19 -8 
79 2 -1 
7 -44 1 
-8 135 2 
1 -26 29 
-7 1 103 
-51 3 -186 
59 -2 111 
77 -1 -53 
41 -109 4 
41 -2 3 
14 5 -3 
8 40 2 
-2 1 -5 
4 -190 -38 
-38 10 -11 
1 -51 -14 
-10 -78 -132 
-1 30 6 
166 1 -29 
-112 3 -1 
-7 -31 3 
157 -31 -1 
185 -4 -21 
-1 -2 42 
11 17 31 
-143 13 3 
61 1 -6 
-74 3 -126 
4 11 -7 
1 -8 -64 
-39 71 9 
-22 -1 8 
-101 1 74 
-8 161 2 
13 -167 -1 
-6 115 -3 
-12 4 -2 
1 -45 -3 
-6 40 -23 
-13 -1 7 
68 -10 -1 
1 64 8 
-1 -3 124 
-51 2 1 
7 59 -39 
2 140 -185 
2 -7 -3 
-115 -1 -58 
-36 1 5 
-4 -15 -14 
-5 9 -20 
-50 -8 2 
1 -47 -139 
-32 4 -3 
3 -136 2 
2 1 -136 
-3 -49 -7 
46 -20 13 
-12 -2 20 
-91 23 -36 
1 9 5 
3 -19 24 
-158 -86 1 
96 21 7 
-1 158 2 
-7 -19 -124 
1 47 -41 
-1 -18 -75 
158 21 160 
-66 -149 197 
-13 -5 14 
-103 2 26 
11 18 -103 
-4 124 8 
1 -10 -95 
-178 -6 -185 
-11 -103 44 
-6 2 155 
-78 28 4 
3 -4 -69 
1 6 7 
13 40 -1 
134 -6 -44 
8 2 1 
4 -76 -9 
1 -100 162 
193 11 -1 
165 70 3 
-99 -3 -95 
-74 56 -2 
57 10 153 
-104 15 -107 
40 -1 -2 
-1 8 16 
25 5 -4 
7 37 -12 
16 6 -21 
-27 -75 1 
-13 -2 26 
1 2 -35 
-20 32 -17 
-2 44 -101 
-123 -12 1 
-15 18 38 
1 2 -5 
-123 -3 7 
75 41 -5 
-85 -134 6 
-9 -31 -1 
-132 -2 3 
1 -5 -40 
134 12 8 
1 -60 91 
5 -2 -11 
57 2 16 
-2 -1 35 
51 -1 -29 
77 -38 -16 
11 2 -3 
-6 5 18 
-21 119 -28 
1 -3 4 
13 4 49 
1 -47 -4 
-9 6 2 
-1 32 4 
-8 7 104 
-34 -3 -4 
15 3 -30 
91 74 -2 
11 -2 -1 
2 3 5 
139 4 145 
-28 -1 2 
-75 2 -37 
-1 -18 -49 
-77 -3 -1 
39 2 165 
3 2 -9 
4 -5 -7 
13 -50 4 
-65 46 2 
1 4 -11 
-16 -21 -1 
12 -2 160 
133 -100 -4 
-70 -35 -4 
-24 39 -1 
5 -1 -53 
-12 1 -38 
20 -11 26 
80 63 -83 
-18 11 62 
-2 1 -25 
7 -112 -26 
4 1 -16 
54 -5 -85 
142 8 156 
-13 -11 -6 
-72 -1 8 
-130 22 -25 
-73 -1 76 
-4 -9 -29 
5 85 76 
-1 200 15 
-7 3 28 
-6 -1 5 
-2 -163 -14 
-1 -93 3 
-3 -1 72 
4 -1 -14 
-1 140 5 
-4 -66 77 
17 -1 9 
61 1 -28 
-7 2 -169 
49 -9 -44 
-6 26 133 
46 1 -143 
-1 13 -21 
-1 29 28 
14 -12 8 
-1 -4 2 
-9 -3 56 
5 22 -10 
11 -5 -10 
-1 -4 30 
-6 -18 64 
2 -1 -6 
25 14 -19 
-17 -180 -16 
-48 44 52 
-86 131 -5 
14 -5 11 
-3 5 -93 
-2 -18 -1 
-3 -26 -4 
-1 -9 -22 
3 171 7 
-103 28 1 
6 -3 1 
-56 -1 160 
-4 -1 -92 
94 9 -1 
5 -4 -118 
116 1 -2 
18 -1 185 
113 -3 20 
174 2 5 
152 -3 2 
19 13 -1 
6 -174 -31 
1 -2 -30 
1 31 11 
-92 -4 1 
23 -61 -1 
-60 -16 116 
140 -37 1 
-47 2 152 
7 -54 35 
-11 5 122 
105 7 13 
16 4 -144 
11 -54 43 
1 17 -71 
-196 -14 -1 
2 22 143 
41 -11 -2 
117 -7 125 
-1 -2 -4 
1 2 -3 
-10 45 2 
-10 7 12 
-5 53 195 
-19 1 -18 
-1 3 4 
47 62 -137 
-1 133 4 
-2 6 161 
25 117 1 
-1 2 -54 
-18 -2 -10 
92 -185 3 
-48 1 94 
42 -54 3 
-36 -130 29 
-12 24 -2 
1 -26 2 
13 143 28 
-2 -180 -5 
4 2 1 
-1 6 -176 
-4 7 -1 
-1 -57 181 
38 7 -112 
2 -30 -31 
1 2 6 
-4 1 9 
-17 -1 69 
-1 8 -178 
56 162 2 
4 2 6 
49 1 -147 
114 -10 -118 
-15 -48 1 
3 -5 -9 
-1 120 -2 
1 54 5 
22 37 -1 
113 10 133 
182 -38 -167 
6 -1 9 
107 47 45 
-116 -40 -83 
60 125 2 
-5 -1 -42 
157 24 2 
-11 4 -3 
-23 -1 -10 
-1 20 -197 
-2 17 154 
-2 -48 -1 
13 -69 -11 
8 -84 2 
12 8 -2 
9 63 4 
1 -12 136 
2 -1 -3 
-1 -4 -2 
3 48 129 
-3 12 -15 
108 -1 -35 
-28 96 4 
49 -71 -78 
-35 -17 -96 
37 -1 -2 
17 -1 66 
-1 -99 88 
-1 14 -23 
4 -72 -80 
1 9 -4 
-3 -87 18 
-52 11 14 
-6 -16 5 
29 -83 2 
-43 -18 5 
-12 10 2 
-6 1 -16 
75 -36 -2 
7 1 69 
-7 8 2 
8 -1 5 
100 3 -13 
25 1 -74 
71 2 22 
98 -151 -1 
-14 2 -5 
-116 2 -25 
-38 -11 -179 
-59 -7 -1 
2 -189 -4 
-53 134 -1 
23 -56 60 
34 -1 18 
11 -167 -124 
4 -10 -128 
2 -60 -46 
-4 -121 -3 
-18 -95 -6 
-18 3 25 
18 -11 -16 
-1 9 14 
-20 26 -146 
8 -195 2 
4 -28 199 
77 5 -37 
23 -1 14 
16 -102 -3 
-29 2 -183 
5 -70 -10 
1 -26 -13 
11 1 6 
-186 -1 19 
-104 -15 22 
132 1 -4 
-12 13 -58 
179 7 -6 
82 4 143 
-183 91 -45 
1 -2 28 
2 3 20 
-1 3 -18 
3 -84 94 
1 43 -3 
2 -1 4 
32 125 2 
2 -80 100 
-54 -1 -37 
2 -13 18 
-6 2 -114 
64 -62 -3 
13 -56 -26 
-22 -50 4 
-22 85 -137 
-3 6 8 
64 -32 162 
-1 3 -13 
-2 1 -154 
-44 26 -2 
1 -126 169 
189 37 -18 
5 1 8 
1 26 43 
-11 91 -2 
1 -2 -172 
5 169 4 
-152 -2 3 
8 -5 13 
3 -50 5 
52 1 167 
-86 -71 -14 
-2 -11 46 
-1 44 -2 
3 2 -31 
2 25 6 
