-1 35 -91 
-176 185 -51 
1 -116 51 
-124 -3 -156 
14 8 -58 
3 -11 -68 
5 20 -10 
8 3 39 
8 -1 144 
-113 32 34 
-24 -1 -2 
-63 33 -24 
28 1 142 
-25 129 5 
-125 4 -5 
2 3 7 
4 -1 -6 
24 -8 12 
82 -1 14 
-11 6 1 
-1 9 -3 
19 -1 104 
1 127 -22 
10 -18 -44 
-7 1 -20 
-2 -5 4 
67 1 -121 
-12 19 14 
2 -1 -25 
-5 -112 -4 
-1 -6 -11 
-25 -29 55 
62 7 -2 
1 4 -167 
3 102 29 
2 19 37 
180 -8 45 
6 -12 29 
-53 3 87 
-4 -23 172 
-169 1 -12 
53 50 -18 
-4 -39 3 
-110 1 3 
149 -1 -2 
-1 127 2 
-3 -200 48 
24 2 -7 
5 3 1 
-7 14 20 
134 -197 -64 
-13 27 37 
53 -54 3 
14 12 6 
-1 -14 4 
1 -30 -72 
1 111 2 
2 -4 14 
11 -4 7 
12 1 35 
111 -1 9 
2 -29 -24 
54 -1 7 
1 104 -63 
-8 -150 37 
-16 -73 -99 
95 3 4 
-116 7 -36 
-2 23 -19 
5 1 2 
-1 -11 8 
8 180 199 
-8 -26 -61 
-11 -52 29 
-168 1 3 
-1 -147 171 
-17 -18 -161 
-15 1 94 
-81 -8 -4 
2 15 1 
-9 -56 2 
3 -1 -19 
73 -2 51 
-26 -172 3 
-29 2 -1 
-22 1 -41 
-40 199 182 
-4 -192 -118 
81 2 -3 
1 -3 -10 
6 -1 -66 
-1 -120 -69 
-11 5 -115 
74 3 -173 
-41 19 -43 
-119 -131 -1 
-6 43 48 
-125 -1 -32 
19 -2 3 
7 -58 3 
1 8 138 
-68 -76 87 
1 8 -51 
-6 68 171 
1 5 140 
-1 -34 110 
-6 67 -46 
-18 6 -43 
-2 -99 -20 
-60 -29 4 
1 61 -2 
51 -97 1 
65 63 4 
3 -32 -1 
-2 -33 169 
6 -5 -60 
27 -2 8 
2 117 -5 
-6 1 -24 
-1 -5 50 
6 2 42 
-2 1 -19 
-1 -15 39 
-4 99 1 
200 -2 -199 
-3 1 -33 
-6 -32 1 
-22 -129 157 
-29 -119 -1 
8 -1 -6 
1 32 9 
99 -6 45 
59 61 -1 
101 8 -92 
-2 32 10 
-2 109 -40 
45 2 1 
1 3 -8 
-32 1 30 
-2 -6 12 
-59 -89 -24 
37 152 -1 
78 1 20 
-170 -1 -17 
-7 -10 -4 
24 1 44 
1 8 -40 
25 -2 40 
33 5 -14 
-85 65 5 
19 -30 1 
1 7 -60 
31 -118 72 
5 -29 2 
133 4 147 
34 55 2 
3 -6 -102 
3 -7 -74 
-1 -70 -33 
-16 5 4 
9 99 6 
72 -4 6 
-76 5 1 
-162 2 8 
32 -1 -138 
1 -6 28 
1 -6 56 
-38 5 3 
-17 -11 -3 
-74 27 5 
16 7 2 
35 43 -10 
-3 -2 -8 
6 1 79 
1 178 -115 
2 -14 -17 
-9 55 185 
-59 -3 4 
8 12 178 
30 128 10 
-1 3 92 
1 4 -11 
39 -17 2 
-4 -49 10 
-31 -177 55 
-70 -23 6 
1 117 16 
17 1 -6 
-1 80 14 
-1 2 -109 
-67 36 2 
-118 -3 -1 
-25 22 6 
-197 81 -145 
-2 95 -27 
1 -5 15 
-31 -1 59 
-131 12 -1 
28 -2 4 
-16 -3 -70 
2 12 1 
5 -1 4 
1 -89 -119 
-1 17 -22 
-2 1 -146 
61 76 -1 
-57 -113 -25 
-3 55 -136 
39 1 19 
80 7 4 
-14 4 109 
-122 -15 8 
47 -13 -8 
-5 -116 -3 
157 10 60 
-1 -5 -16 
-1 -73 18 
7 12 2 
-130 32 1 
-65 1 -8 
-1 3 -7 
167 28 -69 
67 4 -1 
11 4 1 
170 3 41 
20 -38 4 
33 -1 -155 
-2 -11 -15 
1 14 -2 
2 -15 -12 
-13 -17 1 
-1 -3 2 
-1 2 -108 
2 -93 13 
43 13 -116 
-107 -14 1 
2 126 1 
7 57 -38 
-6 -65 2 
-4 -101 -11 
-2 1 60 
2 -1 -103 
76 -66 -75 
-5 -8 3 
87 -10 36 
-179 -7 -2 
-78 -195 72 
4 195 -198 
10 -1 12 
-23 1 -10 
-13 1 -2 
-136 -143 20 
22 137 81 
-70 2 -41 
-34 -11 46 
-2 -1 -3 
-28 -23 17 
18 -1 -88 
-10 52 6 
-15 -10 3 
-23 -97 93 
56 -20 7 
-40 103 6 
-1 -4 120 
-1 60 -114 
10 -8 -5 
1 -19 -190 
-129 1 2 
1 -193 17 
-5 24 -139 
-1 -3 -49 
-1 -101 11 
5 2 -16 
-3 75 17 
97 109 13 
1 11 7 
6 1 24 
75 42 -139 
13 -4 71 
86 -16 186 
1 -9 28 
5 91 41 
107 110 3 
137 -1 -67 
2 -45 14 
21 -99 -2 
-10 9 2 
50 13 10 
67 5 -4 
22 1 2 
23 4 -90 
-20 -4 -105 
2 -1 -82 
-1 -12 -100 
9 -3 4 
-2 -17 -1 
56 2 -8 
-2 -3 -10 
23 -31 15 
77 -3 -2 
-3 87 -1 
-58 -83 -9 
-1 36 10 
12 2 -108 
-13 -29 2 
-1 -16 154 
16 29 -23 
-52 -2 19 
-60 -9 4 
-6 9 2 
2 41 -9 
4 -10 -2 
154 -7 -6 
-3 -2 -124 
-22 16 80 
15 10 163 
7 60 -2 
-134 -2 28 
-79 -6 89 
1 -118 65 
-6 -170 1 
-173 -64 -1 
-2 -36 -30 
-11 163 104 
18 -4 -11 
1 18 -5 
-63 -1 49 
1 -2 -44 
-3 70 -6 
-10 111 9 
13 -2 22 
93 12 -1 
-2 -1 -119 
2 -7 -62 
53 1 84 
1 48 -2 
15 -1 150 
-38 5 4 
-74 4 22 
-15 2 65 
-25 2 -1 
14 -15 -3 
129 1 10 
-1 -187 -3 
-6 -4 1 
-15 -10 1 
6 -92 -14 
-12 -4 6 
-1 -2 25 
-1 21 -29 
9 5 42 
-3 -1 13 
35 16 1 
-27 -2 -3 
-12 2 -1 
-139 2 -1 
3 24 -4 
1 7 -3 
4 176 38 
-172 -137 7 
-3 7 1 
4 23 10 
-172 -9 1 
-10 -43 -6 
-1 -51 4 
9 -1 -30 
39 13 101 
-2 43 1 
-1 -9 127 
-2 120 -4 
76 -181 1 
-8 -20 53 
-72 -3 33 
3 34 -183 
-1 5 -3 
-46 -3 -2 
114 31 -97 
-148 -9 106 
159 3 -155 
26 123 5 
1 -2 61 
23 -1 4 
1 -2 149 
-5 -7 -12 
-66 1 3 
-3 17 -160 
110 90 5 
-66 1 4 
2 1 -21 
101 2 1 
4 1 49 
-3 35 1 
-2 1 -3 
13 -3 64 
62 -1 -4 
3 148 -6 
-5 18 -16 
-44 45 2 
2 -3 -10 
-5 103 -1 
-15 49 -3 
-1 83 5 
-87 2 126 
-12 6 50 
-21 32 57 
-23 6 -200 
-116 -118 4 
-58 4 1 
1 8 -181 
10 -69 -15 
-1 -15 -13 
-124 51 4 
-179 2 55 
-9 -2 -24 
-95 38 57 
-5 -16 7 
6 200 13 
-1 -5 -10 
-43 1 113 
168 4 2 
193 1 -18 
1 -7 -21 
144 44 -1 
-2 -3 -13 
-1 -2 49 
4 26 199 
-16 -2 -142 
133 -1 -89 
-107 -3 -7 
-2 -1 136 
2 9 -20 
168 1 21 
21 -6 -17 
-6 25 -4 
-3 25 2 
-1 91 -4 
-1 -84 77 
2 -8 -12 
-74 19 135 
-16 41 1 
-100 -153 -17 
-2 -7 52 
-63 4 -16 
-14 37 47 
-4 -54 -61 
7 -14 -1 
20 21 93 
-10 -62 -1 
91 -6 5 
-63 -55 3 
110 71 1 
6 -40 -95 
145 10 2 
3 -42 1 
-3 8 1 
-2 4 78 
-24 29 71 
5 140 1 
6 4 -141 
18 21 -63 
11 -69 9 
1 4 -24 
-152 -3 1 
-1 2 27 
9 -14 64 
-10 -5 -2 
-96 59 -54 
-78 -6 68 
15 -13 1 
4 -2 -5 
-2 10 -7 
1 -72 -3 
35 -63 -40 
10 74 7 
3 2 149 
1 -7 -63 
3 13 132 
-7 -11 6 
32 -19 9 
43 29 4 
82 122 14 
-98 -13 1 
-18 -13 16 
-1 -27 -29 
1 6 73 
-19 5 -6 
-3 -4 -1 
-45 1 -5 
-63 1 7 
-48 -36 1 
-108 5 4 
2 -175 12 
-185 -41 -1 
12 -155 91 
3 -4 -1 
-1 7 -13 
27 -5 21 
13 -167 -5 
98 13 2 
1 -34 -63 
39 -1 -3 
-2 -8 4 
2 -5 15 
-101 4 7 
3 -2 -8 
-11 3 39 
2 -25 -3 
-1 3 2 
-6 4 13 
77 -1 3 
-2 -37 -1 
16 -7 -143 
-34 3 -131 
102 47 2 
1 -26 8 
30 -56 23 
40 2 23 
-29 1 4 
4 -3 -1 
-17 -25 9 
2 -6 3 
7 19 68 
-134 2 1 
-1 -96 3 
-3 11 -6 
36 -1 -20 
18 114 1 
43 94 -3 
-1 15 43 
30 -14 1 
1 -44 146 
5 -37 -31 
-3 -163 140 
25 -200 95 
-4 -191 -15 
82 172 3 
19 -7 -22 
1 -4 -21 
39 4 -1 
10 -1 -6 
54 3 -6 
1 58 27 
1 41 -2 
-128 -95 -19 
-35 -11 -2 
-26 -1 -22 
136 -4 33 
-1 5 -182 
-20 -2 49 
-2 3 1 
-6 2 1 
26 -22 12 
-68 -149 32 
-26 -58 -2 
99 3 -7 
4 -8 31 
-3 14 -1 
-5 -34 105 
109 6 53 
-72 -4 -10 
1 -94 163 
-108 1 139 
64 51 -12 
177 -17 -176 
-33 51 11 
-1 157 2 
2 72 -58 
-20 -2 3 
4 -1 -12 
7 20 -6 
3 -25 -1 
-7 -10 -71 
-4 -11 7 
-4 10 -11 
10 2 89 
-1 97 61 
-68 6 -4 
36 1 28 
-1 -4 -9 
-172 64 -1 
1 -17 -13 
-46 -98 33 
29 -7 -2 
8 125 5 
-125 9 2 
5 46 43 
-8 192 -111 
-1 -189 2 
2 13 6 
2 -91 -56 
-1 -11 88 
-157 1 14 
-138 -1 -43 
-1 18 -5 
64 -20 -16 
2 -4 -135 
2 6 30 
-2 7 -29 
-7 -18 6 
-10 20 6 
-80 1 19 
-12 -1 73 
1 -4 2 
-23 54 -1 
13 -10 -2 
54 -39 140 
-4 1 60 
182 -4 -6 
2 23 -32 
14 1 -18 
67 1 96 
4 -82 95 
2 -52 -10 
16 -2 1 
1 19 -25 
-3 -4 5 
-48 1 3 
3 -59 -26 
1 130 5 
1 -59 110 
-2 13 27 
-2 38 -1 
1 7 10 
-189 -2 53 
36 -1 -30 
2 -5 4 
-3 26 1 
177 -5 -1 
39 -34 -12 
-61 16 -27 
15 -92 -1 
-29 -2 4 
-1 -14 62 
158 5 -24 
-8 -16 30 
4 24 -3 
48 1 -97 
5 3 59 
109 -8 42 
-3 42 -5 
6 137 2 
1 198 24 
-1 4 24 
131 -13 -2 
15 73 -24 
22 -24 -2 
-1 -27 -2 
-18 -14 -63 
-2 -28 1 
-183 171 -18 
-12 -6 1 
-1 29 3 
-1 -104 5 
4 -12 5 
88 -3 -4 
-82 -16 -3 
-141 2 -6 
3 1 -2 
-5 -3 -189 
9 -92 -22 
-55 -50 7 
11 -2 -4 
5 -141 -107 
-34 -63 -8 
-18 32 -25 
-24 4 37 
-5 1 6 
-8 1 71 
-3 101 -2 
-1 -5 61 
1 -3 67 
3 -2 4 
14 123 7 
13 99 -1 
-19 -2 -49 
2 -3 -1 
-90 5 -62 
101 -1 -54 
-65 -1 -170 
81 44 2 
2 1 -6 
108 -168 16 
70 2 -44 
-2 -13 4 
-6 14 93 
-158 4 -2 
71 -131 9 
-1 -157 36 
94 14 2 
5 43 -55 
-17 -76 1 
-1 -20 50 
1 -198 -3 
-2 -28 -7 
-12 -2 11 
9 5 1 
26 -76 -14 
-5 -61 18 
-111 -26 2 
196 2 -3 
-13 -60 1 
4 -1 7 
8 -91 61 
-3 1 28 
10 6 -1 
-8 52 -2 
67 4 -2 
-1 5 -36 
1 2 -4 
3 1 89 
6 -100 -1 
-3 12 -7 
-29 1 -25 
159 69 3 
-130 2 177 
-49 67 -16 
3 25 5 
-48 21 4 
-36 -3 -1 
-93 -9 17 
-60 14 2 
-2 -152 -162 
-2 66 53 
20 38 25 
-2 9 -4 
3 175 -15 
-60 -136 -87 
45 -20 54 
76 27 -1 
1 -34 -13 
5 4 24 
-21 11 -1 
-122 47 -118 
5 -49 -19 
28 1 22 
-2 -26 -30 
-195 182 -9 
3 122 1 
-5 7 -52 
-27 8 18 
16 -87 1 
-10 -24 9 
-1 4 -34 
-182 -4 -1 
-3 -16 -74 
-24 1 -3 
1 -5 -162 
7 200 -10 
-3 30 199 
52 -2 -1 
-1 -3 31 
-158 -1 -10 
10 -2 -24 
-161 -80 -1 
-148 -8 -44 
49 -38 -149 
61 -107 2 
9 20 120 
-32 1 -9 
3 1 198 
1 -16 5 
2 -90 6 
29 -13 10 
-193 2 1 
4 -2 15 
190 -1 108 
11 1 -14 
39 6 25 
1 3 -7 
-59 -11 55 
84 4 9 
1 -182 15 
3 -57 2 
108 -12 -4 
59 178 -2 
-146 2 22 
137 -12 62 
-9 -50 -1 
-21 2 185 
16 -6 30 
-93 -4 1 
-5 -53 4 
-57 67 4 
-50 12 2 
-11 -24 1 
-1 9 11 
-9 -35 147 
2 -1 -3 
-9 1 3 
-117 3 1 
-32 -114 189 
-7 1 3 
-1 3 -2 
-6 2 151 
-1 5 -3 
-2 89 -3 
-67 -27 -50 
-28 71 -11 
27 10 25 
17 41 -98 
-109 3 2 
-3 71 2 
4 55 1 
1 -48 -3 
-1 183 -95 
-1 -2 -5 
-16 -2 5 
2 -1 -10 
30 4 -1 
-49 -2 -135 
-2 16 3 
-2 -85 5 
-6 -27 11 
27 -66 10 
-23 6 -117 
56 1 -4 
181 1 -28 
69 175 4 
1 93 -2 
26 -1 13 
-10 7 1 
-156 1 -73 
149 4 -52 
-3 1 -8 
-35 -2 -3 
3 -191 -1 
-1 -10 -40 
-6 92 -10 
-23 122 194 
-4 1 92 
90 1 6 
-1 45 -7 
-19 -70 -5 
4 194 -23 
1 52 -71 
52 -2 102 
-1 55 51 
3 -194 75 
19 -1 9 
48 1 19 
-111 58 10 
1 29 -2 
9 31 1 
18 36 -6 
-61 15 34 
120 -19 4 
-146 -2 4 
-16 117 -6 
1 18 -142 
148 -3 -5 
-1 -34 46 
-3 -102 4 
-7 28 30 
-129 42 -170 
