-2 37 -9 
2 26 1 
-3 -1 -2 
-32 1 -15 
-4 -14 -1 
-31 171 2 
-1 -4 5 
1 3 17 
-9 -70 -47 
49 59 -8 
-6 -7 -37 
-1 -29 -9 
-5 -1 2 
184 3 -6 
-66 -51 1 
7 -12 19 
68 -58 -4 
23 -85 -1 
6 -3 -94 
-1 -21 6 
-66 1 53 
-118 -105 -20 
6 -176 2 
1 135 15 
-30 -3 5 
-3 6 1 
2 94 -117 
1 2 -138 
-3 -62 133 
-1 29 3 
1 -2 -28 
19 -1 73 
-4 -2 -1 
1 -2 41 
72 16 5 
-12 -5 1 
10 -47 -16 
133 17 -4 
-24 103 -72 
-2 1 48 
-24 8 -26 
-19 4 110 
2 1 -4 
-3 -4 1 
-6 5 75 
4 -142 1 
58 -1 -2 
77 -56 -126 
-40 -14 -89 
-1 -21 -32 
-127 1 41 
-1 -61 111 
-21 5 -30 
-65 16 -9 
-16 7 11 
-1 -75 3 
18 11 4 
1 3 -22 
163 -177 1 
1 5 -164 
-12 -1 154 
91 -1 -40 
22 6 3 
16 78 -7 
35 2 131 
2 1 -145 
-22 2 -1 
-15 1 25 
1 21 17 
18 77 -2 
-199 -2 11 
44 1 150 
1 -15 44 
-5 108 54 
64 36 -53 
68 9 128 
28 39 111 
-1 3 -19 
2 103 -6 
30 12 -1 
1 9 147 
48 27 43 
-8 -2 -191 
-26 -2 42 
1 -123 -13 
21 -58 25 
8 54 -1 
24 8 -1 
20 -3 -10 
4 -3 8 
5 2 -43 
-24 5 179 
-1 3 138 
-7 73 -2 
-195 49 -37 
12 -194 2 
-5 2 1 
15 -4 63 
4 -10 1 
-46 -5 -3 
-1 -22 -76 
-3 7 -17 
3 147 -50 
-1 31 92 
-1 -17 -7 
-1 31 -12 
13 73 6 
-6 33 166 
7 151 -1 
-37 39 5 
-74 62 4 
162 -5 43 
3 70 -27 
-5 -2 21 
-155 -2 67 
-1 196 -5 
1 6 -8 
3 -6 1 
-26 113 27 
-7 11 157 
6 38 -138 
-1 4 6 
116 132 -69 
1 -70 -4 
-149 -112 20 
-6 11 3 
-18 180 -1 
-1 2 -24 
-1 28 18 
1 11 -182 
-1 60 19 
-1 -22 -51 
-1 12 42 
119 33 195 
-4 95 158 
-1 33 5 
-1 78 3 
-17 -2 1 
-113 -19 -65 
-10 3 192 
1 2 8 
-9 -185 -18 
9 -2 91 
16 35 -1 
-4 -5 -1 
-3 -2 -4 
17 8 -23 
-5 -3 9 
-197 -1 -18 
14 -2 1 
1 -8 2 
-3 -42 -50 
-3 20 1 
2 12 163 
52 24 -3 
23 -5 -10 
2 1 42 
-3 -1 172 
1 2 -56 
-3 6 -1 
4 1 11 
-38 -1 -76 
-3 126 -66 
2 -1 5 
36 20 17 
108 -60 -16 
-1 -61 -13 
-2 -31 -1 
23 -3 52 
-27 194 1 
1 193 -7 
6 -143 -11 
-74 1 2 
-13 -2 1 
-53 -3 -1 
5 -2 17 
-15 1 -9 
-2 -37 41 
-15 1 -159 
-9 -7 8 
152 23 -3 
-56 65 -130 
-125 2 -98 
-27 10 -14 
1 48 147 
-13 39 -1 
1 71 4 
1 -4 3 
-1 -51 16 
5 4 64 
9 -153 -31 
-2 1 6 
17 -1 -5 
-1 114 -81 
-83 96 -15 
1 -5 2 
-1 -11 -6 
197 4 -33 
1 -3 -7 
-1 29 92 
-1 -162 12 
-1 189 -28 
-4 2 17 
-4 -3 -1 
-72 -1 -2 
3 2 -188 
3 168 4 
-34 -76 -147 
-1 -11 9 
-145 -47 2 
120 1 6 
-15 -1 -6 
7 137 8 
11 -33 73 
-42 -2 156 
143 -2 6 
-7 -21 41 
-65 1 -190 
-1 -192 2 
5 -1 -57 
-58 -1 3 
-1 -47 110 
-162 -17 -11 
1 -52 28 
200 15 -30 
-1 16 125 
-53 -2 8 
-5 -31 58 
-2 11 7 
117 1 3 
-34 -2 26 
2 -1 7 
-34 -7 32 
-6 193 -17 
30 -2 111 
-30 -18 2 
-2 -4 -10 
26 -9 -4 
-36 -11 -128 
-1 -39 -11 
7 60 -6 
10 -12 169 
11 61 -1 
-100 5 21 
-43 1 -8 
2 -27 -105 
1 82 5 
2 7 -16 
4 -22 -6 
-8 50 -38 
21 112 1 
-1 62 -2 
-33 -1 -150 
133 -1 26 
-1 191 -37 
181 125 2 
-10 4 156 
19 -8 -6 
1 -30 -23 
23 -154 47 
-80 -9 197 
-1 30 15 
-1 -199 -5 
1 -75 49 
40 -5 -6 
24 19 1 
-2 -200 1 
56 -3 -77 
8 -2 -140 
-26 -6 62 
-2 159 -8 
-4 -9 6 
-3 6 -38 
1 16 2 
-13 -2 -9 
-11 -104 -187 
33 45 -23 
10 2 -7 
-80 2 185 
1 -2 31 
-4 68 -33 
2 -60 -1 
2 -3 -1 
-2 -11 -20 
1 58 2 
85 -15 186 
51 -77 -11 
-18 88 -91 
2 -1 111 
-1 -42 7 
-4 -2 6 
1 2 -51 
-135 149 -1 
8 7 2 
12 -2 6 
-57 1 53 
12 -1 160 
1 19 -45 
-149 1 141 
-11 34 -14 
-3 -35 6 
1 121 -37 
1 -14 71 
1 -61 -200 
-73 -2 -27 
-5 17 -7 
-1 20 3 
2 56 -1 
-3 -60 27 
-1 -53 5 
4 88 64 
26 -75 -2 
-2 -56 1 
-136 -3 -77 
-109 -1 -3 
1 -5 -84 
55 -1 7 
5 -2 4 
4 171 -3 
56 -20 -1 
-73 -16 34 
2 20 88 
-7 -2 -9 
-26 6 77 
-24 -125 4 
-46 -1 -4 
-6 87 -157 
-69 36 2 
-11 -5 -69 
-13 95 -113 
-4 -56 1 
190 -151 -13 
4 8 -54 
-1 -12 -9 
9 -104 -8 
4 5 -2 
1 -12 -46 
4 -1 -6 
-114 11 84 
1 32 8 
-51 4 181 
7 76 -93 
-2 52 -8 
3 -1 -5 
-3 6 12 
-2 -4 -6 
1 129 34 
10 -16 -72 
-1 55 -54 
-30 31 -24 
-3 -1 24 
-4 75 -43 
101 2 -39 
-6 -16 5 
25 10 -3 
-39 -143 6 
24 66 194 
2 147 -9 
125 7 -119 
1 51 -48 
-4 -11 -135 
1 -3 -41 
8 -159 -25 
-12 175 161 
199 -30 41 
15 -37 -10 
43 -67 -5 
7 -66 77 
1 5 -65 
-1 114 -2 
-16 -1 -188 
-3 -29 -13 
1 -4 65 
166 20 3 
2 1 79 
-1 156 11 
-8 -2 52 
-16 42 -1 
146 -1 36 
4 7 74 
-3 5 -49 
-1 -4 2 
1 -38 24 
38 -3 20 
-23 -3 -198 
-74 4 -5 
45 -160 69 
-12 8 -1 
-3 5 15 
1 -113 -3 
-4 -33 -8 
-1 -3 -51 
-32 -2 7 
3 -23 11 
-3 -1 -4 
-4 -2 3 
-4 2 1 
1 -127 30 
-1 -9 -46 
7 4 -53 
1 -8 2 
27 2 9 
1 150 73 
5 -7 71 
-28 -26 68 
110 -51 7 
1 180 5 
-17 -67 -1 
1 150 63 
-21 1 -122 
-2 -25 120 
2 -8 -119 
3 -103 -58 
-3 2 -1 
4 180 50 
-1 5 46 
9 137 3 
1 -178 5 
12 1 3 
10 9 68 
-111 7 35 
26 -84 8 
-62 22 -50 
12 98 15 
-116 117 -63 
7 4 8 
1 -57 -32 
199 1 -8 
-80 -44 36 
3 -1 -95 
-55 170 -3 
-3 1 93 
-6 -2 -4 
-7 -40 -1 
2 9 33 
-2 -4 -105 
-1 -2 -3 
4 -12 5 
-2 3 4 
1 3 147 
-110 -2 -124 
-1 105 2 
-113 -96 1 
1 5 -36 
-25 63 -1 
1 -4 79 
-5 -4 2 
6 98 20 
-1 124 -6 
2 1 5 
-1 -145 8 
-100 1 3 
56 4 3 
56 -2 -1 
195 1 130 
9 -7 10 
1 -69 -7 
56 -50 -1 
-4 -167 -98 
-32 -11 -33 
-3 1 2 
82 188 -12 
31 10 -14 
6 -30 -1 
79 15 1 
-5 -22 4 
22 -134 14 
4 1 2 
89 50 195 
33 1 3 
-13 -16 15 
-175 -76 -1 
-1 -67 -46 
-1 -192 -3 
-1 -177 -11 
-11 -8 -5 
37 2 -8 
1 40 -95 
-3 -44 6 
8 -42 -27 
49 -19 24 
85 -1 -15 
9 135 -3 
8 -23 16 
18 83 1 
93 -55 -200 
-14 -26 -1 
1 27 11 
-171 -18 -2 
-2 -84 8 
-27 5 10 
122 -23 5 
-70 -113 4 
1 2 8 
-4 30 -14 
-134 48 -15 
-12 -1 -34 
20 -1 -6 
1 85 8 
16 15 1 
105 77 -2 
-3 49 -2 
-2 105 185 
24 9 -11 
2 81 7 
1 185 15 
-26 19 -12 
6 -16 -89 
-18 99 29 
-10 1 2 
127 -4 55 
-25 110 1 
1 -5 -4 
169 -11 28 
15 -1 -6 
28 -1 -7 
63 -29 4 
8 1 -9 
-1 25 -118 
28 -6 1 
-21 -32 -2 
8 -4 16 
1 -74 2 
8 -9 1 
-2 -45 183 
78 1 4 
1 -9 -2 
2 -3 -10 
1 7 -66 
199 -1 -4 
-6 2 3 
87 -22 10 
1 4 18 
109 -155 -2 
20 1 5 
-10 15 -146 
-2 17 174 
2 8 109 
143 -2 -7 
-1 2 -126 
57 1 -2 
97 -4 -24 
-19 -2 -26 
64 -25 -50 
31 -61 1 
32 -10 -9 
3 -40 4 
-7 11 3 
22 -2 -105 
149 -29 5 
116 7 -14 
-62 -10 -1 
5 3 -61 
5 -1 -66 
17 10 -11 
-69 3 33 
1 120 66 
-117 51 -2 
38 -4 26 
-1 -116 6 
148 162 178 
33 1 -71 
-2 179 -1 
47 4 -120 
-1 -2 70 
-1 -2 48 
3 -15 -17 
4 -1 -11 
-1 -6 2 
-7 -187 -53 
-77 10 81 
-1 -5 24 
1 77 10 
-9 -90 -78 
-42 73 -21 
8 5 -9 
87 -1 90 
5 -145 -81 
16 11 -8 
52 4 -1 
-118 -5 -28 
102 5 -167 
69 -8 -38 
-6 -36 -30 
1 2 -6 
-5 2 -3 
2 4 -23 
62 -3 5 
4 -180 1 
-10 -1 -28 
3 1 -31 
-5 -2 20 
-5 -46 -2 
122 20 -51 
-81 10 12 
-10 1 -43 
16 -1 61 
72 18 1 
-10 197 -3 
-1 139 2 
44 -2 -126 
-2 -5 33 
-2 28 39 
1 -49 24 
-8 -5 96 
14 -10 2 
-51 -6 29 
6 12 38 
8 -1 52 
-1 -131 -53 
-66 -13 86 
-16 -2 4 
1 4 136 
4 5 1 
2 14 -82 
2 -37 12 
-28 100 66 
-5 -177 84 
1 3 5 
7 63 -6 
29 -6 4 
-26 8 -38 
15 -3 -20 
1 2 16 
-1 -54 -119 
88 -1 85 
133 7 -1 
7 -106 -94 
2 -17 -3 
34 1 -5 
-2 13 -1 
7 2 11 
1 -17 -22 
1 25 -19 
-62 -158 -1 
1 -21 85 
-10 143 -83 
-66 183 -13 
22 -1 2 
5 -56 71 
7 1 41 
2 8 -1 
1 -30 -16 
1 -3 15 
23 -2 -162 
47 -3 8 
-2 3 12 
-47 9 -6 
-173 179 1 
-7 21 -81 
-152 20 1 
-5 4 1 
-48 15 1 
14 36 -4 
145 179 -77 
-9 -5 -2 
-3 2 39 
1 143 -8 
10 -1 -36 
-5 9 6 
8 1 -124 
2 -92 -3 
-1 84 -113 
-200 147 103 
-7 -26 -103 
14 19 -12 
7 9 39 
-16 14 77 
-165 44 10 
1 -63 4 
1 -69 -15 
-91 6 -61 
-73 -1 -76 
-102 6 -88 
22 -2 -131 
-6 12 175 
-111 20 -11 
47 -99 1 
21 1 -16 
1 -2 4 
3 31 43 
-1 -23 126 
-20 2 17 
1 -20 -50 
1 -5 59 
-11 -1 21 
1 61 85 
37 1 55 
-3 -2 88 
1 -88 -72 
79 -164 11 
-1 -27 9 
1 -30 14 
23 -9 13 
-56 -5 -6 
-11 -1 4 
33 -26 -11 
1 -40 -29 
-2 9 35 
5 -14 -9 
-47 38 -170 
-2 -7 -35 
1 3 2 
3 -2 -65 
1 -21 -4 
-4 2 39 
3 75 -22 
64 1 -2 
-19 -54 1 
133 -51 1 
-95 -21 1 
-71 -1 -6 
13 -37 -1 
-86 12 -1 
3 1 -124 
167 65 30 
-1 -6 -141 
87 1 -2 
1 9 26 
79 -3 -1 
13 1 -6 
2 -33 3 
-85 1 -40 
1 -4 2 
38 4 36 
107 1 -3 
13 1 -26 
85 -3 17 
18 -90 99 
3 -80 14 
-42 40 -52 
-6 8 -1 
4 33 -3 
-6 -3 72 
1 -40 10 
1 3 16 
6 -1 -54 
-71 75 -4 
-60 -190 7 
25 7 19 
-1 165 98 
-39 30 1 
-18 7 -16 
-1 199 25 
1 -5 11 
3 77 1 
19 -2 1 
71 4 1 
-61 -49 1 
8 -1 5 
24 -8 23 
4 -41 30 
-46 29 92 
3 23 -10 
117 -114 -2 
-8 -14 147 
11 -4 2 
-57 -2 1 
-45 3 -8 
35 -47 11 
-74 24 -3 
-172 -11 -188 
51 2 1 
-5 -17 72 
-1 -137 -105 
6 90 -21 
125 -1 -188 
2 -17 19 
167 3 65 
13 30 8 
-22 -7 1 
24 -5 -7 
45 3 -2 
-1 -11 -70 
24 198 26 
61 -2 -1 
2 -96 1 
-5 -1 -23 
34 -2 1 
44 -5 -30 
-57 1 -2 
-41 -20 13 
25 164 -21 
151 146 3 
70 -34 -3 
3 -64 -10 
-112 -3 1 
-2 11 -32 
1 33 -19 
-5 -4 -7 
24 -1 53 
-13 33 111 
15 -2 1 
1 3 -12 
1 -7 77 
17 -1 36 
-151 -2 7 
8 11 -70 
7 -1 -85 
-22 -1 -10 
18 1 23 
5 -4 138 
-1 -60 -42 
97 -1 -28 
-1 -2 -3 
-1 -2 36 
1 75 2 
-7 30 161 
-3 155 -8 
-175 163 113 
5 -12 -33 
3 -4 174 
166 123 -4 
1 -132 -8 
99 6 -12 
60 -1 -2 
26 3 2 
-66 28 79 
-94 123 -26 
1 5 15 
165 1 2 
-6 -48 -44 
7 -4 -130 
-132 -36 -17 
5 -99 1 
8 -16 -104 
-186 4 2 
-11 -1 106 
-5 40 171 
4 29 -107 
9 -102 3 
-16 -149 100 
-46 11 188 
-14 -37 -21 
-28 -68 -3 
1 57 -31 
18 33 -2 
15 16 49 
75 -2 -74 
5 -2 14 
55 -2 -3 
-13 7 -2 
52 1 -126 
43 -184 -77 
1 3 41 
-40 48 51 
10 -155 -16 
-18 -47 -2 
-29 12 101 
190 16 3 
-59 -1 5 
5 2 1 
52 -2 -5 
-4 -3 -1 
