-3 -26 7 
1 -2 55 
1 3 97 
-36 -8 -61 
-5 24 -15 
-4 170 69 
-5 -4 -14 
1 -29 -68 
187 -4 -11 
64 -2 -5 
-105 8 39 
10 -7 1 
1 2 34 
-44 -90 -2 
24 23 5 
-2 -1 6 
-83 -1 3 
28 -3 -40 
-1 28 38 
101 -5 51 
68 -1 -50 
14 64 -8 
1 15 4 
38 -1 -54 
55 -153 2 
-2 -74 -21 
12 127 -1 
38 6 87 
-26 -1 -10 
13 16 82 
-40 -179 -10 
-10 3 56 
-156 -27 8 
80 -104 140 
25 1 3 
165 5 37 
19 12 -1 
-31 2 6 
187 -22 1 
-6 -11 87 
12 -42 -6 
12 4 2 
-18 -1 2 
17 -20 -2 
-15 -1 2 
-4 -38 23 
59 89 -1 
-127 27 186 
-1 4 200 
107 -2 1 
1 -2 -6 
87 7 137 
-3 -1 6 
-74 2 -4 
-1 -4 21 
-10 -1 4 
69 -9 -4 
171 110 -5 
-74 1 38 
-21 -52 41 
52 15 -72 
1 -3 -94 
3 1 -68 
19 2 -166 
11 -21 -19 
6 16 5 
72 -1 74 
5 1 -51 
7 -50 -28 
7 -1 -111 
4 -36 -9 
5 16 86 
-50 -77 44 
150 -56 -3 
55 -71 3 
-166 -27 1 
16 -12 -106 
-30 16 -199 
-92 2 9 
1 6 -27 
3 -32 -17 
2 -1 -88 
-1 57 2 
-1 -2 -11 
35 1 3 
-3 -11 127 
-31 1 94 
-4 -3 -14 
-27 1 -3 
-52 -18 104 
-12 -1 -9 
-4 15 -2 
-19 41 -1 
10 -7 -31 
1 3 10 
1 -6 -52 
-7 -12 8 
-79 110 -18 
13 -36 -6 
76 -1 90 
-31 -1 -183 
-1 7 -16 
1 76 19 
65 1 2 
-79 -88 2 
-1 -59 23 
39 11 2 
-1 36 15 
-18 -97 124 
8 -11 2 
-1 5 44 
-7 -1 -4 
-8 3 -2 
2 5 8 
1 2 -13 
-3 -2 75 
-4 1 -86 
-1 4 -3 
70 -1 10 
-116 -16 -7 
-1 55 -4 
-3 2 -71 
-82 -115 -1 
-116 -1 -2 
-13 2 16 
1 8 -48 
17 30 6 
1 -4 80 
90 10 59 
-48 -29 153 
8 5 -198 
-1 163 5 
-60 -1 -71 
104 -6 -7 
-4 14 -1 
-81 -2 -9 
-12 8 1 
47 10 1 
19 18 79 
-9 18 -1 
26 20 -5 
-187 -3 2 
3 5 -48 
1 -44 5 
10 -12 -2 
78 1 -61 
169 175 -22 
32 4 14 
4 16 -37 
-3 -2 -1 
1 -2 -80 
1 -4 -42 
-24 -128 70 
-4 -1 -38 
2 -9 3 
-38 76 -65 
-4 30 44 
-31 1 90 
2 -18 -1 
-70 5 74 
24 34 -2 
-2 8 90 
-57 92 15 
-118 73 5 
-34 -5 1 
-36 -52 -5 
13 -4 23 
6 -9 11 
18 -2 -3 
1 -48 -26 
80 -5 15 
6 3 -178 
16 -12 -123 
-133 -1 26 
-7 2 19 
-5 14 11 
2 76 -1 
-169 16 87 
96 179 -1 
3 -1 -12 
-110 2 -75 
18 -1 2 
-1 -2 5 
-65 -75 -56 
-59 57 25 
-75 -1 -2 
2 1 -12 
-11 -1 -24 
21 12 -1 
-1 5 -4 
4 38 -1 
-151 -1 17 
-9 -84 1 
4 -7 -191 
15 -47 -8 
-34 56 -8 
-9 -1 120 
-11 -88 121 
-21 6 -10 
182 -50 -1 
3 46 63 
9 2 -8 
131 15 -5 
8 -38 -6 
1 71 16 
-6 -16 -68 
3 8 125 
3 20 -2 
14 60 24 
-1 -69 -19 
-2 -54 -4 
7 16 -12 
-7 -1 18 
6 -85 -19 
92 2 1 
1 -7 4 
-9 -124 -18 
40 57 10 
-2 -6 42 
-71 18 -1 
-9 32 173 
2 5 -8 
-2 56 1 
-24 59 -77 
2 -8 1 
-35 -156 4 
70 35 47 
1 3 36 
-2 9 72 
114 -1 -45 
-174 -6 1 
38 1 -88 
2 -6 19 
2 -10 7 
1 27 2 
52 -9 106 
-26 -1 -20 
-4 -8 1 
151 -4 1 
-19 -108 -133 
78 -1 42 
-1 43 -14 
18 -2 4 
2 4 29 
8 1 -20 
1 4 58 
136 -1 135 
150 -7 13 
-11 -6 2 
-2 -1 15 
6 -2 71 
38 -117 -133 
44 16 -5 
198 -5 -195 
-1 110 -16 
-3 -18 -1 
4 103 -1 
-177 159 -30 
-1 152 -4 
1 26 -39 
1 66 18 
70 -106 1 
-24 -2 180 
-37 -127 41 
-6 -15 -79 
-128 -1 2 
-1 7 -10 
-39 -20 2 
8 -134 -2 
156 8 -43 
99 5 160 
-7 12 2 
-19 -38 43 
2 69 1 
-6 -164 12 
-38 5 73 
-5 15 106 
-9 -28 -1 
1 -18 -153 
-6 22 -39 
1 -4 -5 
-59 8 -17 
65 -18 -50 
17 38 -1 
5 -192 28 
19 14 -1 
-3 -158 1 
1 -4 -7 
-39 31 4 
39 -4 -12 
4 -74 -25 
-53 -56 -2 
14 -38 -18 
-16 34 50 
-1 6 -81 
-14 1 -3 
93 -5 4 
170 -19 -4 
21 -1 -23 
15 -16 3 
-3 -4 21 
196 1 9 
-44 2 -3 
-59 -23 -1 
139 1 37 
29 1 18 
66 14 2 
-5 1 -116 
21 -60 2 
26 -116 -40 
90 -19 29 
9 -6 -1 
6 -1 -48 
13 2 -48 
32 -2 -28 
-1 -3 -30 
-6 1 -10 
-192 11 -41 
3 -171 4 
-1 14 -5 
-3 -34 90 
-3 28 16 
-1 12 -57 
3 -1 10 
41 -28 -44 
-10 -30 -7 
-38 -13 -118 
-8 -3 169 
-3 -124 52 
-61 -1 -7 
3 -26 -13 
-1 48 7 
10 -9 2 
-2 1 172 
-44 -9 2 
-12 -8 13 
21 1 -3 
7 -3 47 
153 6 -44 
2 1 -43 
-11 -147 30 
45 10 -1 
-2 10 -150 
24 -1 -39 
68 -1 -102 
-80 -39 -18 
-1 -2 -25 
-191 -6 -161 
-2 27 -130 
-22 -1 -35 
-16 -3 2 
64 2 13 
29 14 -1 
-8 1 11 
34 -12 8 
1 10 2 
-99 10 -1 
1 88 70 
11 3 -193 
-20 13 141 
-2 12 -11 
-26 -1 -3 
-39 -1 -2 
123 27 -48 
6 9 -3 
41 -4 -105 
-2 -139 1 
-1 -3 -15 
-95 2 -140 
1 -2 129 
1 -6 88 
-35 -6 18 
-97 -22 -4 
96 -8 -122 
1 93 29 
7 2 -84 
1 178 100 
1 -87 2 
-2 5 -35 
3 -1 -2 
-1 190 -3 
-90 -129 -15 
83 1 -77 
-1 -8 -126 
-2 9 7 
93 187 40 
-49 -3 -6 
20 15 130 
1 32 9 
1 -5 -27 
-1 -24 5 
-1 6 -5 
44 -9 -195 
112 1 73 
-4 -88 -7 
-6 38 3 
-9 -1 -19 
45 1 -20 
-1 3 -38 
4 177 138 
-16 -28 -1 
-1 -56 -62 
41 2 -7 
91 3 199 
-2 60 -4 
-11 -41 -24 
178 -4 9 
94 26 64 
17 -9 -156 
-14 27 23 
58 -6 140 
35 176 -1 
-109 1 82 
-2 -1 -100 
-21 -7 77 
5 -8 1 
72 -2 22 
34 -14 4 
6 10 -11 
1 49 -14 
11 1 100 
3 2 -14 
13 -7 4 
-5 -3 27 
8 141 -77 
20 -48 30 
6 100 -20 
-74 7 138 
-118 -49 -3 
1 -4 48 
1 -10 -27 
9 -21 -1 
-43 1 30 
-1 2 -31 
-2 21 -8 
-113 6 -1 
5 32 -162 
57 -3 8 
-68 -3 -7 
39 -4 -8 
75 13 -3 
2 87 29 
-2 -51 109 
-16 -1 -36 
-57 22 4 
-37 -78 -4 
-3 -123 -20 
-3 -38 -1 
-7 25 -6 
87 -71 3 
23 1 -6 
1 -52 -5 
-149 183 10 
1 -31 4 
-20 1 53 
11 -30 -9 
34 1 -6 
1 3 66 
-49 33 2 
-6 -11 20 
-164 1 -17 
-2 120 -1 
89 2 -1 
97 4 12 
-4 -163 -5 
4 -15 -12 
-48 -1 54 
-135 -1 82 
1 46 -66 
37 7 -1 
-44 -3 -1 
2 36 -47 
-16 1 20 
2 -40 -39 
-4 10 -6 
-110 74 35 
-9 100 71 
5 4 -57 
-1 -16 47 
109 65 -1 
-3 1 -67 
-2 -156 -1 
2 8 1 
-1 -71 -84 
32 -5 167 
2 -71 1 
-96 3 -12 
-165 2 -4 
1 12 -27 
20 -36 23 
-1 8 -4 
-1 16 -145 
40 -2 1 
8 -5 -10 
-13 52 37 
2 -24 -91 
-11 -19 139 
-48 -1 -46 
82 -1 -3 
21 9 1 
2 -24 -9 
-2 -187 1 
22 106 8 
-19 -48 4 
-3 -1 7 
27 -4 -6 
1 -113 -8 
64 -22 -155 
-1 -112 7 
1 -29 -69 
-121 123 -156 
22 -8 1 
1 -2 113 
-1 -2 7 
-2 12 -191 
-12 -15 16 
-1 -5 -166 
-107 -88 2 
1 -9 -72 
140 86 22 
12 -1 80 
-8 -1 -6 
13 11 42 
-64 -6 -24 
-35 72 59 
2 -15 -110 
74 -25 97 
-4 1 -68 
7 -62 -100 
27 -16 9 
-1 125 -2 
-2 59 -182 
15 -5 51 
-12 75 -11 
3 -2 -133 
-36 -71 -11 
11 -1 -2 
34 1 11 
-1 4 3 
145 36 -114 
-1 -73 -6 
-80 4 -14 
1 -100 17 
-78 -114 -11 
14 -2 1 
-40 -1 -7 
21 140 186 
1 11 21 
-78 157 -1 
-8 35 2 
7 -2 10 
-136 1 2 
126 45 1 
1 -160 21 
-1 24 54 
88 15 5 
-1 10 14 
32 -3 -5 
-2 -39 172 
-159 -1 28 
-4 -1 20 
1 3 11 
130 85 13 
9 -32 2 
-3 2 1 
-10 166 -21 
-12 8 5 
-1 -114 5 
-61 -3 13 
128 -1 160 
-1 17 -104 
-2 130 4 
-8 63 -13 
-6 -23 -5 
-169 15 -33 
16 -1 -10 
37 8 -2 
-84 129 8 
-6 3 2 
3 14 1 
3 -72 -52 
-197 4 -1 
15 -1 -22 
40 -28 75 
-32 -8 -12 
8 -3 22 
1 51 -113 
69 -110 -2 
4 9 -2 
4 -1 -2 
57 -20 -3 
-1 2 8 
183 7 -21 
-3 -28 -35 
-12 5 33 
-3 8 -1 
1 -53 48 
-40 -10 -141 
50 -1 -6 
6 -43 -1 
-6 -93 -17 
112 1 -88 
148 3 -6 
171 -77 81 
-73 -95 -1 
200 91 -1 
18 -2 1 
-1 -7 34 
139 -9 166 
-32 50 97 
-73 -3 -195 
-4 2 -64 
16 -3 4 
72 19 -110 
146 -1 17 
-3 1 28 
-52 5 -11 
1 -152 105 
95 -1 180 
-15 4 1 
6 68 -1 
9 -2 -7 
-5 2 40 
6 -149 144 
-10 -6 -5 
10 1 35 
25 -8 100 
-4 -2 -8 
-62 -15 -1 
-28 1 -172 
3 7 15 
-7 -1 121 
12 8 16 
125 14 -9 
72 -12 -31 
3 7 -8 
-1 -50 -38 
2 15 -6 
9 1 3 
-36 -1 121 
-1 -116 -28 
8 -1 -25 
-1 2 6 
38 2 -75 
-3 -1 2 
-55 -24 -57 
-23 -7 34 
38 8 -11 
-42 1 9 
-2 4 -1 
44 -4 198 
45 6 119 
20 -125 13 
-14 10 5 
2 -16 -5 
1 -2 -17 
-3 -22 4 
51 9 1 
2 -10 -14 
-8 152 37 
-30 7 -1 
2 -7 -4 
-16 -31 1 
124 22 -68 
1 46 98 
1 -3 -15 
-185 34 17 
58 -25 -5 
-173 33 -1 
15 11 -36 
127 78 -4 
-140 -10 -13 
-4 -2 -15 
-40 42 -1 
4 -142 72 
105 -68 2 
15 1 -52 
2 -5 3 
-14 10 -2 
-12 1 -3 
-68 116 26 
-3 9 -1 
-3 26 -160 
2 -192 59 
26 -23 -36 
1 41 -5 
-8 -1 9 
-65 -4 -11 
93 -38 21 
23 -1 -72 
-31 -3 -2 
3 -58 1 
-1 18 -4 
39 -125 -8 
1 4 2 
1 13 -5 
9 -13 -3 
-39 -43 6 
1 8 -94 
-3 -117 65 
-46 -1 -57 
-37 -4 95 
2 -92 27 
1 -7 172 
1 67 7 
125 -18 -85 
8 7 1 
183 23 -43 
-61 1 -3 
-16 14 3 
-29 9 -4 
-164 4 3 
13 1 -11 
29 67 -98 
22 5 30 
124 -1 4 
68 -47 -1 
-43 -41 5 
-4 13 -1 
-78 1 6 
3 -116 -7 
12 24 -3 
161 1 -180 
-15 -59 -4 
-3 10 -151 
5 -37 -135 
7 -188 47 
88 -129 63 
3 -1 44 
-163 -28 -8 
12 -5 -4 
-2 150 4 
-16 12 -4 
145 25 -5 
-21 2 3 
75 -38 -1 
-1 10 12 
39 -5 4 
-4 -1 192 
-3 9 -1 
-147 8 -3 
3 -63 -57 
4 13 15 
1 3 -8 
-14 -6 1 
1 -66 38 
118 -100 -53 
2 -1 47 
-163 -1 -9 
2 154 133 
29 -1 -34 
13 -2 58 
17 -1 -29 
-57 -142 -6 
4 7 -1 
-7 -105 -146 
-2 157 -60 
-16 -67 63 
59 -1 -45 
2 -6 1 
-5 2 187 
8 -2 -4 
200 -1 -44 
30 87 -1 
1 5 22 
-14 1 15 
32 7 -1 
-2 1 3 
-37 29 -130 
-14 34 -53 
-155 -1 2 
99 -4 1 
-3 -1 -2 
5 -37 -102 
-9 -30 40 
160 3 -2 
-13 -44 -8 
17 -38 39 
26 38 3 
-107 10 -22 
8 18 -22 
-179 152 -2 
97 -29 1 
14 104 -13 
-2 4 -90 
-57 -2 1 
19 8 11 
25 -77 19 
1 -26 -46 
-1 -24 -6 
3 -1 2 
-7 -11 54 
58 52 -14 
14 1 -92 
43 11 -2 
4 29 -2 
-1 -13 170 
42 1 -16 
7 -61 -42 
-2 4 6 
-151 17 -26 
-10 5 8 
3 -64 -14 
-6 -22 5 
-110 -2 77 
3 -62 8 
-52 -15 -4 
-3 -1 12 
5 6 -132 
-2 3 1 
6 -5 3 
-1 -30 -10 
1 -12 21 
3 -30 -200 
158 -11 -160 
-2 32 25 
1 -81 -10 
1 50 -75 
10 5 -42 
19 1 -155 
35 -19 196 
-2 -117 -5 
-8 -13 10 
7 1 115 
30 -3 1 
-6 30 -1 
4 1 -3 
2 13 -26 
11 53 1 
-45 -3 -28 
-7 -6 -1 
12 32 3 
118 8 4 
8 110 -2 
-1 96 63 
-1 -3 42 
-8 -4 -3 
-23 -1 113 
-90 1 -2 
-35 5 -1 
6 164 1 
-1 5 -130 
-2 60 -82 
-185 1 14 
-1 -108 -2 
-48 -7 -2 
-23 -4 -134 
-51 1 64 
1 -17 -88 
4 5 36 
1 4 -3 
-102 -8 -122 
1 -21 4 
-45 3 25 
