-21 9 1 
1 9 39 
1 21 171 
1 -9 3 
-133 -40 3 
3 14 12 
-13 27 22 
184 1 -85 
2 -90 -1 
-1 59 -2 
-4 -1 46 
7 -22 -1 
124 22 23 
8 20 -24 
-4 3 -39 
-1 -45 2 
-27 8 154 
20 71 2 
21 149 -140 
5 -8 4 
-7 -2 -9 
-33 -32 -8 
2 -162 -158 
7 -102 1 
-32 -22 -1 
1 37 3 
1 -20 -3 
-16 -3 78 
1 2 6 
7 -1 -23 
2 -130 196 
-184 46 -1 
-14 49 -8 
-1 -13 -36 
-2 -177 26 
-81 -6 1 
-21 5 34 
22 41 6 
4 -2 -101 
5 -170 -68 
18 161 -43 
2 -5 29 
-33 12 -2 
3 46 -4 
1 -77 -86 
-9 20 -191 
-166 -189 98 
-75 30 1 
5 -33 41 
-2 9 3 
-121 -37 48 
1 -197 -62 
-1 130 21 
17 -36 -1 
-66 1 38 
93 5 -6 
145 -2 3 
1 -60 -8 
91 -11 -4 
1 -41 -3 
5 -59 16 
-1 -14 9 
7 -1 -79 
-1 7 -16 
-43 3 51 
-148 1 16 
-154 1 -13 
-4 -33 -114 
75 -30 2 
-3 12 -93 
18 -2 -97 
-41 -15 11 
5 189 -93 
-117 1 7 
-91 1 4 
1 9 -21 
-7 -72 1 
-2 -5 3 
53 12 2 
2 -6 3 
-67 -15 9 
10 -3 4 
198 7 12 
28 -175 40 
-7 20 -39 
7 -20 5 
33 3 -9 
20 129 -5 
-2 36 -1 
1 123 -2 
71 3 138 
-104 25 -92 
-61 13 1 
-11 -3 -4 
-1 4 83 
4 2 1 
-1 60 194 
-93 -62 -85 
-145 -108 -5 
4 92 -1 
-31 59 -29 
-12 -3 194 
-58 -16 85 
13 -1 -73 
10 22 93 
-129 9 2 
-64 -4 100 
173 6 -1 
3 -86 129 
-23 14 1 
-2 -7 -28 
-2 -9 14 
11 -2 178 
-120 -4 -13 
-199 62 95 
-1 -10 2 
-1 -87 5 
-1 -35 99 
-2 25 -17 
2 -3 16 
-1 -75 -119 
136 -1 -61 
13 -12 6 
75 8 52 
1 35 -2 
7 11 1 
30 9 -2 
-10 16 -1 
-25 75 43 
-105 -99 -2 
2 -1 -8 
1 -2 3 
-1 -189 3 
-60 -1 -5 
68 6 -197 
-168 3 -1 
-6 -12 -17 
-1 -18 13 
13 36 -174 
142 -25 135 
49 -42 -29 
4 192 11 
16 -18 -167 
-1 91 -10 
-48 -42 -1 
159 10 2 
-149 19 40 
14 3 -2 
-153 -7 2 
2 -36 45 
2 6 -31 
-17 -10 -19 
4 19 -27 
1 -3 -2 
16 1 37 
3 -6 2 
2 6 -135 
-1 54 41 
-7 -131 11 
12 65 186 
-1 146 -32 
-2 -200 -1 
1 -33 -8 
11 -3 124 
-2 -3 -11 
6 -5 -1 
-3 -2 -21 
41 -13 17 
-60 4 -3 
2 32 1 
-3 42 63 
9 -12 -46 
-1 -53 -8 
-5 1 115 
118 -77 67 
-167 -1 -51 
-18 -119 -37 
-24 16 -6 
-21 1 11 
-135 1 -10 
-50 2 -40 
12 99 27 
118 1 9 
-4 3 -118 
1 2 -44 
-140 -2 6 
-193 7 2 
1 -3 -69 
123 4 -176 
-1 48 20 
-42 -15 8 
173 6 -1 
-1 -6 -75 
-155 -37 1 
-56 14 94 
-55 -12 17 
31 82 1 
1 -2 -4 
93 -1 -4 
78 43 -200 
12 -6 -1 
63 8 -1 
76 3 11 
-122 6 -55 
-2 162 65 
1 7 4 
-17 -1 11 
-12 -1 15 
-21 3 80 
8 -11 35 
-2 5 1 
-1 -4 -109 
-15 67 3 
-3 -1 -17 
-2 -3 -39 
-82 1 3 
1 -37 104 
73 -47 8 
14 -3 -22 
-39 1 5 
-8 11 -74 
153 1 -12 
13 26 -54 
-8 12 7 
-39 10 -1 
-1 138 6 
-1 18 168 
-16 -13 -2 
-3 8 91 
-45 1 90 
22 -9 156 
4 -2 -24 
24 2 -10 
-106 -1 5 
-1 -61 -2 
9 -2 -27 
-1 33 -51 
-21 -1 35 
41 -9 -19 
-1 -131 2 
1 -4 7 
3 -117 89 
-65 -15 -117 
-3 -2 -1 
-49 -95 -142 
-48 -23 -3 
-31 93 -128 
7 -12 13 
-1 6 11 
-11 -2 20 
3 -27 2 
-20 4 -26 
3 -1 172 
8 -11 13 
3 -14 1 
-14 10 3 
1 113 -22 
190 -2 4 
60 2 27 
20 -46 143 
-2 -19 -1 
104 -1 7 
22 54 6 
-30 -78 2 
51 5 59 
13 -7 -1 
-44 -7 12 
-12 19 -1 
24 40 6 
-25 -1 -2 
58 1 2 
-1 38 -4 
160 3 -1 
25 -9 -23 
-18 -2 87 
-100 14 -58 
16 -11 2 
72 131 -7 
13 35 -24 
1 -92 182 
74 -131 1 
6 3 67 
1 3 4 
-23 183 1 
12 -56 -140 
-3 28 5 
-3 8 10 
121 1 28 
18 2 -110 
96 164 -1 
-1 28 -2 
-1 -21 -3 
42 -9 -46 
-7 1 100 
120 2 79 
-5 7 -4 
-4 1 -80 
2 -78 3 
24 -2 4 
-130 8 2 
8 3 2 
64 -7 -1 
-24 -2 146 
15 -1 4 
30 100 6 
-198 38 -12 
2 1 8 
-144 -31 1 
21 -7 -1 
41 1 -7 
2 3 -90 
-6 155 111 
54 -71 -3 
43 132 -3 
5 -33 23 
69 11 6 
-5 -108 80 
-10 -98 1 
22 2 -194 
-2 -123 -5 
-4 1 -147 
134 1 34 
7 -96 -60 
7 140 5 
153 2 9 
-1 -4 26 
6 1 25 
-83 42 -1 
-10 -89 -2 
-1 2 -37 
-1 2 182 
-23 72 1 
83 -28 5 
2 -1 41 
-36 3 -13 
16 -18 128 
-2 -29 4 
10 -6 2 
-2 89 14 
14 -2 -26 
-48 5 3 
2 9 24 
-5 -145 -37 
-4 51 18 
115 2 3 
-1 -12 11 
-9 -1 -38 
1 70 -4 
-1 -3 5 
-110 94 37 
10 1 -8 
34 2 1 
-1 -162 29 
-8 -7 1 
-4 1 -53 
-85 1 47 
1 2 12 
144 -1 -133 
-5 54 8 
-74 2 1 
-24 -13 44 
73 8 31 
106 -2 1 
-25 52 -33 
-4 26 1 
-31 2 -5 
5 12 1 
-188 1 4 
1 9 -36 
-66 -112 25 
88 180 -9 
-14 3 1 
-2 -34 115 
7 6 4 
1 -12 -62 
-1 139 -56 
-4 -21 -152 
-5 2 32 
6 -148 2 
-50 7 1 
-1 -49 -168 
5 -76 2 
25 -2 58 
18 76 -10 
2 3 155 
62 -11 -99 
-143 157 1 
124 92 -5 
70 35 -1 
1 83 85 
75 -14 -153 
-92 26 73 
-77 -1 -3 
2 -37 -41 
-131 13 -8 
175 -188 1 
-11 15 -139 
-14 -155 -15 
1 -10 -16 
181 1 40 
77 -1 -33 
25 -72 111 
5 3 40 
-32 -142 -5 
107 11 1 
15 -2 3 
-155 44 -6 
7 43 -35 
-115 -2 -6 
-133 -188 183 
-10 -88 3 
-10 1 51 
-1 26 151 
2 26 -69 
-153 1 -7 
-21 -4 3 
7 -59 -6 
-43 -99 2 
15 -28 3 
70 -13 -21 
4 8 -77 
5 52 -1 
-1 162 -7 
10 157 3 
-8 -1 -6 
-1 -91 4 
129 -12 -1 
-12 11 105 
-17 30 2 
-7 -54 -31 
-8 5 -1 
18 17 23 
-62 -150 -3 
-51 -78 17 
-2 -1 -87 
17 -25 1 
-2 3 32 
4 -54 157 
1 -17 -63 
5 2 1 
-61 103 2 
-35 27 -14 
10 -66 -20 
2 97 -1 
-3 -1 -10 
-4 167 5 
11 17 4 
60 4 -27 
-71 145 111 
1 30 11 
-2 -1 -22 
-2 -10 7 
-5 -50 -2 
-3 -59 29 
-29 -18 -1 
-1 -37 -18 
-4 -2 3 
-7 -22 -32 
176 -52 3 
-75 3 5 
16 1 3 
-186 6 52 
2 186 -131 
-9 60 -6 
39 -136 -195 
197 -33 -56 
9 45 -1 
-27 146 13 
1 6 2 
48 35 -34 
-5 9 20 
-88 -3 -6 
2 1 -6 
-23 -10 196 
186 75 -8 
1 27 4 
-13 -164 -36 
-44 69 -59 
136 -162 -95 
168 -17 1 
14 -25 4 
-66 -3 -7 
-36 -7 1 
1 -48 -2 
-88 19 -107 
-1 13 -3 
8 31 124 
2 -11 91 
11 -1 53 
119 -1 6 
-179 -58 1 
-6 4 10 
-4 18 -2 
1 -10 78 
2 56 9 
47 19 -23 
6 -103 38 
-22 183 -6 
6 -2 -93 
-6 1 -24 
-42 1 -2 
1 -63 -7 
-11 -7 -178 
2 -10 -54 
-5 -4 15 
1 -47 99 
2 9 1 
-171 10 39 
140 20 -13 
59 -4 2 
-19 -86 1 
109 -1 -4 
30 -78 -18 
-1 5 132 
-4 7 50 
1 -17 -27 
1 -78 -6 
-74 15 161 
-1 5 -48 
-148 4 -43 
31 1 -26 
-8 1 -23 
76 -1 4 
1 -26 30 
-1 19 2 
12 -9 -1 
-166 14 -11 
-8 -1 101 
5 122 35 
1 6 -4 
-1 66 92 
-15 1 -23 
13 -98 -32 
134 -1 15 
-4 69 1 
40 -21 2 
33 -2 161 
-12 -1 -5 
111 4 -33 
3 2 33 
-24 54 78 
-35 182 15 
-1 -200 -2 
4 55 1 
66 1 -198 
2 -17 127 
1 -5 -60 
-1 94 -2 
-5 -2 -30 
2 8 -43 
109 1 -2 
21 -90 -185 
-5 -2 6 
-17 -66 -8 
-27 49 -109 
-20 -7 -38 
66 -23 22 
2 -3 16 
-2 -3 55 
-11 44 15 
-3 1 -22 
-38 -1 -9 
-8 -31 139 
16 26 -10 
-5 11 105 
-1 87 180 
-12 1 -4 
-39 29 9 
-17 1 9 
-6 1 -5 
-13 -104 1 
-7 30 1 
78 -1 -5 
111 1 -39 
28 -19 6 
3 -36 -21 
-54 -11 5 
3 -4 -2 
-5 -17 9 
-13 2 21 
98 4 16 
-25 -161 15 
38 -144 44 
-98 -1 -3 
169 6 -17 
9 25 1 
1 -51 88 
3 2 -47 
-7 10 29 
146 10 34 
14 8 -30 
3 43 1 
6 -37 -107 
29 121 132 
104 -36 122 
-1 -2 3 
-1 56 -10 
-16 -111 121 
-1 -104 8 
186 -34 1 
27 41 18 
-199 2 -148 
-13 1 100 
7 -2 -5 
-5 -18 67 
-29 12 8 
66 -107 -2 
-22 -1 -112 
-1 14 -33 
-175 -70 56 
16 100 -15 
-105 -66 37 
-1 42 30 
-46 -30 9 
164 -68 -4 
-15 2 -6 
-112 42 -12 
164 -6 41 
81 128 -29 
-18 -2 1 
-1 13 137 
-1 -177 -92 
4 -25 -13 
15 -124 89 
97 158 -25 
2 -70 -120 
-129 -40 -45 
8 -1 93 
-1 143 -38 
12 199 -2 
2 -162 12 
-138 -64 6 
-3 1 34 
18 61 10 
-169 -8 59 
-10 26 -35 
-1 3 5 
93 -137 28 
10 6 -26 
9 -89 13 
45 -11 33 
-2 71 111 
-12 -5 -134 
91 133 -3 
-2 98 -24 
-17 -1 20 
5 -94 7 
21 -2 3 
1 -121 2 
3 10 123 
3 -99 7 
-6 -2 -104 
-5 -3 -6 
-91 -18 -4 
-5 1 74 
2 -1 4 
-2 -1 -23 
-6 5 -26 
12 32 -188 
-2 16 -3 
-120 2 15 
-1 2 72 
17 13 -8 
-3 19 1 
17 13 70 
-187 6 34 
5 -1 -48 
49 -134 -3 
-20 10 5 
60 -79 36 
9 1 -69 
144 -2 -1 
-12 -10 105 
-37 -71 13 
12 -5 -6 
-4 67 -1 
-57 9 109 
16 2 17 
1 -171 -22 
-2 -65 5 
26 15 -187 
-82 -1 2 
26 -9 16 
-52 40 187 
10 -11 1 
-4 42 2 
88 52 1 
7 -9 47 
-16 29 -2 
-1 -8 2 
-13 14 -141 
-169 12 2 
4 5 68 
1 9 194 
1 -2 34 
41 -49 -97 
124 3 22 
3 -16 -6 
168 1 -29 
-63 -1 -15 
1 -83 7 
-36 -16 -1 
-3 -88 16 
1 11 4 
2 5 1 
-5 1 -6 
2 13 -38 
-3 -2 -34 
-20 1 -6 
19 -2 4 
-41 -2 4 
38 -17 -71 
-19 9 81 
-3 9 4 
-6 105 -5 
1 6 3 
-7 -14 -30 
122 12 -88 
104 -27 -49 
57 -121 -1 
-31 -141 2 
22 90 20 
-17 -48 9 
-78 -41 1 
121 -3 -1 
-24 1 -9 
-3 1 16 
-10 12 -1 
-8 35 -6 
-14 -10 -52 
-2 -64 -183 
24 -50 4 
-25 1 187 
15 -12 3 
-87 21 13 
-11 -187 -4 
1 2 126 
7 -68 1 
-28 1 -2 
9 -3 22 
26 -1 -27 
103 -1 135 
-1 15 6 
-67 8 -4 
16 -8 2 
-15 155 -4 
127 -89 -39 
-67 1 -132 
-6 -21 95 
102 130 -31 
-3 32 -34 
-22 -3 181 
-62 -14 2 
6 135 -3 
8 -33 -40 
-139 -3 -2 
2 21 -68 
-4 -141 -116 
-2 4 1 
-1 -8 3 
2 -22 33 
-68 -34 3 
1 8 74 
63 -12 -10 
128 5 -136 
2 -3 -1 
13 1 -2 
-13 -2 -190 
-7 -2 -1 
3 9 -12 
112 -2 9 
-2 -65 4 
-166 6 -12 
147 6 1 
1 -52 -137 
115 -4 -6 
78 2 -37 
101 1 -176 
-4 1 39 
-178 -3 -59 
-1 137 -25 
-90 5 -78 
2 -26 113 
-24 130 -1 
-172 -14 -38 
-1 -13 -2 
137 14 -8 
2 12 -5 
-30 32 -1 
39 -19 2 
-13 2 -1 
-32 -8 124 
-21 5 1 
-7 -45 3 
-4 -65 5 
-177 10 -1 
-2 -1 -3 
16 -3 13 
-5 -1 -2 
-2 5 6 
-16 -74 -7 
-25 -2 -165 
-10 -2 20 
1 -5 12 
-1 145 66 
2 4 -19 
-6 -74 -2 
-1 -6 121 
99 -14 97 
1 -169 -16 
-4 6 12 
-8 4 -28 
30 -79 -9 
-1 28 7 
23 -5 19 
3 8 -1 
-20 29 50 
1 -6 -176 
3 5 1 
-59 -7 -144 
-22 42 1 
-113 -1 -6 
-177 -43 30 
29 -5 14 
-2 7 48 
-10 6 51 
3 12 1 
-178 1 -2 
1 -171 146 
-10 62 1 
-13 -33 18 
1 -32 -13 
31 -1 10 
-188 1 18 
2 1 -55 
-27 6 8 
-192 1 13 
-1 18 153 
-2 -26 87 
6 -5 -2 
-60 -38 1 
-2 -8 -6 
-52 1 6 
15 -1 30 
-188 -9 8 
44 90 -136 
-2 -9 -18 
-1 139 147 
30 -12 -19 
2 11 -4 
19 -14 -12 
19 -1 10 
-25 95 -162 
-2 1 -103 
