-2 11 -3 
-51 -4 5 
-4 -34 -3 
23 -13 11 
-2 -14 10 
-2 3 10 
-24 59 5 
-190 -1 84 
1 10 2 
11 193 16 
-7 -5 135 
-2 1 142 
-62 36 1 
-27 13 -54 
-9 -46 1 
-14 -148 -83 
65 -54 3 
-8 -102 3 
-11 10 -72 
-156 2 99 
-61 5 -1 
-14 4 1 
-6 -43 -41 
-2 -65 -4 
108 -7 -124 
2 -1 -57 
-14 1 -137 
-18 69 1 
-1 2 23 
-44 -22 -1 
-1 -2 -3 
-21 -18 153 
3 1 81 
-4 34 138 
-1 2 -77 
72 109 -18 
1 54 82 
-59 3 -64 
1 5 -23 
147 8 -9 
-4 -30 -87 
-1 -13 27 
-12 42 -8 
17 -4 1 
-123 -87 11 
5 -7 -44 
-30 -28 -142 
-55 7 13 
12 -1 -4 
-9 -72 13 
1 -5 -163 
-1 -4 102 
-1 172 -99 
-13 -42 1 
2 24 -84 
-9 4 179 
-2 -52 6 
22 -2 -25 
1 9 -41 
4 -41 -48 
2 50 -40 
-33 -35 -2 
11 5 -45 
-33 -7 -1 
100 1 -165 
6 41 1 
2 11 -1 
-52 1 20 
9 4 2 
-2 4 7 
-115 5 158 
72 40 10 
-96 3 24 
1 -30 -2 
1 -114 -2 
-68 -32 53 
1 -2 -3 
-10 15 -8 
99 175 -12 
-26 -82 -1 
9 -4 1 
2 -116 67 
-55 -4 -40 
-1 53 23 
-1 13 2 
-57 -19 76 
2 -5 1 
-22 -19 2 
30 -87 -14 
-3 -1 -36 
7 -12 -22 
3 114 67 
-2 1 160 
67 162 -8 
5 -1 118 
-157 -4 -43 
-91 -1 -5 
-1 5 -19 
4 -28 99 
-86 -33 1 
-18 4 1 
-199 -1 24 
-3 -2 6 
6 29 -45 
-4 -79 -28 
-2 17 -132 
81 38 3 
153 -1 -25 
-7 26 -11 
-18 -3 120 
-3 -34 9 
-28 1 3 
9 -10 53 
-4 -7 -59 
-1 2 153 
77 8 22 
-1 -2 3 
1 -45 -9 
72 83 -1 
-47 -1 4 
-3 -2 50 
2 22 -3 
-25 -1 2 
-3 -2 -41 
3 1 2 
-1 45 -17 
6 -4 1 
1 -8 -2 
-2 3 4 
128 -4 -2 
-3 -138 -5 
-4 -9 40 
-1 11 188 
-3 30 22 
188 20 17 
-4 -2 -24 
1 -13 -22 
-10 -8 114 
-1 -142 77 
11 1 166 
-35 18 -1 
-1 -2 -82 
-35 -6 -9 
-68 -33 -2 
-1 -6 9 
1 2 -35 
-38 -5 -27 
-8 49 14 
45 10 13 
-103 -3 -189 
-9 -169 -13 
-16 -3 -32 
-188 2 -141 
-142 -4 112 
123 -43 1 
-2 -7 -125 
-1 -143 -14 
39 -2 3 
142 8 -16 
156 1 -19 
-2 27 74 
-38 -152 1 
-1 49 120 
121 -129 -1 
2 -3 13 
-2 1 -3 
-38 10 -18 
13 34 93 
-7 194 145 
-191 -5 -19 
-38 1 -64 
-51 11 78 
-2 77 -7 
-129 -2 94 
-1 5 -4 
6 -1 3 
-8 -4 -109 
-76 -1 -10 
-18 1 14 
4 48 -6 
15 1 110 
9 -22 2 
-85 1 25 
54 16 -3 
8 -3 41 
27 186 -29 
188 1 -22 
-8 -1 -6 
-41 -8 182 
-2 5 1 
-1 3 10 
-24 -130 -7 
1 -28 -2 
22 4 57 
24 -12 -115 
-1 -84 -120 
-126 2 27 
-2 21 3 
-6 13 -68 
-1 2 4 
3 25 156 
9 40 -27 
-5 12 -2 
1 -4 2 
-82 -14 8 
-3 1 2 
22 19 -67 
-5 -3 -19 
2 -31 3 
-5 -17 154 
-12 17 6 
-185 -22 -114 
7 1 2 
-134 -2 4 
150 -13 10 
-5 -3 187 
29 19 -12 
-2 -65 5 
-17 15 -46 
-27 6 176 
38 7 -8 
3 1 -11 
1 -36 33 
23 -27 83 
2 -22 -4 
10 -16 -163 
-5 75 128 
80 1 -2 
6 -50 87 
-24 -21 8 
1 135 -12 
-1 -40 14 
112 57 1 
5 -11 -7 
2 -28 -22 
-2 -41 -1 
160 4 2 
7 -199 -1 
83 119 1 
4 97 -16 
2 3 115 
13 1 172 
3 52 -1 
-40 2 -1 
-2 -8 -37 
-1 42 -126 
-120 -3 1 
-21 77 60 
80 -18 119 
163 -1 9 
2 -195 -63 
3 -97 77 
1 7 10 
1 30 -110 
-2 -4 -35 
20 29 -15 
182 -157 75 
-97 -171 6 
34 1 3 
-49 -2 1 
-4 -26 -13 
-1 -6 -2 
-1 -36 -139 
-3 -1 -17 
-175 -2 28 
-169 98 186 
-3 -84 -17 
-6 2 60 
-62 -44 -5 
-1 159 -70 
8 -1 -194 
-4 -1 3 
-2 28 -3 
1 -59 -18 
45 1 97 
1 144 6 
-6 -1 -15 
78 -108 105 
-173 1 24 
5 -1 -4 
35 1 -131 
-12 -8 -1 
25 1 11 
-40 -5 -1 
-197 62 8 
3 1 -127 
-36 3 -49 
-101 -42 2 
-2 15 3 
-5 134 112 
-7 20 5 
3 29 25 
-3 -1 -2 
18 -1 -4 
105 -113 -1 
28 -1 18 
1 -136 -126 
-19 6 -24 
-7 -40 -19 
4 149 25 
1 -16 11 
-17 30 -1 
1 -67 -34 
29 -115 -70 
-130 -1 48 
2 9 1 
169 -1 3 
-7 99 -1 
12 39 -18 
-105 2 1 
-38 1 -34 
7 -183 68 
28 -65 5 
-1 -3 86 
23 150 -21 
93 -46 79 
-26 4 166 
-15 -7 4 
66 -1 -2 
-3 -1 -46 
20 5 8 
11 -4 1 
-17 14 3 
1 23 -13 
-168 57 -62 
24 -2 -66 
77 -27 -11 
-2 -116 1 
1 -13 40 
20 -54 -33 
-38 -1 75 
-38 -31 26 
150 17 -49 
-67 24 -17 
1 75 3 
-5 -1 129 
-34 6 -26 
-3 -10 -2 
-19 90 13 
152 -1 105 
-12 -8 16 
84 2 -4 
-31 -11 3 
-2 -36 97 
2 81 80 
6 -116 -44 
41 -27 32 
-22 24 6 
78 -120 -30 
-45 23 1 
7 -2 -14 
64 -4 49 
-38 -2 10 
18 -1 -84 
4 -14 -134 
-6 1 -4 
16 1 77 
-6 2 20 
-176 108 -41 
-6 -71 89 
4 27 191 
-36 -4 3 
6 21 -27 
-1 -69 53 
-91 1 2 
-17 -81 -59 
-3 5 90 
13 39 -9 
1 -150 5 
109 -136 24 
-1 -3 117 
8 3 4 
-130 -138 10 
-19 4 90 
-2 3 17 
95 -23 66 
1 15 183 
-22 28 127 
72 -165 186 
-4 -45 -118 
-11 -47 110 
1 -5 -67 
-94 52 -5 
-1 -127 159 
-8 -39 2 
46 5 -1 
-3 1 184 
-1 127 -4 
2 -1 -6 
5 13 -62 
2 13 -3 
-2 9 -14 
16 4 1 
-5 -9 1 
-1 -27 -5 
-24 4 163 
8 5 -154 
10 -3 -33 
-14 25 -91 
-3 178 -17 
-27 2 -14 
9 -149 -6 
-5 -2 -3 
1 33 -164 
-8 1 -95 
-6 1 3 
171 1 30 
3 1 -6 
-7 -4 -9 
4 -2 -1 
2 113 122 
2 -8 3 
-103 -5 3 
13 3 1 
-84 -1 14 
-1 -41 -2 
-30 -13 63 
1 19 2 
-2 3 -155 
100 -1 -109 
-86 -95 -1 
-1 21 -2 
-3 101 -5 
14 -83 -4 
2 -1 8 
-42 4 -105 
-1 169 -66 
-1 -4 3 
6 -12 1 
49 -3 -88 
-5 43 1 
101 -1 62 
2 -1 57 
-4 8 19 
164 -1 90 
26 21 60 
-3 1 -56 
57 -1 -33 
6 1 2 
-19 -1 -68 
1 -139 -48 
8 -25 -2 
16 1 4 
-4 3 19 
-1 16 11 
-3 2 -163 
30 -1 -26 
5 -115 1 
-1 5 -16 
151 -11 127 
-49 -1 55 
5 -67 7 
-54 -4 149 
1 33 -40 
-1 5 -97 
-4 -197 -90 
-1 -14 -89 
-8 2 68 
116 39 -73 
-4 1 -36 
3 128 1 
7 12 16 
43 -180 23 
-52 -3 -11 
-58 -4 13 
143 136 5 
-120 -56 36 
9 15 2 
2 192 -18 
-13 1 8 
-3 -38 -113 
28 150 -156 
-2 -50 1 
-53 17 -81 
-2 121 139 
1 -158 7 
3 -1 153 
-13 5 1 
-39 17 1 
-3 7 4 
-28 2 50 
183 -93 1 
-28 3 -6 
-1 -69 48 
72 179 23 
9 -30 106 
55 -19 27 
-7 96 -1 
-136 3 -32 
-3 33 -42 
50 35 -19 
-1 96 85 
1 29 -163 
-65 153 -1 
-16 1 -53 
-101 -7 5 
-6 1 27 
-16 1 -5 
-4 26 -1 
-1 72 -3 
-12 8 -76 
1 -11 -105 
5 -28 -93 
-35 4 -5 
1 28 27 
-47 -6 22 
-102 -153 7 
-1 -2 -24 
173 -109 -1 
-42 -4 1 
-7 150 -5 
4 -74 154 
-21 -36 -6 
-1 39 -10 
35 4 11 
28 -17 -1 
-44 -47 -25 
2 78 1 
-5 -1 -8 
-118 9 -85 
-10 -14 25 
1 -24 -56 
1 -17 -10 
-4 -3 -2 
-5 97 -71 
-87 -157 6 
2 4 20 
35 -16 -152 
-43 33 5 
18 -2 -31 
3 -127 -60 
-6 -11 4 
-3 2 1 
84 -1 60 
-17 1 5 
1 -18 99 
-1 22 -125 
7 -3 2 
139 5 -13 
-1 -166 15 
-2 -121 34 
9 -44 2 
-18 2 1 
5 -1 15 
4 -156 115 
-46 133 1 
-54 2 -1 
-125 65 -17 
10 -29 -69 
63 15 147 
-1 -12 -45 
-131 16 125 
7 2 -113 
3 50 -6 
-13 -140 -2 
1 3 -18 
-8 19 1 
-1 -48 154 
-33 164 4 
-36 2 -9 
92 2 67 
-14 12 6 
22 -27 -2 
45 37 3 
7 118 -1 
7 -3 5 
2 -4 -34 
10 -2 6 
176 -1 -4 
-61 184 -8 
1 8 -67 
-146 -38 -3 
-2 -138 120 
-2 -7 6 
-1 6 2 
6 -8 150 
-4 -5 8 
1 -104 -2 
-1 9 3 
25 4 3 
2 10 -22 
15 36 -1 
12 -129 -1 
26 1 7 
-20 -17 -13 
-65 94 -7 
-6 -34 49 
-180 1 4 
-87 19 -26 
40 -23 1 
-4 1 12 
-4 101 -8 
-20 4 -1 
-56 1 -77 
-13 1 -23 
190 3 -192 
6 59 4 
18 -30 -2 
-13 107 -18 
-22 -1 -148 
25 -138 2 
-41 -1 -8 
3 86 -73 
-23 32 -53 
-26 142 -1 
1 -6 -7 
-2 110 24 
191 -65 40 
-20 15 -9 
1 -14 3 
5 -4 -8 
27 8 -2 
-13 -2 15 
-58 54 -16 
1 -116 2 
2 4 -148 
-12 -27 1 
39 16 -1 
-3 -15 -79 
2 -23 -4 
97 -157 119 
9 -61 -1 
97 -2 -41 
68 17 -61 
65 -68 4 
-154 161 -66 
-2 1 -13 
-1 39 9 
-91 -1 -22 
-1 106 -134 
1 -18 67 
-62 5 -7 
-3 -132 72 
173 -19 -178 
89 -31 1 
-129 -15 -11 
17 18 -2 
1 -78 63 
-70 6 12 
33 -5 -96 
-8 61 -1 
-25 -82 -1 
22 11 1 
-4 -1 -62 
15 -2 -56 
-8 25 -4 
6 -2 -65 
44 2 -5 
25 21 -11 
1 -47 -9 
-1 -2 -79 
-4 8 45 
-3 -5 -4 
-29 12 1 
-25 -68 -1 
1 7 2 
-1 10 190 
-37 -52 -1 
-129 6 14 
8 -56 1 
-2 -15 3 
181 3 26 
170 1 7 
6 -129 57 
-147 198 -86 
18 -182 -16 
-1 -18 -174 
3 177 -32 
-6 -142 22 
17 98 34 
91 9 2 
24 13 -25 
1 -97 3 
-2 72 3 
-1 -53 -19 
4 3 -66 
141 -155 -3 
1 5 4 
-18 2 -8 
1 -2 -4 
2 23 38 
9 -1 30 
-96 42 1 
-129 -11 93 
-166 -5 -20 
2 -120 -9 
-52 3 -16 
-131 18 -14 
-8 -7 184 
-1 -49 -2 
5 30 1 
22 12 -1 
4 -2 35 
3 -177 -4 
2 4 69 
-95 -102 97 
2 35 -1 
-2 -11 48 
-3 -10 2 
-3 7 -1 
-67 -2 -3 
-57 -2 -1 
1 -13 3 
10 -190 -40 
-124 -56 -1 
12 3 -31 
15 104 -6 
24 2 8 
-20 2 161 
2 -179 -1 
13 1 2 
-97 -8 25 
4 -1 -62 
19 -56 -2 
-21 -44 -9 
4 -19 -127 
35 125 14 
-30 1 19 
-12 4 169 
170 83 11 
-58 92 -1 
-4 31 -2 
6 -3 10 
6 132 -61 
65 -105 -19 
-24 -10 -15 
-2 -12 -24 
32 -81 -122 
1 99 5 
1 10 11 
1 3 2 
45 1 -77 
-93 186 -33 
-5 -1 3 
61 59 29 
1 -119 -9 
-177 -1 -120 
-4 1 117 
3 -14 34 
-6 -1 12 
4 46 1 
-1 2 -32 
-7 1 -145 
-1 31 5 
-2 13 4 
12 -3 1 
-1 38 -9 
-101 -2 -5 
2 -98 -42 
-25 44 -58 
8 2 95 
1 5 -2 
111 -9 90 
-129 -1 -7 
54 5 -40 
-12 2 -7 
27 22 -1 
17 -23 1 
-1 -7 -9 
191 -48 8 
-2 29 5 
1 4 -6 
53 2 1 
19 10 -47 
-10 194 11 
-1 -14 -3 
57 189 -98 
-1 26 -2 
6 106 -2 
1 -11 123 
-5 77 10 
-9 41 -5 
48 80 -144 
-1 -3 2 
-4 2 46 
6 -10 -1 
40 5 -174 
-3 23 -12 
22 -59 -62 
-3 -1 81 
-4 71 1 
2 -6 171 
-29 -16 -83 
14 1 31 
-6 15 98 
1 -18 -4 
1 -8 -5 
15 -1 -5 
199 1 12 
-31 128 -59 
-187 -43 -9 
-76 9 58 
-7 17 -1 
-18 3 -1 
-3 82 2 
22 67 6 
-3 -7 91 
36 -23 1 
-1 -44 5 
43 146 -1 
1 -7 16 
10 -6 -29 
-9 17 -20 
1 17 -43 
-65 -5 -1 
81 47 -3 
5 19 -34 
-95 -4 69 
33 -3 -28 
180 43 59 
131 -69 37 
-86 2 67 
-4 42 -14 
-3 -21 1 
-1 75 3 
34 -5 -61 
-41 -165 7 
-5 142 44 
-145 -135 -26 
-11 19 32 
16 9 -6 
82 6 -33 
102 -1 -12 
-144 52 68 
1 90 -16 
3 -1 -125 
168 -50 62 
-7 -15 14 
5 -11 1 
8 -49 100 
-8 -20 -3 
-62 16 -19 
-79 139 1 
-85 1 5 
-16 86 -57 
-60 -1 7 
1 14 -46 
2 13 24 
-1 115 2 
43 -88 14 
-17 -25 2 
-3 2 35 
4 1 -24 
114 51 -12 
-52 5 -4 
10 -1 -2 
24 127 1 
-9 -13 138 
50 -127 -1 
3 8 -79 
1 3 157 
-6 -23 -159 
-2 39 -1 
6 -133 -9 
