100 -1 19 
-15 63 49 
-7 -24 -48 
27 17 -19 
-4 -7 -64 
64 90 -44 
-52 11 22 
-8 -95 37 
-75 -97 7 
-49 -24 65 
24 18 40 
86 81 -3 
-36 72 62 
63 -41 11 
-74 -63 77 
96 -45 9 
54 -87 -42 
-47 2 -8 
33 -13 31 
31 23 72 
72 -10 -58 
5 -54 33 
58 -22 -66 
5 -46 -92 
-89 -26 58 
-54 50 -11 
-20 -24 51 
-5 -11 15 
32 -6 72 
38 -72 31 
61 -44 -74 
31 -78 93 
45 -98 -12 
23 54 37 
9 91 -18 
-2 -24 79 
-3 -1 25 
93 -97 71 
27 8 -33 
18 -63 -10 
-52 6 -71 
-48 58 5 
2 41 30 
18 -79 -19 
57 -14 -6 
-30 31 -87 
42 28 -87 
19 -73 95 
-53 15 57 
-16 -60 25 
56 -40 91 
-48 -90 -65 
46 -41 -81 
24 -95 1 
-17 59 -67 
72 -3 -66 
-36 49 58 
30 -3 -89 
-1 -63 31 
1 64 53 
47 21 50 
78 6 47 
13 -64 -23 
-2 -42 -60 
-33 20 15 
-98 -21 -56 
11 -90 -18 
18 -89 2 
8 77 -12 
64 37 56 
-42 -43 -55 
85 65 15 
95 59 8 
69 -57 -67 
-16 29 17 
65 62 99 
-34 -83 -1 
74 -26 -21 
-64 77 -57 
31 -59 -34 
74 -90 38 
69 -25 16 
-53 -2 70 
48 -41 2 
-23 16 18 
66 -44 39 
-72 -16 46 
-36 60 100 
83 -46 -50 
71 -3 -10 
-99 -97 89 
94 -46 -6 
49 75 -32 
3 -93 -26 
-100 75 -69 
-62 -11 56 
-72 90 -53 
-88 -91 -6 
-99 72 -98 
15 -66 -99 
-5 -53 2 
-14 -88 12 
43 7 -35 
1 8 95 
61 26 100 
-19 11 47 
82 38 -95 
-88 -66 -87 
-88 -11 -28 
-24 -88 26 
10 -19 12 
57 -95 -15 
-13 -53 -35 
54 100 40 
-16 -40 -27 
-93 53 91 
-98 74 -3 
-13 37 -80 
18 60 73 
40 64 -73 
-27 -73 100 
86 -27 66 
-74 -35 47 
-91 79 44 
52 61 79 
-45 -54 -41 
1 -72 -58 
23 -78 -30 
38 -33 -17 
58 -43 98 
-19 56 -68 
-17 -23 -33 
15 64 66 
70 4 73 
-25 6 32 
-67 -5 98 
-25 -31 -38 
36 -38 40 
87 72 -26 
-5 82 -58 
-29 -82 -42 
40 -10 -69 
-40 -70 13 
14 24 9 
-57 3 40 
-19 -47 3 
-20 7 26 
-46 57 8 
-56 99 98 
23 1 31 
-69 -22 2 
29 -35 -17 
99 -37 93 
34 -51 -50 
-33 -14 57 
-3 -5 -48 
-93 83 63 
94 7 -83 
82 -58 6 
-39 84 -43 
-96 50 84 
40 41 95 
82 89 20 
-39 -1 -6 
37 5 -46 
42 -36 86 
88 25 52 
38 13 74 
55 30 -22 
-1 38 30 
15 20 40 
67 -72 -66 
-98 -48 -84 
-7 -44 -28 
28 5 -79 
-61 11 14 
-18 66 25 
-91 36 -7 
-43 57 34 
1 12 77 
41 77 1 
-73 -29 -52 
59 -34 -61 
51 47 -75 
-81 83 64 
85 -59 -5 
-99 57 -12 
42 -29 -13 
83 -44 92 
49 -42 61 
-57 -68 25 
-8 -54 24 
44 4 -95 
-48 -32 -60 
29 -74 -48 
83 -4 -61 
-60 -88 19 
33 56 32 
63 33 1 
48 -32 11 
-61 68 -18 
-7 -30 -1 
90 97 51 
53 21 -98 
-5 -40 67 
-36 -25 -37 
-89 46 34 
27 64 -100 
3 -71 30 
-24 66 35 
-86 18 -53 
-76 86 -69 
-24 67 51 
-81 -77 15 
9 -73 27 
94 5 38 
-86 22 28 
25 -82 100 
64 -1 -11 
29 -49 -21 
4 41 58 
-47 -37 -24 
-72 63 97 
-51 -3 -29 
-30 10 59 
66 -21 -74 
-58 -41 38 
-43 96 -82 
57 67 89 
-62 21 -4 
-28 -6 74 
-93 94 -22 
32 -20 -96 
86 -57 -70 
95 37 47 
55 4 -77 
-80 -28 10 
56 -18 55 
-42 79 -50 
16 -59 -44 
-82 67 21 
-35 58 -15 
69 -10 -42 
49 61 1 
87 27 -19 
39 -55 91 
-16 62 26 
9 -82 80 
-17 73 -69 
-92 -20 97 
46 -69 22 
-5 -84 78 
4 10 -97 
-26 43 60 
93 -54 -50 
19 -57 27 
-61 -73 -2 
40 10 66 
-8 52 -53 
62 81 48 
72 -63 43 
60 4 -59 
37 82 -12 
41 -29 70 
4 86 -84 
-100 -57 -47 
-64 44 13 
78 -83 -67 
-65 80 87 
92 -16 12 
-9 -32 -95 
-15 20 26 
-45 -23 98 
-86 -22 -81 
35 31 -46 
-78 -5 98 
-71 20 58 
-16 15 14 
22 60 -80 
-74 -85 38 
-8 -20 1 
-45 -1 33 
71 -24 1 
-6 11 -67 
-59 65 4 
-27 29 -52 
-94 19 5 
61 59 36 
74 46 -90 
53 34 95 
37 -80 -31 
66 -37 -50 
-83 -6 -30 
-76 5 32 
-35 85 -65 
-5 -32 62 
-49 2 -34 
18 82 93 
38 -89 71 
-58 3 2 
87 -37 77 
-77 41 -65 
95 87 32 
-11 -97 1 
-49 78 -75 
57 68 98 
2 92 -67 
-6 -46 74 
-1 -22 74 
30 -45 -90 
-13 -55 -53 
29 -100 -48 
7 24 -57 
88 94 -8 
92 -74 -59 
-90 -4 -11 
-89 -93 -31 
96 -93 -4 
-95 -15 -46 
93 73 -78 
52 -13 -10 
53 56 50 
-13 -1 6 
-23 45 -1 
44 -26 59 
85 -76 -21 
24 13 -78 
-84 59 16 
23 97 39 
-35 -45 -69 
-23 -61 55 
54 -14 11 
85 93 46 
91 -4 -5 
78 -93 -20 
46 83 92 
4 -62 -88 
29 7 -87 
-79 -78 37 
15 -51 -27 
63 -59 41 
-11 -97 16 
-81 13 24 
1 70 85 
87 66 -17 
59 82 22 
94 71 81 
-95 -3 58 
-21 -56 -1 
-32 -50 -6 
40 19 -74 
59 -56 -73 
6 -47 7 
-64 -52 88 
-96 12 -71 
-95 -37 15 
71 83 36 
6 62 -69 
-97 -33 -26 
60 -15 83 
-27 -86 -61 
-87 -63 98 
21 100 -5 
84 -25 28 
82 55 28 
-17 -81 -59 
-32 58 -94 
-54 94 1 
-55 59 -8 
23 -34 -38 
-40 -59 -4 
77 -94 89 
-66 -75 58 
-24 -51 81 
-95 25 33 
70 -34 4 
-84 -1 -21 
-94 -99 -48 
43 3 69 
75 50 47 
-17 26 32 
20 -2 44 
34 71 14 
-56 -78 21 
49 -56 100 
52 -84 -28 
-78 -3 47 
-56 -45 25 
8 -16 43 
-16 -86 53 
8 -83 53 
37 -98 85 
-12 -83 -90 
35 -68 61 
-97 51 52 
72 -3 82 
49 6 -37 
-68 -1 -69 
-61 -29 13 
-52 86 2 
-89 -31 19 
-52 -24 -83 
15 21 33 
-54 -20 -57 
25 -69 59 
-62 -9 -58 
1 -89 -50 
-20 61 21 
-36 -91 -67 
74 -52 -7 
-58 -39 -93 
-3 8 16 
-1 -49 81 
-74 -60 -34 
-98 89 77 
37 66 16 
-34 1 -73 
-83 -41 -32 
42 -17 -60 
-48 3 12 
14 -26 -98 
-41 -23 -39 
-83 -72 -38 
-49 -12 -90 
86 -90 -21 
67 13 1 
-27 -79 100 
