79 81 4 
79 4 -80 
-9 100 22 
-43 23 -8 
86 -22 -51 
48 -80 -9 
30 49 -55 
28 74 -30 
-29 -40 80 
-24 38 62 
-76 60 4 
6 13 45 
75 60 -30 
-94 71 32 
-32 -58 41 
-47 42 1 
-91 -19 -26 
40 42 8 
-28 36 63 
32 -55 37 
-57 9 25 
-16 -91 1 
-42 14 68 
68 58 -70 
-59 -97 -91 
65 -18 10 
-65 -45 78 
49 54 -1 
-72 2 79 
-56 70 -50 
-74 -65 17 
-84 55 -2 
78 -32 43 
47 -40 48 
-13 -11 92 
100 -30 88 
-77 -58 6 
82 15 -97 
6 -39 -96 
25 22 97 
-89 -32 -44 
-95 1 13 
-47 -9 21 
-45 -11 -58 
-74 94 -55 
75 -72 -1 
-58 -49 -67 
37 -76 32 
59 78 86 
-20 -66 12 
-55 37 -85 
-70 33 48 
-74 -28 37 
-52 -45 97 
-15 -11 2 
24 14 -40 
22 -60 78 
5 -24 -38 
-18 37 -66 
-61 4 37 
34 56 -73 
-18 16 -86 
22 92 88 
-19 -75 2 
-28 98 -2 
-17 -65 -57 
23 51 -94 
-86 9 63 
84 -52 71 
-58 83 21 
10 -28 -5 
-100 -68 66 
5 -92 -90 
75 71 -23 
20 31 19 
-13 -78 -48 
-73 -10 -79 
61 39 -22 
62 6 60 
72 96 24 
-49 -51 -19 
1 -75 -12 
47 48 1 
-93 62 44 
77 -27 73 
-44 -9 -4 
17 -8 -60 
-22 65 1 
-62 -14 -64 
3 28 54 
-2 -78 85 
-72 59 97 
-4 93 48 
21 -12 -67 
74 40 23 
33 99 47 
2 -99 5 
-74 -92 -22 
-63 -65 -56 
-18 89 78 
84 -62 -60 
40 58 30 
-1 37 71 
-86 -99 15 
38 -42 -67 
69 -42 24 
-78 5 51 
-14 -96 26 
32 89 87 
-40 -36 78 
27 6 -87 
44 6 -30 
-23 73 4 
27 -41 -22 
-81 -18 84 
9 52 94 
-29 72 91 
23 -25 11 
32 43 6 
87 -47 86 
-6 -57 81 
-48 95 -2 
2 -42 97 
-19 -53 10 
21 17 32 
-89 67 16 
-64 -21 46 
30 -47 -21 
38 87 -1 
78 69 91 
11 -13 70 
-40 88 -46 
-62 69 -5 
46 -56 -20 
-1 -8 6 
-87 -5 -42 
-15 82 51 
55 -93 -8 
-55 -66 69 
-33 -84 -65 
6 29 44 
-53 -9 -26 
2 -38 48 
71 -90 22 
-16 29 33 
-57 -82 -41 
-57 -43 -14 
27 -8 3 
-40 73 -41 
54 66 11 
49 -41 -50 
-73 -55 96 
-91 -80 -71 
-73 100 -29 
85 -92 -2 
33 23 93 
-28 2 -1 
72 -47 -91 
11 -43 90 
-32 2 43 
15 -51 28 
-17 -1 13 
56 20 -74 
95 -12 74 
-97 8 16 
96 45 29 
-100 -4 -45 
-26 -97 -36 
-87 12 34 
-10 20 -51 
51 33 -95 
-58 61 18 
6 -20 3 
98 -85 -12 
-88 -57 43 
23 -47 -6 
21 -62 65 
-3 -18 30 
49 83 -95 
35 -31 23 
-43 -72 -92 
-59 -73 52 
-96 -71 -77 
63 38 99 
-55 -66 -24 
-18 -12 46 
14 72 -3 
-36 64 66 
31 43 -10 
-23 -66 2 
48 -26 71 
-73 -2 91 
1 64 28 
-16 -75 -44 
100 -56 -20 
47 -84 39 
97 40 70 
-74 -29 66 
59 -26 -90 
61 52 84 
-99 -37 8 
39 -50 -2 
-96 -42 88 
-14 23 33 
-24 83 -43 
-69 39 -49 
97 71 -74 
22 90 52 
71 -65 12 
1 18 71 
32 -83 -74 
24 -25 -58 
-33 -93 -77 
24 -38 -25 
-59 33 40 
-88 46 55 
-15 78 28 
43 9 11 
32 95 -2 
-20 -8 -35 
78 -62 -94 
23 63 -20 
88 61 65 
-80 73 53 
-35 26 -62 
-89 35 -30 
-39 2 5 
67 59 -94 
-26 73 27 
-88 77 14 
-92 -27 3 
79 40 -21 
92 91 4 
35 -4 -19 
66 -96 9 
52 -27 92 
81 -6 65 
56 53 -86 
100 -46 -30 
18 -11 17 
-48 53 -35 
-41 24 87 
89 -26 -88 
42 21 -28 
-62 -39 77 
-48 -13 -66 
79 40 80 
97 -48 -71 
-3 -99 -78 
-6 -83 85 
43 77 60 
-43 -85 92 
-99 -52 -90 
-97 -9 94 
-7 38 83 
67 54 5 
53 24 19 
57 -53 50 
-30 61 6 
-77 33 57 
22 63 32 
-55 -100 4 
3 -84 -67 
-70 9 -75 
-42 -62 97 
-3 -27 -49 
-1 75 -57 
-22 -53 9 
-18 22 -21 
31 -37 -17 
-19 -23 93 
-100 79 33 
-64 -42 66 
87 -25 -44 
-60 64 27 
-77 35 61 
-23 58 -4 
-89 66 -52 
99 69 -94 
24 85 53 
-28 -68 -26 
28 90 -70 
-7 -100 70 
-46 40 -92 
-66 30 -46 
37 96 -34 
-10 -14 -29 
-96 88 -94 
1 51 -73 
-56 -23 51 
12 38 25 
-50 70 56 
82 97 32 
-41 -90 78 
-11 -90 -78 
-96 -8 -23 
98 47 3 
-53 63 40 
-64 -71 -95 
-41 28 -22 
30 40 -10 
97 4 76 
23 62 -21 
26 79 32 
43 35 29 
100 59 79 
-46 17 71 
-89 11 28 
-28 -5 -89 
99 -91 -24 
19 12 -5 
-84 26 -17 
-96 72 -60 
26 82 -31 
38 -85 72 
29 -8 -96 
28 -47 -17 
43 56 73 
-95 -39 -75 
-14 15 -82 
-53 73 -8 
-87 -31 -43 
57 -61 40 
-25 53 18 
98 -50 -97 
88 20 -80 
-72 17 -81 
-78 -31 14 
25 46 -60 
-13 2 -30 
27 -14 -43 
21 -83 25 
48 3 -75 
9 90 28 
-15 41 -93 
64 21 -30 
-18 5 39 
88 19 11 
86 70 42 
23 77 -99 
2 36 -81 
76 -41 -87 
47 68 73 
-3 55 -24 
-94 -88 -47 
4 -33 36 
96 33 60 
6 93 1 
-84 -53 29 
-97 42 -89 
8 59 -96 
-100 29 -68 
-5 32 12 
-68 63 -19 
8 55 69 
-64 28 90 
13 6 36 
100 -75 -58 
26 21 -58 
-93 19 -82 
-15 84 24 
36 14 -58 
45 -71 -42 
-71 -9 7 
-18 23 56 
-12 2 -56 
68 80 -44 
-71 -2 97 
-1 -8 78 
-35 30 -96 
83 72 -10 
98 -52 -58 
83 52 -72 
100 -99 -48 
-85 -67 13 
-29 -95 -62 
-31 13 36 
77 -3 -96 
-93 -87 -16 
70 76 -27 
-4 -34 31 
94 -95 -36 
-62 -32 -13 
-16 41 11 
-28 -3 -55 
72 53 -73 
-18 -44 -83 
14 -6 -56 
-23 72 -6 
-14 73 65 
-27 14 13 
7 62 31 
99 -26 -15 
18 24 -5 
-28 73 -7 
72 -57 -15 
-21 -62 -35 
59 96 16 
26 100 21 
-16 -72 -29 
-62 74 10 
19 56 -40 
16 -14 60 
-23 -34 -30 
77 19 16 
1 63 16 
46 -38 -62 
-75 -20 65 
82 -74 10 
45 11 -40 
-58 95 -40 
39 -3 -42 
-83 -43 -59 
-49 72 -45 
4 90 37 
23 -75 14 
-32 -17 -23 
37 73 81 
38 -71 12 
-92 22 -43 
-58 24 37 
-27 -56 -80 
84 -79 -2 
46 -78 -74 
96 -8 7 
38 78 74 
-69 7 62 
