-64 20 -35 
75 -73 -36 
88 -8 -76 
-44 43 -58 
-27 -85 68 
5 -42 -92 
-69 -5 -95 
44 89 -94 
-13 64 9 
-32 -74 61 
-58 -71 -39 
-23 57 7 
67 29 35 
-77 27 86 
-92 90 42 
-38 37 36 
39 -8 62 
6 -11 40 
21 -16 -47 
32 -43 -5 
-60 41 -71 
63 -2 -76 
-79 -97 -90 
39 -13 -6 
11 -97 -48 
-26 -46 23 
-21 -20 64 
68 -18 -91 
-62 -72 49 
69 -82 61 
-55 -13 19 
-10 37 -90 
-76 24 88 
92 -3 -31 
69 -71 22 
-19 -38 -83 
-68 -67 66 
69 -5 13 
31 30 -80 
41 -62 31 
27 -4 98 
-77 53 89 
-15 -63 25 
15 25 -91 
-72 -9 -25 
52 -48 -89 
77 -27 21 
-31 87 -81 
-37 86 -2 
-75 -46 82 
8 44 -95 
24 14 -28 
-29 -55 8 
-14 47 2 
-27 87 -63 
53 63 99 
85 -21 -77 
-38 2 -92 
18 -74 45 
-39 58 55 
97 -58 -36 
88 85 17 
5 53 -41 
58 -80 99 
56 57 -87 
95 22 -74 
25 58 -42 
-54 -62 23 
-22 6 21 
52 -60 -9 
7 -13 23 
-42 9 37 
5 -82 -86 
-12 -40 -51 
-5 60 -40 
35 -11 -27 
78 68 37 
43 -33 6 
89 -87 -37 
-55 41 58 
84 -20 55 
25 65 51 
-64 -67 -89 
57 39 14 
9 18 24 
12 22 50 
-61 87 -8 
7 -58 71 
-53 59 -15 
42 -81 13 
3 41 79 
-18 3 -40 
21 32 -95 
19 -34 -66 
30 -56 58 
-22 95 -79 
-55 33 57 
33 -40 60 
-3 -67 -4 
91 -10 2 
-4 -89 -37 
26 -62 -1 
-80 48 23 
15 27 10 
-2 -48 -36 
9 75 -94 
80 -15 62 
59 -5 -3 
70 74 -53 
-100 -20 2 
95 -19 -13 
-1 -87 11 
-31 93 -41 
11 -63 -68 
-19 31 83 
-30 -21 -64 
-14 -66 51 
24 -77 -1 
74 3 78 
-23 46 24 
-16 3 86 
54 45 14 
25 96 -8 
16 -87 53 
92 -16 -88 
9 73 21 
20 33 -71 
73 93 38 
-15 -57 -92 
-99 63 -50 
42 -25 -59 
-1 9 -84 
46 -56 -49 
-33 -40 -30 
-6 -86 -50 
8 -62 15 
-25 29 -78 
6 -37 -4 
6 -36 -8 
-27 6 56 
-80 44 -18 
-85 -62 37 
77 -81 -18 
28 -25 -33 
-2 -79 -63 
85 25 -80 
-93 30 -54 
9 60 -58 
-1 83 -20 
69 -26 -23 
81 14 -7 
-65 -94 -47 
-40 -11 -64 
-42 30 -4 
70 -21 5 
-50 -15 -91 
65 -69 -45 
67 84 19 
36 -6 84 
16 58 -75 
28 29 -59 
-64 -100 52 
87 31 -11 
-9 28 67 
45 -43 -55 
48 36 35 
-83 -75 40 
-3 64 -92 
17 -68 -73 
92 57 82 
-85 -44 26 
40 -93 87 
-5 61 50 
4 37 40 
54 -69 -34 
69 71 80 
-36 52 64 
21 70 91 
15 31 68 
-96 17 -29 
-55 -28 29 
42 -23 13 
-53 -42 -27 
88 73 -55 
80 -60 -40 
-37 -78 -74 
-13 -47 74 
-83 -10 -87 
37 80 -73 
-9 -36 -97 
63 88 -81 
-61 -6 -32 
33 -40 27 
29 61 -82 
49 -90 -71 
-3 -95 88 
-17 83 -56 
-48 79 10 
9 50 15 
-15 71 30 
-93 86 6 
58 18 81 
-43 98 10 
-80 -67 -23 
62 99 -54 
83 -9 38 
37 -43 100 
-55 59 58 
14 9 -65 
-71 -45 84 
-80 -92 -84 
56 78 85 
67 38 -52 
-55 -40 30 
7 -68 53 
-35 -11 -100 
87 -64 9 
-44 -25 7 
53 21 25 
-28 6 8 
56 -65 40 
32 94 -66 
84 31 -52 
-66 -10 1 
-78 77 2 
-27 -67 24 
82 -1 75 
-19 -74 5 
56 15 -97 
-97 33 77 
-40 14 54 
-84 -96 82 
-61 92 84 
-29 -95 23 
21 -79 68 
-78 18 12 
-94 -77 49 
80 -45 -76 
19 -32 82 
91 -86 8 
16 -38 19 
-21 -54 -29 
-72 28 -95 
-28 -91 -86 
46 5 -20 
-10 -77 -5 
-42 40 20 
-32 47 4 
12 -30 22 
24 -57 -36 
-12 -52 7 
44 37 -94 
-48 67 45 
90 -36 -41 
93 -30 84 
64 -94 -27 
18 1 -50 
-30 -42 86 
-86 66 29 
-6 60 13 
74 -22 62 
37 52 -89 
5 60 1 
37 66 47 
73 57 -72 
-60 33 -71 
97 -98 -19 
41 -88 -68 
66 44 -81 
-82 -81 10 
-83 38 -60 
-95 -7 -38 
-57 -68 -81 
11 -38 6 
13 85 -19 
-50 12 -58 
-34 49 92 
-60 80 -38 
-11 68 -19 
83 -47 -28 
2 39 -76 
27 -3 -10 
91 54 9 
80 72 -66 
-31 -88 -30 
-43 -44 18 
-33 86 -21 
53 -58 -39 
66 -56 55 
-69 6 -78 
67 -36 48 
-86 53 81 
-54 65 39 
79 -4 64 
79 9 18 
-54 -26 -2 
-19 87 29 
-5 60 -78 
-70 4 87 
-13 -59 28 
61 -75 -52 
94 -87 40 
-8 -16 -26 
-21 -53 81 
-7 81 -91 
-39 22 -19 
-76 43 -61 
-82 -18 -31 
-33 -99 39 
-89 -33 24 
-24 29 59 
89 79 -11 
-86 -54 -44 
-53 32 75 
20 -96 -82 
60 6 22 
84 -15 -41 
97 38 -93 
98 -36 -51 
44 -15 -61 
61 78 25 
13 -53 10 
-38 13 -4 
87 -70 19 
-88 68 -83 
-22 82 -91 
-81 -79 -6 
55 34 -35 
11 -52 45 
-68 -50 -37 
62 4 -52 
-28 -87 66 
-20 69 -91 
66 -9 -49 
86 19 -68 
4 -11 61 
47 35 60 
-68 -22 43 
-28 -12 -29 
-84 -99 8 
-21 42 -17 
34 -53 80 
29 17 -14 
-72 24 11 
90 71 -92 
-84 -37 -10 
34 53 -16 
43 12 -50 
-37 73 15 
16 -82 35 
56 -3 96 
-80 -4 44 
-88 -67 13 
19 -86 69 
43 9 26 
-7 -71 15 
14 -5 -57 
64 -57 1 
23 76 49 
70 57 15 
-13 28 -43 
-62 -5 -25 
62 73 -31 
13 -57 26 
87 10 67 
-34 -11 31 
73 7 -10 
24 -72 18 
-62 -73 -46 
90 -22 -10 
-3 45 89 
39 -95 -6 
75 -10 -50 
11 -48 22 
-93 -79 75 
-62 58 -12 
-29 -60 2 
-46 -2 1 
40 28 -19 
-47 59 4 
95 -8 42 
-31 79 -60 
3 -17 90 
-52 70 -31 
-36 -28 11 
-67 6 41 
48 -39 -58 
-38 42 -68 
20 -36 51 
30 24 -7 
-90 -22 -94 
8 32 -65 
23 42 -40 
-68 2 -40 
-37 19 36 
73 6 74 
-45 60 76 
-54 -79 81 
75 -98 2 
47 -1 33 
4 -10 -34 
2 -5 -10 
-66 -52 -67 
-85 -5 39 
93 -62 56 
32 40 -69 
71 26 -17 
28 -89 -46 
24 -39 93 
-37 -66 67 
46 11 34 
-13 4 -97 
-86 2 88 
30 -38 -89 
-68 38 -7 
-3 42 2 
35 50 -19 
-29 -48 -45 
-80 24 29 
-24 -55 8 
65 -85 -8 
-83 -15 -48 
31 -37 44 
-40 1 80 
-76 84 4 
-33 -22 -34 
31 91 9 
