92 -86 12 
56 60 45 
-84 -63 -93 
56 77 -35 
66 10 -90 
-7 -29 -53 
-19 -84 73 
-64 -41 -28 
14 -40 17 
-68 8 70 
-19 86 14 
-66 -40 62 
-65 29 97 
-64 -25 -33 
22 -28 -99 
-72 -91 -71 
58 73 49 
-96 27 49 
68 31 27 
-43 -49 67 
4 -80 13 
17 -26 87 
-23 -86 54 
61 63 -90 
6 -39 98 
53 -5 -96 
-13 26 -72 
-10 17 -41 
17 37 69 
35 46 81 
39 1 -100 
-7 54 19 
55 40 57 
62 -19 -43 
-17 89 73 
-54 -83 -91 
-61 -57 -19 
-7 -86 -75 
23 -58 -12 
3 -89 -70 
-1 -33 -19 
25 -33 -98 
39 -38 36 
16 30 -23 
-32 -50 4 
55 -45 -78 
23 59 -17 
25 43 24 
35 -31 5 
78 8 9 
41 49 53 
40 18 98 
-8 -61 -35 
19 18 -47 
42 -7 27 
-2 -7 13 
97 -40 -51 
9 -38 -52 
34 84 66 
21 -9 -100 
-66 70 15 
-45 -80 -5 
-15 56 -40 
-9 97 33 
-17 75 -33 
-18 98 10 
-96 82 -40 
-80 -32 -1 
-97 96 -34 
-81 -42 100 
91 58 -96 
70 -29 -67 
-100 -94 -81 
-21 -36 -14 
26 90 13 
58 -24 -99 
19 -44 -87 
26 -75 60 
-58 46 -57 
44 -47 63 
-27 13 97 
83 -68 -51 
-15 -43 13 
-35 51 87 
10 51 -39 
33 -76 -96 
-24 -5 -53 
50 -18 62 
83 42 15 
-33 99 -85 
39 82 45 
100 74 -19 
-50 43 18 
53 -4 -89 
-48 -18 -47 
-94 -63 9 
-79 77 18 
-2 -100 49 
-74 49 -71 
-56 -1 -57 
-23 -39 45 
12 -83 -79 
96 22 47 
24 -47 -7 
30 -20 4 
2 63 67 
93 15 30 
-36 19 91 
76 -20 12 
-91 79 45 
88 23 62 
12 3 44 
-72 -83 65 
23 94 -8 
3 -47 67 
-59 -24 29 
40 10 27 
-18 4 14 
-58 64 30 
9 25 23 
8 -18 -75 
41 -34 -93 
-80 -97 70 
-86 -25 79 
38 34 -5 
-19 -27 75 
72 29 81 
48 -38 -11 
27 49 51 
36 -84 8 
43 -29 20 
-87 1 7 
97 39 -27 
96 -12 -17 
-62 59 50 
-9 -29 -90 
88 -32 4 
84 7 -59 
37 32 -94 
-94 -66 -82 
33 -92 84 
-54 -57 -2 
32 69 -13 
-2 -43 -56 
-92 22 32 
14 76 -78 
-99 95 -16 
-23 -37 -26 
78 23 -20 
64 -33 -45 
-2 -31 -14 
40 -57 39 
96 72 -17 
-73 -11 17 
67 -49 60 
1 83 78 
100 -95 26 
88 72 -69 
-71 1 -86 
27 91 18 
100 -71 88 
70 73 54 
93 42 43 
-96 -19 66 
4 35 -39 
30 -42 16 
-85 74 13 
40 -44 -32 
19 26 -47 
-24 63 -61 
-87 77 -89 
-4 -23 66 
-52 -41 -88 
-8 30 59 
-8 -36 -15 
-56 -4 40 
-37 28 -26 
51 -57 35 
96 81 4 
-12 39 30 
27 -91 -23 
9 -65 68 
-74 -54 49 
33 46 -12 
58 1 13 
39 43 -79 
-57 -40 -82 
-54 -35 55 
-52 37 -72 
-58 -49 93 
-7 -62 1 
-62 49 -48 
-61 16 10 
-56 -89 -98 
86 -22 51 
33 67 90 
-14 38 82 
-5 63 92 
-58 1 -46 
-53 21 -72 
-27 35 15 
14 -24 -62 
-34 -50 -89 
14 -39 -19 
2 -97 81 
-98 -29 -49 
73 -54 60 
-51 -47 82 
31 -30 2 
64 11 47 
93 40 -36 
-44 -61 100 
-22 -42 -31 
-30 -71 -23 
58 43 -55 
-84 35 -67 
-89 -10 24 
-27 -2 43 
-78 86 -91 
3 16 -36 
2 96 67 
-99 -2 37 
-31 -80 13 
-15 68 54 
100 -13 -18 
64 -24 -15 
1 -31 -49 
58 78 26 
58 3 73 
-86 6 14 
63 -87 25 
77 67 34 
-17 18 54 
-4 -40 -2 
-17 -53 15 
17 -40 -82 
-5 85 -64 
54 -14 86 
70 23 -60 
58 -84 42 
-25 27 -86 
92 88 40 
-56 -10 75 
39 -3 31 
-89 26 71 
-35 70 -33 
98 95 78 
40 5 31 
49 83 -2 
31 -8 -10 
-46 -12 -52 
51 -12 69 
56 6 17 
-32 77 -3 
17 -6 53 
94 -12 80 
-34 2 -14 
-46 -23 26 
64 -32 -74 
71 90 39 
-11 50 82 
-47 -69 56 
8 55 61 
16 -87 -100 
3 -20 10 
99 -46 76 
-3 -94 91 
-11 21 69 
1 18 -68 
81 23 -1 
88 -63 14 
11 25 -5 
-89 47 -80 
4 79 -70 
36 -24 75 
-20 -95 -89 
-1 -15 37 
41 -10 -86 
-17 19 -90 
-93 65 24 
-65 73 96 
65 2 -3 
-44 -48 -43 
-28 -65 31 
-28 1 96 
-21 66 63 
-17 14 -41 
30 -52 -46 
-100 28 -11 
84 42 -11 
-54 -78 23 
28 10 -61 
-29 -87 1 
45 -91 37 
55 98 61 
11 76 49 
-47 -29 -97 
49 -72 -61 
-40 24 7 
6 -100 -88 
42 -74 -21 
79 45 -69 
-86 -31 -58 
87 69 -11 
73 4 68 
-71 -91 -82 
79 -32 -45 
39 57 -16 
9 74 81 
27 35 -5 
35 33 66 
-6 -53 -98 
21 78 -84 
-5 -67 94 
81 99 -98 
100 -51 92 
-29 -9 96 
-19 54 9 
27 12 -89 
71 -33 -83 
64 -78 98 
-99 -66 -79 
90 5 89 
2 61 98 
40 -55 100 
-93 61 -44 
-16 90 -63 
50 62 37 
-66 41 -1 
-39 -60 51 
-13 37 39 
-16 -71 94 
33 86 2 
5 -3 26 
99 11 5 
-59 43 -19 
-55 23 46 
-78 54 83 
34 33 -49 
-46 66 -83 
-17 72 66 
-27 -9 73 
15 48 32 
-38 -28 -37 
88 14 4 
-64 51 -2 
57 -42 -4 
-11 -60 35 
41 -18 31 
-80 91 -93 
-60 -5 -56 
44 -5 -41 
-30 24 -42 
57 -93 18 
-48 -34 -12 
32 -74 69 
28 68 -80 
5 16 56 
-15 66 58 
60 77 55 
52 -85 97 
73 -14 69 
60 -69 88 
-87 -48 -21 
-50 68 13 
-1 -64 -62 
-32 58 -28 
18 -79 1 
4 69 -5 
-67 50 -65 
-63 22 83 
-95 41 7 
98 4 91 
38 42 -41 
-100 -38 -78 
-24 -83 70 
-1 -6 29 
1 -59 -40 
-11 -69 -86 
-62 34 43 
100 84 -86 
32 91 17 
71 68 6 
-13 -16 -80 
-93 59 -45 
23 52 -100 
57 34 -19 
2 35 34 
-45 -4 87 
-93 -47 -83 
-24 -69 31 
35 -51 44 
47 2 -78 
-85 94 -18 
90 -13 -54 
-56 45 -87 
-69 49 -90 
-12 -77 -86 
-24 28 -85 
-2 -7 -72 
24 -88 11 
53 -12 20 
38 -42 -5 
25 -22 15 
-38 11 -84 
-14 38 -50 
-73 31 -72 
21 22 -95 
-67 -61 50 
-62 58 95 
15 29 6 
40 87 72 
-94 -76 49 
69 -4 15 
65 -19 95 
37 -6 -42 
-79 -32 -16 
26 -42 65 
-55 -70 -59 
9 -62 66 
-100 -33 -55 
24 -58 -77 
-53 17 -96 
-88 34 7 
27 -88 -71 
-25 -35 -18 
-98 49 -16 
