-44 11 -37 
-94 15 29 
-16 6 47 
-20 -95 -60 
24 4 82 
28 62 18 
90 -76 97 
1 83 58 
7 11 -82 
28 22 -10 
-64 57 -8 
-52 -17 -72 
-54 -12 -33 
76 -35 2 
37 6 -29 
-55 -95 60 
-31 94 -23 
55 17 73 
-86 57 -10 
-88 -61 -40 
-5 -61 -16 
52 40 24 
-58 10 25 
21 -45 10 
56 15 -72 
1 65 60 
-91 -33 -89 
-57 95 -7 
-20 -89 7 
-47 -1 91 
-30 -38 1 
90 -50 60 
26 -97 1 
16 75 74 
86 84 27 
92 -59 -16 
-57 6 52 
-31 -15 1 
61 46 72 
-32 -29 15 
12 75 -65 
63 21 -17 
97 60 14 
72 36 -48 
73 98 -41 
69 -47 44 
-65 -42 76 
-38 -25 -100 
-55 -29 -59 
77 -61 96 
-25 -14 -89 
14 41 -73 
-19 -8 -10 
74 -69 30 
-46 34 -6 
-11 -50 81 
82 -44 58 
-15 33 -44 
-14 53 -57 
-39 51 -85 
-1 -19 14 
-33 -43 31 
56 63 -90 
-11 -3 -71 
1 93 -96 
66 -48 -42 
-36 -14 -61 
-76 47 22 
-57 -41 -92 
-85 88 -65 
9 84 -90 
1 -99 9 
33 -83 -14 
14 -1 19 
-23 64 20 
-13 2 52 
18 26 -78 
26 -12 95 
23 34 46 
-12 -18 -78 
-55 36 -71 
-91 -13 -65 
-31 80 -57 
-73 60 -63 
-17 40 -74 
-80 -82 84 
-71 -96 25 
-36 79 97 
10 33 93 
-35 25 38 
-58 -55 18 
-36 79 -72 
13 40 93 
-15 -66 -17 
11 39 -49 
-89 -78 90 
-18 -87 -57 
-13 -66 89 
90 -34 2 
65 48 78 
-15 -62 30 
56 -21 24 
38 -76 24 
-31 74 35 
-65 2 -29 
87 10 -59 
-35 72 -59 
57 22 -97 
56 21 50 
16 70 25 
-17 40 -11 
-64 27 87 
-92 96 -36 
-86 2 62 
-65 -6 -77 
78 -16 74 
78 -90 25 
3 -95 -11 
24 -40 82 
89 -69 12 
-12 -54 2 
-58 -70 -84 
4 57 -97 
22 -54 -20 
41 -70 -37 
-31 -61 -10 
51 46 82 
-72 -36 -20 
28 -46 100 
89 7 27 
49 -20 -92 
-66 -88 61 
-85 -60 -18 
4 2 65 
-42 -75 -53 
5 71 -65 
-45 -30 -77 
-35 48 60 
5 4 11 
96 13 -39 
-46 -23 -99 
15 80 -30 
94 66 76 
63 52 39 
-2 -85 -84 
17 -68 90 
81 92 29 
-66 1 37 
20 -8 -80 
-13 -73 54 
-44 -53 -46 
-77 65 -90 
36 67 71 
21 2 -36 
-35 -6 72 
-43 76 99 
-39 -62 -78 
1 4 -41 
87 -71 76 
-65 -50 -98 
69 -54 19 
-77 -23 29 
62 48 -57 
-29 -73 45 
-24 -81 62 
-96 17 41 
41 47 98 
8 -35 -100 
83 -94 -90 
83 50 54 
26 85 11 
-33 52 -13 
5 82 -2 
-54 51 -94 
-59 13 31 
76 30 6 
-94 -46 35 
-15 -26 -60 
56 -33 -40 
20 -14 -27 
-18 -33 21 
-18 -77 40 
51 -56 -70 
-59 -37 72 
-1 -3 -89 
90 -3 -27 
-53 -74 98 
-11 -7 -84 
-24 -6 -65 
-1 77 13 
-42 94 -59 
42 83 -15 
39 28 -15 
-90 -25 96 
-6 58 86 
82 -10 -76 
-89 -61 97 
75 -93 31 
5 -94 16 
63 -80 -92 
27 89 78 
65 2 -33 
-97 -58 83 
48 3 -26 
-12 28 -51 
30 -7 38 
39 19 -51 
24 70 73 
2 55 79 
10 -40 15 
45 77 59 
-85 49 2 
-34 -52 -79 
-44 -80 -63 
-49 -40 -10 
50 13 9 
48 14 97 
13 -48 -20 
-14 38 -61 
64 -22 46 
59 67 -62 
65 -98 -13 
-16 4 61 
19 -74 -15 
-9 66 62 
-99 72 -43 
41 -10 -55 
20 -36 49 
69 77 91 
-71 -34 21 
-22 -66 48 
80 -26 44 
18 92 -3 
54 87 -43 
10 16 20 
-54 -10 37 
25 -15 50 
88 -12 81 
-51 -99 -39 
-43 10 -85 
20 -22 52 
72 -65 -46 
18 -90 -60 
-79 70 -35 
27 -51 31 
38 37 89 
20 23 -6 
33 62 -7 
-1 78 86 
92 1 -55 
-85 -61 -69 
-9 -23 -36 
2 -30 100 
83 -1 -28 
93 -14 86 
11 76 -69 
47 -25 81 
48 -92 12 
-73 -72 17 
-49 86 -12 
69 -52 29 
54 -9 77 
-99 -12 -87 
-14 -89 54 
-62 -26 -7 
-73 86 89 
-34 12 4 
17 45 -40 
-90 -7 -24 
-63 27 1 
74 49 44 
-45 43 16 
34 85 70 
-79 -43 63 
56 -7 -78 
68 12 25 
84 -52 -53 
-63 -48 -35 
-77 100 -12 
35 11 60 
38 10 -62 
81 71 -93 
-15 -5 32 
26 22 -36 
-72 28 -79 
7 -73 -68 
-1 -42 -14 
-7 -93 90 
8 50 42 
-44 -16 -48 
-88 -83 -11 
54 73 52 
-47 -87 -23 
84 -21 26 
45 65 72 
70 -43 55 
-52 95 -77 
-14 -91 -76 
-83 -43 -10 
-44 -16 -1 
-27 -47 -21 
67 45 30 
43 15 14 
-20 56 -25 
-68 -64 4 
-43 27 47 
-63 18 -74 
20 -88 -34 
77 -19 -98 
55 -33 -58 
-78 -7 -68 
-4 73 38 
53 83 52 
-97 7 4 
32 30 15 
-21 63 -46 
43 96 -93 
96 88 -82 
-90 79 -34 
-37 85 -78 
-10 -37 -59 
80 -36 75 
5 83 52 
79 39 57 
-14 59 -45 
16 11 -78 
93 -34 -1 
-1 95 -20 
30 59 -24 
-38 -78 49 
-100 23 -52 
89 42 -81 
92 -6 -77 
-64 -26 -12 
44 -52 28 
97 23 -38 
35 67 52 
61 92 7 
76 14 86 
-80 -25 -14 
5 -6 -19 
21 82 -60 
2 -36 -29 
40 44 -75 
99 -37 14 
48 -47 -28 
-17 93 67 
-98 7 -13 
-70 -19 39 
-31 30 -45 
14 -16 -7 
-53 -51 -15 
-43 9 82 
-37 10 1 
66 -61 35 
-71 44 -98 
32 -24 43 
-6 -84 20 
-9 36 93 
71 1 -40 
-25 -14 -5 
-42 92 69 
-12 -64 -18 
-42 88 -20 
43 89 54 
65 -86 -81 
90 -29 -72 
50 87 20 
-57 75 26 
67 -99 90 
1 8 17 
-26 66 -95 
-32 2 -9 
53 -47 -89 
22 21 2 
30 40 -28 
-97 47 78 
-51 -61 -35 
70 93 -59 
95 -21 25 
26 59 -4 
-36 42 -73 
26 16 12 
30 26 95 
33 -47 35 
11 -71 72 
-44 -33 55 
-36 78 -11 
-3 -52 73 
18 -10 83 
74 19 -22 
91 49 -22 
-53 2 40 
78 -17 4 
-28 -84 15 
-24 -34 87 
-25 -24 67 
-80 -60 54 
-96 77 -1 
-50 -52 -71 
-99 -90 -22 
5 -15 -7 
-16 19 -6 
-22 63 -89 
70 73 -78 
-9 46 19 
37 99 -68 
-51 -56 -37 
40 22 69 
1 12 44 
96 74 -78 
-91 -25 -96 
32 56 -43 
-6 80 -2 
-59 70 13 
29 -18 -95 
-4 53 -9 
9 -67 -42 
-9 36 57 
-92 -33 -53 
40 4 78 
-90 45 -54 
100 22 -37 
-13 24 -18 
32 -28 -97 
-62 -5 64 
-5 3 98 
