72 -37 16 
-7 80 99 
-72 26 -1 
-87 -84 -63 
-63 4 -29 
-99 65 -88 
28 -86 -10 
-61 15 -48 
43 81 -60 
-21 -27 -31 
-63 -90 -28 
-17 89 -82 
6 -9 99 
-56 -50 -4 
-9 56 49 
-90 -68 -79 
-38 -20 -21 
-15 32 52 
57 -11 -22 
71 -85 31 
-9 -100 -33 
6 -8 -56 
-12 93 89 
-45 -82 -80 
-11 4 -93 
30 -81 16 
-51 88 14 
-13 -71 62 
2 -78 70 
-13 28 39 
23 61 22 
-71 2 19 
7 -33 -97 
-55 -16 52 
22 85 -8 
92 4 44 
-5 71 55 
-14 -47 -49 
84 -94 38 
8 21 -33 
-20 12 -88 
-30 78 5 
89 -94 6 
-67 -7 74 
66 4 71 
40 -19 75 
-30 35 -68 
-73 -27 -61 
-48 -11 12 
-45 78 11 
94 16 -77 
6 16 -40 
89 51 12 
44 -24 7 
-76 48 -31 
-32 -18 -57 
-80 52 -15 
89 2 -61 
64 6 -74 
-34 -74 23 
-24 16 82 
-46 29 -99 
-81 14 3 
-50 77 6 
-30 80 -84 
23 69 -98 
-99 -68 44 
-68 -38 2 
87 77 -15 
-37 -6 1 
-45 -82 -92 
29 46 -39 
-94 48 24 
-38 -64 22 
-89 24 -7 
-5 64 35 
97 10 -64 
46 54 65 
96 -64 -4 
-81 23 -91 
99 -30 -57 
61 -10 70 
-80 -21 1 
-24 -59 -51 
13 -72 9 
42 -98 71 
-22 -64 36 
-60 8 -80 
17 -12 45 
91 -63 7 
35 62 -100 
49 -97 -12 
12 -87 -61 
86 -50 13 
93 -99 -30 
6 -50 4 
-94 21 41 
78 41 -2 
15 3 -65 
-96 15 -31 
-43 -30 -97 
7 -59 -90 
35 -31 -37 
60 -83 -1 
-52 -50 -74 
-18 32 21 
29 -25 7 
-84 8 86 
-93 20 96 
-20 56 72 
-56 49 -85 
59 -67 18 
1 -93 -24 
-26 91 -48 
-73 -38 25 
14 -53 -18 
-55 60 5 
43 33 -96 
57 38 -14 
96 16 23 
88 74 70 
-29 -12 -78 
31 -43 -27 
-11 -12 64 
-33 -37 27 
10 50 88 
-11 -40 58 
-72 -5 -33 
46 -48 70 
36 -66 25 
30 43 -10 
1 50 -43 
77 -20 15 
78 18 -31 
89 -57 -14 
1 -100 37 
25 65 -94 
80 82 -35 
-56 -60 -23 
94 55 -88 
-81 1 -5 
26 -23 38 
69 -93 82 
45 98 95 
-12 27 59 
12 41 50 
60 -16 37 
-66 -17 -50 
-70 -32 -100 
17 -94 49 
-22 -58 34 
13 -5 56 
93 92 3 
35 11 -92 
-21 95 -99 
54 53 51 
-29 59 -12 
79 -7 -83 
-28 97 25 
6 84 79 
56 -64 40 
93 79 90 
88 -53 91 
67 -31 45 
-66 -26 63 
82 -9 47 
48 -44 1 
81 -90 2 
66 56 99 
-75 -10 -9 
-15 -19 27 
-84 -78 -23 
87 -58 -86 
98 -83 14 
49 20 75 
82 15 52 
-62 -12 24 
-95 -21 -2 
-81 -59 -45 
-41 12 -46 
-76 -81 30 
25 8 -15 
-49 57 69 
-28 11 14 
8 35 -19 
-88 -32 -36 
40 6 -34 
-62 63 32 
-62 -17 -82 
3 36 4 
-15 -64 1 
57 -21 61 
8 -34 -50 
-44 -32 -13 
98 41 -66 
-46 -18 96 
-50 62 95 
62 5 -25 
23 -53 59 
-12 -64 -31 
7 -27 69 
-88 19 10 
2 76 57 
39 8 -63 
-86 -59 -60 
-49 -61 -50 
41 20 28 
-80 -14 60 
47 -24 -87 
47 -43 -84 
-80 25 42 
-54 6 68 
67 -84 28 
-68 94 -77 
5 17 42 
-25 -20 60 
-7 92 -1 
21 43 -56 
-44 89 -64 
-8 -71 -17 
47 95 -13 
18 -42 -1 
53 7 -6 
-76 -11 49 
49 4 63 
57 -75 -22 
-4 -100 17 
-46 90 48 
-27 79 42 
-50 49 92 
-11 41 -84 
18 81 -36 
47 -19 -6 
-45 39 10 
5 54 74 
68 -57 -42 
-59 4 50 
44 -50 -91 
-37 20 100 
28 -14 -19 
69 -26 -32 
69 39 62 
72 8 -64 
5 8 -16 
-15 -28 42 
22 65 -70 
-10 3 41 
87 3 33 
3 25 36 
84 17 -55 
-41 29 6 
-18 6 78 
100 87 -40 
57 4 71 
-98 -10 3 
59 61 17 
-25 -94 75 
-64 44 74 
-45 85 7 
99 -39 -17 
-4 -77 -13 
93 64 -58 
-89 -96 52 
100 -91 19 
28 52 -10 
-64 -78 -80 
95 88 -14 
-19 93 83 
-13 94 -85 
-87 -81 14 
-30 -68 -33 
-53 44 43 
-11 -47 48 
-46 -19 -1 
95 77 45 
85 21 -68 
73 -15 -78 
21 87 8 
-3 -95 92 
-8 95 -39 
73 -5 -31 
1 -46 60 
-24 -23 34 
-83 79 22 
-3 75 90 
-44 -14 -46 
35 -59 -1 
-29 -11 -23 
-85 -90 41 
30 -17 56 
60 -48 19 
49 15 -23 
-96 52 -19 
68 -82 16 
-57 75 97 
9 11 -74 
-18 10 29 
30 -43 48 
37 10 -58 
8 -4 -20 
49 -83 -74 
86 -75 81 
68 -50 -64 
-25 -20 -82 
93 -2 73 
-12 46 -71 
57 50 -23 
69 59 -8 
-36 11 18 
-43 -60 85 
-27 -88 18 
-1 -54 6 
38 -26 -44 
54 -28 7 
46 72 -68 
16 -38 -80 
-97 78 -87 
47 -26 -43 
99 27 36 
86 45 47 
-74 -57 -9 
43 24 -87 
64 -38 -62 
-46 83 88 
47 -76 -60 
-60 -87 53 
-29 -51 77 
-3 33 94 
-12 70 23 
24 -55 37 
9 -83 53 
-19 69 70 
91 7 -92 
-93 30 -62 
-94 32 51 
-81 30 37 
63 20 -15 
78 -31 48 
-31 33 48 
21 -80 -37 
97 -10 -68 
73 -35 43 
20 -33 -67 
-41 -35 96 
81 -56 39 
44 48 22 
78 -75 49 
-66 -77 7 
26 -43 77 
-57 -7 33 
-95 72 25 
-3 49 64 
78 81 91 
89 40 52 
-59 92 81 
26 -57 76 
96 52 33 
44 -52 -68 
-63 -51 66 
-24 -79 -29 
53 57 1 
-79 56 93 
65 30 -14 
-80 -79 37 
43 -34 100 
-21 -22 77 
-51 -24 -99 
25 -90 -3 
19 3 -57 
18 55 -1 
-21 -13 56 
-31 95 -66 
-14 88 -3 
-2 -38 36 
-15 93 -51 
-4 -8 -52 
-51 13 -31 
-22 -14 -37 
-20 -40 -52 
8 39 -24 
28 66 -51 
10 -35 90 
-2 20 25 
79 -21 -85 
-28 78 71 
-99 81 73 
-61 -38 27 
-24 -97 37 
-100 -58 60 
99 -26 68 
60 44 -78 
46 1 49 
-67 -30 -23 
-9 -35 -17 
96 -11 -98 
-29 -62 9 
14 -21 54 
39 -13 53 
-61 -38 -84 
-31 2 -6 
46 84 -66 
10 83 -66 
-92 -40 -6 
22 53 55 
28 61 -100 
77 -2 -43 
54 -7 -24 
-7 -89 -53 
-97 16 48 
89 -11 56 
21 41 27 
-93 48 -62 
-4 -5 20 
79 84 -23 
1 30 -50 
9 -60 -31 
60 -98 -66 
37 18 62 
-76 30 -34 
-82 3 90 
-16 75 69 
-2 30 20 
-80 83 84 
34 26 -10 
15 23 -31 
59 99 90 
-90 9 -36 
