74 29 -40 
-66 33 46 
47 -44 -55 
-50 -31 20 
2 82 13 
-75 -21 60 
-60 -66 34 
-72 -18 17 
-18 -11 -12 
-87 -10 -88 
74 -57 82 
92 -59 31 
52 -26 93 
-5 25 -53 
-42 -57 -41 
66 41 -18 
-88 93 11 
40 67 -41 
65 -83 29 
-89 -35 7 
63 -24 -33 
17 -5 7 
64 91 51 
-12 -73 26 
-89 3 4 
-76 -31 -27 
35 24 54 
-16 99 -10 
-9 -95 -28 
-81 -40 -26 
25 44 46 
-14 57 -60 
-91 24 -51 
-97 2 61 
83 42 44 
-67 38 82 
-87 82 75 
46 55 -92 
81 69 96 
-100 4 -23 
49 -36 96 
27 -26 -12 
-52 31 -36 
-25 -83 66 
-61 -82 -95 
42 -29 -66 
50 -100 -22 
-67 -97 -100 
68 81 2 
-18 78 -27 
50 -4 -84 
-20 26 67 
19 -49 -76 
6 -89 -87 
-40 -98 -32 
78 10 20 
64 99 66 
-1 -2 -23 
10 60 -22 
25 -58 76 
-15 39 54 
3 18 26 
-26 -6 37 
-57 -39 32 
84 -95 -36 
99 10 -71 
58 84 -83 
-49 73 -89 
21 98 -46 
62 23 14 
86 4 -21 
8 -67 5 
81 75 -15 
-2 4 -90 
71 7 -37 
52 -5 -37 
3 77 40 
-74 -63 89 
-10 -59 -44 
44 87 -72 
69 -51 3 
-70 48 -30 
11 6 -4 
89 23 72 
-53 68 51 
-60 -3 35 
53 49 40 
-36 47 21 
23 98 99 
-38 -4 1 
94 -88 -9 
51 71 -27 
-66 48 -73 
-6 52 24 
1 49 -80 
7 -50 4 
-16 74 -35 
6 91 -87 
-42 -45 -63 
-40 -90 2 
72 -12 41 
-67 91 9 
-26 -14 60 
25 -33 39 
-11 40 -12 
-55 -41 67 
-34 45 11 
-7 25 -44 
-5 -65 8 
78 85 38 
-96 -58 -11 
-26 14 -63 
14 -88 24 
-14 -27 84 
50 -10 65 
3 -31 -7 
-25 8 -77 
-70 14 68 
2 39 12 
12 -58 -8 
-27 68 -19 
28 38 94 
-61 6 -39 
-44 -45 48 
-47 46 -87 
-56 -59 -83 
-49 -88 29 
82 -79 -30 
-13 45 -72 
10 -68 45 
-11 91 -98 
-40 11 63 
1 -33 42 
3 98 17 
-18 35 -86 
-64 -13 86 
19 42 98 
6 76 86 
35 11 -90 
-2 -19 42 
72 36 -24 
-62 -77 72 
20 86 -97 
48 46 -66 
64 -41 80 
-93 46 6 
15 -82 -80 
-29 48 2 
-48 -40 -76 
-68 30 -41 
7 -65 12 
65 -95 10 
62 18 20 
12 -63 39 
-83 67 20 
-83 34 -85 
80 30 46 
-12 -82 74 
-24 56 -13 
31 28 -80 
19 -10 -49 
23 -14 90 
55 3 -96 
9 -99 67 
6 -2 40 
56 28 -76 
-25 1 5 
72 32 -15 
99 49 96 
-43 29 25 
37 -14 50 
70 100 -11 
22 54 -93 
31 -66 -54 
-16 -29 -2 
-62 60 2 
76 7 -13 
-32 -10 -6 
-21 -90 12 
-21 56 57 
80 -67 76 
-67 73 93 
-46 -89 -100 
-8 -43 92 
-90 23 -86 
31 -26 -87 
-4 29 79 
83 70 20 
31 -25 53 
-6 17 -69 
81 -80 -58 
27 -8 14 
59 -17 84 
-34 7 -15 
9 43 -64 
83 41 73 
-48 36 2 
-62 87 42 
-84 57 46 
-30 -17 -68 
-51 47 57 
96 68 4 
22 -61 41 
-45 -90 -26 
-7 42 71 
67 -35 15 
100 15 -54 
-12 27 25 
63 36 -92 
27 -43 52 
6 18 71 
-31 -20 -15 
9 93 17 
95 -87 -80 
71 51 24 
-37 62 -87 
87 29 79 
-66 -13 -79 
47 13 36 
23 54 -34 
9 32 95 
62 23 27 
-72 -75 16 
-59 58 2 
-23 80 65 
67 77 -43 
-34 70 -11 
44 -43 -93 
12 -92 13 
-1 82 -94 
22 -27 -16 
-43 31 -4 
-52 -5 33 
-91 49 62 
69 57 -88 
-9 -60 -28 
92 29 -80 
72 -57 30 
-11 -10 64 
49 38 39 
55 -82 57 
12 6 2 
71 -28 -6 
-9 -53 -32 
-83 -24 -8 
-67 -58 22 
69 47 51 
51 -67 -71 
-30 -22 6 
32 -4 11 
78 -11 43 
-72 19 -7 
-62 -35 -11 
57 25 71 
33 -8 90 
25 -6 16 
-30 -63 33 
-60 82 -10 
-69 92 -8 
-9 98 79 
-49 32 80 
60 -64 -22 
-98 55 11 
31 -34 91 
-6 -50 -24 
-39 40 -59 
87 -8 45 
15 -96 33 
-48 -85 14 
44 -10 -7 
-21 -89 -9 
-28 -66 81 
-52 -87 8 
-99 -1 -36 
-30 90 76 
-35 -7 -94 
-9 -6 -15 
77 -18 80 
-60 -65 -3 
-26 -16 -44 
63 -89 -2 
-38 92 22 
-32 -100 -38 
99 -50 -62 
-13 25 -17 
6 75 -2 
82 -92 -46 
47 42 -69 
82 3 -71 
-9 79 65 
10 28 48 
-77 -18 -66 
49 -33 85 
-62 36 -2 
97 -60 94 
-10 60 19 
-68 -75 14 
-34 -51 -59 
-29 2 60 
12 2 -31 
6 41 -76 
39 30 -31 
80 -99 79 
-73 90 -31 
5 -74 -62 
25 -6 -98 
5 16 -42 
-15 -66 -34 
-44 -34 -4 
27 54 56 
89 29 -77 
18 -98 74 
33 12 51 
84 -82 -13 
-97 76 -74 
72 36 -78 
36 99 -78 
17 7 48 
41 -91 69 
-49 9 -16 
-62 -41 84 
27 -40 -17 
71 33 -42 
-28 -19 87 
45 86 -7 
14 15 -6 
23 -89 8 
-25 26 -59 
31 -18 11 
10 93 48 
91 4 -13 
40 -22 -76 
4 -80 38 
8 -41 -52 
80 -29 49 
34 81 -18 
-72 14 -17 
-87 34 -74 
-67 -58 18 
36 -5 -2 
-36 12 -8 
-5 -81 -59 
52 -56 20 
41 63 -5 
24 10 7 
98 40 -70 
-12 22 -90 
67 72 -69 
-83 93 -16 
-26 65 -18 
67 -93 -68 
-42 33 80 
30 -67 41 
-65 -89 -48 
24 -15 -87 
-2 -24 -96 
-7 20 3 
94 56 4 
4 23 55 
5 -67 -8 
-37 -63 -41 
41 36 33 
26 -3 -14 
-41 -3 -42 
4 -21 81 
-5 39 -84 
-57 -33 -60 
-97 -14 16 
50 90 -63 
-55 -76 2 
-92 24 95 
-10 15 -39 
8 96 -49 
-81 3 88 
-92 -10 -60 
-23 -95 -99 
30 -50 29 
-85 92 53 
96 10 -53 
-11 -25 -3 
-54 18 3 
-8 43 -6 
19 15 -94 
-16 7 -26 
-16 -57 -62 
79 52 38 
-7 -49 5 
72 87 -5 
66 -58 -27 
-44 28 -41 
10 -43 18 
-26 12 27 
-48 -32 -68 
-62 51 -46 
34 -61 10 
-3 63 75 
-82 -49 85 
93 69 -50 
-85 -1 -2 
-95 11 -86 
-9 16 -11 
59 46 71 
85 3 19 
-80 17 -12 
-74 -90 -76 
-88 63 43 
-93 2 -35 
-94 44 -65 
-71 -48 40 
-66 -86 -39 
21 53 58 
-7 68 -36 
74 -55 -44 
-37 -13 -2 
28 -100 71 
59 20 31 
-64 39 6 
-12 -9 71 
-17 -42 -10 
48 21 -56 
89 87 -72 
53 -16 68 
-14 37 -32 
3 25 -16 
-8 5 54 
19 80 -7 
-63 -86 99 
