127 186 71 
154 52 -39 
162 196 75 
-26 132 -101 
190 51 50 
-43 190 -17 
-21 -122 34 
-100 17 -183 
-187 -41 120 
-102 3 149 
2 -89 83 
-132 -181 49 
68 -100 -129 
78 -94 42 
-25 -199 -17 
11 53 -156 
-69 160 -32 
-29 -4 -74 
-65 -30 -138 
-116 -153 -70 
109 -160 140 
79 -193 10 
157 -198 -66 
-9 177 -84 
-48 20 67 
-31 17 -160 
-24 -3 98 
-131 91 92 
43 9 -78 
80 98 157 
-32 72 23 
-15 -184 -85 
-11 -160 -121 
-150 -98 -3 
97 -142 107 
-61 -64 -35 
29 134 -100 
47 28 -105 
-2 -33 -81 
170 18 -29 
-2 -112 119 
-51 17 -90 
14 101 13 
179 142 29 
-94 13 -92 
108 -3 53 
-177 -198 -89 
-3 -67 -43 
180 -39 186 
-7 -74 -52 
-55 152 41 
56 -101 108 
-2 17 8 
-61 174 -48 
57 8 15 
178 -120 -149 
37 29 93 
14 30 -131 
-108 -10 167 
170 -70 -14 
64 -166 21 
136 2 -24 
51 -77 91 
-96 115 30 
-60 -168 -28 
35 -17 82 
-23 11 -22 
-21 118 1 
-66 -143 125 
151 -27 37 
-181 -49 7 
194 76 -58 
3 -183 16 
-89 198 133 
-6 -195 -191 
171 -38 -91 
-174 -33 -2 
-86 20 -141 
36 117 24 
24 -128 9 
76 193 174 
-196 186 193 
53 -4 -196 
-19 61 144 
-8 -44 184 
128 22 -176 
150 -56 146 
72 82 40 
144 53 177 
-162 136 66 
-49 56 -174 
-76 48 87 
-58 -15 51 
57 171 33 
26 -16 -50 
99 -176 43 
-193 -69 -62 
-110 85 23 
33 -194 -70 
166 97 175 
4 167 100 
199 -155 -38 
-63 -192 -7 
-50 -87 172 
-25 52 -63 
97 40 81 
82 -39 -37 
-111 131 151 
78 -68 -125 
36 9 -160 
-101 -87 -18 
19 -107 131 
1 137 -28 
-145 81 164 
-93 -12 198 
-165 61 104 
49 11 -83 
-91 -43 -29 
-178 89 -107 
87 20 72 
-52 117 40 
41 106 9 
-100 45 -162 
1 -80 -136 
-156 16 -20 
-177 -144 -84 
-81 73 -8 
133 -96 119 
21 186 -107 
87 183 179 
-12 -1 -96 
70 -150 67 
-99 -169 11 
-6 94 -67 
9 -23 -170 
-17 94 -145 
-132 -122 -68 
43 -48 37 
-17 -84 72 
148 90 -105 
-19 122 -7 
47 148 53 
-44 189 25 
-94 -22 -194 
-86 -98 -110 
60 -24 98 
10 55 117 
93 176 162 
-91 13 -126 
-1 -164 49 
117 -104 -91 
-5 -116 -167 
-6 -100 -4 
57 7 198 
87 -98 6 
-12 -77 100 
-104 -116 -192 
155 -162 54 
187 -167 -165 
66 86 78 
122 107 35 
-101 129 22 
12 157 33 
52 -148 50 
-59 4 -19 
-51 -37 174 
84 -88 196 
-115 -68 82 
45 -63 11 
22 19 51 
120 66 124 
-10 -186 -1 
2 -63 3 
-93 43 32 
-4 7 55 
-180 20 151 
182 9 -71 
-66 119 -93 
-161 -118 -81 
-112 -60 -171 
112 -124 -14 
-114 47 154 
49 2 -81 
-196 123 136 
19 174 11 
21 45 114 
-68 -44 184 
-18 59 -49 
4 -68 57 
90 5 -92 
116 -41 -2 
-141 -100 -34 
-117 -83 -13 
100 82 74 
-93 -30 -69 
-70 14 -15 
122 -143 99 
83 176 68 
89 -35 -185 
-32 84 -163 
-29 17 54 
114 -85 -185 
38 133 13 
-96 -120 -94 
-78 150 -13 
87 39 -63 
50 39 -145 
159 13 34 
-127 36 -185 
-142 -48 -29 
-7 29 138 
136 104 -6 
-14 -12 -55 
25 175 -144 
77 102 197 
-94 -69 -14 
-67 -13 122 
2 -125 21 
-198 58 -47 
128 120 23 
-37 -14 57 
178 15 -62 
24 7 -21 
-35 -20 -65 
161 92 52 
132 150 53 
-16 -14 -6 
-149 -43 119 
71 167 2 
4 169 165 
-5 93 34 
24 136 140 
49 -34 -50 
-32 -12 -154 
8 -18 23 
-99 15 9 
3 -182 -131 
-72 -181 -117 
11 -54 -109 
163 -8 111 
-175 25 -139 
192 17 -182 
-74 -40 -30 
191 156 -4 
-13 95 14 
-124 -37 127 
-158 -47 6 
-71 -106 -94 
15 -26 181 
1 45 75 
-3 182 -71 
-77 -27 29 
-45 161 135 
6 -111 32 
-23 137 -129 
-79 82 6 
-67 -191 83 
-110 74 -119 
110 123 -198 
80 173 133 
-190 -45 159 
32 -116 10 
48 -8 -45 
150 -61 -8 
-48 179 131 
122 -113 84 
153 94 -106 
104 -156 88 
-2 -85 -64 
155 113 -86 
37 102 22 
20 -163 138 
45 173 97 
185 -121 30 
-67 95 -181 
-10 4 136 
-3 -64 88 
-7 32 197 
30 29 -84 
-110 190 -111 
-42 124 -170 
28 -159 -18 
-29 -9 -149 
23 5 43 
14 -12 79 
-112 -192 107 
3 -94 106 
91 -10 -4 
-52 3 69 
58 143 10 
104 166 -12 
5 21 105 
-23 -193 14 
131 -113 122 
68 -23 33 
13 -101 -85 
-63 113 -153 
17 -73 -170 
137 -39 148 
-186 119 145 
9 -145 -104 
84 -154 -63 
54 -11 -171 
-9 164 -133 
-4 -41 -33 
-123 -191 -112 
8 72 28 
-66 -124 165 
37 -87 115 
-15 -94 -104 
32 143 1 
149 144 -130 
-89 -73 134 
-17 -140 -6 
-47 -151 116 
51 -70 27 
-151 -140 122 
-166 -91 141 
-57 20 64 
-14 28 -64 
150 6 172 
-18 122 -52 
9 198 101 
-64 17 138 
100 135 -71 
106 39 103 
-191 41 6 
-110 -116 22 
-129 173 23 
-195 83 -185 
-110 -63 -85 
-69 -120 -24 
35 26 -200 
-1 -158 -151 
-136 -124 -87 
137 -86 -90 
-193 -84 200 
82 -87 49 
-91 -94 81 
-151 6 190 
-1 -23 -105 
21 3 -94 
-39 -164 17 
70 155 -4 
6 -186 -182 
-23 107 117 
-120 94 -62 
32 76 -157 
-14 189 -82 
87 -58 139 
-125 107 -191 
-165 -148 -10 
-150 -104 152 
6 -13 -158 
-64 -21 3 
-169 103 -25 
-134 -29 9 
-179 30 -92 
-39 97 -176 
73 -92 -114 
127 20 -172 
-120 163 106 
4 30 -199 
113 2 13 
-116 -41 -123 
-61 41 30 
-96 187 23 
6 35 56 
12 -151 -49 
-147 -24 169 
-13 -49 -52 
-168 116 -12 
-181 143 -89 
-30 -1 139 
134 7 -50 
131 -7 -191 
140 182 -63 
20 102 6 
15 84 -41 
178 88 36 
-4 -116 33 
-11 191 54 
-30 -15 -156 
-120 -70 -43 
-75 -13 -95 
-62 66 79 
-187 -70 49 
144 -64 -133 
171 -157 168 
-77 21 15 
-74 -23 -111 
-137 -36 -128 
-30 56 -70 
102 68 -17 
107 25 -6 
113 -176 50 
-7 179 -120 
-104 -157 186 
42 -95 -179 
10 22 126 
123 106 10 
-94 -126 8 
114 -30 -167 
1 140 88 
-87 78 194 
80 -2 -174 
-20 -149 42 
14 12 52 
52 55 -131 
168 199 -160 
-155 181 47 
-95 43 72 
9 -93 12 
195 117 159 
8 -84 91 
-95 113 27 
-37 -33 -45 
179 -97 -130 
110 49 -94 
-81 51 28 
-195 -161 -101 
-153 36 -76 
8 -169 177 
59 -125 85 
-42 91 -24 
137 -66 34 
186 -88 137 
-23 -151 -143 
-12 25 -165 
28 76 81 
36 108 76 
-138 -29 -12 
-123 109 -96 
5 146 142 
-15 119 24 
-56 -79 18 
58 145 150 
20 -5 -43 
-49 28 183 
46 -32 86 
-124 -75 -1 
186 -2 -3 
43 117 -33 
63 -4 -153 
-161 99 145 
190 81 137 
87 -96 168 
-191 34 64 
111 137 59 
122 57 175 
-78 -151 -72 
141 136 4 
-101 -2 183 
145 -89 191 
-40 -89 198 
-168 -66 -163 
1 57 68 
127 -2 135 
-184 109 148 
23 184 -187 
-29 -96 -82 
45 129 58 
-124 82 41 
-200 137 126 
103 57 19 
191 74 -77 
-48 -141 -133 
-62 -4 -9 
63 179 156 
-45 36 -156 
-103 1 -16 
80 2 -54 
98 8 -79 
9 -43 -132 
-84 -85 82 
-48 190 -45 
33 183 -77 
-14 -84 141 
22 45 -6 
54 157 1 
-166 -135 129 
51 129 -53 
149 158 -110 
12 176 137 
-72 101 107 
119 57 55 
136 33 36 
-35 2 -72 
-37 -43 -86 
-95 11 -199 
191 -164 -120 
-81 -121 -12 
-29 -15 -70 
99 19 -16 
-13 -149 108 
-31 -171 93 
-144 136 118 
78 100 131 
142 -88 -3 
-118 163 -74 
-178 78 -126 
121 -153 186 
-21 1 -165 
-161 -11 -25 
-2 -37 6 
105 -43 65 
137 26 43 
-89 136 -54 
8 -64 144 
-75 -167 195 
-131 52 171 
30 -31 -128 
-107 -100 -81 
119 48 4 
-199 179 -84 
-9 -6 -140 
81 -186 -198 
-150 108 94 
5 154 77 
-57 60 24 
90 -72 -7 
-169 -25 46 
26 19 159 
-170 142 71 
-69 -62 -10 
-1 -174 -90 
55 194 -27 
7 55 -70 
-33 -110 -50 
44 64 -51 
4 107 -63 
34 163 -14 
39 -80 -164 
113 171 -173 
-95 -137 86 
3 86 55 
61 -121 -199 
-150 7 -88 
4 88 7 
124 -145 -6 
-97 142 -76 
-4 -7 -67 
-119 -197 -181 
72 -86 16 
-13 127 9 
-45 96 -177 
121 61 -55 
-54 166 136 
20 -5 -18 
-2 47 -51 
-15 93 -37 
-113 -167 -57 
-1 -14 -8 
-103 -173 155 
162 35 -14 
3 155 96 
21 -124 78 
15 -123 -151 
154 17 114 
167 -68 158 
-5 -37 -196 
-172 -132 6 
-88 -75 24 
-42 -144 30 
186 179 96 
-132 24 184 
-99 -36 2 
-41 44 -71 
-84 94 -165 
56 61 130 
-125 -130 127 
-132 -194 16 
44 -160 -133 
-91 -45 88 
-71 -39 -47 
179 145 -155 
-129 -2 -37 
-173 101 103 
159 -178 -88 
-9 -91 -107 
-162 -75 52 
-132 -51 -121 
-192 -12 8 
115 14 -2 
-13 91 -53 
-127 -138 -84 
47 -125 -109 
-3 83 186 
3 18 -85 
23 40 133 
62 4 -33 
-13 119 166 
16 128 -197 
176 20 13 
-2 5 -41 
181 45 -112 
-3 -126 -36 
-174 167 -27 
-193 -38 101 
57 13 15 
53 94 167 
-3 -162 -48 
-181 -66 -187 
-3 -16 188 
16 -55 -195 
157 118 -2 
180 -184 -31 
74 -183 34 
67 7 194 
72 30 118 
-34 -70 128 
117 95 13 
65 176 -103 
-112 178 -47 
73 119 -178 
-149 -2 7 
34 -45 -134 
-164 158 -104 
-107 80 17 
19 -38 182 
112 29 134 
137 2 -105 
151 -77 68 
188 -30 8 
-161 50 -72 
173 -39 129 
-118 92 -7 
178 48 -79 
-84 148 100 
-175 13 7 
-47 93 105 
-139 -95 8 
124 166 150 
-79 -126 -1 
-117 -78 -128 
-133 -29 -177 
126 128 -34 
41 7 72 
114 34 -28 
66 -157 -176 
-88 136 6 
94 -22 -134 
-197 -121 -175 
-92 139 -165 
41 170 74 
-92 -96 -40 
-148 85 -76 
-9 158 -170 
-147 -54 157 
-183 160 -35 
-189 66 -45 
155 28 106 
-57 172 -14 
56 -46 36 
192 1 -155 
26 88 199 
87 100 8 
7 18 -180 
3 115 70 
35 4 -185 
-54 111 -176 
135 -106 87 
-1 -125 41 
-60 -46 143 
-151 -117 -163 
109 7 164 
60 -89 32 
-132 174 -69 
1 -43 -79 
-89 16 -92 
-52 4 18 
-102 15 5 
-5 -47 -174 
-6 -107 103 
126 -109 146 
-200 3 -108 
-129 -193 -86 
94 -163 53 
136 163 37 
21 3 150 
116 -124 -56 
126 -119 -130 
-66 188 -179 
32 187 40 
51 103 -81 
101 -89 57 
30 38 -122 
106 2 19 
-114 -142 64 
-85 -166 114 
18 -43 146 
-56 -109 2 
16 -107 -152 
-87 159 -11 
-106 73 -35 
-170 -95 -61 
99 -20 -7 
-44 -137 -160 
-15 -6 -148 
6 -144 -81 
-4 -78 27 
-171 -3 176 
56 29 -7 
89 -105 66 
155 154 -130 
-105 117 -53 
-64 146 -189 
-150 -61 -67 
139 -63 -74 
79 -9 -166 
-105 108 128 
-1 -35 183 
46 -185 -76 
-10 -126 -62 
-38 -4 -19 
-71 -73 2 
-159 48 81 
99 77 155 
25 -75 44 
167 -171 39 
11 200 10 
24 -139 133 
-194 170 49 
-71 148 -29 
182 156 72 
-86 119 36 
121 30 -5 
82 125 -7 
161 -3 -7 
93 96 -109 
23 125 -70 
125 -109 54 
121 -34 -135 
-35 101 38 
-12 -132 112 
-7 122 -166 
-27 125 148 
145 14 -2 
199 154 -189 
-60 -81 40 
18 52 -61 
-20 181 -32 
1 -23 -98 
-43 135 -115 
-77 1 130 
-116 189 187 
-156 57 -173 
7 -1 -64 
115 166 -62 
-83 -2 159 
-134 -135 61 
15 3 11 
40 -6 111 
-53 -19 -59 
97 181 -9 
101 -165 -160 
21 -183 73 
175 48 -93 
-1 95 -48 
72 -1 -29 
-1 -181 112 
-195 147 76 
-71 195 198 
27 -128 84 
114 133 170 
-52 56 6 
-189 55 -64 
35 -140 101 
-115 -51 -105 
-180 163 -2 
-168 88 162 
-142 -72 -27 
179 -30 -3 
-116 72 33 
-103 -54 98 
21 67 -188 
90 -195 -145 
145 -11 -156 
17 55 51 
-185 35 -30 
95 -146 -172 
-129 -54 -107 
6 30 27 
129 82 80 
-171 -77 167 
3 -83 -87 
-139 188 164 
45 94 -35 
29 180 -154 
-160 159 28 
12 -6 -168 
1 136 -43 
-140 -32 -163 
-108 17 -167 
86 -47 35 
-58 -16 13 
146 -51 103 
159 -126 100 
65 -48 141 
47 93 -63 
99 -90 31 
-125 -71 -148 
182 -41 -72 
-1 -74 28 
18 -182 -33 
111 43 -193 
15 -173 -142 
-17 30 -162 
-131 181 -74 
-161 -60 171 
-89 44 81 
-29 56 112 
-186 100 178 
108 -120 -30 
1 116 -161 
192 -185 -96 
27 -31 156 
112 -20 63 
-75 85 -74 
-51 5 160 
111 35 1 
-56 23 -36 
-14 -163 -95 
42 34 -115 
86 8 -76 
60 -68 196 
-44 -143 31 
-177 -67 38 
-102 -109 -72 
-195 -133 -70 
-61 78 -34 
-162 -64 -14 
-82 87 142 
49 -113 -4 
58 -46 64 
26 18 -106 
72 -7 176 
188 -179 -175 
-81 89 91 
17 26 132 
112 -9 20 
-6 171 101 
-4 -148 -155 
-88 49 -7 
84 -20 46 
115 72 52 
-89 -74 -64 
12 52 103 
-147 26 -158 
-178 -74 -105 
187 150 103 
102 29 121 
147 156 3 
-175 102 -152 
