-152 -135 -32 
-123 -111 1 
-5 26 195 
169 -26 -41 
-86 -102 2 
105 52 41 
-125 106 98 
34 158 -20 
-94 23 -76 
-134 10 65 
91 18 -23 
83 3 -1 
-112 148 45 
-152 50 -77 
79 172 186 
-70 83 96 
-142 13 9 
-98 60 -49 
95 57 -181 
75 191 -29 
-150 -25 1 
13 -76 148 
-8 -183 -173 
14 -140 -176 
-153 139 -178 
-20 96 135 
116 -15 -98 
32 150 137 
71 82 -53 
-126 -151 50 
-127 -32 -57 
142 48 -9 
-70 120 -6 
-49 53 -25 
-145 62 163 
-112 109 -197 
38 -167 -143 
76 -8 15 
200 161 -112 
-131 -190 186 
-54 -157 64 
-18 45 -46 
-144 21 32 
16 173 -154 
126 -66 175 
-27 20 139 
-6 100 58 
74 1 110 
-144 -129 200 
2 14 21 
-96 190 171 
190 43 -54 
182 -13 66 
-28 62 -27 
91 72 23 
24 34 -144 
19 -6 142 
-55 170 97 
115 57 195 
-136 178 -9 
137 66 152 
-18 -47 61 
152 42 -3 
102 133 -115 
-87 -41 -39 
-74 84 -192 
-21 -63 -118 
149 -172 6 
-43 5 -73 
164 21 -7 
7 -190 31 
-99 26 -52 
-157 -3 -178 
-10 -55 -78 
137 6 20 
-42 84 41 
173 -58 18 
-41 -84 -69 
-82 -151 108 
-161 173 -98 
-137 -199 141 
56 -87 114 
-174 -115 -14 
-131 86 -152 
157 24 -101 
-78 41 184 
55 2 -74 
-8 99 -3 
-151 -162 -193 
-96 -81 190 
79 -183 -154 
-31 -65 159 
-23 22 169 
164 33 23 
6 -2 -4 
-38 -76 -8 
-94 20 7 
1 -65 -27 
44 70 98 
3 -32 -182 
-10 -138 14 
-13 65 -55 
177 189 -62 
62 -117 -23 
-34 -1 -174 
87 121 -138 
111 -151 116 
157 56 -135 
142 175 -5 
-109 -186 -16 
132 142 108 
171 -10 -12 
-101 -197 -8 
-29 -157 -143 
-184 -73 -140 
91 -46 16 
-139 69 -18 
92 -57 -125 
-189 -188 18 
-189 121 45 
55 52 -129 
-189 -15 -19 
82 42 9 
-199 8 49 
129 -19 -184 
-156 9 184 
-143 3 -71 
-53 93 4 
-153 146 30 
-51 174 -134 
-20 -2 35 
138 -69 182 
186 -52 -49 
-112 -18 -181 
-41 159 187 
78 125 -71 
114 20 22 
1 62 -25 
-31 44 -87 
-176 -183 -1 
1 22 16 
-136 148 -23 
84 164 -21 
-15 -76 46 
8 34 -5 
-136 186 75 
69 89 40 
-88 1 105 
13 17 -3 
-129 80 90 
49 -65 -183 
-18 37 13 
162 -176 -58 
-1 -3 154 
103 -102 -51 
140 -100 -167 
-58 32 -63 
103 55 107 
26 -194 -4 
85 -198 -37 
136 -144 190 
-20 -159 106 
103 5 37 
84 157 -122 
-160 47 -17 
-39 -72 182 
-34 -50 -62 
42 -31 -118 
-66 24 -12 
34 -57 164 
-37 -160 49 
-140 44 136 
-112 106 166 
-61 -91 96 
-12 21 144 
-40 -69 -177 
32 -96 1 
-81 -136 86 
-194 -178 188 
-188 -21 141 
-88 -8 -37 
-88 -5 104 
-7 22 -28 
143 127 -57 
-116 123 -169 
18 62 170 
184 -59 177 
-127 67 -27 
-10 -54 -24 
-10 105 115 
-13 70 101 
4 191 -77 
17 8 -110 
-25 -80 92 
-130 125 41 
-148 -71 -92 
-196 -1 -61 
-64 -148 -5 
142 27 -93 
80 63 -143 
-135 12 -7 
-81 -148 71 
-89 30 85 
88 40 12 
25 -191 -98 
-144 -81 58 
-92 -1 94 
-20 7 85 
-149 127 75 
-94 -9 160 
183 5 -56 
-16 88 97 
83 186 -158 
-150 -56 -10 
10 147 151 
-3 22 88 
132 23 117 
-65 -31 91 
37 -26 -18 
-102 110 195 
-71 -32 -4 
75 145 82 
-68 56 118 
55 19 -6 
-123 -89 11 
-137 -81 -199 
100 -137 -79 
-86 129 -82 
158 8 -170 
-105 161 120 
62 190 7 
80 -3 1 
-16 -122 -124 
-24 -1 7 
-52 7 67 
-42 200 20 
-99 160 63 
-79 -17 66 
155 19 76 
4 -43 -137 
6 77 -42 
58 -99 -36 
-145 -17 -38 
34 28 22 
76 -47 -157 
194 183 167 
128 160 148 
78 119 -58 
161 116 -166 
27 -187 52 
126 161 -10 
-192 -137 -181 
83 -63 124 
-28 -160 -166 
192 -3 -177 
74 -35 -7 
-174 105 31 
-6 -46 7 
117 -153 40 
20 175 -77 
112 -14 -132 
-9 -98 197 
-141 -95 -169 
5 75 -171 
-186 91 27 
-155 65 -83 
-147 135 -16 
-176 155 -10 
-120 102 33 
-70 -55 61 
173 164 -75 
-93 -3 -16 
6 -147 -29 
-14 -141 23 
-65 128 -42 
-14 -98 -97 
192 73 65 
182 189 116 
-156 95 -82 
-113 -26 92 
12 123 -180 
138 171 131 
118 181 -149 
10 2 7 
67 105 47 
-181 -188 5 
124 154 190 
9 65 128 
46 -76 30 
-190 -70 -197 
9 21 28 
-179 -134 -198 
-115 10 104 
-170 97 30 
-52 -116 86 
141 91 101 
-19 -149 -32 
45 167 -126 
128 35 -155 
182 123 179 
-6 35 -14 
-82 -173 60 
85 -51 -159 
178 66 2 
-77 -12 -24 
-12 -22 -181 
-53 -165 -127 
43 199 75 
185 33 132 
36 130 -162 
-146 67 -195 
-150 -175 75 
162 117 -1 
56 197 -5 
-84 -125 174 
-200 94 -34 
-109 -30 90 
-20 142 -7 
181 -97 114 
-131 48 151 
-100 -158 -54 
-73 -31 -83 
42 105 -36 
59 -93 186 
-3 -8 139 
-54 -173 111 
-105 -15 104 
-29 -23 -150 
16 -170 -139 
-138 24 -88 
10 -27 -38 
97 140 3 
-37 -5 16 
17 -116 -134 
-164 37 196 
161 -68 -24 
-14 -135 190 
-136 -127 -90 
-129 14 -114 
196 -190 -103 
-116 -141 -190 
98 95 -72 
-4 -159 188 
1 32 -91 
-74 31 196 
48 99 -105 
-171 -39 -15 
85 72 8 
-90 137 130 
98 9 141 
-49 66 18 
76 -193 -102 
138 -165 30 
131 -2 -61 
134 144 -159 
-58 -31 -143 
-187 -90 -145 
76 -113 -5 
-161 172 -178 
160 -44 178 
-140 -170 -168 
-70 159 -151 
-73 15 80 
115 -44 -70 
-124 18 62 
65 52 45 
148 -147 -190 
-14 42 -157 
80 -7 -61 
-58 4 -97 
17 156 -155 
45 66 6 
49 174 -33 
32 -158 -77 
81 -60 51 
-105 -108 24 
-155 -97 -104 
52 117 -66 
129 -63 95 
-131 167 -50 
37 63 99 
-37 -3 73 
-78 -40 148 
63 -72 -87 
-158 -38 76 
4 -137 185 
69 -188 -21 
-104 35 -193 
-7 116 95 
-190 -194 175 
161 49 7 
86 71 -63 
17 90 -170 
48 135 21 
-100 23 135 
38 -111 -55 
-103 -127 -171 
-141 -48 -130 
38 -167 29 
149 10 -196 
-76 -171 170 
-163 88 185 
13 73 4 
-154 -117 170 
-16 144 -122 
-2 -146 -26 
-30 -197 -11 
-30 23 -4 
18 -37 92 
57 52 164 
-35 192 18 
190 184 59 
-47 162 25 
-78 -79 10 
-94 48 59 
-3 149 159 
192 8 -51 
-22 -21 -191 
41 -39 62 
196 117 147 
-40 4 -59 
90 -95 17 
33 -98 127 
153 -113 122 
-14 -149 200 
14 65 17 
29 -194 -26 
183 -108 12 
78 -154 146 
130 -7 167 
-195 4 -122 
-169 133 -62 
151 -17 13 
5 111 -173 
181 -51 -4 
-2 -7 200 
-147 -51 79 
124 83 -6 
33 -64 24 
10 111 19 
60 118 -120 
5 -6 -12 
189 197 -41 
-21 -71 -171 
-110 64 72 
-152 98 -135 
-18 -35 -182 
114 -146 158 
183 -18 76 
197 153 -9 
60 127 150 
38 -116 117 
146 -18 -126 
-24 -146 98 
107 -116 -52 
139 -174 56 
-45 106 16 
129 -100 -1 
-74 -25 -9 
-51 -80 -168 
-9 -68 -37 
1 -5 -110 
-9 157 34 
179 -8 183 
65 92 -186 
-104 -99 142 
14 92 12 
-116 -161 -136 
-110 -127 -122 
-36 39 31 
-10 -188 -196 
79 15 -110 
-36 -15 1 
25 -188 52 
-189 -96 -20 
-75 -73 -70 
-36 -75 -21 
146 186 -179 
-35 165 -10 
3 34 78 
66 -4 -134 
90 141 -123 
-133 102 -35 
-59 115 131 
-30 -184 -187 
-91 173 -125 
86 42 76 
-94 147 -49 
12 -45 53 
104 113 9 
161 137 -3 
-133 -10 -19 
-4 164 77 
193 -50 -33 
-84 -9 82 
-51 173 -23 
-38 81 112 
144 29 -34 
15 38 -165 
-141 194 -122 
-62 -10 51 
-122 -70 35 
34 86 -14 
-95 -128 48 
-153 37 -7 
48 -88 164 
91 -25 -3 
51 -111 77 
148 128 -51 
-61 96 -35 
-1 -4 10 
92 64 -133 
-109 45 -144 
-180 116 -197 
74 -122 69 
100 6 -71 
87 -54 -114 
167 2 -101 
87 -63 -56 
42 118 -117 
177 46 -53 
-110 105 42 
-134 125 -4 
-109 66 -80 
-66 -144 95 
-1 -34 -153 
-107 41 -47 
-6 -52 -36 
-14 -123 -108 
-59 -78 -126 
-176 -12 193 
8 198 24 
-27 -23 33 
-3 -47 -100 
47 -35 195 
-56 144 -190 
153 60 -148 
29 -83 -116 
-95 -76 -84 
-16 -138 64 
48 -192 61 
70 -174 -101 
197 22 19 
181 47 146 
94 -33 126 
92 58 -1 
-106 -7 4 
5 -91 -140 
159 -117 76 
179 -74 9 
124 -8 -117 
-3 -147 173 
20 -127 177 
-33 72 -2 
-153 -6 -71 
-131 5 -115 
176 125 -25 
-144 -30 16 
-91 -124 69 
148 -109 94 
-54 -106 -8 
-21 -3 -200 
8 18 -59 
-129 -193 75 
-49 -164 69 
-48 45 -49 
-181 -159 115 
44 -157 166 
3 -13 141 
60 -153 80 
-80 163 135 
-107 83 -172 
191 155 112 
50 -15 4 
-169 -1 -160 
-129 -37 -63 
85 -135 191 
-92 62 140 
33 85 10 
-74 140 -198 
-46 -174 -81 
-171 -30 114 
19 -95 -178 
75 -26 -42 
-40 -193 152 
-127 105 -75 
56 197 188 
9 81 153 
-61 -7 -81 
2 -75 -101 
-27 56 30 
-1 -22 -110 
-195 -68 61 
23 198 97 
84 -79 47 
3 78 -4 
-66 -117 86 
54 81 33 
3 -52 -11 
25 40 -189 
-83 -134 10 
60 15 29 
75 -60 87 
-118 97 61 
137 132 -20 
180 -80 23 
198 8 48 
-120 -144 -57 
-32 -39 193 
147 -54 128 
55 26 -87 
176 -6 -61 
34 -13 -166 
-146 50 -104 
158 6 114 
149 43 1 
7 -138 4 
-99 -40 52 
-183 -62 118 
158 133 -91 
-4 -189 -37 
-50 -181 -107 
46 156 -100 
19 -72 87 
72 108 73 
95 97 -4 
55 -142 -115 
-2 -105 3 
3 38 146 
-150 -163 -36 
33 92 20 
18 -17 -12 
-80 29 -34 
-35 184 171 
-2 -50 -8 
-182 86 142 
73 -113 48 
-68 -37 168 
-196 -44 102 
-160 155 14 
113 -7 -35 
-98 130 37 
129 66 174 
-130 -165 138 
-150 192 -194 
-47 3 -90 
-90 8 -40 
97 144 62 
76 -83 -34 
18 13 -100 
-90 -123 128 
-123 189 118 
90 163 -181 
31 130 -91 
-2 95 -155 
-58 33 197 
66 -127 -13 
188 78 -83 
-37 -122 57 
6 126 8 
118 -2 -104 
99 55 148 
65 -13 16 
12 -4 -168 
199 109 113 
-165 24 115 
-141 81 147 
107 120 -60 
-66 140 -82 
56 -44 114 
188 -78 142 
72 155 126 
16 132 23 
192 42 53 
-46 66 -77 
111 -76 53 
-144 -7 -46 
16 -127 113 
93 -138 -18 
-199 -15 -115 
-160 53 -104 
-162 187 164 
-17 25 -127 
-166 -6 -188 
-37 3 104 
-42 66 -1 
134 -100 26 
-82 -14 -171 
97 54 -46 
146 -4 46 
107 -87 24 
-166 -120 27 
75 107 -178 
-132 40 20 
-75 -115 160 
-158 102 123 
114 -17 68 
-189 -180 -5 
-178 -20 79 
-159 -76 73 
-65 -21 10 
-132 14 118 
41 175 152 
-162 -85 65 
165 127 199 
119 3 91 
-158 -135 -152 
-135 192 47 
66 159 191 
-169 -84 175 
141 136 -20 
-61 109 -107 
-93 -48 11 
-5 -6 -117 
143 64 6 
-67 -27 -32 
171 -71 160 
144 -138 95 
-79 -138 6 
110 -90 116 
-34 175 4 
78 -166 67 
-182 68 -42 
194 -160 -154 
46 -139 -195 
1 147 172 
-42 -194 -38 
-185 -192 -32 
1 33 53 
11 48 155 
53 126 -131 
101 127 9 
-115 -199 -124 
13 44 121 
137 40 188 
55 96 68 
163 130 -120 
-192 -133 129 
86 -2 8 
71 48 68 
-2 -92 -49 
-1 -79 -16 
53 -63 126 
-70 -85 65 
102 110 144 
84 -144 -131 
146 -20 -141 
42 121 22 
47 -30 -132 
-174 -17 -107 
200 -141 -37 
67 -159 51 
-13 146 26 
-51 98 152 
53 -118 150 
145 -51 5 
-34 196 1 
174 -96 -12 
-139 -45 -110 
79 -173 109 
-60 5 -61 
-147 38 164 
-200 151 140 
95 1 -85 
-127 33 -146 
48 -104 -18 
27 -17 114 
58 -63 36 
-6 23 -182 
106 -93 105 
-64 30 -115 
-158 40 194 
-62 -144 -143 
56 -132 -163 
79 -51 -121 
9 70 25 
51 6 -60 
4 -60 -134 
-50 -183 187 
102 -2 1 
85 12 63 
157 -135 24 
-41 135 -144 
-9 -47 -48 
114 -128 -59 
-16 -171 -72 
-64 39 86 
-112 -14 -48 
-90 61 -142 
73 38 -114 
3 2 73 
155 64 -147 
131 9 -23 
161 -189 -6 
12 32 -58 
119 197 176 
120 -24 -65 
29 15 199 
-3 -4 121 
-20 78 7 
-198 -9 -102 
43 -104 5 
98 173 -158 
28 -23 -21 
-97 107 -22 
-192 -182 -57 
-107 143 -103 
-147 -77 8 
21 -121 174 
112 188 145 
-176 125 12 
-20 59 -106 
-55 10 -82 
-143 51 91 
-133 25 -38 
-109 57 126 
-74 -71 142 
149 93 -1 
71 -187 -152 
59 -171 -151 
53 41 56 
90 6 -76 
-90 -1 -165 
-58 -16 -77 
128 11 -129 
-153 -136 -165 
160 62 154 
-5 150 54 
133 -59 66 
12 -43 1 
-149 9 28 
140 -97 33 
-181 100 -90 
78 -11 199 
-195 -186 -105 
17 -171 -107 
158 107 100 
-9 66 -135 
7 -1 -167 
-153 178 42 
-2 119 -61 
-3 -180 23 
-3 125 -68 
105 196 -1 
-89 -20 40 
19 33 -141 
123 -54 -78 
-45 11 36 
107 -147 -61 
6 106 -115 
183 3 -98 
192 38 100 
11 10 -7 
-173 9 -73 
