127 -165 2 
3 -89 -192 
-107 -123 16 
-116 27 -199 
9 1 -46 
79 179 140 
29 -123 120 
12 -54 -112 
-13 -192 -75 
24 54 -127 
199 116 -10 
-84 1 -185 
25 7 -197 
168 -35 -92 
151 158 4 
-132 3 17 
-117 -164 -112 
-194 -27 122 
-181 147 167 
-13 200 35 
87 -155 -12 
124 -59 160 
153 5 -154 
-75 37 -12 
50 89 51 
-6 100 -3 
170 -160 183 
177 -122 -21 
-104 39 -25 
-5 -96 -106 
114 64 -12 
-155 -47 28 
105 179 199 
2 43 132 
-84 174 -27 
91 -125 14 
-92 68 -76 
125 -11 -148 
-35 37 64 
-119 12 178 
173 -30 113 
17 132 95 
180 86 112 
-63 -124 -58 
-74 -119 -90 
-60 179 -155 
105 115 -37 
104 126 21 
57 7 -126 
133 64 -26 
33 -55 -35 
156 -138 -191 
-171 142 -91 
53 -62 -7 
-130 -120 -103 
196 -137 -45 
26 183 71 
28 171 -15 
-84 -192 -133 
-88 -126 -100 
20 -25 28 
-43 -23 -186 
-44 15 -122 
64 -165 2 
-140 164 8 
33 44 47 
-192 -186 -1 
-6 -64 186 
-36 34 164 
-33 185 -112 
-195 164 172 
-185 -179 164 
-33 29 -16 
-149 45 -103 
-190 62 -124 
152 35 -192 
-34 130 20 
1 5 -7 
-109 157 -134 
171 27 -34 
-8 -184 110 
59 -108 6 
100 -198 110 
1 156 -59 
-4 125 35 
4 -103 101 
162 73 -180 
47 -81 92 
-138 -145 53 
-138 -105 -129 
77 69 -46 
-177 34 93 
-8 67 -190 
55 -32 -142 
84 -29 6 
125 38 -124 
17 -46 145 
-37 -192 86 
-119 -184 -130 
114 -45 -77 
-60 -93 -185 
-1 -131 58 
-64 -60 97 
62 -4 -149 
-40 53 5 
-132 -166 -56 
155 175 -153 
-161 -41 -3 
65 -183 89 
7 -54 111 
165 -59 19 
172 84 191 
-177 -104 -120 
135 19 -107 
89 -120 32 
-12 -63 15 
-31 197 -129 
143 -101 -152 
-136 101 39 
-101 16 -161 
-147 121 81 
-121 130 5 
199 156 116 
77 6 -11 
23 22 -145 
98 -166 184 
20 55 -154 
21 23 192 
-76 -14 52 
170 -34 -70 
156 -30 53 
-59 21 170 
-2 -7 83 
101 -94 38 
-94 58 1 
44 -8 -156 
-9 6 37 
5 -74 -48 
115 -13 -62 
-97 14 34 
4 -10 -9 
-11 8 150 
7 -85 94 
27 55 2 
-74 192 -1 
171 -81 -31 
126 24 -116 
-33 83 -174 
115 8 -156 
-161 -51 -101 
130 179 -121 
169 -164 125 
-29 -18 -7 
-186 97 -155 
16 7 52 
174 186 -11 
147 28 -12 
-7 -42 -164 
-100 9 -53 
72 -26 11 
104 117 47 
-49 -99 168 
33 -119 91 
-134 -25 -62 
12 46 45 
-6 26 -25 
70 154 198 
-69 101 164 
-30 136 25 
80 77 -23 
-111 47 157 
-99 -162 -67 
-3 -5 175 
139 174 -198 
-21 -37 44 
-121 -145 -28 
170 142 39 
-29 -84 135 
-192 -69 -132 
32 118 200 
-1 98 58 
23 -70 86 
-31 -184 -60 
-138 -171 21 
16 175 128 
-64 107 20 
42 -77 -31 
97 15 47 
-118 -14 59 
57 -139 -59 
-108 -122 4 
-148 -15 40 
-133 186 136 
131 178 -79 
38 -126 129 
122 146 -14 
-84 -45 25 
64 -59 73 
-147 44 -126 
82 -113 -2 
14 -45 -127 
27 -138 50 
59 63 -74 
199 -4 88 
-26 70 -1 
183 142 -2 
-86 28 -169 
-141 150 -76 
-6 54 -92 
-81 -17 153 
103 2 97 
4 -17 -59 
-191 34 -150 
67 156 192 
55 -14 45 
28 135 -197 
-122 18 -39 
-64 11 -190 
-74 173 -23 
164 -31 68 
-89 -2 193 
-66 -41 -57 
177 95 113 
36 57 134 
135 -141 35 
161 -76 1 
95 163 -22 
149 47 39 
117 -32 -109 
70 -33 124 
140 96 -32 
83 100 -155 
-115 -186 153 
-189 13 94 
56 71 172 
114 121 75 
13 16 -61 
42 -115 54 
188 -2 -171 
-12 -61 150 
-183 -148 37 
-87 -135 199 
-82 -50 -72 
139 44 -173 
97 -168 -174 
178 5 60 
2 6 127 
110 -186 -181 
-6 -31 157 
-7 122 193 
60 -50 -43 
148 21 181 
-45 180 -69 
-45 4 103 
39 30 -9 
67 162 -194 
39 171 -7 
-97 91 96 
-196 -149 75 
-19 -124 -116 
33 -47 -87 
-42 -173 28 
-161 166 -4 
97 -59 153 
69 153 105 
-17 27 -86 
-68 148 174 
119 44 -36 
114 8 3 
99 6 -77 
60 112 -111 
-164 -127 36 
117 55 -148 
-13 185 -100 
-200 6 -149 
-165 181 -50 
-95 -176 126 
147 112 -197 
56 105 75 
-114 193 -31 
-64 -26 -199 
-74 123 52 
153 57 -10 
35 -34 -120 
-199 132 -174 
145 -105 -132 
-45 -88 169 
13 -143 -73 
-96 12 -1 
-37 184 -4 
-40 -77 -28 
124 -94 -48 
51 -82 -37 
71 -14 -72 
71 -181 1 
190 -58 -15 
176 -133 -190 
131 -187 -82 
-128 -43 -125 
171 -186 196 
-21 -49 47 
93 -140 39 
166 97 -102 
-37 92 51 
107 -6 64 
118 69 -16 
-179 -39 -83 
66 41 193 
132 103 -189 
5 145 -90 
26 135 -174 
-176 -150 -120 
-177 149 -96 
-136 -188 197 
83 4 160 
192 55 -72 
47 -36 18 
-12 -38 194 
110 153 106 
61 48 -163 
116 -34 30 
-6 -175 43 
42 -27 -47 
137 -112 200 
-112 71 47 
-83 -27 -97 
140 -11 -22 
152 54 36 
159 -52 -191 
17 -7 77 
17 46 42 
-90 -193 13 
-69 -143 -136 
26 -156 66 
103 140 -188 
-52 -76 196 
-11 -190 76 
23 -159 -40 
97 29 172 
177 47 171 
30 15 -150 
32 -154 49 
-165 137 -170 
83 196 184 
103 -109 17 
170 74 -12 
160 -29 -47 
-14 -76 -138 
-181 41 118 
-2 -170 -138 
-69 141 4 
69 -125 33 
-52 21 -28 
7 -27 85 
4 38 -82 
193 -66 -84 
5 -94 86 
72 3 37 
153 171 -167 
-144 -66 -43 
-15 -148 -97 
-74 2 98 
188 -43 48 
54 -123 57 
76 150 -80 
38 -19 143 
25 98 -47 
-194 200 197 
50 -118 19 
91 129 89 
-142 164 58 
162 6 27 
-52 -184 -106 
-129 105 -57 
73 -178 -1 
60 78 -10 
194 39 114 
22 149 147 
-32 -64 48 
-153 199 29 
-189 4 191 
41 -58 5 
111 41 195 
169 81 -85 
-147 169 -173 
-53 117 -69 
-6 177 110 
-103 179 -101 
89 94 -158 
146 -3 -95 
164 9 112 
-183 10 -157 
119 -95 -50 
-14 166 178 
187 124 132 
134 -129 -154 
-74 -145 -27 
-100 -7 -115 
-61 -190 183 
-69 -200 8 
62 66 161 
160 -136 69 
-84 -91 42 
-109 -11 3 
17 -23 -144 
-60 9 -63 
-104 9 -156 
24 -148 66 
16 130 11 
23 -73 -59 
143 77 -109 
-109 -64 -161 
-55 -130 119 
167 -55 93 
-81 -186 193 
75 29 13 
-125 -122 -55 
-149 151 -138 
36 -18 65 
-102 -148 105 
-4 -92 -161 
-39 110 200 
114 -15 -2 
137 37 -58 
171 50 34 
-132 -102 24 
50 -27 54 
-167 -102 -155 
135 129 -51 
-4 28 81 
-50 11 -84 
104 -2 70 
88 -55 -25 
-12 9 64 
-88 -128 -113 
151 142 190 
-134 18 -182 
-91 138 84 
54 196 62 
-103 -154 67 
36 -76 163 
14 122 -70 
-178 -29 -161 
-150 -141 67 
-153 -3 -45 
140 157 170 
-77 -21 -17 
87 32 -34 
129 -159 -92 
-56 123 131 
144 72 147 
75 198 137 
171 67 -143 
197 -48 114 
-38 -2 -37 
-129 18 54 
-170 121 54 
13 -109 102 
200 -76 -155 
-61 43 -192 
-174 43 44 
-149 44 12 
1 119 -64 
148 -189 -9 
113 124 -19 
37 -195 -108 
-147 -12 -28 
-191 49 95 
15 -36 -25 
10 -95 176 
16 27 -148 
192 -50 -81 
52 -22 -6 
-26 92 -185 
-49 127 -86 
-120 54 -38 
-19 46 -2 
-137 157 -10 
184 -35 -1 
-71 47 -19 
76 25 -82 
3 -1 -151 
36 -171 44 
-159 -173 91 
161 -169 35 
82 154 -99 
84 -98 41 
-39 -65 -82 
37 10 -130 
40 -20 -139 
-80 -163 -96 
-25 83 -161 
70 198 -47 
96 -160 23 
200 45 70 
-11 54 15 
126 146 67 
21 74 -164 
-64 59 191 
-13 -29 69 
-127 17 123 
61 -145 155 
1 -59 -141 
-155 -19 -73 
4 149 12 
22 -184 90 
199 -172 124 
66 73 26 
-145 46 -53 
-172 -19 -175 
72 50 -196 
168 99 -103 
-33 -100 50 
84 -9 77 
1 66 169 
-3 -169 62 
102 -130 19 
84 -161 193 
-121 -160 85 
-73 10 179 
2 24 30 
145 -96 110 
-153 101 -126 
36 -50 92 
94 19 55 
-56 93 -64 
84 -9 39 
186 122 -12 
168 -93 44 
-31 -36 11 
78 -16 -176 
-155 -175 -9 
35 45 93 
143 182 169 
37 -123 38 
21 34 -150 
-18 77 31 
110 -25 -130 
146 -87 -93 
75 -139 -158 
140 -14 138 
-156 -101 -129 
26 66 138 
90 -106 -14 
-186 -39 68 
110 -58 171 
175 177 98 
51 34 -26 
-84 -58 -55 
-197 157 -158 
92 143 -182 
-56 -11 -121 
74 -44 169 
174 107 151 
192 -50 147 
75 122 159 
-91 8 65 
14 -23 -191 
22 -37 -68 
-171 -111 -147 
3 -121 21 
-153 90 182 
-90 91 173 
1 89 143 
195 99 -143 
-45 61 57 
6 -134 -182 
-19 128 -24 
-116 45 140 
-183 -46 20 
155 178 -167 
-2 -169 -53 
9 -171 165 
68 -154 -192 
-70 11 -89 
63 -190 -74 
137 -105 86 
-117 -33 37 
39 -144 -68 
-85 97 24 
79 -98 -2 
-99 -165 -57 
191 -35 2 
179 39 178 
80 -41 -189 
92 108 10 
-106 -71 -42 
112 62 -79 
71 34 -66 
24 95 4 
33 -57 55 
-146 -18 -131 
-59 2 -186 
179 160 133 
-60 -25 -6 
200 -103 -55 
80 -165 10 
86 -42 73 
-33 162 -73 
-125 70 130 
148 -102 50 
88 -15 39 
34 7 -131 
-45 -68 181 
-106 49 113 
-76 5 -50 
-24 129 -11 
-64 -22 -156 
-10 184 -37 
-108 112 64 
150 -88 -82 
86 199 198 
-139 20 9 
-158 -9 93 
-92 101 185 
-183 74 36 
-158 70 -51 
114 -158 192 
105 1 7 
-133 -176 196 
-197 -179 -101 
-72 22 -2 
82 -182 61 
60 -1 -93 
85 185 169 
-139 163 -6 
-1 186 21 
-122 187 139 
-158 118 91 
-145 148 -116 
-121 18 116 
26 -87 2 
199 -56 -169 
196 11 113 
-60 -16 -21 
-141 22 -30 
166 -12 -88 
41 -86 130 
-53 5 9 
33 184 -185 
-108 -67 120 
5 191 -94 
11 -71 67 
74 -82 34 
-31 -132 150 
-167 159 -193 
-72 41 -101 
-34 143 109 
-135 -72 -33 
190 31 5 
92 118 -131 
-20 -33 -90 
167 -60 -50 
19 44 1 
-90 160 60 
-33 136 178 
177 199 -46 
144 4 187 
-127 5 144 
-159 -135 -4 
64 174 -2 
54 133 -130 
-62 1 98 
144 -26 200 
-103 -179 -120 
-92 -51 105 
198 16 174 
84 -56 90 
96 123 13 
62 -18 -155 
20 -2 -8 
-114 -26 -29 
171 147 -40 
-71 21 88 
15 -141 133 
17 -131 132 
-107 -53 -19 
-15 13 114 
71 57 -154 
14 186 8 
17 21 159 
40 -164 -13 
169 23 141 
106 184 28 
-119 -63 -4 
92 91 34 
123 -46 -94 
-75 4 107 
-75 29 -58 
1 -146 196 
87 7 123 
44 50 104 
84 35 -106 
-123 -138 -190 
-158 -171 -86 
193 -35 156 
-116 106 188 
-123 10 -197 
-103 195 176 
48 1 16 
125 -37 162 
162 127 63 
56 -125 138 
186 185 178 
77 47 32 
148 25 -2 
112 -98 45 
-81 188 136 
-124 -143 -188 
28 76 -146 
-163 31 54 
-124 -86 -126 
47 -94 26 
47 5 3 
-88 -30 23 
71 112 76 
-113 -105 -2 
-136 -102 110 
-159 26 -7 
87 -197 60 
87 152 -199 
-47 181 27 
-161 5 154 
-107 -14 -116 
138 37 -186 
-91 -179 103 
144 168 -55 
-141 34 -68 
-102 -19 44 
-187 171 -37 
-59 -74 -20 
-21 161 28 
7 33 48 
-1 19 21 
-41 -9 59 
40 -197 -120 
-108 -16 -134 
120 -59 -176 
-15 -183 127 
38 1 -148 
16 29 15 
20 72 -114 
18 -13 37 
4 -2 -14 
-198 2 89 
-19 -53 16 
142 156 159 
175 43 159 
-89 -15 102 
-92 5 -115 
-185 -35 46 
-11 138 116 
-34 85 -110 
-177 73 -196 
-48 -18 106 
-13 -11 -156 
-15 10 -158 
-43 145 -84 
22 -77 19 
-196 120 -53 
-152 -80 125 
-6 -180 -141 
32 -17 21 
-47 135 149 
-80 -184 -14 
37 -43 1 
4 -110 138 
37 61 53 
-69 144 52 
-188 3 55 
51 -18 -162 
-54 69 2 
-137 -101 -26 
-57 54 -32 
52 67 -69 
131 -17 21 
-159 168 -104 
173 149 19 
126 67 10 
22 -199 167 
-7 -113 -45 
50 180 -185 
-50 162 187 
-130 117 191 
52 83 48 
46 -50 -116 
-36 167 55 
133 2 -72 
-27 -75 -36 
189 -180 -103 
1 -157 -87 
55 -75 71 
44 -88 -81 
40 -80 130 
29 109 135 
-197 -190 -24 
-130 -23 161 
-167 -149 -87 
44 -161 -56 
-10 -150 -15 
-42 -15 108 
173 102 12 
95 163 -180 
93 199 -62 
187 -38 -114 
88 -24 86 
-110 7 -183 
200 -111 -95 
-11 -176 150 
-105 76 66 
113 -145 152 
-25 200 87 
109 135 193 
2 -199 21 
163 -37 45 
104 -63 -68 
-5 -99 100 
179 4 -159 
-77 -142 -134 
-35 -122 60 
19 -5 81 
-25 43 50 
131 -70 -176 
11 -8 19 
-57 158 72 
-66 107 -61 
97 105 -51 
25 94 153 
24 13 76 
133 -33 -10 
-123 2 48 
190 80 -187 
179 -22 -140 
-182 -36 64 
-55 113 -131 
60 24 -86 
115 23 -26 
-78 -59 -57 
-127 -45 -119 
159 -186 -133 
95 92 -16 
27 96 -6 
76 -188 -17 
199 125 -69 
-190 -47 114 
119 23 14 
174 -16 5 
-33 -120 186 
188 -130 -5 
105 170 -3 
-72 192 55 
181 75 199 
-154 104 -161 
92 -93 -173 
