-143 -196 174 
16 -85 -24 
-86 -85 -60 
35 -75 98 
-170 -96 43 
6 147 -16 
83 -4 -71 
-85 10 141 
57 174 -22 
186 116 167 
59 -127 -68 
44 156 -173 
10 98 2 
-112 148 58 
-198 -19 162 
-23 -91 78 
-47 -125 -42 
81 199 95 
152 -144 37 
-90 -187 -162 
110 -87 80 
-22 34 80 
-142 -51 54 
-28 -33 172 
-21 82 -40 
10 80 29 
53 -58 -178 
-193 126 -141 
-149 -35 182 
196 -84 46 
-51 -109 12 
190 -86 -140 
-97 -157 1 
-149 -54 -179 
191 -135 150 
192 -15 -65 
-89 4 108 
-64 101 20 
1 -27 99 
-159 79 -60 
-32 -73 37 
-39 87 -75 
-100 188 53 
-1 41 -84 
112 28 -135 
-108 -3 -91 
-25 -37 -107 
-65 -136 -86 
9 -184 -100 
134 -70 1 
154 4 -2 
-167 197 -82 
-50 10 -148 
144 161 -47 
194 -170 -22 
-118 -185 97 
-89 117 3 
-164 82 -145 
64 89 -120 
38 -151 46 
69 -76 -2 
-133 -139 -12 
58 -110 -179 
-120 -164 187 
-132 84 -11 
-142 60 108 
-46 -75 -156 
112 -26 51 
-21 -112 1 
88 -168 38 
49 195 29 
140 -21 -73 
-57 -191 -75 
196 -85 9 
-25 65 -9 
-51 21 62 
59 -41 194 
-192 -176 56 
-136 34 82 
-15 3 -121 
25 -152 -80 
-24 64 132 
-21 26 180 
190 -124 -127 
-40 25 38 
79 -123 -68 
17 170 3 
157 -113 -131 
-33 83 52 
67 156 132 
-60 28 79 
-10 165 -16 
-160 49 108 
89 92 83 
88 42 -142 
11 160 -115 
79 175 32 
24 -25 129 
-58 80 46 
36 15 -168 
-3 143 109 
11 -176 -32 
76 -48 19 
-103 25 -190 
26 -90 197 
-26 88 78 
-76 24 6 
18 89 45 
-88 184 136 
-49 -135 153 
86 95 22 
72 169 -155 
-152 -194 -6 
-37 177 -108 
-18 185 71 
191 -73 -29 
183 -56 196 
-98 -3 90 
-60 -20 -140 
188 -4 45 
11 -67 151 
70 -69 -5 
-151 -92 127 
41 180 195 
1 140 -129 
157 142 2 
129 16 187 
160 90 7 
39 -75 28 
-69 149 -48 
-167 -120 63 
-200 -91 125 
-70 -36 124 
-39 42 97 
100 153 -95 
-32 177 -1 
-26 153 -89 
-1 147 182 
25 45 -16 
-75 -38 43 
-186 -9 93 
34 73 100 
32 26 180 
-169 -136 195 
15 191 65 
-107 61 5 
-42 -1 -68 
118 99 92 
-174 -157 -73 
-91 171 -5 
-74 12 -129 
-153 128 -98 
156 -16 59 
-44 -173 162 
88 81 155 
11 152 -29 
58 -176 146 
197 -73 -67 
-13 -25 -113 
137 -40 -17 
-77 27 -65 
-157 -7 -131 
-2 69 -29 
-113 149 -128 
156 -37 -45 
-148 -5 -40 
-36 -120 69 
-199 68 -24 
19 -99 -102 
-12 140 7 
22 2 63 
17 35 -32 
-175 81 -177 
-7 -21 -148 
100 175 -189 
27 103 168 
67 110 -177 
74 -147 -70 
-1 -172 19 
-24 -67 106 
80 32 -81 
-50 -142 82 
25 2 -19 
87 -33 159 
-101 31 -38 
-92 185 73 
-97 88 124 
-103 -13 52 
159 -129 77 
167 -181 -31 
8 -69 -22 
167 -198 -57 
-195 25 -16 
79 114 113 
75 -107 24 
-133 -135 130 
186 63 -16 
110 -173 4 
-100 -166 -27 
-44 -170 135 
48 -91 -12 
-40 -68 199 
59 2 -33 
70 -34 133 
-64 -29 11 
19 175 -181 
-27 199 -197 
20 -177 -45 
42 162 173 
101 -193 -64 
49 139 -61 
93 7 174 
-4 -1 -160 
-158 -1 -77 
87 -116 -19 
-133 -71 196 
-4 34 46 
115 197 -118 
200 60 -123 
-19 -167 -179 
-74 -45 103 
-105 104 -8 
130 -18 -186 
-95 -150 -43 
-174 57 -9 
184 197 -1 
-77 36 110 
24 80 71 
-103 61 -120 
108 -23 -61 
-96 -49 -22 
98 62 -53 
-109 -48 80 
-151 57 28 
-41 197 160 
6 -5 183 
60 195 -22 
-91 21 187 
-88 78 -183 
102 -153 -85 
158 180 -116 
-96 -191 -54 
-26 48 32 
-121 43 107 
-137 129 65 
-32 50 -82 
-71 -29 -13 
-84 -97 94 
-71 43 2 
-2 -76 24 
-146 -74 -127 
124 119 101 
141 -128 101 
-189 3 35 
-7 41 168 
51 123 79 
-50 -70 -78 
-191 146 196 
151 126 44 
163 -99 -42 
-49 183 4 
186 14 169 
-26 150 100 
84 -193 -181 
2 196 79 
33 -94 169 
-2 176 -197 
65 70 -95 
-25 100 176 
119 -13 12 
-51 -180 -131 
-71 -129 -50 
142 -2 -28 
25 -12 8 
-7 -98 76 
67 79 160 
-115 -88 -36 
-100 177 34 
-165 -148 -53 
-176 -40 113 
-58 -52 57 
-20 -157 38 
-183 -178 100 
103 -158 -180 
12 21 139 
-191 14 114 
6 23 -100 
-11 -177 196 
-142 173 180 
120 -6 -3 
-117 -173 62 
49 -170 -98 
-28 -152 18 
-36 55 59 
141 111 137 
-6 -93 -103 
-72 161 -195 
20 19 168 
22 61 161 
66 -184 -104 
-18 81 -65 
105 55 126 
39 29 148 
67 -15 -4 
-100 -81 -104 
-9 122 -170 
181 -146 -101 
-32 -9 134 
14 -181 -170 
-27 -70 5 
183 -58 170 
-139 86 75 
82 -163 -60 
-133 31 -53 
-2 95 38 
-1 3 4 
-153 -126 119 
-16 -25 6 
-176 -154 99 
-4 -12 -17 
100 -98 119 
-32 -144 24 
1 -6 -42 
94 70 179 
82 -40 -1 
154 23 76 
-24 172 -175 
-17 6 -183 
-180 -68 -131 
-20 118 -6 
-101 -181 -8 
-126 68 -197 
139 -129 12 
-29 12 115 
154 -98 -5 
-165 96 -161 
164 110 188 
131 -2 14 
-63 -86 61 
2 155 79 
-18 -58 -120 
7 -63 -174 
-107 193 -3 
45 11 -62 
61 147 60 
54 18 -172 
-77 18 -35 
-52 116 -38 
-12 130 8 
-4 115 -49 
-155 -16 132 
-130 -122 115 
-79 -37 -69 
137 92 55 
-6 23 -152 
145 25 93 
-174 -30 -27 
55 -160 -30 
118 171 -29 
-153 112 -99 
-102 165 88 
-57 -16 181 
187 98 -139 
-130 -19 158 
-121 -82 38 
158 -33 -149 
58 91 21 
6 -8 -194 
188 -9 172 
23 12 -26 
-82 179 -52 
159 79 -3 
115 -32 25 
77 -138 146 
45 -62 143 
198 -169 139 
118 53 -6 
-62 193 -58 
93 169 2 
-92 -36 102 
160 -186 -79 
199 82 12 
116 198 -62 
30 -48 -137 
-46 35 88 
53 165 45 
23 105 -39 
130 -76 61 
107 -115 -6 
-155 165 -127 
143 -97 -161 
159 -195 173 
-133 -166 16 
-147 97 20 
-3 -47 -6 
-38 85 117 
-35 41 147 
2 71 15 
152 173 -183 
-103 142 -68 
-37 85 42 
-87 188 18 
-45 55 11 
24 -23 184 
-42 139 -18 
93 -42 177 
-177 168 -110 
111 -31 36 
95 44 18 
-3 180 -51 
-58 -73 12 
-15 -180 190 
33 -19 -59 
56 88 -150 
21 89 -37 
-72 -131 33 
-32 76 -92 
-167 142 -57 
3 -56 -153 
-38 5 197 
137 55 -15 
-35 39 -97 
52 -105 15 
28 -191 -92 
191 -5 87 
-157 89 122 
36 88 150 
8 96 4 
-111 46 191 
-73 2 -168 
-95 -52 195 
-8 -12 192 
-4 19 21 
-51 -73 -162 
151 27 -70 
-113 46 51 
113 -166 -116 
-69 -85 -119 
33 -92 -65 
-13 92 -3 
-130 94 -125 
-10 -130 160 
-77 -12 -67 
4 107 -121 
24 -176 74 
38 -120 -87 
-29 170 -3 
149 -163 -168 
-8 61 -86 
-36 -138 197 
11 -133 49 
-172 140 -39 
12 153 -53 
-174 43 14 
36 -14 106 
-17 193 -152 
-63 31 -13 
41 170 -2 
70 -5 -47 
114 106 148 
184 -16 165 
-140 -1 145 
-41 170 -55 
-43 11 -145 
58 -153 64 
90 -162 -51 
-167 -173 1 
-48 73 102 
146 -10 20 
57 -176 6 
-102 -16 -153 
32 -8 146 
147 -17 63 
3 -90 1 
5 103 98 
95 16 -6 
-162 -131 -166 
-126 -37 -50 
20 -165 18 
-128 -186 -79 
19 -56 132 
13 43 -90 
134 1 113 
67 -135 56 
-132 65 85 
-115 -2 124 
88 -3 -90 
57 -4 -3 
-165 135 -196 
-3 106 61 
82 -26 71 
97 -147 -47 
121 88 169 
110 121 -199 
74 108 -122 
110 186 183 
-165 -50 -200 
-134 -126 59 
36 57 184 
-85 6 157 
164 -169 -127 
-147 40 -27 
55 143 131 
20 -53 -12 
-21 -193 -18 
111 -101 -138 
183 -184 122 
-175 -134 -18 
39 70 -87 
83 -130 165 
-14 -42 172 
29 -11 130 
-30 139 145 
192 140 -40 
124 41 4 
145 -136 -87 
-183 -2 -23 
122 -171 -183 
-101 117 -148 
104 5 184 
-78 48 -50 
-158 95 31 
-18 78 -79 
13 -115 -2 
143 76 -22 
-7 46 -6 
-109 -1 -36 
168 -186 24 
-171 125 -184 
120 -9 -21 
-29 -123 -187 
71 153 125 
58 16 119 
31 8 14 
115 -170 -69 
-35 -76 19 
28 -49 44 
-121 -130 -195 
-86 -119 13 
113 -55 166 
-165 9 -174 
66 -135 25 
-68 -189 -26 
-182 32 -117 
34 -155 -133 
75 187 -170 
-44 -56 15 
198 72 -76 
137 -135 -82 
185 -143 -59 
33 27 39 
147 -11 -50 
-47 76 162 
178 15 141 
-114 -146 37 
93 179 -188 
-67 -105 5 
-118 10 -11 
-79 188 113 
-99 200 -1 
-124 22 15 
-42 25 17 
65 -37 28 
-97 9 52 
-64 -82 50 
162 -6 148 
25 47 105 
77 -135 21 
-3 107 -180 
-55 169 -155 
184 56 -87 
-6 -192 93 
40 -180 -148 
-99 22 2 
119 42 139 
-17 190 -184 
14 -119 -70 
-143 -52 -124 
-170 -60 -138 
-79 129 5 
5 -100 169 
-31 -178 125 
113 137 -84 
92 1 71 
-178 92 -30 
67 32 -175 
-144 23 29 
3 138 41 
-51 -126 136 
128 41 -124 
-10 -1 80 
31 -73 67 
-41 57 -90 
182 3 80 
-118 -154 -1 
-85 -136 -128 
84 59 27 
191 45 -72 
177 -14 -9 
103 16 67 
153 77 -22 
-32 -8 74 
178 60 -73 
-108 195 -14 
63 108 -116 
-69 112 47 
38 -29 -184 
69 -149 197 
37 -50 -52 
187 29 80 
-51 -23 -65 
58 1 70 
-104 50 -4 
-1 59 21 
132 -110 14 
-62 -126 -59 
-175 -40 -1 
3 122 62 
-152 167 -68 
-164 103 -115 
-92 139 -23 
-186 -130 -39 
92 128 -1 
11 167 117 
-127 68 -91 
76 -38 154 
-195 18 8 
179 -3 127 
-123 -5 52 
-55 -22 169 
39 -161 79 
26 56 190 
-2 -52 -63 
29 -108 -46 
144 135 33 
-60 -16 1 
-68 140 -144 
95 -144 -54 
37 55 169 
134 -25 1 
-27 -97 -156 
38 61 -157 
158 6 176 
-104 70 -40 
-83 -79 -175 
134 33 -4 
-3 -160 -97 
58 28 -172 
195 45 -61 
-60 190 183 
29 2 24 
10 134 -1 
-61 -23 -8 
27 2 -198 
-17 28 173 
136 -63 58 
78 -165 155 
-125 -48 4 
136 -50 34 
-108 132 35 
59 200 -196 
163 4 47 
30 -10 -194 
-25 62 193 
-83 191 182 
136 194 -10 
-4 10 -154 
171 -33 -77 
-155 -183 -63 
103 6 -86 
198 121 -9 
-190 25 -180 
-60 110 -124 
-54 -43 184 
2 -9 104 
13 -5 43 
113 107 -81 
60 164 -102 
-28 15 -196 
-51 71 137 
-86 -28 76 
176 199 24 
90 197 34 
-59 -33 -160 
34 -112 148 
142 69 195 
150 -119 86 
14 61 -34 
-34 -1 98 
-6 -49 -138 
-10 14 -92 
129 -26 -106 
-2 77 198 
-39 -109 -24 
3 19 100 
41 -144 -77 
92 190 -145 
92 96 -125 
-156 15 -144 
133 -136 66 
9 -111 8 
-115 60 -23 
13 119 -128 
-100 14 91 
-117 152 -56 
-139 -49 83 
-194 171 -26 
-45 131 186 
-22 1 -66 
25 -198 94 
76 -77 -39 
3 -38 154 
-67 8 25 
9 -73 -158 
21 -7 -11 
1 154 -66 
12 -139 44 
100 128 -103 
-1 85 -117 
-34 -15 191 
150 -43 -4 
90 -113 -35 
-31 -179 -183 
45 153 99 
11 118 -95 
-122 -171 -35 
112 31 102 
199 -68 -138 
85 68 195 
-7 -12 193 
-18 -101 -181 
-113 155 -1 
114 -47 -22 
41 13 -115 
158 -123 -176 
1 -68 127 
-79 177 154 
-3 20 -94 
-25 2 8 
-58 -122 -193 
59 -184 195 
-8 4 -185 
89 11 170 
-10 -128 60 
-1 123 164 
96 98 117 
-170 -91 -39 
82 36 -42 
-23 76 -91 
-117 -168 -152 
3 192 -151 
25 142 -47 
-150 -137 -123 
-1 109 79 
-29 147 181 
156 -158 43 
166 172 -178 
-1 -25 -92 
191 -162 56 
37 -42 120 
-27 163 -15 
106 -47 58 
-185 14 -98 
-189 -32 5 
-16 147 -71 
-44 -199 127 
157 -49 35 
152 -172 -102 
136 1 -159 
10 -177 -73 
-64 10 -186 
-121 -8 83 
149 148 119 
148 83 106 
123 -161 -178 
-61 -11 86 
-112 -79 -94 
36 -92 125 
-17 121 53 
-91 132 -56 
85 -36 1 
4 -21 -111 
-50 12 177 
-30 89 45 
48 137 19 
25 -138 165 
-38 167 135 
-12 19 -126 
-102 125 -46 
-61 -98 -20 
-71 -1 -38 
-195 -3 -178 
8 -80 -17 
-4 -21 -181 
-175 12 -193 
6 -37 -195 
172 -23 2 
199 146 107 
-10 -65 -73 
132 -57 61 
-86 -157 -20 
183 39 17 
-127 -107 69 
13 137 3 
-44 110 -85 
-100 -52 -16 
86 -3 -123 
108 -147 -149 
-34 145 -8 
135 192 -162 
131 56 -194 
-42 -7 161 
-10 -172 -1 
-197 -134 -75 
-13 -43 -42 
1 -72 7 
-81 -41 47 
-113 -139 37 
151 -136 162 
-21 -57 -107 
-113 17 -114 
-199 -84 -72 
131 54 -101 
88 -157 -183 
-199 -37 63 
-55 53 184 
-40 161 34 
88 -149 -6 
33 -75 185 
170 175 -125 
36 -3 -164 
-13 -38 -2 
98 -105 52 
102 -125 4 
-70 -81 -51 
187 -7 -75 
-66 -28 106 
29 153 134 
36 -88 -67 
-45 -127 -2 
62 177 -32 
-77 113 -57 
1 -47 167 
-14 99 97 
69 -61 106 
-30 16 -64 
-41 -132 162 
-154 125 -88 
189 32 -73 
14 -30 133 
12 126 71 
47 -85 156 
-172 -8 -152 
130 -109 122 
