113 20 -5 
-8 186 26 
51 167 -150 
144 2 175 
-91 -30 85 
119 148 14 
-80 -16 -167 
-182 126 45 
74 -56 -196 
4 50 19 
-50 28 63 
193 118 168 
-92 -58 95 
54 80 -45 
28 16 -9 
-80 169 134 
-125 15 118 
151 -152 -141 
-147 94 -13 
-140 44 -54 
49 -20 -131 
191 -4 33 
4 -158 147 
-15 -7 91 
-4 -11 17 
106 -95 12 
-1 11 -19 
1 -153 -8 
-99 1 -134 
15 -193 93 
-42 -194 126 
-150 -146 -117 
52 -18 25 
-7 121 -195 
-52 -16 112 
-119 -84 163 
-145 136 20 
75 -185 -151 
-99 69 -21 
-17 22 49 
82 -22 -1 
-49 -118 191 
133 -15 -42 
-91 -154 49 
-164 166 40 
-97 91 127 
-12 -14 11 
-43 -140 -3 
13 183 -58 
84 -153 21 
23 -1 -20 
-156 48 113 
-129 -20 177 
-66 -61 144 
-44 140 3 
25 -119 114 
-103 -161 -94 
-102 -103 -18 
91 156 -73 
-3 52 -122 
21 33 -14 
183 -154 -55 
-1 -52 46 
14 -32 36 
130 -150 -121 
-150 -80 -16 
67 128 -3 
-7 -74 -24 
-135 53 32 
71 80 -87 
-40 -60 -108 
-34 4 -177 
88 -28 106 
81 19 -146 
-184 -55 -114 
-197 4 113 
2 198 -30 
67 128 -131 
-19 106 -97 
-139 -120 142 
161 39 -72 
163 37 -186 
-129 -23 -40 
39 120 90 
-58 -19 3 
136 -80 -135 
-107 -178 -127 
126 -18 -31 
196 -171 134 
103 76 11 
99 -165 25 
49 175 -25 
-96 79 3 
13 -86 192 
7 62 94 
-143 -52 -26 
-152 -97 187 
-47 120 194 
11 -76 35 
200 -44 67 
92 -148 -16 
37 62 141 
-95 103 174 
153 93 -121 
-110 -155 33 
5 -134 75 
-177 138 159 
140 -144 108 
-134 16 -118 
-54 -48 195 
-173 8 -153 
-123 -19 3 
133 41 31 
-32 -174 -18 
66 131 -139 
-1 -2 -145 
100 -165 -181 
-148 14 -50 
-137 131 -5 
18 191 170 
1 111 -176 
-3 142 166 
-35 17 127 
174 -59 134 
-150 4 -16 
-102 36 -87 
-58 122 -46 
187 -1 91 
-153 -159 -2 
46 17 -108 
-88 -22 -188 
44 168 -25 
79 -60 6 
-6 -4 183 
46 89 -9 
112 -84 46 
132 -94 -154 
-123 -152 -121 
79 -65 -128 
-118 182 24 
-1 -6 -137 
-2 -54 195 
-96 79 47 
-46 -16 -81 
-63 142 -143 
110 -69 -40 
-126 -44 10 
14 59 42 
-82 -37 -89 
-185 98 48 
-25 16 -47 
37 179 -25 
-199 100 8 
-23 104 -89 
-10 -13 89 
67 -163 120 
-83 -180 130 
5 44 -121 
-49 -36 -195 
-113 -36 -166 
63 -75 113 
68 -66 -53 
71 95 -115 
-160 -25 -78 
-191 -57 -100 
14 49 -94 
182 -77 -43 
157 76 -199 
32 21 -151 
-104 -49 24 
1 16 -110 
67 138 -63 
28 -142 -121 
149 36 65 
-27 102 137 
28 122 -105 
-41 -34 51 
-7 -135 25 
-48 -16 -149 
-124 -38 -2 
124 3 132 
-13 49 -118 
12 -34 -106 
-91 -7 157 
-168 -143 199 
122 -108 -16 
29 28 -15 
62 -152 -20 
176 -140 70 
81 17 16 
-131 -9 113 
-38 -61 -43 
176 -15 57 
51 124 90 
-30 -92 -9 
12 -65 -172 
57 58 96 
198 -177 -105 
49 150 140 
-98 135 181 
-167 -148 -117 
144 -37 -7 
-144 -9 86 
17 -7 -60 
71 191 20 
107 -53 -36 
2 39 -192 
-120 -8 -12 
-22 119 140 
-151 166 2 
174 -127 -14 
76 37 -57 
-122 66 164 
26 -168 -53 
61 90 -81 
102 -6 -123 
-27 2 14 
-167 168 90 
37 74 -55 
16 -8 -49 
-107 170 -7 
134 -10 -161 
137 28 29 
-2 -121 31 
-59 123 -12 
-130 38 48 
-159 -197 18 
-4 89 -130 
11 -150 124 
-35 20 63 
45 -108 50 
86 -75 67 
12 -10 30 
169 -62 -158 
65 97 -169 
-10 70 -34 
119 147 -157 
162 -43 36 
-83 -106 102 
198 -38 -64 
11 126 -84 
-27 -11 194 
-165 -200 -14 
145 46 -181 
-22 -57 10 
36 17 -45 
89 -48 -33 
-193 39 -153 
74 78 -109 
136 71 167 
98 200 33 
-16 23 127 
-73 -196 -119 
161 -160 -27 
-71 130 192 
162 132 -113 
42 135 127 
-86 -121 189 
-149 191 -96 
76 120 -199 
103 27 -48 
128 9 -158 
-9 -189 74 
-165 -53 83 
102 8 127 
-69 10 -100 
-144 166 -76 
-62 -156 -10 
50 -48 132 
-2 57 10 
46 -38 52 
179 -16 102 
75 -50 -76 
-25 -128 -64 
-49 22 -50 
149 -33 -191 
15 38 51 
-41 -183 -36 
-81 -186 -2 
51 -191 -18 
3 97 -167 
27 -40 167 
25 144 108 
-47 -45 23 
44 94 -6 
15 -137 -163 
-34 -14 -15 
-120 43 30 
-193 42 -191 
-37 -134 -151 
175 3 -117 
100 32 -71 
17 114 85 
46 1 -77 
12 -18 147 
-146 47 37 
1 -13 6 
-185 -67 -22 
27 -163 116 
30 -80 67 
-109 180 64 
-123 -146 37 
66 -176 20 
51 90 -79 
-59 -31 -159 
188 -6 11 
123 131 -146 
132 8 -49 
-74 -34 -49 
-109 187 125 
54 -94 -138 
44 -72 -22 
82 -46 114 
130 80 -21 
-100 -85 87 
98 -19 -92 
-15 80 -16 
-136 9 -29 
-104 -196 42 
197 139 -102 
23 127 41 
105 -109 -87 
64 -91 99 
180 160 18 
-63 1 164 
60 -132 -194 
11 -30 -29 
80 17 2 
-2 97 158 
-162 4 -16 
19 77 59 
87 -58 123 
71 119 -50 
-74 -191 9 
153 -140 73 
91 4 130 
-29 2 -179 
115 -64 186 
108 9 -27 
125 35 -150 
93 -79 -15 
44 -79 41 
-36 -69 -160 
88 -5 -1 
-133 -113 6 
-124 131 4 
-1 96 -89 
13 -33 -3 
-34 161 -144 
183 -107 119 
118 120 -5 
-133 60 8 
67 -96 -117 
-34 -24 -2 
118 11 -165 
166 21 6 
180 -171 -40 
-155 200 -50 
-34 155 131 
-58 57 -105 
87 13 8 
114 -175 157 
48 -16 44 
-15 57 176 
117 118 -164 
49 -173 -44 
95 -23 28 
-182 34 176 
82 187 -139 
-188 -15 11 
-79 -1 -29 
18 41 13 
96 -10 -38 
118 49 -113 
78 -23 -142 
-25 144 -124 
55 32 -178 
32 16 88 
-74 184 -79 
10 -68 -171 
-14 -147 -129 
-54 159 -165 
31 101 11 
-117 -30 -87 
-140 -165 57 
-104 -184 -26 
90 179 15 
158 -177 -63 
73 187 103 
-200 183 95 
3 -78 -4 
33 -138 14 
-23 33 -15 
80 -11 21 
91 125 -166 
142 179 6 
175 24 -117 
-34 188 25 
-9 51 -54 
-54 28 -171 
-30 -17 -103 
173 166 -22 
67 -62 56 
-37 86 -72 
-44 45 -78 
101 58 180 
-40 -30 15 
134 9 -181 
-121 116 -84 
86 -68 -198 
152 -39 -10 
-166 -23 -136 
-2 116 -107 
-196 -63 -18 
-57 -68 49 
136 147 51 
-114 -4 -44 
-6 21 63 
59 -46 -97 
-41 -123 67 
128 -10 45 
165 178 79 
-3 -55 2 
97 93 192 
-157 53 137 
138 -112 -73 
181 186 -84 
145 -36 41 
137 -176 -42 
74 154 147 
2 146 -98 
-51 136 9 
116 -86 -52 
39 74 -79 
60 84 -8 
-99 103 59 
106 192 -114 
196 -28 88 
-172 109 -11 
144 -32 -72 
27 184 -15 
61 34 -137 
80 -51 -27 
-13 -8 102 
-38 53 -56 
-63 162 7 
-34 132 -114 
-20 115 3 
120 -187 -5 
-109 18 47 
59 -23 138 
-109 -120 -30 
-76 -49 50 
2 48 168 
-43 81 59 
28 -46 -39 
-65 119 16 
86 34 14 
-161 6 36 
105 -18 -21 
-48 199 70 
-151 -7 -12 
15 -54 -21 
19 -63 67 
-24 183 -20 
-172 23 40 
16 -183 108 
-18 115 114 
-38 101 -3 
30 -58 -53 
21 187 37 
105 23 166 
-86 -23 -9 
-65 85 -139 
5 126 -171 
-96 153 -100 
-171 -15 47 
124 -85 77 
73 76 -41 
-114 -2 -13 
-147 -9 -173 
-102 -44 153 
2 -115 -173 
189 200 -69 
140 -116 63 
-87 178 86 
-197 -19 -85 
92 -40 119 
10 53 25 
-114 115 64 
-98 66 -147 
-99 -72 161 
61 -160 28 
-28 121 130 
-47 -82 194 
190 136 -129 
-59 -150 79 
-79 -84 46 
-1 -116 -196 
196 23 -80 
-118 -182 -107 
60 -154 -128 
-39 -199 192 
141 15 -33 
12 -27 28 
36 11 140 
-61 125 -162 
-116 -54 -89 
36 190 199 
58 107 2 
-4 -126 -30 
-148 48 33 
-96 145 -12 
179 53 55 
176 -32 166 
121 93 43 
-78 -16 85 
-74 130 141 
142 -27 185 
-32 181 -141 
93 9 65 
-159 124 -15 
148 -54 48 
89 19 52 
-165 -61 15 
11 91 62 
147 -29 -62 
53 13 -87 
-87 -61 -156 
125 -132 133 
148 143 4 
34 152 4 
-45 144 -14 
-106 -127 -119 
-68 179 127 
-21 149 -82 
36 21 -101 
-43 53 68 
1 -108 -76 
147 184 62 
-105 29 126 
178 -147 -36 
2 149 119 
-184 -107 -33 
1 -153 -85 
19 22 -88 
31 49 145 
-34 -56 106 
-102 -48 -80 
-9 40 -1 
13 -143 -164 
-8 -62 74 
-78 -11 54 
136 157 -92 
41 -24 -115 
-31 18 -115 
75 -156 115 
29 -9 -194 
-113 34 -80 
-25 -50 -70 
-18 -39 -2 
148 86 183 
-103 166 -95 
138 -187 164 
-90 -178 -21 
-82 30 45 
-89 -86 -159 
-65 57 -68 
-146 2 -30 
-12 38 -10 
-151 58 -76 
118 72 -43 
-129 45 -184 
70 31 84 
-12 -184 -167 
94 100 125 
-34 -77 -152 
-1 3 40 
-172 -25 -173 
-25 -66 125 
-154 -170 -142 
-50 -172 -5 
189 61 49 
64 30 -46 
-24 -64 -153 
2 49 114 
60 -22 -47 
155 99 -14 
-105 -178 -18 
28 180 45 
-198 57 23 
46 -9 115 
178 -88 183 
48 45 176 
-184 -167 189 
-53 -44 -66 
-133 -154 22 
5 -128 -32 
-93 -107 -16 
61 -46 146 
67 -48 -87 
-186 19 109 
-18 -49 87 
53 -155 90 
67 182 -23 
-125 89 41 
143 6 -49 
54 -27 68 
-3 107 -71 
-14 -7 -116 
-126 187 -180 
-39 166 -30 
-99 1 172 
12 150 -130 
3 1 114 
-195 75 104 
-110 176 26 
199 16 -134 
86 61 -47 
131 -26 18 
8 -130 -139 
-160 197 26 
-144 26 99 
59 184 174 
134 192 101 
35 164 88 
-39 83 -191 
-66 -100 -10 
-12 -85 25 
69 -184 34 
55 -5 -33 
110 -171 173 
87 -179 38 
-130 149 -135 
29 55 172 
-130 -126 180 
85 34 -48 
143 91 -22 
-11 53 144 
75 -158 -128 
14 5 182 
96 95 -132 
-23 121 -161 
135 44 -35 
-144 -6 33 
-117 4 -111 
10 2 6 
-25 -55 111 
112 154 57 
49 64 144 
-12 5 71 
-100 -66 33 
-178 22 125 
-192 -56 54 
-169 -64 -164 
-155 -147 130 
-190 -85 103 
109 66 101 
34 -61 -90 
-8 -38 119 
193 94 42 
-64 148 108 
125 -77 7 
-95 79 167 
67 147 -13 
-21 147 -12 
2 105 -23 
-21 -46 -129 
-7 121 40 
-46 19 -4 
-117 -94 30 
75 64 163 
-111 -175 78 
134 -1 -2 
-9 139 -62 
16 175 -95 
-131 -166 -35 
-39 20 -112 
-97 -119 -148 
-16 9 187 
-100 -96 145 
-9 56 -86 
186 -11 9 
-30 -1 -101 
-57 52 -9 
-178 -180 83 
-64 2 98 
173 -105 -66 
112 -13 83 
-92 -17 90 
-19 7 199 
69 174 -15 
-10 -163 9 
38 83 -185 
-137 7 85 
1 86 -200 
-36 -8 183 
181 -7 -140 
-11 -130 175 
37 -31 98 
-107 79 -7 
-146 -35 4 
59 -118 69 
159 199 96 
169 164 -60 
-46 -80 77 
-155 -13 -11 
65 3 196 
140 -197 168 
20 -149 -73 
-127 48 -133 
-102 139 200 
-15 -48 -153 
21 -182 42 
137 89 -57 
-151 -45 88 
-64 -39 -109 
42 168 -47 
118 -43 1 
-147 72 -105 
136 -122 -185 
-39 -190 -79 
96 1 -22 
-33 180 162 
15 -149 -23 
5 -200 -45 
145 166 197 
-123 -155 -18 
-130 147 -132 
-159 -44 65 
123 -194 59 
-105 -153 -181 
169 37 162 
193 50 -150 
33 -36 -1 
1 46 -26 
-72 35 17 
-87 -145 166 
98 -5 96 
2 132 126 
-191 -132 -169 
24 -132 -190 
-70 177 -67 
-69 -71 106 
-176 112 -127 
104 14 -57 
-163 -184 8 
74 72 -29 
58 -181 -24 
183 -75 -126 
-70 66 15 
121 -40 15 
24 174 52 
155 -33 132 
44 -29 116 
2 111 -172 
166 79 72 
3 -58 69 
-118 68 -97 
49 71 47 
-19 125 -31 
-66 -91 119 
131 -1 5 
71 -4 89 
190 1 196 
134 40 141 
-162 -2 -4 
-64 -127 -22 
198 45 -26 
-23 -12 -81 
169 4 -101 
-94 -139 2 
113 -72 -173 
81 -23 -171 
30 -93 21 
-200 4 -162 
131 -36 -8 
23 2 137 
-66 -29 -100 
82 115 81 
-3 -46 183 
137 168 45 
-131 180 93 
9 -72 119 
74 -69 -37 
-157 133 6 
-195 -99 -146 
-21 -79 -155 
-11 -57 18 
-78 -171 188 
123 -122 -96 
1 132 38 
62 -31 -181 
63 -4 -12 
160 -53 -127 
-198 52 -32 
-4 -123 168 
-106 76 178 
126 -185 184 
162 58 145 
149 159 -178 
147 11 -92 
-23 3 -35 
-151 182 -134 
2 57 -40 
-28 19 170 
191 -72 -45 
-74 -6 -104 
-80 -9 157 
-32 160 -105 
24 -140 -8 
16 -186 -108 
-4 -63 144 
189 -99 -16 
-114 82 -67 
-25 -9 154 
87 128 -127 
179 96 6 
40 57 -190 
17 -39 -3 
130 28 -163 
18 -16 134 
18 197 -122 
35 -108 -95 
-5 -165 164 
-4 -22 -59 
93 -14 186 
154 -1 141 
-173 72 39 
-8 10 -197 
-59 195 -18 
-58 150 -3 
3 -189 46 
3 -42 38 
-34 151 -154 
-141 -116 73 
37 -14 -1 
108 -84 8 
-32 -62 142 
-2 -168 51 
-96 158 -47 
103 186 88 
-192 -14 -178 
-29 71 129 
187 -71 138 
90 -49 139 
-113 -97 -33 
25 -91 -63 
-38 142 25 
-77 -9 151 
18 190 -26 
-125 -170 -14 
-170 141 -20 
-19 124 -115 
