155 -85 -124 
-56 138 144 
121 -1 -34 
198 55 83 
113 121 -133 
69 31 16 
-94 155 136 
-97 2 -13 
-1 -100 168 
16 28 148 
5 -114 89 
-194 58 158 
-134 69 -14 
-101 -104 -48 
-187 -155 55 
-150 -5 17 
-113 -178 63 
34 -135 -130 
156 134 -31 
29 28 73 
-106 -73 159 
-106 23 94 
24 -84 -5 
-156 -91 -126 
-121 9 -4 
-160 34 13 
-133 8 6 
-170 34 -136 
77 76 186 
62 -181 -67 
131 128 -71 
141 -88 75 
-169 79 -145 
-108 146 -29 
52 196 -79 
143 -9 104 
-97 51 -4 
126 -14 -162 
165 -117 -54 
-147 1 -186 
-162 34 -26 
-42 118 111 
-137 120 154 
-2 85 14 
198 95 50 
22 3 -61 
-143 -91 -156 
67 -155 148 
-76 -73 82 
191 6 -165 
-66 -118 -188 
10 28 -26 
-132 -92 -96 
-57 141 -85 
-1 189 -121 
-81 -17 178 
126 -5 -115 
162 -12 -10 
-34 155 -188 
66 -131 183 
59 -111 101 
58 187 27 
-162 100 35 
159 -166 -186 
82 65 177 
-3 -42 76 
-174 -155 -142 
12 -7 71 
148 -127 32 
-28 23 -92 
-40 156 -45 
9 7 -44 
35 31 -112 
-93 47 -40 
-180 142 -151 
51 -151 49 
-177 5 64 
-69 -45 -163 
108 -66 -67 
-21 97 142 
-6 68 135 
97 172 -120 
-156 34 -71 
102 162 -200 
1 82 46 
180 1 -175 
-184 -10 -122 
-27 -130 87 
-107 -22 -193 
99 8 52 
-66 -24 144 
-34 118 31 
-2 -98 196 
-195 -76 -135 
196 -108 -152 
174 99 5 
161 -16 -46 
62 -27 40 
-17 19 -6 
-12 -7 3 
71 -147 -177 
130 -8 18 
-58 -20 -2 
-134 178 132 
-1 34 -87 
154 -23 135 
5 73 41 
-174 77 -110 
-39 113 110 
-183 -161 -186 
-197 -147 112 
184 -161 73 
-81 2 -5 
156 -62 -48 
129 185 110 
24 -173 -4 
-149 -195 10 
7 -47 29 
-55 -45 185 
130 74 -109 
-2 -89 16 
-190 126 36 
-10 -125 103 
125 -60 -37 
-32 -13 -27 
-155 -113 8 
-66 -199 34 
-15 -70 -108 
1 144 -122 
178 -58 -39 
-184 -162 -81 
-7 -189 -100 
-128 -74 -104 
4 42 -60 
-199 1 -177 
-149 -57 -133 
-29 -137 -101 
-110 -101 -21 
-27 138 -136 
4 -9 -40 
145 67 21 
-14 113 16 
-137 -136 175 
32 -65 -152 
-174 62 5 
11 9 58 
-76 35 154 
-59 83 67 
-95 75 -40 
19 -62 38 
16 -11 -21 
162 25 55 
-177 -140 -5 
-15 104 60 
51 -179 60 
33 50 77 
-24 -10 156 
-181 69 -163 
93 72 182 
166 -96 -26 
-25 152 -3 
-106 -36 48 
-22 -194 192 
-35 129 36 
-57 -182 -23 
107 60 195 
-54 -60 140 
-35 155 189 
-42 -41 60 
197 -132 96 
-104 57 -39 
2 -154 -49 
-24 81 89 
77 -94 124 
-17 -44 13 
-146 14 -179 
36 173 167 
78 -68 122 
139 138 -189 
-161 181 14 
-104 -195 -174 
-67 184 129 
-163 -131 70 
-125 -11 134 
102 -117 135 
191 121 86 
-4 -107 -93 
-105 90 -140 
-158 65 -58 
25 39 111 
177 183 75 
4 71 143 
-39 -79 165 
-151 109 -69 
72 128 5 
13 -147 97 
-5 -35 -136 
-29 -42 163 
155 85 -2 
39 -104 -28 
133 -134 183 
-25 185 77 
95 -172 134 
140 35 -17 
181 106 109 
-2 84 127 
-10 -35 91 
19 -50 190 
-195 58 80 
-167 -29 -55 
57 60 9 
77 -151 -138 
-118 117 -71 
13 198 -33 
6 -186 98 
-172 -86 -29 
8 158 -115 
-170 -144 -116 
140 62 68 
6 169 -37 
-20 42 165 
-2 -1 -8 
-171 -92 38 
198 33 -170 
187 -2 29 
2 40 -8 
-167 110 -174 
116 196 -26 
83 46 -137 
-145 -18 108 
-171 -21 39 
140 -181 144 
-95 16 42 
-105 -153 -14 
111 -101 164 
-69 82 3 
-40 5 -193 
15 58 -36 
-116 110 -122 
12 46 97 
169 80 81 
-54 -84 -140 
24 -4 -7 
61 -29 108 
-76 151 -128 
18 193 161 
99 -124 111 
24 -179 72 
-16 192 -157 
-184 79 -5 
-144 -153 -54 
170 -100 28 
139 130 200 
-101 -57 27 
19 -186 -141 
125 91 51 
-148 -161 46 
142 14 -46 
-99 180 160 
-159 -161 -1 
-161 175 149 
-183 59 26 
104 47 66 
-52 -195 -11 
-69 165 103 
-53 -6 129 
103 -134 -82 
156 -101 -179 
98 173 83 
-20 -38 -173 
120 10 6 
86 -10 108 
-23 -148 59 
11 -166 -2 
33 199 45 
-1 -185 199 
85 37 110 
38 -91 54 
36 115 18 
-80 47 74 
-18 -37 94 
-189 73 63 
43 29 178 
21 120 -80 
-4 -82 -153 
-6 48 112 
111 -178 200 
-17 -155 -78 
-159 -43 28 
123 190 -6 
-157 89 -105 
-182 -146 -5 
-4 1 -186 
-35 23 -118 
40 5 -91 
27 -130 183 
-9 -37 -8 
116 -34 36 
-13 141 45 
-93 -155 -164 
55 32 170 
-88 -4 -128 
30 170 -119 
5 -178 36 
186 120 -54 
45 6 -147 
-46 -60 -164 
-82 -105 4 
192 1 36 
-11 191 160 
-30 51 92 
26 -39 -92 
23 94 77 
96 -59 -30 
135 -31 1 
148 107 106 
-184 -82 123 
-156 128 36 
30 -37 -22 
-5 -80 180 
-124 -143 1 
-30 -37 182 
-38 62 163 
-24 -151 -84 
-49 191 168 
32 -186 -197 
176 64 56 
7 15 5 
121 200 -98 
134 -10 -4 
67 -1 9 
112 162 -25 
-41 38 152 
144 178 200 
2 -7 122 
133 101 -122 
-6 42 148 
3 -36 -113 
103 23 94 
-175 -147 10 
-181 27 39 
-111 -2 41 
-35 -13 90 
-12 -124 135 
21 182 183 
-172 159 -61 
9 5 70 
-2 -53 56 
-123 -10 7 
27 130 -107 
36 62 -77 
46 4 -100 
36 -129 -91 
6 168 126 
156 -40 165 
155 -83 -193 
-168 34 37 
2 43 170 
3 132 -39 
-8 177 -126 
-94 12 -98 
104 31 22 
60 75 47 
114 -41 -54 
79 -8 -70 
88 142 -95 
-103 -72 86 
59 62 87 
158 -9 -43 
36 -23 161 
-189 -159 116 
30 -72 -179 
124 33 -181 
-88 -146 -198 
-143 22 -188 
-157 87 141 
-196 40 116 
163 166 33 
50 -133 101 
-129 -51 -26 
3 -192 -52 
175 -143 -50 
175 79 140 
-178 16 153 
78 -119 -138 
-34 -82 1 
50 101 108 
-185 -142 11 
108 10 85 
-74 -91 -143 
-174 200 96 
-57 170 100 
-152 77 -153 
-45 2 127 
32 189 45 
-146 52 102 
41 176 178 
-113 -77 187 
-86 -28 -70 
-154 -129 4 
131 103 -145 
176 119 8 
-171 -144 -65 
-186 -50 70 
194 -151 179 
59 -67 -179 
-11 103 59 
4 43 30 
-61 -101 -89 
129 -100 12 
-53 -48 -200 
75 -100 109 
-191 193 -55 
127 -115 81 
126 105 -19 
-178 73 -112 
-96 20 -27 
-8 24 -97 
-110 -4 -142 
193 -106 -108 
127 37 -49 
-1 -22 159 
100 6 -11 
17 107 7 
-24 -124 72 
-13 11 -121 
-48 -185 -106 
132 140 -124 
-160 -6 13 
77 84 -83 
-53 106 -93 
120 138 43 
-23 -2 92 
157 -197 198 
177 6 17 
40 -161 28 
-5 33 -196 
6 111 187 
-19 -14 -139 
81 -42 40 
109 47 -117 
-118 69 -128 
-4 -98 11 
-109 -38 153 
19 102 -140 
-37 -192 50 
107 157 135 
-87 25 -14 
61 27 19 
120 -34 47 
30 -109 -2 
-5 97 169 
13 53 40 
-79 13 78 
-135 -155 -40 
-21 149 -43 
182 -2 -29 
-42 -66 -39 
-44 -8 -186 
167 -175 200 
109 -8 -1 
170 5 56 
-10 3 -67 
-96 82 -41 
-140 133 38 
10 86 -147 
4 145 64 
121 -86 -6 
198 -152 40 
29 -175 83 
-73 -173 92 
119 -74 -34 
-32 129 179 
-22 -84 37 
-6 153 -11 
95 45 103 
83 -71 -14 
-59 -143 156 
-70 115 184 
-75 -52 -133 
104 9 107 
-22 -79 -47 
-71 -151 -78 
-10 188 -146 
51 -97 -129 
-74 55 -69 
67 -127 136 
110 -82 -100 
-137 -182 118 
-123 26 72 
-51 12 -195 
-112 101 -1 
-20 -35 100 
-43 19 184 
151 -169 37 
-104 -2 60 
63 -188 -26 
-195 49 -117 
53 -22 54 
-106 -193 2 
-149 157 97 
-53 94 1 
-127 11 66 
-163 184 -138 
4 81 68 
-112 60 -36 
-54 -101 27 
-6 -40 -44 
-148 -145 37 
-144 112 7 
42 200 43 
-17 16 -23 
8 7 18 
79 -150 -54 
34 29 -194 
17 155 -94 
-135 -24 58 
13 -1 -166 
-6 -148 23 
-82 200 -172 
-8 125 116 
-45 187 -124 
9 -82 129 
-90 -19 71 
144 14 13 
94 1 -15 
59 158 -176 
133 -4 -110 
95 -196 111 
-50 -115 -143 
-61 -35 -2 
5 195 -32 
-98 9 137 
89 -125 -26 
-133 -138 9 
12 39 -175 
-92 -15 -29 
-174 30 13 
-1 17 -182 
-123 -85 18 
-102 -114 64 
158 -36 -184 
-137 -95 -146 
54 187 -200 
-30 -79 117 
-2 60 -116 
-190 -114 21 
192 -139 -58 
-28 -161 -135 
-75 20 -135 
13 -39 -197 
-78 -197 53 
17 -25 90 
-49 -134 -44 
7 -1 -47 
6 2 -153 
-172 -124 54 
-37 -163 23 
-36 48 -76 
-13 -10 166 
-42 -55 -72 
-67 155 -13 
102 48 42 
70 164 11 
108 61 86 
110 -54 19 
-140 86 198 
6 22 118 
-103 55 155 
-98 9 76 
121 -108 44 
-33 96 -36 
58 5 -12 
-158 145 33 
108 -118 -11 
-124 44 18 
81 64 49 
-86 77 16 
63 -191 14 
-169 -92 -102 
30 111 -164 
-35 -93 129 
76 -131 186 
-138 97 26 
-196 67 7 
154 111 200 
-155 194 191 
199 -65 32 
-34 -114 133 
-178 77 150 
-77 111 -25 
-189 -101 128 
169 -175 145 
95 -55 99 
158 60 -88 
-90 -146 -1 
-164 76 -8 
80 133 32 
-54 -12 -21 
-49 -78 -14 
57 148 -167 
-153 28 1 
-152 -150 47 
46 -199 27 
-102 13 -115 
-29 -31 159 
-110 -184 6 
191 188 -125 
-10 63 -38 
-81 -20 59 
109 -139 -66 
137 142 181 
-101 199 57 
80 172 -71 
-87 -21 31 
-39 -157 -27 
-64 -100 -4 
-14 135 22 
-84 11 32 
-54 -108 110 
39 42 -14 
170 -62 32 
3 -176 115 
80 -185 93 
9 22 72 
-43 18 159 
23 -75 -196 
-59 -18 94 
79 33 100 
-143 60 -177 
-35 -14 -91 
-128 91 20 
-33 -35 -11 
-55 104 145 
192 -28 90 
83 -192 -106 
107 -33 84 
160 -198 7 
-61 107 150 
110 171 -152 
71 -153 95 
-70 29 -81 
40 -183 186 
151 -157 -99 
104 120 -71 
-61 -29 31 
110 12 106 
63 93 -12 
157 5 15 
164 -38 118 
-47 132 44 
-86 134 11 
52 -160 10 
-73 -149 32 
-159 143 -116 
-189 -46 69 
-49 -94 -54 
43 -156 -34 
-156 30 161 
3 -55 -19 
114 -29 180 
-71 -43 55 
-126 -123 184 
-18 55 28 
-8 27 -96 
-65 32 -149 
-135 -79 -118 
-193 69 -131 
-1 -121 -166 
-12 22 1 
150 -146 5 
9 166 -105 
-120 59 40 
-15 106 -148 
193 126 74 
-70 42 -136 
-71 -6 155 
81 65 108 
-179 30 -191 
-174 -93 113 
-127 -47 -143 
154 19 -26 
-30 -106 51 
24 -69 -54 
115 -75 -53 
-167 -46 29 
-14 91 71 
-74 -5 -93 
-3 121 26 
-16 9 -28 
87 85 164 
67 139 -116 
3 21 -187 
99 124 -4 
-78 -115 49 
91 -92 11 
-36 28 -6 
91 -39 94 
155 96 -88 
-139 50 -93 
14 1 171 
56 70 148 
33 103 14 
-64 95 -77 
-10 88 7 
-165 -136 -192 
-102 23 12 
2 -174 4 
-49 -128 67 
37 1 -55 
93 -186 41 
164 -39 174 
-50 134 -1 
121 18 99 
133 -120 -103 
-178 149 -177 
127 -185 7 
48 57 -29 
17 42 131 
17 188 117 
13 64 -53 
-108 -6 -139 
200 -28 -11 
-140 -112 -20 
106 -142 -170 
-1 -170 -156 
38 -132 -17 
74 -177 -156 
-44 15 99 
15 -157 -80 
75 177 -126 
20 19 120 
95 8 -23 
32 -112 -74 
-24 -2 -169 
48 -45 29 
-39 171 116 
-132 58 -11 
38 176 -127 
-71 -30 45 
-48 178 33 
-109 20 54 
56 -11 13 
59 -15 -26 
-150 25 128 
-10 102 200 
36 129 38 
120 78 86 
-175 -183 -17 
153 118 155 
176 160 -35 
-176 195 -30 
-88 -93 -50 
157 43 -52 
171 139 -7 
-17 82 -86 
-49 -53 -114 
-62 38 -90 
182 -44 -194 
-176 61 -162 
57 -59 -38 
90 -147 -29 
58 -192 154 
-175 -86 81 
-102 132 123 
-140 -94 13 
47 66 -6 
3 124 -19 
38 -34 129 
99 -41 -32 
-197 -189 195 
151 104 5 
9 36 -59 
-127 -176 193 
193 -157 50 
148 -72 164 
194 -102 2 
-54 156 -111 
177 -28 -100 
-69 125 -132 
141 32 -124 
-83 -59 33 
61 124 -154 
39 124 -20 
30 122 136 
97 50 -27 
123 178 79 
-142 119 -33 
-32 -13 -129 
-46 -197 35 
47 -13 -100 
-26 38 -104 
-3 -199 42 
57 170 66 
97 -98 81 
-146 -2 -69 
23 -41 -131 
-98 -84 -49 
-76 92 -24 
14 -45 -101 
-16 -159 -3 
-159 -49 173 
-139 33 128 
1 -82 2 
-179 -49 4 
132 -40 -116 
199 170 -34 
189 25 -9 
-24 109 -23 
-156 28 -138 
135 7 -111 
191 16 188 
156 1 -25 
-81 -89 -46 
12 116 118 
57 15 52 
-131 45 1 
-21 154 -143 
1 -61 19 
-62 140 -5 
173 -26 -163 
33 -7 19 
113 -157 -37 
62 -178 8 
165 -132 -58 
20 -14 -197 
-68 -70 58 
-46 -167 -86 
-2 -69 -119 
131 -174 -31 
-110 -200 59 
2 138 -18 
-8 108 93 
84 4 97 
108 128 21 
46 2 -141 
-191 -24 140 
-61 175 -34 
-31 -197 -32 
105 52 -39 
12 108 -115 
-63 107 184 
-150 43 -160 
194 -136 -33 
162 124 -199 
184 74 -20 
5 11 -184 
-28 -97 -152 
-10 -195 -68 
-16 27 -9 
121 -3 164 
185 -182 82 
141 121 -58 
95 118 -36 
