67 -41 -29 
84 51 -33 
4 -20 -69 
-116 -184 -11 
-73 104 -131 
46 92 76 
17 -52 -12 
-56 -182 184 
-58 181 -63 
132 7 -49 
-111 -131 -179 
-38 28 -109 
-179 190 165 
13 143 -88 
-113 -32 121 
86 71 151 
177 134 -139 
128 33 188 
152 -158 -57 
30 -76 -93 
-190 168 -12 
-3 -166 2 
-54 169 -92 
187 -34 56 
-15 148 -142 
-86 74 161 
96 -23 -200 
-132 -98 -186 
45 -18 -65 
-5 -62 -13 
180 -61 -107 
-116 79 103 
30 8 141 
-92 118 -12 
-180 -192 8 
13 191 -200 
-23 -56 17 
-59 81 18 
18 -21 -46 
-167 -21 -121 
150 -115 66 
149 -39 -90 
-121 -127 149 
47 65 -2 
93 -77 8 
101 -129 97 
-114 26 -49 
195 147 -73 
-90 116 -159 
-111 -12 155 
-54 -184 2 
-49 -142 -191 
104 -106 88 
-104 111 -121 
-71 187 -116 
59 -4 -31 
-131 102 52 
160 -86 163 
-171 83 18 
2 165 -156 
113 15 18 
-134 14 22 
-150 94 -7 
102 -169 -124 
148 7 -119 
-190 -80 -196 
11 -30 112 
3 -22 66 
-53 30 -12 
33 -110 163 
-10 23 -101 
-89 -170 -21 
3 -182 -63 
131 -65 -35 
96 162 -49 
45 121 58 
11 -9 -65 
-74 193 -29 
-150 -153 -114 
-196 81 -108 
-87 119 116 
127 184 176 
52 -38 -175 
-103 200 -121 
32 133 8 
12 71 25 
36 145 -183 
-75 -115 39 
-170 -23 38 
-190 94 -169 
23 192 -69 
59 -191 76 
2 81 103 
-25 97 2 
-131 -111 -18 
-98 6 -72 
1 -14 -17 
-137 -107 -190 
41 -108 25 
123 53 -89 
11 177 -107 
-60 -62 80 
-39 -26 167 
97 46 -47 
80 37 -175 
-67 69 -136 
-59 -51 37 
133 117 -31 
163 185 55 
-189 104 -10 
8 -93 33 
139 106 -66 
-44 5 131 
-59 -151 -12 
-155 -92 -68 
64 164 21 
-63 -159 13 
-7 -60 38 
89 -172 -3 
-120 124 -5 
-55 54 -171 
-16 180 -154 
163 -186 -164 
-86 -1 67 
182 -164 -139 
138 -135 85 
76 39 -5 
28 69 97 
-37 -76 -62 
-176 57 -162 
152 -24 -193 
176 200 39 
153 97 180 
-117 104 2 
181 153 -96 
-22 17 -21 
179 104 -5 
-52 57 -170 
70 5 -115 
135 41 160 
111 108 34 
173 -107 115 
-2 22 -56 
56 -85 126 
-181 99 -26 
6 171 62 
-184 114 -100 
-38 66 -146 
73 -104 189 
106 -40 -82 
140 -72 -123 
12 168 -108 
-1 71 66 
-116 135 55 
4 -135 195 
4 -165 27 
-151 -73 -21 
-190 4 61 
-119 113 -107 
-151 133 -111 
78 91 149 
-66 -166 176 
100 39 77 
-4 -45 -72 
-136 13 171 
105 33 -11 
125 79 -51 
9 51 63 
25 123 -188 
59 157 17 
126 89 -32 
101 161 24 
-129 72 -175 
-17 132 -14 
-95 155 25 
62 92 -22 
95 -113 190 
169 -106 34 
-7 -191 -17 
-2 -15 -139 
-174 65 60 
188 -51 -120 
50 -24 -189 
165 -135 27 
65 11 -38 
38 -68 45 
41 76 103 
-197 137 169 
53 -7 -69 
-88 91 165 
45 -8 -134 
-10 -15 59 
-2 -15 -63 
69 -42 -84 
-33 -23 -107 
-10 -106 -188 
78 192 22 
87 -149 -1 
160 3 36 
-147 -69 101 
-22 95 -14 
42 39 -126 
46 102 78 
-94 -123 -115 
79 -147 -50 
-43 -168 -117 
149 -57 156 
-106 138 -87 
-37 85 -8 
80 179 17 
51 -182 -112 
-146 -175 7 
161 -94 -105 
190 -53 75 
-19 -60 -81 
-170 -168 -184 
130 37 22 
-33 -137 -44 
-124 150 -21 
-48 -28 58 
-110 179 -151 
-107 137 50 
135 109 -25 
32 -61 -25 
-8 -31 -137 
-121 148 37 
-25 -9 91 
35 -168 195 
-46 -79 -81 
-2 178 -146 
31 196 170 
-1 -148 18 
-80 -136 125 
-84 -75 -1 
-183 35 164 
-43 -180 -121 
-59 -29 125 
55 -101 85 
50 -132 -34 
189 34 -12 
-22 -53 183 
132 -139 187 
71 -72 13 
-97 122 -57 
60 5 -68 
-25 36 110 
-45 56 181 
-70 -83 18 
6 81 -200 
85 53 124 
-167 26 -152 
-147 12 142 
-33 74 -23 
102 -2 3 
-139 -24 73 
-101 -56 -2 
46 -58 -83 
-19 -148 21 
12 -3 124 
39 -63 4 
-71 -42 -76 
37 6 45 
-62 -32 -52 
68 88 134 
-122 -176 42 
197 41 188 
-123 -158 -144 
-27 -200 -13 
140 -13 -88 
114 -154 -95 
-139 -10 -44 
16 166 40 
37 142 -173 
100 27 -141 
-147 45 -150 
26 -141 91 
10 39 -45 
-43 137 199 
8 198 -155 
-34 193 99 
71 154 27 
-24 -7 -93 
-1 -34 -26 
-23 -80 -110 
30 -39 97 
-116 -87 -20 
-1 42 122 
-171 130 12 
136 170 -36 
193 -118 160 
180 -27 -159 
130 -119 167 
-130 188 -144 
46 -158 11 
37 -161 -154 
-180 5 45 
-29 95 69 
169 -160 142 
-190 -58 22 
-177 35 -58 
162 -75 64 
131 -68 -65 
-24 41 152 
-63 -162 -37 
-121 29 -62 
-161 93 73 
-153 48 57 
-173 -42 48 
-14 132 94 
16 -23 -51 
-152 36 1 
-104 7 -14 
-84 198 9 
64 -102 67 
170 -48 -35 
-21 138 -81 
-43 -91 49 
1 199 -197 
198 124 -3 
197 85 45 
-92 50 98 
18 187 83 
42 9 19 
-1 -169 -73 
-45 166 21 
-114 73 31 
199 170 -21 
102 -121 2 
-48 80 85 
-54 100 91 
54 180 47 
-10 61 84 
-190 -93 146 
169 34 74 
59 -33 18 
-16 97 2 
-80 -112 72 
200 194 -102 
-170 -61 110 
165 94 170 
-160 89 7 
94 135 15 
70 190 -134 
-130 -176 162 
-103 67 -153 
24 -195 5 
-153 39 150 
-118 -99 2 
-79 87 -20 
-3 -31 94 
118 -65 68 
174 148 -45 
29 -197 195 
115 -125 45 
-60 -121 -25 
160 -159 -21 
-93 158 -73 
70 82 -53 
20 36 5 
48 -177 99 
114 170 1 
86 -96 -158 
17 35 -154 
4 -44 8 
18 -39 -20 
-158 -163 49 
78 177 -32 
-106 -192 26 
-127 22 -153 
-10 -108 69 
-119 -116 12 
-10 -17 -149 
110 -58 -22 
57 -130 -159 
36 -93 163 
41 124 57 
-136 27 -98 
56 -27 -178 
104 4 -153 
-97 197 -130 
-53 133 182 
90 -130 198 
-26 22 -12 
27 1 154 
-6 102 103 
17 -40 159 
-161 -88 -121 
-12 101 -94 
-31 -61 -155 
-64 9 154 
-31 -19 17 
189 -112 -37 
19 -48 123 
196 186 -40 
17 21 20 
-43 184 -9 
-132 143 -129 
115 168 13 
119 -151 9 
118 199 72 
4 89 147 
41 -76 138 
-129 178 26 
-129 -153 170 
94 -169 -150 
-37 -31 -12 
-167 12 -20 
200 -1 31 
44 26 -30 
-144 -192 10 
38 28 70 
-10 -40 -86 
120 177 -79 
119 -72 16 
-95 17 35 
-63 137 116 
-11 -187 63 
-6 -10 -119 
-88 -40 122 
169 157 -4 
-23 118 89 
52 36 138 
7 -83 -180 
98 -171 -75 
-85 2 -12 
138 -14 -108 
-100 89 -16 
6 -98 57 
-141 -117 148 
-175 -42 106 
56 -20 53 
108 -36 -123 
-7 -16 24 
191 -80 13 
-32 -40 92 
45 12 -57 
66 -137 53 
-2 -40 151 
79 -196 -18 
55 -7 138 
-95 7 -136 
184 -193 135 
38 99 64 
13 179 -29 
114 -78 -140 
27 -118 -15 
-3 -1 41 
-25 -112 41 
82 -72 -156 
105 -21 -8 
75 48 -171 
-50 52 -169 
52 -151 182 
103 -71 179 
-86 -177 -122 
30 -139 187 
-86 108 7 
2 72 50 
39 -187 2 
-98 24 105 
-26 109 -125 
28 -151 -31 
137 -3 -125 
85 33 89 
-194 -34 -104 
20 -120 -37 
-63 88 107 
150 9 85 
50 -3 -175 
-2 -74 -111 
2 121 97 
-1 -119 53 
11 147 -18 
28 -174 2 
-24 48 26 
119 64 104 
187 108 10 
142 -42 -34 
121 115 197 
166 123 23 
16 -177 -28 
-59 -161 -1 
131 -105 -126 
-56 31 22 
-74 -76 -101 
-119 149 -106 
74 8 -36 
-97 -3 132 
-72 -12 4 
-137 -25 83 
-63 111 199 
86 -72 3 
124 -78 69 
-36 26 29 
131 -41 25 
160 -81 -83 
-198 -192 175 
-28 -150 -95 
154 108 134 
-172 -178 -8 
23 -124 -198 
-190 59 -158 
-136 177 -97 
-125 134 -161 
-21 -172 17 
113 44 198 
1 11 188 
88 143 -54 
-70 119 -150 
2 99 12 
-144 4 -130 
-183 97 180 
4 -185 -43 
-40 -173 44 
-194 141 -3 
-171 -123 -170 
104 -188 -23 
14 -29 18 
-172 -17 -46 
99 200 71 
-19 -97 -60 
-30 16 85 
159 66 -187 
71 119 -138 
-178 151 78 
-24 -71 -45 
95 114 153 
167 -44 123 
-142 -60 85 
-45 -139 199 
-79 -99 -72 
-20 64 -155 
108 -76 195 
1 -137 -106 
28 111 138 
37 -151 -51 
62 -67 70 
-70 -133 19 
66 -57 -27 
23 119 123 
-7 158 -107 
170 137 -43 
-49 -158 -74 
-42 8 55 
132 5 138 
-27 -37 -56 
-41 -53 -66 
-127 -7 194 
-30 103 -128 
22 39 14 
58 -92 -91 
48 -61 -26 
197 -64 183 
-30 -84 3 
-82 104 12 
-56 -21 105 
37 1 52 
-31 10 42 
-103 197 195 
-4 -7 -87 
-131 -35 2 
70 -15 -130 
-68 -1 -9 
101 50 -35 
74 -61 169 
-68 164 -76 
158 173 32 
70 72 187 
-106 4 69 
-191 89 164 
159 -107 8 
64 7 -82 
-185 160 118 
186 9 -161 
67 19 141 
-28 124 40 
22 33 70 
-113 16 21 
-9 -78 -47 
47 6 -152 
72 148 1 
-76 104 59 
-179 62 -10 
173 41 94 
-196 -86 -164 
1 18 148 
-1 67 50 
-104 -128 41 
78 5 -187 
165 -110 -6 
110 -58 -113 
-85 -55 -111 
-156 161 119 
93 84 -143 
73 -49 -19 
-197 104 -18 
89 -74 114 
162 -79 181 
-140 -49 -95 
125 -137 -124 
137 -6 -78 
32 -83 -188 
67 -17 -195 
80 -29 -55 
3 -1 109 
-73 76 -105 
87 1 7 
117 118 -9 
6 199 -141 
-12 -99 39 
-134 -92 -119 
-11 71 -52 
81 113 -6 
-16 -8 6 
135 28 163 
142 -104 -2 
2 -64 61 
84 199 -190 
179 137 75 
164 79 -75 
165 -40 68 
-70 11 37 
10 11 58 
-12 17 144 
195 -60 140 
-36 -116 99 
4 -168 66 
20 -4 110 
-115 34 -5 
-84 -65 -40 
33 -44 -185 
-17 -27 187 
-106 -71 66 
153 78 49 
54 -31 -190 
143 76 138 
5 71 106 
-75 191 -160 
106 127 174 
-75 153 -90 
88 113 1 
-60 108 -22 
167 -105 -133 
25 -108 -78 
131 -15 -75 
103 -28 102 
-160 125 33 
170 45 -29 
188 65 85 
-183 185 -35 
101 6 -148 
-181 -32 192 
-43 77 111 
-25 115 42 
182 -99 -91 
70 15 125 
-155 -47 14 
30 -106 45 
-7 -164 151 
-26 140 -130 
82 -130 35 
-113 -140 -3 
67 -100 178 
5 14 -193 
-120 79 20 
150 -160 -126 
110 5 -109 
180 -25 17 
-198 -105 -85 
73 -49 132 
-12 -55 -189 
138 -118 75 
63 159 -17 
5 167 -163 
-121 155 169 
115 156 87 
13 -160 155 
16 29 65 
-60 130 13 
72 -125 -101 
-25 -14 -94 
14 -156 99 
-64 11 2 
195 53 -39 
-11 94 12 
58 -1 -171 
100 -122 25 
159 123 -32 
-152 47 40 
174 145 75 
-181 39 -137 
58 -78 93 
37 -190 22 
-42 15 -119 
92 -182 167 
23 -131 178 
-56 91 112 
8 -71 -9 
-171 81 102 
35 1 31 
-71 27 49 
147 -12 123 
100 -35 -89 
-12 5 -146 
193 155 -7 
94 -81 -184 
-122 40 52 
7 131 1 
123 -69 -26 
-67 -193 -28 
114 -11 -38 
110 -125 -73 
38 -125 142 
141 21 -38 
44 102 -140 
28 -64 27 
81 1 54 
-70 -128 -30 
176 -90 18 
198 -133 -9 
-99 -112 65 
60 29 91 
55 27 195 
-21 178 190 
194 -77 -171 
-41 -171 76 
162 -2 57 
-22 -46 11 
192 69 -60 
183 82 37 
-79 -131 77 
69 192 24 
80 -1 39 
19 -151 165 
-142 -168 79 
79 -34 -112 
46 -29 172 
3 -112 196 
-6 13 -34 
38 100 -36 
-43 110 180 
-122 -16 93 
155 107 -16 
198 122 10 
67 -161 19 
-46 7 -32 
151 141 -174 
-85 93 156 
-56 -193 -64 
-68 49 -54 
-81 -40 110 
163 -82 -76 
1 9 47 
10 -2 -61 
-98 57 -18 
-159 161 -114 
-187 -188 62 
169 193 -185 
-168 115 -135 
60 -141 -75 
163 -166 3 
74 105 -132 
-114 118 46 
12 119 -62 
84 -119 12 
-48 -44 -1 
98 44 9 
-30 -146 -161 
183 -129 59 
-1 -77 4 
-34 -30 -41 
10 -87 111 
-20 -96 -124 
154 -91 -92 
-9 -114 127 
-113 -106 37 
137 73 -157 
-10 -128 -31 
140 44 -9 
-173 183 88 
149 -84 72 
170 -33 137 
-3 -55 79 
52 4 153 
-4 189 194 
182 -60 -58 
-93 -21 160 
81 -163 -88 
-183 -167 27 
199 150 -25 
-172 -140 -80 
85 -168 125 
-30 -62 -149 
-78 62 -20 
-79 170 1 
-25 -108 -79 
157 -125 -30 
144 91 -22 
-38 8 27 
-3 -2 -193 
81 -28 69 
19 -22 167 
-98 -89 -97 
-138 35 -18 
-171 10 -162 
-136 -88 -70 
122 -139 -7 
1 96 12 
-51 11 119 
169 4 -121 
-87 182 35 
-168 18 -29 
94 3 -11 
-30 81 -2 
142 134 -4 
-117 -199 -10 
22 57 -164 
18 -107 -66 
-121 133 6 
7 -165 -35 
8 -33 -54 
74 -71 -85 
3 4 180 
-2 -56 32 
67 -182 -19 
-2 182 38 
147 -139 35 
-89 -173 2 
13 79 -36 
-87 -129 -175 
-87 -48 -192 
-70 119 148 
-146 -34 125 
113 -2 -195 
37 -11 79 
-110 26 -181 
-101 66 46 
-181 109 -31 
-31 -114 149 
-189 -78 -29 
-93 -31 -196 
195 -124 131 
17 -95 86 
-97 53 42 
-174 -183 46 
90 14 -173 
27 113 170 
180 41 -116 
-87 139 -7 
-17 -167 -124 
-141 -133 71 
-138 175 103 
-140 -53 60 
-172 -4 -124 
