199 50 -174 
-123 132 22 
-190 160 -71 
-13 192 55 
-79 -81 -72 
-24 102 -69 
-157 -86 -37 
144 -56 -29 
74 -10 45 
-193 190 -58 
13 -66 -95 
180 107 -190 
37 110 -26 
-48 -125 -61 
-12 -199 -45 
194 15 -157 
81 -104 -199 
-186 -157 42 
92 170 30 
-77 -170 -23 
-74 199 33 
-77 19 43 
-143 111 162 
19 192 133 
-129 -93 -107 
-101 27 6 
190 -133 -79 
87 -196 66 
-14 101 152 
87 -173 -21 
-2 -7 -186 
193 -8 166 
167 199 45 
-186 -132 -131 
177 -44 191 
-146 -169 15 
-95 128 127 
131 -25 -127 
21 151 -60 
59 -76 -194 
74 -43 -150 
-147 192 -91 
-123 65 -9 
69 157 4 
82 177 -6 
-116 154 171 
58 -60 151 
-53 12 19 
-3 -32 -79 
-199 132 141 
-2 56 8 
89 56 -40 
-100 29 102 
-115 -13 179 
-164 -12 -35 
-66 -159 184 
-95 43 196 
186 42 136 
86 -5 -150 
-48 20 -120 
-24 9 -185 
-60 55 -178 
-191 139 91 
96 -85 95 
-106 -16 59 
-5 -200 -88 
79 94 34 
-36 96 -2 
-146 -80 12 
108 90 -167 
-42 152 63 
152 101 86 
-164 12 67 
-67 -16 -116 
153 191 -165 
-21 6 183 
142 -48 1 
131 -20 -98 
-64 -44 -14 
49 157 76 
59 -6 138 
147 -151 -197 
-124 -158 55 
-104 -3 55 
188 -24 -36 
-49 31 -186 
-49 -177 164 
-180 164 21 
10 -109 173 
-77 -102 -181 
35 55 63 
137 -131 119 
-135 172 -13 
-105 68 199 
118 -24 -178 
189 142 -176 
132 -34 12 
99 -176 -170 
-55 5 -2 
-57 -80 71 
-12 -58 50 
53 -187 173 
45 -57 -38 
116 96 197 
115 38 -103 
8 -25 146 
84 149 -13 
161 24 -169 
105 -158 186 
136 18 -1 
-86 -70 133 
65 176 -104 
-10 149 9 
135 -156 -152 
-170 130 -15 
71 41 -79 
-14 -29 -7 
64 -174 -61 
-76 -182 -19 
108 16 -61 
-53 -128 -38 
-2 142 -95 
-156 136 -112 
1 145 150 
157 66 -103 
-101 -93 -166 
-97 101 -59 
-26 85 199 
149 72 31 
-94 65 -138 
-179 66 -14 
-18 -69 22 
-104 -175 -194 
18 157 -85 
-107 1 -82 
-173 -42 159 
-114 25 14 
198 -119 101 
-135 -169 -13 
-173 -147 -158 
169 -31 161 
-195 -49 -88 
22 -68 -30 
-21 66 158 
-96 34 -137 
-45 60 24 
120 15 83 
-58 -91 -174 
21 -39 -115 
138 -99 111 
3 -192 156 
184 71 -63 
169 -35 93 
-175 -15 39 
2 190 126 
-163 61 -126 
-198 -2 64 
108 76 -101 
-77 -114 200 
-53 -155 20 
200 -20 -28 
-22 129 99 
53 -51 2 
-50 -135 -38 
-92 -84 158 
-44 -2 77 
121 -40 -23 
100 -21 167 
27 -69 -160 
1 -53 -89 
-6 166 -119 
-167 8 21 
-151 167 -179 
106 150 43 
117 -170 42 
4 25 -62 
-5 -70 -2 
-26 -96 23 
-35 -73 -52 
-18 -95 52 
182 173 71 
-59 133 -56 
107 -163 -106 
-9 198 5 
-150 141 -79 
-26 28 98 
71 7 53 
107 4 140 
-172 -3 -82 
107 6 68 
113 10 -135 
147 127 59 
188 150 133 
-11 -15 -174 
178 69 -16 
-18 155 134 
2 -22 102 
37 -112 11 
102 113 -57 
91 159 -84 
-130 102 93 
-17 131 26 
-8 97 -54 
8 26 185 
43 134 195 
34 130 4 
-118 22 17 
-31 15 172 
42 -6 25 
148 -4 -81 
-39 144 157 
-185 180 -16 
37 -1 -32 
-54 -142 62 
84 -154 -4 
-37 44 120 
-187 -174 -175 
-23 63 -33 
-169 -199 1 
2 -3 -78 
153 -133 198 
-15 -167 -1 
123 118 -27 
30 -177 -183 
1 191 121 
122 39 -27 
-121 52 -47 
-86 -76 72 
29 -128 6 
-81 145 -47 
46 -17 50 
145 88 -100 
74 -17 80 
-178 64 46 
39 10 163 
15 -114 73 
-171 1 88 
-95 -83 -122 
-151 38 101 
22 -71 -200 
-137 -113 -70 
194 114 -49 
140 189 16 
80 -131 -85 
-200 -171 44 
-49 -192 8 
60 -6 -9 
197 -196 -168 
-53 -107 69 
104 -24 140 
-178 -159 157 
150 -164 169 
-142 -33 151 
-97 -194 -6 
-126 187 33 
130 -17 -136 
176 -117 69 
113 195 121 
114 -78 -31 
17 -175 134 
5 127 152 
-56 -162 -25 
-100 199 -197 
-124 -151 -183 
-14 190 3 
-53 -79 12 
142 156 61 
56 125 -48 
-150 195 44 
-4 43 -19 
98 162 -69 
98 12 200 
6 175 -123 
37 81 -24 
-134 185 -150 
64 68 59 
56 -89 196 
16 7 56 
72 -1 -100 
-112 93 7 
-93 182 178 
-6 -73 -120 
-13 140 71 
125 -160 90 
75 -30 -83 
179 -65 79 
92 -3 172 
115 65 79 
-6 -103 -45 
20 5 -110 
-113 -48 -85 
-27 52 -100 
53 -79 -159 
167 2 -109 
124 107 94 
-166 192 -90 
-120 -115 -23 
148 101 -171 
-111 59 -1 
97 -51 172 
132 -4 -51 
-184 29 47 
129 -154 -86 
-59 -18 55 
128 19 112 
105 -44 -81 
-86 -34 106 
90 -121 5 
5 180 29 
-161 132 67 
-141 131 7 
131 -6 -189 
-8 48 -118 
-21 131 112 
-130 172 195 
71 10 -1 
75 -73 -199 
24 102 139 
-151 1 -125 
36 161 -39 
-110 -71 -17 
-130 52 200 
164 -168 54 
-130 -169 -54 
-65 -151 1 
60 57 -183 
106 -46 2 
-85 -162 -115 
178 26 134 
129 7 -19 
-4 171 -183 
58 77 -39 
109 -80 -79 
59 -29 60 
-60 57 29 
143 11 44 
95 -200 105 
-25 -155 36 
136 -128 -153 
23 86 134 
58 158 160 
-91 -183 -169 
-6 119 38 
142 -95 -172 
196 -57 -25 
-114 91 -115 
2 -149 34 
169 137 -126 
35 -187 130 
48 8 -139 
-5 24 -21 
-10 -138 85 
-121 -132 -68 
-31 187 70 
52 -136 121 
106 187 48 
-3 43 -2 
67 -91 23 
-95 -10 49 
166 -24 -86 
93 -185 -38 
138 -52 94 
-198 18 -77 
21 47 149 
21 -22 123 
-195 39 107 
10 -52 -198 
-152 177 -83 
125 -155 -170 
149 173 -139 
24 123 68 
-54 153 46 
98 96 -105 
141 -81 -91 
157 -147 -2 
6 110 -3 
84 -116 66 
-47 171 51 
113 189 -77 
-3 115 -5 
49 -8 87 
21 -141 55 
13 -109 -122 
-129 50 164 
-92 10 -98 
-5 146 -46 
-161 -115 -153 
-110 -2 49 
-126 6 38 
-10 29 153 
39 19 101 
50 -151 -191 
-26 158 49 
107 -93 -33 
-198 116 136 
12 109 -88 
-4 106 63 
90 -84 -39 
-164 -106 175 
98 -123 -1 
-13 30 -29 
-169 52 -181 
-10 4 -87 
179 10 -40 
-4 -92 -40 
-12 168 19 
154 161 -129 
58 163 124 
71 89 96 
-54 -89 5 
40 75 39 
-10 -168 -143 
192 -70 -92 
-10 -113 -60 
-2 -10 19 
29 28 -84 
69 28 195 
69 -67 63 
60 -53 7 
150 11 13 
180 -167 17 
-15 -81 -32 
-121 49 192 
-136 -178 -62 
-119 -41 -55 
-29 167 21 
177 -72 -141 
-189 45 89 
-123 -23 153 
-107 142 13 
36 -46 -196 
-5 199 40 
-76 -88 126 
116 -186 -22 
26 -42 171 
26 64 130 
114 118 -176 
60 81 158 
67 2 -199 
8 -68 194 
-19 44 -137 
-15 26 -71 
96 -7 -191 
-172 -66 105 
-38 -169 98 
6 -155 19 
-10 98 31 
116 -29 -75 
-114 -104 -30 
-1 -57 -30 
4 -174 -134 
37 -108 -18 
-99 -162 -178 
24 51 -38 
-26 175 139 
101 -80 -150 
41 -55 -196 
-42 52 28 
134 -155 -7 
98 -26 -96 
15 -94 162 
200 -25 60 
5 86 -64 
-140 -196 155 
-34 -105 115 
22 -37 -20 
-11 10 121 
-172 -40 15 
57 -128 -79 
115 64 153 
105 -16 -86 
-30 91 57 
-85 12 128 
-78 70 138 
-65 -87 -118 
97 -122 74 
8 -199 116 
-91 -135 -75 
-111 -122 191 
149 189 -166 
30 88 11 
147 -161 -62 
49 104 -157 
-157 -155 161 
85 -95 -172 
-93 54 108 
-23 -133 195 
178 -40 -64 
-141 96 38 
110 2 41 
-168 -152 169 
-15 -188 127 
95 -23 122 
91 -150 93 
133 -158 -150 
30 44 -60 
-49 104 -163 
-195 -46 4 
131 22 32 
170 40 131 
-43 -103 -171 
-9 166 144 
6 -98 168 
150 -68 -108 
21 -93 38 
-157 95 197 
-72 1 31 
33 56 9 
69 6 128 
5 55 182 
1 -135 -143 
-171 132 -197 
6 9 -23 
76 -24 95 
138 9 11 
82 -114 98 
123 -27 -33 
175 -164 34 
17 12 -129 
-21 32 82 
59 115 -28 
-192 -96 -16 
6 197 3 
85 -177 4 
-149 -22 -2 
-137 -70 -181 
-149 23 -16 
180 -13 -35 
-18 -44 -16 
-160 163 153 
11 178 -64 
-84 180 44 
-174 -59 125 
-47 -34 141 
166 -199 -194 
-28 -1 94 
-75 -18 171 
120 62 -1 
14 165 44 
159 94 -125 
34 -97 -1 
-8 -66 -10 
-179 184 -186 
22 41 59 
-54 -115 -99 
-78 -111 -177 
-3 -82 -28 
183 159 191 
7 -10 135 
109 170 -16 
-72 74 124 
128 87 -178 
-196 96 20 
-70 104 -89 
78 -163 -151 
156 183 -2 
111 -178 -23 
-35 -3 -125 
-40 -72 -86 
-50 -30 -92 
-180 12 103 
-1 -172 2 
-151 -158 78 
149 -9 -135 
-21 -122 -166 
-41 130 17 
-170 -71 176 
141 164 118 
63 115 126 
-46 11 -31 
-131 -22 72 
-173 -45 166 
6 189 -158 
-122 -11 187 
67 142 18 
96 93 83 
-197 -73 -22 
172 117 92 
23 172 17 
-2 -191 21 
118 -18 -78 
54 -109 58 
-30 12 -92 
144 97 -153 
151 -82 109 
106 24 25 
121 -110 8 
-70 -67 -39 
166 -108 -123 
7 133 102 
117 5 199 
67 90 -31 
-36 88 119 
-8 -104 12 
36 -30 -193 
-136 177 -152 
17 112 -183 
23 -154 -21 
118 159 -55 
107 98 -82 
149 190 38 
-32 21 -11 
162 36 74 
27 137 44 
183 171 83 
-152 -173 -42 
-84 -32 -17 
95 41 -184 
33 130 27 
-159 -165 30 
-65 -86 11 
181 87 41 
37 107 84 
155 -9 -123 
98 -155 -46 
-186 167 127 
-27 -159 -117 
150 -44 33 
-172 -41 180 
47 156 -86 
-140 98 157 
-19 125 -126 
147 -183 103 
-44 166 190 
-133 -60 97 
49 -31 -13 
-173 9 52 
-17 -194 53 
1 -102 -25 
-138 -18 38 
-106 186 -21 
-101 124 -51 
90 72 -144 
-134 180 109 
-93 6 131 
-28 -135 -19 
-168 157 -97 
97 80 -197 
-152 -16 159 
15 -8 41 
-102 12 -2 
-132 -27 -34 
80 166 -65 
175 82 85 
-195 -179 -85 
-83 1 -68 
142 -167 12 
4 -30 -85 
17 -141 -73 
47 15 84 
20 64 127 
21 -72 -54 
-162 -17 -200 
72 7 -182 
50 1 39 
-30 -185 37 
-136 -18 -4 
-85 -11 -1 
-162 -47 -13 
9 -110 40 
-183 162 74 
34 -52 130 
-104 154 71 
15 -193 117 
18 31 112 
-150 99 139 
-44 199 71 
100 3 -153 
-127 -2 199 
31 88 150 
3 -91 81 
-15 64 -183 
-85 173 145 
-11 -164 128 
12 185 172 
24 -91 85 
57 60 200 
157 -131 -83 
106 152 17 
141 38 -190 
79 15 -89 
-23 -131 104 
-8 -71 -18 
41 56 9 
-2 109 -11 
102 -94 -62 
-170 -72 190 
25 18 -77 
148 19 -136 
-171 43 -69 
-109 -194 -24 
-174 -25 106 
4 199 19 
12 67 -108 
130 121 -31 
-143 -30 -151 
-166 -13 27 
-19 -20 -26 
-138 20 -101 
164 12 -172 
-79 -47 -139 
71 109 135 
-148 -46 -162 
-143 -58 -103 
113 -29 17 
6 95 -4 
-119 -3 42 
99 -184 -14 
1 82 141 
82 113 123 
-33 -21 35 
199 54 32 
-78 -171 41 
-94 -111 140 
-129 2 45 
-1 139 169 
-91 -38 -52 
107 3 -150 
-45 166 -176 
-55 -45 -96 
-183 -177 -106 
-14 -31 -20 
75 153 -72 
109 -170 31 
-99 -196 -166 
-12 -25 6 
-64 194 -164 
-161 -1 44 
104 15 7 
-27 -10 117 
-95 152 -132 
-52 -73 6 
151 37 88 
-92 123 4 
52 3 112 
-161 -25 80 
-135 79 -163 
-87 -154 -127 
81 -10 136 
-84 -116 45 
-27 -14 199 
-145 -14 -138 
-15 -141 -93 
-100 52 -102 
4 -95 -186 
-124 184 125 
-183 120 -121 
-115 178 125 
-19 -171 -106 
146 -97 34 
-181 11 -148 
-161 -29 -142 
173 178 37 
136 -192 -105 
14 -41 -72 
47 -71 -137 
125 -44 -42 
83 -162 4 
-99 -169 -155 
-126 1 107 
-22 84 -136 
67 42 -192 
96 63 -162 
166 -186 65 
32 124 45 
-57 74 -2 
1 -31 -125 
-101 130 3 
-144 -122 19 
-37 130 -78 
92 -125 -167 
100 -113 72 
129 -192 161 
-40 -80 57 
177 32 -167 
60 -192 -127 
-16 -84 -187 
-155 152 140 
-156 -12 -49 
-135 69 122 
146 -98 -188 
26 98 -20 
-115 165 67 
-2 -20 -88 
-171 53 59 
85 88 92 
35 158 -102 
14 31 -178 
31 133 11 
192 106 -138 
84 -65 80 
-47 92 -13 
63 -172 -79 
-49 -1 4 
80 46 -121 
-167 100 -171 
-99 32 -93 
-34 88 -50 
-56 -69 -52 
170 127 -8 
-147 -172 -40 
-132 148 -155 
39 -97 156 
-69 -7 -70 
-48 -157 106 
-195 -197 99 
187 156 -91 
-72 -130 -140 
-114 -155 11 
-52 -138 -28 
41 -91 72 
109 98 127 
-147 2 95 
34 60 -12 
143 -113 160 
41 81 -158 
179 15 -2 
119 99 190 
183 33 -91 
82 149 141 
-38 65 171 
-22 146 121 
84 6 14 
-16 75 38 
-64 -149 -65 
132 -44 66 
-15 34 -137 
111 159 -188 
-44 11 -146 
96 62 -31 
-4 2 43 
185 164 129 
82 39 -144 
65 -45 46 
-9 -12 6 
50 -200 -5 
-27 137 -170 
146 -37 59 
-173 -143 -158 
-156 -56 -166 
2 -147 -123 
10 -26 114 
30 -6 -74 
-109 -4 -1 
-96 -191 -78 
-138 -11 -24 
-28 -185 -25 
-3 70 -37 
-18 145 59 
-143 111 60 
113 -93 164 
13 -90 149 
-18 -172 82 
-10 -29 21 
