-7 40 -96 
-173 184 16 
-175 -60 10 
-146 -53 -45 
-74 -105 -72 
117 -39 -55 
61 39 100 
26 -6 9 
-174 4 5 
120 178 93 
124 72 -27 
-18 -139 43 
162 74 78 
-127 65 159 
-193 2 114 
41 78 81 
123 -160 49 
-156 -69 -42 
-25 198 -14 
-170 160 143 
70 127 -72 
-178 39 -92 
-13 -188 -47 
82 102 -181 
156 132 190 
44 -43 -18 
89 -200 -35 
-94 53 -62 
-21 105 -112 
-114 -158 -189 
91 -6 -164 
75 -49 -125 
-200 5 -38 
-31 42 125 
129 158 2 
-40 -161 124 
-126 -193 -200 
-70 -195 -54 
7 -175 -171 
-43 -8 64 
149 14 32 
-1 -3 -38 
-22 67 99 
41 -107 147 
88 -62 191 
30 -89 -145 
4 28 43 
121 197 124 
163 -187 -62 
-27 149 -44 
11 -127 7 
95 -7 -64 
-2 6 -177 
134 9 -64 
-106 -68 54 
-141 -118 174 
15 110 -35 
157 145 -24 
197 14 -134 
4 149 70 
106 164 -160 
115 37 22 
167 5 -33 
92 -88 97 
89 -82 42 
-89 140 -174 
-11 131 26 
33 194 -82 
114 -46 167 
22 123 63 
172 -108 92 
37 196 -106 
-121 184 31 
-14 -110 -79 
20 96 104 
-97 -137 -58 
49 88 -189 
16 163 -24 
28 65 77 
40 135 58 
59 200 96 
79 -1 11 
4 87 9 
4 -103 65 
-62 -64 -63 
4 130 128 
-53 -182 -88 
47 -6 2 
-57 107 129 
-43 -9 87 
-172 -82 -187 
133 90 168 
195 188 -125 
-183 77 -57 
-111 146 14 
-118 10 3 
-93 -70 -106 
-116 -93 -160 
92 8 -140 
-129 199 7 
124 47 -191 
158 -72 19 
175 -165 127 
-85 41 113 
-95 33 101 
-6 146 3 
-67 197 166 
71 27 -36 
155 -113 -21 
-65 36 91 
61 -159 90 
76 160 -39 
135 -169 -120 
-91 -38 175 
-197 20 -67 
133 -17 18 
2 -10 -1 
190 61 -14 
110 152 -32 
-78 -152 15 
-22 -7 -68 
-79 194 41 
-31 178 12 
-36 -120 122 
-181 16 -155 
33 119 -73 
-40 195 140 
-95 -104 -65 
46 30 -130 
-111 -1 -64 
-35 105 172 
103 -73 -61 
-135 158 -125 
26 33 113 
35 -120 40 
119 10 -68 
-134 -118 -8 
-22 -186 122 
79 -185 45 
173 10 -107 
3 -140 -12 
-137 -29 -47 
112 -4 8 
-45 -178 96 
-5 -56 73 
71 110 68 
-180 57 -170 
-182 188 -55 
-67 -143 -54 
-138 198 91 
165 114 -28 
51 163 -34 
136 -89 -111 
94 -23 53 
90 41 93 
-65 99 -156 
1 128 17 
108 113 -192 
94 -48 123 
45 17 -181 
113 115 -74 
-112 2 -84 
-122 -30 -8 
-97 19 107 
14 -1 -53 
133 199 -16 
156 -155 -106 
45 -11 21 
-12 -75 181 
-5 49 153 
-176 38 -168 
-33 104 106 
161 133 32 
-8 26 -130 
-125 139 184 
197 89 190 
52 -42 -171 
110 -26 163 
105 167 200 
-81 -174 -200 
-116 170 74 
161 73 139 
41 112 84 
-150 -94 -30 
149 174 -21 
141 -102 -67 
35 36 101 
-15 -1 5 
48 57 141 
13 77 -121 
52 -41 96 
-124 -20 -153 
170 48 153 
126 -61 22 
199 24 -100 
-18 45 41 
44 -77 93 
13 184 27 
-53 -31 -23 
135 92 39 
117 62 -181 
187 -170 -155 
8 29 134 
-80 -177 -43 
95 -2 113 
-164 -88 3 
198 -21 176 
-102 22 35 
85 19 62 
-27 -78 -193 
-27 162 -119 
-108 -194 -195 
190 172 -86 
-26 33 12 
-96 24 29 
-56 137 -31 
-64 115 -170 
36 -23 154 
-30 193 149 
-31 33 3 
-115 25 -184 
-15 -48 -115 
-33 -23 -134 
78 130 -190 
-77 -161 187 
65 -85 -34 
40 43 -37 
198 63 -81 
-55 -117 173 
122 -42 -56 
111 115 19 
-21 1 145 
-121 -106 -109 
-15 118 54 
-53 42 -121 
-131 6 145 
-161 -135 -160 
-152 42 6 
-14 96 174 
115 -5 -110 
128 -148 -29 
109 172 39 
42 79 -10 
-138 -182 -136 
-152 -19 178 
4 83 -137 
-129 122 -7 
32 130 107 
-55 104 108 
-100 -125 -16 
-188 105 -40 
-78 -102 -142 
-48 122 -44 
5 165 -26 
158 60 -130 
-59 100 -13 
-76 -68 -48 
148 -29 154 
-43 -24 -77 
-197 -1 -61 
-50 176 147 
-46 -125 156 
133 -2 11 
-7 93 -3 
98 -146 -197 
-187 46 -132 
-66 182 36 
60 -144 -185 
-64 -2 -182 
15 14 -144 
87 -56 165 
64 159 -90 
-33 -175 -13 
-19 41 -26 
-13 153 123 
-72 -176 5 
-54 -200 -65 
-135 -140 -44 
-149 -29 -125 
-115 61 -3 
-156 89 -66 
122 -1 37 
81 -39 166 
-35 187 117 
-167 125 -33 
1 -180 -92 
5 64 69 
19 -60 48 
115 93 -36 
-47 145 -142 
-13 -129 -4 
-146 -69 176 
93 -78 165 
-25 84 23 
-153 19 39 
-119 -49 133 
191 16 -87 
43 -94 -23 
8 -195 26 
-58 -39 59 
181 -177 11 
50 -101 88 
61 193 -168 
-98 55 3 
169 108 -48 
131 139 -107 
-47 -30 170 
-41 42 -109 
-97 -149 176 
20 23 -9 
81 167 -9 
4 -156 65 
180 6 -19 
134 56 -75 
-169 158 86 
53 -28 16 
71 -35 -146 
-136 -65 76 
30 183 118 
-7 -156 -108 
-170 58 -141 
94 -102 33 
155 -49 88 
12 -71 -95 
62 -7 -2 
44 -69 -27 
-127 -107 27 
59 157 -28 
39 14 10 
-17 35 -178 
71 119 -7 
-137 22 -26 
-122 -175 -85 
-43 123 -28 
185 103 5 
125 -183 -129 
38 -23 -169 
195 70 -132 
-62 18 -12 
-2 -40 -191 
-9 32 4 
-161 183 -24 
-74 57 155 
7 -126 -11 
51 -126 73 
-15 23 -69 
5 37 101 
71 63 57 
90 177 -118 
-64 -118 -72 
12 191 -89 
-73 -3 -74 
125 138 -130 
-101 -146 2 
-192 -21 25 
-7 68 -162 
-182 39 189 
51 -90 48 
-11 76 -7 
29 23 -185 
43 -3 -21 
5 -34 156 
-38 -189 -196 
-165 182 96 
-16 -41 -4 
190 14 -96 
-106 -56 -111 
-182 -14 -112 
-98 28 4 
-157 4 172 
-79 47 -73 
-43 17 45 
136 169 -6 
14 -75 29 
124 -108 -44 
-10 -89 6 
-87 -55 -129 
-24 -105 -115 
-25 10 -43 
-159 -89 166 
152 95 66 
-188 16 -167 
-166 -1 -2 
-154 26 -18 
58 -112 15 
-4 118 143 
183 130 -90 
-134 -87 70 
-171 117 75 
-115 92 -82 
-142 -176 -145 
-124 -169 -69 
109 82 135 
-26 -74 -14 
86 34 -104 
46 -199 135 
110 31 53 
165 4 30 
-64 -19 -2 
-185 2 -60 
-185 79 -121 
-13 24 -16 
34 96 106 
-10 129 -63 
174 170 -137 
142 -100 -79 
-120 69 8 
-125 57 81 
-144 -33 111 
-18 -12 135 
142 -105 159 
-170 -15 -171 
2 159 19 
142 48 -71 
181 -110 53 
-28 -16 -17 
85 -79 -101 
95 -43 94 
-90 -51 32 
-192 52 -61 
121 -56 -136 
10 -136 61 
-106 -128 24 
9 42 80 
166 175 78 
13 -155 -41 
-123 -11 -7 
-129 -108 56 
6 35 10 
103 162 -5 
-67 -103 200 
61 -134 1 
188 179 141 
66 -164 -150 
-197 128 2 
165 21 78 
-59 155 143 
40 11 91 
-115 -170 129 
7 43 -38 
4 37 -123 
-47 104 31 
-71 127 -141 
-9 12 111 
102 -82 -29 
-131 36 86 
-153 -55 162 
-168 -9 184 
19 74 134 
-39 32 -37 
53 -44 78 
70 74 -179 
41 -121 160 
94 73 -168 
5 122 -112 
-187 59 -141 
-25 18 95 
-7 118 -60 
146 141 -4 
189 172 -60 
195 194 132 
-165 145 -41 
-42 62 47 
124 2 -68 
158 55 51 
-2 191 101 
89 167 7 
10 29 77 
19 190 22 
-161 116 -55 
19 18 107 
-40 194 -46 
188 -8 -91 
54 -58 -134 
-152 -61 63 
-31 -127 -71 
156 109 12 
185 137 -180 
93 -31 183 
-39 -160 -118 
-85 10 -153 
194 -90 -23 
-48 107 -73 
-14 11 -156 
179 127 -55 
116 -61 27 
136 -76 18 
136 -111 93 
-48 76 62 
4 154 -61 
-44 150 -146 
-94 2 -187 
-15 -2 66 
29 -41 73 
-169 92 -64 
-49 143 -38 
1 -56 33 
24 107 160 
-113 132 49 
-20 -29 108 
-125 -26 -44 
179 18 111 
-5 -31 -96 
-37 28 -4 
-54 -7 -28 
155 -186 -184 
-145 -141 20 
98 -9 -20 
8 -13 89 
75 -42 73 
-16 -79 128 
-135 193 64 
-95 -195 -67 
150 -46 -11 
-64 -80 180 
161 -2 19 
161 -29 -187 
58 19 -4 
93 150 7 
-134 -156 115 
93 -21 -168 
6 200 45 
5 -21 10 
14 -104 148 
141 -130 116 
73 -70 -65 
38 136 -181 
4 -48 89 
-127 -66 80 
-169 -2 -128 
-168 -80 98 
26 -44 47 
73 -173 1 
-179 123 165 
197 -188 27 
123 54 85 
43 -10 58 
-118 -8 -115 
-35 26 27 
153 -6 74 
45 -139 28 
-153 -76 125 
-47 -65 5 
79 -25 53 
-66 61 -52 
78 190 14 
-163 63 -56 
46 -195 22 
-192 -31 -14 
197 57 -50 
-109 93 -195 
68 36 -126 
128 185 120 
-30 -46 50 
-12 -30 -18 
-11 51 -162 
75 -83 -113 
-128 198 -147 
180 175 162 
84 35 -41 
14 -38 81 
-91 31 46 
42 55 80 
-76 -160 -41 
131 -56 -151 
-187 -70 -66 
-91 123 27 
-187 -35 -92 
-87 26 -97 
155 -43 72 
-16 95 79 
-142 -50 3 
-38 2 167 
45 101 17 
7 -160 -65 
44 154 -63 
-12 -94 -102 
-159 28 50 
-51 -61 -145 
47 50 -8 
-83 147 -183 
-3 -152 173 
64 -75 66 
-194 -143 11 
43 -47 10 
-122 -44 -180 
-130 -175 -110 
181 -166 154 
116 -16 -73 
-83 -107 -89 
187 97 -107 
-111 -18 -182 
98 21 -42 
39 -8 -127 
137 -76 -5 
-65 -162 17 
-134 92 192 
2 110 56 
-162 -125 -150 
-25 22 -20 
183 11 -72 
-121 -152 176 
-10 76 173 
67 -150 -52 
-64 -52 -10 
41 -122 -107 
-193 -114 -170 
-90 69 -49 
113 -121 96 
95 -77 153 
-27 -147 92 
12 175 133 
193 10 32 
88 20 -85 
-105 -97 180 
-112 -98 -125 
-173 145 -33 
-104 153 -117 
-130 -7 -87 
167 11 118 
-107 -165 -57 
-112 -115 65 
65 41 -141 
199 146 -105 
158 111 -150 
-157 -122 -11 
58 63 3 
-15 67 44 
45 -170 -80 
42 -105 -174 
154 18 14 
-191 170 117 
-128 -143 -190 
184 28 131 
-150 -48 157 
-78 -128 -98 
167 97 3 
171 -114 132 
-112 188 197 
20 -125 -16 
23 -79 -127 
141 -4 -1 
3 -45 14 
105 -92 53 
40 168 3 
-63 -171 76 
159 82 -48 
-6 -83 140 
-193 59 41 
-23 117 -12 
31 1 104 
154 86 -168 
176 -21 152 
64 -198 137 
-189 66 186 
-122 180 28 
-81 -195 43 
-116 103 97 
-27 49 158 
-128 -125 67 
4 45 -87 
53 -165 -107 
126 43 -140 
118 147 195 
168 14 46 
13 147 127 
16 61 -92 
-127 17 -33 
152 75 -175 
-197 190 -55 
41 105 61 
106 -136 150 
149 161 14 
176 94 168 
-176 -163 79 
-56 -176 -120 
-32 38 176 
-196 -11 84 
38 -8 -115 
-79 -33 191 
17 -51 -67 
-43 74 97 
42 -153 39 
56 169 77 
-20 -102 -24 
-48 -157 -67 
-1 126 -21 
-7 -138 120 
92 -115 -101 
192 -78 -102 
64 -113 148 
-47 -85 -82 
127 -195 142 
-179 18 196 
112 -62 -200 
28 -20 188 
8 -199 -126 
-126 3 -170 
-39 -4 -17 
179 -155 -144 
-113 -13 -165 
-28 162 -25 
140 86 143 
165 -188 28 
90 -23 34 
193 96 -120 
-148 -64 -154 
174 -35 -27 
-38 22 182 
-120 180 198 
39 136 -10 
-75 23 36 
-61 -155 150 
-10 128 -78 
145 -38 5 
-72 -48 81 
-104 -10 19 
165 124 -101 
180 112 -102 
-46 196 53 
-175 1 20 
-163 85 75 
173 32 102 
43 88 34 
-145 139 4 
193 3 -42 
148 -36 41 
160 68 -158 
-150 196 -15 
69 173 -55 
-112 109 162 
94 27 -81 
-74 -151 -139 
126 -34 -173 
-13 -31 169 
167 -128 -37 
143 -89 -58 
-96 56 127 
34 117 171 
-111 -110 69 
103 -32 152 
44 32 14 
-1 32 -58 
14 -61 30 
-83 -146 -27 
-42 27 -38 
-61 11 -92 
29 128 -43 
-171 176 -200 
153 -100 -19 
187 56 192 
-167 -188 148 
-60 4 -42 
107 -117 -126 
-67 -12 -34 
-29 60 -160 
127 -88 82 
-20 -2 102 
2 3 -22 
-165 -110 -144 
-159 195 176 
188 -20 -72 
-58 -128 -1 
174 33 72 
-38 40 61 
-121 119 -141 
-104 35 78 
31 169 90 
-123 -20 -98 
189 -9 -89 
14 114 -67 
14 5 -161 
-37 44 173 
10 -6 -49 
-45 133 -139 
152 -180 -120 
-163 7 -187 
-98 -48 26 
30 -1 -8 
-110 44 -141 
155 189 58 
121 -78 -60 
-148 -40 -127 
16 191 83 
125 -2 -32 
44 -16 50 
-188 -71 -25 
-187 76 102 
4 -170 89 
140 72 94 
54 -78 152 
105 -141 -151 
-34 23 -173 
91 17 75 
-59 32 -172 
-63 -200 -2 
58 130 -32 
63 46 -135 
8 29 -88 
-163 26 122 
-38 7 -174 
149 72 -34 
-69 25 50 
29 39 55 
-108 -182 197 
67 -181 -115 
-104 -191 -27 
26 -139 138 
-195 133 71 
-100 117 -14 
-104 75 -73 
-165 27 24 
187 -175 -42 
-27 -124 -9 
-52 23 2 
-71 -12 137 
109 113 -191 
-73 121 -139 
100 190 73 
11 68 -171 
169 6 -138 
9 88 -32 
151 -32 -7 
77 -92 -151 
50 -187 -17 
-167 -176 89 
188 35 45 
38 74 69 
24 173 -1 
16 -122 186 
194 170 -86 
24 -53 99 
-71 -83 -192 
43 153 154 
144 172 -22 
118 -56 -30 
6 -149 -131 
90 -164 -183 
49 -97 -39 
-74 33 101 
-61 130 -97 
155 93 -44 
119 4 69 
38 -47 48 
153 196 -134 
2 88 -135 
193 79 -120 
-26 117 -98 
-8 -50 -126 
116 149 -144 
-169 -9 -79 
-165 -67 53 
37 -56 -183 
31 -150 -175 
