52 74 -77 
87 -150 -59 
-89 9 36 
-35 -103 162 
91 -184 -86 
40 124 71 
-29 -68 72 
-161 -117 15 
-51 -39 -72 
4 -135 61 
-50 -60 -20 
55 51 159 
125 -79 -5 
34 143 72 
-65 -108 -86 
64 -176 -50 
73 80 -120 
-189 96 -9 
61 -10 145 
114 31 -16 
-20 122 -3 
191 20 59 
22 73 -27 
102 -4 140 
-98 -15 -90 
91 127 38 
104 100 -14 
-36 -4 -58 
169 108 -69 
76 -60 17 
-92 -194 -35 
-112 52 -75 
-95 47 42 
32 -142 51 
53 -124 85 
87 -1 165 
-21 -138 83 
-71 3 -46 
168 165 -38 
-52 190 179 
-114 -134 97 
76 55 -156 
199 -92 -157 
17 -85 125 
38 -155 -57 
-10 113 -37 
130 -140 152 
-32 121 -173 
-117 11 -138 
-34 -55 -173 
-58 17 -3 
85 3 99 
-65 -105 198 
42 40 4 
186 -135 119 
173 129 197 
-109 -80 -17 
-90 40 -6 
-22 -32 110 
75 -82 20 
-159 190 -41 
182 -123 -86 
-19 -28 -20 
37 17 -198 
-169 108 112 
-191 140 31 
4 7 -83 
-193 105 167 
-193 -133 -52 
-1 7 -89 
167 125 10 
-160 37 -27 
-31 96 -19 
31 -64 60 
173 -23 148 
65 -27 122 
41 134 6 
117 -5 -24 
-37 8 -22 
-91 83 3 
-64 1 -143 
118 159 137 
-50 -93 116 
-1 125 -79 
-174 93 -20 
-29 5 53 
76 38 -6 
51 9 12 
-49 185 53 
-1 173 -41 
-150 -173 38 
-61 29 93 
113 -158 186 
-128 89 -90 
45 70 104 
-197 81 -132 
34 149 -54 
-28 -176 -31 
-63 26 183 
153 -99 22 
-33 -184 32 
33 -156 -94 
125 185 -2 
-59 -30 44 
33 -190 -86 
-26 -87 58 
15 197 -23 
-63 178 -86 
14 -42 -9 
-57 30 -14 
-137 67 126 
-54 -109 -178 
-176 35 -2 
-182 -56 65 
155 150 198 
13 14 -1 
4 21 -189 
111 183 -65 
78 -7 141 
78 7 -2 
-61 -89 67 
-181 -99 -29 
68 -145 -1 
-105 -2 45 
11 -22 19 
12 40 57 
-14 -83 148 
-38 -72 -18 
-164 129 107 
85 36 132 
71 -170 -131 
-13 5 -118 
-130 -41 37 
40 -125 -3 
148 35 -84 
-11 6 -33 
93 163 -144 
5 177 -63 
-40 -125 9 
16 114 5 
19 -64 -96 
-138 133 -132 
-4 86 188 
95 -18 8 
-3 157 18 
15 -119 -16 
34 131 -107 
-15 -33 82 
109 154 -195 
-15 125 111 
16 153 31 
-46 -153 -118 
-48 -84 -64 
49 188 -18 
1 -30 -146 
-57 -12 109 
18 197 179 
-86 32 -75 
-115 43 3 
192 88 55 
-35 -28 -99 
59 120 -19 
-171 170 -16 
-161 154 27 
85 -151 60 
-158 -7 -47 
73 36 130 
-145 -67 -53 
49 -88 -69 
96 -46 12 
-156 -121 -21 
-97 -87 79 
47 85 18 
-83 170 -11 
132 -177 83 
-119 -129 72 
-26 183 109 
184 -97 6 
199 -150 -154 
-67 -25 140 
-59 -63 -173 
-49 35 -75 
-24 -145 55 
-141 44 5 
159 -149 -196 
-43 55 132 
-162 -108 117 
34 51 -71 
-6 4 -30 
-190 -142 -96 
-35 22 -113 
133 156 -167 
13 183 -90 
71 194 -168 
184 -16 -174 
102 144 166 
11 -19 39 
72 110 41 
79 -33 188 
-155 92 -39 
-60 141 -29 
59 -61 111 
-45 145 -135 
64 -76 -83 
-37 111 62 
-90 -43 82 
2 -21 52 
142 66 -125 
112 150 -198 
-55 -153 8 
-34 46 -135 
-42 115 55 
102 2 9 
-199 154 13 
27 3 -131 
132 -6 24 
-79 103 50 
-5 -121 130 
196 173 -55 
-13 -124 36 
140 135 111 
-5 -63 -9 
-1 126 -51 
180 -11 47 
-67 -92 69 
189 -24 32 
42 -67 -54 
149 159 -140 
110 -187 -95 
143 -171 64 
43 -109 -20 
8 -2 140 
-19 -29 -142 
4 155 -32 
-145 152 -13 
94 17 47 
-90 2 -108 
18 108 81 
144 114 -1 
-129 193 -32 
61 129 147 
-9 28 -68 
15 -54 106 
15 -44 18 
-23 -102 -22 
187 -56 -194 
91 110 -26 
-18 55 -26 
-48 78 2 
155 -116 65 
95 -70 31 
-189 193 -55 
-97 -94 89 
-88 -2 64 
196 11 26 
176 188 107 
67 -144 -21 
-173 -125 38 
32 139 -141 
40 -44 5 
194 -174 -33 
-152 17 -65 
196 -101 177 
-64 45 -78 
4 183 127 
-77 2 -85 
-56 -149 -70 
117 1 124 
-125 -36 170 
36 -60 69 
76 119 -51 
-29 191 143 
-33 2 49 
-36 93 40 
101 -60 -143 
87 -57 36 
86 95 -196 
167 31 -96 
-4 88 -12 
-15 -42 138 
156 59 35 
52 -165 -106 
-191 -7 -166 
-81 -135 149 
81 6 -50 
-176 46 55 
161 9 104 
2 -105 -38 
-93 19 -41 
96 -61 -10 
-109 -159 3 
-193 87 -162 
-176 -63 21 
38 -6 77 
154 61 -68 
-127 192 119 
32 -23 -197 
-1 -46 168 
160 -2 -98 
16 49 27 
-130 -95 27 
-171 27 120 
53 48 182 
53 -27 -163 
-72 -83 -48 
-107 -129 -15 
-59 -180 46 
-4 -7 171 
159 -90 7 
-72 125 139 
-9 -106 -8 
190 173 -68 
144 -190 -120 
-88 171 -120 
-99 118 171 
-27 -190 -32 
-6 158 -8 
-185 -45 -47 
-143 -156 -195 
-172 -119 -10 
35 64 6 
112 50 126 
1 -146 198 
-49 9 121 
145 137 143 
38 -80 52 
-197 -55 180 
125 -186 114 
-55 93 -1 
-147 65 30 
-75 -160 -53 
-11 -183 -6 
-189 147 -136 
-118 154 -91 
49 -98 116 
32 -113 150 
-50 10 12 
104 -15 95 
-88 -63 8 
-3 25 -71 
-141 51 -162 
40 -73 12 
-59 112 145 
-4 162 -191 
-7 -72 4 
-11 -197 25 
72 126 84 
78 -184 -6 
103 110 7 
-25 -128 4 
194 -37 -60 
-171 -27 -83 
-151 -161 -116 
-107 -108 40 
105 121 8 
-71 -146 -192 
40 39 -194 
25 38 -55 
162 103 167 
-66 53 80 
-17 -186 9 
168 -107 -57 
-67 56 5 
-40 21 -20 
184 39 14 
-138 47 -12 
2 1 14 
158 99 -160 
-171 106 102 
-99 -47 104 
-44 84 -61 
133 -116 172 
72 37 128 
-87 -170 3 
-142 108 48 
92 163 197 
12 23 -71 
144 140 -197 
-63 -1 138 
89 -70 -23 
67 3 17 
93 127 -16 
13 -38 -50 
31 18 173 
-161 -72 -4 
51 -14 -142 
190 -86 22 
-7 23 27 
49 -159 -42 
-47 -33 -2 
144 171 107 
86 -1 -23 
-52 -156 82 
153 47 67 
2 157 191 
-133 11 159 
-184 33 107 
-124 -192 -20 
117 -40 84 
-98 -195 -60 
126 147 186 
-101 33 -17 
-8 -7 178 
1 -19 -10 
130 191 -20 
-90 178 -173 
-174 -7 190 
-12 163 183 
5 -24 -133 
128 -76 -127 
-173 -84 -87 
39 23 -106 
-93 187 -5 
-98 -11 106 
-79 -107 52 
104 167 65 
-88 64 -38 
145 137 -4 
49 92 24 
31 -144 -11 
-91 -34 -97 
-38 -57 141 
82 -197 89 
-78 -128 -39 
-77 154 116 
-67 -78 -89 
-188 -151 39 
-199 -7 171 
180 -27 104 
59 -79 63 
26 -127 1 
31 114 -22 
119 -127 51 
53 181 83 
93 -78 -74 
19 9 194 
21 5 -108 
-44 -198 199 
-106 -35 -84 
47 -68 -166 
-56 62 -192 
43 -42 47 
137 185 -92 
-38 78 39 
-147 96 165 
-42 53 -2 
-176 -49 2 
-47 145 44 
188 -104 -2 
-80 180 -135 
-193 6 -186 
-99 103 -184 
-65 6 23 
-60 102 15 
5 188 -73 
144 -104 -115 
119 -77 -150 
-198 -47 -42 
-56 2 -191 
-139 63 -101 
-79 -101 -131 
-3 147 137 
22 39 15 
-3 163 102 
62 23 -32 
-90 -134 118 
9 31 -170 
-175 -46 2 
130 -12 40 
21 -183 -19 
17 -152 120 
-12 -127 23 
-112 -150 -153 
100 -24 94 
2 -113 -78 
140 132 -128 
-90 -131 -56 
6 84 -58 
3 5 151 
182 -170 145 
-32 -80 6 
37 51 38 
49 72 -153 
109 -146 -72 
-110 16 -1 
64 102 -13 
-112 -71 29 
21 110 -38 
-172 -106 -27 
43 -177 17 
-35 -192 17 
129 66 -160 
36 -12 8 
49 73 66 
-84 5 -71 
-183 -115 168 
-154 -15 -65 
-22 -12 199 
145 14 -68 
72 -2 -19 
-8 -169 -100 
-55 22 -31 
97 23 -1 
-168 24 -7 
-3 -48 27 
-88 -23 39 
181 10 103 
99 197 -42 
-53 -5 141 
18 200 -9 
-54 57 -193 
42 22 -9 
-45 -1 63 
-200 -116 -117 
134 -26 9 
-86 -196 -70 
-2 18 -122 
-49 64 -47 
62 127 -180 
-19 -73 -34 
-187 -55 110 
30 -12 10 
-82 148 -34 
-42 139 62 
-21 6 47 
94 -21 -63 
-8 -106 -7 
115 161 -148 
156 182 4 
131 -22 -37 
-53 -117 51 
-14 72 -194 
146 24 29 
-54 -27 162 
-85 196 46 
-115 12 -133 
174 34 142 
8 42 -96 
-5 150 13 
132 -68 -92 
-17 140 -40 
18 13 173 
-16 -141 -86 
89 34 -131 
-142 -133 -191 
103 -65 -8 
104 163 196 
-31 -108 37 
34 -68 -51 
48 143 19 
7 174 190 
132 -39 22 
-80 -109 -36 
161 -116 57 
-27 -146 -15 
-123 -130 18 
-33 153 57 
-30 -170 -10 
3 -200 182 
13 35 -86 
-17 -6 -155 
-28 -178 160 
77 -98 -2 
152 82 -187 
20 -145 120 
111 -191 200 
25 -191 145 
-45 -47 153 
-88 -86 -16 
-124 -173 -121 
-67 -138 -24 
75 -109 -3 
-31 -14 80 
-154 -58 -198 
-177 137 -109 
93 53 89 
-40 -88 113 
41 -59 -4 
-23 17 39 
175 -28 -64 
199 -74 200 
8 188 189 
54 97 198 
-31 76 63 
35 -197 9 
-46 -109 -10 
28 -83 138 
-13 44 -55 
-200 -79 -25 
154 -38 15 
-181 7 42 
-1 -89 -21 
-51 30 -100 
84 122 164 
20 193 -5 
-156 14 98 
-155 -60 -71 
129 134 3 
172 -15 -20 
94 -162 143 
90 6 -92 
-80 6 54 
-88 118 -35 
151 200 126 
148 -191 -139 
-18 146 49 
158 37 16 
138 -11 171 
68 7 93 
-136 -54 142 
2 103 97 
17 -129 -99 
-33 -172 104 
-92 38 -49 
108 168 35 
-127 -145 -132 
54 99 -40 
-91 189 84 
-101 124 -10 
30 40 -165 
-144 -75 76 
34 163 11 
-125 79 168 
-45 -165 49 
-41 -94 -13 
55 -46 -21 
-20 111 -105 
83 -72 58 
-88 69 165 
-77 -118 126 
100 -186 -78 
163 -47 -7 
-172 -190 99 
-147 -104 14 
-137 60 8 
1 14 -156 
-4 113 -80 
-189 -69 -107 
7 46 -168 
45 106 -3 
-179 11 -25 
-72 -166 -132 
-196 185 130 
-46 -65 74 
-131 -125 -11 
-118 65 -114 
33 -40 -91 
-135 -25 -116 
162 44 -134 
116 11 -80 
-20 156 -15 
-103 -16 123 
-173 132 61 
149 -98 40 
-182 -32 119 
-159 183 -135 
24 -35 15 
103 -182 146 
56 8 88 
96 -92 -94 
26 125 101 
159 -112 45 
-58 145 26 
112 -21 86 
-13 140 -67 
139 -94 183 
35 173 -12 
-91 -115 155 
-18 119 3 
-50 -129 134 
36 30 72 
-6 109 105 
168 5 -149 
179 -173 172 
195 -94 12 
54 -176 -81 
99 32 179 
69 109 -107 
86 138 -114 
-96 67 -63 
-57 4 74 
154 40 3 
-121 -145 -27 
-21 114 -2 
9 196 17 
-160 11 61 
6 -60 -183 
24 17 122 
37 -7 47 
49 164 -60 
97 167 63 
161 -73 -25 
128 -30 36 
-51 139 -6 
-43 46 -101 
-52 -140 -128 
-197 24 -171 
-55 127 26 
16 -83 63 
18 25 129 
-139 33 -133 
-78 159 33 
18 118 -185 
63 163 -56 
-4 -33 -131 
-44 175 -77 
-154 75 129 
-133 -161 46 
-16 2 23 
122 31 -45 
22 88 74 
108 170 136 
65 8 48 
103 195 -184 
7 184 -85 
-3 176 150 
200 -67 -98 
152 -190 -131 
-74 54 34 
112 -1 19 
-124 -152 129 
-167 -178 -160 
-132 -137 -199 
-197 65 -49 
-83 97 -123 
56 -145 137 
-45 1 -87 
121 -99 178 
-96 134 15 
72 137 46 
95 82 2 
5 39 -23 
172 -115 61 
123 167 14 
103 -127 80 
177 61 -88 
-47 -64 -180 
121 79 17 
-10 -84 -137 
-47 8 -7 
65 118 -67 
-53 -94 -22 
-138 20 90 
-36 -6 129 
1 80 177 
30 142 146 
-123 1 38 
48 -121 -124 
-12 127 68 
145 79 -3 
-150 144 50 
1 42 -136 
-76 13 25 
9 78 -13 
-135 88 -34 
149 43 -170 
-10 100 -78 
-36 108 56 
17 140 -13 
115 126 -59 
-143 -127 99 
-157 -32 185 
-32 58 -22 
-22 67 -164 
-44 102 155 
-140 103 56 
153 -91 34 
-93 -71 61 
26 -16 29 
-53 -43 -87 
-29 -179 -168 
123 197 68 
65 -151 175 
-157 -48 -81 
140 173 -45 
10 -3 190 
25 134 153 
-42 22 -36 
-186 14 30 
-158 -112 -115 
-152 34 -30 
-155 73 7 
-163 -119 -113 
-153 -116 99 
102 -112 -2 
39 19 77 
136 115 114 
-98 27 -137 
165 -63 73 
-15 46 18 
-197 16 -131 
-151 75 156 
67 -166 -184 
-55 166 57 
17 -153 97 
-17 2 -11 
-7 54 58 
69 -134 -57 
54 -51 77 
95 55 189 
82 181 154 
-171 6 -67 
-159 1 -114 
-184 191 76 
-32 -9 -47 
47 -21 -37 
50 -80 138 
80 -5 -102 
66 18 122 
-32 67 -104 
-61 33 -7 
-184 110 175 
118 15 -195 
-41 84 164 
131 87 70 
-7 -190 -199 
-171 -158 135 
200 -165 12 
70 173 130 
-96 -22 -191 
-102 -183 -39 
35 22 -78 
143 125 -196 
4 -150 11 
-52 183 -65 
111 99 127 
-194 -57 46 
-70 68 -18 
171 68 51 
11 -189 142 
-20 -18 -66 
123 18 143 
-90 60 -111 
-98 -147 13 
49 60 -82 
-30 167 -15 
-51 -171 -2 
-111 -2 37 
-75 -25 -31 
136 -140 -40 
176 -153 35 
90 -183 1 
120 195 17 
100 196 187 
-13 66 134 
-113 65 132 
-8 -37 63 
-159 27 -47 
-181 136 120 
-27 139 -175 
99 80 193 
-27 -41 138 
50 -85 41 
-83 117 -70 
