-39 -82 9 
-73 -118 1 
-21 -25 129 
1 -20 74 
114 -108 28 
-149 -15 122 
143 -65 -105 
147 -64 35 
40 -44 -134 
-68 -140 -122 
143 -101 113 
-145 95 -106 
61 149 72 
-125 148 -62 
84 21 -102 
-112 -27 137 
-119 59 -45 
-81 -2 -68 
-112 -41 -135 
-29 66 -56 
-25 -55 28 
-1 31 -63 
-48 76 16 
144 -12 -49 
-67 3 81 
101 -53 1 
44 -83 -134 
-123 62 -109 
7 -138 -75 
52 -57 -2 
-67 88 2 
48 67 -90 
-19 -28 -80 
-75 141 40 
108 121 -36 
-49 -102 -65 
-90 -123 140 
116 3 -2 
105 -16 -55 
37 147 22 
-38 8 -111 
-100 -104 -9 
-89 -139 73 
44 -31 145 
-19 49 -7 
29 -113 35 
-43 -143 -57 
-39 16 47 
-16 -84 1 
145 -127 -17 
-107 45 82 
143 -93 -95 
84 -20 39 
-11 2 -91 
13 127 2 
66 -126 29 
-35 -56 -117 
-99 63 -8 
147 -64 7 
59 -93 -51 
-19 48 99 
-144 -132 42 
50 117 99 
-25 63 39 
8 -132 -24 
8 120 -86 
-3 108 82 
58 -36 14 
-30 19 29 
19 -114 -60 
-16 20 135 
-44 60 35 
18 -19 97 
-45 21 59 
-102 26 62 
60 131 24 
118 -85 -98 
27 11 -126 
-37 -101 115 
19 -68 148 
-120 37 81 
-28 133 -81 
67 70 63 
-77 19 -142 
-8 124 -12 
14 67 34 
-20 66 58 
66 32 -106 
143 -55 -22 
64 71 17 
-14 139 54 
-114 -145 -5 
138 -43 147 
53 -52 -4 
141 -3 34 
-57 18 5 
8 -51 114 
1 105 -97 
-74 -2 67 
-66 138 102 
118 107 2 
54 127 -117 
-45 -15 -105 
30 -57 21 
76 115 -72 
31 136 146 
-53 -27 93 
-24 133 -1 
19 34 -12 
120 67 6 
-139 -7 70 
-113 -69 96 
97 12 141 
-1 110 137 
-20 115 -67 
88 74 70 
-150 -69 94 
-57 -29 32 
-32 -1 -51 
12 144 49 
-115 96 -74 
-52 112 -36 
-126 -90 47 
-34 -130 121 
24 20 135 
-131 -118 -55 
-30 32 73 
25 55 76 
117 -28 -34 
-28 -90 52 
117 -12 45 
-10 -19 -85 
8 114 -22 
44 -132 110 
-127 -103 146 
-2 52 -22 
-80 46 4 
-85 112 -96 
-68 129 -4 
-56 10 -97 
-111 -4 -30 
-1 -129 15 
13 26 -24 
-118 -6 -98 
66 61 117 
75 132 -142 
148 -55 -50 
14 -75 -77 
21 78 126 
103 -30 -13 
-131 61 -133 
-9 105 6 
-58 21 -49 
19 1 -14 
-18 -50 79 
60 24 -61 
6 -52 -17 
126 -149 -43 
-149 52 -18 
-6 -16 -111 
56 -111 -53 
-69 139 55 
-73 66 94 
51 83 -133 
125 -136 -23 
17 1 48 
-33 -127 101 
140 47 -12 
-146 19 -13 
-78 -10 39 
-49 -22 9 
-38 -106 62 
120 -97 58 
-100 -101 98 
-30 -51 149 
-75 -125 -21 
-76 24 -29 
66 -25 119 
45 2 -25 
37 105 -46 
36 -68 -9 
87 148 -89 
70 5 131 
83 -130 3 
56 -81 19 
-100 -53 147 
-3 26 35 
-3 -1 -120 
59 86 85 
14 132 -136 
53 -26 100 
-119 -1 -58 
32 122 130 
65 -87 -14 
-58 27 83 
150 45 -93 
-56 -34 78 
-14 -125 -134 
-21 150 -148 
-77 46 -90 
-71 -113 -33 
15 -133 -34 
-79 78 -6 
76 -145 -48 
-131 43 -7 
-67 59 -137 
118 136 -87 
77 -115 -64 
74 47 -40 
98 -14 -140 
81 -17 -46 
138 148 -1 
19 60 53 
-68 16 141 
-20 36 24 
-91 32 81 
-72 -37 -17 
93 89 76 
-53 33 2 
5 -4 137 
-31 148 120 
-82 -36 60 
-110 -56 -96 
-2 -57 18 
-72 -144 -41 
-103 97 49 
-64 -73 71 
-25 38 -62 
-114 43 21 
45 146 -16 
-37 137 3 
-19 75 132 
2 147 59 
39 93 60 
-20 113 75 
-54 -22 -10 
-142 2 27 
114 95 33 
25 -71 127 
-5 31 126 
63 -145 -136 
140 10 127 
106 -96 76 
-53 -97 -38 
-2 132 -148 
19 -9 6 
49 53 -72 
107 -2 -21 
-39 -135 -99 
90 -10 9 
123 -74 -32 
-132 -30 85 
-75 133 26 
50 59 120 
-37 -53 -59 
-144 109 147 
-6 -73 57 
-143 11 86 
-21 -114 14 
78 -119 -135 
-137 -134 75 
-124 -111 -40 
-16 -118 29 
90 -4 -3 
-87 -67 -27 
-44 -39 43 
37 -128 -74 
-107 130 135 
106 83 103 
5 17 -75 
50 -138 -78 
16 14 126 
-24 -7 101 
9 16 104 
-8 -133 147 
51 -11 -3 
-88 -130 47 
29 22 112 
136 -110 -76 
-28 41 44 
-7 92 -128 
-14 61 -49 
-12 -19 5 
137 -43 128 
-75 -61 -79 
-5 -70 -78 
-100 23 -40 
-21 -52 4 
-104 65 57 
79 41 95 
17 46 121 
-54 121 -146 
11 -136 -128 
-2 72 29 
-13 5 -138 
71 53 134 
-115 -94 89 
62 -30 -1 
75 -74 90 
62 -122 -45 
-3 -9 -13 
-24 -109 18 
-18 129 -132 
-1 2 3 
-135 -51 -99 
-132 -116 75 
-15 88 -4 
2 117 59 
104 -97 9 
1 -5 -32 
116 -74 -4 
-76 -136 -6 
99 -1 10 
-94 52 -148 
-22 9 87 
34 9 -47 
123 82 141 
-14 -44 -90 
115 18 57 
-80 145 -2 
-58 14 -26 
109 19 70 
41 14 -129 
-9 98 6 
42 -120 -23 
-124 72 -121 
46 110 45 
-60 -28 -52 
-39 87 -29 
103 69 41 
-47 -65 46 
5 -48 -130 
-131 -23 -20 
-98 -14 119 
-115 84 -74 
-3 86 -37 
-91 -62 29 
141 -7 129 
-5 18 -114 
89 128 -22 
141 73 -105 
-76 124 66 
-116 -12 99 
-97 -92 86 
-43 -12 136 
140 87 125 
-64 8 106 
44 68 16 
4 -6 -145 
7 74 2 
33 117 -130 
44 -95 -51 
5 110 -12 
12 -64 -18 
-64 -86 11 
119 -25 -112 
-107 -147 131 
-91 14 -92 
-112 -59 -58 
-122 107 97 
-4 -1 -17 
-102 -2 9 
-88 -39 24 
88 -51 -17 
-41 52 21 
-122 15 1 
-30 -10 130 
-26 -141 51 
-105 -47 -45 
-9 -95 73 
59 -11 -54 
-72 56 53 
105 -40 -8 
57 94 -48 
-77 75 93 
43 9 71 
-44 -17 -43 
86 7 -43 
-2 -8 -11 
147 -77 39 
82 73 2 
-110 -42 83 
-18 -63 20 
58 61 79 
-91 32 73 
118 38 1 
3 -33 -95 
124 117 -144 
16 -76 -83 
87 -48 -1 
7 -19 -121 
56 68 71 
148 -5 -28 
-112 2 -147 
13 -57 -19 
-5 -7 89 
47 96 146 
10 126 78 
-107 71 -22 
-43 125 12 
136 -39 29 
-42 -25 -29 
52 42 -142 
-4 46 -57 
-90 61 -139 
56 -141 -45 
-24 20 64 
145 15 90 
27 78 -18 
31 12 -128 
-26 -21 -138 
108 34 36 
-63 -127 -36 
-71 -2 36 
13 93 -12 
59 -28 -93 
-29 -1 -107 
-69 134 65 
67 -5 22 
-14 117 -65 
36 3 9 
20 8 95 
-41 43 8 
52 71 29 
-103 -9 124 
-127 -1 -61 
36 19 -76 
14 -89 -16 
38 -77 -66 
-2 52 -77 
137 111 -36 
-10 47 -32 
89 96 -56 
-34 130 -38 
-130 134 -139 
-113 -92 -111 
-1 -24 -44 
103 -14 12 
72 -84 30 
1 -10 15 
60 42 119 
-75 99 70 
-18 -3 -33 
47 -27 67 
135 46 -24 
44 77 -121 
-12 20 -38 
-110 -139 3 
77 -9 12 
-21 50 -25 
-13 -142 108 
-4 136 131 
56 -7 143 
-136 -81 -12 
22 21 -134 
-144 -100 -130 
-27 6 31 
98 -6 -54 
7 66 -103 
16 115 12 
-113 -111 -102 
72 62 -108 
-5 -107 -143 
93 -8 -106 
-38 141 -107 
-31 -62 -55 
-60 -106 -5 
-92 72 -123 
-41 -49 104 
-42 27 -22 
-103 -3 -26 
-117 19 149 
-96 28 135 
-3 30 -20 
42 107 99 
-109 -75 40 
137 -138 92 
-127 -35 6 
-75 -67 5 
63 -97 124 
11 132 98 
27 43 138 
-131 -101 -14 
123 -127 -96 
-137 -1 -18 
-76 88 -111 
93 31 3 
91 -129 -137 
109 -102 -65 
-101 -94 45 
-23 104 109 
144 106 -30 
84 -76 -103 
-16 -145 -14 
15 -40 -9 
29 53 -65 
-59 36 -38 
-25 -121 -105 
32 -45 -52 
34 -4 7 
126 -8 106 
-53 -24 8 
-50 68 -59 
-70 -28 4 
-118 71 24 
-14 59 -88 
95 -77 -4 
78 4 138 
-11 -124 -7 
34 -12 -47 
69 -11 101 
-43 -72 5 
26 101 105 
-124 -79 -34 
-11 49 55 
45 -83 -75 
57 83 -95 
-108 -65 52 
-97 132 -29 
-22 -140 14 
-144 -72 5 
-119 -36 86 
52 1 81 
6 -37 -31 
-109 12 -74 
-106 6 -102 
-58 76 -25 
-26 -43 -10 
-92 -58 -68 
15 80 -130 
-6 -79 -96 
-45 -100 -35 
-54 -133 57 
-122 15 -84 
-88 -47 -28 
2 -28 42 
58 -85 35 
44 95 -71 
-58 -149 -42 
-134 -55 77 
42 -123 -142 
85 17 120 
29 11 21 
-33 -2 -120 
72 74 70 
78 124 -6 
11 -101 93 
-89 6 136 
-3 124 -35 
63 104 -1 
-4 123 85 
-74 26 -76 
51 149 9 
36 -116 117 
44 -13 71 
82 8 132 
-39 42 -88 
96 -40 -130 
-13 -117 -142 
125 -136 83 
-144 -129 -122 
-135 114 -74 
-58 -44 -90 
-138 36 21 
26 106 -33 
113 70 140 
-148 -130 -53 
-13 11 127 
121 89 -129 
107 3 -113 
35 -142 132 
28 69 20 
-15 88 -44 
-99 -109 64 
20 -38 -61 
23 50 -113 
87 -23 -117 
98 127 1 
19 16 -27 
119 -51 24 
102 -143 46 
103 -97 10 
37 23 -34 
-11 142 125 
44 -1 127 
-39 -7 128 
1 -5 33 
-5 -36 108 
133 -59 -17 
-73 -144 -25 
-115 12 -129 
7 -60 16 
-43 -10 70 
-26 -39 -133 
-9 -70 -53 
-1 64 101 
65 -27 127 
-85 3 -91 
-3 -38 -149 
-9 -140 -66 
-1 87 -12 
-77 104 50 
-62 -119 85 
-11 113 -16 
42 -133 14 
18 -123 -4 
-20 -57 44 
-138 22 -81 
-40 -52 -50 
15 -82 149 
19 -93 -150 
126 -52 106 
-46 -51 75 
139 -1 -100 
92 -107 18 
-8 -53 44 
-114 99 -65 
-87 9 98 
130 -75 -82 
-90 -17 27 
123 -117 -66 
31 -149 -23 
131 83 -86 
111 36 4 
-82 -39 149 
-132 20 -110 
70 -57 39 
-35 -55 -66 
108 -72 10 
-18 70 4 
-67 29 17 
72 -4 -79 
-17 -69 58 
83 -65 61 
-16 62 -30 
-36 -94 -32 
-106 -38 41 
8 60 22 
-84 111 44 
-17 26 60 
