-56 -116 -104 
-4 -89 -56 
105 111 -54 
148 27 -47 
22 86 5 
-92 6 -71 
-33 -10 -18 
-25 96 -55 
-35 -69 -12 
38 52 -11 
88 7 126 
28 -55 56 
-79 33 55 
-51 -81 37 
77 1 48 
-14 131 -35 
45 -91 46 
40 -56 109 
3 -98 121 
-41 2 65 
-16 -32 51 
-38 -20 -93 
-133 -129 -78 
12 28 73 
-44 -49 -97 
45 -146 18 
-32 46 6 
10 20 -138 
-114 -106 4 
-6 -37 39 
51 -65 76 
47 -26 -125 
115 -110 -37 
-39 -2 23 
-91 145 19 
-12 -8 131 
4 137 71 
69 -56 -19 
-12 89 2 
17 126 -133 
124 -8 61 
-90 -29 40 
62 -80 141 
22 66 -11 
-130 -121 -122 
18 -101 -124 
-28 -112 137 
95 122 79 
-25 -68 -1 
-48 -14 100 
-37 -19 18 
-145 144 -72 
38 -39 -88 
48 109 59 
79 -128 -74 
64 -18 -99 
-87 148 47 
-143 -116 -60 
-20 102 139 
-82 51 44 
1 -53 -76 
75 107 -29 
-12 -28 18 
43 133 -22 
22 97 32 
1 -82 -32 
-69 -124 -2 
102 17 -136 
6 41 94 
3 39 56 
-67 -20 -71 
-120 117 43 
-121 -132 28 
-82 20 -4 
-63 8 81 
-16 -41 -12 
48 90 -81 
144 -146 15 
-138 -14 -137 
-5 9 146 
75 119 -23 
19 128 -47 
-113 -24 6 
-46 -74 -29 
94 25 136 
-6 15 13 
-10 -126 121 
-72 -37 65 
-12 -101 -83 
-9 113 108 
128 -48 -28 
63 53 -88 
-50 -29 -4 
3 8 -13 
97 -12 47 
3 25 -79 
41 40 -141 
-24 5 41 
-41 -130 -48 
-128 38 -147 
-64 31 116 
-87 67 117 
-48 30 110 
46 -97 98 
-3 -34 97 
-9 59 41 
53 -15 91 
35 80 -55 
33 -3 -27 
-131 13 84 
-43 -50 24 
-89 5 -94 
-19 96 -92 
144 -8 -73 
32 -132 -49 
14 -142 -36 
37 -142 -25 
80 -3 150 
44 -118 112 
-43 13 48 
-3 -46 110 
115 143 -39 
101 -42 -24 
-54 -48 93 
-59 40 46 
9 131 -30 
76 -14 96 
-129 -67 133 
-48 -124 -10 
-3 -12 21 
-22 -133 -119 
127 -2 9 
29 41 38 
39 76 9 
116 -37 55 
11 -38 -62 
-57 44 59 
120 31 -132 
111 77 -8 
-76 -114 -59 
93 4 64 
31 149 -12 
77 6 61 
-58 148 123 
-40 62 29 
-93 18 -3 
-20 -29 13 
-147 -75 -25 
88 -22 38 
91 -114 -115 
30 33 -7 
-86 5 -3 
117 -102 114 
-5 68 12 
-127 -4 -55 
23 -8 13 
108 -28 136 
-142 119 1 
115 88 -2 
-12 98 -130 
133 38 137 
24 116 -73 
-57 58 6 
-84 37 69 
-14 -88 98 
99 -40 15 
40 149 -11 
-13 42 27 
128 79 29 
127 131 122 
-16 -47 -129 
-57 3 -142 
88 1 -145 
29 1 -102 
128 -76 -142 
53 23 -106 
76 47 -102 
-3 -18 -56 
-45 22 67 
82 -95 -114 
12 -95 -97 
67 -69 -117 
121 -9 -61 
24 -121 53 
2 -37 -53 
-52 -72 -117 
31 -121 -60 
11 66 34 
98 -3 4 
-53 71 -87 
24 -127 -109 
27 -52 -13 
114 -136 -8 
-7 30 -3 
73 -138 63 
13 -21 -11 
116 38 42 
59 -69 57 
1 93 -115 
36 113 -135 
-141 -92 -66 
10 -117 69 
-71 4 -117 
89 125 -11 
132 -121 26 
96 -37 51 
-62 -45 -7 
46 -139 129 
-10 150 35 
-18 15 -41 
2 79 6 
-93 -117 -4 
24 -148 -13 
-7 -124 -29 
148 97 -42 
105 -62 -10 
32 44 25 
-33 2 99 
-66 8 -109 
139 -19 45 
-11 -61 57 
-100 -22 142 
-70 -12 -10 
-48 75 -66 
29 33 -25 
3 -33 -52 
-91 60 -89 
12 30 7 
26 54 25 
71 -90 -41 
-91 110 40 
29 141 -32 
101 -17 -90 
-1 -110 -98 
46 22 150 
70 60 8 
-9 48 -143 
-6 29 -147 
-74 -61 133 
-61 -150 149 
16 -46 149 
-66 -30 118 
90 -68 143 
145 -90 -75 
-74 -101 3 
-5 -49 9 
-53 63 112 
-113 -54 -128 
-63 12 -55 
131 58 -63 
-36 69 128 
-7 -137 -142 
-23 137 -9 
-138 39 -81 
21 -126 15 
-48 80 131 
-58 125 56 
11 -9 112 
86 20 50 
18 -12 -9 
16 -72 -14 
-59 -94 -50 
92 85 -56 
-34 147 135 
-4 -25 -37 
10 -91 -82 
76 -52 -45 
99 -39 -48 
51 115 147 
83 -142 104 
-43 53 18 
-16 -150 9 
54 -22 -138 
4 -118 105 
-86 -48 112 
14 44 -141 
84 77 3 
-121 -57 150 
59 19 -50 
22 -2 -15 
-2 90 71 
109 -27 -119 
17 -30 -10 
-129 137 -109 
-4 -150 -39 
-32 -30 43 
-16 18 -139 
143 -54 5 
52 21 27 
14 73 20 
136 -18 147 
-119 -62 8 
-20 91 -33 
-56 44 -110 
-71 148 -35 
-7 131 8 
-100 51 24 
22 -106 122 
110 -9 -51 
-25 -56 -34 
-90 -3 139 
115 -93 -66 
1 107 -9 
-25 46 107 
-150 -118 -20 
-93 -67 6 
-5 -92 -144 
-136 -21 -57 
-130 -17 -19 
-16 -6 -45 
-30 13 -126 
-97 -30 -110 
135 57 -3 
-97 12 -112 
22 -101 115 
-16 33 19 
-150 -1 -79 
-146 5 49 
28 -18 32 
-101 -75 -104 
40 39 -15 
54 48 118 
-145 120 10 
-24 -28 -4 
5 -29 -10 
54 -92 -135 
48 112 -39 
26 -137 5 
26 -68 43 
123 113 -130 
-42 -116 -103 
-5 -29 -16 
54 -108 -116 
79 123 -86 
45 119 -66 
126 -131 -47 
-3 37 -30 
-109 13 -62 
-9 -34 37 
96 24 21 
-8 55 -3 
117 98 51 
126 110 -74 
100 37 -26 
15 55 108 
123 -142 -49 
83 -94 -96 
-141 -66 -3 
47 62 56 
-109 1 149 
-20 -56 -35 
48 40 -14 
-46 57 -129 
12 11 24 
-78 23 91 
-52 -3 -120 
77 9 47 
23 140 -56 
129 -66 18 
124 -21 52 
-47 8 -6 
61 -105 149 
50 105 -21 
-54 52 119 
56 6 -32 
122 -21 -36 
-125 -132 61 
-59 2 -63 
-6 4 -101 
128 16 -98 
-48 -72 42 
-53 -29 -126 
-98 -3 -1 
60 -71 -117 
-19 -20 -7 
84 114 149 
135 50 -133 
-37 -41 -115 
-52 127 -83 
150 8 53 
-14 32 -51 
12 -143 141 
3 62 -69 
-66 -119 53 
40 113 -48 
-108 -37 74 
60 34 -40 
69 105 -14 
-87 54 27 
19 1 -68 
101 -4 -129 
-38 85 67 
-3 -74 -26 
12 1 -61 
-74 13 -114 
-97 84 -53 
-134 93 -38 
110 -63 70 
-144 -41 -54 
-16 107 23 
107 104 27 
-10 33 -8 
-118 49 14 
-35 20 11 
3 -6 2 
127 38 25 
10 141 -1 
-20 16 6 
116 -34 -19 
13 65 -116 
84 -82 -23 
129 -80 -20 
-77 -114 64 
113 -150 39 
91 103 -143 
-144 -80 6 
111 -136 128 
4 62 -135 
-111 35 71 
86 -122 54 
-112 82 -106 
-131 51 95 
141 -1 -12 
4 -107 142 
85 -130 -114 
130 -88 2 
85 -65 55 
43 -51 116 
-45 59 3 
59 56 115 
-79 10 -134 
-66 99 -80 
-27 21 -15 
4 -146 43 
30 -129 -110 
65 127 70 
19 -54 -133 
58 138 32 
39 147 106 
65 6 30 
-7 42 13 
42 -26 -107 
-132 -126 7 
-44 -48 -47 
131 -33 120 
-43 -39 24 
-84 -19 88 
46 127 78 
107 84 -37 
-14 -146 -79 
-87 38 -70 
147 21 9 
59 36 -77 
53 -29 -80 
-135 92 94 
-88 -56 -40 
121 148 -63 
20 32 -83 
-91 1 -63 
118 -69 -100 
-93 -61 100 
77 19 -85 
-91 140 2 
13 133 127 
-85 113 -5 
150 1 136 
56 -49 58 
9 -18 78 
-91 62 22 
-119 -10 35 
145 -21 -139 
23 72 -140 
3 -71 -136 
-4 2 -59 
24 27 48 
-22 -137 68 
70 -103 -17 
-90 -1 -146 
3 23 -67 
-73 71 -1 
109 -78 40 
134 -2 13 
-18 49 -5 
57 125 135 
-131 4 -69 
-82 -64 19 
111 53 -69 
-47 -5 -1 
140 -141 22 
12 -49 117 
-15 -16 90 
-116 66 -8 
11 150 106 
7 129 119 
52 -88 42 
139 -78 120 
-68 6 22 
38 -36 91 
27 73 70 
-55 113 -70 
54 -116 -132 
-55 128 -22 
-22 -77 -122 
-16 -21 -122 
23 96 110 
-44 13 122 
117 -32 101 
109 2 -42 
-22 135 -36 
-38 -58 4 
-65 15 12 
-70 -27 105 
75 2 20 
148 -86 77 
25 -20 129 
28 59 47 
43 -137 105 
61 134 -83 
30 -20 40 
47 124 -35 
-23 -43 58 
3 53 130 
52 -57 2 
50 -11 -3 
-125 -122 -97 
96 -38 24 
-115 -5 1 
113 -90 38 
-141 -118 26 
55 9 -1 
82 34 -90 
25 -19 -53 
-10 70 39 
137 49 17 
-141 -20 -26 
-140 -1 12 
-90 -10 73 
145 74 -116 
-2 -92 27 
-36 -20 -84 
-68 133 -3 
-17 63 93 
-36 107 34 
-148 53 46 
41 -17 74 
-6 -60 8 
124 -142 -92 
22 -29 -38 
63 -45 -125 
-121 48 -5 
-60 35 30 
23 10 3 
-140 -2 -63 
-57 -21 10 
36 75 -59 
70 -140 120 
-56 -115 66 
1 93 -60 
-51 113 -85 
1 35 150 
40 127 -35 
-16 141 -89 
-86 91 -112 
5 -52 3 
145 -134 92 
-6 -38 130 
-142 -21 -14 
-57 139 -25 
-84 -78 -25 
-21 49 148 
-10 13 -1 
-67 -41 127 
85 40 28 
-91 86 -112 
-129 97 -34 
-112 -20 147 
47 -113 -60 
26 81 -16 
-68 -4 -132 
-8 132 49 
36 -48 62 
-105 29 -99 
-12 -40 84 
139 -143 150 
104 34 -133 
-1 -25 21 
-33 -12 -96 
115 68 100 
23 -17 116 
100 90 -146 
23 11 -132 
-134 -40 119 
-27 -150 116 
28 -71 -74 
61 58 121 
3 119 59 
42 -140 -121 
-49 -148 -107 
37 -5 -62 
116 -53 -97 
-100 117 -80 
-57 -124 -120 
72 61 -55 
112 -33 43 
-40 24 -27 
14 23 -45 
-133 -40 -88 
123 -9 124 
76 7 39 
-147 6 -41 
21 38 16 
-92 69 -147 
-49 -88 103 
60 -91 102 
45 61 -25 
-24 -135 -58 
114 84 -145 
-61 109 86 
2 -101 117 
-120 -18 -4 
126 -38 -23 
89 68 -60 
129 -34 101 
73 14 -43 
6 -11 -93 
137 -52 -43 
-23 78 -6 
126 -22 88 
19 45 64 
98 -107 -47 
97 52 -9 
-66 -5 -65 
-65 112 114 
-125 98 -24 
36 -10 -136 
1 -25 -43 
107 -72 -26 
-107 -114 -66 
123 35 39 
93 137 48 
