9 29 96 
115 27 72 
-56 -26 25 
-74 -123 143 
23 118 125 
6 72 67 
9 -133 33 
-4 77 -8 
-80 -102 40 
17 26 -53 
-11 130 47 
36 -14 117 
-36 98 -132 
-75 -107 -2 
-56 120 72 
18 -23 -33 
78 -11 60 
-78 121 -9 
132 118 -148 
-97 49 104 
122 14 9 
-49 -138 19 
49 -46 3 
-101 149 -78 
-16 5 -95 
36 45 -145 
-125 15 131 
-99 -7 -74 
48 -124 83 
148 -106 -71 
23 -22 -120 
-127 -131 79 
30 84 -11 
-58 144 -2 
-128 88 -115 
-133 56 -27 
-6 144 55 
55 -6 -35 
5 4 57 
-56 -110 102 
-73 -117 49 
25 -11 -106 
-8 -70 -3 
-12 -49 97 
-12 -132 116 
-32 -53 -41 
88 130 123 
-22 -90 77 
-62 4 -111 
17 137 142 
49 -11 -74 
-148 7 16 
23 7 49 
-62 -136 -141 
4 -142 -53 
99 89 136 
-112 35 -57 
5 93 116 
96 -85 -20 
35 10 93 
70 -117 72 
21 8 2 
46 50 79 
-135 104 129 
23 -134 -100 
76 -14 -112 
78 96 26 
-95 -128 73 
-117 64 -38 
-11 106 69 
-149 -86 8 
-120 137 93 
135 -5 26 
142 134 50 
2 -40 -87 
46 34 125 
65 -62 -130 
140 -86 -104 
63 -117 -28 
42 -32 44 
142 66 97 
-24 -64 -94 
23 -26 -13 
-49 147 -145 
131 42 148 
-93 122 45 
-3 -82 -74 
-84 21 12 
62 141 -41 
16 -11 63 
144 -6 -60 
74 -134 126 
-5 107 55 
76 98 -144 
74 12 51 
-111 44 72 
78 -2 51 
-49 -67 1 
-78 -90 57 
110 28 148 
26 66 52 
-102 121 -149 
-141 -95 -23 
-88 -6 -2 
-21 53 143 
145 130 13 
23 -13 -5 
-26 80 2 
91 80 -118 
28 -143 -104 
122 -92 -22 
131 115 -32 
2 -80 21 
-49 82 36 
65 21 4 
96 -39 -54 
-27 -146 -8 
-36 69 47 
140 -134 -65 
49 -65 -118 
-7 -129 -89 
58 1 -114 
52 -81 -104 
16 119 -34 
95 103 47 
-18 -79 -55 
7 -90 3 
148 26 -45 
-30 41 -100 
-26 -103 -68 
20 -8 -150 
46 13 -91 
17 5 10 
70 143 -87 
23 -10 -118 
86 95 -78 
-7 -148 1 
38 -52 -76 
-18 -129 -139 
38 -21 143 
115 -17 30 
23 1 118 
90 128 48 
125 44 -85 
-98 92 -143 
30 56 -148 
-30 -22 2 
119 -6 124 
72 25 130 
-13 -109 126 
40 -120 -73 
-85 -90 -124 
-102 38 81 
81 3 7 
-145 121 37 
10 -58 117 
-108 -6 5 
108 -78 26 
6 -127 133 
-58 -128 -29 
-13 39 -110 
57 3 -103 
139 36 102 
-74 -44 -110 
29 82 1 
-137 116 41 
-106 22 -128 
-147 -75 17 
3 29 -83 
-42 -57 -129 
128 29 -125 
-128 -123 67 
128 -78 -95 
139 -71 37 
45 -13 108 
101 10 55 
16 -106 -36 
-98 -116 -88 
22 112 8 
45 -59 -4 
40 124 19 
-92 -2 112 
123 -23 18 
-3 143 138 
-9 -35 122 
-20 144 6 
14 -1 -110 
19 43 40 
-62 133 -65 
69 -23 -148 
119 -27 144 
-39 14 -28 
-35 142 -148 
80 -39 -18 
10 -5 66 
108 27 -5 
-21 112 -35 
-125 -91 -48 
-130 -44 113 
-89 -56 -5 
6 -30 -60 
-111 25 10 
6 16 3 
28 -59 -7 
5 -49 9 
86 21 -98 
117 64 -20 
65 23 54 
139 -8 -87 
104 135 -48 
-4 34 -58 
-70 72 -30 
-7 -12 -40 
-119 -8 -30 
75 17 87 
-128 -12 113 
-70 25 54 
-68 148 47 
88 -18 -110 
-31 104 -131 
42 -78 -75 
112 29 -87 
-128 45 95 
-136 148 115 
106 11 69 
-23 -48 24 
73 81 -87 
-7 -16 -53 
2 81 106 
-39 142 148 
-104 23 -27 
10 -87 -121 
3 103 -110 
-1 39 -106 
-119 -49 -33 
146 -24 102 
-102 97 -75 
19 -4 -69 
-58 82 -90 
82 40 22 
-106 -33 9 
136 11 24 
-121 33 -25 
-17 -1 -76 
-9 29 17 
-100 105 -11 
38 54 135 
47 82 127 
-93 43 122 
-60 128 -94 
-112 45 -58 
-77 -45 27 
-77 45 54 
-20 8 96 
-96 -13 -135 
-46 67 23 
120 -144 -111 
-57 -14 -121 
-95 79 3 
-145 112 11 
-139 -50 57 
47 -7 43 
62 86 -42 
63 31 -119 
127 -116 -20 
-22 9 -65 
108 73 -46 
128 -69 -10 
-146 2 15 
-48 41 26 
-4 87 -116 
-110 91 52 
-32 22 94 
54 -26 9 
110 -27 -140 
-2 7 -98 
-6 1 101 
15 -74 -114 
4 -87 96 
1 50 -33 
26 -14 102 
-124 31 15 
-60 -82 -84 
11 -122 124 
8 -59 -105 
93 2 -79 
-148 83 20 
103 104 93 
-97 -48 82 
27 140 1 
-132 -26 -105 
-87 31 54 
-135 126 -74 
123 -121 -19 
-77 -2 52 
-36 -83 79 
32 -11 -93 
115 -62 -133 
18 -50 -108 
-87 71 -25 
-12 -37 -16 
-82 6 149 
72 22 -63 
-27 -101 94 
-105 -113 20 
-3 -80 31 
69 132 -95 
48 -71 -57 
25 136 36 
110 -3 -36 
-142 115 45 
-76 -43 108 
-63 53 -131 
95 36 -144 
146 -12 -103 
46 148 17 
14 36 -27 
-112 134 -56 
-76 -21 -18 
7 69 44 
106 111 -82 
-88 -3 -110 
-1 -25 54 
-105 119 -88 
-86 93 -6 
130 15 -95 
133 132 94 
3 -115 -5 
-19 2 -10 
71 -36 34 
-53 -98 4 
58 -80 -5 
-2 4 -68 
100 -44 -27 
56 45 -46 
119 47 -114 
124 6 14 
-23 -72 -112 
73 11 134 
24 33 13 
-150 -108 -23 
-2 11 59 
12 -97 -145 
-37 33 -118 
52 -16 -2 
-45 -68 -93 
-1 88 -72 
104 -78 77 
-33 -142 -15 
-58 -86 12 
72 48 49 
93 -57 8 
88 -14 -51 
62 -53 -24 
-76 -37 -7 
24 -110 -11 
-54 -109 14 
24 26 -25 
105 107 19 
-24 -28 -29 
-26 -40 -121 
49 19 113 
116 -102 -22 
-51 141 56 
95 -125 1 
-63 -14 16 
-92 -129 -97 
-83 31 116 
-48 -44 2 
-4 -42 -63 
-44 -13 -35 
-113 -28 19 
3 1 11 
29 58 80 
-14 22 17 
136 -145 7 
-125 -2 146 
56 114 -34 
24 -90 -67 
-8 90 78 
-67 -51 20 
3 58 -129 
58 28 94 
-57 116 -99 
-118 -134 -76 
112 -48 36 
-36 -34 76 
22 6 19 
19 54 27 
-144 -109 -7 
-4 8 -16 
5 25 13 
127 -27 23 
48 -67 -63 
124 -26 -88 
121 -83 87 
-2 -50 84 
-45 78 80 
74 100 118 
70 -124 -93 
-110 140 43 
-75 19 -99 
-148 -8 -19 
-2 -65 143 
7 -92 34 
73 120 65 
107 149 65 
-75 -6 -13 
86 -48 -104 
-52 72 67 
109 -61 125 
-67 -9 -78 
59 -114 119 
-138 -85 101 
-4 -31 -33 
62 -73 -145 
-9 25 -69 
-12 -138 -55 
-145 61 86 
-4 -11 -15 
-121 114 87 
-4 20 146 
-71 18 -57 
-74 45 -37 
127 -19 -31 
-94 80 73 
-113 -19 1 
-114 -101 -24 
26 118 -15 
79 39 31 
-65 -77 1 
-93 -84 1 
-85 111 34 
10 -57 111 
62 3 -1 
60 129 139 
-114 38 -58 
68 14 -18 
25 113 103 
-101 8 49 
53 62 -40 
72 43 -136 
-107 10 7 
57 144 -22 
-53 63 73 
-37 40 -19 
-16 72 101 
87 -12 -74 
-7 -137 -130 
106 36 -7 
-41 -118 48 
-95 -24 -43 
-98 -143 140 
-53 90 -5 
-95 -114 38 
10 -105 -132 
-115 105 -134 
-109 47 123 
-5 75 44 
-85 82 -84 
29 -125 -108 
12 130 -116 
-20 15 104 
-108 16 25 
95 -49 131 
150 121 -84 
57 -6 12 
56 1 83 
-14 34 -35 
-2 -17 122 
69 54 18 
-42 128 73 
18 26 -108 
86 14 -87 
143 32 -40 
-16 -48 -89 
-102 134 -7 
-108 -97 150 
-72 143 129 
-133 -124 -13 
121 -111 -74 
-72 143 146 
2 11 16 
-56 63 -144 
77 100 -86 
-118 -2 -134 
123 16 -5 
-74 20 -39 
-65 -31 -29 
6 -143 24 
112 -129 4 
-98 65 -114 
-8 -41 -59 
-33 4 -55 
114 32 -2 
-14 -36 46 
103 5 16 
-75 66 104 
-59 31 138 
38 -101 -3 
-132 105 -114 
-30 52 -2 
-31 63 -40 
-113 -122 -145 
-62 -113 81 
130 -44 14 
73 134 90 
43 -65 86 
-103 -149 106 
-27 -126 104 
-73 -61 143 
-84 -126 40 
78 -100 -146 
56 116 -22 
25 103 37 
16 108 87 
-120 -9 68 
-146 -73 50 
-11 34 -146 
92 19 31 
4 -2 -37 
42 -121 37 
109 107 -103 
1 -147 42 
141 -26 -59 
110 63 -99 
-65 -75 45 
1 6 -62 
40 115 -24 
-25 114 -48 
-12 75 -124 
3 145 120 
51 -106 -90 
20 64 129 
80 -7 -34 
-19 146 20 
103 28 -14 
138 -15 -1 
97 122 42 
-132 -60 -87 
-26 41 43 
12 69 -43 
-136 127 -20 
-21 -1 114 
-94 -142 -11 
-15 -117 7 
-138 8 80 
-37 -107 3 
140 139 -39 
17 -40 70 
-136 -132 -137 
23 -39 131 
-100 86 15 
3 59 94 
26 104 -52 
137 -115 109 
-53 -84 -14 
-1 -102 111 
-54 -31 119 
-18 -12 -57 
-4 -66 1 
30 102 -108 
79 -102 140 
143 78 41 
68 -24 33 
57 -97 60 
-16 1 17 
-3 64 123 
-19 6 26 
12 52 67 
35 1 47 
-77 -7 36 
-65 10 13 
83 17 72 
137 7 54 
-64 149 -41 
-4 -89 28 
-10 145 -35 
7 108 -147 
120 -80 33 
24 56 -20 
-125 7 47 
2 62 14 
-39 123 -69 
59 132 -146 
-136 -41 11 
-2 -27 140 
-51 -4 -109 
51 -7 -43 
-133 23 123 
2 50 -16 
-72 -100 -95 
62 -28 12 
-8 148 -1 
15 -17 65 
-45 -58 -140 
-68 43 -28 
12 -89 37 
-64 140 16 
-83 105 73 
-90 -21 101 
95 97 -87 
-39 -119 13 
27 26 -136 
-88 109 139 
-14 -58 90 
28 -110 103 
-65 -143 -81 
102 15 -139 
-113 3 -130 
37 -5 -68 
-55 45 124 
104 -149 86 
65 50 -79 
-136 -70 93 
3 1 -75 
117 -128 109 
-76 1 -6 
75 -130 10 
-95 -41 -125 
144 -1 -141 
-112 -140 -2 
47 -72 -88 
93 -141 2 
-94 -44 30 
45 -93 84 
52 -25 75 
42 -6 -39 
-145 -134 116 
10 29 -49 
-37 100 -38 
-75 45 85 
38 -1 -91 
-60 82 -47 
-56 1 12 
-125 93 11 
127 3 -17 
-40 -4 112 
32 -8 18 
44 35 -62 
