-142 34 67 
135 -125 13 
-91 37 144 
-22 125 16 
-90 -31 -42 
-57 -66 95 
76 53 -75 
16 -53 20 
-6 -89 62 
-91 -55 -35 
-103 -134 -102 
97 40 34 
81 104 67 
27 -35 -147 
-97 9 100 
-94 -53 86 
13 -136 75 
101 111 -44 
-133 -39 -87 
84 -21 -23 
-19 131 104 
-1 -43 -23 
-88 -7 -36 
-65 25 138 
-6 20 -54 
-33 100 42 
-82 112 -144 
7 -5 -3 
-15 -114 1 
18 38 -29 
31 -42 -147 
52 -50 48 
30 57 -81 
-85 -78 -23 
76 -60 -113 
3 -130 -100 
28 -81 -14 
87 -22 -57 
-7 -126 -107 
51 124 92 
-40 -67 4 
-74 -121 -134 
143 -94 97 
-5 -39 3 
-37 -1 116 
-31 114 72 
-53 13 145 
5 -108 -147 
-3 -12 51 
-2 120 -89 
-91 -39 -7 
76 -27 54 
-140 13 79 
79 -71 63 
60 -84 -148 
4 100 136 
10 -30 -78 
-6 -89 65 
-6 50 -13 
61 73 39 
-49 -113 143 
53 26 -83 
-2 57 95 
-119 55 62 
58 -115 61 
-141 104 86 
-66 -75 136 
-60 -51 -146 
-132 -140 -111 
-2 -150 -66 
21 20 134 
85 -12 -41 
-88 -30 147 
47 -24 -84 
-107 -93 92 
71 -102 -87 
-26 -69 27 
-90 141 -91 
104 47 134 
61 -147 -60 
58 21 13 
111 22 -64 
148 -124 -115 
-121 -115 -78 
69 -51 43 
-88 10 -30 
120 60 -43 
106 -23 -68 
-93 -45 43 
-5 -73 121 
56 17 11 
-110 -142 52 
-21 -63 150 
17 38 30 
-64 -7 -106 
67 -102 -47 
22 134 28 
140 -8 -22 
26 63 -2 
88 95 -135 
-149 67 138 
114 60 110 
-24 13 39 
-51 61 2 
-1 -79 -28 
-25 4 143 
4 16 -80 
30 29 -82 
90 38 3 
-44 -138 130 
29 87 -116 
-64 95 53 
-120 91 8 
11 34 10 
-30 37 54 
-144 100 14 
3 59 -102 
-22 -107 -23 
44 -5 104 
-31 114 47 
37 118 57 
52 -34 143 
-37 24 -140 
1 7 34 
-123 9 50 
-34 108 -128 
66 69 145 
-50 -13 -87 
-93 -119 41 
82 67 -126 
-13 -21 64 
-41 4 -2 
-37 -133 123 
8 -82 130 
103 -98 89 
98 -15 -74 
26 42 48 
141 -19 -28 
-58 -77 -136 
-48 -33 -10 
40 -140 130 
-78 -2 42 
-135 124 16 
110 -113 -148 
121 18 -127 
-9 -44 38 
49 132 -78 
-43 -61 53 
34 -43 -28 
-79 52 149 
74 -132 -127 
142 106 -132 
99 -26 10 
-102 129 -10 
79 -119 139 
88 -18 -134 
-8 112 7 
7 -19 110 
118 50 -77 
86 28 -78 
-57 -137 -15 
-127 98 -12 
-2 106 -71 
-65 -53 100 
81 12 -46 
102 14 -1 
88 72 148 
63 112 -10 
-20 64 149 
102 -117 -115 
-40 -96 -28 
-117 102 -84 
-73 76 -45 
-130 -32 120 
48 -130 -46 
-134 50 -11 
1 109 113 
13 118 -64 
-10 -22 -5 
53 31 -59 
-76 -70 -125 
-14 -52 17 
127 -26 70 
104 -74 84 
-78 -131 -145 
-130 -110 -119 
-71 49 -103 
16 -51 -22 
-16 50 119 
127 -24 121 
149 -89 76 
112 54 24 
-81 1 -61 
-101 -127 -10 
-86 19 11 
-34 45 18 
-146 -37 -66 
2 -144 117 
16 -29 -86 
-58 -86 150 
-73 26 -103 
2 143 95 
-33 -2 58 
-69 -63 119 
40 -39 2 
138 54 -47 
91 12 63 
-44 -68 -131 
-113 126 -134 
-26 -55 -40 
-4 -53 -2 
-40 -117 15 
88 -128 32 
81 57 -76 
-38 -102 -29 
3 19 -46 
-132 -11 29 
150 -15 -21 
-122 46 -94 
-149 -2 48 
-17 97 74 
-125 6 16 
81 3 105 
-20 21 73 
137 130 53 
54 6 40 
-20 -73 18 
75 -16 125 
-5 124 -89 
80 113 32 
111 95 44 
91 -30 -18 
1 -40 -67 
21 -52 -120 
-77 -11 108 
-45 100 -42 
-27 70 -73 
143 -88 94 
-35 -1 -142 
-32 33 -126 
-113 1 141 
51 -3 39 
67 121 120 
-19 -26 -101 
80 -122 55 
136 -110 53 
-35 -89 -34 
30 75 -34 
20 -79 -118 
72 -38 -113 
18 34 -33 
34 31 -3 
-94 -49 81 
127 141 -58 
-67 -58 41 
-52 -30 67 
-67 114 -127 
-81 10 13 
122 -23 134 
25 98 75 
-11 104 95 
-113 12 -83 
-3 48 -105 
122 -17 -112 
-141 109 147 
-99 -58 -100 
69 88 91 
113 41 74 
13 -2 29 
-68 16 -148 
119 -147 53 
-93 -86 95 
128 4 73 
51 66 127 
98 79 -114 
-21 -130 20 
12 -87 14 
-71 -74 136 
-5 53 29 
-7 6 -24 
2 47 -9 
109 -45 67 
15 -104 -92 
6 78 -41 
-10 68 -123 
-2 89 -44 
-57 88 51 
-104 86 -14 
17 18 66 
-93 -7 -11 
-134 -116 75 
-140 -142 148 
107 4 -105 
-33 -116 -146 
-1 -14 -97 
119 -81 -2 
-79 148 -139 
94 -75 -16 
-12 -52 125 
-110 -19 57 
1 138 -55 
-11 -121 -45 
73 -92 14 
-72 50 35 
-66 4 -149 
-63 -6 -41 
135 -99 -80 
-138 -26 -24 
101 -121 144 
104 -107 55 
150 -70 136 
-67 -105 -52 
-93 54 -1 
-75 28 61 
-72 115 35 
54 91 79 
135 -43 48 
40 69 -105 
-84 34 39 
-133 -124 146 
120 -8 9 
133 5 131 
-108 12 29 
6 -3 33 
147 13 5 
-15 49 52 
-62 94 -120 
44 42 -67 
68 86 49 
-91 69 -2 
-52 -84 70 
-82 57 -22 
-113 74 122 
59 -5 -55 
42 126 2 
-18 -101 139 
33 3 -14 
-83 -5 -78 
-16 143 -10 
-13 12 -24 
-21 102 93 
17 65 41 
129 16 4 
80 -57 -4 
-50 -36 -48 
-38 30 -55 
-34 -10 105 
54 -21 39 
-116 134 -137 
7 1 -24 
93 13 -128 
-62 -23 -113 
11 61 97 
41 -82 -113 
-11 31 20 
-42 84 31 
8 82 -44 
-103 84 4 
-14 15 -2 
90 -119 -85 
-141 -96 -1 
-74 6 -65 
-21 92 1 
142 -3 46 
80 -62 61 
6 -13 -26 
-40 -18 -118 
-134 7 -55 
22 -96 50 
-73 19 66 
-24 -91 15 
117 -126 -96 
-137 -73 -75 
-14 -123 129 
-12 23 31 
-67 -28 -90 
-150 118 59 
147 46 -13 
-12 -15 -28 
-70 58 -124 
10 -23 135 
126 -42 -4 
-64 -63 -42 
-100 -46 -72 
-40 -131 -6 
-54 125 42 
40 130 142 
-56 -5 133 
2 -112 26 
-27 17 -2 
67 -132 49 
27 -140 98 
-130 13 -98 
-14 24 32 
-112 -127 29 
-15 -74 73 
35 -125 -78 
139 -21 -29 
-8 -103 64 
60 -128 -13 
127 103 -95 
-83 72 36 
19 93 51 
112 130 -105 
-147 30 81 
-4 18 -16 
-86 68 118 
40 -102 91 
-72 -8 37 
-23 141 53 
8 -39 -149 
50 -68 18 
36 7 -104 
74 72 -79 
-97 38 123 
16 -17 93 
-2 87 -4 
16 35 112 
-148 14 -58 
125 -18 -64 
-114 133 -62 
70 -139 -29 
104 -39 71 
94 -116 -128 
63 -88 50 
85 142 -58 
37 -6 65 
16 -106 42 
5 82 -2 
30 14 76 
10 -82 -91 
-121 -87 -115 
-20 119 37 
-36 129 38 
-41 115 35 
-4 110 -35 
118 -110 -2 
106 -61 -68 
9 82 -67 
-83 -2 37 
81 -70 -25 
-69 8 -74 
38 -113 -143 
-148 87 102 
-95 5 29 
-3 79 47 
-8 22 115 
-3 -69 -30 
135 8 -31 
43 -96 -59 
-8 3 -66 
-10 23 -22 
4 65 -48 
68 -64 -30 
-10 126 15 
-123 -80 132 
12 -71 122 
-8 131 40 
-127 40 -136 
74 -92 -1 
150 -19 46 
116 121 -97 
-64 112 -60 
-132 -40 -130 
-103 -6 102 
-99 108 32 
3 -12 24 
120 8 -64 
-44 110 -18 
-22 100 -63 
-80 130 -120 
-94 39 92 
-136 18 -117 
-3 -77 -119 
-88 65 -149 
-66 15 117 
-33 82 -141 
26 -7 -46 
37 -20 -75 
83 -9 -141 
-15 41 -75 
42 -89 -46 
-36 -14 10 
30 -82 -50 
-68 -33 -100 
5 -1 89 
108 136 67 
-30 -33 -88 
-150 -141 -109 
-50 93 -94 
-63 -21 17 
-27 101 -77 
-74 33 47 
77 138 -119 
-7 -19 141 
-147 -37 -42 
-23 76 6 
-113 59 1 
57 -116 -10 
27 -99 68 
128 136 -2 
-143 -131 -4 
22 32 -61 
147 -130 -91 
-123 137 -104 
105 -125 146 
95 135 103 
-137 89 127 
-31 11 126 
129 74 -106 
134 131 -123 
-13 62 125 
85 11 -56 
-9 -144 -65 
-88 -11 4 
-137 -31 -45 
-38 3 -77 
118 4 -126 
103 126 -83 
60 38 -133 
-33 -146 124 
-5 13 82 
33 -130 52 
-100 104 -6 
78 -13 -113 
-130 1 4 
123 -44 149 
-116 -135 83 
22 -96 101 
96 -82 -49 
-81 -35 93 
135 48 -117 
-32 108 -118 
95 -87 48 
-147 2 -118 
-7 5 -55 
-9 20 78 
-112 63 124 
-52 -28 -129 
-108 -60 -92 
31 -131 -55 
34 119 103 
3 29 -150 
-141 31 78 
48 -17 -14 
-59 -66 -54 
55 -40 -45 
3 -134 95 
96 -84 9 
-87 97 20 
-105 11 -13 
81 34 96 
63 -36 65 
-26 98 -80 
15 73 74 
95 -113 -149 
-8 -34 137 
-2 149 147 
4 34 82 
107 40 84 
-27 55 68 
-141 33 99 
-140 -69 8 
-25 -96 71 
89 -16 110 
32 116 -80 
57 8 11 
-20 -69 4 
8 -19 24 
7 -144 120 
-1 -129 -124 
4 100 50 
-9 -125 53 
5 81 48 
65 -42 21 
-6 -12 24 
52 -133 132 
-16 27 -23 
69 138 -24 
69 41 -82 
-138 -6 -78 
77 -27 66 
49 46 -41 
63 129 88 
88 1 -14 
44 -23 9 
89 18 -116 
-69 13 84 
-59 72 70 
9 6 100 
-30 80 18 
-92 50 68 
19 91 -83 
9 21 103 
6 125 -82 
33 -64 -25 
-13 71 31 
-114 -53 -50 
-8 -49 -65 
149 -102 133 
-23 -24 16 
-145 88 4 
25 -129 -31 
135 74 -116 
29 89 119 
-138 25 97 
56 -20 -119 
63 -119 -124 
23 -114 -130 
-65 113 -33 
-61 138 128 
-88 36 117 
20 80 74 
-32 112 143 
-41 122 28 
143 -80 139 
-95 136 66 
-93 28 80 
-39 -21 -101 
-14 -104 -137 
96 -106 74 
-16 -130 7 
-34 -140 126 
31 116 -7 
118 -15 94 
40 -76 94 
63 110 -137 
77 -33 125 
-33 38 -1 
99 -101 135 
40 1 -77 
94 -49 25 
-108 -100 -45 
-73 -22 72 
26 10 40 
73 -70 5 
82 37 -24 
64 -126 118 
-10 -13 -146 
-19 132 62 
