114 60 49 
-8 33 196 
-157 -141 -39 
-148 18 12 
104 66 -184 
-155 -31 1 
173 -32 -49 
100 24 -30 
41 162 -25 
-131 -120 1 
-107 69 -58 
-95 -111 2 
-103 29 -85 
-141 14 74 
85 192 -36 
-133 114 106 
-79 92 105 
-157 59 -87 
-12 -185 -176 
-151 71 167 
80 91 -62 
40 155 143 
-120 154 54 
18 -146 -178 
89 175 187 
92 5 -2 
-58 62 -32 
17 -85 153 
148 57 -12 
-26 105 141 
124 -20 -107 
-63 -161 73 
-133 -157 58 
-138 -192 188 
-34 26 145 
-158 145 -181 
85 -11 20 
133 -75 178 
-134 -39 -66 
-80 127 -9 
-23 53 -55 
200 165 -120 
46 -171 -149 
143 75 157 
-150 28 40 
-142 181 -12 
123 66 196 
184 -18 75 
-9 109 67 
84 2 118 
25 -8 148 
-35 71 -34 
21 176 -159 
-120 118 -198 
-150 -136 200 
-28 -73 -126 
30 42 -149 
157 50 -4 
-24 -56 71 
-52 7 -82 
100 82 30 
3 19 27 
192 51 -62 
-64 174 106 
-105 191 175 
-96 -49 -47 
168 27 -10 
10 -192 39 
-14 -64 -87 
-107 33 -61 
154 -175 8 
176 -67 24 
-84 93 -193 
65 -96 122 
111 140 -123 
-137 96 -157 
-162 -4 -180 
-143 -199 147 
-11 108 -4 
-105 -90 191 
-50 -93 -78 
-87 49 186 
168 41 30 
143 9 26 
-177 -123 -18 
-91 -156 116 
162 30 -110 
-50 93 49 
-156 -166 -194 
-165 176 -107 
8 -3 -6 
-103 25 10 
64 3 -84 
2 -74 -34 
-39 -74 164 
-46 -85 -12 
89 -185 -159 
139 148 117 
174 -13 -16 
-30 28 172 
53 79 107 
71 -125 -30 
5 -40 -184 
-13 -144 19 
-145 78 -24 
179 190 -72 
-42 -1 -177 
162 65 -141 
91 50 12 
-17 74 -64 
-190 129 54 
-117 -187 -21 
119 -156 124 
96 129 -145 
136 -25 -186 
148 178 -8 
-191 -20 -25 
-36 -161 -149 
145 -78 184 
-158 151 37 
-109 -197 -11 
-199 11 58 
101 -66 -133 
-26 -2 43 
64 61 -136 
100 -54 21 
-186 -82 -147 
-190 -189 24 
-161 13 186 
187 -61 -58 
-20 -85 55 
-120 -24 -183 
-62 102 6 
-60 177 -140 
88 133 -80 
1 72 -32 
122 25 28 
-179 -185 -2 
-50 163 189 
-149 5 -80 
11 42 -7 
-143 153 -30 
112 64 -111 
198 -64 4 
-39 52 -96 
2 28 21 
-142 188 84 
-97 1 114 
93 168 -27 
-12 56 164 
78 98 48 
-115 52 -94 
18 22 -5 
142 -149 192 
-136 89 99 
28 105 -7 
-126 45 -17 
13 81 -183 
167 -100 87 
92 25 13 
84 -34 4 
149 -197 -170 
-63 20 118 
194 -54 39 
75 -27 -99 
179 -195 185 
13 71 -60 
-44 21 133 
-140 -134 -180 
-43 189 -69 
-126 58 -14 
-35 140 58 
67 -45 77 
-86 -188 21 
-7 -151 25 
198 -1 -104 
-13 -66 -77 
-29 96 -3 
38 168 91 
135 -124 -127 
146 106 142 
-191 -115 -25 
150 187 -156 
-163 22 -125 
25 -187 46 
42 -184 -61 
-152 143 -82 
-86 128 -118 
68 169 160 
6 -176 -94 
-9 -99 44 
188 27 -95 
-173 151 95 
91 137 -21 
1 -11 -154 
-2 -190 -109 
-105 -124 131 
75 -113 71 
-177 18 -183 
-96 13 -75 
-189 4 193 
-101 184 104 
176 10 9 
158 150 28 
-188 -3 109 
-21 -109 142 
9 -198 -100 
-130 -198 107 
-108 -101 9 
17 155 -30 
126 137 -133 
-165 -182 -111 
-141 -27 -1 
-163 10 -1 
-47 -35 -150 
-17 8 -10 
39 61 152 
-32 -120 115 
185 -131 -162 
50 116 -33 
146 189 -159 
-114 -118 -133 
69 -35 77 
-151 171 -21 
66 -72 185 
-118 -63 62 
-60 -134 -192 
-56 -60 142 
136 -21 2 
185 -142 121 
62 -16 74 
103 170 -107 
104 98 -115 
74 145 -108 
154 -31 -117 
60 132 -146 
195 12 140 
-153 -18 -3 
9 -133 -135 
-149 -3 74 
-142 62 -27 
-168 192 11 
117 -5 -16 
-70 6 -140 
198 -113 -112 
8 85 -174 
-169 119 83 
164 105 166 
162 -197 112 
-186 32 56 
166 -15 178 
69 -194 30 
-11 -55 10 
-18 89 -74 
125 -158 48 
24 16 73 
-37 -52 -84 
8 -153 -36 
-128 111 41 
-13 -106 198 
-147 -104 -172 
83 -43 -10 
-19 -106 -105 
-177 113 38 
25 178 -86 
193 82 74 
-160 74 -92 
-35 -165 -170 
120 -19 -139 
193 -4 -180 
-74 135 -50 
-102 -5 -21 
76 114 55 
176 168 -84 
-153 142 -21 
17 131 -183 
184 190 124 
-179 160 -14 
144 175 138 
126 183 -154 
-80 -64 70 
55 -85 38 
-18 -147 29 
-61 -124 95 
-121 -33 101 
-161 104 -91 
-91 -177 69 
-191 -79 -197 
-183 -189 7 
180 75 3 
53 170 -133 
131 159 191 
12 74 135 
13 27 35 
14 3 9 
-173 106 38 
-9 42 -19 
147 100 109 
94 -60 -164 
135 42 -160 
-93 -133 177 
-62 -169 -134 
-181 -140 -199 
185 131 182 
65 198 -7 
-24 -155 -40 
44 137 -166 
-123 14 113 
187 41 139 
50 114 -44 
-63 -176 120 
166 124 -1 
-200 103 -42 
-117 -38 99 
-155 -178 84 
-17 -28 -183 
68 -102 188 
-86 -16 -30 
-151 76 -196 
52 199 84 
-82 -38 -92 
21 -174 -145 
-137 57 156 
-5 -11 145 
-36 -29 -155 
-168 45 196 
-113 -21 112 
-45 -7 22 
165 -77 -31 
-26 148 -10 
184 -106 122 
-108 -163 -63 
-145 30 -97 
197 -191 -111 
22 -124 -141 
-124 -147 -191 
85 -194 -110 
-142 -134 -99 
107 103 -81 
-136 19 -122 
-58 75 23 
14 -34 -46 
94 82 11 
-83 38 196 
106 146 4 
-18 -142 191 
2 39 -100 
164 -52 181 
140 149 -163 
-99 143 137 
-19 51 -161 
138 -3 -70 
56 107 -114 
-175 -47 -20 
85 -121 -7 
-6 -164 189 
107 13 147 
145 -169 37 
-165 175 -181 
-160 -106 -112 
-188 -99 -150 
-132 24 71 
45 72 108 
-67 -38 -149 
154 -152 -191 
-79 164 -156 
-146 -174 -171 
74 61 53 
-67 6 -106 
123 -52 -80 
-82 20 89 
89 -10 -70 
-44 -4 82 
23 161 -159 
72 -81 -96 
57 177 -40 
39 -162 -86 
61 125 -75 
90 -69 60 
53 75 8 
23 99 -173 
136 -73 104 
95 80 -72 
-138 171 -58 
-113 -116 30 
-159 -124 174 
154 14 -197 
-87 -48 153 
-191 -195 178 
-163 -162 73 
57 142 27 
78 -189 -27 
166 58 10 
-60 -29 187 
-147 -57 -137 
-113 43 -194 
-10 123 104 
46 -170 36 
-43 193 24 
18 82 6 
-85 -175 173 
193 11 -60 
-109 29 141 
-167 97 187 
-4 154 163 
-112 -134 -174 
-2 -151 -32 
46 -119 -64 
-103 57 69 
-22 150 -130 
23 -45 101 
-37 -197 -15 
66 61 168 
99 -104 22 
41 -106 134 
191 186 68 
158 -121 129 
-38 30 -6 
-48 6 -68 
-87 -88 13 
19 74 22 
-55 167 32 
197 125 152 
-61 -30 -102 
182 -73 108 
-29 -26 -192 
36 -195 -33 
190 -198 114 
28 123 -163 
-19 -155 200 
41 81 145 
-14 -48 -173 
185 -116 16 
49 -47 72 
8 5 -55 
87 -159 151 
116 147 -38 
105 -47 -13 
-14 -124 161 
38 -43 -184 
37 81 -102 
-72 39 -144 
35 -137 186 
197 158 -13 
-21 -62 4 
198 71 122 
53 -86 95 
-20 156 -99 
94 -34 -7 
46 -124 -160 
-27 -80 -174 
-41 46 92 
127 -113 25 
25 -9 -143 
128 -198 -60 
65 -151 -108 
-36 -2 -192 
199 27 -49 
60 -147 184 
91 -164 -142 
19 39 -166 
69 134 155 
117 173 -155 
146 -19 59 
80 183 -70 
-52 16 -163 
62 36 32 
-2 -110 71 
53 -41 117 
144 -152 -86 
69 -86 -140 
-7 -101 -147 
-39 143 5 
117 -127 -28 
-75 -52 195 
155 19 -195 
-75 85 -194 
4 26 71 
98 37 -16 
67 167 -111 
15 135 -187 
-13 66 91 
174 -132 -131 
68 80 -89 
-23 -183 -34 
47 28 -110 
-69 44 -135 
-101 -17 149 
105 -70 -37 
-192 -154 93 
-24 -165 -134 
15 -95 -169 
123 -65 173 
49 -163 174 
-23 143 -152 
49 26 42 
114 5 164 
-159 -33 -85 
1 141 26 
124 -160 8 
12 -137 1 
49 81 144 
129 78 152 
37 133 81 
-124 135 -73 
-43 -188 -7 
75 -52 -51 
-41 15 -11 
-106 -157 -123 
144 131 -198 
63 43 -3 
118 33 -178 
4 -113 18 
188 2 -182 
-4 78 -136 
-42 -146 168 
-166 -31 14 
-117 -119 158 
-92 -180 101 
171 -107 -89 
-87 -146 131 
-73 117 44 
-166 169 -111 
-19 -131 -117 
-75 -149 104 
-58 -27 -145 
103 -41 133 
-140 132 -5 
36 -93 -124 
-115 49 -56 
-155 33 -44 
57 -193 70 
198 28 24 
179 -134 -21 
-118 114 50 
11 198 31 
8 -100 -146 
-34 -30 40 
-21 -144 73 
56 -43 196 
158 69 -154 
-5 -56 -109 
182 -83 12 
-40 81 -3 
184 56 152 
-104 -85 -93 
79 -177 -109 
101 67 -1 
-65 149 -191 
-114 -10 6 
163 -125 86 
154 -117 103 
-138 7 -123 
-56 54 -57 
52 -162 170 
131 -11 -125 
-5 -153 176 
178 132 -32 
26 -134 180 
-158 -9 -80 
4 -18 147 
11 24 -68 
-58 -168 78 
-63 -114 -11 
69 -158 90 
-55 -177 -91 
-136 -194 84 
-183 -163 123 
94 -141 192 
-101 71 146 
-27 -4 -200 
-150 -38 21 
192 160 120 
-99 -131 78 
-136 -45 -73 
-89 167 142 
41 94 14 
-134 114 -85 
-175 -37 122 
65 197 190 
-48 -194 158 
-172 -2 -164 
25 -104 -181 
58 -20 6 
-115 93 -175 
-84 146 -199 
-2 -28 -118 
29 199 106 
84 -32 -50 
3 -85 -110 
-196 -77 70 
-34 65 37 
5 88 -6 
-126 106 71 
183 -89 29 
198 11 57 
-70 -11 -90 
13 90 158 
93 -89 55 
5 -61 -15 
84 -69 96 
63 91 41 
143 139 -25 
-40 -48 194 
-92 -141 14 
-127 -150 -66 
155 51 1 
-185 -71 126 
64 33 -96 
32 48 -190 
-75 -125 95 
163 140 -100 
69 20 36 
-152 58 -112 
-108 -48 61 
-6 -190 -45 
9 -145 6 
41 101 25 
-42 186 174 
104 106 -6 
179 -9 -70 
162 8 122 
-3 -114 4 
152 -63 135 
64 -148 -123 
42 -18 -170 
23 -22 -17 
54 161 -108 
-77 -45 172 
81 116 82 
-99 11 -48 
-184 95 148 
-89 36 -42 
-59 -183 -116 
-156 -167 -44 
4 46 152 
25 -81 96 
136 75 177 
-196 -52 111 
-165 159 18 
-107 137 45 
121 -10 -43 
-3 -59 -11 
83 -121 57 
75 -134 -17 
189 87 -93 
38 137 -100 
-155 193 -195 
-137 -169 144 
-55 4 -99 
8 133 11 
-99 -131 135 
-67 41 197 
81 160 133 
-45 -129 66 
105 149 71 
-2 104 -160 
85 -92 -42 
23 17 -109 
99 167 -183 
22 139 30 
-130 190 126 
-75 146 -91 
74 -17 22 
17 -5 -171 
65 -53 122 
115 127 -69 
-169 30 123 
-147 90 152 
193 50 62 
200 117 121 
-170 -8 -190 
119 -86 62 
108 64 153 
190 -87 148 
-54 75 -87 
125 -2 -112 
-45 4 112 
-50 75 -1 
152 -6 55 
-190 -182 -8 
6 70 -55 
-200 -20 -123 
-23 31 -22 
-166 189 168 
22 -134 121 
105 63 -55 
-165 62 -113 
102 -145 -24 
-91 -19 -174 
-163 110 130 
141 -109 33 
-164 -85 82 
-84 -123 164 
-139 48 26 
122 -22 77 
-170 -128 34 
-172 -93 178 
116 -96 30 
84 116 -180 
