-10 48 -104 
-177 6 7 
32 -9 13 
130 -165 58 
125 -47 -64 
-161 -79 -50 
-178 -69 13 
79 134 -81 
-152 -62 -53 
132 81 -34 
70 47 108 
-24 -145 51 
-176 186 22 
-84 -113 -81 
127 180 102 
-122 -163 -190 
-173 164 149 
-181 47 -101 
-27 113 -120 
-200 7 -46 
91 110 -183 
-194 3 122 
50 87 91 
-31 198 -19 
-17 -189 -56 
-134 75 164 
161 138 191 
166 84 88 
136 162 4 
53 -52 -23 
-103 61 -71 
98 -200 -43 
84 -58 -132 
-133 -194 -200 
37 -98 -151 
97 -71 192 
167 -189 -72 
-39 50 132 
100 -8 -168 
-34 155 -53 
-48 -166 132 
6 36 51 
-51 -11 74 
-29 76 107 
128 197 131 
104 -9 -73 
155 19 39 
-2 -4 -46 
10 -178 -174 
-114 -78 63 
20 118 -43 
-80 -195 -63 
49 -115 152 
123 45 28 
15 -134 10 
-3 8 -179 
171 7 -41 
-147 -126 177 
162 150 -30 
6 154 79 
115 168 -165 
-98 146 -177 
-19 -118 -88 
41 195 -91 
140 13 -73 
198 18 -141 
105 97 80 
-71 93 42 
22 12 -7 
188 -175 -18 
-140 96 -59 
-76 -7 1 
45 196 197 
177 44 144 
87 173 -142 
12 -99 7 
137 -101 5 
-106 135 102 
-119 -5 69 
1 98 -159 
12 182 -174 
-51 -26 119 
-132 95 -145 
-12 103 47 
100 -20 129 
49 -65 77 
-133 181 18 
143 -24 81 
-32 148 -69 
-84 -89 -125 
101 141 -53 
-78 -179 4 
-110 -81 132 
-111 -117 -166 
26 -176 47 
-68 90 21 
-49 16 -153 
-191 -115 -22 
-28 -53 167 
5 -60 -14 
-52 27 -125 
-12 50 -88 
-10 -129 16 
156 170 75 
-22 79 -24 
-93 92 -173 
55 75 187 
-97 -175 58 
-24 89 -144 
3 77 24 
-54 136 -38 
-124 -154 144 
-120 11 -77 
-87 -88 96 
-139 27 135 
164 -157 -59 
-3 -36 84 
23 -114 -15 
-127 -25 172 
143 71 -47 
18 -135 89 
-35 68 -171 
-22 182 -196 
6 195 32 
38 84 195 
11 151 172 
1 -65 83 
70 20 -180 
-79 21 125 
122 34 40 
-166 134 38 
-136 59 -81 
29 -163 -160 
128 -189 19 
23 -126 78 
37 -19 -97 
-95 -79 -151 
13 -129 23 
-57 95 3 
-186 91 12 
127 -82 159 
38 170 -194 
95 92 -132 
110 5 -192 
-165 68 -169 
-92 -53 -157 
17 -197 -16 
-46 111 -25 
62 56 -159 
111 56 -151 
154 59 92 
-49 1 9 
-123 118 3 
11 -3 80 
46 -27 180 
144 64 -29 
6 59 108 
121 92 111 
43 108 -186 
106 102 101 
-41 -180 178 
-63 -18 -12 
60 -132 -106 
74 -27 99 
-32 -58 -4 
59 -135 -33 
159 -133 152 
-84 58 50 
151 13 -26 
30 -87 152 
94 -24 105 
130 -142 134 
-89 -91 77 
-169 -17 -113 
-3 -38 -74 
9 85 40 
-68 48 -33 
21 139 29 
-168 -145 118 
171 106 23 
-108 67 96 
189 93 -148 
83 141 192 
113 91 -68 
-185 48 -174 
-33 -136 -102 
-122 82 -59 
135 8 17 
86 -128 -89 
94 113 -168 
14 -30 -95 
71 3 -14 
149 -161 115 
93 -53 199 
-70 28 142 
-180 -51 134 
125 -138 106 
57 -173 4 
-105 -184 -115 
-86 102 174 
100 48 53 
68 -162 -108 
47 104 -13 
-168 -155 33 
-130 -27 -152 
130 46 55 
-17 48 111 
48 -77 158 
-142 113 27 
26 -74 -14 
-179 44 -191 
116 101 181 
6 -68 43 
184 -140 -9 
-49 -98 131 
-21 -178 -110 
-7 81 -52 
2 143 94 
-174 128 51 
-178 135 38 
66 62 147 
-156 189 -90 
64 86 -59 
19 135 -53 
182 -165 -149 
11 -92 -121 
-20 -58 60 
199 94 -65 
-5 107 -11 
115 63 -110 
141 -133 151 
-85 32 11 
-76 135 146 
105 -109 -16 
45 -192 25 
194 -14 -198 
184 -61 -188 
-120 105 -156 
-97 183 148 
-3 176 82 
-78 -99 -37 
44 41 -50 
38 14 147 
97 -117 -107 
-198 17 -182 
-100 -29 3 
155 50 -166 
-114 -73 -34 
115 -21 -112 
117 187 -123 
-102 8 107 
132 -85 81 
-139 16 143 
89 146 -175 
-197 95 195 
-54 193 156 
64 2 199 
123 191 -17 
-173 15 -119 
3 -70 -100 
-79 62 96 
84 31 -199 
12 140 62 
-130 -5 -68 
-70 59 151 
188 -97 133 
-11 -28 -102 
164 69 -58 
-13 -69 -171 
-138 -1 -112 
20 -130 -197 
-4 56 -46 
103 123 7 
-88 -38 -77 
41 6 -109 
-51 -40 173 
148 194 -152 
-28 -193 -14 
23 169 139 
-38 -142 164 
-28 94 -15 
-150 -199 -191 
-175 -196 -18 
-42 -10 21 
14 -82 -41 
121 -2 153 
157 148 132 
-116 167 -171 
-10 -30 -29 
-33 46 74 
-48 -183 113 
143 103 -2 
-179 79 66 
191 128 -67 
-188 140 -131 
-197 116 -179 
107 31 132 
21 -101 -104 
179 56 33 
19 18 -180 
22 -119 120 
157 -167 -119 
101 9 172 
6 117 -156 
27 15 53 
38 -127 -34 
92 17 -69 
-117 -69 -103 
72 125 28 
45 -40 -29 
21 -27 19 
-63 22 128 
145 -18 -17 
142 -128 -173 
-11 -66 -59 
45 130 85 
20 136 55 
50 -180 85 
-65 12 71 
-88 98 106 
-180 -9 -160 
-116 160 -58 
-33 103 -111 
-10 -134 -115 
-35 47 19 
14 -23 43 
69 -194 173 
-112 -141 126 
34 71 -10 
166 -30 -74 
97 -143 28 
-3 99 172 
-3 68 162 
160 47 -29 
-192 -83 66 
-16 196 79 
-31 -3 -48 
-136 -130 -178 
7 10 -133 
-94 -51 130 
-15 -13 40 
-139 -166 185 
40 -71 23 
-173 132 -185 
6 59 -133 
-36 187 112 
110 133 144 
32 99 180 
66 -184 48 
-166 -20 29 
-83 16 192 
190 -110 -152 
-78 -82 -4 
-98 -193 -27 
82 7 45 
-137 80 72 
-180 -78 -27 
3 -9 78 
-97 -117 -113 
-1 -189 -167 
-48 -102 -26 
23 -3 194 
45 -84 7 
139 176 187 
2 69 18 
-21 5 26 
148 49 -39 
59 143 51 
31 54 125 
-35 -12 122 
-169 74 -186 
78 -113 173 
-38 61 2 
-159 -127 137 
-32 180 62 
-49 11 184 
-56 149 -184 
36 -96 -64 
-136 -123 101 
-117 -30 -91 
-91 67 -120 
-160 -38 -24 
-11 66 -36 
-9 19 -84 
-99 -190 21 
-3 -141 -96 
149 185 136 
-171 -169 -2 
20 -6 126 
-22 -186 4 
84 -159 33 
-151 -131 -172 
-3 133 17 
79 -174 125 
-24 -148 -179 
-78 117 92 
141 -18 31 
27 97 3 
-156 -55 -120 
-170 -80 144 
-9 104 8 
1 -104 -103 
-129 -171 145 
77 127 -4 
-82 44 89 
-1 89 170 
140 80 -7 
-33 -45 163 
-155 162 -187 
9 -50 -196 
87 -76 -111 
-22 -99 -60 
119 -132 66 
62 -150 -41 
25 184 -118 
164 94 -88 
-175 -35 -21 
-80 -174 -20 
39 148 -114 
-110 104 -51 
103 169 178 
90 148 57 
70 -114 -135 
200 13 50 
14 111 166 
1 -193 61 
31 9 43 
-10 129 -65 
-49 -131 -14 
-142 -136 -116 
-70 18 -160 
89 70 -141 
65 14 -142 
-7 6 45 
-130 111 -91 
148 10 52 
-155 169 27 
-36 189 181 
2 -81 135 
100 -55 112 
-46 75 -168 
87 -123 -173 
-147 -68 160 
136 -13 16 
119 -158 -64 
38 -197 135 
166 7 129 
147 48 15 
164 103 82 
-182 -137 44 
87 80 83 
95 -172 -12 
29 163 64 
186 50 -129 
-120 -47 39 
-45 61 -53 
-147 -31 23 
-171 24 83 
104 -51 71 
56 25 191 
141 -188 68 
16 195 -99 
-69 -168 151 
-77 98 170 
-64 -9 126 
60 131 3 
86 196 194 
139 152 147 
109 14 36 
-69 -157 -70 
10 -165 124 
-49 -3 192 
-6 190 175 
72 161 117 
-158 -47 -164 
-141 -39 -134 
-80 143 -119 
-99 63 -67 
115 102 -38 
-182 -57 115 
-55 25 23 
-29 -48 195 
185 -94 14 
-82 190 -11 
102 124 -70 
-125 186 144 
-73 -53 156 
76 181 134 
34 36 -49 
-151 -20 -2 
-161 -63 -10 
71 6 159 
-188 -56 85 
-71 142 -85 
-46 -19 15 
82 -103 3 
-64 -58 149 
23 -172 101 
-35 30 116 
98 -7 -39 
-6 -150 -147 
116 107 -12 
120 160 -188 
25 -26 -36 
164 1 -65 
-26 -132 -32 
-52 -121 139 
-186 -45 35 
-105 84 -51 
58 11 -17 
40 182 23 
82 -104 -196 
124 82 -79 
-76 102 -27 
169 147 -137 
183 -142 194 
-171 165 -3 
-189 102 155 
24 165 -37 
-5 -74 -89 
-15 -141 -161 
73 -181 131 
10 155 -54 
135 67 25 
123 -21 -88 
-74 32 -53 
-184 5 -57 
107 82 -176 
34 158 -8 
154 8 200 
89 -173 -4 
2 7 -27 
98 -134 -75 
-135 -172 -89 
14 19 -112 
132 -43 33 
56 46 142 
53 -158 -85 
83 -167 72 
34 131 63 
67 -126 -12 
-65 -75 70 
35 198 -189 
62 51 -14 
7 88 -32 
-123 -117 102 
94 -56 -74 
19 54 -146 
-195 -135 199 
-61 87 191 
-121 -193 -38 
59 -14 60 
166 135 187 
29 78 44 
90 138 -65 
128 19 -46 
-50 55 -196 
-152 -16 -38 
-133 -37 -55 
-58 93 43 
-23 197 66 
-166 84 -92 
-18 183 178 
55 -46 3 
4 -85 -165 
171 -100 131 
-75 -188 -43 
-49 -96 33 
81 -100 39 
88 160 -51 
-156 -148 -58 
-106 -188 -80 
-101 -21 104 
89 73 -84 
75 -4 -157 
34 51 64 
-98 107 27 
-72 -16 -103 
176 -164 35 
-151 -92 153 
-12 52 159 
-110 -60 -70 
22 56 59 
58 53 110 
14 10 -164 
14 -119 -23 
-185 -195 -148 
-74 51 -55 
-184 -93 -115 
-82 188 106 
-57 103 -86 
-118 3 40 
-182 -75 -167 
-134 183 -170 
-8 -140 101 
159 124 -22 
-50 143 -86 
23 -137 -178 
103 -175 -11 
-116 -194 -122 
-174 -99 78 
193 -130 -53 
-26 121 -129 
101 -31 28 
-155 76 -156 
-81 -166 -132 
158 -13 85 
-60 -73 -61 
-13 -129 -157 
105 49 -130 
179 -137 -10 
176 -34 -153 
-96 171 15 
-116 185 15 
40 74 50 
-94 -114 -106 
74 199 152 
-113 16 178 
-125 97 25 
-66 -120 -107 
182 194 14 
126 -115 -169 
-40 -113 158 
-133 -176 150 
-147 -120 -123 
140 -156 -57 
-13 -152 -17 
-118 54 -107 
-62 -58 -67 
-1 28 32 
-148 34 -140 
-39 36 4 
23 -17 -188 
-107 159 23 
-22 185 -29 
5 68 77 
164 -143 171 
161 -87 -135 
-4 145 -41 
129 49 -151 
-114 14 -2 
-94 -29 75 
-195 121 -146 
120 -25 24 
183 157 155 
-141 -90 4 
-193 -72 -163 
-147 -144 -121 
6 -173 164 
119 134 18 
-118 -122 -115 
124 37 38 
93 -84 -11 
-185 -39 -188 
-41 -86 -102 
-13 109 -6 
-148 -112 -150 
49 -18 166 
-192 -189 190 
11 51 129 
62 -197 -156 
168 -128 182 
-10 9 -106 
-106 31 -52 
-64 -72 -158 
136 -85 -140 
6 152 133 
-170 157 171 
-57 52 199 
116 81 -187 
91 -192 1 
-17 12 -52 
176 -142 -187 
39 -31 -117 
-112 -150 -172 
42 26 -24 
15 -22 92 
-129 27 145 
199 61 29 
-157 -29 172 
-88 93 -94 
111 -36 165 
-12 108 34 
-37 -154 -128 
-184 -151 136 
-95 20 117 
-160 141 109 
-49 195 -23 
169 135 196 
-77 6 -1 
194 -132 -39 
-104 151 63 
-141 -152 22 
167 -162 -175 
-9 -157 7 
-27 -101 -110 
66 -122 153 
-86 -110 33 
-140 -136 17 
132 24 45 
