-49 -174 85 
9 138 1 
46 -132 148 
-79 -135 -38 
35 -73 34 
90 1 63 
-28 -55 15 
195 -86 -175 
69 36 99 
198 -140 -13 
-28 181 191 
-108 -120 74 
167 -2 66 
200 -1 38 
-97 -48 130 
46 36 79 
-29 126 98 
-104 22 43 
-150 -193 13 
-72 144 124 
126 -81 21 
128 180 -88 
53 32 -37 
172 161 -5 
-8 -14 -126 
-14 -48 -95 
-15 -189 72 
-178 -50 115 
-147 -125 153 
9 -106 66 
65 -25 62 
144 -19 -116 
-108 98 -21 
-10 -21 30 
9 -92 -183 
106 -174 -84 
192 -90 17 
-94 3 -16 
60 44 144 
116 -44 -131 
-5 -2 49 
89 -196 -24 
75 -143 62 
-3 -48 156 
186 -194 142 
53 16 -66 
46 108 73 
-104 10 -142 
18 181 -36 
64 -10 144 
122 -87 -146 
34 -126 -20 
-40 -48 101 
38 -145 189 
-95 -179 -130 
91 -82 -161 
113 -27 -11 
-59 61 -173 
-95 116 9 
-32 -120 49 
112 -80 182 
3 82 59 
84 56 -174 
61 -156 185 
47 -189 2 
35 -156 -38 
94 41 98 
-3 -83 -119 
-106 30 114 
-1 -126 62 
58 -4 -178 
2 128 106 
-33 117 -133 
155 12 94 
-195 -41 -112 
-72 97 116 
144 -5 -132 
26 -128 -45 
128 123 198 
15 153 -23 
-30 56 33 
189 116 14 
21 -180 -35 
35 -177 3 
169 130 29 
-83 -85 -109 
138 -113 -134 
127 73 112 
-65 38 28 
148 -51 -42 
-68 -165 -1 
-44 32 36 
-35 -156 -103 
-106 -4 138 
-144 -32 92 
-127 154 -114 
-72 119 199 
138 -50 32 
-198 -193 178 
-81 -16 6 
131 -87 78 
165 -91 -92 
95 -81 4 
83 12 -44 
97 149 -63 
29 -132 -198 
-150 5 -137 
2 16 189 
-175 -181 -11 
-27 -175 22 
-80 126 -156 
3 108 17 
121 52 199 
-132 141 -165 
-191 69 -163 
-143 180 -105 
159 117 140 
164 75 -189 
-48 -176 52 
113 -190 -29 
107 200 80 
-30 -80 -54 
-185 106 182 
19 -36 23 
-25 -106 -69 
-37 21 94 
-174 -131 -173 
6 -186 -51 
-175 -22 -55 
-195 147 -4 
2 -143 -114 
80 127 -144 
116 -85 196 
-54 -146 199 
171 -52 130 
-88 -108 -81 
35 119 145 
45 -156 -60 
-148 -69 94 
103 122 158 
-26 73 -160 
-181 157 87 
-80 -140 25 
29 127 130 
139 7 145 
-134 -10 195 
173 143 -51 
-49 -62 -75 
-34 -45 -65 
-57 -163 -83 
-10 163 -115 
-37 111 -135 
-50 11 64 
75 -66 -34 
71 -76 79 
28 47 18 
-92 112 16 
-111 197 196 
67 -101 -100 
57 -70 -33 
79 -20 -137 
198 -73 185 
-138 -43 3 
-37 -93 4 
-65 -27 114 
45 1 61 
-39 14 50 
-6 -10 -96 
83 -71 172 
-77 -1 -12 
163 177 40 
73 10 -91 
76 25 147 
110 59 -43 
-114 5 78 
-192 98 168 
163 -115 11 
-186 164 126 
80 81 189 
-78 168 -85 
187 13 -166 
29 40 79 
-2 76 58 
2 23 154 
-146 -58 -104 
-196 -95 -168 
-13 -87 -56 
-85 113 68 
-181 71 -14 
-35 132 49 
81 153 1 
176 49 103 
56 9 -157 
-121 22 27 
-161 165 127 
102 93 -149 
-197 113 -23 
118 -67 -121 
132 -143 -131 
169 -118 -8 
-94 -64 -119 
98 -83 122 
82 -58 -25 
166 -88 183 
88 7 -189 
-112 -135 49 
143 -9 -87 
125 126 -13 
40 -92 -189 
89 -36 -63 
-141 -101 -127 
4 -1 118 
-16 -108 47 
90 121 -9 
76 -23 -196 
-15 80 -61 
9 199 -147 
-82 85 -113 
96 1 10 
-44 -124 108 
168 88 -85 
169 -48 77 
-79 15 45 
196 -69 146 
142 35 167 
-16 22 150 
14 15 67 
148 -113 -2 
182 143 85 
2 -73 70 
-21 -11 9 
93 199 -191 
188 187 59 
57 158 92 
-171 -166 -189 
-12 71 -149 
149 86 144 
25 -166 -173 
-78 -9 81 
41 -52 -187 
5 -172 76 
158 88 58 
-23 -33 189 
25 -5 6 
27 87 70 
20 106 96 
71 -38 124 
-47 73 -17 
96 171 -144 
-72 -114 -50 
9 -128 -112 
-10 -96 92 
165 169 59 
189 43 -144 
77 -181 122 
-121 39 66 
177 50 173 
2 111 -131 
113 -23 21 
-178 -155 -68 
184 -167 108 
-167 -200 7 
87 -64 13 
132 75 144 
112 140 -54 
19 -11 -131 
-127 59 -129 
98 114 -85 
-5 -166 2 
12 -78 -186 
-17 -64 -190 
184 51 -171 
-170 56 28 
56 -91 -11 
-166 -125 85 
119 7 -117 
-169 78 32 
-52 -130 32 
183 -31 23 
-14 -191 -30 
-199 -113 -94 
-38 -98 -4 
72 163 -23 
-74 15 3 
18 -161 107 
-157 55 48 
-31 -19 -103 
196 62 -47 
82 -133 -109 
-15 103 16 
177 151 84 
21 37 74 
67 -1 -174 
-69 137 17 
109 -130 32 
163 130 -39 
101 -184 171 
-80 33 57 
67 -88 102 
-65 100 120 
-175 91 111 
-51 20 -127 
153 -16 130 
43 1 38 
29 -138 181 
45 -191 29 
109 -43 -98 
11 -80 -12 
-183 47 -143 
147 27 -46 
103 -90 -186 
-16 7 -151 
122 -15 -46 
-129 48 60 
118 -132 -82 
53 111 -146 
194 160 -10 
-76 -194 -34 
130 -78 -33 
193 78 -69 
-89 -138 87 
88 -42 -120 
179 -99 24 
79 193 31 
5 -120 197 
64 33 195 
-148 -171 88 
25 -156 169 
54 -36 176 
89 -1 48 
46 109 -44 
185 91 45 
-8 -9 156 
164 44 30 
-124 -175 91 
-193 31 58 
-101 -54 -22 
139 168 -158 
-52 118 182 
13 -174 2 
-28 22 8 
-186 -39 108 
-155 72 126 
-117 80 174 
166 183 117 
165 71 -62 
131 -33 -161 
25 47 187 
-104 175 12 
-30 166 -192 
-112 -144 -41 
142 161 -190 
-110 -1 142 
-5 115 -128 
-93 13 120 
23 -142 117 
-99 -12 -189 
110 55 40 
115 -187 -107 
124 -137 -193 
-65 -52 79 
38 -148 153 
-188 178 -47 
-172 -122 10 
-101 162 167 
199 -9 -79 
-116 -8 -64 
-50 56 163 
186 2 -34 
-73 30 -52 
52 63 -168 
99 93 39 
-197 -95 104 
-150 116 -173 
-161 -118 45 
-125 195 -33 
-167 -55 -112 
-68 -74 -108 
-155 41 150 
-4 87 68 
-2 -42 -188 
141 28 -190 
117 -15 -131 
-166 -180 73 
-112 200 86 
101 103 -111 
-6 93 69 
-195 169 -31 
-172 105 143 
48 64 97 
6 138 140 
-66 7 -194 
-89 50 -156 
-135 121 16 
-31 85 -136 
-2 -137 -24 
11 -74 -122 
-17 -115 -103 
-104 -14 -39 
-166 105 97 
-178 -99 -71 
-181 -134 148 
-39 -114 30 
-56 25 -178 
-138 117 -108 
-5 163 16 
41 65 1 
122 41 -123 
-61 38 50 
-34 -103 -12 
16 31 -1 
-80 -64 28 
172 3 -104 
111 180 129 
-47 -165 -96 
-98 162 83 
-33 -118 -166 
5 23 -6 
-52 -196 156 
126 -156 30 
77 179 89 
-101 30 105 
156 -94 -35 
126 41 -20 
-35 111 -118 
-165 92 -93 
-187 -101 84 
100 97 27 
-148 -80 -75 
52 -121 160 
37 -196 -94 
-7 107 61 
-115 92 -6 
73 -107 -83 
-1 -159 -6 
177 20 -160 
41 -4 -66 
-10 29 -160 
-103 185 79 
-186 -45 17 
170 -24 146 
-192 -60 -54 
27 -96 -38 
131 -12 9 
-172 48 -49 
-25 -23 -167 
-148 132 32 
-140 -93 111 
-38 -123 -37 
-196 97 1 
129 65 69 
36 183 -37 
74 -98 -21 
-50 -58 148 
-52 -39 179 
-184 -22 116 
19 -179 -142 
-54 183 160 
-51 -8 -74 
-28 -189 73 
-37 -69 -36 
198 63 199 
86 199 -25 
-30 120 134 
-29 -117 -20 
-74 132 -168 
-88 50 61 
-171 -42 159 
-11 183 155 
51 129 -118 
-123 125 -45 
-77 -46 -94 
66 -95 126 
126 70 -27 
-13 -32 74 
122 137 -140 
-17 -113 13 
28 -29 -77 
-75 63 54 
-3 -29 100 
-198 -16 71 
132 -127 -80 
-149 55 -93 
-126 89 -28 
3 -105 -63 
-22 52 -126 
46 -182 91 
9 16 -176 
79 -99 77 
-63 -185 -32 
89 93 134 
120 -58 -128 
58 -39 -34 
30 -121 -82 
106 -166 -125 
-128 -99 -33 
30 71 173 
-158 4 121 
81 -107 -51 
102 5 -130 
-20 178 192 
-163 -51 136 
123 7 -139 
161 118 160 
49 -134 -54 
-73 -145 -3 
-120 175 92 
154 81 -20 
-73 91 56 
-30 -125 104 
5 -144 -108 
59 -55 -106 
-41 16 34 
-44 3 -148 
-190 111 -194 
15 -132 -168 
-8 133 -174 
-65 94 100 
37 102 -64 
-74 -143 -58 
-142 126 -99 
-46 -56 -47 
167 195 116 
132 131 147 
-117 68 -115 
-192 -163 32 
-5 178 -3 
31 186 44 
24 -57 -107 
-138 41 -32 
-46 119 -29 
1 -70 -183 
112 -14 -157 
-165 -87 123 
-1 4 72 
127 -169 11 
44 154 -113 
-15 24 -95 
36 28 122 
-91 -186 -195 
62 -16 61 
-173 -168 -24 
-33 28 -87 
-3 94 150 
171 73 38 
-40 13 -164 
46 -192 5 
-72 111 -67 
134 21 69 
-28 -92 110 
-2 37 144 
34 59 48 
-101 -14 60 
110 80 -133 
-62 32 -124 
175 -122 83 
26 24 -23 
-36 -90 9 
112 99 82 
-25 32 -184 
20 47 -200 
-76 144 -171 
-173 110 29 
194 8 -15 
163 -128 6 
88 -33 171 
-178 60 68 
-196 2 -51 
60 8 153 
192 -93 108 
-118 -22 -85 
-70 131 18 
-5 6 82 
153 -128 -106 
183 -86 -37 
-12 66 -187 
-60 -137 -25 
-164 -29 -2 
27 -115 122 
-198 17 -73 
-91 -11 -92 
94 -168 89 
124 86 -173 
-168 23 -136 
140 144 110 
63 -125 -138 
-3 -59 -160 
-129 18 199 
93 -136 109 
5 145 -172 
164 134 -113 
-18 99 69 
25 -142 79 
103 -30 -127 
32 -157 -195 
-18 19 -193 
190 -167 86 
-187 -62 -93 
-3 9 52 
28 -64 36 
159 92 -196 
21 -129 -155 
172 -50 89 
-143 -76 38 
-69 178 -8 
-70 133 -60 
-43 57 -127 
-45 -111 -106 
-199 -115 -159 
-15 -89 -196 
177 -21 -172 
132 -127 -68 
196 -175 -3 
155 131 -30 
103 12 -183 
168 182 -3 
-54 5 179 
43 -8 -50 
14 145 -165 
-140 -196 -55 
34 55 171 
-136 99 -146 
47 102 52 
-21 25 -118 
-20 88 -27 
92 -149 -54 
-25 -55 -64 
123 81 66 
-29 -104 1 
19 70 -108 
-103 107 -184 
-187 -36 -149 
151 -92 -86 
34 -161 27 
-125 -110 -39 
-1 61 -163 
-106 -35 -26 
-197 1 -155 
126 -142 -38 
-192 -189 12 
-12 -160 -124 
189 -6 190 
81 -105 40 
-180 -167 106 
-76 86 47 
29 -30 -7 
90 -28 183 
117 -5 161 
76 142 -135 
192 179 52 
-152 -200 -87 
-1 -65 68 
132 70 51 
105 8 -114 
-57 -96 -44 
-105 6 63 
-122 172 147 
-43 -6 -119 
97 -10 56 
-66 113 110 
127 -3 16 
99 -133 163 
-74 77 -75 
-16 111 88 
-133 26 -50 
-178 -62 191 
186 -55 -169 
-136 -24 -98 
-1 184 -9 
42 -190 186 
161 -53 177 
167 93 -73 
125 28 150 
5 -149 -191 
179 -45 64 
-134 132 88 
153 106 -76 
16 49 47 
59 -37 77 
22 2 -23 
-135 80 195 
-2 9 -161 
133 -28 132 
145 -27 51 
-112 60 -165 
-26 89 -183 
87 -147 -18 
35 -11 -39 
-103 -139 147 
-153 -144 -17 
200 9 -16 
54 191 194 
-63 -97 175 
-73 55 74 
-127 -155 -150 
95 -130 -78 
-173 -150 136 
-179 -16 26 
-3 114 -193 
192 151 -149 
