-136 91 -147 
-75 -43 -114 
-184 125 -198 
12 52 27 
-133 91 -61 
21 45 -166 
-113 -188 103 
-138 116 -173 
74 -1 -13 
-4 -81 158 
-10 121 157 
42 113 1 
72 -105 144 
-2 -147 -95 
-2 170 159 
-184 -99 70 
-115 -60 -194 
29 41 23 
-54 78 -68 
112 130 81 
66 124 -54 
-36 108 -28 
93 197 -56 
7 9 -128 
-138 -139 117 
17 155 -86 
-78 10 -45 
65 -81 92 
-29 17 -137 
166 180 123 
-92 38 170 
91 -103 -182 
-14 200 -189 
-60 119 -31 
1 -137 35 
-157 61 69 
132 14 25 
162 76 -91 
-143 160 -151 
159 112 -138 
50 183 1 
-84 85 -39 
41 -58 1 
6 27 106 
-67 169 129 
8 -173 64 
99 -84 -165 
-185 136 85 
134 74 -194 
-130 4 157 
-77 71 -195 
-136 -4 175 
-21 -151 131 
-19 57 67 
75 -137 -63 
-29 5 -43 
-94 -45 -56 
-21 30 -79 
-155 163 -95 
-174 -189 173 
178 28 191 
139 -67 -53 
120 18 -58 
-127 1 -170 
91 71 -90 
110 -6 -19 
-173 139 -135 
-2 -198 -35 
-84 72 170 
10 193 -117 
26 36 35 
-75 -97 -69 
127 -58 26 
-57 -111 -22 
31 118 38 
-133 -194 94 
-150 -125 -36 
-11 96 62 
192 -20 196 
24 -55 -184 
-55 -130 -56 
118 71 62 
7 -91 4 
-46 80 191 
-54 5 -103 
189 148 21 
96 -22 52 
-170 -16 177 
-180 86 -72 
-130 -123 4 
11 -46 12 
141 173 81 
-159 -81 60 
-27 -138 2 
-65 70 -66 
76 -68 168 
-82 -189 95 
2 -185 -59 
-22 -89 -11 
102 132 149 
129 53 71 
-73 54 -121 
-169 3 110 
-196 -172 126 
75 -17 196 
-32 -122 -171 
-37 84 -35 
-6 29 -133 
173 129 -5 
145 -126 -68 
117 -111 1 
177 -143 -29 
100 64 7 
-49 61 64 
-97 -92 -28 
60 89 119 
-46 144 -167 
-124 175 -95 
59 -12 -136 
20 175 -21 
-154 -147 58 
126 -43 -138 
-13 -46 -187 
-181 148 -100 
151 168 88 
10 -131 41 
1 -70 -115 
53 7 149 
-100 -145 -47 
-76 53 83 
-65 -144 192 
-10 -151 187 
123 189 12 
99 194 -130 
179 9 54 
66 176 -163 
47 168 -57 
45 198 171 
-2 -66 182 
6 -151 180 
64 -51 5 
-66 -106 158 
22 43 2 
-199 124 125 
-29 66 -119 
61 60 103 
167 7 152 
117 47 60 
128 133 73 
84 -25 40 
-185 86 104 
1 113 -66 
88 -60 109 
-68 102 -79 
195 129 89 
32 24 -111 
54 154 57 
-81 -39 84 
-42 -8 48 
-135 -35 147 
-116 109 -98 
-143 -56 96 
-53 64 164 
45 -142 -98 
168 -117 -47 
19 -70 -65 
148 -102 -139 
-25 105 92 
12 186 43 
-195 83 -64 
-3 -24 -90 
127 -169 -165 
186 -85 27 
-129 -146 149 
38 71 141 
24 -198 -165 
158 -3 -1 
107 65 -53 
178 -6 120 
-103 10 -122 
22 93 -18 
179 -66 44 
193 137 199 
94 -69 20 
35 -50 103 
-1 131 -124 
-149 -173 176 
143 -119 85 
-50 143 -88 
167 141 32 
189 -13 115 
152 26 56 
167 93 4 
107 -109 55 
-75 200 41 
108 139 54 
-33 2 27 
-2 9 76 
78 -21 -117 
84 -10 -162 
37 65 -55 
-197 -192 146 
7 73 165 
-92 -195 -24 
178 25 106 
-75 -177 104 
108 87 -160 
-28 196 161 
6 -161 97 
142 55 -68 
-8 -83 -2 
56 -123 -43 
-25 -88 27 
2 25 145 
148 -22 -49 
-9 -86 183 
24 -195 178 
106 -164 59 
-156 33 73 
127 187 -184 
166 -47 82 
-107 -44 -52 
66 -55 111 
182 186 156 
-151 176 123 
-28 -164 129 
-139 170 179 
-27 -33 -104 
-79 10 46 
-89 70 -121 
53 121 -141 
61 73 -21 
66 -23 -5 
192 6 50 
-155 -173 47 
-7 -1 53 
44 8 197 
1 86 -16 
-173 -57 -155 
1 187 -133 
95 188 107 
108 -121 14 
-100 -29 109 
-20 38 28 
-6 167 94 
47 -96 171 
199 -154 -122 
103 62 -145 
-180 -187 -64 
29 152 196 
-23 -95 -36 
99 -86 38 
-81 75 -85 
162 57 -64 
20 90 129 
59 97 -182 
191 196 98 
163 -117 48 
-181 158 -64 
-62 -19 13 
144 -28 -79 
-20 37 3 
121 -101 -3 
171 -17 148 
-79 142 -45 
179 -114 -73 
45 -6 -80 
-163 -159 3 
39 -31 -152 
130 -1 -11 
7 178 -182 
-55 -102 -165 
-125 148 70 
4 175 31 
-76 23 -13 
-199 -174 -38 
161 -63 -7 
-164 -70 28 
88 -89 -15 
-80 172 -97 
30 -12 -194 
-15 174 -79 
95 -183 -45 
66 -12 169 
-123 -177 -101 
-154 4 14 
17 -5 200 
2 38 64 
-7 92 160 
169 -65 83 
193 -42 9 
-3 156 134 
59 -169 34 
-53 -122 -135 
45 -102 69 
12 150 100 
177 -35 170 
-119 1 -69 
-51 60 -81 
94 54 -159 
1 -102 -2 
-198 69 174 
-161 58 -188 
-74 23 -15 
-34 -45 -52 
-39 -5 125 
-43 149 -36 
140 -133 -16 
-111 30 -53 
-166 -102 -17 
131 -115 83 
135 107 -157 
-45 176 -9 
29 -12 -91 
-26 45 -31 
-119 -57 5 
171 184 -8 
71 79 4 
140 9 -3 
57 -12 24 
41 -66 -10 
101 76 27 
-39 -145 132 
-167 -100 6 
-1 187 -148 
79 44 -4 
-110 163 177 
104 17 61 
134 77 -195 
-144 27 -199 
149 103 -44 
-62 97 10 
37 140 52 
-82 38 -117 
-58 -144 -137 
102 3 -83 
-153 12 -61 
37 42 196 
-177 -193 -176 
-168 183 1 
30 9 -11 
-49 -50 95 
-104 -73 101 
-47 3 -15 
179 -105 6 
86 -119 -83 
192 172 -151 
-61 -79 -161 
-185 2 -189 
62 113 166 
-81 -25 -134 
113 -39 -97 
124 44 -107 
-143 -97 -174 
38 19 -108 
54 -15 145 
-132 128 88 
-144 133 -165 
-100 44 -198 
111 -42 -187 
1 102 140 
36 25 91 
87 -35 -105 
-189 -94 -12 
40 -192 -108 
-15 -73 -113 
-80 200 86 
-114 -136 91 
-36 12 155 
-81 36 180 
122 -72 21 
147 5 -135 
-159 10 -44 
-129 177 199 
166 188 170 
18 159 107 
-106 85 13 
-173 77 -182 
-169 -21 27 
3 16 129 
18 7 185 
-131 -145 -38 
-5 -159 -60 
114 -168 -136 
80 131 22 
-11 -116 34 
-113 -90 2 
-200 138 73 
107 -83 3 
152 -56 -191 
-2 145 106 
68 166 72 
43 136 183 
-175 185 198 
-81 171 -33 
184 -196 -123 
-97 -170 147 
101 200 -2 
61 103 91 
37 184 40 
108 69 8 
-181 157 6 
166 -116 -19 
-93 -21 -44 
-6 -78 -91 
21 -26 -193 
-179 193 176 
78 -25 122 
-127 -137 -60 
-93 194 15 
164 -191 -156 
62 -141 75 
-57 -152 -129 
-151 60 -84 
17 -77 -41 
189 -184 141 
-62 45 -4 
164 21 19 
-58 107 15 
1 129 -10 
-51 85 -102 
31 -61 120 
146 -140 8 
-188 195 -143 
156 94 95 
-193 41 49 
173 -59 148 
-61 1 18 
111 28 176 
-41 -30 -145 
-131 104 48 
160 134 2 
83 -1 -150 
-30 87 -192 
94 21 22 
-17 111 -30 
7 35 -109 
46 -23 149 
162 -108 -94 
156 -35 130 
125 80 128 
-199 180 106 
-75 -128 -59 
-57 -106 -116 
88 123 -127 
43 -98 22 
-42 124 -106 
118 192 -123 
29 -64 57 
65 -16 -19 
200 10 -164 
167 -153 24 
127 -6 -120 
-3 -32 136 
-172 -44 57 
-187 -37 -119 
-199 8 -116 
-18 -51 -65 
159 181 7 
116 56 -55 
39 60 -1 
106 138 -125 
-75 -55 -102 
-30 196 192 
-194 -157 -118 
27 -189 -55 
1 -60 -63 
-149 -34 -110 
26 109 122 
95 93 -8 
-23 95 -14 
60 -200 24 
-97 141 34 
3 85 -10 
-63 94 -40 
89 -147 125 
17 -88 -48 
-108 118 -21 
-173 145 -74 
-100 10 179 
3 132 -192 
-57 -80 131 
-122 -186 -152 
10 125 52 
-163 125 1 
-6 -59 104 
-80 37 170 
-75 -56 -51 
-137 189 -28 
-154 6 124 
-109 59 -97 
-200 186 89 
29 84 -182 
-45 -61 50 
-40 4 -117 
101 -190 -30 
176 -30 -113 
-2 -174 -50 
166 -119 -20 
-177 -159 -20 
28 136 84 
-70 40 -9 
86 -52 -27 
-152 -150 169 
20 148 -143 
72 -136 -164 
38 -180 -87 
-14 -56 -128 
-23 53 -194 
122 92 -152 
31 -117 -35 
79 -63 4 
-97 67 32 
50 -7 -88 
27 10 -25 
109 -3 78 
84 -164 184 
-192 -156 -20 
-109 14 -37 
-129 -43 81 
-195 -36 32 
189 21 -45 
11 172 -186 
66 -77 -140 
147 -78 -66 
151 -96 112 
76 -54 110 
-68 95 23 
-51 128 48 
101 -163 126 
106 65 -117 
158 -182 -134 
-172 68 -200 
48 -33 164 
-112 130 -133 
-151 125 -113 
-159 23 25 
-140 154 54 
181 14 -57 
-102 111 36 
37 72 137 
-54 -168 -120 
-42 -176 108 
-152 159 -42 
113 192 -69 
136 152 -146 
-83 -17 -119 
8 97 10 
-148 -170 -95 
43 107 -182 
171 -41 -155 
-95 -37 -86 
142 -8 -60 
187 -133 125 
137 82 92 
52 101 -126 
127 134 170 
149 -44 -77 
-34 41 197 
-49 -109 95 
-180 59 -193 
1 -118 -47 
-130 -77 197 
-22 -154 37 
149 153 49 
-119 85 -97 
-173 -69 45 
125 -156 122 
-185 -7 120 
95 -108 163 
115 55 -199 
-82 -158 -1 
-32 172 79 
172 29 97 
-24 60 95 
126 151 30 
-122 -11 162 
-5 -103 -23 
132 -91 -82 
-73 82 -11 
130 16 -175 
13 3 18 
-6 66 -104 
189 4 -27 
-10 -145 -82 
164 58 -85 
112 -51 155 
135 -51 -72 
200 -146 170 
147 -66 -113 
-184 45 153 
-55 -113 -197 
32 -36 45 
-51 180 -128 
-17 158 -42 
-12 107 9 
-101 -154 -53 
-118 -47 -127 
139 -21 -110 
67 168 111 
99 -131 -194 
150 -186 -179 
-99 -103 -25 
131 5 -167 
-115 161 -176 
155 160 -22 
120 -159 -8 
49 108 -22 
78 61 -44 
-97 83 172 
194 121 -90 
71 -64 23 
-90 -114 -128 
41 120 -143 
-148 12 -28 
-14 -10 -52 
-106 -169 -187 
135 5 30 
105 118 120 
71 -22 -50 
12 54 157 
-29 -103 11 
71 -16 -121 
24 31 30 
60 -33 87 
174 184 -109 
-154 117 -12 
-88 -27 188 
95 -26 -182 
157 109 -169 
19 73 119 
111 165 191 
-33 11 -69 
98 171 -5 
-84 14 94 
-133 123 50 
86 -43 -172 
-79 -12 172 
-178 -54 15 
-61 142 -100 
-52 157 -160 
-131 30 144 
-52 88 -139 
59 -73 136 
-178 69 4 
-57 90 -123 
167 -43 -97 
-11 -181 19 
27 -110 -69 
-9 38 22 
85 -122 -166 
-169 150 -100 
11 -194 195 
-9 144 152 
9 -57 -145 
62 32 59 
156 170 4 
-117 -100 15 
90 139 174 
-16 -175 -95 
-59 -79 56 
162 70 -199 
-29 120 30 
162 15 27 
158 81 84 
73 82 138 
78 -90 40 
-38 -53 142 
-100 150 -115 
-21 -78 103 
-161 174 -64 
150 -41 -142 
79 131 -4 
32 -200 22 
147 -61 44 
-51 -82 -63 
-98 -110 121 
-127 -103 2 
-12 182 -200 
-80 96 101 
-126 62 1 
62 -85 -120 
-163 -3 -13 
94 144 -36 
26 -34 -2 
-36 -98 172 
173 -176 -60 
22 45 -169 
7 41 164 
-120 -9 -177 
-61 -51 -21 
-150 133 105 
-42 166 84 
-59 42 -194 
-164 -35 -145 
15 75 -11 
173 -83 -177 
178 165 -176 
48 -14 7 
15 -76 -176 
