79 43 138 
-182 -49 -191 
64 112 -86 
17 -133 -84 
-176 -121 -78 
191 147 -155 
57 -35 -189 
199 44 -73 
-184 -64 -105 
-12 159 -4 
78 8 156 
1 22 87 
-18 71 113 
-117 140 25 
-7 105 -17 
-180 88 -107 
109 33 146 
152 -70 3 
41 -90 19 
103 79 47 
-115 19 48 
-10 -121 -31 
-62 188 -44 
73 12 -57 
-172 113 -20 
111 30 -143 
1 130 120 
-110 -190 119 
183 -117 -31 
-58 -75 2 
-114 12 103 
51 -194 1 
-61 -29 1 
120 91 143 
-181 -65 -178 
-113 189 -14 
-94 -2 182 
31 149 147 
171 167 53 
180 -99 120 
-40 -177 14 
-108 -57 -117 
143 71 -94 
137 -93 87 
-130 -82 152 
154 -121 192 
126 40 -34 
27 81 -145 
194 119 27 
-74 -49 -200 
145 196 -81 
-48 -27 -177 
-62 -58 29 
23 150 -130 
-64 -84 61 
112 125 -179 
-22 -5 -142 
164 -87 115 
-92 67 -12 
-76 102 -169 
148 -137 59 
-28 104 -114 
-1 -37 27 
-22 -100 162 
-36 -16 -18 
-29 65 -88 
131 -95 -83 
-44 128 40 
2 185 -192 
46 68 92 
-113 -82 -184 
17 168 -180 
35 52 -156 
2 -198 18 
-25 3 104 
-169 175 -130 
-72 -27 -122 
-151 93 43 
27 -1 38 
65 -165 -27 
19 65 186 
-24 -34 -155 
-62 160 -114 
-68 50 76 
-158 -163 168 
-72 158 194 
-140 -192 49 
-182 -24 -130 
-146 120 -126 
-109 71 -141 
52 -23 190 
-34 79 -147 
179 -67 3 
24 78 186 
-72 158 -143 
21 78 -98 
75 -152 47 
-30 -123 59 
-116 -110 36 
111 -41 47 
-26 -132 177 
-36 -173 -113 
-177 -155 179 
-30 -131 -33 
129 95 155 
-130 4 -58 
-130 -12 -153 
-70 143 -117 
-33 79 -21 
154 -32 147 
-62 147 70 
-172 4 124 
31 140 49 
-126 52 173 
111 41 99 
173 20 -118 
-183 191 -71 
113 42 -193 
6 -189 -22 
156 -178 49 
-62 -121 -19 
-144 -70 -39 
177 -138 22 
8 113 -194 
-23 -106 3 
43 -107 -39 
48 -80 164 
82 -139 -73 
102 92 163 
-115 -139 -168 
-88 -58 -153 
178 14 54 
98 -39 -183 
-25 -145 108 
-68 95 119 
54 -92 199 
9 142 -130 
-169 -119 -35 
192 25 -76 
-131 -175 121 
-91 -45 -198 
-83 -150 -106 
9 8 21 
7 4 129 
161 184 56 
33 -136 180 
-3 -169 -167 
188 132 150 
70 133 141 
-154 128 -180 
40 3 -71 
29 160 -58 
-131 1 74 
125 104 77 
-87 -106 -92 
39 -16 -160 
82 94 196 
2 7 -81 
-192 33 82 
124 94 -113 
-130 -98 -195 
173 -141 151 
-85 151 197 
137 -107 37 
-48 -162 124 
-78 -124 -156 
-70 -11 143 
-57 -146 89 
-153 -46 57 
39 -27 -53 
16 -69 -200 
51 170 21 
151 59 10 
165 -188 -180 
-117 26 62 
10 164 -4 
-107 101 -187 
-64 103 -25 
-188 -91 70 
165 100 108 
-29 -52 -118 
112 -64 -79 
-1 -5 -178 
-36 -154 80 
-1 153 26 
179 -5 -53 
-22 -13 -167 
-46 -12 -129 
-36 -64 41 
-11 12 101 
-104 -148 196 
102 -111 -139 
-117 -73 143 
-83 187 -117 
82 166 -28 
174 -76 27 
85 -134 -54 
1 -69 -83 
111 -124 -1 
-133 63 -179 
90 79 29 
-93 120 -104 
121 116 -161 
-128 33 -94 
-137 167 109 
180 145 -1 
-169 -87 -71 
-178 96 -124 
110 158 59 
-14 75 94 
-194 37 -30 
29 117 77 
-95 -39 4 
-97 -177 172 
-157 -174 -143 
145 -168 34 
37 -101 24 
149 -135 158 
140 145 -98 
28 194 47 
170 77 131 
131 -8 -190 
97 165 -93 
-117 11 -88 
-121 79 -18 
-121 -3 7 
113 -137 57 
39 -101 -94 
78 152 -136 
143 -124 90 
-159 138 14 
-28 18 154 
-20 -65 -75 
168 -89 135 
88 -4 93 
-64 -67 -167 
-3 68 7 
58 199 -200 
100 12 172 
-116 152 -156 
-59 -174 -90 
37 -1 -174 
-164 -199 161 
-72 -157 35 
87 73 -186 
-196 -75 -34 
78 79 -188 
198 -179 -19 
90 195 -31 
-138 -76 -97 
-189 -67 6 
174 -20 -167 
-73 -103 -78 
-141 194 -35 
-29 -199 9 
182 -189 -5 
-109 -90 -88 
-56 180 63 
40 -105 19 
23 33 89 
107 137 -103 
57 -123 -50 
-110 -198 -23 
8 -98 171 
-174 92 -50 
-47 -146 172 
177 96 -183 
154 -179 -12 
33 -27 -177 
-23 -145 -143 
162 106 -18 
-78 -67 23 
31 67 170 
-155 136 23 
-14 -154 200 
140 147 98 
-105 74 20 
125 -89 86 
87 70 20 
-186 167 -103 
-124 111 -14 
-69 -157 -85 
120 162 141 
-24 -126 -96 
64 -1 -82 
102 -175 -165 
-72 16 99 
1 -12 -186 
-46 168 -42 
-134 90 129 
143 51 44 
-22 -94 -173 
83 -143 56 
52 13 -146 
-27 108 145 
180 -29 -8 
49 -125 54 
-200 -50 -2 
-98 166 -9 
118 -66 -16 
-157 -87 -31 
-101 11 -32 
141 174 -95 
-86 -199 153 
147 17 -170 
81 -167 178 
6 -101 -180 
-167 130 -150 
-179 111 -6 
8 -76 -61 
-185 29 -11 
188 133 -177 
192 -81 22 
33 23 139 
59 28 100 
161 113 -194 
-127 61 -85 
191 66 167 
-16 -122 -191 
-57 24 6 
-101 189 38 
100 -74 171 
192 16 -94 
-101 44 -123 
157 -23 40 
43 -152 -49 
-148 61 -58 
40 33 36 
189 -33 75 
106 -99 53 
-178 96 -10 
-27 101 -88 
130 182 168 
93 -33 -6 
120 39 -1 
27 -37 -71 
-157 -167 -65 
-3 -69 189 
45 10 2 
-183 88 -153 
-81 -37 -29 
-38 114 -25 
120 -13 137 
-164 163 4 
-19 135 100 
73 58 -109 
44 -50 -129 
-200 87 127 
176 5 145 
-18 71 185 
-33 185 133 
-72 19 1 
-61 59 -90 
-11 -167 38 
-105 -102 -29 
26 -31 -13 
58 152 55 
141 -161 77 
131 -120 68 
133 -197 179 
141 2 -78 
-196 13 -25 
-84 17 163 
-113 149 51 
63 -47 84 
-50 131 -189 
-141 87 -194 
129 -172 -161 
-82 176 -39 
180 -58 -143 
-23 -128 -35 
-49 -28 -10 
1 15 33 
43 41 4 
59 80 -55 
-63 4 -18 
106 -92 -177 
52 32 24 
-71 83 -145 
-83 183 137 
98 174 40 
139 185 -116 
190 -42 49 
86 178 107 
-101 -120 -70 
-6 -102 146 
35 -19 166 
52 118 -8 
21 -142 143 
182 97 -44 
-49 -46 134 
-193 94 155 
59 51 189 
-55 -168 28 
-46 -67 174 
156 -34 7 
-71 155 -21 
-200 53 47 
147 36 37 
-103 132 -81 
-4 -77 30 
65 -93 69 
-49 192 -152 
-191 62 -129 
11 54 148 
177 -29 -92 
72 114 36 
-2 25 -33 
-5 -11 -21 
-21 176 124 
-97 -104 -28 
-187 184 -24 
31 -141 24 
178 188 142 
-80 -11 -125 
-19 -20 -34 
146 -176 -49 
-169 194 58 
-98 -48 -42 
34 133 152 
-76 60 122 
200 199 8 
-200 157 -174 
-38 93 115 
9 -183 -116 
125 200 -57 
171 -180 -153 
18 45 161 
-76 89 -161 
39 -2 185 
-69 121 72 
18 -84 32 
86 -35 69 
-7 89 67 
17 -165 197 
-56 -73 -59 
-193 -187 148 
3 28 -76 
-181 -15 -36 
111 -158 70 
-181 -89 -157 
-174 59 55 
-138 -118 83 
82 37 174 
93 -120 167 
-129 158 68 
73 11 -13 
-127 173 -145 
2 -82 1 
-156 123 49 
-152 46 -133 
-178 36 35 
-76 26 61 
-154 -15 -94 
-191 164 102 
17 162 105 
120 153 -12 
-23 30 -160 
-66 52 46 
60 -34 -13 
14 -72 116 
98 184 -35 
-91 71 133 
-48 -138 -183 
87 -78 42 
21 65 14 
-22 146 -56 
-161 -48 -76 
-156 -139 56 
98 -59 18 
-32 -64 46 
29 189 88 
191 75 136 
-96 92 48 
65 -71 30 
-139 -1 -156 
-134 7 17 
162 76 166 
181 99 3 
-123 -126 -197 
61 57 -111 
-96 8 -145 
126 55 -176 
-9 192 3 
12 73 -172 
-195 94 -24 
188 84 141 
123 130 128 
-60 -2 -108 
103 20 1 
125 173 -86 
158 29 -66 
-109 -130 135 
8 9 -17 
-97 104 -143 
120 4 -79 
-22 -127 166 
70 161 -42 
92 59 131 
-105 28 -75 
126 161 -28 
-192 -81 -123 
39 37 102 
51 -84 -151 
148 -107 -109 
2 80 196 
-17 164 -62 
114 173 96 
5 -31 -194 
-154 -21 -2 
33 47 -11 
200 -90 -148 
14 24 49 
-78 -3 47 
38 176 23 
22 63 58 
-115 -66 -81 
-147 58 -79 
83 -23 -36 
83 78 178 
10 4 12 
102 31 16 
-184 44 -31 
172 -136 -8 
74 -31 -53 
143 161 -109 
7 60 30 
55 12 83 
23 139 -44 
61 118 -78 
72 -8 5 
171 -45 59 
-50 -13 -17 
118 -1 -135 
-33 101 -50 
-190 80 47 
-97 -53 -2 
93 -72 141 
169 -18 91 
178 83 -69 
-90 159 4 
127 -157 21 
106 148 41 
-175 -60 -4 
-166 -190 -57 
26 47 -138 
166 52 -15 
200 158 123 
142 -154 -119 
67 -26 82 
-69 20 -181 
-33 -122 -152 
93 -158 -189 
-116 -112 -28 
-163 -52 -62 
48 1 141 
25 122 -116 
1 -133 -90 
131 -123 -8 
-115 -169 -149 
39 9 23 
130 185 -60 
-28 -38 50 
109 -19 -69 
186 196 -107 
-197 173 52 
6 67 -57 
-195 -15 21 
17 171 -60 
-112 38 65 
-2 53 -35 
-77 15 140 
38 -77 -88 
-68 -62 3 
45 -148 -39 
146 -6 61 
-194 80 -96 
-174 140 -71 
25 -58 94 
-27 24 116 
27 -60 -68 
-185 74 -15 
-5 50 -74 
57 21 66 
-130 -181 125 
20 -6 -172 
-188 -118 -35 
20 -152 -14 
-4 -138 121 
70 -3 143 
-16 -37 38 
67 57 143 
39 98 36 
-31 -113 185 
64 172 168 
188 -16 -47 
-32 100 13 
-174 87 -22 
-176 -195 188 
-135 138 -73 
70 114 3 
-32 70 49 
-74 -41 -7 
149 -8 150 
144 141 37 
112 68 -118 
-198 41 78 
-109 68 -27 
-106 -96 126 
-137 187 3 
-60 34 35 
-170 -151 -165 
21 111 -87 
69 127 -74 
182 65 63 
-41 -21 -24 
-51 170 90 
-30 92 87 
50 -23 173 
-6 152 -74 
-185 97 -89 
64 -187 33 
161 39 -56 
-176 -188 92 
188 -157 167 
67 87 -2 
14 -169 -116 
40 169 21 
30 117 -118 
-196 -190 -191 
71 -152 15 
-171 -58 38 
99 37 -118 
177 -19 130 
21 66 -84 
37 106 70 
-72 77 43 
-181 98 6 
6 -107 61 
-2 -197 -133 
136 -2 -49 
97 123 -32 
118 -109 -157 
-62 -61 74 
-127 166 -184 
118 -128 -154 
198 172 -149 
-63 55 -34 
-89 118 13 
-102 174 -170 
190 -74 -148 
105 -124 40 
123 21 196 
-70 -11 -124 
155 68 186 
-119 -52 140 
153 184 -98 
-40 59 -94 
-15 -41 -143 
39 65 45 
-51 191 62 
112 -188 164 
-63 177 -78 
140 -10 55 
63 -187 37 
120 -20 -99 
-136 79 -60 
32 71 -188 
-87 -72 163 
59 146 165 
180 35 171 
-171 65 -80 
-77 75 -190 
134 67 -184 
-18 110 193 
145 -108 -101 
68 -133 -183 
187 -20 58 
-30 -177 -154 
-74 31 7 
-106 82 -100 
-82 15 -92 
-5 66 74 
60 28 -122 
103 12 -152 
72 -144 118 
-122 -137 -193 
-52 -177 -50 
69 53 63 
-152 -71 -61 
146 -105 69 
-170 71 15 
-53 -118 -51 
-176 -71 8 
-36 -87 -22 
197 187 73 
-36 44 -50 
-175 -188 76 
-52 158 46 
-20 39 -166 
