( 108  195  78  )
( 115  48  -13  )
( 9  154  115  )
( -78  139  -64  )
( -151  -36  161  )
( -116  112  -176  )
( 66  -105  -145  )
( 193  -115  111  )
( -115  132  -84  )
( 42  160  -156  )
( -41  0  105  )
( 184  -47  -186  )
( -118  80  -89  )
( -62  -177  36  )
( 47  187  -2  )
( -185  -199  56  )
( -8  48  -78  )
( -118  -181  3  )
( -4  -167  -117  )
( 102  -132  -146  )
( -57  32  -163  )
( -37  -174  -154  )
( 80  -135  38  )
( 100  185  -161  )
( 182  77  -115  )
( -123  151  116  )
( -120  -113  -50  )
( -107  -159  63  )
( -40  -60  171  )
( -115  39  -139  )
( 83  -98  -120  )
( 69  12  84  )
( 19  -16  94  )
( -185  187  28  )
( 163  59  -47  )
( 195  120  125  )
( -107  -67  7  )
( -147  168  60  )
( 135  -188  119  )
( 21  70  23  )
( 191  22  183  )
( 65  146  -188  )
( -91  166  76  )
( -134  42  -113  )
( -153  -121  127  )
( 80  52  -97  )
( 8  -38  -17  )
( 125  -139  57  )
( -7  -44  -43  )
( -81  56  156  )
( 164  -0  8  )
( -68  -48  -8  )
( -166  19  -35  )
( -179  105  -178  )
( -75  36  -128  )
( -125  -149  -44  )
( 90  16  -99  )
( 44  -180  -39  )
( 60  -17  145  )
( -143  -79  179  )
( -30  101  -4  )
( -123  160  87  )
( 183  127  -194  )
( 47  -46  94  )
( -81  -39  157  )
( -42  -156  -177  )
( 29  -90  -44  )
( 84  -74  -13  )
( -30  -162  35  )
( -35  108  29  )
( -189  -1  -103  )
( 42  171  -127  )
( 47  132  77  )
( 169  -19  49  )
( -95  -77  176  )
( -65  0  -168  )
( 70  -23  19  )
( 105  192  170  )
( 145  121  -54  )
( -173  25  156  )
( -12  -143  -165  )
( -172  150  7  )
( 64  116  -16  )
( 127  -140  -155  )
( -174  155  11  )
( -149  48  -9  )
( 147  -141  -43  )
( 36  -88  -18  )
( -107  117  99  )
( -141  -17  195  )
( -51  -158  -131  )
( -199  -135  12  )
( -22  -159  19  )
( 88  -127  -157  )
( -198  43  -116  )
( -70  147  57  )
( 168  -125  155  )
( -28  110  -158  )
( 182  -61  193  )
( 14  128  -195  )
( -109  14  174  )
( -51  -183  178  )
( 75  188  147  )
( 63  -13  14  )
( 62  146  -88  )
( -197  55  -118  )
( -13  90  2  )
( -169  121  -125  )
( -156  -162  92  )
( 63  116  -118  )
( -109  157  -148  )
( 27  30  -141  )
( -165  1  -151  )
( 183  -19  23  )
( 17  176  19  )
( 111  -177  138  )
( 83  88  105  )
( 49  -114  186  )
( -47  -188  12  )
( 140  33  -151  )
( -57  -171  -101  )
( -165  182  -33  )
( 29  -7  53  )
( -43  -150  -149  )
( 103  -87  112  )
( 77  7  -118  )
( -162  107  -160  )
( 171  136  -7  )
( -156  -72  122  )
( -113  127  -96  )
( -39  5  56  )
( -57  -174  167  )
( -91  50  -183  )
( -83  75  -183  )
( 31  83  -107  )
( 119  -138  -114  )
( 160  -162  75  )
( 149  -17  -0  )
( 188  -11  -78  )
( 20  61  77  )
( -48  25  -11  )
( 127  109  53  )
( -107  -169  60  )
( 168  132  120  )
( -123  21  -81  )
( 195  79  54  )
( 108  -135  -111  )
( 40  -145  -172  )
( -1  -128  18  )
( -119  -17  185  )
( 28  148  63  )
( 70  -22  -192  )
( 199  -26  27  )
( -100  160  71  )
( -185  -25  128  )
( 18  73  43  )
( -49  3  -17  )
( -115  138  169  )
( 194  -195  -94  )
( 90  75  -114  )
( 96  27  0  )
( 161  137  6  )
( 196  -4  150  )
( -121  27  138  )
( 99  89  198  )
( 197  186  131  )
( 172  -57  -96  )
( -56  -79  3  )
( 131  19  69  )
( 143  32  104  )
( 76  -40  73  )
( 84  131  -82  )
( 166  -111  70  )
( -156  133  -195  )
( 136  -97  22  )
( 56  7  -16  )
( 132  191  -83  )
( -27  79  29  )
( 90  169  -159  )
( 126  -73  -187  )
( -5  -141  48  )
( -40  84  159  )
( -19  52  -33  )
( 194  169  -40  )
( 112  -75  142  )
( -67  51  125  )
( -148  139  -15  )
( -75  -32  36  )
( -107  103  192  )
( -82  98  -25  )
( -181  -55  106  )
( 140  -139  -34  )
( -190  -143  189  )
( 17  -119  -197  )
( -13  95  -11  )
( 5  -191  61  )
( 129  139  -98  )
( 48  -8  166  )
( 181  180  21  )
( 173  54  -72  )
( 45  -4  -30  )
( 10  -156  -91  )
( 36  176  -141  )
( -165  -131  153  )
( 52  0  38  )
( -181  136  -47  )
( 153  -31  170  )
( -186  -13  141  )
( -38  -123  55  )
( -110  190  -81  )
( -143  -159  -110  )
( 183  10  195  )
( -35  72  110  )
( 129  -48  -105  )
( 165  -170  47  )
( 43  86  42  )
( 12  -96  155  )
( -178  -13  -110  )
( -93  55  57  )
( 135  196  -89  )
( 103  33  135  )
( 28  -95  135  )
( 165  -107  5  )
( 18  3  26  )
( -101  90  -62  )
( 195  119  0  )
( 151  62  -190  )
( 52  1  -146  )
( -147  1  144  )
( 116  -17  -88  )
( -166  72  -79  )
( 4  71  -152  )
( 44  -80  57  )
( 107  168  104  )
( 135  81  -37  )
( 82  71  -103  )
( 99  170  -46  )
( -1  156  -82  )
( 107  125  -81  )
( -93  -35  -67  )
( -97  178  -138  )
( 72  51  -135  )
( -87  63  83  )
( 192  -110  -149  )
( 171  -113  -162  )
( 32  -131  43  )
( 2  17  -163  )
( -124  63  186  )
( -27  72  87  )
( 59  -153  -98  )
( 194  192  -189  )
( -184  182  138  )
( 190  -145  148  )
( -64  -111  -51  )
( 145  -119  58  )
( -194  41  183  )
( 112  185  34  )
( 31  116  -115  )
( 186  145  -17  )
( 65  -184  -140  )
( -5  -179  111  )
( 129  172  49  )
( -194  16  160  )
( 196  -194  -169  )
( 33  41  -17  )
( -108  139  114  )
( 187  -88  16  )
( 9  -133  -136  )
( 112  -1  153  )
( -191  -31  122  )
( 151  -145  -58  )
( 70  -99  109  )
( -44  -25  -55  )
( 13  -3  139  )
( 7  37  -136  )
( 162  -54  -116  )
( -10  -6  27  )
( 9  33  -168  )
( -23  -54  148  )
( 111  3  180  )
( -74  95  82  )
( -87  127  -95  )
( -5  -22  53  )
( -32  153  -179  )
( -109  -191  14  )
( 179  -60  52  )
( 197  185  33  )
( 94  -88  -5  )
( -4  150  129  )
( -191  12  -156  )
( -100  181  73  )
( 3  196  176  )
( 40  136  -134  )
( -131  20  158  )
( -171  168  -100  )
( 151  30  106  )
( -182  -64  32  )
( -120  -62  -114  )
( 151  11  -48  )
( -130  -185  132  )
( 195  104  -128  )
( -13  157  134  )
( -112  -47  158  )
( -59  -86  184  )
( 136  -178  -123  )
( -158  -95  153  )
( -164  171  -101  )
( -126  -193  -37  )
( 132  -124  -40  )
( 54  -19  181  )
( 160  131  -108  )
( 2  -41  -76  )
( -103  154  -35  )
( -44  -132  86  )
( -149  76  -88  )
( 98  -104  -107  )
( 2  7  113  )
( -26  186  59  )
( 125  33  135  )
( -86  -76  162  )
( 157  -23  -33  )
( -153  -160  190  )
( 137  -33  -70  )
( 90  -183  -92  )
( -52  128  -141  )
( 75  -198  -76  )
( 126  -134  -129  )
( -14  -91  109  )
( 2  140  172  )
( -109  76  99  )
( -182  136  -163  )
( -120  -73  -62  )
( 184  -155  -165  )
( -78  41  -164  )
( 40  -1  -138  )
( -49  86  -18  )
( -108  -100  -22  )
( -99  -70  -183  )
( 39  141  -114  )
( 111  14  -142  )
( 127  5  -156  )
( -20  78  -25  )
( 167  25  110  )
( 77  -4  -101  )
( 105  -152  -166  )
( -193  146  124  )
( -21  -123  -81  )
( -69  51  -187  )
( -109  -161  -53  )
( -150  163  -128  )
( 125  -38  -95  )
( -8  66  -178  )
( 45  7  137  )
( -174  154  150  )
( -107  153  54  )
( 178  52  184  )
( -124  175  130  )
( 83  153  -71  )
( -32  -195  122  )
( 194  -102  -127  )
( -48  51  -112  )
( -46  -184  11  )
( 52  14  -135  )
( -64  -98  78  )
( 58  -183  172  )
( 118  93  -22  )
( 105  15  91  )
( 19  -67  -32  )
( 128  58  23  )
( -109  -100  133  )
( 80  69  158  )
( -80  -15  125  )
( 8  38  36  )
( -32  58  158  )
( -31  -39  -117  )
( 122  -162  -53  )
( -34  104  -114  )
( -32  -159  82  )
( 111  164  90  )
( -42  52  -115  )
( -195  21  -39  )
( -88  -180  97  )
( -170  -120  -42  )
( 117  -44  -136  )
( -35  -33  -187  )
( -114  169  -90  )
( -113  -26  148  )
( 151  33  60  )
( 140  -30  146  )
( 160  88  85  )
( -40  -111  -74  )
( 120  196  -57  )
( -122  -163  -112  )
( 94  69  -9  )
( -162  -159  73  )
( -43  180  193  )
( -110  132  -24  )
( 61  -0  -49  )
( 180  -109  177  )
( 183  -88  135  )
( -172  -91  184  )
( 35  8  178  )
( 177  -48  151  )
( 109  181  -138  )
( -159  6  -105  )
( -153  -29  -172  )
( -111  168  -65  )
( 96  -76  -40  )
( 108  186  -85  )
( -40  -116  195  )
( -8  -6  164  )
( 74  103  28  )
( 134  -2  183  )
( 40  -175  126  )
( -47  135  147  )
( 187  106  -121  )
( -18  -73  58  )
( 90  176  -180  )
( 119  -58  147  )
( -112  -117  -173  )
( 70  -4  139  )
( 133  -9  194  )
( 70  -47  -4  )
( 116  101  -90  )
( -181  158  -106  )
( -157  -21  -35  )
( 109  -80  71  )
( -131  -5  158  )
( -166  -162  112  )
( -35  -4  -175  )
( 48  12  -179  )
( 112  161  -83  )
( 190  28  -123  )
( -12  64  11  )
( -42  -147  -33  )
( 92  -36  -37  )
( 24  -36  -33  )
( -174  142  32  )
( -140  -16  -34  )
( 3  149  113  )
( 165  9  -184  )
( 105  186  173  )
( -63  39  86  )
( 156  -178  -24  )
( 130  -8  -83  )
( 173  85  69  )
( -39  19  56  )
( 20  101  -111  )
( 136  194  -130  )
( -119  41  -180  )
( -69  -58  59  )
( -118  -31  -66  )
( -78  148  -158  )
( 70  -9  -188  )
( -50  -164  98  )
( 25  27  -58  )
( 129  -80  -30  )
( -197  100  -28  )
( -29  12  -69  )
( 77  39  190  )
( -179  -175  68  )
( 160  107  -14  )
( 195  156  -138  )
( -150  -59  65  )
( 63  -142  125  )
( -0  111  84  )
( -81  155  -187  )
( 149  161  147  )
( -172  81  99  )
( -128  -77  -58  )
( -99  -113  -122  )
( -79  -29  -149  )
( 109  174  118  )
( -193  -69  -191  )
( 90  -31  185  )
( 53  122  11  )
( -87  -181  -45  )
( -111  -132  -173  )
( -137  43  88  )
( 87  -189  73  )
( 92  -139  12  )
( -142  80  143  )
( -126  -33  -76  )
( 159  -163  91  )
( 91  -77  90  )
( -66  -109  -41  )
( 149  140  -53  )
( -172  -115  125  )
( -24  -190  94  )
( 100  93  -177  )
( -40  -108  177  )
( -105  167  -100  )
( -188  134  18  )
( -128  -97  92  )
( -158  -2  -57  )
( 67  -59  101  )
( 31  103  119  )
( 25  72  -129  )
( 128  144  44  )
( 33  -4  51  )
( 75  -138  -16  )
( 4  149  -173  )
( -187  64  -127  )
( -183  -88  -98  )
( -52  136  -96  )
( 109  -134  -159  )
( 40  -9  120  )
( 163  32  -64  )
( -157  98  -127  )
( -138  124  -67  )
( -117  196  107  )
( 47  112  -19  )
( -60  148  -120  )
( -188  184  -72  )
( 188  97  74  )
( -52  22  181  )
( 63  199  -106  )
( 178  160  11  )
( -5  121  -78  )
( -43  -160  -128  )
( 157  -143  112  )
( 170  145  -65  )
( -12  98  14  )
( -55  -142  168  )
( -71  -80  -81  )
( 182  87  -141  )
( -22  99  34  )
( -134  -94  7  )
( 121  78  148  )
( 11  14  -153  )
( -73  -49  119  )
( 41  69  -196  )
( 92  17  -35  )
( -24  193  -182  )
( 182  -91  -118  )
( -37  68  -29  )
( 194  -83  177  )
( 189  62  -40  )
( 41  65  -22  )
( 116  -73  11  )
( 95  -111  -0  )
( 40  60  37  )
( 193  -6  -5  )
( -124  122  160  )
( -16  -81  -160  )
( -139  136  145  )
( 95  -1  96  )
( -147  -179  15  )
( -15  64  175  )
( -33  7  101  )
( -163  90  -4  )
( 178  -102  61  )
( 46  193  -64  )
( 161  -22  74  )
( -180  -38  -176  )
( -195  129  -50  )
( -186  109  11  )
( -180  -78  -155  )
( -27  -199  -30  )
( -65  22  -149  )
( -90  -34  24  )
( 102  -57  -71  )
( -66  -96  -178  )
( 14  -47  118  )
( -63  23  160  )
( 73  -104  30  )
( 77  142  54  )
( 53  108  -124  )
( 66  49  101  )
( -123  4  -74  )
( -116  -96  63  )
( -33  47  103  )
( -139  -114  -177  )
( -101  -117  -61  )
( -152  187  -2  )
( -49  73  -149  )
( -172  102  -96  )
( -113  -53  168  )
( -30  124  -29  )
( 170  -23  -189  )
( 82  -128  -188  )
( 36  84  -92  )
( 50  -11  14  )
( -136  149  -26  )
( -49  -56  -120  )
( 167  -70  177  )
( -106  -62  17  )
( -60  72  -51  )
( 143  -192  82  )
( 176  6  -35  )
( 157  180  -149  )
( 5  -61  186  )
( 154  -171  -183  )
( 43  -127  -51  )
( -150  189  -10  )
( 34  170  -76  )
( -53  -84  175  )
( 130  -47  162  )
( -5  -89  -104  )
( 49  -43  -140  )
