( -22  -2  -156  )
( 99  -112  -173  )
( 49  -156  133  )
( 119  33  139  )
( 136  -153  115  )
( -108  142  -146  )
( -18  83  -173  )
( -111  -37  193  )
( -19  149  -164  )
( -115  180  131  )
( 118  -105  -72  )
( -10  -171  106  )
( -47  195  -77  )
( 58  -62  -167  )
( -47  192  -7  )
( -122  37  -134  )
( 98  72  107  )
( -187  -153  -32  )
( -68  69  4  )
( 69  172  86  )
( 43  188  49  )
( -110  -165  128  )
( -90  134  -197  )
( 168  -37  -164  )
( 112  67  139  )
( 87  6  -138  )
( -58  130  -101  )
( -155  -90  177  )
( 175  -14  -3  )
( 11  94  -115  )
( -171  -21  -115  )
( 139  193  12  )
( -14  159  188  )
( -158  29  -163  )
( 7  8  -4  )
( -56  96  -84  )
( -49  -111  139  )
( 187  -134  1  )
( -65  126  54  )
( -18  -45  51  )
( 48  110  -170  )
( -181  9  36  )
( 99  -173  105  )
( 92  133  149  )
( -162  -196  -46  )
( -88  -172  118  )
( 174  -159  1  )
( -192  -133  -49  )
( -71  83  -53  )
( 58  -109  183  )
( 149  -144  -53  )
( -94  -70  24  )
( 78  -28  -174  )
( -35  193  -60  )
( 109  -63  -61  )
( 45  178  -79  )
( -166  -169  76  )
( -118  -178  151  )
( 31  -185  184  )
( -140  -15  -125  )
( 66  -117  -97  )
( -77  57  -189  )
( -82  118  12  )
( 7  155  80  )
( 159  141  -113  )
( 196  144  172  )
( -123  143  171  )
( 20  -147  -187  )
( 148  -9  65  )
( -70  -39  -99  )
( 64  1  -171  )
( 43  -5  188  )
( -56  29  -15  )
( 65  17  -53  )
( -107  159  142  )
( 69  130  81  )
( 36  -181  148  )
( -91  -87  -90  )
( -30  -41  21  )
( 93  -12  83  )
( 128  -94  93  )
( -107  -194  -83  )
( -27  26  -40  )
( 2  -99  -29  )
( -96  36  128  )
( 60  -107  -34  )
( 71  137  26  )
( 29  5  26  )
( 31  -153  -188  )
( -142  -67  118  )
( -122  -103  104  )
( -178  5  128  )
( -87  -124  -50  )
( 18  -91  122  )
( 17  -190  -56  )
( -69  29  54  )
( 158  125  -37  )
( 1  109  -10  )
( 90  -85  135  )
( -62  -55  138  )
( 160  -185  -141  )
( 128  -172  82  )
( 130  -175  131  )
( 195  168  -123  )
( -121  10  -17  )
( 146  58  -115  )
( 60  -26  -199  )
( -21  -29  -195  )
( -157  4  -39  )
( -33  -31  185  )
( 57  -152  -189  )
( 45  -85  48  )
( 31  89  122  )
( -146  102  -161  )
( -154  124  -63  )
( 193  26  12  )
( -123  -68  -89  )
( 59  -164  71  )
( -123  174  154  )
( 70  -41  28  )
( 199  38  -188  )
( 54  190  105  )
( -111  119  -151  )
( -132  161  30  )
( -98  119  190  )
( 157  8  -33  )
( -71  9  -197  )
( -88  -65  145  )
( 20  80  161  )
( 138  135  7  )
( 90  -172  -164  )
( 7  174  14  )
( 157  -66  89  )
( -113  -170  188  )
( 187  -96  -171  )
( -61  75  164  )
( 18  -137  -46  )
( -143  -140  -193  )
( 53  107  176  )
( 169  20  -143  )
( -35  198  -133  )
( -26  7  172  )
( -94  -180  -143  )
( -38  -111  -108  )
( -18  -113  138  )
( 67  154  -151  )
( 46  62  69  )
( 90  177  -12  )
( -126  -151  94  )
( 46  97  179  )
( -21  109  -50  )
( -99  -92  56  )
( 8  85  -18  )
( -108  17  -176  )
( -66  22  -137  )
( 25  129  -187  )
( 169  196  103  )
( 66  10  122  )
( -57  88  -118  )
( -118  50  101  )
( 17  -170  110  )
( -150  -6  58  )
( -103  -192  41  )
( 152  -139  -132  )
( -83  11  186  )
( 154  -40  -1  )
( 81  135  198  )
( 36  193  -63  )
( -173  138  149  )
( 132  154  124  )
( -100  161  11  )
( 33  46  -39  )
( -80  -152  105  )
( -130  107  -34  )
( -137  -91  119  )
( -97  149  -10  )
( 7  26  135  )
( 73  -116  -175  )
( 158  153  -109  )
( -1  -69  -175  )
( -157  124  116  )
( -174  143  57  )
( 103  156  -179  )
( -165  -66  190  )
( -83  147  171  )
( 96  169  137  )
( 72  -130  -122  )
( -87  166  52  )
( 5  -179  -33  )
( -152  59  -34  )
( -22  157  -176  )
( 72  -191  -79  )
( 74  176  100  )
( 73  126  150  )
( -23  191  -148  )
( 30  -118  -47  )
( 131  -96  -180  )
( 167  -137  80  )
( 44  17  53  )
( 49  -69  163  )
( -103  25  -178  )
( 195  -23  181  )
( -95  -108  44  )
( 152  190  183  )
( 32  26  -171  )
( 54  -192  -72  )
( -6  -27  -14  )
( -192  28  -125  )
( 146  88  -90  )
( -75  119  -142  )
( -168  -196  -151  )
( 189  -2  -43  )
( -84  -146  -138  )
( -146  -47  5  )
( -183  -59  -126  )
( -120  156  193  )
( -74  -158  -123  )
( 189  -109  136  )
( 154  128  -102  )
( 140  -90  -22  )
( 43  -192  190  )
( 131  -178  -88  )
( 159  -78  -83  )
( -120  95  -146  )
( -10  123  176  )
( 160  171  59  )
( -111  -199  136  )
( -77  -37  45  )
( 134  -144  145  )
( 170  -92  180  )
( 185  -116  -82  )
( 196  175  90  )
( 98  52  -17  )
( -138  -183  39  )
( 6  43  111  )
( 17  59  -38  )
( -188  -88  -78  )
( 114  7  187  )
( 53  187  -91  )
( -73  -148  143  )
( 35  93  39  )
( -95  -71  186  )
( 124  30  -139  )
( -1  -93  -142  )
( -14  71  -136  )
( 148  -80  -116  )
( 183  149  124  )
( -13  -171  25  )
( 13  198  -50  )
( -138  167  31  )
( -11  -138  -8  )
( -25  167  47  )
( 63  -33  -187  )
( -152  -194  130  )
( 8  -45  -86  )
( -56  164  -187  )
( -46  -64  196  )
( 128  -56  -170  )
( 181  53  134  )
( 11  -119  148  )
( -47  143  88  )
( -71  -93  86  )
( -195  -153  -41  )
( 42  -90  -0  )
( -133  27  -95  )
( -166  -163  -144  )
( -38  97  -178  )
( -20  80  57  )
( 142  8  -92  )
( 103  95  45  )
( 169  59  -18  )
( 128  -39  161  )
( 43  113  -131  )
( 196  -50  -97  )
( -1  129  -2  )
( -111  -19  -27  )
( -73  -144  165  )
( -102  -123  -63  )
( 158  -172  -99  )
( -185  169  168  )
( -148  121  64  )
( 164  -8  -110  )
( 60  160  150  )
( 180  86  61  )
( 150  71  -42  )
( -40  182  -87  )
( 172  -100  54  )
( 8  -65  10  )
( 186  34  -54  )
( -38  -39  58  )
( -178  -89  -79  )
( 38  50  -82  )
( -153  100  -52  )
( 96  133  75  )
( -130  -96  185  )
( 0  -126  -120  )
( 92  113  -161  )
( 188  -10  -196  )
( 28  -36  79  )
( -115  -88  189  )
( -13  -119  -4  )
( 174  -68  -7  )
( 135  -32  -62  )
( -121  179  -99  )
( -168  110  -106  )
( 46  18  -69  )
( 155  140  -54  )
( 121  106  48  )
( 161  167  96  )
( 86  -14  -33  )
( 6  130  25  )
( 122  178  98  )
( 49  -5  -100  )
( -100  120  171  )
( 102  -185  181  )
( 5  153  41  )
( 185  -87  -63  )
( -52  -13  -74  )
( 189  21  -106  )
( -57  -9  -95  )
( -181  -55  -102  )
( -176  -30  37  )
( 110  -73  196  )
( -122  -79  -183  )
( 174  -44  -18  )
( 94  -23  88  )
( -98  30  -93  )
( 155  -123  51  )
( 37  -127  -175  )
( 73  194  6  )
( -2  53  34  )
( 1  -0  -186  )
( 90  -182  -83  )
( -141  -8  -100  )
( 97  -3  19  )
( 10  28  89  )
( -23  -171  -103  )
( -90  156  152  )
( 27  -158  140  )
( 181  162  -156  )
( -68  -123  -89  )
( -10  45  14  )
( 48  187  67  )
( -165  -146  -12  )
( -114  -118  -10  )
( 99  68  15  )
( 128  -153  54  )
( 90  126  72  )
( 83  -193  132  )
( 35  -188  131  )
( -167  -90  155  )
( -91  -184  64  )
( -173  144  107  )
( 144  116  193  )
( 34  154  -87  )
( -16  1  -172  )
( -13  176  140  )
( -161  -168  7  )
( 184  42  101  )
( 38  -172  12  )
( 180  4  -170  )
( 167  -126  -177  )
( 80  -100  193  )
( 198  -124  94  )
( 79  -58  -163  )
( -147  -163  23  )
( 11  33  193  )
( 6  128  -142  )
( -9  172  181  )
( -69  191  -18  )
( 169  -170  -89  )
( 18  147  91  )
( -53  101  -155  )
( -21  -29  109  )
( 113  -8  174  )
( 8  -52  -63  )
( 198  -154  -75  )
( 57  -146  115  )
( -32  -133  -86  )
( 128  -58  104  )
( 164  -168  17  )
( 162  -109  134  )
( 79  123  -162  )
( -36  164  -128  )
( 127  -143  -151  )
( 25  -8  116  )
( -84  183  51  )
( 30  1  -57  )
( -10  -30  -94  )
( 169  -172  1  )
( 165  43  149  )
( 145  185  72  )
( 161  109  -46  )
( -188  113  -61  )
( 106  143  -198  )
( -56  -92  72  )
( 37  -30  -163  )
( -127  -126  98  )
( -69  10  15  )
( 17  76  -84  )
( -177  -136  28  )
( -108  2  0  )
( 93  33  -6  )
( 178  -134  110  )
( 50  -90  175  )
( 62  83  -61  )
( -54  60  -80  )
( -121  20  -35  )
( 198  46  197  )
( 106  104  -135  )
( -54  -171  -115  )
( -56  128  -161  )
( 37  150  -106  )
( -168  -39  -182  )
( 115  -148  -87  )
( -8  150  91  )
( 34  137  -119  )
( 112  -59  -73  )
( 195  177  179  )
( 33  168  123  )
( -12  110  189  )
( 108  -88  17  )
( -62  -1  149  )
( 82  -50  -80  )
( 88  -83  161  )
( 149  -127  72  )
( -131  13  189  )
( -28  23  -9  )
( -0  -135  70  )
( -182  -151  -101  )
( -189  159  -30  )
( 3  81  -94  )
( -139  112  -34  )
( -160  181  -22  )
( 19  -123  -155  )
( 0  28  15  )
( -11  18  10  )
( -162  -199  -123  )
( 132  -64  195  )
( 152  102  71  )
( -30  -181  -49  )
( 166  -148  -187  )
( -86  -4  64  )
( 150  -81  -146  )
( -55  -5  178  )
( -104  71  -20  )
( 184  -52  54  )
( -42  -33  117  )
( -199  -135  113  )
( 130  88  -13  )
( 111  -157  -44  )
( 9  -20  197  )
( -113  -8  -137  )
( 49  -47  29  )
( 146  85  -136  )
( -139  -163  -7  )
( -95  181  -101  )
( 90  48  105  )
( 83  -103  -174  )
( 98  15  24  )
( 177  51  41  )
( 43  -45  102  )
( -98  46  -65  )
( -116  -164  80  )
( 32  19  -188  )
( -87  169  -188  )
( 161  -9  -144  )
( -81  88  99  )
( -172  109  57  )
( 189  -2  -176  )
( -83  -110  15  )
( 193  31  -25  )
( -81  163  19  )
( -178  -49  30  )
( 165  51  -185  )
( -173  -195  -33  )
( 77  64  -66  )
( 71  -6  70  )
( -77  -66  152  )
( 55  128  47  )
( -154  -85  -150  )
( -70  140  195  )
( 19  -164  -137  )
( 89  -87  -138  )
( 15  37  157  )
( -180  -68  -55  )
( -47  110  77  )
( 112  141  -183  )
( 77  -110  83  )
( 99  22  -165  )
( 0  8  96  )
( 17  33  36  )
( -23  -102  52  )
( 107  -21  12  )
( 107  -108  -78  )
( -26  179  -107  )
( -76  -191  -21  )
( 155  -118  0  )
( 86  10  -191  )
( 12  -58  0  )
( -94  -1  -156  )
( -11  138  -135  )
( 178  111  -145  )
( 18  -37  -46  )
( 172  92  55  )
( 41  83  179  )
( 48  139  -114  )
( -159  -165  23  )
( 85  7  -174  )
( -98  15  -57  )
( 4  187  110  )
( 174  142  102  )
( -45  -58  174  )
( -163  95  176  )
( -119  118  -176  )
( 46  65  -141  )
( 56  168  -41  )
( 22  -180  34  )
( 165  88  106  )
( 199  69  -163  )
( 171  -90  -117  )
( 196  99  112  )
( 93  131  -128  )
( -75  -141  39  )
( -32  119  35  )
( -180  -22  125  )
( -11  -129  -103  )
( 86  87  -17  )
( 59  93  157  )
( 75  -14  145  )
( 124  -142  85  )
( -60  51  -184  )
( -9  93  46  )
( 187  -159  12  )
( -94  21  -28  )
( 45  -77  -19  )
( 143  146  120  )
( -151  -127  129  )
( 156  -2  -42  )
( -135  -160  136  )
( -191  -73  151  )
( -83  40  161  )
( 68  -44  95  )
( -62  99  145  )
( 125  83  95  )
( 187  -165  -128  )
( 71  79  136  )
( 106  73  192  )
( 107  -6  -118  )
( -80  -180  -25  )
( -167  -178  181  )
( -77  121  45  )
( -76  186  -128  )
( 55  -76  71  )
( 70  27  -73  )
( -36  127  -80  )
( 141  119  -85  )
( 124  156  114  )
( -162  -90  41  )
( -170  -174  34  )
( 47  185  -164  )
( 37  102  -13  )
( -113  -75  -86  )
( -3  -13  194  )
( -82  -79  153  )
( 39  181  -93  )
( 53  121  -124  )
( -64  -1  -147  )
( 17  -23  -80  )
( -95  -71  -157  )
( -75  -90  29  )
( 147  18  -20  )
( -156  -176  171  )
( -173  189  1  )
( -164  37  24  )
( -13  199  -100  )
( 103  147  6  )
( 147  -88  50  )
( 89  110  -1  )
( 91  143  65  )
( -93  39  117  )
( -111  10  125  )
( 190  79  160  )
( -74  -120  83  )
( -8  -113  -112  )
( 196  -77  -18  )
( -139  141  120  )
( 115  112  -10  )
( -144  -162  119  )
( 175  169  31  )
( -164  -10  196  )
( 159  -27  -189  )
( -140  170  -1  )
( 83  29  -73  )
( 89  13  -178  )
( 87  74  -147  )
( -193  119  22  )
( 20  -54  -13  )
( 80  14  71  )
( -162  64  149  )
