( 6  25  -98  )
( -4  49  154  )
( -60  159  -109  )
( -67  -112  -54  )
( 84  99  -46  )
( 196  -127  107  )
( 165  59  148  )
( 186  -183  138  )
( -98  -85  -80  )
( -30  8  -92  )
( 6  15  47  )
( 124  -55  190  )
( -187  -22  -112  )
( 11  -81  30  )
( 10  -49  172  )
( 149  -180  186  )
( -58  45  28  )
( 137  -56  -74  )
( 113  177  18  )
( 157  115  96  )
( 142  -141  98  )
( -108  121  -19  )
( -41  -28  12  )
( 108  -65  -177  )
( -63  188  -162  )
( -46  112  -25  )
( -76  199  126  )
( -49  -108  -157  )
( -179  146  -79  )
( -137  181  -65  )
( -66  177  62  )
( -141  162  112  )
( -107  -181  -152  )
( -197  -63  -181  )
( 117  -152  -132  )
( 153  -16  141  )
( -130  70  184  )
( -121  -62  189  )
( 71  -53  112  )
( -195  136  -38  )
( 10  -195  175  )
( 165  -20  -131  )
( 138  140  -148  )
( -79  -196  -171  )
( -144  172  -151  )
( -65  146  -167  )
( 16  -61  -137  )
( -185  146  -167  )
( -169  -58  -16  )
( 78  -90  -102  )
( -17  124  -100  )
( 151  -182  139  )
( -159  -158  7  )
( -136  -46  112  )
( 29  2  -190  )
( -3  91  -182  )
( -185  -19  -117  )
( -119  91  69  )
( 102  8  -39  )
( 82  15  172  )
( -112  -146  151  )
( 45  154  34  )
( -4  -157  -54  )
( 69  68  -153  )
( -28  6  27  )
( 125  -89  47  )
( -0  -63  -121  )
( 171  166  117  )
( 135  162  -141  )
( 57  -14  195  )
( -129  18  -40  )
( 184  -42  126  )
( -92  62  -67  )
( 76  -98  -28  )
( 62  -106  23  )
( -100  -81  42  )
( -27  -83  -97  )
( -167  -184  -7  )
( 64  -170  -161  )
( -106  -42  142  )
( 96  18  41  )
( 187  -42  -10  )
( -144  65  -143  )
( -161  81  -69  )
( 129  49  -27  )
( 55  46  -37  )
( -173  -80  167  )
( 127  -104  -176  )
( 153  -45  118  )
( 63  126  9  )
( 13  -63  -41  )
( -144  -128  26  )
( -177  60  140  )
( -54  -74  -82  )
( -188  122  42  )
( 167  -38  -104  )
( -121  -70  93  )
( 111  -186  32  )
( 176  -80  21  )
( -170  199  136  )
( -69  23  142  )
( -156  122  -120  )
( -59  -12  109  )
( 34  -99  -197  )
( -144  184  118  )
( 105  108  -78  )
( 40  197  -177  )
( -72  -184  77  )
( 93  -151  140  )
( 25  30  -171  )
( 85  81  -107  )
( -129  -88  45  )
( 131  78  27  )
( -91  75  -68  )
( 3  -36  30  )
( -97  139  -47  )
( -169  124  0  )
( 30  -178  -37  )
( 67  -198  -3  )
( 72  -68  117  )
( -99  -179  116  )
( 10  -192  51  )
( 88  -141  139  )
( -44  -27  38  )
( 128  -127  115  )
( 59  78  135  )
( -186  -31  91  )
( 130  1  12  )
( -168  105  -159  )
( 162  126  152  )
( -41  -182  19  )
( 182  -188  98  )
( -23  177  -191  )
( 188  -145  50  )
( 93  -19  196  )
( -97  -148  54  )
( 32  -107  44  )
( 89  67  31  )
( 31  198  -147  )
( -190  -8  -189  )
( 38  -165  -166  )
( -127  -72  -21  )
( 88  29  108  )
( 11  -186  164  )
( -49  -178  16  )
( -12  -192  138  )
( 8  -62  78  )
( -48  134  29  )
( 82  -70  -167  )
( -192  -46  -96  )
( -138  -155  -54  )
( -117  91  -129  )
( -3  -164  -82  )
( 174  -59  -118  )
( -20  -134  -40  )
( 116  6  -82  )
( 121  59  -167  )
( 103  -172  -118  )
( -160  158  -46  )
( -174  125  24  )
( -79  -82  58  )
( 44  107  194  )
( -33  198  71  )
( -119  192  67  )
( 9  -112  134  )
( -56  121  117  )
( -143  -83  109  )
( 186  -172  -50  )
( 94  18  -44  )
( 2  88  8  )
( -175  -46  -42  )
( 64  -119  185  )
( -134  -197  -27  )
( 30  -182  1  )
( 47  13  76  )
( -71  -145  -56  )
( -135  137  133  )
( -136  116  -74  )
( 173  52  -100  )
( 56  88  -107  )
( -87  62  -2  )
( 133  144  88  )
( -102  149  -64  )
( 143  -167  -175  )
( 122  -52  91  )
( 104  2  73  )
( 167  52  35  )
( 35  -101  -27  )
( 188  192  31  )
( 146  86  -34  )
( 38  -107  113  )
( -7  15  -119  )
( -79  -28  -41  )
( 167  -53  -46  )
( -136  -174  -62  )
( 188  -48  -0  )
( -171  -20  -123  )
( -62  74  137  )
( -39  -97  -67  )
( -28  121  -63  )
( 127  -148  -14  )
( 68  -42  57  )
( -132  -27  -183  )
( 75  151  135  )
( 90  -127  -188  )
( 11  -148  157  )
( -37  95  -33  )
( -21  94  13  )
( 150  -88  102  )
( -67  -42  90  )
( 195  138  118  )
( -129  -191  -69  )
( 134  193  100  )
( 3  42  182  )
( 34  14  -141  )
( 145  158  -48  )
( -176  50  156  )
( -178  82  -70  )
( -63  -36  137  )
( 108  101  143  )
( 159  -12  -47  )
( -168  25  -33  )
( 95  -194  -37  )
( -103  -65  123  )
( 66  -126  50  )
( -66  -150  185  )
( -85  104  -145  )
( -140  172  136  )
( -2  -8  142  )
( -58  27  -8  )
( 3  45  -189  )
( -76  -106  -177  )
( 178  -6  -184  )
( 128  143  -64  )
( 52  -80  -12  )
( -69  -45  59  )
( 150  -78  -138  )
( 184  -150  -37  )
( -51  155  195  )
( -128  -141  167  )
( 179  93  99  )
( -155  -172  -123  )
( 49  1  -142  )
( 184  -82  67  )
( 50  -16  63  )
( -32  -180  -41  )
( -81  -22  105  )
( -78  -49  -175  )
( -139  135  97  )
( -107  59  -7  )
( -118  -51  -190  )
( 190  123  22  )
( 157  -61  24  )
( 73  147  -113  )
( 31  180  -67  )
( 123  -104  -64  )
( 88  53  -116  )
( 93  192  26  )
( -126  -72  165  )
( 59  -120  60  )
( 109  -49  36  )
( 185  49  114  )
( 61  142  -157  )
( 110  40  173  )
( -172  113  -151  )
( -164  66  121  )
( -52  98  -160  )
( -50  -171  84  )
( -87  -76  -59  )
( -168  165  -112  )
( 39  -142  130  )
( -64  -35  82  )
( 51  -80  -128  )
( -129  80  -176  )
( 50  17  -132  )
( 142  -14  104  )
( -22  82  53  )
( 174  44  -186  )
( 9  136  -147  )
( -106  1  158  )
( -36  153  39  )
( -127  -139  46  )
( 9  125  -47  )
( -41  173  -168  )
( 56  108  -194  )
( 198  -90  -29  )
( -45  68  -10  )
( -161  -146  28  )
( 64  -193  160  )
( 132  74  185  )
( 74  -174  -3  )
( -181  -186  149  )
( -115  14  128  )
( 90  -196  -94  )
( 18  -141  -78  )
( -1  -66  -11  )
( 179  -2  109  )
( 20  -165  -119  )
( -116  -156  -76  )
( -75  -196  37  )
( -68  -10  0  )
( 66  10  18  )
( 0  30  84  )
( 170  100  97  )
( 25  -11  -47  )
( -153  -44  -129  )
( 106  -79  -1  )
( -11  120  192  )
( -187  -165  -59  )
( 137  77  -102  )
( 126  -77  -40  )
( -54  24  91  )
( 157  87  -175  )
( 71  -53  -137  )
( -120  -78  165  )
( 160  -114  178  )
( 162  9  -144  )
( 137  -192  180  )
( -47  185  107  )
( 74  -109  -114  )
( 186  148  51  )
( 24  92  105  )
( 74  -39  20  )
( -2  108  138  )
( -150  -189  92  )
( 163  106  54  )
( -6  -54  34  )
( -108  -158  160  )
( -181  -106  -26  )
( 98  157  95  )
( 174  30  110  )
( -37  -116  -54  )
( 31  -86  -13  )
( -98  -188  -132  )
( -32  -108  197  )
( -28  77  -146  )
( -44  14  190  )
( 182  146  35  )
( -160  -194  155  )
( -46  -141  -6  )
( 33  -182  -198  )
( -106  191  162  )
( 37  -69  -140  )
( -61  77  -143  )
( 91  -159  -135  )
( -171  -140  20  )
( 95  113  136  )
( -76  -69  150  )
( -35  156  7  )
( 196  -171  -21  )
( -5  59  95  )
( -14  165  49  )
( -28  173  5  )
( -59  -159  -44  )
( 49  182  -187  )
( -189  100  -110  )
( 101  135  15  )
( -181  121  -59  )
( -49  22  -137  )
( -125  -20  -192  )
( 133  -189  51  )
( -51  196  55  )
( 101  87  -109  )
( -59  85  -122  )
( 125  95  -59  )
( 53  186  -127  )
( 65  -56  -125  )
( 24  162  -100  )
( -2  -112  70  )
( 83  34  132  )
( -105  172  -148  )
( -195  47  -65  )
( -160  -155  -99  )
( 162  76  -153  )
( 13  -91  -108  )
( 169  140  125  )
( 73  -7  91  )
( -111  -45  -28  )
( 77  -101  -68  )
( 102  -105  -67  )
( -103  128  -190  )
( 124  -192  54  )
( -25  52  -20  )
( -72  -197  23  )
( 50  145  -120  )
( 148  139  165  )
( 159  55  127  )
( -80  96  4  )
( 194  -38  -93  )
( 114  54  84  )
( -28  22  98  )
( 47  116  -9  )
( -137  51  -125  )
( -145  -38  26  )
( -152  -16  -7  )
( 131  -112  67  )
( 14  -27  145  )
( 172  46  -111  )
( -85  -51  -184  )
( -2  172  -138  )
( 180  166  -158  )
( 185  150  55  )
( -91  -17  -198  )
( -25  162  -132  )
( 49  1  151  )
( 142  165  24  )
( 58  -37  -11  )
( 46  -40  -147  )
( 155  -50  169  )
( -57  108  -72  )
( 32  -134  -138  )
( -151  72  -81  )
( 59  -11  96  )
( 103  -142  68  )
( -195  -164  -138  )
( -146  2  -149  )
( 108  11  -0  )
( 20  -164  -114  )
( -39  63  -2  )
( 52  91  -128  )
( -148  -72  -12  )
( -168  -100  71  )
( 89  -186  -150  )
( -38  91  -87  )
( -38  21  0  )
( -74  84  83  )
( 162  163  166  )
( 146  -12  76  )
( -78  -104  -132  )
( -141  -66  -171  )
( -88  -62  -23  )
( -86  -29  194  )
( 71  -125  25  )
( -168  10  36  )
( 156  139  196  )
( 87  -105  153  )
( -18  28  -47  )
( 12  -105  -126  )
( 61  198  -93  )
( 9  4  44  )
( -148  -119  194  )
( -97  106  -71  )
( 53  78  -101  )
( 176  181  125  )
( 32  116  26  )
( 181  -197  29  )
( 193  172  -167  )
( -131  -67  125  )
( 178  -57  170  )
( -74  133  -101  )
( -189  8  -196  )
( 90  9  -120  )
( 80  -33  150  )
( -100  191  -142  )
( -150  110  39  )
( -173  69  -111  )
( -100  68  -128  )
( 64  -189  192  )
( -60  147  72  )
( 67  33  -150  )
( -113  168  -121  )
( 178  126  -51  )
( 133  -67  65  )
( 181  126  -86  )
( 173  185  -50  )
( -54  143  -180  )
( 30  137  83  )
( 188  -159  -122  )
( 12  -7  -137  )
( 64  183  -147  )
( -151  16  76  )
( -177  47  -18  )
( -53  -83  -13  )
( -13  165  10  )
( 148  195  -0  )
( 168  -130  143  )
( -100  96  148  )
( -168  -46  -125  )
( 192  -62  140  )
( 95  35  148  )
( 177  88  -117  )
( -59  -20  -71  )
( -18  45  19  )
( -8  143  -56  )
( 194  136  99  )
( -182  -94  -48  )
( -45  -17  87  )
( 84  -152  -120  )
( -174  5  -188  )
( 90  -129  54  )
( -180  -58  -159  )
( -169  -56  44  )
( -172  23  107  )
( 14  -170  173  )
( -16  24  -145  )
( 164  67  -10  )
( 196  -92  -152  )
( -199  -195  -61  )
( -102  51  -107  )
( 102  -92  24  )
( -109  -67  107  )
( 48  -4  -129  )
( -17  59  -167  )
( 114  -36  -37  )
( -149  -113  -34  )
( 81  13  153  )
( -157  -71  116  )
( 113  -87  59  )
( 139  77  55  )
( 90  198  102  )
( 29  130  -81  )
( 17  119  191  )
( 166  142  -49  )
( -13  -115  21  )
( -16  -94  157  )
( 157  41  3  )
( -15  -191  71  )
( -83  -123  137  )
( -151  -124  -9  )
( -18  68  -164  )
( 121  29  21  )
( -120  109  178  )
( -112  -58  50  )
( 175  128  141  )
( -161  28  123  )
( 138  -160  -171  )
( -44  -57  187  )
( 80  117  165  )
( -67  -97  72  )
( -124  196  74  )
( 132  135  -139  )
( 51  151  195  )
( -4  105  -93  )
( 53  -171  -142  )
( -138  -17  145  )
( 145  -137  -118  )
( -95  -137  -23  )
( -66  87  11  )
( -180  61  -35  )
( -173  68  -172  )
( 135  -28  27  )
( -195  1  -44  )
( 79  -47  -86  )
( -175  141  131  )
( -146  -197  -36  )
( -79  -148  60  )
( -180  -25  -184  )
( -158  42  77  )
( 86  170  -74  )
( -10  75  -183  )
( 165  142  -187  )
( 52  108  -80  )
( 109  66  142  )
( -5  -119  -195  )
( 91  -72  173  )
( -124  -112  -170  )
( -169  -38  -63  )
( 43  15  20  )
( 57  157  100  )
( 179  91  165  )
( -46  -160  -9  )
( 192  115  -0  )
( 47  180  -9  )
( 56  -91  -177  )
( 6  -8  91  )
( -75  42  31  )
( 192  -45  -179  )
( -79  86  -66  )
( 78  129  -193  )
( 131  -15  -149  )
( 80  56  -14  )
( 92  4  -149  )
( 54  -140  -38  )
( 81  -116  163  )
( 76  -123  -66  )
( -29  -95  64  )
( -169  -85  106  )
( 126  44  -104  )
( -165  -81  178  )
( 62  -164  -78  )
( 120  -105  -121  )
( -84  -187  -32  )
( 168  -112  2  )
( -58  -125  -63  )
( -83  -166  -120  )
( -48  77  -191  )
( 81  -175  -101  )
( 114  -71  -146  )
( 99  62  -6  )
( -147  85  -57  )
( 10  167  113  )
( -183  -4  -63  )
( 136  83  40  )
( 167  19  -3  )
( -14  70  -167  )
( -59  -20  84  )
( 148  -133  77  )
( -103  136  188  )
( -144  -45  -36  )
( 147  126  -197  )
