( 46  -29  -55  )
( -50  -70  -7  )
( 8  -48  -74  )
( 70  23  -34  )
( -60  47  68  )
( -63  -7  15  )
( 20  -11  -35  )
( -7  -63  -97  )
( 58  78  -53  )
( 84  -76  -90  )
( 27  -4  50  )
( -58  40  -2  )
( 99  78  82  )
( -71  -60  9  )
( -20  75  60  )
( 66  -69  64  )
( -99  -40  52  )
( 11  13  -53  )
( -18  -29  88  )
( 12  90  -8  )
( 28  -43  -2  )
( 70  -9  -86  )
( 98  58  -28  )
( 95  82  -18  )
( -77  -49  -56  )
( 11  53  -60  )
( -90  -88  60  )
( 28  42  68  )
( 63  35  -29  )
( -48  31  -45  )
( -34  77  9  )
( 3  -39  -8  )
( -41  91  -45  )
( -32  -82  35  )
( 2  -87  -62  )
( 65  -3  19  )
( 98  82  36  )
( -41  -82  51  )
( -47  -23  36  )
( 11  -33  -76  )
( -29  -1  -13  )
( 67  -95  -16  )
( -11  84  85  )
( 28  83  13  )
( -56  -40  -52  )
( -47  88  -76  )
( 62  -47  80  )
( -91  90  -75  )
( -78  74  22  )
( -0  -70  65  )
( -69  93  74  )
( 15  67  88  )
( -93  43  76  )
( -1  72  8  )
( 91  -48  97  )
( -67  -64  11  )
( -13  61  5  )
( -16  -75  -45  )
( 95  34  23  )
( -87  46  -53  )
( -96  -78  82  )
( 5  95  -10  )
( 32  -12  27  )
( 54  -63  94  )
( -13  61  83  )
( -79  -46  -94  )
( -88  -54  10  )
( 56  94  85  )
( -30  -16  -81  )
( 16  -12  -60  )
( 86  99  48  )
( 85  47  -0  )
( 45  38  76  )
( -11  -60  -85  )
( 85  -98  -37  )
( -29  63  68  )
( 1  59  30  )
( 67  1  -83  )
( -52  62  -1  )
( 54  -14  51  )
( -20  -92  -72  )
( -23  -1  12  )
( -87  69  -92  )
( 0  86  36  )
( 83  15  -6  )
( 95  9  -44  )
( -77  58  79  )
( 24  -57  68  )
( -75  37  -72  )
( 38  -63  10  )
( 49  -97  -41  )
( -59  -32  51  )
( 55  56  -84  )
( 30  -9  20  )
( -12  11  66  )
( -22  33  -29  )
( 82  49  41  )
( 81  1  -20  )
( 10  -4  -98  )
( -7  91  -60  )
( 79  62  29  )
( -21  -47  -0  )
( -35  -3  -16  )
( 66  -95  -92  )
( 12  4  -11  )
( -8  -72  35  )
( -35  2  82  )
( 73  0  37  )
( 23  -76  -65  )
( -93  -64  -25  )
( -70  77  -16  )
( -33  -85  20  )
( -5  -81  -69  )
( 84  48  -97  )
( 94  -31  85  )
( 28  -30  3  )
( -88  -92  -7  )
( 59  68  -87  )
( -32  45  -47  )
( -20  -88  -52  )
( 3  -8  81  )
( 47  -34  -37  )
( -69  40  -7  )
( -99  29  67  )
( -51  -73  -12  )
( -7  -3  87  )
( -99  -39  90  )
( -69  -95  9  )
( 85  -69  54  )
( -91  22  23  )
( -82  32  85  )
( -46  3  85  )
( -73  86  6  )
( -58  -64  20  )
( 73  77  34  )
( 98  -93  -36  )
( 57  -52  76  )
( -55  7  30  )
( 78  -88  -34  )
( -83  66  -50  )
( -7  64  58  )
( 92  -3  -12  )
( 93  -68  -34  )
( 8  49  45  )
( -89  -29  -23  )
( -83  46  97  )
( 39  -49  -66  )
( -34  -31  -74  )
( -7  -61  -47  )
( 2  -34  18  )
( -61  -74  -89  )
( -8  -26  -69  )
( -76  -67  -41  )
( 45  -5  69  )
( -12  -45  -25  )
( 10  -69  5  )
( -57  68  18  )
( 59  -85  77  )
( -6  -40  -67  )
( -45  67  86  )
( 24  -49  -99  )
( -10  -46  32  )
( -92  57  12  )
( 61  6  -4  )
( 0  -2  30  )
( -92  1  -82  )
( -33  49  -12  )
( 85  -53  -21  )
( -76  60  59  )
( 47  58  -84  )
( 29  -36  64  )
( 80  17  10  )
( -76  -58  -51  )
( 24  21  12  )
( -28  3  87  )
( -28  -67  -44  )
( -83  53  62  )
( 17  -89  -3  )
( -85  18  -12  )
( -25  -10  -15  )
( -43  -26  -39  )
( 21  -39  49  )
( 51  -98  11  )
( -49  91  42  )
( -58  -93  -12  )
( -22  -34  26  )
( -70  85  -37  )
( 88  -13  72  )
( 58  -80  -2  )
( 20  -63  -72  )
( -48  -90  -30  )
( 56  40  -98  )
( -97  81  53  )
( 52  99  -8  )
( -16  -63  -89  )
( 75  11  -34  )
( 23  -89  -51  )
( 73  83  -98  )
( 26  2  -66  )
( 36  67  76  )
( -66  85  38  )
( 13  -2  -8  )
( -37  -93  -25  )
( 3  -78  94  )
( -24  78  -3  )
( 42  -0  -80  )
( 18  -20  16  )
( -79  61  -7  )
( -34  -77  42  )
( 25  23  -37  )
( 91  -96  70  )
( -3  22  87  )
( -5  -80  39  )
( 89  17  -93  )
( 31  -66  -42  )
( -12  18  77  )
( 52  99  -4  )
( 86  -56  -94  )
( -54  -35  -42  )
( 13  -94  74  )
( 36  71  -29  )
( -51  66  -77  )
( -38  13  -1  )
( -90  74  -29  )
( 75  -19  -21  )
( 58  19  -32  )
( 96  -43  -16  )
( -33  -6  24  )
( -31  29  15  )
( -55  44  88  )
( 12  78  47  )
( 79  -22  76  )
( -65  61  -32  )
( -57  92  40  )
( -24  -84  -44  )
( 5  31  14  )
( -9  25  -88  )
( 27  12  -85  )
( 89  36  -31  )
( -10  65  -40  )
( -15  23  89  )
( -51  -29  31  )
( -34  -39  75  )
( 52  -58  -92  )
( -42  -47  -7  )
( -53  -82  -85  )
( 88  -76  -34  )
( 97  -22  67  )
( -30  43  -54  )
( 29  64  -92  )
( -7  22  -50  )
( -89  -26  24  )
( -60  34  1  )
( 28  -1  -86  )
( -78  -22  -99  )
( -70  56  15  )
( -43  -40  30  )
( -69  30  46  )
( -30  -36  -85  )
( 1  -27  36  )
( -81  6  -83  )
( -51  96  43  )
( 66  -89  12  )
( -32  -17  -60  )
( 74  -17  -48  )
( -4  19  -23  )
( -17  -33  90  )
( -66  -91  63  )
( -3  -77  1  )
( -54  87  29  )
( -55  -5  -45  )
( 19  -25  -98  )
( 22  36  -71  )
( -10  85  -7  )
( -76  15  22  )
( -68  73  95  )
( 51  60  81  )
( -53  15  -80  )
( 59  -79  76  )
( -2  68  -96  )
( -2  27  54  )
( 7  -5  48  )
( -62  -3  -13  )
( 87  99  -98  )
( -59  68  21  )
( -59  -41  76  )
( -95  23  -26  )
( -28  0  76  )
( 29  27  -19  )
( 93  -55  -7  )
( -92  98  -12  )
( 92  -18  38  )
( 41  82  -45  )
( -90  39  76  )
( -27  53  12  )
( 22  -87  61  )
( -8  12  -68  )
( -17  48  -47  )
( 15  10  -80  )
( 71  -38  -75  )
