( 3  -44  93  )
( 80  2  -34  )
( -95  -43  -35  )
( -94  77  -66  )
( -2  5  7  )
( -33  -37  26  )
( 18  -75  -97  )
( -87  76  -9  )
( -73  -0  44  )
( -67  -12  33  )
( 12  -37  9  )
( -32  22  -40  )
( -64  -10  4  )
( 87  -99  -19  )
( -94  25  -72  )
( 19  -49  30  )
( -83  -3  -40  )
( -84  -76  93  )
( 75  -53  -3  )
( 87  74  27  )
( 49  53  64  )
( 99  -80  71  )
( 47  -91  25  )
( -89  60  -35  )
( 30  -43  -10  )
( -43  -88  56  )
( -84  87  -58  )
( 52  62  -71  )
( -40  -66  17  )
( -87  -29  26  )
( -37  -19  68  )
( -66  -44  23  )
( 48  70  -99  )
( 63  -23  60  )
( -53  -38  32  )
( -34  -67  -19  )
( 32  -11  92  )
( 88  23  -64  )
( 2  -57  50  )
( 57  93  43  )
( -78  -43  96  )
( -45  -98  -54  )
( 60  -49  18  )
( 35  34  94  )
( 46  44  -2  )
( 62  14  -25  )
( 8  88  -34  )
( -44  43  -98  )
( -68  -25  88  )
( 8  78  62  )
( 69  47  88  )
( 51  -99  -54  )
( -78  -13  82  )
( -5  -8  38  )
( 39  -76  -28  )
( 40  -82  -6  )
( 37  -17  88  )
( 49  72  97  )
( -75  92  83  )
( 26  55  13  )
( -4  27  -33  )
( 36  -50  -12  )
( -50  59  -84  )
( -38  -32  70  )
( 86  30  99  )
( 51  -36  38  )
( -93  -80  -91  )
( 52  88  3  )
( -26  -53  96  )
( 63  72  -48  )
( 69  -81  48  )
( -12  4  -91  )
( 28  -52  -98  )
( -8  61  -89  )
( -25  -84  17  )
( -18  -39  15  )
( -84  -0  -13  )
( -62  -93  -74  )
( 10  -7  -80  )
( 65  46  -59  )
( 74  -52  5  )
( 8  -65  -16  )
( 56  -19  -65  )
( 47  78  -16  )
( 22  -60  81  )
( 53  16  -50  )
( 84  -63  -37  )
( 91  -70  -33  )
( 96  84  0  )
( 83  85  70  )
( 95  78  58  )
( -11  0  -86  )
( -22  -71  96  )
( 26  -7  -19  )
( -55  -4  -72  )
( 88  73  12  )
( 88  -15  -76  )
( -14  50  -76  )
( -19  46  87  )
( 76  -85  -36  )
( 79  -76  -52  )
( -19  -64  43  )
( 61  -39  11  )
( -54  -81  -63  )
( 7  -64  51  )
( -82  -67  59  )
( 81  -67  -65  )
( -18  97  -84  )
( -20  -26  85  )
( 38  74  -19  )
( 98  -12  -48  )
( -67  -21  52  )
( 77  9  20  )
( -20  56  81  )
( 85  -67  -82  )
( 49  93  95  )
( -87  -17  -66  )
( -75  91  -88  )
( 72  2  -92  )
( 96  72  25  )
( 88  -8  -65  )
( 37  23  -0  )
( 40  -19  -5  )
( 88  18  -22  )
( -62  -71  -39  )
( -85  62  70  )
( 33  61  53  )
( 98  44  -10  )
( 81  -18  77  )
( 48  -31  85  )
( -58  -67  -20  )
( 98  52  -87  )
( -99  53  -81  )
( -87  29  -14  )
( 27  49  -43  )
( -93  -70  -42  )
( -8  -96  -70  )
( 86  -36  96  )
( 67  63  17  )
( -2  40  -81  )
( -47  89  -70  )
( 64  72  -8  )
( 15  30  -16  )
( 5  -96  29  )
( 20  1  -94  )
( -71  -54  -66  )
( -2  90  37  )
( 44  -65  17  )
( -35  56  3  )
( 43  90  27  )
( -84  29  53  )
( -44  36  -7  )
( -12  -17  75  )
( 62  13  85  )
( -2  -55  47  )
( -52  -8  98  )
( 76  28  75  )
( 47  -91  -7  )
( -65  66  -43  )
( -73  -88  -91  )
( 7  -19  63  )
( 65  24  -36  )
( 49  20  -89  )
( -72  -2  74  )
( 59  -6  -16  )
( -98  -92  14  )
( -62  -28  -73  )
( -80  49  99  )
( -14  -68  -1  )
( -79  -67  -83  )
( -75  -18  -93  )
( 23  -42  93  )
( 7  -50  -59  )
( 44  -48  9  )
( -16  -47  61  )
( 48  -12  88  )
( 32  42  -25  )
( 26  74  86  )
( -25  63  -10  )
( -4  85  63  )
( -70  9  -74  )
( -4  3  -14  )
( -15  -8  80  )
( -0  51  40  )
( 61  -21  68  )
( 90  69  -70  )
( -53  -47  86  )
( -57  -40  -82  )
( 73  -21  -4  )
( 30  -65  75  )
( -19  -13  -59  )
( 97  -59  -71  )
( 47  19  91  )
( -82  -91  73  )
( -85  -67  25  )
( 68  -8  58  )
( 88  27  -89  )
( -35  61  -80  )
( 11  -31  -95  )
( -10  -12  -53  )
( 53  6  -13  )
( 65  -93  87  )
( -35  86  72  )
( -50  25  72  )
( -13  -19  -14  )
( -87  2  -32  )
( 97  -93  -15  )
( -46  0  -53  )
( -55  60  -85  )
( 24  42  16  )
( -23  41  49  )
( -34  55  -11  )
( 66  -51  -33  )
( -52  12  73  )
( 3  80  -17  )
( 31  -59  34  )
( 38  35  28  )
( 63  -40  -85  )
( 94  63  76  )
( -62  -68  -3  )
( 90  69  56  )
( -63  -54  55  )
( 83  -66  11  )
( -96  14  -48  )
( 14  -99  -70  )
( -46  -55  70  )
( -1  66  63  )
( 46  38  1  )
( 54  -41  -40  )
( 42  21  -78  )
( 95  -57  -76  )
( -11  -80  42  )
( -97  96  -3  )
( 9  -59  -64  )
( -77  88  -67  )
( 29  -67  71  )
( -87  18  -83  )
( 73  -3  83  )
( -66  -72  74  )
( 42  70  -50  )
( -13  98  80  )
( 56  96  11  )
( 11  99  33  )
( 97  -3  61  )
( -93  8  -7  )
( -20  45  -80  )
( -54  -59  98  )
( 34  91  79  )
( -45  -83  -52  )
( -31  -63  -95  )
( -39  -20  -34  )
( -14  93  2  )
( 92  69  28  )
( -40  -67  65  )
( 82  -15  -34  )
( 84  12  -1  )
( -26  60  10  )
( -77  29  -23  )
( -51  -95  11  )
( -21  -19  83  )
( 81  51  -98  )
( 49  -78  -14  )
( -85  59  -94  )
( -19  39  13  )
( 11  55  3  )
( 91  -36  -59  )
( 9  -56  48  )
( -7  -95  -35  )
( 18  -26  84  )
( 39  -84  13  )
( 81  29  46  )
( -3  -30  -34  )
( -16  -19  -89  )
( -29  66  56  )
( 20  23  -50  )
( 92  -7  -54  )
( 91  98  -37  )
( 89  -6  -70  )
( 82  30  -31  )
( -76  -62  86  )
( -15  -98  4  )
( 97  -26  42  )
( -24  81  -98  )
( -49  60  64  )
( -7  -71  25  )
( -0  60  84  )
( -51  12  -30  )
( -65  -36  -9  )
( 26  -0  95  )
( 94  -33  76  )
( -80  52  -5  )
( 49  84  7  )
( -29  -61  -0  )
( 6  -96  76  )
( -29  -8  95  )
( -43  -83  -50  )
( -87  98  -20  )
( 94  63  -90  )
( -71  3  40  )
( -0  -73  49  )
