-115 71 189 
13 128 37 
104 155 22 
55 -70 50 
71 104 -112 
-49 41 -130 
179 108 109 
-124 -122 -72 
106 187 -185 
-5 -136 24 
-91 140 -70 
68 -171 16 
-65 -23 -73 
31 -191 -190 
-122 -108 -10 
-24 -195 114 
68 -12 -109 
-96 -37 159 
9 -104 -38 
-197 137 -11 
26 -181 199 
15 29 60 
-51 -29 -94 
-6 29 -139 
80 137 -4 
-161 -60 18 
29 -52 34 
164 37 68 
35 137 -44 
15 -59 -98 
101 191 -134 
90 -45 157 
7 100 -4 
2 -21 157 
8 -38 126 
48 -181 -118 
3 199 147 
-53 197 28 
-195 -118 -181 
27 -25 -112 
-11 -188 175 
-16 184 131 
-92 -179 20 
125 26 62 
14 181 -59 
-111 -177 21 
59 -1 19 
-10 120 121 
-96 -187 18 
95 101 -33 
2 -13 39 
-169 -133 -94 
43 -20 2 
190 72 -30 
-145 12 66 
86 112 -75 
-124 105 -156 
-151 38 -77 
-15 54 -143 
37 -41 79 
-1 102 52 
83 -177 4 
109 -190 198 
27 159 -71 
134 3 -182 
94 56 -38 
164 180 -93 
-26 -155 81 
-104 -111 87 
27 -23 -30 
-74 6 2 
65 2 4 
170 32 5 
-6 -18 5 
73 -179 165 
-21 7 108 
171 -44 75 
-138 -73 38 
134 -70 -199 
-16 27 -19 
26 -166 -6 
-172 -125 76 
-16 10 199 
17 124 -16 
-13 -41 4 
147 -15 -68 
164 2 -168 
58 170 50 
32 2 -121 
-41 199 49 
-96 163 -86 
113 28 -181 
99 5 -193 
166 -4 -22 
62 -4 -146 
-2 -156 194 
148 -119 88 
-48 -84 165 
-116 -195 -49 
28 -39 15 
-113 -14 157 
167 -28 -73 
-117 -200 150 
97 -32 -67 
195 -9 -164 
92 -178 -48 
50 -23 -2 
1 -2 -157 
-90 1 126 
21 -109 91 
-177 83 -30 
54 32 -43 
143 183 -10 
38 87 -84 
60 158 73 
-12 -6 -198 
-29 -113 157 
2 120 75 
135 153 64 
43 -148 -14 
-149 69 83 
-27 -78 96 
-24 -172 -170 
-54 29 -9 
-73 1 -29 
-2 190 78 
132 49 199 
-21 5 15 
-181 -74 -129 
-118 -62 -85 
-200 140 -134 
-66 -86 171 
44 -81 68 
-6 149 154 
-142 7 -125 
26 -187 101 
-194 -139 -134 
-97 88 127 
1 -60 -77 
95 -157 192 
-51 37 -177 
-102 32 60 
-34 -189 -67 
-11 3 26 
136 -99 -79 
82 37 -61 
-121 15 -38 
-165 -22 -127 
32 95 17 
27 -64 -182 
-101 -44 59 
-36 -21 -106 
-59 -32 -81 
-4 -1 -152 
122 14 75 
-55 -3 27 
-86 -85 -43 
6 -124 -69 
-124 -103 23 
-94 -137 -3 
133 -88 98 
123 -179 128 
-36 134 150 
-85 -65 -86 
-13 66 14 
-30 -56 109 
-87 -36 10 
167 80 -6 
90 116 -121 
-49 81 -164 
-162 131 93 
169 182 -42 
76 -149 -111 
-114 123 143 
59 93 -13 
173 130 -160 
179 44 -195 
-184 -33 59 
-134 -94 70 
-145 -84 97 
121 161 10 
-13 -61 -157 
-11 139 105 
99 169 116 
18 -25 -45 
194 63 -10 
-145 91 167 
-189 182 35 
-189 -128 7 
12 147 193 
44 -50 -57 
17 -14 63 
-100 138 -198 
-39 -18 -61 
-181 101 32 
-199 65 23 
173 90 4 
-197 25 149 
-98 -1 8 
7 -38 -154 
-131 -198 56 
2 108 -166 
93 23 40 
103 -197 -178 
-28 -195 -31 
8 -6 155 
105 137 7 
110 178 -149 
-15 -1 -156 
75 -184 173 
-179 171 -90 
42 198 169 
17 -165 103 
89 19 123 
-149 -27 90 
48 23 114 
-76 189 111 
26 -132 -124 
-91 -20 4 
-147 164 40 
25 -78 -4 
193 -145 -134 
9 -161 71 
-200 -105 95 
-39 69 -44 
-88 -35 109 
108 63 -64 
-106 38 -57 
55 167 -102 
-173 -116 54 
138 13 -157 
-3 161 200 
16 5 -9 
184 -11 -136 
143 103 86 
-88 -80 -167 
-12 46 108 
3 65 48 
44 40 -91 
194 198 -24 
-15 37 -115 
-102 -107 -8 
165 -44 -21 
-142 132 -75 
34 35 36 
90 184 -47 
25 -196 85 
48 2 -56 
126 38 -177 
-115 -25 53 
25 -123 27 
-165 21 71 
-50 98 -118 
-29 190 -40 
-199 -108 68 
56 -15 176 
-4 -10 164 
-180 51 -13 
-111 -148 -126 
71 -39 186 
-69 -95 40 
27 8 51 
110 -18 28 
157 -181 9 
-110 196 14 
-135 -67 85 
113 -75 -110 
2 -166 196 
89 -68 -6 
-42 117 55 
-15 130 -50 
-170 91 -147 
84 -145 -185 
141 57 148 
-120 -159 28 
190 40 -11 
178 21 160 
168 191 -18 
178 7 118 
70 27 59 
156 181 -66 
89 126 -112 
-9 14 4 
63 40 153 
95 -81 32 
-48 12 -161 
-110 -185 94 
9 40 47 
-35 69 77 
-121 3 151 
65 135 -75 
-74 -137 -68 
38 20 24 
13 170 -200 
-76 -103 -128 
5 69 106 
-167 -2 -131 
130 -84 -59 
177 99 -119 
189 174 -186 
-11 -28 133 
-64 -18 70 
-11 -125 -38 
180 11 106 
11 47 -191 
-98 195 -139 
-10 -1 65 
42 172 104 
149 -13 -36 
5 -64 30 
-94 121 54 
141 42 50 
42 -31 -61 
-66 -9 132 
160 -51 18 
-95 -141 99 
63 -58 -173 
-56 -110 156 
-36 154 81 
-199 134 182 
-187 -23 -179 
-37 -12 31 
160 8 -63 
51 79 -62 
181 -127 42 
2 -32 -119 
25 96 -101 
113 32 -6 
91 -162 134 
-21 -24 165 
55 -129 -197 
10 -24 1 
-114 -51 141 
-2 -9 25 
130 -87 15 
100 5 155 
133 -77 -165 
-89 59 17 
-128 -10 21 
196 162 -117 
31 -86 133 
54 23 74 
38 78 11 
-70 -139 55 
47 -99 45 
44 -10 -39 
112 -1 -87 
138 77 122 
-30 62 -85 
81 -75 -11 
-18 185 -138 
-26 106 140 
-48 176 23 
-26 -16 140 
-50 157 111 
-32 -102 147 
-114 149 -180 
-8 17 140 
-23 166 154 
78 -16 98 
90 -167 -153 
10 -95 -38 
77 47 24 
19 -61 1 
-56 4 143 
166 2 -19 
10 -198 7 
17 150 -82 
-4 101 158 
159 -161 186 
48 9 -84 
-145 -92 36 
-150 165 196 
-169 155 126 
23 30 -167 
13 54 86 
-75 -50 114 
-64 117 8 
3 53 -158 
32 -182 87 
-77 179 166 
123 -18 -140 
147 59 -187 
-72 -91 -189 
163 -186 190 
32 2 162 
-94 158 -11 
189 112 -21 
-193 -140 64 
-54 -55 21 
19 28 40 
26 12 -24 
109 -77 -15 
-124 11 -80 
-82 94 -184 
-126 -159 -133 
-159 -12 -35 
93 -27 29 
158 -91 -188 
-16 53 101 
56 40 131 
-125 12 124 
196 12 131 
-77 194 92 
-134 108 -109 
172 -147 -137 
-119 31 4 
-31 91 -100 
1 39 -44 
-156 -13 6 
-87 -26 -13 
-117 56 -8 
-89 99 132 
-52 -87 -159 
36 -10 38 
-7 -106 -138 
2 -47 48 
108 -42 114 
71 -161 63 
68 129 98 
-51 96 -19 
-9 -41 -188 
-95 -29 3 
45 169 132 
-41 29 149 
82 -123 183 
73 -65 111 
-3 -146 -119 
-60 43 135 
7 109 171 
-67 -19 -26 
2 -64 -171 
-60 139 -23 
3 1 12 
90 -114 107 
-111 -76 -161 
3 -132 -108 
-104 -70 54 
-69 -34 -4 
-83 -6 -2 
-17 -56 -5 
162 105 22 
-80 64 -38 
116 -91 24 
45 -116 -23 
168 -5 -74 
-152 -104 148 
-141 -28 3 
97 51 -126 
-148 119 79 
149 -62 -197 
119 83 -155 
177 55 -23 
-6 -108 -56 
186 174 81 
-101 -5 75 
72 -41 -102 
-107 -122 27 
5 -4 -79 
-3 -146 42 
-147 114 -11 
-183 -199 -13 
136 -16 -67 
-199 -137 16 
197 -182 131 
5 -135 43 
63 142 -119 
-75 9 181 
63 -30 9 
-63 -116 186 
-125 -110 -79 
105 -135 154 
200 31 -82 
49 9 61 
166 -128 -67 
88 139 126 
-63 -57 87 
-148 -164 -37 
61 49 -180 
27 -57 76 
157 -4 11 
1 177 -14 
-32 90 -113 
143 -152 -38 
78 72 121 
179 -164 103 
-173 -81 -67 
12 -6 89 
49 -196 -147 
-195 12 -78 
-42 3 -139 
-66 -61 48 
63 81 -1 
1 193 -99 
-18 -23 -120 
188 -101 -42 
122 -104 -72 
-178 96 -90 
56 -115 -119 
10 145 56 
-196 52 6 
-124 -45 33 
159 -60 9 
43 11 58 
-112 -26 87 
10 -112 -94 
-193 80 130 
-174 180 -57 
-83 -36 -45 
21 75 2 
174 -1 -47 
95 -135 -194 
-172 113 -166 
-149 87 19 
2 -138 169 
156 -6 -185 
121 -159 -101 
-17 67 140 
185 103 -88 
1 179 -26 
105 181 -55 
-11 103 32 
124 41 -74 
200 68 84 
64 -104 56 
158 -7 51 
17 -114 120 
-15 47 162 
155 37 184 
-24 127 -16 
-65 104 -131 
117 -195 132 
-22 -195 -9 
50 -2 177 
104 -173 73 
-180 -61 -22 
44 -27 -153 
72 200 -21 
-69 12 -110 
122 13 5 
-3 87 -23 
85 -74 -1 
-192 90 -82 
65 -52 -77 
-161 84 -160 
-49 -196 104 
-100 -151 28 
-21 -18 -79 
-88 -104 -105 
4 37 -7 
187 110 73 
139 32 21 
95 -139 -158 
136 -121 -51 
-62 -66 34 
-25 -56 69 
-68 -159 78 
124 -76 59 
180 47 144 
-69 -72 -148 
7 13 25 
60 106 -165 
-21 -58 -23 
-54 -24 -121 
-44 -112 -77 
66 152 -71 
93 26 -98 
189 -57 134 
-197 -126 196 
-49 -41 173 
184 -181 -72 
-41 99 24 
-70 -121 184 
4 -25 -70 
-76 -2 85 
-36 14 -108 
-22 182 59 
26 -41 -34 
69 -30 -79 
-159 -10 72 
26 37 51 
19 -164 -75 
-129 -9 -73 
-81 56 -130 
-147 -63 81 
62 -39 -145 
58 -27 40 
-67 -29 130 
-39 -9 105 
-24 -53 -144 
132 69 -101 
118 74 41 
-148 -168 180 
-75 57 -108 
35 196 90 
-3 -194 154 
114 11 -67 
69 189 158 
-29 98 116 
55 -61 128 
63 -95 -60 
-167 -149 -147 
77 118 129 
-68 -138 50 
-198 1 -54 
-186 135 146 
135 10 75 
139 -110 -21 
-23 19 158 
-197 193 7 
75 4 -8 
107 -144 -75 
178 187 161 
-185 -124 8 
77 -7 47 
-15 -79 -72 
88 -61 -187 
-38 -5 -50 
31 -29 151 
-168 -94 -174 
-191 -167 166 
104 -85 50 
198 -103 -19 
-177 -20 48 
2 -145 -39 
-22 141 20 
12 158 134 
-77 55 37 
7 -94 -80 
-75 19 139 
119 -107 -14 
197 25 -194 
-184 118 77 
-147 68 -149 
14 64 -77 
-74 39 -42 
-97 164 -125 
-125 23 70 
158 23 -169 
66 18 -49 
-157 127 -100 
-26 34 -130 
6 112 -123 
-18 178 172 
-96 -109 -13 
187 84 -195 
-147 134 -55 
-150 -156 -28 
195 106 -4 
108 -8 31 
41 -35 -160 
-52 19 -154 
-114 -72 108 
138 81 -165 
-160 68 151 
37 178 -58 
167 87 137 
82 5 117 
-42 85 -24 
-57 65 38 
-131 36 52 
-7 107 -119 
-130 177 -131 
65 -149 4 
-48 67 80 
166 182 -43 
-144 -14 1 
-166 -101 -50 
-62 -30 -172 
12 -16 71 
80 179 139 
110 -54 -188 
158 -11 -35 
32 93 -33 
-139 98 88 
52 -80 -16 
-4 -187 -11 
183 103 106 
-71 -38 102 
-10 -3 93 
72 100 -42 
-182 -40 -178 
-22 43 41 
6 -104 80 
-2 -85 -80 
172 -25 -151 
98 -161 -9 
125 74 11 
-198 -197 58 
-115 85 123 
-18 -51 153 
57 97 23 
26 86 -53 
155 -61 57 
-154 186 -26 
56 98 88 
127 -128 -155 
89 -146 73 
-63 115 94 
-197 148 -160 
