-18 -139 43 
-174 4 5 
124 72 -27 
120 178 93 
-173 184 16 
61 39 100 
-175 -60 10 
-146 -53 -45 
-7 40 -96 
82 102 -181 
-156 -69 -42 
70 127 -72 
-74 -105 -72 
-127 65 159 
-25 198 -14 
123 -160 49 
-13 -188 -47 
-170 160 143 
117 -39 -55 
26 -6 9 
-193 2 114 
89 -200 -35 
-94 53 -62 
44 -43 -18 
41 78 81 
156 132 190 
91 -6 -164 
-114 -158 -189 
75 -49 -125 
162 74 78 
-178 39 -92 
-40 -161 124 
-200 5 -38 
-21 105 -112 
163 -187 -62 
7 -175 -171 
-22 67 99 
-70 -195 -54 
-126 -193 -200 
-27 149 -44 
-31 42 125 
4 28 43 
41 -107 147 
88 -62 191 
-43 -8 64 
129 158 2 
30 -89 -145 
15 110 -35 
121 197 124 
197 14 -134 
-1 -3 -38 
167 5 -33 
95 -7 -64 
106 164 -160 
4 149 70 
115 37 22 
-106 -68 54 
149 14 32 
11 -127 7 
157 145 -24 
-14 -110 -79 
-11 131 26 
114 -46 167 
33 194 -82 
134 9 -64 
-89 140 -174 
37 196 -106 
-121 184 31 
22 123 63 
-141 -118 174 
-2 6 -177 
20 96 104 
172 -108 92 
-97 -137 -58 
16 163 -24 
59 200 96 
4 -103 65 
40 135 58 
-62 -64 -63 
79 -1 11 
92 -88 97 
89 -82 42 
49 88 -189 
28 65 77 
47 -6 2 
-57 107 129 
133 90 168 
124 47 -191 
195 188 -125 
92 8 -140 
-43 -9 87 
-118 10 3 
-53 -182 -88 
-129 199 7 
-172 -82 -187 
-93 -70 -106 
4 130 128 
4 87 9 
-183 77 -57 
155 -113 -21 
-111 146 14 
-65 36 91 
-116 -93 -160 
158 -72 19 
61 -159 90 
76 160 -39 
-6 146 3 
-95 33 101 
71 27 -36 
-85 41 113 
-67 197 166 
135 -169 -120 
-78 -152 15 
175 -165 127 
33 119 -73 
-36 -120 122 
-22 -7 -68 
-79 194 41 
-197 20 -67 
-40 195 140 
-31 178 12 
-91 -38 175 
190 61 -14 
133 -17 18 
103 -73 -61 
110 152 -32 
119 10 -68 
35 -120 40 
-134 -118 -8 
-111 -1 -64 
-135 158 -125 
-35 105 172 
2 -10 -1 
-22 -186 122 
26 33 113 
-181 16 -155 
79 -185 45 
112 -4 8 
51 163 -34 
-138 198 91 
3 -140 -12 
-67 -143 -54 
-95 -104 -65 
173 10 -107 
-182 188 -55 
165 114 -28 
-137 -29 -47 
71 110 68 
46 30 -130 
-65 99 -156 
-97 19 107 
113 115 -74 
-45 -178 96 
108 113 -192 
-5 -56 73 
94 -48 123 
94 -23 53 
45 17 -181 
14 -1 -53 
136 -89 -111 
-122 -30 -8 
-180 57 -170 
110 -26 163 
1 128 17 
45 -11 21 
-33 104 106 
156 -155 -106 
-12 -75 181 
-5 49 153 
133 199 -16 
161 133 32 
-112 2 -84 
90 41 93 
-176 38 -168 
197 89 190 
141 -102 -67 
-150 -94 -30 
-81 -174 -200 
-116 170 74 
52 -42 -171 
52 -41 96 
-8 26 -130 
-125 139 184 
161 73 139 
35 36 101 
149 174 -21 
105 167 200 
41 112 84 
13 77 -121 
-80 -177 -43 
199 24 -100 
13 184 27 
126 -61 22 
170 48 153 
117 62 -181 
135 92 39 
-124 -20 -153 
8 29 134 
48 57 141 
44 -77 93 
-15 -1 5 
-56 137 -31 
95 -2 113 
190 172 -86 
-102 22 35 
-27 162 -119 
-64 115 -170 
-18 45 41 
85 19 62 
-164 -88 3 
187 -170 -155 
-108 -194 -195 
-53 -31 -23 
-15 -48 -115 
65 -85 -34 
198 63 -81 
78 130 -190 
-96 24 29 
198 -21 176 
36 -23 154 
-26 33 12 
-115 25 -184 
-31 33 3 
-33 -23 -134 
-27 -78 -193 
-30 193 149 
-53 42 -121 
115 -5 -110 
122 -42 -56 
40 43 -37 
-161 -135 -160 
-14 96 174 
-131 6 145 
128 -148 -29 
-152 42 6 
-77 -161 187 
-21 1 145 
-55 -117 173 
111 115 19 
-15 118 54 
158 60 -130 
4 83 -137 
42 79 -10 
-78 -102 -142 
32 130 107 
109 172 39 
-55 104 108 
-138 -182 -136 
-121 -106 -109 
-152 -19 178 
-129 122 -7 
5 165 -26 
-43 -24 -77 
-7 93 -3 
-197 -1 -61 
-76 -68 -48 
60 -144 -185 
-187 46 -132 
-59 100 -13 
133 -2 11 
148 -29 154 
-48 122 -44 
98 -146 -197 
-100 -125 -16 
-188 105 -40 
-66 182 36 
-149 -29 -125 
-54 -200 -65 
15 14 -144 
-115 61 -3 
-19 41 -26 
-13 153 123 
-72 -176 5 
-46 -125 156 
-50 176 147 
-33 -175 -13 
87 -56 165 
-35 187 117 
122 -1 37 
115 93 -36 
1 -180 -92 
-64 -2 -182 
64 159 -90 
-167 125 -33 
81 -39 166 
-156 89 -66 
19 -60 48 
5 64 69 
-135 -140 -44 
-13 -129 -4 
-58 -39 59 
93 -78 165 
-119 -49 133 
131 139 -107 
191 16 -87 
-153 19 39 
-25 84 23 
8 -195 26 
43 -94 -23 
-98 55 3 
181 -177 11 
-146 -69 176 
-47 145 -142 
61 193 -168 
-136 -65 76 
169 108 -48 
20 23 -9 
30 183 118 
50 -101 88 
81 167 -9 
-47 -30 170 
4 -156 65 
-97 -149 176 
-169 158 86 
53 -28 16 
134 56 -75 
12 -71 -95 
-170 58 -141 
59 157 -28 
-7 -156 -108 
44 -69 -27 
71 -35 -146 
180 6 -19 
71 119 -7 
-17 35 -178 
39 14 10 
-127 -107 27 
-41 42 -109 
62 -7 -2 
-74 57 155 
38 -23 -169 
125 -183 -129 
-161 183 -24 
-2 -40 -191 
94 -102 33 
155 -49 88 
-62 18 -12 
-137 22 -26 
195 70 -132 
-43 123 -28 
-182 39 189 
-15 23 -69 
7 -126 -11 
185 103 5 
-122 -175 -85 
-9 32 4 
51 -126 73 
5 37 101 
125 138 -130 
-101 -146 2 
-7 68 -162 
71 63 57 
-38 -189 -196 
-98 28 4 
-73 -3 -74 
12 191 -89 
-11 76 -7 
-182 -14 -112 
-192 -21 25 
5 -34 156 
-106 -56 -111 
90 177 -118 
43 -3 -21 
29 23 -185 
-64 -118 -72 
-16 -41 -4 
-159 -89 166 
-165 182 96 
-25 10 -43 
-10 -89 6 
51 -90 48 
-157 4 172 
-24 -105 -115 
124 -108 -44 
190 14 -96 
152 95 66 
-79 47 -73 
-171 117 75 
-154 26 -18 
-115 92 -82 
-43 17 45 
14 -75 29 
183 130 -90 
-188 16 -167 
-166 -1 -2 
-134 -87 70 
-87 -55 -129 
136 169 -6 
-4 118 143 
58 -112 15 
142 -100 -79 
-10 129 -63 
-185 79 -121 
174 170 -137 
34 96 106 
109 82 135 
-26 -74 -14 
-185 2 -60 
-13 24 -16 
-142 -176 -145 
165 4 30 
-124 -169 -69 
-64 -19 -2 
-125 57 81 
181 -110 53 
46 -199 135 
2 159 19 
-28 -16 -17 
-120 69 8 
110 31 53 
142 48 -71 
-90 -51 32 
-170 -15 -171 
-18 -12 135 
86 34 -104 
-144 -33 111 
-129 -108 56 
10 -136 61 
166 175 78 
85 -79 -101 
-192 52 -61 
61 -134 1 
13 -155 -41 
-123 -11 -7 
95 -43 94 
142 -105 159 
121 -56 -136 
9 42 80 
-67 -103 200 
-59 155 143 
7 43 -38 
188 179 141 
40 11 91 
6 35 10 
-197 128 2 
4 37 -123 
103 162 -5 
102 -82 -29 
-71 127 -141 
-106 -128 24 
-47 104 31 
70 74 -179 
94 73 -168 
-39 32 -37 
165 21 78 
5 122 -112 
-131 36 86 
-9 12 111 
-115 -170 129 
-168 -9 184 
41 -121 160 
-153 -55 162 
66 -164 -150 
53 -44 78 
-187 59 -141 
-165 145 -41 
-7 118 -60 
19 74 134 
19 190 22 
-161 116 -55 
-2 191 101 
124 2 -68 
158 55 51 
10 29 77 
89 167 7 
-42 62 47 
-25 18 95 
189 172 -60 
-39 -160 -118 
156 109 12 
-152 -61 63 
185 137 -180 
-40 194 -46 
146 141 -4 
-85 10 -153 
195 194 132 
-48 107 -73 
194 -90 -23 
19 18 107 
93 -31 183 
136 -76 18 
-94 2 -187 
-44 150 -146 
-169 92 -64 
29 -41 73 
116 -61 27 
-15 -2 66 
188 -8 -91 
136 -111 93 
-31 -127 -71 
-48 76 62 
4 154 -61 
54 -58 -134 
-14 11 -156 
-37 28 -4 
98 -9 -20 
-20 -29 108 
-49 143 -38 
-54 -7 -28 
1 -56 33 
-145 -141 20 
155 -186 -184 
179 127 -55 
24 107 160 
179 18 111 
161 -2 19 
-95 -195 -67 
-113 132 49 
75 -42 73 
-134 -156 115 
93 150 7 
-16 -79 128 
-125 -26 -44 
8 -13 89 
93 -21 -168 
-5 -31 -96 
161 -29 -187 
150 -46 -11 
4 -48 89 
26 -44 47 
141 -130 116 
38 136 -181 
-127 -66 80 
-169 -2 -128 
73 -173 1 
-168 -80 98 
-64 -80 180 
58 19 -4 
-135 193 64 
73 -70 -65 
-179 123 165 
123 54 85 
78 190 14 
-153 -76 125 
45 -139 28 
197 -188 27 
-47 -65 5 
-35 26 27 
14 -104 148 
5 -21 10 
153 -6 74 
-66 61 -52 
6 200 45 
-163 63 -56 
-109 93 -195 
-12 -30 -18 
-128 198 -147 
-11 51 -162 
84 35 -41 
-118 -8 -115 
79 -25 53 
-30 -46 50 
43 -10 58 
75 -83 -113 
197 57 -50 
46 -195 22 
68 36 -126 
-87 26 -97 
-16 95 79 
155 -43 72 
-76 -160 -41 
-142 -50 3 
180 175 162 
131 -56 -151 
14 -38 81 
-187 -70 -66 
-192 -31 -14 
-187 -35 -92 
128 185 120 
64 -75 66 
47 50 -8 
-51 -61 -145 
42 55 80 
-3 -152 173 
-83 147 -183 
44 154 -63 
-12 -94 -102 
-38 2 167 
-91 31 46 
-91 123 27 
-159 28 50 
45 101 17 
-130 -175 -110 
39 -8 -127 
-65 -162 17 
-194 -143 11 
43 -47 10 
-134 92 192 
137 -76 -5 
-83 -107 -89 
7 -160 -65 
-111 -18 -182 
-122 -44 -180 
2 110 56 
98 21 -42 
181 -166 154 
-25 22 -20 
187 97 -107 
116 -16 -73 
-162 -125 -150 
-193 -114 -170 
-90 69 -49 
113 -121 96 
95 -77 153 
-10 76 173 
41 -122 -107 
183 11 -72 
-27 -147 92 
88 20 -85 
65 41 -141 
67 -150 -52 
-105 -97 180 
-173 145 -33 
-64 -52 -10 
167 11 118 
-112 -98 -125 
-121 -152 176 
-107 -165 -57 
193 10 32 
-104 153 -117 
-130 -7 -87 
184 28 131 
199 146 -105 
-191 170 117 
-128 -143 -190 
-78 -128 -98 
12 175 133 
-150 -48 157 
167 97 3 
158 111 -150 
154 18 14 
-112 -115 65 
-157 -122 -11 
141 -4 -1 
20 -125 -16 
105 -92 53 
42 -105 -174 
-112 188 197 
-15 67 44 
171 -114 132 
40 168 3 
3 -45 14 
45 -170 -80 
-193 59 41 
159 82 -48 
58 63 3 
31 1 104 
-23 117 -12 
64 -198 137 
-63 -171 76 
23 -79 -127 
154 86 -168 
-6 -83 140 
176 -21 152 
-116 103 97 
4 45 -87 
-27 49 158 
-81 -195 43 
53 -165 -107 
-197 190 -55 
13 147 127 
-127 17 -33 
-122 180 28 
176 94 168 
149 161 14 
-176 -163 79 
41 105 61 
152 75 -175 
106 -136 150 
-189 66 186 
16 61 -92 
-128 -125 67 
126 43 -140 
-196 -11 84 
-48 -157 -67 
-32 38 176 
118 147 195 
-1 126 -21 
-56 -176 -120 
-43 74 97 
-20 -102 -24 
42 -153 39 
56 169 77 
168 14 46 
38 -8 -115 
17 -51 -67 
92 -115 -101 
-126 3 -170 
64 -113 148 
-7 -138 120 
112 -62 -200 
-79 -33 191 
192 -78 -102 
127 -195 142 
179 -155 -144 
-39 -4 -17 
-47 -85 -82 
28 -20 188 
8 -199 -126 
-179 18 196 
