5 -1 -54 
-64 -9 -2 
17 -2 -29 
-17 30 -2 
9 -11 1 
4 11 -30 
-31 -1 10 
-3 7 -8 
-75 92 -20 
4 1 2 
-13 16 84 
1 -27 -2 
-2 89 -26 
1 -5 3 
19 2 56 
34 1 -4 
27 -2 -32 
-1 -33 -2 
-46 -1 2 
-1 -26 -50 
8 67 -1 
-2 -17 -1 
-1 -29 -2 
32 -79 2 
-7 1 10 
-3 -82 -1 
23 4 48 
9 3 2 
9 -25 -4 
18 -2 -24 
-24 -91 -7 
55 -4 30 
-80 -17 6 
13 8 -1 
94 -14 1 
-5 -8 48 
-7 3 33 
85 4 22 
9 11 46 
16 1 2 
48 5 72 
-41 2 -3 
-1 3 100 
12 -13 -2 
-19 2 4 
1 -2 -5 
-1 -3 14 
-10 -1 2 
34 49 -1 
45 -56 73 
-2 -1 4 
-3 -23 15 
3 23 2 
10 -9 81 
-1 -82 15 
1 -3 -51 
8 -14 -12 
-13 -30 25 
-24 2 -9 
13 1 -85 
-12 -1 -64 
1 -60 -39 
-79 -8 -54 
-4 21 -1 
2 -24 67 
-35 -40 3 
-19 1 51 
-61 3 -6 
5 1 -4 
-31 -12 56 
-89 6 35 
-85 18 -3 
-3 -2 -10 
-6 -17 -10 
-1 5 -4 
-20 -1 -93 
21 1 2 
-12 25 -1 
-8 -1 -7 
-3 10 -2 
7 -5 -19 
-5 -8 6 
-1 5 -11 
1 43 13 
9 -22 -5 
43 -1 50 
2 -20 -11 
2 -1 -83 
1 2 7 
20 -19 -2 
-80 -94 8 
1 8 -47 
6 -8 14 
-5 2 15 
-44 59 -12 
1 63 -85 
-2 -8 77 
-22 -6 -35 
1 -4 -30 
13 3 21 
7 -5 1 
-46 -62 -1 
39 -1 7 
-1 32 -3 
-4 16 -10 
-2 -17 5 
-62 -1 -2 
-9 2 11 
48 2 -5 
1 6 -29 
-62 -11 -5 
11 19 5 
-2 9 1 
-6 12 -1 
49 7 34 
-1 3 -2 
-3 10 -1 
-45 -2 -7 
6 4 -99 
-35 -1 -40 
16 13 -4 
-94 -2 1 
28 7 1 
1 19 45 
56 -5 -6 
-1 84 4 
7 -8 -2 
2 -6 34 
-6 4 -31 
1 -2 -45 
-1 -5 -3 
19 -1 98 
-71 11 22 
-28 -18 79 
-16 -67 40 
44 1 -35 
13 12 44 
-8 6 1 
-13 -3 49 
-26 3 37 
1 27 18 
1 -4 3 
-23 42 -37 
-1 -33 -4 
-5 -4 42 
-3 19 26 
-1 5 2 
-3 25 -69 
23 -40 39 
-3 -10 -29 
5 -11 20 
-63 41 4 
10 52 91 
-2 6 49 
5 -6 8 
48 45 -4 
1 -29 -16 
-91 -87 11 
-1 3 -29 
29 -4 1 
1 43 -8 
-65 5 3 
-33 51 10 
12 -2 -3 
-7 -2 -18 
-1 -5 -4 
1 2 -31 
14 -9 12 
-52 -5 -41 
-10 -14 -9 
-1 2 -78 
9 7 14 
-53 44 8 
17 -10 8 
-1 2 -16 
8 -1 20 
-1 11 -7 
-46 1 -59 
32 -6 92 
-29 -1 69 
-5 11 3 
10 -4 3 
-13 4 6 
-3 36 -6 
-80 -1 10 
-4 3 -25 
59 50 1 
8 -2 -1 
-1 -15 -4 
2 -42 -21 
6 1 -13 
2 39 -4 
-22 1 -55 
-2 -21 -8 
30 -2 11 
-72 -55 -1 
86 15 -78 
-1 19 -22 
2 1 -12 
1 -2 -41 
31 58 1 
-3 1 -44 
-2 1 -6 
1 -39 -12 
-22 -80 3 
61 -1 -27 
-89 -5 1 
2 -6 1 
40 21 28 
2 4 -6 
-16 34 -43 
-1 7 41 
1 3 22 
-40 12 -1 
-2 33 1 
-1 26 -10 
1 3 18 
31 -7 57 
78 -3 1 
-12 -58 -70 
2 -4 12 
23 1 -49 
-7 20 88 
-3 -6 1 
-17 -1 -13 
12 -1 3 
2 -7 6 
1 17 15 
-8 -5 2 
4 57 -20 
99 -4 -98 
-2 -1 10 
9 16 2 
-2 -12 -1 
6 1 -13 
1 3 34 
3 56 -1 
4 -1 5 
26 11 -4 
47 -3 71 
-1 59 -11 
40 -57 1 
-33 -13 -1 
-15 -2 91 
-5 -10 -44 
-1 5 -7 
91 2 -26 
-20 19 -99 
1 16 -24 
1 38 12 
-1 79 -3 
-68 -1 2 
-22 -67 25 
6 -70 -2 
1 -12 -79 
37 -12 -30 
-6 -17 -1 
-4 10 57 
-5 -84 9 
-34 6 -12 
1 -3 -4 
-4 14 -24 
2 39 1 
-5 9 2 
-90 82 -19 
-12 -23 26 
54 4 82 
-2 -81 1 
3 -41 -16 
4 -97 18 
-24 19 4 
11 23 -1 
-1 4 -45 
-11 21 29 
9 -23 -12 
23 -3 -9 
1 -3 -5 
13 9 -1 
-23 4 41 
-8 4 1 
99 1 7 
-31 -32 -2 
73 1 22 
10 -11 2 
-3 1 -12 
93 -10 -6 
-5 -12 -6 
-26 2 -3 
-9 1 -2 
87 -12 -3 
-4 1 -62 
-6 -2 -18 
32 22 15 
14 -4 7 
18 -1 -26 
-3 -1 -25 
2 -87 3 
6 -4 -1 
-19 -18 -21 
-15 4 -1 
-1 -6 3 
1 7 3 
-92 6 25 
-2 -72 55 
-2 -8 -5 
8 39 -41 
-23 -9 -63 
-1 29 5 
-3 2 -16 
7 -6 2 
5 -1 -28 
9 1 5 
2 -1 7 
-1 8 -33 
25 -17 -26 
1 -22 88 
-2 -3 12 
14 -1 86 
-9 -6 -22 
-41 -2 1 
-26 -7 2 
5 -11 15 
38 -80 -8 
-8 -77 19 
97 1 -5 
1 11 13 
1 2 -26 
-2 7 -78 
5 -2 28 
-1 -2 -16 
-7 -19 -5 
18 10 -1 
-96 -5 -83 
1 7 2 
8 2 -97 
3 2 -1 
-54 7 -1 
-6 1 8 
-11 -3 1 
1 49 40 
37 2 9 
-14 -1 -22 
-2 17 -68 
65 17 -29 
80 -1 68 
-17 -1 -2 
-24 -1 7 
-2 -73 1 
-52 1 -73 
73 1 -4 
21 -8 6 
-3 -13 9 
48 -21 -5 
-2 8 -28 
25 -3 -57 
-1 -3 -10 
1 -3 -48 
-4 1 51 
1 10 15 
2 46 1 
-43 -53 -14 
-1 -3 16 
1 -16 -2 
2 9 -36 
-1 -24 -6 
5 29 -1 
12 3 -1 
18 -2 6 
57 98 91 
68 27 1 
-98 51 94 
-12 -1 4 
-17 -7 -1 
-4 60 1 
-5 1 20 
41 -4 23 
-67 -1 -15 
7 -3 -49 
24 -29 -2 
2 13 10 
-5 1 -4 
4 26 -7 
15 52 16 
37 -1 -32 
-36 11 -6 
-23 -2 1 
72 34 -4 
73 91 -3 
-1 -9 17 
6 25 2 
-5 -11 -17 
-81 -1 2 
-13 50 3 
-7 -76 45 
100 3 90 
2 -63 15 
23 -2 -6 
50 -1 7 
-1 4 -95 
-1 -100 34 
