-3 -10 -1 
-2 22 -6 
2 17 1 
-6 -40 -28 
-3 -1 -2 
-20 1 -10 
1 2 11 
-1 -18 -6 
-1 -3 4 
-38 -30 1 
5 -2 -51 
93 2 -5 
-4 -1 2 
-4 -5 -23 
-3 4 1 
-19 87 2 
5 -9 12 
39 -34 -3 
29 34 -6 
-1 18 2 
4 -89 1 
1 2 -72 
-63 -57 -13 
15 -47 -1 
-2 -36 70 
-1 -13 5 
1 52 -62 
1 71 10 
-19 -2 4 
2 1 -3 
-8 -4 1 
41 11 4 
70 11 -3 
-12 3 59 
7 -28 -11 
-38 1 31 
3 1 -38 
-1 22 -4 
-42 -39 2 
-15 6 -16 
-2 1 28 
1 -18 78 
-37 11 -7 
-1 -42 2 
-20 -67 1 
1 -14 4 
25 3 -74 
-19 -11 5 
8 -2 -3 
27 1 -68 
2 23 3 
34 -1 -4 
-1 -2 -14 
1 -4 -2 
-1 20 41 
-37 -2 1 
-5 -11 -2 
4 63 -2 
-39 -2 -7 
-12 1 -6 
-1 -59 -82 
1 82 -3 
-8 1 14 
2 -86 -1 
1 4 6 
-44 40 4 
2 4 -1 
-10 26 39 
-13 -100 -1 
32 19 9 
-1 43 -2 
8 37 22 
-31 -4 58 
69 12 43 
-2 38 58 
6 68 4 
1 5 2 
24 60 1 
-1 -7 11 
-1 26 18 
19 -12 -1 
2 8 -23 
-7 -6 -2 
-1 6 31 
1 2 25 
-3 -5 -1 
-96 -17 -1 
2 -3 -17 
1 -10 11 
-1 13 -2 
-22 -14 44 
35 -1 -2 
26 4 -3 
-44 -5 -27 
-16 -5 -36 
-1 29 -4 
9 -4 2 
-16 -22 1 
1 -5 15 
-2 6 -53 
11 1 -57 
34 -2 23 
50 38 -32 
93 -4 9 
23 2 1 
13 30 2 
63 1 -3 
7 12 -1 
4 2 -29 
1 6 3 
-8 1 59 
1 -7 4 
-14 -30 -1 
1 4 12 
-3 -7 4 
-20 -2 -63 
-43 -57 -9 
22 53 -1 
1 -2 -54 
-9 -55 8 
-98 68 -1 
-28 -76 99 
-1 -49 -5 
-8 2 1 
18 -2 3 
-31 3 -8 
16 -10 81 
-12 4 -36 
-31 2 10 
3 -37 -2 
14 -16 -2 
7 -99 -1 
1 -2 -25 
-29 30 15 
-2 -3 -4 
-1 -3 13 
84 7 -1 
50 -1 -19 
-1 2 4 
41 -26 37 
2 40 -11 
-12 10 -2 
1 2 8 
-7 -4 -3 
-7 3 1 
1 2 -35 
8 -2 67 
3 1 -23 
4 22 13 
12 1 -3 
-38 2 -1 
2 25 -4 
-11 15 -4 
-2 1 4 
-1 11 -6 
2 55 13 
-1 -43 -9 
-5 7 -10 
97 -5 -42 
-3 30 5 
97 1 15 
1 -82 79 
1 2 -31 
1 -7 -2 
-2 -1 8 
-22 25 -10 
-1 3 -4 
15 -2 -17 
-75 -7 1 
1 20 -38 
-3 48 45 
-1 9 3 
-6 -4 16 
96 37 -1 
2 88 93 
23 -93 9 
-1 -21 -7 
10 5 1 
-93 -1 -15 
-4 -26 -14 
-1 8 -95 
-46 7 6 
35 11 -14 
-1 95 -18 
-41 -1 -21 
1 12 10 
-3 2 11 
41 51 -76 
-46 53 -10 
1 -3 -6 
99 3 -21 
-1 -19 7 
-3 -2 -1 
-1 -83 8 
2 3 -6 
-1 -9 72 
-1 -21 10 
1 -25 -43 
2 -25 -51 
6 -76 -28 
-10 8 -2 
-4 29 -8 
2 -24 -15 
-70 4 50 
-3 -17 10 
-19 -4 -2 
-18 93 23 
-4 -1 -97 
-21 -6 23 
-8 5 35 
12 -99 5 
69 -1 -84 
-5 -22 -8 
2 -5 1 
3 1 -99 
39 -5 3 
5 1 -12 
-68 -54 4 
-84 -13 -19 
-1 -4 -2 
-3 -48 1 
13 -3 -2 
-2 -14 3 
3 1 -26 
-3 -2 -1 
-2 1 -16 
14 19 -1 
-4 -8 -1 
-97 -19 -4 
-12 8 -1 
-43 3 -68 
-1 -39 41 
55 34 -22 
13 73 -11 
2 5 1 
39 92 -4 
-11 -1 -7 
-4 -5 1 
6 2 1 
50 6 5 
-100 1 24 
5 1 33 
-42 29 16 
32 -3 -16 
4 36 -2 
4 -78 -1 
70 -1 17 
-2 -73 12 
13 1 6 
11 2 1 
-5 35 -45 
-100 -4 33 
-19 -15 -1 
-2 -43 -1 
-3 -1 7 
-7 99 15 
-6 -4 -17 
-80 28 1 
19 10 1 
2 18 -9 
2 7 -51 
-26 6 66 
-2 36 -30 
-4 70 5 
2 17 -4 
-3 80 -1 
32 -15 -75 
2 -5 -3 
-2 4 6 
84 7 -1 
25 3 8 
8 -16 18 
1 -11 -67 
-1 -8 -13 
-3 -1 8 
1 -10 40 
-2 3 -14 
1 -63 4 
-1 17 -9 
-1 -11 2 
-4 12 -5 
-71 77 -1 
-12 49 -50 
8 -1 5 
6 5 2 
3 -10 -1 
-1 -4 -27 
-89 1 5 
1 33 -3 
4 -2 3 
1 -21 -3 
-2 -34 17 
-99 -1 -14 
2 -1 3 
-1 13 2 
8 -1 82 
1 -4 -47 
47 2 51 
-1 -22 -88 
3 87 -2 
1 -59 89 
6 -28 1 
7 59 -29 
13 -2 14 
-1 6 5 
-19 1 -88 
-21 2 73 
42 1 -2 
15 11 2 
-13 1 21 
-3 28 11 
-78 -9 -1 
25 3 -2 
-2 -6 -3 
1 6 32 
48 -81 -5 
52 2 35 
5 8 6 
15 -21 -22 
52 33 -11 
1 -61 -5 
-32 1 96 
5 4 -1 
3 -1 18 
67 -22 1 
-2 3 5 
-4 1 -9 
92 -1 77 
-1 -26 39 
-3 7 -1 
-7 1 -6 
-13 4 16 
15 -62 -64 
1 -2 3 
62 6 23 
87 10 -7 
2 6 -83 
-5 4 -2 
-7 -52 -17 
-6 1 26 
16 -23 -15 
1 -26 75 
-20 15 7 
-4 -5 -9 
20 1 4 
-6 -4 3 
-3 -1 -6 
53 -15 100 
-9 2 1 
-1 3 -5 
26 -1 -56 
10 29 -1 
-35 36 -5 
-3 -25 -4 
1 6 -8 
21 5 -1 
-3 16 9 
-17 6 2 
-1 -11 -2 
4 36 -5 
-9 -43 6 
-1 7 -3 
-11 1 -37 
-1 -3 -8 
33 -8 10 
8 13 7 
27 37 15 
1 96 13 
-22 -98 -3 
6 -1 -42 
-31 23 1 
3 -4 -20 
8 66 -17 
55 1 -3 
-1 5 3 
-29 1 21 
58 -1 -34 
-6 -3 18 
-2 42 -45 
22 26 78 
41 1 91 
-1 5 78 
-32 35 -12 
-1 26 33 
-15 8 1 
1 -59 -26 
1 7 9 
1 77 -16 
-65 4 -5 
-1 -4 7 
-1 5 3 
40 7 6 
64 59 -30 
39 17 -47 
6 -14 1 
-30 -60 5 
-31 17 2 
1 58 -18 
5 -11 -38 
6 -36 14 
