-5 -2 19 
-18 1 -15 
-1 -8 -43 
-40 -1 3 
3 -22 2 
-10 4 -9 
-50 -87 1 
67 16 18 
14 -88 27 
1 -6 -14 
46 -10 23 
8 -76 13 
-7 -50 -4 
-13 -1 -24 
-1 -71 4 
-3 -2 19 
-15 3 -1 
-4 -1 -27 
1 -81 49 
3 1 93 
2 -1 53 
23 -39 35 
17 -3 1 
48 2 3 
-1 -14 -3 
6 -1 -99 
17 -18 -64 
14 1 39 
-1 -2 16 
-10 1 -4 
10 -59 14 
7 59 -75 
-1 48 -75 
-18 1 27 
5 -26 1 
-1 -7 4 
2 68 1 
-2 3 1 
-1 -3 11 
1 2 50 
-79 -10 -7 
7 91 -1 
3 47 16 
75 5 28 
2 1 -32 
1 -5 -13 
2 -10 -3 
25 -59 3 
-6 71 2 
18 11 1 
-13 -32 -47 
8 -12 -6 
44 2 -1 
25 -2 -1 
-9 1 -12 
98 -7 13 
6 -39 -23 
-43 -59 1 
43 -1 -31 
31 -1 -8 
-5 -1 -2 
-7 -1 68 
-3 -1 15 
20 1 -5 
38 -2 1 
28 48 -3 
-1 -56 -80 
-2 -58 12 
1 4 7 
10 -39 -41 
47 32 -15 
42 -1 -6 
-83 -1 56 
11 -7 -14 
-26 -1 42 
-1 -3 99 
-17 2 1 
-76 -95 -42 
-10 -6 29 
-55 1 42 
-6 83 1 
-9 -1 5 
-5 61 -3 
-24 40 7 
-8 3 -1 
1 -6 -37 
-15 -1 6 
5 34 -24 
-1 49 -3 
39 -7 -1 
-4 24 -15 
2 -1 32 
2 -5 -3 
-3 -10 -9 
-61 -1 -34 
2 73 -93 
-4 6 -13 
1 -28 -73 
-30 -6 1 
-84 -2 4 
-12 45 -4 
-30 1 19 
84 5 -13 
1 52 13 
5 -1 81 
-4 -9 10 
-1 39 -33 
-5 3 -12 
4 -81 -47 
-22 2 1 
-71 -2 -29 
9 -50 15 
2 61 7 
1 -58 86 
16 1 7 
3 -8 47 
-4 -1 -6 
6 1 19 
15 -2 1 
6 -3 -12 
25 -1 3 
-1 -80 5 
-11 -3 28 
14 -13 -16 
2 29 18 
1 7 41 
-9 -27 -1 
14 8 -9 
12 -58 3 
44 -4 1 
-13 -1 7 
2 -4 20 
-29 -70 9 
2 5 77 
-2 3 -10 
-16 -1 -28 
-71 44 59 
6 9 37 
90 80 39 
20 -74 23 
-37 -2 -24 
52 36 -3 
1 35 13 
-3 15 -1 
15 48 1 
70 67 1 
20 13 95 
42 -63 1 
-1 -2 80 
-1 -4 63 
-57 4 -14 
-21 -2 -9 
1 47 38 
-7 15 79 
-9 10 -7 
22 -3 7 
1 -3 18 
35 -73 1 
-1 -17 7 
-57 1 91 
12 3 86 
4 -20 -3 
-27 1 39 
3 9 -7 
14 3 -18 
-32 -1 -8 
-62 49 -1 
-40 -14 2 
-8 -3 -2 
-6 60 3 
11 3 38 
21 1 13 
3 -79 -4 
-13 5 -1 
1 -14 4 
-28 -14 13 
-13 3 1 
1 40 3 
4 18 45 
2 -20 -7 
-4 -25 -5 
-1 93 13 
1 3 -9 
-25 -53 27 
-44 -35 3 
1 -36 -17 
-18 -5 -10 
3 72 -50 
49 3 26 
4 -3 -1 
-1 -91 4 
31 59 34 
18 -3 -6 
12 -65 2 
-4 57 -5 
-16 2 -11 
13 -1 -19 
-4 1 -3 
24 -7 60 
-19 2 -6 
-1 -3 -2 
14 1 33 
3 -1 2 
6 -7 2 
6 22 -49 
-1 -23 76 
6 -1 70 
3 -12 1 
3 -81 -63 
-1 11 24 
-13 -1 -26 
-2 8 77 
-5 -4 -1 
23 1 2 
-35 2 7 
15 -40 3 
-4 -14 -1 
9 -92 2 
-1 33 73 
-8 -2 10 
-28 4 96 
5 -13 -1 
31 -61 -1 
-6 20 1 
12 45 -8 
-24 17 2 
-6 -4 -13 
10 -8 2 
9 -82 6 
-1 -28 44 
8 -6 4 
7 37 -22 
2 -12 -18 
6 2 -14 
7 30 -2 
-1 97 47 
-22 -10 -2 
1 37 100 
56 -6 -3 
-1 -2 -7 
-28 8 -36 
2 98 8 
2 20 1 
-5 -49 -66 
-2 70 45 
83 -12 1 
-1 -2 23 
3 11 -1 
-4 11 16 
-8 -2 -1 
-11 7 -51 
-75 31 13 
1 -7 41 
-1 -66 2 
1 26 -27 
-6 46 -5 
1 -4 -86 
7 12 27 
1 -54 -42 
-5 17 -3 
45 -14 -2 
1 -9 13 
-6 -13 -24 
-3 -44 -23 
-70 1 -11 
44 67 -27 
6 83 -14 
2 1 6 
-64 6 -2 
-3 -6 61 
51 4 16 
-5 1 12 
2 -4 -7 
-3 -24 -1 
63 -86 44 
-1 -8 -50 
3 -1 2 
62 -26 1 
1 3 -29 
10 -46 1 
-2 27 -1 
2 -1 -26 
-6 -15 81 
-2 -1 22 
76 -40 19 
14 -2 -70 
-1 7 -35 
-7 1 -73 
-8 16 81 
-7 3 10 
2 -19 8 
-17 3 -1 
-1 7 -81 
15 -45 -4 
-30 -13 -1 
3 -36 -2 
12 -3 1 
-1 -23 -83 
7 2 -55 
95 3 5 
18 -5 -17 
8 -3 -7 
-68 -36 -47 
-38 -9 -12 
24 15 -1 
-1 68 59 
5 -3 -7 
-86 36 -54 
53 7 8 
2 -5 -39 
-8 46 58 
-15 -54 11 
-2 24 25 
-1 25 2 
2 -12 5 
-42 3 5 
8 28 -23 
8 -33 -16 
-75 4 10 
18 2 -1 
-6 -4 82 
-4 -2 -1 
-2 -39 -6 
-1 -3 -22 
-1 4 75 
-39 2 31 
36 -4 9 
1 -45 11 
65 1 -68 
-3 -10 34 
-73 3 -17 
8 1 13 
6 -5 -1 
-3 -6 51 
44 2 -42 
15 3 28 
-1 3 82 
3 20 68 
72 -78 27 
-39 -51 -1 
-3 1 -4 
-1 16 11 
2 -9 -1 
1 -67 12 
1 -56 -3 
-47 -1 -15 
1 -41 -8 
42 -13 7 
1 -3 88 
-23 11 -1 
31 -1 -30 
-30 -6 -2 
-5 -61 78 
46 -5 -51 
7 8 -3 
-1 -13 99 
18 -64 -2 
4 -51 3 
-23 9 -26 
1 72 9 
19 -3 -71 
37 -1 29 
1 -5 4 
-2 -86 5 
-18 6 49 
-1 70 3 
98 1 8 
1 -12 24 
-9 -15 -1 
49 10 -6 
2 -50 27 
2 15 -63 
48 -5 14 
-2 8 1 
-4 1 -3 
4 5 75 
50 -17 4 
2 1 -10 
-90 8 47 
1 12 -11 
9 82 -1 
-20 -1 -5 
-4 -1 -38 
96 -3 22 
-3 15 -65 
-1 3 -16 
-2 38 47 
17 -1 7 
40 8 -10 
1 2 6 
-36 11 -1 
38 -1 -5 
-40 -51 6 
36 12 1 
12 -1 16 
-2 85 -6 
-1 -44 59 
3 -1 -62 
-1 13 -84 
2 9 4 
