8 -6 4 
-93 -1 4 
17 33 9 
-13 3 -7 
27 -19 -8 
-4 2 -61 
-20 15 2 
-16 -81 1 
-13 48 -1 
10 -57 -44 
-14 1 -40 
2 -54 -3 
-3 1 -2 
2 1 -10 
-1 26 -6 
20 -22 -89 
-20 -85 -2 
1 -5 17 
-37 -1 73 
-1 -4 -55 
42 -3 8 
1 -65 5 
61 -29 -98 
3 -10 7 
14 1 2 
68 5 -15 
-42 96 -62 
76 21 5 
-1 -2 4 
4 1 -62 
-26 -2 18 
-3 -1 22 
5 1 24 
1 -3 -15 
-62 1 -6 
24 -1 5 
-12 -8 1 
91 10 -85 
-3 16 -27 
-8 9 23 
-10 12 67 
1 -2 95 
29 -12 1 
7 -1 5 
-2 -3 4 
-15 -9 11 
-10 -28 -1 
22 3 13 
7 -1 -13 
-1 -10 -12 
45 1 8 
-91 3 1 
1 11 14 
1 -66 -6 
-29 6 9 
-83 1 6 
61 -28 -19 
7 4 39 
-4 20 -2 
11 43 10 
1 23 -47 
44 2 46 
-22 -2 -52 
18 -3 -1 
2 -93 -23 
-6 -5 -84 
36 -1 -17 
19 1 44 
-2 -5 95 
-15 -50 -6 
-43 10 -9 
9 -4 -1 
-22 3 57 
65 2 51 
-54 83 -46 
1 44 -3 
7 -2 3 
-26 20 1 
-17 -3 1 
1 17 -61 
-1 47 4 
69 10 1 
10 6 1 
1 2 -25 
-4 -26 -28 
5 -63 7 
-11 3 -2 
1 9 -79 
-1 17 4 
-10 -31 13 
1 11 -85 
-58 -4 80 
12 -55 -97 
1 -17 4 
3 15 5 
-1 23 -9 
-1 13 -40 
-1 -58 -3 
41 -78 -1 
-6 73 -7 
-19 -2 1 
2 -23 -1 
1 -5 -56 
2 1 9 
30 65 1 
-18 -2 -9 
2 12 1 
-13 -73 -2 
10 21 -50 
-1 -34 -23 
9 66 1 
-4 43 -50 
43 -63 -5 
4 2 -64 
-29 -49 4 
1 63 -2 
60 2 -18 
2 -58 -1 
-77 2 -72 
83 2 -16 
-12 -25 1 
-1 2 -20 
-7 -6 -24 
-1 3 -4 
4 9 2 
-6 -2 -78 
-30 -13 -1 
-17 -5 10 
19 1 -5 
7 -6 1 
4 12 -10 
-5 10 6 
-3 -11 1 
1 -19 -38 
-1 -65 17 
-1 -3 22 
-8 -28 1 
-1 3 -4 
-58 -39 -79 
76 32 39 
1 -11 -17 
3 -78 85 
11 1 10 
2 1 -3 
-75 -21 -15 
4 7 -3 
-8 -7 3 
15 2 1 
-2 1 15 
-1 11 62 
7 -59 -1 
-21 -1 63 
-74 -43 -1 
-1 -2 -25 
-10 1 -2 
-11 -6 5 
1 -16 68 
-4 68 94 
-2 -1 25 
38 -8 4 
32 -5 -25 
-83 7 33 
29 38 65 
-78 -25 -2 
58 -2 45 
-19 -11 -85 
67 8 -55 
-2 24 -34 
-9 2 -7 
2 41 -20 
91 -1 -25 
8 11 -1 
-29 -1 -48 
-59 80 -7 
2 -10 -25 
5 7 -66 
9 -5 -56 
-2 -19 27 
-12 3 -2 
-18 83 -23 
38 -55 64 
2 -35 11 
-1 63 -3 
1 6 -3 
19 -1 5 
-1 -42 -24 
-10 -39 3 
1 2 21 
1 -31 16 
-41 3 16 
-1 19 -3 
2 -32 87 
29 1 -11 
50 2 8 
-38 1 -3 
-5 32 -1 
10 22 -5 
-75 41 -1 
-27 -2 1 
-2 -3 -4 
31 9 -2 
93 31 -21 
18 1 6 
-1 -2 -26 
14 7 1 
87 15 -83 
-90 -14 -13 
3 6 -66 
-14 -28 -19 
3 41 9 
-2 -39 85 
-9 45 2 
55 -72 -8 
32 2 -1 
16 1 95 
-16 -26 4 
-33 -1 14 
2 -93 1 
-6 5 22 
-62 -73 -4 
1 24 -12 
-24 -2 1 
-11 6 7 
-14 1 74 
-5 18 -74 
-2 -8 71 
-13 2 -80 
-88 1 2 
7 -5 -22 
-77 52 -1 
63 -1 6 
69 -12 2 
1 -10 -8 
-4 -39 -32 
-4 -24 -6 
4 18 9 
3 -2 10 
-1 -3 -4 
-11 77 4 
-1 45 6 
-42 1 -2 
1 -100 84 
35 -27 1 
-2 -1 -27 
24 -1 12 
-28 12 1 
-27 32 -2 
85 1 8 
-4 -2 1 
1 7 -10 
-3 -55 -1 
-9 -69 1 
-60 -23 -2 
-1 -4 2 
-4 -1 -43 
1 4 3 
7 -1 4 
14 -29 -35 
-7 -3 1 
-3 18 -1 
72 5 3 
-1 30 50 
-3 -1 -8 
9 68 -3 
-4 -1 22 
-9 -1 -79 
60 -4 26 
-6 4 1 
3 9 -1 
-5 31 57 
-3 -11 1 
3 1 -14 
-20 -37 -19 
-38 -43 -1 
74 69 -1 
-37 71 -25 
-1 85 2 
77 -16 -8 
1 -2 -20 
1 13 -57 
7 1 -5 
-45 -5 -1 
1 -74 11 
76 50 1 
1 -2 13 
-12 -6 -43 
-2 -1 70 
-2 3 5 
1 -9 -2 
2 -17 48 
31 1 -11 
6 -3 4 
39 -3 -1 
-7 -49 10 
-4 -3 -10 
-76 28 13 
-6 -2 -4 
-25 5 13 
1 85 -8 
1 -32 38 
-6 -15 9 
2 11 -26 
1 -45 52 
2 83 99 
-2 7 -11 
-19 70 -18 
2 -1 3 
-18 -3 -2 
9 15 2 
-2 16 -50 
9 -24 1 
3 2 -31 
1 -13 29 
6 1 20 
-9 -10 72 
-6 1 8 
-19 2 -61 
-47 3 1 
4 -38 1 
-1 37 -3 
-8 25 18 
67 100 7 
1 41 -4 
-51 -2 8 
1 -4 -7 
4 11 1 
-31 97 20 
-14 -1 -51 
21 9 -53 
-34 -18 -11 
-1 -4 3 
-1 12 20 
-1 -41 3 
26 68 32 
-4 -2 96 
-2 -1 14 
-62 -13 -31 
-1 8 4 
30 -67 22 
-92 6 2 
83 1 22 
-19 -1 34 
-5 -56 -37 
-1 7 26 
-14 -1 3 
13 -26 25 
-89 1 -18 
1 -6 51 
36 29 6 
26 -83 53 
13 -2 -22 
-43 -1 9 
1 -24 2 
-12 52 -7 
5 -1 -19 
98 -12 36 
2 53 -5 
-86 1 -48 
3 9 -6 
-23 3 -14 
-1 18 -73 
3 1 -36 
1 12 20 
-1 -43 -94 
84 -1 3 
2 -8 45 
-4 42 46 
20 1 -9 
-2 26 -1 
-38 -50 1 
1 -4 57 
66 -1 4 
-10 -15 -1 
4 -29 5 
-4 45 28 
14 1 -8 
36 5 -7 
7 -61 -39 
-39 5 8 
-10 64 -4 
-16 3 26 
53 12 -8 
-84 1 -12 
3 66 1 
69 40 -6 
-8 31 4 
1 -23 2 
-1 46 25 
49 8 10 
4 44 -91 
18 -3 1 
-2 -51 -9 
-3 7 1 
20 6 -5 
-22 -98 1 
-4 13 2 
-1 10 3 
23 3 66 
1 -37 -79 
-2 -3 6 
