78 67 -16 
-51 -53 -25 
-57 -89 32 
-94 -78 28 
-78 -46 -63 
66 64 -36 
-75 -3 9 
-67 35 -7 
15 14 37 
18 -68 -65 
-53 -37 80 
-85 17 -69 
39 38 93 
-53 12 47 
31 -91 -34 
-67 5 3 
71 -44 38 
-61 5 -2 
-49 26 -2 
72 -5 53 
-74 1 -93 
-85 40 -73 
83 -59 -28 
13 -42 -3 
11 2 -31 
99 48 25 
-22 59 56 
63 -7 -81 
-69 60 77 
-81 18 7 
26 98 -40 
-41 -9 90 
-72 -46 -79 
-29 71 -43 
-33 -60 -94 
-1 43 8 
-54 73 -15 
-81 17 -14 
96 3 -83 
-18 78 -94 
6 15 -14 
63 -3 -58 
-14 12 -47 
-66 -47 -48 
-39 -37 41 
-81 51 18 
82 -7 -6 
-20 78 -23 
-1 95 -61 
34 -78 74 
74 -64 17 
34 -66 92 
42 33 89 
29 94 14 
6 -4 36 
-90 72 -76 
-4 34 68 
-2 -22 39 
80 -84 -93 
-47 24 -21 
-87 -78 -71 
-89 3 33 
26 -76 25 
5 4 -23 
18 16 -57 
52 81 -100 
-35 -23 -82 
30 -56 51 
5 -72 -16 
-16 86 90 
29 83 1 
8 -62 77 
-41 -13 -18 
-54 96 -65 
54 -34 88 
-62 31 100 
-24 -92 14 
11 -1 -93 
-79 37 -5 
-23 -46 5 
63 29 -58 
5 31 87 
20 -22 -4 
63 -3 -51 
-12 -18 -6 
-50 -5 37 
-45 64 -22 
16 32 -25 
-60 -3 98 
86 16 24 
-10 -94 61 
-87 2 -86 
95 58 77 
27 72 -81 
-47 -16 26 
67 -8 -97 
60 18 8 
-40 -9 14 
86 35 98 
-36 23 -66 
-15 33 41 
-43 -54 23 
-37 13 -26 
-49 -75 34 
36 2 40 
-1 -60 -33 
14 74 -19 
88 31 70 
-47 -2 -89 
48 -64 23 
11 -50 58 
-29 -48 -4 
49 94 -53 
91 65 98 
-47 -14 86 
-100 -35 64 
11 -4 -47 
7 -91 8 
-65 -99 32 
41 -99 -85 
-23 89 4 
11 7 -63 
23 80 12 
-36 -11 18 
5 -76 -95 
-6 -20 -98 
-3 -75 -89 
-7 -89 -41 
-88 -19 -71 
-63 -41 85 
-33 98 -10 
-50 37 78 
25 78 -43 
6 80 -91 
-54 -53 -27 
88 12 1 
79 35 66 
-8 67 50 
32 -94 60 
-5 -41 17 
-17 37 5 
-1 8 53 
7 -67 11 
-38 50 -79 
64 46 -7 
80 -63 -83 
72 18 6 
19 -33 94 
9 1 69 
62 96 99 
-62 -58 97 
-6 -24 41 
61 28 68 
-12 -62 39 
86 -50 19 
34 81 -52 
-100 80 -36 
66 -64 29 
-17 -53 1 
-87 69 -65 
-20 -57 54 
-63 30 -47 
-21 -75 47 
30 7 18 
-1 -7 85 
75 -14 -88 
60 -11 20 
10 76 44 
1 7 41 
-90 -48 33 
-3 -38 34 
71 24 -29 
90 -12 2 
90 -83 39 
-89 -45 -23 
-97 -78 5 
58 24 -44 
36 21 -4 
6 92 4 
89 -37 50 
-50 58 62 
-54 99 -12 
-35 -20 -40 
95 39 -76 
50 84 55 
46 67 -75 
-59 -11 74 
-70 91 54 
55 71 18 
-13 92 50 
-9 -6 -18 
83 10 -26 
97 37 70 
86 92 6 
-15 83 8 
-79 -82 46 
-46 31 -54 
65 33 84 
-42 79 -23 
-21 16 2 
11 99 87 
17 22 11 
14 34 97 
4 -54 19 
76 12 30 
-43 -10 -36 
88 -87 72 
-56 36 -46 
8 83 -50 
-56 -83 82 
-40 49 9 
-5 -49 -4 
10 51 -85 
43 12 -26 
-34 12 36 
-27 89 46 
-33 -76 23 
58 -49 -38 
4 17 98 
-32 -2 1 
-16 -69 74 
-84 -56 48 
23 -89 -86 
-47 -23 -94 
32 -68 22 
-97 -60 -2 
16 70 -7 
-7 24 -86 
6 94 73 
-39 -22 12 
-84 86 78 
-64 -48 18 
-100 23 -59 
-55 8 33 
-87 1 -86 
-34 56 -68 
-68 13 -95 
-10 18 -16 
88 79 9 
-6 41 58 
-32 -8 -9 
-73 59 53 
96 -79 40 
77 -9 7 
92 46 -27 
74 -31 -78 
68 -96 76 
-9 99 -79 
32 1 28 
50 2 -36 
-1 -25 -73 
-97 -1 -65 
-23 9 18 
58 -9 33 
-78 -27 40 
-44 -28 -43 
13 45 -48 
-23 -12 73 
1 -69 -55 
7 23 68 
45 37 -17 
-17 -61 -3 
-82 -7 70 
-94 -66 2 
28 46 -67 
3 -20 -60 
-6 95 45 
-54 -85 -59 
-70 9 -53 
-19 61 88 
42 80 3 
-38 -28 58 
96 35 78 
66 -77 -36 
-53 76 1 
90 -31 24 
67 35 -21 
-87 -17 -47 
65 55 47 
-18 80 -2 
20 -80 59 
31 13 -30 
-96 -5 -52 
91 -65 -15 
-14 1 78 
12 -60 68 
-20 5 -78 
-16 1 93 
60 -27 23 
20 29 78 
4 3 15 
25 69 21 
50 -93 -18 
-94 80 -62 
-97 -61 -71 
-94 -56 -4 
75 -43 -88 
24 1 -80 
98 -21 -32 
76 -67 10 
-19 15 46 
-83 65 -6 
-75 -43 -1 
-23 9 -11 
-39 -59 30 
-3 51 -18 
-1 -23 96 
-11 -32 -27 
26 25 62 
-24 65 1 
44 48 -62 
-24 -77 -95 
-87 -51 88 
43 13 8 
52 -58 -15 
-92 -51 -5 
90 3 -87 
89 44 43 
-94 3 40 
-62 -66 99 
49 -8 -74 
13 23 -84 
-22 57 3 
64 63 -13 
-76 26 39 
-13 88 -59 
-89 57 75 
38 -96 -94 
71 -85 97 
2 84 59 
24 -8 11 
-48 -9 -31 
-24 3 -59 
77 -18 42 
-68 -73 2 
65 56 63 
2 9 -12 
-15 -66 98 
-20 42 16 
32 86 87 
97 -41 77 
33 -20 17 
-92 -66 -29 
-28 89 -30 
-9 30 -8 
-65 75 -85 
98 -78 -97 
-100 9 98 
-83 -46 -20 
19 24 7 
