-15 -35 36 
28 26 80 
20 62 36 
27 38 -39 
-18 -52 81 
46 -92 -43 
-95 49 -5 
-26 -20 -37 
44 -76 -30 
-45 5 19 
-81 -59 8 
2 -68 31 
-25 -30 -10 
37 41 -60 
31 -5 73 
63 -40 -3 
-33 -54 -43 
-19 -2 -29 
33 -88 -25 
57 16 -9 
38 -31 9 
18 72 37 
-56 27 -38 
96 11 30 
9 -43 63 
-46 -97 -18 
46 64 20 
-50 -8 -46 
52 -2 70 
11 37 -14 
-11 61 -2 
44 -1 83 
-48 24 21 
100 -46 -79 
53 50 -8 
85 54 -35 
19 -78 -29 
94 -68 60 
84 83 -19 
-36 2 -24 
-26 95 90 
27 -63 43 
16 -72 26 
38 28 -78 
-57 -68 49 
-29 9 -2 
-11 -69 42 
-33 -53 99 
22 20 2 
-17 61 -87 
-55 -41 -9 
-97 -67 -26 
-85 54 57 
-11 -17 55 
-59 6 -69 
-18 -28 -87 
-5 57 -19 
43 2 50 
66 -70 76 
-45 21 -3 
87 65 99 
38 -41 11 
33 -14 61 
30 92 63 
-10 -15 72 
-100 4 -45 
-94 -56 7 
84 63 6 
87 -12 74 
-32 -44 -60 
27 18 5 
59 -3 -13 
-97 53 84 
-19 10 62 
-99 41 -67 
-25 93 27 
60 80 69 
16 -32 31 
-33 1 -72 
-80 19 -14 
-19 5 -11 
39 20 -4 
-1 63 -40 
-16 48 -10 
-46 42 2 
-25 -47 58 
21 67 3 
-57 93 -25 
2 -6 94 
-85 -58 -24 
94 76 -12 
-65 45 16 
90 -99 -95 
95 -69 28 
-72 8 -4 
-14 54 -49 
-41 26 95 
-63 19 -37 
44 76 -2 
-28 -54 86 
43 -23 -40 
-88 17 -8 
48 -3 -19 
-29 -62 63 
3 -13 -7 
52 -96 -40 
-10 -72 6 
55 -43 -84 
30 -96 -4 
-83 79 -24 
-28 -53 -4 
4 63 -18 
-78 -28 34 
50 100 43 
63 40 -4 
54 38 -9 
71 -88 18 
69 -28 1 
23 52 -96 
44 -60 34 
27 -77 50 
-1 -65 -21 
19 34 -73 
-1 -8 -42 
75 6 -11 
-2 43 18 
-10 36 -85 
-32 -2 44 
-43 -53 -1 
10 7 21 
-59 74 18 
54 21 -63 
5 3 89 
23 -21 -63 
94 8 -60 
29 -20 -37 
-66 -83 65 
67 -7 3 
-79 32 49 
-9 -2 79 
-37 72 25 
-63 55 81 
3 -6 -92 
2 12 26 
10 -69 67 
-67 9 57 
-18 -22 1 
-32 15 -86 
-1 25 54 
-12 8 -85 
42 9 3 
10 -3 29 
46 -9 -30 
3 -91 21 
-36 23 83 
-5 55 -82 
-69 -72 -89 
2 -3 -91 
63 -88 24 
-78 67 -73 
67 4 58 
-58 -46 61 
-32 -71 73 
-66 -43 -72 
-44 40 -18 
-73 28 -13 
-4 -24 30 
-34 -27 -60 
85 -8 -73 
77 14 -49 
85 -6 -13 
92 55 -36 
-65 37 -42 
-18 -11 -79 
61 -10 -81 
-15 -50 -86 
-57 47 91 
35 3 7 
-79 -19 22 
26 -15 80 
-49 52 61 
16 53 -45 
-1 -11 -62 
22 -67 7 
-60 46 -84 
1 29 15 
-80 37 71 
-40 -36 -43 
-82 -30 -63 
-47 -14 65 
14 35 37 
42 -37 90 
19 89 43 
79 -60 32 
-35 -40 -12 
9 79 6 
25 47 -95 
34 -28 -19 
-28 46 -66 
-15 -9 -94 
-91 -54 -52 
82 69 76 
-78 38 -12 
12 51 -62 
75 72 83 
21 90 75 
38 -15 -88 
-13 -47 -75 
65 -21 18 
91 16 -56 
5 -36 -73 
-16 -27 2 
-11 -29 -24 
-90 -6 18 
30 9 69 
-47 74 -8 
-47 5 -20 
23 68 7 
-42 -4 86 
20 -44 -78 
-23 63 8 
-1 -96 -55 
68 -73 20 
-83 -84 51 
20 97 41 
38 -17 -7 
-18 -100 -32 
61 -52 -19 
-71 2 90 
89 -8 61 
39 28 -31 
-9 44 41 
80 -71 9 
-59 33 -5 
-22 10 46 
55 41 78 
14 -35 8 
34 -28 -46 
-2 70 75 
1 -55 4 
-47 45 20 
28 -13 31 
-22 3 -87 
56 -14 8 
-51 -12 -10 
97 -17 -49 
-29 -97 -24 
-28 54 94 
57 -1 -65 
40 1 -12 
65 74 73 
9 -33 99 
-51 89 -18 
6 14 -77 
-75 -35 59 
70 -71 88 
-36 16 98 
97 -28 34 
94 54 -95 
-72 -11 -44 
-63 20 97 
-1 33 48 
-88 -17 16 
47 20 -28 
-29 18 19 
53 35 12 
23 -39 51 
1 63 44 
23 -70 -10 
-10 82 87 
-51 78 -59 
13 -50 -7 
-15 85 -3 
-70 -84 -82 
-89 74 4 
-30 35 -33 
-24 84 -88 
44 -7 -96 
-4 53 94 
4 -13 52 
5 52 -41 
16 -48 -1 
-32 11 -66 
-68 75 -3 
-4 -83 84 
23 -98 41 
30 18 27 
4 -26 79 
-83 -53 81 
31 -34 -47 
-95 -60 -36 
25 14 17 
-1 -50 -97 
10 -21 8 
96 60 49 
-48 14 80 
-12 -99 19 
-4 39 -64 
-80 2 77 
-31 -6 27 
44 -81 -55 
-14 -82 72 
-5 -19 2 
-72 45 -12 
-33 87 -37 
5 20 41 
-77 -46 -83 
42 -35 -46 
63 70 -37 
-90 30 -4 
17 45 -12 
47 30 -65 
-5 2 -61 
-4 12 54 
-42 -25 -30 
79 -5 56 
82 3 -100 
27 -20 38 
8 -3 86 
-55 96 62 
-95 -17 -92 
-28 90 -4 
-64 8 13 
-20 -43 58 
32 1 6 
-60 -6 -99 
91 -70 -66 
26 63 -14 
5 -25 -78 
42 75 93 
52 85 -14 
10 5 -77 
-40 -46 -45 
48 -19 100 
76 -53 -9 
45 -91 44 
4 -33 11 
12 14 -53 
-45 -38 -86 
-42 -63 25 
93 -100 -22 
-4 45 -80 
-11 70 61 
87 43 -66 
-95 -72 89 
-44 79 -97 
-22 78 -1 
42 31 63 
-75 47 -72 
-82 22 -92 
