-88 97 53 
14 15 -17 
88 28 -81 
83 32 -84 
-83 -35 -52 
-27 -76 41 
-38 17 -3 
61 -34 -85 
-10 77 29 
63 5 -3 
43 -2 46 
11 31 -28 
-57 -34 -2 
54 8 28 
55 13 -27 
1 -53 -22 
97 59 46 
67 -76 52 
-30 46 -18 
-5 41 -78 
-91 81 74 
7 88 -1 
-71 -43 61 
42 -92 -9 
91 26 96 
-74 -90 11 
13 -71 -15 
-93 8 -94 
26 -40 46 
-8 20 -5 
-5 -36 86 
-94 -9 99 
-18 -6 -28 
-13 -93 -5 
-8 71 86 
-72 -62 -22 
-28 59 23 
-19 38 1 
88 45 -41 
-92 -20 32 
-85 96 69 
-48 10 5 
69 -12 -13 
19 -17 -16 
24 16 10 
-13 -42 11 
-67 -34 39 
30 -34 74 
53 -22 78 
20 44 7 
-2 -82 -37 
-95 -6 -52 
64 42 -46 
13 -2 -12 
2 34 -81 
53 -31 -12 
-31 -51 22 
-92 -27 85 
-85 -40 33 
93 96 -89 
-6 -67 7 
51 35 -9 
35 -87 26 
-49 -81 -34 
94 6 41 
50 -45 -29 
-45 -24 -14 
-44 6 -4 
-28 17 8 
-39 -40 84 
-67 69 -81 
84 26 -49 
-32 48 -69 
75 64 -84 
4 3 -95 
-42 17 -71 
-57 -69 -4 
58 -24 16 
21 98 69 
-74 1 7 
12 86 -61 
38 6 -43 
16 -49 3 
3 95 87 
30 -75 -36 
-62 53 -93 
85 -60 59 
-40 80 -41 
-30 49 -38 
20 -14 50 
-66 74 -76 
-56 35 -84 
-72 13 65 
-64 2 40 
-21 -87 -35 
34 -97 -15 
-80 -15 -20 
89 100 -68 
-5 -39 -16 
29 -24 14 
37 3 -61 
17 21 56 
-30 6 84 
-21 -72 -94 
18 71 12 
38 19 17 
-61 -12 28 
91 23 -80 
-72 7 -70 
4 -40 89 
88 97 -95 
-27 24 62 
-73 58 -2 
-2 -29 4 
60 7 -54 
-65 19 -73 
53 10 -98 
72 -81 78 
83 -66 -63 
-50 4 -25 
16 90 -39 
-35 4 -6 
98 -69 -53 
6 -95 -7 
-74 99 71 
-70 -66 -1 
20 8 -36 
2 -14 100 
63 77 55 
-50 -8 98 
-21 -89 -1 
-17 13 -3 
21 4 3 
97 98 -10 
-89 28 -10 
53 -21 89 
-59 7 -2 
56 53 -47 
-74 -62 -72 
95 19 27 
76 22 -9 
-46 65 -8 
-9 45 63 
8 1 -2 
-8 33 -9 
75 -93 31 
-1 57 -11 
-67 -65 -52 
-61 40 -53 
42 -12 72 
15 -70 -8 
-17 -48 -53 
-54 -11 -47 
-37 51 -4 
39 3 22 
-83 -39 69 
27 -66 -62 
-79 100 1 
90 -62 -67 
-71 48 -39 
-93 22 -86 
95 -16 -27 
7 -27 56 
89 -87 75 
76 -43 84 
8 -50 77 
-7 43 -45 
-28 12 -45 
3 55 -22 
43 -55 -65 
-92 26 -19 
47 22 68 
39 -3 -48 
-22 -32 -96 
-65 -14 -61 
63 -11 -21 
66 19 -27 
13 -2 30 
-91 50 -34 
-75 19 72 
-71 19 53 
25 71 75 
88 -86 96 
-16 18 -4 
36 -58 20 
24 -2 59 
-54 -95 39 
97 22 -19 
-67 -82 -5 
35 -65 -6 
1 -39 32 
35 -69 -92 
71 -39 -84 
-57 -34 -50 
49 -14 65 
-36 15 -42 
39 -28 -30 
-53 -2 59 
-69 53 -5 
73 4 -85 
64 -1 10 
-76 34 65 
13 20 10 
-32 -6 35 
17 77 -28 
89 16 -61 
73 -84 -77 
47 40 55 
9 -33 -11 
40 -9 14 
-97 -3 73 
-35 4 74 
-10 -46 -3 
9 -55 -85 
-26 93 37 
61 -2 -4 
53 -52 -25 
20 55 84 
46 -29 -22 
-31 -17 72 
18 -77 38 
-96 -11 -60 
47 -64 39 
28 40 -71 
-40 -66 39 
-24 38 94 
92 -18 -53 
-85 86 -11 
69 61 20 
-16 -82 54 
27 -75 -46 
29 54 -32 
-72 24 17 
57 -76 -83 
-54 40 4 
-96 80 33 
93 95 85 
-57 81 73 
16 -12 20 
-27 34 -37 
2 -89 -46 
16 5 27 
57 -56 -83 
-3 16 47 
5 -58 -85 
4 18 -55 
2 31 66 
-70 17 92 
-45 -57 -76 
-45 87 -26 
-65 28 -99 
18 -46 -13 
-20 24 30 
-31 -55 -16 
62 1 93 
69 92 -78 
-22 12 62 
43 2 14 
-25 -26 22 
7 -3 16 
39 12 55 
-33 25 -65 
-74 48 -20 
-46 70 50 
98 -48 11 
97 -27 13 
25 -57 -94 
-96 -69 39 
37 -23 -6 
89 4 79 
-2 32 52 
-33 -2 6 
30 37 -9 
98 -8 95 
-99 45 -10 
56 17 9 
2 16 -41 
-39 -84 -69 
8 11 -5 
6 5 -58 
-7 100 62 
93 -2 -46 
-52 -36 -88 
-17 -37 -24 
15 36 -96 
-37 -30 2 
5 56 -96 
-46 1 67 
-60 -50 -23 
96 -40 -84 
21 -24 -7 
88 30 18 
-61 -41 86 
84 -12 96 
30 65 -29 
-52 97 16 
39 -18 -33 
-1 -3 -2 
-99 85 3 
11 38 24 
-67 26 -9 
77 -58 16 
-57 71 -70 
-79 9 3 
-64 2 4 
-6 42 36 
-72 -62 67 
-54 22 8 
38 -91 47 
86 -95 -92 
-36 -24 34 
-42 -87 38 
-6 70 27 
81 -75 73 
-52 -14 -48 
58 97 -25 
-19 -11 68 
25 -45 27 
34 -69 -24 
3 13 -78 
-8 4 15 
-95 -90 -54 
53 2 -6 
-62 58 43 
-57 -51 77 
34 8 -83 
-3 96 -84 
-56 85 75 
89 -45 -23 
54 -56 -48 
-10 -50 71 
7 53 55 
-21 -29 65 
57 69 -45 
37 -3 -18 
23 69 -60 
6 -11 56 
-12 -7 -51 
1 -40 33 
16 22 1 
5 -27 36 
-75 -30 -94 
54 71 79 
32 -31 77 
-6 -83 12 
20 95 5 
-53 -8 91 
-10 47 -76 
-10 21 -33 
-16 -89 3 
