-1 84 77 
-91 -46 31 
-1 -71 -43 
-54 -26 -97 
-15 50 -11 
12 17 9 
3 4 -60 
-66 -67 55 
52 62 36 
42 99 -24 
29 59 -23 
7 75 -39 
-23 35 -30 
28 -36 42 
-35 4 -19 
-12 7 -66 
-77 -61 98 
-90 98 -25 
44 18 -11 
99 -46 52 
-42 16 83 
-92 -41 -18 
8 -32 -74 
4 -40 -10 
-47 44 56 
61 85 37 
-38 -40 -55 
-31 -71 32 
-69 78 -73 
-81 13 -22 
14 -94 86 
46 -47 -11 
22 -68 -41 
85 -50 16 
-16 -91 20 
4 62 -55 
21 -15 -37 
5 -28 -42 
24 29 -53 
-55 -97 84 
-84 -44 72 
-94 11 -100 
41 70 -38 
85 -34 1 
15 20 72 
35 40 1 
83 55 17 
49 41 4 
-33 -59 66 
22 -63 -51 
20 58 -1 
-67 -77 12 
-29 -49 46 
-72 -67 92 
-9 -21 -77 
-55 -28 -56 
-47 24 -97 
-2 -92 -11 
34 -25 -86 
-45 69 -19 
26 -53 92 
43 47 -38 
27 -80 -26 
-100 -20 41 
50 -42 -6 
82 -58 -31 
-53 98 46 
-5 -72 -24 
28 86 -38 
-52 -2 61 
-6 3 -94 
29 -66 39 
44 100 85 
5 -24 99 
-24 -50 -12 
-78 45 80 
-65 -35 7 
48 -92 -64 
-72 62 -82 
38 -10 -26 
98 -41 -17 
-30 -24 98 
32 13 47 
-20 -7 5 
1 58 -37 
11 62 33 
17 70 -20 
-4 1 44 
12 -29 55 
-9 28 -48 
-83 57 9 
93 -15 25 
-12 -61 -33 
-2 12 -64 
85 61 -2 
-24 19 6 
53 8 -67 
96 85 -57 
-49 -60 -75 
-83 35 76 
-17 -24 99 
-44 17 -86 
26 -2 -6 
-71 -13 -29 
32 -49 69 
47 -52 33 
33 -7 98 
-21 27 28 
88 -69 -12 
26 41 56 
-58 86 -44 
70 -60 -30 
46 28 3 
-15 38 -14 
55 -52 1 
-45 -42 -11 
26 -5 -65 
-13 -57 -84 
-75 -71 25 
-46 -70 -20 
-90 72 -46 
1 -31 -54 
8 86 -9 
73 82 40 
4 -62 17 
23 3 72 
-5 -20 -93 
-20 69 -82 
60 -18 -66 
19 99 84 
29 87 -79 
-1 -29 90 
-28 -69 96 
-92 39 48 
46 97 -62 
-4 -73 93 
20 82 -25 
3 -73 89 
28 -22 2 
9 18 1 
-29 -49 77 
-34 23 37 
58 94 5 
88 3 23 
36 -80 -43 
7 -42 3 
-54 -13 -36 
-94 -47 95 
-74 61 64 
16 -2 -68 
44 -11 -53 
-27 -32 40 
-22 -14 -26 
-6 -60 17 
-100 59 -64 
88 -96 20 
-13 -85 84 
6 -98 99 
-29 35 -1 
77 8 41 
33 17 -76 
-66 73 -24 
-8 69 -18 
-16 58 4 
3 -9 -10 
-73 23 25 
9 -45 -37 
65 -66 2 
76 10 53 
61 -100 47 
-68 72 50 
-50 -3 -45 
-73 -79 26 
50 2 -48 
-4 -51 73 
50 70 31 
-13 27 74 
19 56 38 
-82 48 95 
-17 58 -88 
29 58 18 
44 63 -50 
-4 -8 -67 
27 -20 -88 
9 40 -44 
92 -7 72 
16 -28 68 
35 16 -92 
-92 88 -87 
-92 -80 -11 
30 -6 11 
28 58 74 
-71 55 -96 
23 51 52 
-42 89 -35 
48 1 10 
23 88 10 
-52 20 1 
100 -38 64 
34 -99 -96 
-36 50 66 
70 -33 -88 
-24 -1 4 
70 -3 -37 
-51 2 32 
-1 10 -97 
49 50 -51 
24 15 28 
-21 24 -58 
-30 49 -80 
26 2 -79 
-78 -76 14 
32 -12 98 
78 68 24 
91 -12 -80 
61 90 92 
-18 -10 -40 
88 50 39 
11 -4 -39 
45 72 -9 
76 -50 -19 
-8 29 -24 
-91 -10 -81 
-35 13 -84 
-48 70 78 
-48 -41 31 
58 -67 84 
-57 23 55 
25 -35 -62 
-22 -73 87 
37 -35 4 
88 81 -20 
20 27 32 
52 -11 -14 
-1 -37 65 
29 -15 67 
21 -23 -13 
22 -73 -62 
-60 51 -42 
48 39 -44 
-33 -37 11 
32 -55 99 
11 -93 -2 
-18 -48 27 
100 40 -9 
-73 -15 88 
-97 -29 -1 
-31 -36 6 
-72 -1 -96 
-90 28 -50 
3 -65 57 
63 13 36 
43 -47 -14 
10 54 38 
-56 -31 26 
-93 7 -13 
6 77 52 
15 1 88 
-46 -1 -8 
-3 -36 84 
-90 -19 -100 
-1 -4 -35 
-53 -33 19 
-13 -74 -90 
77 -28 69 
86 13 -59 
68 -19 79 
-86 -16 2 
-12 -35 43 
-55 20 -80 
-78 1 16 
-7 72 62 
71 31 -36 
-47 -81 40 
-58 83 -6 
1 41 75 
9 -5 3 
-40 -6 1 
-9 -85 18 
-56 47 -20 
-31 11 78 
84 -45 -80 
-5 -97 -34 
-27 -3 12 
88 -90 -24 
-12 87 -95 
-55 -15 63 
-34 55 -19 
94 -33 -9 
-10 48 7 
-61 -58 4 
-84 41 -80 
-8 46 -32 
28 71 -69 
-2 -96 66 
-19 -92 -28 
-11 39 53 
-50 6 -10 
17 -13 -61 
57 -45 -64 
63 -6 11 
43 79 81 
1 47 -50 
9 100 -4 
-55 -60 -74 
-7 1 15 
11 -2 -86 
-21 2 -38 
-76 -57 13 
-17 -68 25 
-46 2 -1 
93 -72 35 
-21 -4 -70 
70 -28 22 
2 -75 34 
-40 10 48 
-19 -23 -82 
27 -91 -51 
-22 -5 9 
-48 -86 -21 
7 27 -82 
-65 44 -2 
27 -85 77 
80 88 47 
34 11 72 
16 -55 26 
34 -97 -51 
48 -19 -37 
33 -2 -37 
70 -61 12 
-5 89 -46 
19 -2 64 
1 -78 -65 
36 -3 -51 
79 -2 -21 
26 -4 -93 
30 14 58 
74 92 -55 
44 51 5 
-6 93 -31 
39 16 63 
-87 8 49 
-100 -28 -7 
-22 -4 -57 
-89 -85 31 
-50 -61 -37 
-42 -36 -4 
-90 -64 -98 
73 -1 81 
-24 -51 75 
