-40 85 67 
-63 8 59 
-47 -29 48 
14 8 -5 
3 26 10 
27 40 -23 
37 -28 -98 
-4 93 14 
97 60 84 
-41 -8 -84 
8 -97 47 
-25 14 32 
60 74 8 
-46 -16 43 
-91 64 23 
-50 1 -67 
73 1 88 
57 11 -3 
2 -80 74 
26 84 -75 
53 -48 6 
-2 -6 9 
1 -77 -4 
-9 11 25 
-8 -4 46 
25 -11 -66 
-4 61 -98 
96 -2 17 
42 -11 -1 
76 -77 -71 
-1 6 -10 
-70 23 -27 
-22 -97 64 
-76 -73 -59 
-74 47 -7 
43 -77 11 
-73 68 10 
-22 70 2 
-65 -11 89 
-27 -8 56 
67 -8 -22 
-25 -59 96 
26 -10 13 
-60 -43 82 
-50 35 -11 
38 -93 -76 
-22 -71 -2 
-82 83 20 
-33 -31 72 
21 11 -7 
-49 46 64 
-3 90 96 
-1 18 -20 
-1 60 -21 
98 72 -63 
60 8 11 
14 -68 63 
-7 77 -79 
-66 15 -72 
-13 -19 61 
97 56 -96 
-99 -31 -26 
-93 78 -4 
-98 -54 -52 
24 36 -90 
-23 -36 -64 
-90 -2 5 
-13 -25 -23 
-19 17 -92 
26 78 44 
8 -65 3 
-2 -15 -68 
-90 4 -65 
-47 17 -68 
-11 49 -8 
-42 -50 86 
20 -1 -31 
59 -93 -97 
61 18 82 
-14 40 -65 
7 4 -3 
50 -18 -20 
-92 -43 73 
34 -15 -99 
-47 -35 -84 
-14 -12 25 
-77 -73 -30 
84 -1 -54 
1 93 -52 
-46 -42 39 
-43 92 -94 
-33 -64 89 
60 44 -18 
12 -95 6 
-1 35 91 
-66 -36 30 
12 18 -26 
-51 19 -8 
-23 -26 -70 
2 -15 -49 
-9 7 2 
1 94 -41 
-12 97 30 
-19 63 12 
51 1 -79 
-30 -24 -80 
81 36 -28 
-100 96 75 
94 30 7 
73 -15 -6 
-68 8 -69 
-17 1 -13 
10 21 -97 
-57 69 94 
-58 -92 -22 
29 11 39 
23 -21 -48 
80 24 29 
4 -22 59 
55 -16 -2 
-10 4 28 
-47 -39 -26 
-26 -1 61 
1 19 90 
7 -28 -1 
-11 -28 77 
37 28 -14 
-50 100 59 
4 -37 31 
-24 -56 -43 
-84 15 18 
-67 -31 83 
-1 94 21 
-6 -56 -73 
-69 17 -27 
5 88 -23 
34 -37 44 
-42 -4 -37 
-23 85 -98 
96 64 -100 
2 -42 -29 
-21 -40 53 
43 -10 -51 
57 11 31 
37 62 -63 
-33 -52 26 
32 -20 60 
-75 -69 1 
-26 -56 19 
5 87 41 
5 18 27 
90 -30 15 
-92 19 21 
-22 53 -30 
33 5 -63 
-52 -15 35 
-82 -61 33 
-75 31 -3 
94 38 37 
25 32 -22 
4 -35 26 
43 -23 -28 
2 -72 -59 
54 -81 84 
5 17 -25 
63 78 32 
13 50 83 
-15 -13 37 
-43 -44 -85 
8 11 63 
-5 -68 -87 
87 -14 27 
77 7 65 
-35 -55 45 
-71 -64 -65 
-61 91 -60 
7 43 -83 
-21 -36 -6 
-14 41 -43 
32 46 27 
66 60 -38 
21 1 -42 
9 82 -17 
27 11 -87 
-47 92 -3 
-91 -88 -82 
-26 53 -69 
63 -21 15 
-22 -71 2 
-76 38 48 
-85 -93 -3 
53 25 -78 
-2 49 96 
32 -51 83 
33 -30 -2 
-3 -56 -43 
-13 45 -9 
35 71 -93 
-70 87 72 
-12 -68 87 
23 -24 -40 
34 89 48 
9 -4 -25 
-11 60 71 
-14 1 8 
36 96 11 
9 -4 -31 
1 20 -96 
-60 -5 -7 
19 37 -28 
25 76 70 
7 62 58 
87 -64 -8 
68 -5 -81 
26 -36 -72 
-16 88 71 
52 -68 67 
-54 17 -97 
-84 -2 24 
-32 -73 -21 
1 -36 84 
-97 11 4 
71 -90 64 
25 -16 6 
21 -98 17 
10 -26 94 
-13 -79 73 
-1 -7 -13 
-3 29 53 
67 -71 13 
-38 -44 76 
8 -41 14 
34 -41 -14 
-83 5 96 
-15 -53 27 
67 -1 -28 
-43 81 -77 
-86 -24 9 
23 -11 1 
81 70 90 
83 43 47 
91 78 -35 
-38 -37 -86 
-42 72 27 
85 51 -41 
10 -1 55 
58 25 16 
-51 -11 3 
-82 -65 20 
27 55 -60 
-9 96 -11 
-77 34 42 
-75 96 -48 
25 -24 66 
-44 -61 95 
90 -8 51 
39 -7 64 
49 100 17 
-72 84 -38 
52 5 64 
52 14 -24 
39 61 -100 
-6 9 2 
-47 89 -28 
-60 22 96 
44 43 -36 
-22 52 -30 
-27 12 66 
-2 71 79 
30 -52 21 
80 -98 -16 
-14 58 73 
-27 13 43 
-41 69 -61 
-20 -80 -2 
38 -25 30 
-85 16 2 
42 36 -4 
-52 82 -11 
-31 14 -88 
-57 -95 9 
1 -84 29 
79 -24 43 
19 7 -46 
-6 68 -36 
12 -33 58 
-43 -98 -11 
-1 -31 -7 
62 -64 -97 
-61 -96 -13 
47 -86 -80 
-36 16 -41 
19 51 17 
58 -19 -67 
-76 1 -7 
6 62 66 
-12 -30 -16 
-59 -73 24 
3 7 -10 
34 22 -36 
-40 94 -3 
-8 14 -82 
74 88 2 
-80 26 45 
-11 -6 63 
-59 77 85 
-90 -58 -35 
84 4 -14 
17 -39 78 
-72 10 -1 
66 -19 -5 
-19 -20 -46 
-4 -90 52 
-74 -62 -27 
-46 -43 61 
75 -19 -50 
86 -88 64 
-3 -90 8 
36 83 -86 
-30 34 86 
38 -24 33 
57 -78 21 
-9 73 -80 
60 -98 14 
46 53 -94 
-43 -17 99 
24 32 97 
85 57 -28 
5 15 72 
23 51 14 
64 75 -51 
83 -80 -20 
-22 23 40 
20 -31 -45 
98 -57 -99 
-29 7 100 
-27 99 -49 
-44 -57 6 
-15 69 98 
64 53 17 
-8 46 -11 
9 62 -84 
-10 -4 -68 
22 -48 -99 
-33 99 45 
-11 80 -35 
-30 29 -10 
-44 38 50 
-34 -96 -16 
-66 -42 6 
