4 -57 -79 
-51 -52 -81 
57 21 96 
39 44 -30 
-9 -98 -75 
17 -25 58 
-73 66 -9 
48 56 -6 
-56 58 -32 
-72 -28 1 
36 8 -54 
11 8 -53 
80 -97 38 
-3 -68 35 
-34 -6 59 
15 93 36 
-70 -32 -12 
-90 62 -83 
-38 -59 -29 
34 -6 -48 
12 47 -79 
-9 19 -20 
-1 8 80 
-7 39 23 
87 35 -98 
43 -90 91 
17 30 49 
-23 62 58 
-95 30 -52 
21 -32 85 
36 90 -38 
-73 -76 -8 
45 -69 -22 
-67 25 -3 
3 16 -19 
11 74 -84 
9 2 -53 
91 -51 -10 
-87 6 -76 
-46 58 -23 
-27 -82 -71 
-4 -28 66 
-37 12 -10 
-19 -86 -94 
14 -38 -33 
18 15 -23 
57 -19 76 
-14 -12 -48 
-40 -61 3 
-53 99 -36 
39 94 85 
-7 19 -65 
-57 79 -1 
40 63 -54 
2 -68 -36 
-13 -1 -83 
-21 61 1 
1 -73 64 
98 -69 56 
-27 2 -69 
-4 50 85 
-14 -46 3 
74 -72 31 
32 78 -31 
31 -91 3 
75 64 21 
-15 31 -97 
14 16 40 
35 20 -78 
-28 73 -3 
5 76 -33 
-89 -37 85 
1 -72 85 
-61 -28 -1 
40 43 -32 
79 66 18 
57 73 42 
-74 -59 73 
95 8 -46 
-9 19 -24 
3 -40 -36 
80 1 -57 
2 16 -1 
-6 49 10 
-17 -50 -8 
95 -41 -82 
77 5 -31 
92 -18 -68 
-40 54 -28 
32 79 -40 
88 38 24 
95 35 -1 
-81 91 -53 
-84 3 16 
-21 16 -6 
27 31 16 
61 11 21 
-92 -99 63 
80 -68 -93 
87 62 -90 
-59 -56 -43 
96 64 -4 
28 73 4 
-85 -8 28 
-41 -20 68 
-46 -93 2 
-47 -5 9 
-9 87 -50 
61 -93 13 
-24 96 -3 
-64 28 -2 
-25 -1 14 
-56 -85 9 
-6 -63 66 
-29 4 46 
24 6 42 
60 32 -29 
2 -21 28 
19 97 17 
10 51 -89 
-17 34 3 
54 -85 -8 
-46 -41 -45 
24 90 -35 
91 20 -90 
-1 36 50 
6 -30 48 
-9 -35 27 
-89 -63 61 
29 5 78 
-22 -1 -38 
86 -28 -51 
69 -3 98 
4 22 -20 
-97 -26 -25 
-78 30 98 
-1 11 -21 
-3 8 43 
-95 -63 5 
-11 -7 -50 
-66 -60 97 
12 -87 -65 
-58 -24 6 
-83 5 50 
-60 82 56 
1 -53 55 
86 83 -1 
-72 23 47 
-31 75 -12 
7 -42 -33 
-73 9 12 
-6 82 19 
6 -5 -56 
2 19 16 
81 80 55 
-32 -19 -2 
-65 -44 -4 
5 -19 -6 
27 -56 18 
-10 -50 1 
-84 -62 90 
49 5 -97 
1 98 -82 
47 86 -9 
-13 -19 82 
-9 4 -28 
-96 -75 46 
69 10 -87 
-52 71 59 
32 64 -95 
20 16 -14 
-6 -73 -4 
-31 -48 20 
60 39 1 
35 33 -4 
53 -68 -61 
-27 25 -72 
99 87 74 
-15 14 69 
7 -53 30 
-21 13 72 
9 -13 40 
65 36 -6 
10 -90 -86 
-52 59 -56 
27 -44 -76 
-35 18 -89 
-2 89 -43 
28 27 68 
-5 -82 10 
-55 -25 -39 
-39 -8 -92 
1 4 -14 
46 85 -49 
3 -21 28 
-100 -35 -24 
-3 -5 -83 
92 11 -10 
49 25 93 
75 60 -67 
43 3 47 
-88 25 6 
-48 5 -83 
14 49 90 
67 2 -68 
71 -32 -63 
-13 -4 -22 
87 -11 -14 
-77 83 -4 
43 -52 -15 
-24 93 -28 
67 -22 -30 
73 37 -8 
42 -76 65 
-39 4 85 
90 -27 79 
-70 -21 -100 
-66 -64 97 
-32 1 -3 
-50 -51 28 
18 -58 26 
64 49 -43 
-17 94 45 
-54 -15 -72 
-20 -2 -32 
-100 -50 -40 
38 4 -96 
-42 15 -92 
36 17 85 
-9 36 -66 
60 12 -8 
96 -1 39 
-49 35 87 
-32 9 -100 
10 7 -3 
-65 -5 -33 
-18 -48 43 
-6 -44 96 
7 -21 76 
79 -72 -43 
-60 16 -91 
-54 30 89 
-2 12 -8 
44 -42 3 
-96 56 1 
-26 -71 56 
7 87 -2 
24 -30 16 
-51 80 -91 
-98 88 -22 
-82 -17 55 
-27 52 -28 
49 94 -36 
-57 -75 -74 
1 32 24 
-78 1 -69 
27 56 -18 
74 -93 -15 
3 9 -94 
-61 6 29 
72 -31 -70 
-63 -52 93 
66 -91 -88 
98 43 -92 
13 -81 -57 
-86 -54 25 
28 -57 -59 
-40 -39 68 
-65 -77 -60 
-77 1 55 
15 1 -48 
73 18 -70 
97 -3 -47 
12 19 -27 
18 -70 -85 
-54 59 47 
13 50 -98 
41 -95 -91 
-56 41 11 
4 37 96 
99 -52 -75 
27 -23 -34 
74 35 46 
-90 83 97 
38 94 28 
-15 71 -41 
-22 10 -31 
-70 -72 -44 
2 1 -9 
75 -16 -54 
98 -92 3 
-2 -98 78 
-19 -13 -64 
-30 19 -63 
33 4 17 
-57 -71 46 
95 56 54 
-66 93 -68 
96 -46 86 
-70 -1 -15 
-32 1 22 
11 2 -34 
33 73 -38 
-95 75 -59 
-28 7 64 
-10 71 -34 
-59 -11 -76 
70 49 -38 
-41 63 -25 
60 18 -3 
-70 100 65 
40 72 -64 
42 -53 -94 
-6 83 -21 
74 -49 -85 
13 -74 89 
-30 55 21 
22 -89 -67 
100 -12 93 
92 -20 -88 
9 -87 -7 
-37 92 18 
-96 -39 28 
-86 71 57 
-98 -70 -7 
-60 -58 -17 
9 -35 12 
40 7 -75 
-31 1 32 
-78 50 55 
-42 39 79 
50 -87 -30 
-49 -2 37 
-13 -69 -1 
85 41 -72 
41 42 38 
-74 -68 -92 
-81 -8 -71 
-35 23 -65 
26 -9 100 
22 -42 -8 
90 -47 69 
-4 95 34 
-6 92 -4 
-43 23 -19 
-6 -21 72 
-26 -8 56 
-68 66 -16 
50 -16 -100 
2 -69 71 
