11 -173 179 
-132 -84 -2 
-16 32 -169 
-158 43 -85 
188 -97 143 
-144 -36 -17 
-58 35 185 
-196 -165 -110 
-30 -157 -149 
144 -75 42 
68 -133 94 
8 151 148 
-50 100 -30 
26 -7 -51 
-88 -156 -81 
-65 -88 23 
188 -2 -5 
-48 -98 49 
-193 42 74 
55 -39 95 
35 85 90 
67 151 156 
151 -98 192 
44 117 85 
-131 117 -104 
-20 126 31 
-158 -39 5 
-85 -178 -12 
-196 -12 -134 
146 -84 129 
-32 108 -64 
-114 159 -189 
55 69 184 
17 76 -68 
43 -158 20 
98 28 6 
186 93 176 
-18 -42 -23 
96 -134 23 
-79 78 -63 
-24 -30 176 
131 -19 75 
-93 -184 -152 
54 45 48 
-3 20 139 
47 81 -186 
61 -115 -132 
98 19 200 
-194 142 145 
133 -28 -18 
-88 14 -96 
50 -36 21 
12 -89 -129 
-119 31 -52 
53 -23 -14 
190 -58 127 
163 -150 -55 
-17 -21 -19 
-108 40 124 
63 125 -188 
-62 -75 95 
-167 63 -69 
-93 147 107 
-99 -11 -31 
-136 -49 45 
-175 -80 -90 
168 -173 -144 
-135 65 173 
106 6 -165 
123 -156 104 
27 34 4 
-103 -146 -4 
-111 116 -104 
-18 32 -16 
-149 -77 153 
41 -133 37 
-81 -6 -188 
-102 -116 -165 
143 79 -92 
27 152 -141 
2 -81 120 
170 47 -43 
-158 -65 -2 
-118 14 34 
83 126 -40 
-7 140 -24 
1 -81 200 
-51 43 117 
111 27 -8 
150 102 -130 
-78 127 -144 
4 -54 110 
-180 -136 105 
-53 -110 -107 
-106 14 -131 
1 96 48 
82 5 -71 
23 19 9 
-59 120 81 
24 -182 -164 
153 85 124 
-103 -163 106 
144 -105 -191 
-143 46 -166 
194 -9 42 
-115 -113 -30 
132 186 12 
-169 -7 -193 
13 -87 105 
-148 106 190 
108 -12 53 
9 -71 151 
-2 63 70 
-42 129 -120 
-5 107 52 
68 -189 37 
8 -76 55 
-186 157 44 
-134 -29 -35 
-52 -131 181 
39 -21 11 
-71 -129 -23 
44 81 -145 
10 -68 -100 
104 -38 -147 
14 66 -130 
-130 16 -125 
44 -16 101 
16 74 -166 
-31 -129 -180 
85 30 115 
144 78 40 
150 176 25 
-147 94 -135 
-125 71 1 
-1 -17 -22 
-8 186 2 
-77 136 20 
74 -31 -163 
-15 88 -159 
108 26 -87 
165 79 187 
118 -38 142 
-157 -134 -192 
19 -8 -23 
45 -68 -167 
-113 -126 75 
-43 128 -31 
140 -179 -9 
95 -9 -102 
141 -50 -186 
145 161 -158 
12 84 38 
-144 -145 -111 
-115 77 -33 
163 -17 -165 
178 21 -27 
-111 -19 82 
-196 -74 132 
65 63 12 
-64 166 5 
-58 6 84 
-4 166 -180 
-14 -157 -35 
-79 -175 -142 
-197 112 -120 
151 -131 57 
199 -72 -193 
64 -62 102 
60 107 -179 
-9 25 -116 
51 1 144 
-132 -102 -17 
111 -31 -20 
-35 -151 90 
-60 -67 -65 
-37 35 69 
156 -115 34 
168 87 -77 
-191 101 -185 
175 106 48 
-45 -119 138 
157 -181 98 
-116 50 114 
-23 -32 61 
112 96 26 
81 -61 125 
48 -180 -150 
90 91 -47 
12 -169 70 
-164 -110 -96 
-72 -59 -96 
138 44 13 
-92 140 -104 
-166 -161 21 
-77 51 -57 
-93 -100 -51 
-11 1 -89 
-174 -16 -2 
-105 28 188 
127 -108 53 
45 12 -30 
-36 -91 83 
-142 57 15 
-26 -138 -129 
-27 -140 -61 
-5 -140 7 
15 96 185 
32 -108 77 
53 -7 -56 
-185 8 49 
-105 83 133 
160 67 -28 
85 88 -35 
-116 -107 -173 
-44 179 -15 
39 -64 -112 
-5 36 90 
-113 66 17 
-131 -5 172 
180 -35 140 
-154 129 -33 
-12 -37 121 
77 -196 -192 
191 -18 15 
62 4 91 
85 -29 -1 
-126 -123 23 
-160 38 7 
-120 46 -192 
115 168 -62 
-85 9 -47 
134 -39 -111 
61 141 -128 
-8 52 -169 
-80 195 -150 
119 -124 -120 
-4 50 193 
-145 112 -167 
-131 -65 -116 
-169 -36 116 
-200 -15 -38 
31 -81 -119 
28 -132 59 
5 144 -38 
180 -38 36 
-104 36 -20 
-78 89 117 
-25 147 72 
140 -6 107 
-84 188 -151 
-145 197 93 
159 -151 27 
93 -56 -116 
-89 88 87 
-123 -166 -10 
89 75 -40 
107 109 91 
122 -87 155 
-167 -36 22 
69 -147 46 
84 -39 93 
17 92 -174 
32 5 177 
66 27 54 
-117 -49 169 
-18 130 -149 
-124 1 -11 
15 6 -78 
-187 -80 19 
-187 -124 -92 
18 -105 -128 
-64 96 47 
-17 92 179 
130 142 112 
-102 -101 -37 
-20 122 -94 
77 46 140 
-72 -76 -17 
-78 86 111 
63 98 -43 
197 -19 -16 
-19 -10 36 
-150 -103 -79 
-151 163 17 
62 165 101 
-71 80 170 
-187 32 178 
145 59 47 
27 138 155 
-36 3 -132 
-8 -134 44 
61 -154 -51 
127 181 20 
42 -148 -57 
147 4 -184 
169 135 127 
-27 -198 67 
-37 -178 32 
29 -21 -18 
2 5 172 
-146 11 -23 
29 193 22 
-74 -83 -48 
66 -43 -26 
-56 -45 -19 
-8 30 10 
-184 30 143 
98 37 148 
-55 -149 165 
-57 -168 -122 
-76 -98 -133 
117 8 116 
-152 134 -170 
42 57 -74 
74 23 138 
-138 -7 102 
40 -79 166 
-122 88 -173 
151 -5 -170 
163 97 -18 
-174 98 -105 
14 163 86 
150 -179 -39 
-180 199 62 
185 161 -144 
125 132 -14 
103 91 -87 
-77 181 -53 
15 96 200 
-77 146 105 
-64 -9 95 
1 -46 -5 
8 -160 -27 
63 189 51 
-11 -72 100 
-73 -67 108 
7 125 -127 
30 -135 -41 
-150 -9 31 
56 -123 -98 
107 87 -78 
158 111 152 
-188 64 -74 
-178 -136 -123 
-3 13 -145 
-74 157 191 
-199 -30 -10 
-1 21 141 
-1 -7 -150 
-163 -199 -121 
-121 5 -91 
-167 146 92 
-65 50 186 
-29 -27 -65 
-170 -194 80 
197 67 -38 
-24 -113 15 
136 -13 -115 
-163 -153 78 
14 151 -196 
-16 124 183 
-171 129 -64 
-118 68 -102 
83 177 -129 
151 -155 73 
61 1 -109 
-198 -84 125 
168 65 27 
46 62 129 
-174 11 81 
124 -66 25 
-12 -199 -192 
147 -56 -156 
40 143 -47 
27 -21 183 
-120 63 -15 
35 78 -30 
-43 35 99 
154 -170 -100 
11 -123 -150 
-60 -19 113 
33 40 149 
145 -192 50 
141 -23 -146 
73 -19 35 
169 155 150 
2 -156 -146 
-113 -98 -83 
-137 45 -96 
-9 -196 92 
-187 -73 23 
130 -76 -131 
-73 60 -79 
123 -20 -103 
29 -78 -128 
8 -136 176 
-80 114 47 
110 27 5 
-103 -2 -30 
-94 13 199 
-200 155 8 
1 144 66 
-31 -118 -124 
28 -23 130 
-61 108 141 
112 43 33 
175 -118 -72 
46 -118 156 
192 100 -174 
-143 -68 -101 
-51 180 153 
-126 190 39 
112 -85 14 
-25 -27 34 
124 -131 -9 
175 60 54 
-123 -117 125 
161 195 42 
92 155 89 
21 83 68 
15 93 -162 
93 -29 -147 
30 -18 26 
-66 153 5 
-145 80 26 
-87 -29 -156 
173 112 158 
146 -112 -110 
-72 116 84 
184 -22 -89 
191 -155 -121 
158 49 -12 
-119 197 -121 
139 -108 -77 
-126 -187 -61 
168 -74 -109 
197 191 10 
8 -42 -150 
174 -173 -70 
-182 30 82 
-79 -27 -145 
90 4 157 
-174 4 -27 
80 63 122 
-16 19 152 
4 164 -37 
21 -29 57 
63 -173 -61 
81 69 64 
-37 179 -180 
28 -147 -123 
-148 5 -107 
-162 43 182 
9 -164 26 
24 -160 -174 
-53 90 -191 
-89 111 -34 
127 -49 -43 
82 -94 153 
-187 53 -71 
41 -104 -24 
69 -192 74 
-124 -2 -49 
-63 -7 164 
61 -24 -93 
84 -165 21 
-176 155 38 
79 15 -98 
-53 168 -187 
81 -175 -71 
112 -104 -171 
-88 -84 82 
-23 121 -25 
103 -148 -52 
51 -97 164 
-147 -155 120 
183 17 145 
-140 2 4 
103 57 -26 
190 5 -75 
-135 167 -109 
-187 -97 -96 
-193 12 -167 
-19 -36 160 
-176 -55 82 
81 -70 -168 
28 20 -76 
-144 -193 -43 
-2 129 -124 
-127 185 -71 
103 -82 76 
93 -145 31 
193 -74 -152 
-76 -58 -141 
3 32 98 
-97 -179 -126 
72 63 28 
-54 53 44 
195 22 -143 
-130 -178 -156 
15 127 -93 
-176 56 -48 
-72 -32 -102 
-95 -133 169 
23 -7 -17 
-20 -8 185 
56 115 152 
63 -132 127 
-1 145 -35 
74 126 56 
6 -137 61 
-79 153 46 
-90 -66 69 
8 -98 143 
-8 124 22 
174 37 -38 
102 40 2 
-93 114 -51 
30 10 64 
-135 -115 -109 
183 -2 -45 
-63 -199 182 
43 -68 -157 
-29 -142 104 
-98 120 -137 
54 75 -99 
26 -120 -87 
122 -80 163 
-17 141 37 
-28 21 79 
-76 77 -152 
-178 52 142 
-181 69 -49 
-16 -158 -31 
22 -19 134 
-16 123 184 
-115 -194 78 
64 85 9 
-171 180 58 
101 -104 171 
20 48 -39 
175 -127 -197 
154 187 -52 
151 169 194 
-15 -97 126 
-33 -163 1 
-55 -14 11 
46 145 143 
41 187 -172 
-132 88 187 
-191 3 -175 
121 17 108 
32 19 142 
-160 53 66 
181 44 -155 
-195 -97 -89 
-139 9 27 
24 12 158 
-32 28 -104 
177 45 62 
52 -81 -139 
-85 31 -49 
23 122 171 
-100 -116 -167 
-180 -97 -13 
150 -160 -93 
-85 61 65 
30 186 4 
181 105 -97 
160 105 20 
-130 -156 159 
-77 163 182 
103 -169 163 
127 170 -134 
110 111 -138 
6 -40 4 
24 -94 -193 
70 137 52 
-145 -93 72 
-137 134 -80 
-194 21 -176 
-54 97 -132 
-60 -129 -17 
-165 -140 -136 
-48 -56 -138 
-4 -45 -100 
-17 11 123 
103 171 179 
135 -198 -17 
-133 -117 -4 
48 139 56 
126 -3 66 
100 -62 30 
26 18 161 
92 188 -177 
-133 -44 61 
19 -3 21 
171 -34 -183 
-75 -188 -5 
37 126 42 
-21 189 -3 
127 -180 76 
9 195 183 
18 20 21 
-166 -57 82 
-53 -140 -116 
89 23 -155 
53 -120 -194 
-46 109 -5 
-64 -196 -4 
7 -49 183 
-186 -38 81 
18 10 -126 
154 109 25 
-79 135 125 
101 -10 -93 
-3 10 84 
180 -55 -42 
-185 41 -168 
104 18 74 
-47 136 -56 
179 -111 176 
162 -112 -120 
102 113 -178 
-104 12 156 
-28 -140 -124 
-65 9 -148 
142 9 103 
-46 184 -145 
59 -82 180 
-37 11 120 
170 155 -197 
36 140 144 
-87 77 190 
3 -114 -165 
57 -88 131 
-128 -178 -97 
96 52 -12 
-82 -125 26 
41 61 68 
-23 -62 3 
-133 30 -64 
18 11 102 
92 -138 23 
165 -189 56 
-13 136 -7 
-154 -4 -114 
-94 -33 28 
87 98 136 
30 119 -65 
145 -129 127 
85 -9 123 
49 99 -50 
-114 119 197 
171 -43 57 
115 -19 8 
-71 -57 30 
-103 73 -22 
69 71 32 
28 -187 -95 
66 -68 146 
-188 135 -15 
-111 -182 11 
167 45 134 
147 -70 -159 
-55 -177 -136 
-194 -95 -60 
7 184 -146 
25 -91 28 
119 -179 -75 
5 155 -7 
5 24 142 
190 -181 27 
101 -79 80 
195 101 29 
17 47 -120 
-116 -158 -65 
-170 122 21 
-167 62 123 
-127 -137 -122 
-131 -65 -9 
163 -15 -94 
-117 151 -111 
20 7 103 
4 -116 133 
-148 73 -114 
-116 111 -200 
82 -42 -96 
-98 66 38 
188 48 60 
2 25 24 
46 -129 39 
111 -90 115 
151 -190 9 
-117 2 -173 
-26 -10 -155 
-70 -76 -114 
-52 152 108 
124 -61 -73 
-104 -70 109 
-150 -90 -52 
159 -137 -14 
-85 53 -114 
116 135 170 
-9 -153 145 
-174 47 -163 
-113 75 -174 
-133 -71 32 
-144 -165 65 
57 91 89 
-87 34 -20 
-72 -83 160 
36 -9 98 
-4 179 -6 
160 82 30 
-12 -170 15 
-43 185 108 
-6 -25 -1 
200 13 -47 
132 -80 165 
127 44 30 
87 160 55 
109 46 184 
-145 140 132 
-187 -85 -80 
-5 -10 -95 
-82 2 -43 
-90 48 -10 
-117 63 102 
174 58 129 
66 -176 -86 
37 -7 -124 
61 -70 -161 
130 -170 -51 
132 -10 -195 
154 -37 129 
-42 -141 91 
105 -117 -80 
142 -123 24 
190 189 -69 
5 15 27 
-30 -107 -16 
18 -3 178 
183 -40 1 
-139 120 -33 
104 -57 81 
57 -102 -1 
133 153 199 
159 -190 151 
-1 -36 10 
-2 -73 21 
2 137 -26 
76 128 -147 
-3 163 105 
170 -71 -62 
-185 83 48 
6 -161 29 
-73 -48 -74 
-8 119 123 
168 -99 -120 
-24 -68 -92 
183 -106 189 
47 -8 105 
-8 -133 -134 
-30 -96 54 
31 -54 -90 
-155 -71 -63 
-83 105 -77 
56 2 126 
39 -61 51 
-152 74 -182 
47 -57 -27 
31 193 133 
125 30 -50 
129 -143 198 
-4 -15 55 
76 -190 -124 
123 107 103 
-55 43 -145 
43 -37 27 
-15 -161 23 
-86 171 151 
-22 18 -147 
-152 -175 -136 
82 40 -174 
-62 -115 -187 
64 60 95 
190 168 -67 
22 -171 152 
143 -51 53 
-9 -172 37 
163 35 24 
-185 -41 56 
183 -159 -164 
-133 109 2 
-60 111 16 
-92 -96 164 
-40 -167 4 
103 -43 -116 
