79 43 138 
-7 89 67 
-76 60 122 
18 -84 32 
200 199 8 
9 -183 -116 
18 45 161 
125 200 -57 
-76 89 -161 
-38 93 115 
-56 -73 -59 
-69 121 72 
39 -2 185 
171 -180 -153 
191 147 -155 
64 112 -86 
-117 140 25 
-7 105 -17 
1 22 87 
199 44 -73 
17 -133 -84 
-182 -49 -191 
-12 159 -4 
-184 -64 -105 
-18 71 113 
57 -35 -189 
78 8 156 
111 30 -143 
-176 -121 -78 
-110 -190 119 
-62 188 -44 
1 130 120 
109 33 146 
152 -70 3 
-115 19 48 
-172 113 -20 
-180 88 -107 
-10 -121 -31 
103 79 47 
73 12 -57 
-181 -65 -178 
-61 -29 1 
41 -90 19 
-113 189 -14 
183 -117 -31 
-114 12 103 
-58 -75 2 
171 167 53 
51 -194 1 
-94 -2 182 
120 91 143 
-40 -177 14 
180 -99 120 
126 40 -34 
-108 -57 -117 
137 -93 87 
31 149 147 
23 150 -130 
-74 -49 -200 
-130 -82 152 
194 119 27 
143 71 -94 
145 196 -81 
154 -121 192 
-48 -27 -177 
112 125 -179 
-29 65 -88 
-64 -84 61 
164 -87 115 
-62 -58 29 
-76 102 -169 
-28 104 -114 
-36 -16 -18 
27 81 -145 
-22 -5 -142 
-92 67 -12 
-1 -37 27 
148 -137 59 
131 -95 -83 
65 -165 -27 
-151 93 43 
-44 128 40 
17 168 -180 
35 52 -156 
27 -1 38 
-22 -100 162 
2 -198 18 
-72 -27 -122 
-25 3 104 
-169 175 -130 
-113 -82 -184 
-24 -34 -155 
-140 -192 49 
-146 120 -126 
-72 158 194 
-62 160 -114 
46 68 92 
-34 79 -147 
-68 50 76 
52 -23 190 
-182 -24 -130 
-109 71 -141 
2 185 -192 
-158 -163 168 
-116 -110 36 
-26 -132 177 
21 78 -98 
75 -152 47 
19 65 186 
111 -41 47 
24 78 186 
-72 158 -143 
-36 -173 -113 
-30 -131 -33 
-177 -155 179 
129 95 155 
-30 -123 59 
-33 79 -21 
-130 -12 -153 
-70 143 -117 
154 -32 147 
-183 191 -71 
-130 4 -58 
-126 52 173 
173 20 -118 
-62 147 70 
179 -67 3 
31 140 49 
-172 4 124 
48 -80 164 
102 92 163 
-23 -106 3 
-144 -70 -39 
-115 -139 -168 
43 -107 -39 
177 -138 22 
8 113 -194 
113 42 -193 
6 -189 -22 
-62 -121 -19 
111 41 99 
156 -178 49 
192 25 -76 
9 142 -130 
-91 -45 -198 
178 14 54 
-169 -119 -35 
-68 95 119 
-88 -58 -153 
82 -139 -73 
9 8 21 
-131 -175 121 
7 4 129 
54 -92 199 
-83 -150 -106 
-25 -145 108 
161 184 56 
125 104 77 
-131 1 74 
33 -136 180 
29 160 -58 
70 133 141 
188 132 150 
-3 -169 -167 
39 -16 -160 
40 3 -71 
98 -39 -183 
-154 128 -180 
-48 -162 124 
173 -141 151 
-87 -106 -92 
-78 -124 -156 
137 -107 37 
-192 33 82 
124 94 -113 
-153 -46 57 
-57 -146 89 
2 7 -81 
-85 151 197 
-70 -11 143 
-130 -98 -195 
82 94 196 
112 -64 -79 
-188 -91 70 
10 164 -4 
39 -27 -53 
-107 101 -187 
-117 26 62 
-29 -52 -118 
151 59 10 
51 170 21 
-64 103 -25 
165 100 108 
179 -5 -53 
16 -69 -200 
-22 -13 -167 
-104 -148 196 
-83 187 -117 
-36 -154 80 
165 -188 -180 
-36 -64 41 
-1 153 26 
102 -111 -139 
-46 -12 -129 
82 166 -28 
-1 -5 -178 
1 -69 -83 
-169 -87 -71 
-133 63 -179 
174 -76 27 
-137 167 109 
121 116 -161 
85 -134 -54 
-11 12 101 
90 79 29 
-117 -73 143 
-128 33 -94 
180 145 -1 
111 -124 -1 
28 194 47 
145 -168 34 
29 117 77 
-178 96 -124 
-194 37 -30 
37 -101 24 
-95 -39 4 
-93 120 -104 
110 158 59 
140 145 -98 
-97 -177 172 
-157 -174 -143 
-14 75 94 
170 77 131 
97 165 -93 
-159 138 14 
113 -137 57 
39 -101 -94 
143 -124 90 
-28 18 154 
149 -135 158 
-117 11 -88 
-121 -3 7 
-121 79 -18 
131 -8 -190 
-20 -65 -75 
-164 -199 161 
58 199 -200 
-64 -67 -167 
88 -4 93 
78 152 -136 
-3 68 7 
100 12 172 
37 -1 -174 
168 -89 135 
-72 -157 35 
-196 -75 -34 
-59 -174 -90 
87 73 -186 
-116 152 -156 
-29 -199 9 
182 -189 -5 
78 79 -188 
-189 -67 6 
-141 194 -35 
198 -179 -19 
90 195 -31 
-109 -90 -88 
-73 -103 -78 
-138 -76 -97 
174 -20 -167 
-23 -145 -143 
177 96 -183 
33 -27 -177 
154 -179 -12 
-56 180 63 
-78 -67 23 
-47 -146 172 
-174 92 -50 
23 33 89 
162 106 -18 
40 -105 19 
-110 -198 -23 
8 -98 171 
107 137 -103 
-105 74 20 
-69 -157 -85 
140 147 98 
31 67 170 
57 -123 -50 
-24 -126 -96 
-124 111 -14 
-14 -154 200 
87 70 20 
120 162 141 
125 -89 86 
-186 167 -103 
-134 90 129 
1 -12 -186 
-27 108 145 
143 51 44 
-46 168 -42 
102 -175 -165 
-72 16 99 
49 -125 54 
-22 -94 -173 
180 -29 -8 
-155 136 23 
64 -1 -82 
52 13 -146 
-101 11 -32 
-98 166 -9 
-86 -199 153 
147 17 -170 
141 174 -95 
83 -143 56 
6 -101 -180 
-167 130 -150 
-200 -50 -2 
-157 -87 -31 
81 -167 178 
118 -66 -16 
59 28 100 
-127 61 -85 
-16 -122 -191 
192 16 -94 
-57 24 6 
-179 111 -6 
8 -76 -61 
33 23 139 
188 133 -177 
161 113 -194 
-185 29 -11 
192 -81 22 
191 66 167 
-3 -69 189 
-148 61 -58 
-178 96 -10 
130 182 168 
-27 101 -88 
43 -152 -49 
40 33 36 
100 -74 171 
189 -33 75 
-101 44 -123 
106 -99 53 
157 -23 40 
-101 189 38 
120 39 -1 
-157 -167 -65 
45 10 2 
93 -33 -6 
-81 -37 -29 
-183 88 -153 
120 -13 137 
-38 114 -25 
58 152 55 
73 58 -109 
27 -37 -71 
-164 163 4 
-19 135 100 
176 5 145 
-72 19 1 
-61 59 -90 
-18 71 185 
-33 185 133 
141 -161 77 
131 -120 68 
-105 -102 -29 
26 -31 -13 
-141 87 -194 
44 -50 -129 
-11 -167 38 
-200 87 127 
-196 13 -25 
141 2 -78 
180 -58 -143 
-23 -128 -35 
-113 149 51 
-50 131 -189 
-49 -28 -10 
63 -47 84 
129 -172 -161 
-82 176 -39 
-84 17 163 
133 -197 179 
-193 94 155 
-83 183 137 
106 -92 -177 
-63 4 -18 
1 15 33 
86 178 107 
52 32 24 
98 174 40 
190 -42 49 
139 185 -116 
59 80 -55 
43 41 4 
-71 83 -145 
21 -142 143 
-46 -67 174 
-49 -46 134 
-55 -168 28 
-6 -102 146 
59 51 189 
65 -93 69 
156 -34 7 
35 -19 166 
-101 -120 -70 
182 97 -44 
-71 155 -21 
52 118 -8 
-200 157 -174 
-5 -11 -21 
-191 62 -129 
-200 53 47 
-2 25 -33 
-4 -77 30 
-21 176 124 
-103 132 -81 
-49 192 -152 
11 54 148 
72 114 36 
147 36 37 
177 -29 -92 
146 -176 -49 
34 133 152 
-98 -48 -42 
-97 -104 -28 
-80 -11 -125 
178 188 142 
-187 184 -24 
-169 194 58 
-19 -20 -34 
31 -141 24 
3 28 -76 
17 -165 197 
73 11 -13 
-127 173 -145 
-138 -118 83 
-181 -15 -36 
-181 -89 -157 
-129 158 68 
111 -158 70 
86 -35 69 
93 -120 167 
-193 -187 148 
-174 59 55 
-76 26 61 
17 162 105 
82 37 174 
-66 52 46 
-154 -15 -94 
120 153 -12 
-23 30 -160 
-178 36 35 
60 -34 -13 
-152 46 -133 
14 -72 116 
-191 164 102 
98 184 -35 
-156 123 49 
98 -59 18 
-96 92 48 
-91 71 133 
-156 -139 56 
2 -82 1 
-161 -48 -76 
-32 -64 46 
21 65 14 
-48 -138 -183 
191 75 136 
-22 146 -56 
12 73 -172 
29 189 88 
181 99 3 
87 -78 42 
126 55 -176 
-123 -126 -197 
-9 192 3 
-139 -1 -156 
188 84 141 
65 -71 30 
-195 94 -24 
162 76 166 
61 57 -111 
-60 -2 -108 
125 173 -86 
70 161 -42 
-22 -127 166 
-134 7 17 
103 20 1 
-109 -130 135 
-105 28 -75 
-96 8 -145 
123 130 128 
8 9 -17 
158 29 -66 
-97 104 -143 
114 173 96 
200 -90 -148 
39 37 102 
-192 -81 -123 
5 -31 -194 
120 4 -79 
92 59 131 
126 161 -28 
33 47 -11 
51 -84 -151 
148 -107 -109 
-17 164 -62 
2 80 196 
102 31 16 
-147 58 -79 
38 176 23 
83 -23 -36 
-154 -21 -2 
-115 -66 -81 
74 -31 -53 
22 63 58 
83 78 178 
-184 44 -31 
14 24 49 
-78 -3 47 
61 118 -78 
-97 -53 -2 
10 4 12 
93 -72 141 
-190 80 47 
118 -1 -135 
72 -8 5 
143 161 -109 
172 -136 -8 
55 12 83 
7 60 30 
-33 101 -50 
23 139 -44 
169 -18 91 
106 148 41 
142 -154 -119 
-50 -13 -17 
171 -45 59 
67 -26 82 
-69 20 -181 
-175 -60 -4 
26 47 -138 
127 -157 21 
-166 -190 -57 
200 158 123 
166 52 -15 
25 122 -116 
130 185 -60 
93 -158 -189 
-163 -52 -62 
1 -133 -90 
-115 -169 -149 
178 83 -69 
-28 -38 50 
-90 159 4 
109 -19 -69 
39 9 23 
-33 -122 -152 
48 1 141 
17 171 -60 
-2 53 -35 
-116 -112 -28 
131 -123 -8 
-68 -62 3 
-112 38 65 
-197 173 52 
38 -77 -88 
146 -6 61 
-77 15 140 
-195 -15 21 
186 196 -107 
6 67 -57 
-185 74 -15 
25 -58 94 
-27 24 116 
-194 80 -96 
-4 -138 121 
57 21 66 
45 -148 -39 
-130 -181 125 
-174 140 -71 
27 -60 -68 
20 -152 -14 
-5 50 -74 
-32 70 49 
64 172 168 
70 -3 143 
-135 138 -73 
-176 -195 188 
20 -6 -172 
-188 -118 -35 
188 -16 -47 
67 57 143 
70 114 3 
-174 87 -22 
39 98 36 
-31 -113 185 
144 141 37 
-60 34 35 
149 -8 150 
-16 -37 38 
-106 -96 126 
-74 -41 -7 
-198 41 78 
-32 100 13 
-170 -151 -165 
21 111 -87 
112 68 -118 
182 65 63 
-137 187 3 
40 169 21 
161 39 -56 
-41 -21 -24 
-6 152 -74 
-185 97 -89 
-176 -188 92 
188 -157 167 
-30 92 87 
-51 170 90 
69 127 -74 
64 -187 33 
14 -169 -116 
-109 68 -27 
177 -19 130 
-2 -197 -133 
21 66 -84 
37 106 70 
-181 98 6 
67 87 -2 
30 117 -118 
-196 -190 -191 
71 -152 15 
50 -23 173 
6 -107 61 
99 37 -118 
-171 -58 38 
136 -2 -49 
-72 77 43 
118 -109 -157 
118 -128 -154 
105 -124 40 
-62 -61 74 
-63 55 -34 
198 172 -149 
97 123 -32 
123 21 196 
-127 166 -184 
-89 118 13 
155 68 186 
-51 191 62 
153 184 -98 
-40 59 -94 
-63 177 -78 
120 -20 -99 
-119 -52 140 
39 65 45 
-102 174 -170 
63 -187 37 
140 -10 55 
190 -74 -148 
-70 -11 -124 
59 146 165 
-136 79 -60 
112 -188 164 
134 67 -184 
68 -133 -183 
-171 65 -80 
-18 110 193 
32 71 -188 
-30 -177 -154 
-15 -41 -143 
-77 75 -190 
180 35 171 
145 -108 -101 
69 53 63 
-122 -137 -193 
72 -144 118 
-52 -177 -50 
-106 82 -100 
-87 -72 163 
-5 66 74 
60 28 -122 
-74 31 7 
-170 71 15 
103 12 -152 
146 -105 69 
187 -20 58 
-175 -188 76 
-82 15 -92 
-172 22 -3 
-36 44 -50 
197 187 73 
-88 105 80 
-36 -87 -22 
-120 -101 186 
-152 -71 -61 
-53 -118 -51 
-176 -71 8 
-20 39 -166 
-52 158 46 
-12 121 107 
176 53 -5 
173 154 187 
-115 133 -170 
-20 -199 40 
83 -47 -110 
-15 -98 -116 
121 35 -147 
-24 -118 50 
-55 -57 2 
-133 31 -160 
-192 140 -88 
-146 -37 3 
-99 -63 -154 
-89 -79 106 
21 200 40 
-187 -77 21 
22 -29 178 
66 -170 42 
-35 -177 -122 
-151 1 148 
31 -98 -154 
109 -154 99 
116 -41 -38 
-48 122 -163 
-17 -145 114 
-8 -146 158 
60 1 41 
51 46 120 
196 8 -133 
-53 -46 95 
-104 191 159 
-76 -170 -83 
169 -183 41 
63 48 10 
28 -135 -45 
-121 71 -173 
107 -127 5 
150 -181 144 
-1 49 195 
-110 -153 -185 
-168 163 124 
-97 -114 90 
-17 113 136 
149 143 -112 
-180 63 -146 
119 -36 83 
-192 -30 -122 
-103 67 59 
-53 -32 158 
120 -33 -190 
125 -110 134 
16 32 -137 
-128 104 -168 
38 -197 -178 
6 45 125 
-99 -78 -188 
21 -119 25 
-50 -180 3 
31 -131 69 
68 6 -171 
38 -54 179 
151 -132 146 
-84 32 9 
-192 -165 -18 
-11 120 200 
-138 80 47 
-189 -80 -142 
154 -176 30 
-33 -163 3 
21 64 187 
-60 -6 -103 
51 -32 117 
-130 16 -11 
-43 19 -132 
-50 -88 165 
-5 -71 83 
-70 82 -23 
180 -129 -41 
76 -172 -166 
-144 -39 91 
57 6 105 
-151 -3 -190 
178 134 128 
18 -174 119 
26 18 150 
-169 31 -114 
189 182 -54 
33 -128 -102 
105 -69 -72 
-132 -135 -66 
80 48 57 
-200 117 15 
-115 36 197 
-188 27 116 
-151 158 55 
106 67 -73 
