-188 -160 64 
-110 -113 -57 
160 141 -39 
-121 -181 72 
42 -141 -136 
-140 12 8 
36 35 82 
-114 30 103 
-155 -8 22 
-161 -100 -133 
-141 78 -19 
-173 41 -143 
138 135 -80 
-114 -82 163 
86 85 188 
147 -97 84 
71 -183 -77 
199 104 59 
-165 42 17 
133 -19 -166 
-173 88 -150 
149 -12 113 
-153 2 -188 
-51 126 119 
-106 60 -5 
28 4 -70 
-129 13 -6 
31 -93 -7 
-144 128 159 
169 -124 -63 
-3 94 19 
60 196 -88 
133 -7 -123 
192 8 -169 
-90 -22 181 
-75 -126 -190 
-166 42 -33 
-116 151 -36 
-66 147 -94 
-42 160 -189 
14 35 -33 
-148 -100 -161 
-1 190 -128 
67 189 34 
154 -134 40 
-48 161 -54 
-86 -82 91 
-138 -101 -105 
76 -160 153 
-166 109 42 
-35 30 -101 
76 -138 185 
167 -17 -14 
16 -9 80 
91 74 180 
-5 -50 85 
-183 148 -156 
163 -170 -188 
111 166 -200 
68 -119 110 
43 38 -120 
-177 -159 -148 
-101 56 -48 
13 10 -53 
-78 -54 -167 
-9 77 141 
-180 7 73 
59 -156 58 
-186 -14 -129 
177 107 7 
-160 42 -80 
165 -21 -54 
116 -75 -76 
-34 -137 96 
-196 -85 -141 
-3 -107 197 
-42 126 39 
-27 106 148 
-75 -30 150 
197 -116 -157 
105 175 -127 
-177 86 -118 
-22 25 -8 
8 82 49 
108 12 61 
-115 -29 -194 
137 -11 24 
182 1 -178 
80 -152 -180 
-16 -10 4 
2 91 55 
-67 -26 -3 
136 187 118 
-48 121 118 
-197 -153 120 
159 -29 142 
-185 -166 -188 
-1 41 -96 
10 -56 36 
72 -34 48 
137 84 -117 
-14 -132 111 
-140 181 139 
-2 -98 21 
-75 -199 42 
161 -71 -56 
-39 -18 -34 
1 150 -129 
-91 3 -7 
6 50 -69 
181 -67 -47 
185 -165 82 
-64 -54 187 
-20 -80 -116 
-191 133 44 
31 -176 -6 
-154 -196 13 
132 -69 -44 
-135 -83 -112 
-186 -166 -90 
-10 -190 -108 
-160 -121 11 
16 13 67 
-85 43 159 
151 76 27 
40 -74 -157 
-68 92 76 
-199 1 -180 
6 -12 -48 
-143 -142 178 
-19 121 21 
25 -71 46 
-118 -109 -27 
-34 145 -142 
-20 112 69 
-180 -146 -7 
-36 -143 -109 
-155 -66 -140 
170 -105 -33 
21 -15 -27 
-183 78 -167 
-177 71 7 
102 81 184 
60 -181 69 
197 -139 104 
3 -159 -57 
-63 -69 146 
-30 -14 161 
-66 -184 -30 
41 58 86 
86 -103 131 
-32 157 -4 
166 32 64 
-104 84 -49 
-30 90 98 
-165 183 18 
-50 -49 69 
-112 66 -47 
-167 -137 79 
-112 -195 -177 
-28 -195 193 
-114 -44 57 
-43 136 44 
115 69 195 
-6 -115 -102 
87 -78 130 
-43 160 191 
110 -125 141 
81 135 8 
159 94 -3 
31 47 120 
192 128 95 
-114 99 -146 
44 176 171 
180 185 84 
-132 -15 141 
-151 19 -181 
-22 -53 18 
145 144 -190 
-76 186 136 
-36 -51 167 
5 80 149 
139 -140 185 
-14 -43 100 
25 -59 191 
146 42 -22 
-163 74 -67 
-196 67 89 
-47 -89 169 
-156 118 -79 
17 -153 106 
86 -157 -145 
184 115 118 
-8 -42 -142 
-170 -36 -64 
104 -176 141 
47 -112 -35 
188 -2 36 
66 69 12 
9 -187 107 
-175 -95 -36 
18 199 -41 
-31 187 86 
198 41 -173 
-4 93 134 
8 173 -45 
67 -142 47 
-104 21 51 
146 -184 150 
-194 36 -92 
-2 -63 146 
-109 -186 68 
119 -109 168 
158 -129 -165 
27 57 -75 
10 136 -67 
-113 -16 164 
60 -81 -95 
-78 91 4 
-151 -23 116 
124 196 -32 
-21 193 -162 
-114 -158 -19 
24 194 165 
16 55 106 
-170 118 -177 
108 -131 119 
92 55 -143 
-186 88 -7 
4 48 -12 
30 -182 81 
20 67 -44 
-124 119 -129 
133 100 60 
-85 157 -135 
-165 178 154 
70 -36 116 
-150 -158 -63 
112 55 76 
-110 -66 34 
-163 -166 -1 
30 -5 -9 
-63 -93 -147 
145 137 200 
172 89 90 
-2 -187 199 
161 -110 -181 
148 19 -55 
-26 -46 -176 
174 -108 35 
-108 183 164 
-185 68 33 
15 -170 -2 
-153 -166 54 
-29 -154 68 
25 -188 -147 
95 -14 116 
-61 -196 -16 
-89 56 83 
95 44 119 
46 -100 63 
-62 -8 136 
44 123 23 
41 200 53 
112 -140 -91 
-78 169 112 
-190 82 72 
128 14 8 
27 128 -90 
106 176 92 
-6 -91 -158 
-8 56 120 
52 37 181 
130 191 -9 
33 -136 185 
120 -180 200 
123 -42 44 
-163 -51 36 
-13 -45 -11 
-97 -5 -135 
-22 -160 -87 
-24 -45 103 
63 39 173 
33 -188 -46 
55 -10 13 
175 135 -72 
-162 98 -114 
-144 142 -108 
58 64 156 
-184 -152 -7 
-6 1 5 
165 -137 14 
-18 147 54 
-94 87 -163 
48 8 -99 
-102 -160 -168 
-140 80 101 
-164 -137 -51 
67 99 -125 
-88 111 -40 
26 45 -7 
105 -196 127 
117 -17 -108 
-105 -108 -89 
70 63 -92 
129 29 94 
-59 -75 -14 
137 -47 145 
-95 -21 45 
51 154 -49 
-43 -80 10 
-154 -45 191 
-182 122 50 
187 24 -128 
58 -164 182 
-56 61 173 
110 -129 112 
30 102 -8 
10 -44 -183 
-30 -121 149 
-15 -58 -186 
180 200 139 
-1 13 128 
-13 -6 120 
167 -32 -130 
-14 10 -3 
163 -70 13 
7 79 -16 
184 185 -175 
200 -107 141 
-152 14 77 
46 157 10 
-62 65 27 
20 6 -178 
-131 142 -42 
177 75 -47 
-69 195 -90 
-65 136 118 
196 -64 180 
159 72 175 
133 195 -161 
-18 99 -184 
-20 -37 -138 
34 47 -151 
6 -22 69 
39 -137 155 
-173 -185 -138 
197 -169 -99 
17 -145 -69 
-52 143 4 
39 -199 21 
-195 -47 93 
81 -49 -21 
-93 -194 144 
-118 165 -149 
184 167 -14 
-36 -53 43 
-47 46 56 
-96 -107 -71 
50 -14 -105 
-144 1 -156 
-55 155 139 
49 114 109 
63 -18 14 
127 65 178 
-45 -71 90 
93 -106 -180 
19 59 148 
-88 -39 17 
-144 -34 66 
82 -177 13 
-20 78 143 
185 121 44 
-160 -114 198 
130 -184 -165 
-129 81 -167 
158 27 -109 
-120 84 96 
13 -58 107 
29 -156 86 
-179 -85 -72 
-172 105 -14 
-177 -169 -13 
-35 3 -86 
134 155 -135 
114 73 46 
118 112 41 
108 -145 51 
144 -196 132 
-163 75 -109 
30 59 -189 
80 2 -151 
-96 -147 66 
-181 200 -100 
39 -96 89 
-140 -100 22 
86 164 72 
-169 -116 154 
-83 86 63 
20 -66 -12 
66 -188 -63 
17 -132 -109 
-11 109 155 
176 -41 -43 
108 -117 -46 
108 -65 -150 
153 -64 133 
-37 -127 -167 
-188 -32 158 
46 -61 -176 
84 -142 -6 
122 187 188 
150 13 107 
-111 -130 -151 
-124 -54 -122 
121 -182 37 
152 -145 182 
-154 70 -88 
170 150 113 
-65 -153 31 
-82 -2 -59 
-93 -2 96 
139 105 118 
-182 156 81 
-198 -131 -93 
-163 -68 60 
-47 97 -135 
123 -120 177 
-103 -117 120 
-105 -92 -190 
4 -165 199 
84 190 -157 
-133 63 40 
-45 140 91 
146 166 46 
146 -6 -78 
145 166 -142 
-22 86 179 
-132 -67 55 
-6 -112 -8 
80 84 18 
-106 128 -175 
35 160 -106 
-31 92 -10 
137 34 166 
146 -15 -95 
-148 60 162 
-37 44 -155 
4 -91 -80 
-106 78 4 
-114 -151 -4 
-9 144 -164 
-163 151 93 
147 69 168 
-49 93 129 
-32 23 8 
-118 168 -153 
-29 143 77 
114 -67 48 
-191 111 132 
83 -78 64 
-20 -174 -86 
79 46 -52 
43 -195 -95 
12 -140 -58 
-110 2 -112 
-33 -169 -19 
-195 -29 -94 
-117 -169 27 
-26 -163 172 
152 -150 92 
-127 -79 45 
-6 -176 -24 
2 144 199 
30 -164 185 
50 7 -9 
30 -130 -56 
-110 25 -174 
107 -76 99 
39 107 144 
-22 -94 -6 
-139 136 -130 
-71 -25 -105 
-177 -68 -109 
194 -24 -132 
83 -38 -6 
-148 134 128 
-43 -56 -8 
104 -58 -90 
178 -182 -121 
27 -77 14 
-120 -156 67 
108 -76 -179 
-1 125 17 
51 -120 156 
-52 -2 10 
-57 -116 -129 
116 -85 -164 
65 -192 144 
34 -101 107 
-114 78 -37 
-48 119 193 
177 102 33 
-188 111 109 
-174 -26 23 
44 122 -6 
45 -82 172 
-43 23 20 
174 94 -186 
53 -30 132 
14 -33 167 
-25 77 -49 
35 15 68 
-82 106 -91 
-30 189 -165 
-151 66 69 
-82 -95 -13 
68 59 -129 
24 -193 -61 
199 -38 -85 
-133 -36 -135 
57 106 -101 
-34 -27 139 
86 15 182 
-123 -149 13 
-94 23 8 
-24 80 -54 
189 -131 104 
-196 119 -58 
-121 73 -101 
1 -20 -99 
-40 171 96 
-91 136 16 
200 -175 103 
47 -178 98 
-132 -33 -111 
-20 -36 -130 
-1 -55 18 
-88 125 -3 
-32 99 -35 
-104 -151 10 
22 -184 162 
12 144 -2 
-44 -186 -143 
38 17 -139 
196 -39 -177 
-144 13 -106 
-47 -198 22 
-165 -142 -87 
-197 62 -37 
-7 3 11 
-28 103 -157 
-21 -163 -14 
197 48 26 
30 138 24 
192 59 -149 
69 -124 -191 
-29 -91 -20 
-12 63 19 
-39 20 -85 
-149 169 37 
5 -178 -43 
-23 110 103 
-36 -59 -141 
-198 -172 -119 
-43 62 -123 
84 78 11 
-136 69 110 
161 -190 -137 
161 -100 116 
-103 95 142 
-34 -51 -129 
95 190 -1 
142 -139 -159 
54 35 -74 
-93 78 18 
119 -158 154 
4 144 -137 
100 -138 169 
138 137 -78 
170 187 -46 
105 172 121 
21 140 47 
177 -163 -176 
-23 -153 -7 
76 -73 -77 
-135 99 -134 
-109 -183 -117 
134 -56 162 
168 144 163 
77 -171 12 
47 43 -86 
-184 -42 174 
-37 -172 100 
181 -66 -167 
-77 -166 -22 
53 -93 124 
-32 -159 44 
193 -156 148 
3 114 -160 
56 1 -7 
-193 -97 88 
114 13 -182 
-187 40 -121 
-171 194 -162 
89 10 12 
160 -23 -133 
48 -197 123 
9 93 -17 
145 -88 12 
-181 7 -148 
53 33 -44 
-47 160 -119 
-164 186 -68 
-1 -155 -74 
88 39 157 
-95 85 -20 
29 -146 -10 
193 -104 159 
154 124 -157 
-110 184 -77 
59 8 127 
157 -32 45 
1 -9 -143 
60 -3 190 
44 75 39 
126 -84 96 
-140 -193 -149 
-12 138 -127 
-68 55 -108 
-151 -21 -145 
-37 -5 80 
11 -42 66 
-19 125 -87 
-131 178 -195 
-179 191 -176 
56 180 -3 
-90 -135 78 
28 73 -174 
103 -199 -26 
-65 -199 -141 
-66 116 -92 
172 -9 -29 
-30 12 142 
-176 16 185 
166 -141 98 
125 -100 93 
147 12 -195 
11 -33 -197 
65 -78 185 
-55 159 -108 
-143 -126 76 
-22 -85 1 
-10 -20 137 
-74 -104 20 
-69 9 -73 
116 -7 -101 
-178 -197 21 
193 62 -68 
-42 116 -191 
166 154 147 
10 -14 -105 
108 -5 -200 
-94 91 35 
-158 -99 -83 
127 -153 24 
-8 190 169 
-31 111 193 
69 -16 196 
-152 -159 -63 
96 183 -92 
78 -156 -34 
-172 -69 -104 
195 -34 -96 
-149 -81 -50 
-29 -96 155 
-41 134 -106 
59 28 -121 
137 176 181 
29 -20 -188 
109 156 95 
-106 -63 -2 
6 -69 165 
-101 127 23 
-97 -4 171 
6 -109 -20 
41 -17 -60 
1 -88 -95 
-112 -82 -22 
-30 -96 -4 
36 -3 9 
40 -72 -25 
166 155 -111 
-77 54 26 
-179 -138 -195 
7 64 -191 
168 166 -9 
143 -156 17 
12 123 -109 
-49 -155 -65 
190 8 -62 
-180 -50 -45 
-129 137 -123 
97 -139 -12 
79 -171 82 
-169 22 90 
50 -76 -177 
23 -110 82 
154 -48 -40 
134 21 -200 
148 -93 13 
80 5 -136 
-103 -44 63 
27 155 25 
158 3 -77 
16 189 -160 
-164 -160 -64 
-116 151 -177 
182 -78 -172 
-136 -145 -164 
-131 -9 43 
13 -195 49 
-16 151 -60 
-184 -118 102 
95 -26 87 
-132 83 82 
31 -53 200 
189 8 35 
85 -76 -141 
-194 86 138 
-87 37 -54 
-99 108 3 
-14 -1 187 
10 -99 -9 
-51 126 19 
104 -35 193 
36 -54 79 
-32 118 175 
191 -192 89 
-4 91 174 
60 -105 32 
104 -99 -73 
-43 146 -167 
-146 140 -32 
158 -148 -3 
8 64 32 
-80 -101 -161 
89 -117 3 
136 -112 140 
112 -29 90 
-3 -167 -128 
-170 -3 -16 
-99 28 34 
84 -120 -6 
-159 -63 58 
-24 99 -152 
-125 -79 56 
-55 -9 189 
144 -149 168 
-4 81 33 
96 18 124 
-15 -185 -178 
-79 44 197 
-131 165 150 
22 -123 141 
-118 105 -157 
-25 -68 150 
159 -146 -103 
194 107 -49 
136 -134 -178 
-26 130 181 
18 48 131 
8 13 44 
-39 -198 -190 
-37 46 -42 
-68 67 -193 
88 38 129 
143 -92 -68 
196 157 112 
41 154 -82 
-119 106 59 
62 -187 -82 
-159 -63 161 
52 -139 -26 
-142 -111 15 
159 97 110 
168 70 131 
-34 180 36 
79 125 36 
46 -66 -41 
-58 18 -92 
56 -163 -174 
79 40 -126 
-145 139 -107 
-56 94 59 
112 -125 109 
50 57 88 
38 -134 61 
-155 107 172 
-140 59 -177 
