175 -178 -26 
-150 30 103 
-48 -2 -30 
-19 -138 -67 
121 -93 -80 
-120 5 -158 
-58 51 126 
-25 -111 70 
-133 126 -179 
-159 108 -6 
79 181 91 
125 -8 109 
-16 -23 -39 
-148 -60 63 
118 -96 90 
-29 -100 87 
-120 153 67 
-56 -132 -50 
-29 42 89 
14 89 36 
-27 91 -48 
157 -150 45 
-35 -40 175 
90 199 104 
191 -95 -146 
62 -67 -181 
-198 -25 167 
-60 -118 17 
-194 133 -147 
2 -34 107 
192 -141 156 
-99 -188 -166 
-105 -162 1 
197 -94 55 
193 -20 -74 
-40 -82 45 
-1 49 -93 
-47 96 -84 
-98 5 116 
-154 -43 184 
-163 88 -69 
-73 109 26 
120 35 -142 
-154 -63 -182 
-116 -4 -100 
-171 198 -91 
-31 -44 -115 
79 -85 -3 
13 -185 -109 
67 -118 -181 
159 6 -3 
-98 124 4 
-168 91 -150 
150 166 -56 
-75 -142 -95 
-108 190 62 
140 -80 2 
73 98 -128 
-128 -168 188 
194 -173 -29 
-31 74 -13 
-139 -145 -16 
58 196 36 
146 -27 -82 
-27 -120 1 
-148 69 117 
-66 -192 -84 
-59 14 -153 
68 -49 194 
46 -156 55 
-126 -187 106 
-60 27 71 
-55 -84 -161 
120 -33 60 
-20 4 -128 
-31 73 139 
191 -131 -134 
-193 -179 65 
-40 93 61 
22 173 4 
88 -131 -77 
197 -94 13 
-139 93 -15 
97 -172 46 
76 160 139 
-27 33 182 
31 -32 136 
86 -56 25 
161 -121 -137 
-48 32 46 
-69 35 88 
32 -157 -89 
88 178 40 
-143 41 91 
-5 149 117 
15 164 -123 
15 -178 -39 
-67 89 55 
-164 58 116 
-45 180 -116 
43 20 -172 
98 101 92 
23 98 53 
-58 -141 158 
192 -82 -36 
32 -99 197 
-111 32 -191 
-14 169 -21 
-33 97 87 
97 50 -148 
15 -77 157 
2 146 -136 
189 -5 53 
-85 30 9 
-24 187 80 
185 -65 196 
-107 -4 99 
-97 186 142 
-157 -194 -9 
95 103 28 
81 173 -160 
161 148 3 
80 -78 -7 
-79 -43 131 
109 158 -104 
136 21 189 
-33 158 -98 
49 183 196 
31 54 -21 
-187 -13 102 
-2 152 184 
-69 -26 -146 
165 98 10 
47 -85 35 
-39 179 -1 
-156 -101 134 
20 192 75 
-51 -1 -77 
41 82 109 
-53 -176 166 
-177 -161 -82 
-47 51 106 
-84 -46 51 
-79 155 -56 
125 108 101 
-158 135 -107 
-171 -128 72 
39 33 182 
-200 -100 133 
-154 -7 -48 
-115 70 7 
-18 -32 -121 
-83 17 -136 
161 -21 68 
67 -179 152 
15 157 -37 
-44 -128 79 
161 -45 -53 
-100 175 -7 
-3 78 -36 
-121 155 -135 
-173 -143 196 
-2 -175 25 
108 178 -190 
-178 91 -180 
-87 34 -74 
22 43 -39 
-16 146 10 
97 90 160 
198 -82 -76 
34 112 172 
-162 -10 -138 
25 -108 -111 
143 -48 -23 
32 2 -24 
-199 78 -31 
171 -199 -66 
-105 97 132 
-10 -27 -154 
28 2 72 
-31 -76 114 
11 -79 -28 
-101 187 82 
83 -153 -80 
170 -183 -38 
77 118 -180 
89 40 -90 
-48 -77 199 
-140 -141 137 
96 -40 163 
-74 -36 15 
164 -136 86 
188 72 -21 
-59 -148 91 
-112 -18 61 
-195 32 -22 
-110 39 -46 
-52 -173 141 
-108 -170 -34 
68 3 -40 
-140 -80 197 
-6 42 55 
24 178 -183 
123 197 -126 
101 10 177 
-163 -1 -86 
118 -176 5 
84 -116 31 
58 145 -70 
-6 -2 -164 
56 -99 -16 
88 122 121 
80 -42 139 
51 166 176 
26 -179 -54 
-111 70 -128 
109 -194 -73 
-114 112 -12 
200 69 -131 
-86 43 118 
-34 199 -197 
96 -123 -25 
-24 -170 -181 
-177 66 -12 
-104 -155 -52 
-83 -54 112 
-100 27 189 
107 72 -62 
31 89 80 
-104 -58 -28 
137 -24 -188 
-97 88 -185 
162 183 -123 
116 -29 -70 
111 -158 -94 
-128 51 116 
-33 56 40 
186 198 -1 
-144 136 75 
-80 52 3 
-40 59 -91 
-94 -106 103 
131 126 110 
9 -8 185 
69 195 -28 
-105 -192 -63 
-152 -83 -134 
-4 -85 30 
-156 66 35 
-117 -56 89 
-49 198 165 
-190 4 43 
-10 49 171 
93 -194 -184 
60 131 88 
41 -103 172 
-33 156 109 
-32 108 179 
-81 -36 -17 
147 -135 110 
3 197 88 
-58 185 5 
157 133 53 
188 18 173 
-60 -182 -138 
148 -3 -35 
-192 151 197 
-80 -136 -59 
32 -17 11 
74 79 -104 
127 -17 16 
76 88 164 
-58 -79 -87 
-179 -48 121 
-109 180 42 
167 -107 -51 
-3 179 -198 
-53 -134 112 
-28 124 197 
127 -177 -172 
126 -101 25 
173 198 -155 
-123 -97 -44 
-73 -33 -30 
-38 3 -195 
-11 -106 -10 
15 47 -146 
-191 162 -10 
-134 -186 -194 
-194 71 132 
187 68 -10 
176 14 -100 
40 154 -73 
43 165 -194 
8 27 80 
125 -49 -72 
-142 -64 143 
-9 -102 20 
-4 -199 -38 
23 -8 20 
2 69 59 
-168 45 17 
155 -189 -53 
46 23 115 
-105 -162 -20 
-101 40 -32 
-2 -191 11 
-114 -2 49 
-32 -69 -115 
178 42 18 
-183 63 -15 
-12 108 -134 
-15 -190 166 
-55 67 -34 
152 -81 161 
-32 -100 -22 
-143 -131 -12 
167 -20 -1 
5 -187 68 
106 124 -14 
-135 69 31 
-172 -157 114 
148 -56 -125 
15 174 105 
-186 196 98 
30 85 1 
160 88 159 
-8 -51 168 
194 -4 3 
118 189 -115 
9 -185 -182 
78 -197 159 
-77 -138 -110 
-183 -11 145 
-107 -7 -37 
-107 127 -23 
-136 16 -133 
24 -175 -169 
152 69 -72 
-95 70 9 
-45 -79 151 
-2 18 63 
31 102 -177 
-72 -177 -16 
105 -165 70 
-37 -33 -61 
-67 -128 138 
16 -71 -24 
16 123 54 
137 11 -88 
199 15 -36 
100 64 27 
22 -42 -62 
138 -77 -11 
27 -70 -164 
77 67 -143 
1 -135 -93 
-3 109 -51 
23 -43 144 
72 47 153 
-114 -124 -112 
155 175 -5 
124 -46 -86 
-11 -195 163 
-197 177 68 
-40 -154 67 
100 26 13 
107 3 188 
-134 -77 9 
169 97 8 
42 168 -171 
-25 162 -110 
-19 -6 -20 
123 171 -148 
152 -21 137 
106 -146 -137 
-20 19 80 
26 1 87 
5 55 -159 
148 136 -63 
-133 106 -7 
-123 18 -128 
-72 -69 -142 
78 34 -16 
-3 15 -166 
-1 -29 -166 
-94 -175 39 
24 -130 -43 
-189 77 -146 
-83 -49 106 
-18 53 -44 
-92 -13 -95 
69 48 -56 
70 -86 142 
-116 125 183 
-91 -145 177 
-185 94 95 
-155 143 -196 
-149 -1 -37 
-183 -186 86 
139 196 56 
-12 -24 49 
76 -8 -147 
74 -141 15 
-164 147 27 
-48 44 -29 
103 120 -134 
-5 -198 -149 
-163 152 -185 
195 135 196 
140 -187 -194 
11 -189 -1 
79 45 60 
-161 112 -122 
-26 125 -69 
21 -25 70 
84 -31 122 
196 -107 -72 
66 100 -79 
177 45 12 
118 -177 -160 
-124 -66 -52 
-146 -104 -190 
34 175 -39 
146 -89 124 
-19 -13 108 
-77 191 6 
38 -32 -98 
-76 22 155 
141 -152 1 
36 113 -11 
-153 -32 -105 
-168 62 -13 
-30 54 -36 
-133 -105 147 
-1 133 97 
-182 140 -29 
-9 36 -93 
-81 95 -6 
-24 153 -139 
32 -110 60 
103 47 -18 
-127 -27 185 
181 96 49 
-172 -56 -100 
72 -50 126 
153 -57 -3 
-2 -90 23 
-111 -97 78 
135 -84 -143 
79 -110 56 
66 15 -173 
20 -174 -63 
139 102 -30 
-39 -68 104 
-120 48 89 
65 163 143 
70 -38 2 
-24 20 -54 
-15 169 -176 
-130 -154 183 
-17 25 -108 
-6 -52 71 
-44 98 -2 
181 -187 -156 
-139 -176 36 
-12 -81 -35 
76 -41 -22 
10 50 -20 
34 -181 84 
111 -166 -43 
-17 21 137 
-191 150 -7 
183 178 -91 
33 -60 111 
182 127 -21 
176 -59 -193 
-13 192 68 
189 -148 -49 
91 -150 -59 
-14 -147 -63 
-192 81 -121 
-92 -82 27 
-5 -43 -65 
-35 -9 105 
-122 -51 32 
97 -143 -156 
43 -37 12 
-148 -192 132 
159 21 -9 
-74 145 -143 
-173 -134 185 
48 -34 168 
179 137 -161 
-54 11 -134 
-108 61 -172 
149 138 93 
45 183 19 
-136 169 44 
32 199 -109 
-153 -142 -151 
-141 -23 64 
-98 9 -5 
-186 130 -178 
-133 69 129 
-13 79 -68 
79 -96 -141 
145 151 -110 
124 -125 33 
56 -59 -185 
-175 -185 -88 
66 186 26 
-2 -29 -37 
-194 -24 119 
-109 -144 47 
-62 -16 -27 
-28 -68 -107 
12 -8 166 
-3 -69 -97 
-176 158 -77 
81 92 200 
-133 56 -67 
-10 120 16 
18 -91 -175 
-70 14 -4 
63 -125 -171 
92 161 -48 
128 79 54 
124 2 103 
34 139 -138 
189 -64 -145 
190 -8 21 
55 90 125 
169 -135 33 
91 -24 -157 
74 12 182 
18 66 61 
125 124 -76 
28 8 131 
-40 -120 134 
-73 117 -13 
7 10 50 
-49 -41 -65 
-17 -80 -180 
-106 -18 -23 
-161 190 -174 
-190 76 -142 
-135 -69 -140 
-55 11 -58 
-120 -151 21 
-107 -86 109 
-144 -121 195 
138 -86 56 
85 -167 26 
-176 -10 -114 
56 113 74 
-104 -189 -64 
-41 -129 -87 
172 -160 32 
131 65 -168 
-45 35 -106 
164 20 -141 
-99 122 28 
-191 68 133 
-193 102 -73 
-141 27 -9 
-91 59 -50 
12 61 86 
39 -178 -149 
28 2 7 
-181 132 76 
50 145 101 
-108 173 -38 
31 22 48 
1 81 -88 
-182 -153 -4 
116 -182 166 
65 -96 -108 
-8 153 186 
143 -93 127 
29 36 121 
-61 -131 -173 
66 -99 93 
-69 -144 184 
-82 77 -49 
68 34 -60 
4 89 -126 
-142 -135 38 
192 -186 -180 
136 8 18 
-159 -2 -94 
101 -37 -149 
-127 -79 -22 
54 -81 111 
-189 178 131 
21 76 180 
-19 -13 -145 
3 -193 44 
103 -37 -173 
-192 -4 63 
-78 141 -191 
49 -132 193 
167 199 31 
-133 143 135 
-115 -77 143 
-171 85 101 
-193 -126 101 
115 -176 -111 
36 -80 -21 
-161 58 17 
126 -94 -35 
-27 -175 -157 
-21 155 -79 
97 3 -87 
115 103 35 
-172 -129 48 
65 119 -166 
-69 10 -122 
-153 -94 -47 
23 11 181 
146 -150 47 
174 -81 -151 
-183 -13 122 
-107 -97 -57 
-5 134 -77 
-68 146 -196 
8 75 -113 
14 57 95 
22 94 -55 
-165 88 33 
-66 7 -144 
-122 104 -61 
-31 2 196 
-88 -178 141 
-116 -54 103 
53 -70 45 
-61 -73 -130 
41 -5 -34 
-106 -161 36 
64 173 -69 
-7 61 149 
65 191 36 
142 40 -92 
-149 -63 -2 
191 185 141 
-72 67 87 
3 -198 -70 
-165 -106 46 
-29 -11 -116 
3 31 -4 
36 -175 162 
70 -162 67 
9 179 -112 
-57 6 33 
79 -49 142 
-169 160 -132 
-59 42 142 
9 -95 2 
72 194 14 
139 43 38 
-12 112 143 
140 -1 -23 
6 56 -32 
-7 51 -92 
195 -13 -69 
35 176 199 
200 -197 167 
192 184 111 
129 -13 18 
-14 -194 68 
168 -110 99 
197 42 148 
78 196 -95 
-185 -72 -62 
-35 85 155 
70 -41 -157 
13 -159 -160 
-52 186 175 
-1 107 69 
32 -182 -42 
118 -131 -6 
-127 95 19 
-41 -86 -191 
-80 -4 37 
25 109 -8 
98 -3 122 
104 -132 136 
142 35 -64 
-8 -26 -102 
-69 -118 -82 
-58 -144 49 
-150 -87 101 
-32 -115 -160 
-191 -96 64 
20 -150 -47 
-81 121 -54 
-11 -15 85 
19 -101 13 
-119 11 -123 
-87 -47 18 
126 -135 -109 
-199 103 -76 
-143 75 12 
69 -29 -14 
-117 -31 101 
18 100 -125 
-83 -163 32 
192 -151 140 
11 31 27 
158 -65 -195 
2 -75 4 
94 -124 99 
-58 92 -29 
174 -32 -53 
-121 -42 199 
-78 -144 2 
-46 159 -1 
138 188 -145 
159 -75 -41 
-20 192 54 
158 108 -129 
-145 53 109 
-56 -28 163 
77 196 -10 
160 -2 -24 
135 -111 156 
38 110 94 
-52 -6 120 
-181 -185 16 
-16 194 122 
-174 -43 15 
180 159 -121 
-131 -179 -88 
126 -103 -39 
-109 -184 2 
18 -123 -5 
130 168 91 
26 -103 -67 
193 -156 -29 
-129 -194 -31 
-77 134 50 
86 -100 -173 
-100 -47 -155 
2 12 -1 
44 -51 4 
-50 128 153 
118 88 45 
152 183 -2 
-11 92 162 
-163 52 -190 
-58 43 154 
153 126 157 
92 114 -128 
-39 7 170 
-199 134 -37 
-166 65 -187 
175 -180 192 
19 -106 -53 
2 -163 13 
-101 132 -22 
-180 -83 -73 
-5 -180 94 
-88 -103 143 
-44 1 -59 
-15 95 44 
129 62 -196 
98 53 57 
-165 -181 -120 
14 -188 -70 
16 179 -38 
-175 -110 130 
-107 -26 6 
-45 -196 -96 
47 23 9 
-27 -119 185 
143 25 -17 
-144 169 -46 
171 142 -110 
-1 -46 -70 
132 -54 -80 
-162 -26 199 
139 -65 32 
25 -133 -100 
152 115 -178 
-71 149 29 
16 -194 11 
16 -33 126 
-172 145 165 
-89 -23 -6 
-188 -88 199 
62 -9 -101 
-66 70 176 
-145 152 198 
-27 -183 -14 
-44 111 86 
-30 3 54 
-75 -82 139 
-144 -43 -60 
73 -80 114 
91 17 160 
