-42 -191 -26 
-4 -78 134 
3 -1 51 
33 124 -1 
-34 110 5 
-61 -2 -12 
186 5 -3 
14 18 -1 
1 20 36 
3 -71 12 
5 12 -72 
-3 2 -1 
11 -7 181 
2 75 -1 
-15 2 -9 
99 -2 -3 
-1 2 178 
-65 -43 -2 
-12 -19 1 
20 4 3 
-52 1 -2 
-1 5 83 
-34 21 17 
-63 -2 1 
66 2 -72 
-31 -1 2 
-33 -24 1 
-1 -81 -2 
144 -66 4 
3 68 5 
-17 6 -4 
2 -24 105 
-10 11 1 
-126 -74 -110 
48 -121 -2 
1 -12 38 
-2 80 66 
-163 -20 36 
16 43 27 
-8 62 10 
6 -48 -1 
5 67 3 
-187 35 -2 
-3 172 -8 
2 1 -67 
-14 4 -3 
-1 3 -9 
-1 9 -18 
-58 44 20 
-10 1 32 
-2 -5 106 
-1 -23 -2 
-19 7 -14 
-5 -1 3 
-1 -17 -36 
-89 -21 -25 
-7 112 9 
-13 193 56 
-133 -37 49 
3 -104 -55 
10 -109 1 
-176 2 -1 
10 -49 -3 
1 -3 43 
2 3 -54 
133 2 -1 
-16 159 104 
1 8 2 
-4 19 10 
-5 52 15 
-79 -135 -81 
-13 -3 84 
66 3 -1 
-74 -1 -120 
-2 -6 -29 
-17 2 -5 
-3 -1 39 
88 2 -1 
160 3 -5 
1 -160 2 
41 -8 22 
-1 -4 6 
-3 1 -8 
19 41 -26 
146 -5 -10 
5 -13 26 
-46 -194 50 
45 1 2 
-3 12 -5 
16 122 30 
108 -5 1 
-18 13 48 
-10 3 140 
-11 -64 22 
-115 48 -65 
26 -3 -8 
4 -42 -1 
32 2 3 
-24 -94 5 
-173 -17 7 
-3 8 -1 
-16 -11 158 
1 16 -4 
2 45 4 
20 -41 -173 
5 -82 4 
-63 -84 -170 
-79 -1 14 
9 70 -2 
-3 -96 47 
-43 -23 -144 
-1 117 155 
-12 -17 6 
1 74 5 
-6 51 114 
-1 13 31 
55 53 -46 
2 53 27 
1 172 78 
5 67 -2 
-1 18 -90 
-1 4 -174 
43 8 -10 
-14 -42 -7 
-27 21 -1 
5 9 10 
-47 -155 31 
-1 -7 -2 
-137 11 3 
4 37 -1 
5 17 -84 
-1 5 -3 
1 -48 7 
2 10 -18 
39 -16 186 
-6 171 -15 
159 1 -22 
1 2 -5 
15 1 10 
11 1 -104 
34 -8 -3 
1 8 26 
161 1 -10 
-7 101 -25 
-55 -180 1 
78 148 143 
-4 88 22 
-29 1 2 
3 44 -54 
5 -37 30 
193 -1 -118 
-2 3 30 
-19 -1 4 
3 8 13 
25 -2 124 
-1 -2 143 
4 -2 22 
-87 5 -27 
-190 -74 26 
160 19 5 
-3 -5 122 
9 -2 1 
1 11 -174 
1 8 -129 
-5 1 23 
-29 3 -1 
171 -4 2 
116 -174 134 
79 -21 3 
-1 16 21 
13 -2 10 
2 16 -1 
-12 189 -5 
-1 2 -8 
5 -3 7 
-1 -5 -7 
7 -2 -14 
-1 -55 132 
2 -5 86 
-80 4 -1 
-3 -4 -6 
-13 1 141 
-25 21 91 
-8 -97 -7 
-3 -80 4 
12 74 -31 
-2 -11 -45 
-1 2 65 
1 -144 3 
12 2 -16 
-57 46 -8 
2 -1 -5 
-101 56 12 
1 -13 22 
6 89 71 
-6 -1 -23 
-3 7 2 
7 -20 6 
49 16 44 
-182 -1 -6 
9 -1 13 
-59 -8 -14 
-54 -11 5 
-7 -59 -1 
-149 1 165 
-16 -27 32 
-1 -152 -18 
17 -14 -1 
-1 108 -7 
1 7 -23 
-15 -1 79 
-4 41 36 
-1 -7 5 
11 18 -45 
-5 13 3 
8 11 146 
-75 136 1 
29 5 1 
-10 40 2 
-193 9 56 
28 1 59 
15 -11 -60 
-1 -46 -11 
-17 -63 -5 
1 2 -160 
1 3 -2 
30 6 159 
177 -1 -32 
13 -7 -2 
1 -4 23 
-1 -33 -13 
14 -8 -2 
-33 -21 81 
-1 -9 -3 
2 -1 108 
64 -1 2 
-1 -19 23 
6 1 -119 
189 -20 -19 
7 48 -18 
-87 162 1 
-6 1 -42 
16 13 -21 
82 -1 114 
1 -35 -37 
75 -184 20 
-53 -1 7 
15 92 -17 
3 1 -22 
-44 5 -2 
79 16 83 
6 -169 2 
-1 -4 3 
1 10 -3 
-2 -3 -9 
-1 13 9 
-61 68 -4 
18 82 1 
-137 2 4 
-146 14 2 
30 158 -11 
-1 10 -7 
3 -6 -31 
3 17 7 
-9 -58 44 
-11 1 -58 
2 132 155 
-2 -30 19 
-73 -1 -179 
-2 -3 5 
-9 21 -8 
-4 -2 -9 
-93 -11 -3 
27 106 87 
-7 -1 22 
2 -1 -50 
2 -1 9 
-168 -36 1 
-12 -63 8 
-22 -165 -3 
7 -3 15 
43 1 15 
-2 -3 -1 
-34 50 -105 
-1 -5 -77 
-13 -116 63 
-1 -15 150 
-1 -115 70 
-7 48 62 
-109 6 4 
7 1 -5 
20 -4 120 
-12 1 -43 
17 2 -123 
93 -35 -100 
7 -21 67 
-27 12 -11 
-3 32 -1 
1 11 153 
-5 148 -26 
21 -3 -8 
-17 -24 2 
6 155 13 
-107 24 6 
-2 -11 -5 
38 -1 -23 
-2 -128 3 
-1 48 130 
-47 2 -1 
-15 146 -1 
-171 -33 85 
52 -1 -18 
-1 20 -2 
-101 -48 -1 
4 64 -3 
107 1 112 
-77 -5 -39 
-1 -44 160 
-1 -63 168 
183 -158 -19 
-2 -62 1 
-17 26 -20 
17 16 -8 
67 -3 -2 
-9 2 180 
-14 45 38 
-27 -51 -158 
9 -169 -19 
-38 1 -26 
-103 -3 -1 
1 2 -14 
-4 7 1 
-45 -36 -14 
17 49 1 
1 -27 -43 
12 8 1 
1 -2 -3 
42 54 -78 
-81 104 -122 
9 -25 -1 
47 -89 2 
-49 -101 -95 
4 17 -21 
-1 -78 151 
40 -1 -6 
-1 3 -73 
-8 78 -64 
17 1 51 
79 -4 121 
60 -58 -157 
-148 -14 -55 
-34 1 6 
-8 1 10 
3 6 17 
7 5 4 
-5 1 -17 
26 -3 -8 
-70 -17 -20 
10 -1 -6 
11 -6 4 
2 -75 -10 
-6 -2 -53 
38 -6 16 
1 14 -99 
4 7 1 
-20 -22 2 
-40 93 -4 
6 -8 -13 
12 8 -6 
1 72 -70 
4 111 -2 
-3 -1 8 
5 28 -7 
-10 -3 60 
-157 -174 112 
-18 2 44 
-76 -75 7 
1 9 12 
7 -150 -2 
4 44 2 
-69 -28 101 
-20 3 -171 
3 -93 2 
-1 27 16 
-4 -2 141 
61 1 -181 
82 4 1 
-51 -4 -39 
40 4 -20 
-167 -2 21 
8 183 1 
84 -10 86 
79 -2 32 
-173 -63 -2 
-4 1 -3 
41 -5 -1 
-8 -7 -12 
14 -2 -186 
-1 -4 84 
-2 164 1 
2 5 -22 
-59 2 1 
53 3 -1 
-11 119 -12 
2 146 -1 
5 91 2 
3 -10 -1 
-2 61 -4 
1 -162 10 
1 106 -69 
132 -14 -1 
-92 -31 -7 
-29 -9 -1 
-188 21 -5 
-61 200 1 
-2 -15 54 
6 -2 -17 
-38 -3 39 
-7 97 -11 
26 3 -107 
1 125 -2 
-3 6 -1 
-69 56 3 
-9 3 -11 
-1 -6 12 
-1 -4 155 
184 68 -1 
-2 -8 -102 
-177 -7 98 
14 6 47 
-21 -11 -1 
-176 29 -35 
51 1 -35 
-14 1 -131 
1 158 2 
3 -27 28 
-38 179 -3 
6 36 62 
-2 -57 17 
30 -20 1 
1 2 -82 
48 -111 5 
-20 -18 51 
135 -9 -2 
1 14 -46 
4 -2 23 
4 -50 130 
155 187 -3 
5 2 -1 
5 -56 -18 
-1 -7 -3 
22 -27 -5 
-10 23 -29 
-62 6 -10 
-2 -1 -19 
-33 5 84 
1 46 -58 
4 8 127 
-1 3 2 
6 22 99 
176 -2 45 
-19 6 8 
-42 49 -1 
-6 13 2 
-10 102 -34 
-9 -4 -1 
-27 -35 -1 
-1 45 -3 
-141 -7 9 
-37 -1 -128 
-19 -6 3 
-2 1 37 
-176 1 -7 
-26 5 2 
-59 -119 47 
179 1 56 
-170 62 1 
-13 88 -51 
12 -1 -4 
-4 -2 -12 
171 -31 -68 
108 -2 4 
3 -89 -6 
-8 3 1 
2 -3 -32 
-36 4 3 
-3 -8 54 
-1 4 -16 
3 -1 169 
-1 11 -3 
90 -19 -1 
11 24 4 
-24 10 18 
1 -8 -6 
-6 -5 -1 
4 -54 13 
-1 -113 -2 
-50 87 -82 
-2 1 -10 
16 -3 -23 
-20 1 -83 
-50 33 1 
8 -38 -7 
1 -125 95 
3 -4 -23 
2 -3 -42 
34 -1 -21 
20 3 -1 
-32 -22 1 
190 2 -7 
-2 -48 -63 
-17 -10 -23 
-24 67 -11 
-36 -1 -4 
-119 14 116 
23 3 144 
129 3 21 
174 1 5 
-54 16 2 
-9 -12 8 
-2 1 9 
-2 35 4 
-167 6 186 
-1 2 -5 
-11 -27 15 
-3 178 -1 
-46 7 -16 
2 1 4 
-110 -18 -2 
-2 1 14 
-57 -55 200 
-16 5 18 
-7 -152 -10 
3 2 -36 
118 114 34 
-21 -1 142 
5 29 6 
1 6 -49 
77 -28 9 
2 49 29 
-1 -10 -20 
-1 -4 3 
-74 91 1 
-10 29 12 
1 -6 -14 
-169 9 6 
-6 -2 -16 
-61 41 -6 
-3 76 6 
-66 17 1 
-33 8 -2 
122 2 4 
-1 -199 -54 
-2 1 -37 
71 25 12 
-19 -21 -3 
12 1 -10 
127 -77 1 
-43 161 -38 
1 -11 163 
-3 -6 2 
9 -1 15 
-32 3 -1 
49 -191 -104 
84 44 -9 
-1 -79 -15 
-2 26 -97 
3 -8 9 
5 -6 20 
45 1 -18 
-16 -1 -112 
-2 -146 -1 
-2 65 -6 
-1 3 66 
3 -2 -123 
-6 1 9 
32 9 -4 
83 -190 4 
-38 -2 -10 
22 -31 127 
-7 -28 12 
5 11 2 
6 1 2 
45 41 -1 
9 -6 12 
65 -4 1 
2 3 -154 
61 3 1 
-11 -42 1 
-30 -54 -5 
1 -10 2 
-2 -3 171 
5 2 -13 
1 -47 4 
116 -1 -6 
90 -2 -28 
-58 4 -20 
75 1 26 
76 41 -14 
-1 -155 -3 
58 -5 36 
-136 -6 29 
-18 -3 5 
102 5 -51 
-1 -3 139 
4 17 78 
-2 6 4 
9 -62 -2 
-2 4 -71 
-11 3 -1 
12 98 1 
-27 16 17 
-1 -7 5 
50 -4 -1 
-7 -2 -32 
9 -88 -39 
-143 -107 1 
173 -1 4 
2 -5 -1 
1 95 119 
3 -5 2 
-70 155 -15 
1 -92 33 
-20 -10 17 
1 177 -161 
1 -194 -8 
-83 41 -24 
185 43 -26 
61 -9 1 
5 2 4 
-62 -184 -3 
-3 -1 101 
-4 -5 96 
1 6 -2 
81 -52 50 
1 15 -7 
-23 -3 67 
5 -31 -1 
-160 -26 5 
3 -23 -4 
18 62 -165 
88 -36 -194 
-1 -5 42 
-2 -1 110 
-89 2 27 
24 -9 5 
-7 17 -136 
1 -5 26 
-5 -67 3 
21 30 -6 
57 -65 122 
-23 1 -16 
-92 -1 -152 
196 23 25 
167 3 5 
-4 7 -10 
152 -10 51 
-196 -1 -27 
-155 -127 -1 
1 -35 25 
15 -47 -1 
-80 5 -20 
-3 7 -1 
-54 -1 -4 
-1 2 -36 
-3 1 20 
-83 149 88 
57 -1 4 
-11 -1 -102 
9 22 -119 
-77 19 32 
-41 3 1 
1 9 -55 
43 -18 2 
-78 -9 28 
16 5 -4 
-98 -12 113 
-100 1 20 
22 -13 2 
26 -1 7 
-92 -30 2 
-9 -27 80 
3 -2 -1 
10 -22 6 
1 -44 -6 
-1 120 44 
-4 -112 55 
4 15 -121 
24 -160 -38 
4 -62 1 
60 -9 1 
-17 -1 116 
-15 19 -43 
-162 12 -89 
21 1 -66 
-172 -97 1 
-1 38 7 
1 -7 -2 
-26 -1 2 
5 1 58 
3 -2 -1 
30 1 4 
106 1 4 
-2 4 -49 
1 -5 -4 
2 -10 17 
3 -6 -37 
-179 1 2 
71 -3 -172 
-40 18 36 
150 5 35 
7 -143 -166 
-2 46 3 
-30 -26 -193 
1 85 38 
-3 5 16 
1 -2 -14 
-13 -7 142 
-6 -1 10 
-54 23 84 
1 -5 31 
2 4 8 
113 18 -59 
-39 -1 -14 
-8 77 -54 
35 12 -54 
3 -63 2 
22 -1 -2 
-33 5 -6 
26 -1 13 
77 3 1 
-6 -114 3 
81 6 42 
-14 -1 7 
6 167 1 
-9 -5 -2 
8 100 -31 
-13 -2 -5 
18 41 -8 
158 9 1 
-1 -62 -3 
-99 -6 2 
1 -2 -186 
-63 2 153 
1 4 39 
-71 7 -16 
-5 6 -23 
59 15 -2 
-6 3 16 
1 -12 -8 
-115 -10 -79 
-7 108 4 
-1 -85 10 
1 -4 6 
-4 -31 6 
-1 3 12 
-60 1 -72 
-113 -1 -88 
4 1 -6 
17 131 183 
-133 -13 -149 
-5 -1 3 
3 38 2 
-1 49 -2 
148 2 -5 
2 -14 -30 
-20 2 -83 
-1 -4 -11 
-63 2 3 
-1 53 12 
70 30 101 
-1 130 -39 
3 71 -1 
-14 -5 4 
29 1 -10 
1 -164 -132 
-24 -47 -98 
14 46 74 
62 -2 7 
-2 10 5 
-177 27 3 
19 75 -7 
38 3 1 
34 7 2 
110 2 6 
-5 2 -31 
2 3 15 
-27 48 5 
107 -143 1 
-112 -3 -107 
1 -43 -14 
1 71 37 
16 -4 28 
2 -3 14 
4 14 6 
2 -66 -68 
-45 -89 -52 
-21 5 -1 
3 5 -42 
-103 -64 5 
