-17 -9 7 
1 -26 129 
-141 -76 -1 
4 -150 166 
-144 -33 -24 
9 -111 -2 
-6 129 186 
24 3 1 
5 10 -4 
-2 1 24 
2 1 -4 
16 1 14 
-2 17 116 
12 16 -1 
-1 -2 -41 
-15 1 -2 
-13 3 -10 
-3 40 -59 
-2 -1 41 
-12 -10 4 
179 -1 -41 
-34 -1 118 
-161 10 58 
127 12 -101 
48 66 123 
67 -11 5 
31 -1 6 
67 -101 120 
-2 -31 44 
-30 -17 -166 
107 -3 80 
2 -15 -42 
-151 -41 -3 
54 -6 -42 
-110 155 -9 
3 -60 17 
3 73 -32 
13 -6 -102 
7 9 -124 
-18 4 -2 
92 3 12 
-67 2 -3 
49 1 -17 
14 36 -7 
1 8 -4 
-6 54 -1 
-2 118 -3 
-50 -1 -87 
-28 162 -37 
2 -54 171 
-1 -74 -39 
183 54 -34 
-5 -19 -1 
2 -45 34 
-46 10 -15 
-5 -4 -18 
29 1 2 
-1 30 -3 
-72 4 25 
1 -54 26 
-14 -69 4 
-14 -11 -1 
-1 -5 -18 
-126 -1 -68 
-1 61 51 
1 25 -10 
-37 -2 7 
-5 -26 -44 
17 -59 1 
-8 1 71 
30 6 -63 
3 26 79 
-1 -2 10 
36 -40 -3 
72 1 -184 
1 -117 -139 
5 2 -185 
-55 -6 -40 
16 -12 -69 
-141 -172 2 
12 -3 1 
-1 -6 28 
2 11 -137 
-8 6 29 
-12 55 3 
165 1 40 
3 -4 -68 
24 2 -1 
-38 -2 -3 
-24 -22 -3 
33 2 4 
4 -12 189 
6 2 -139 
44 -10 -43 
21 -25 -3 
-5 -1 -12 
4 2 68 
1 77 -18 
129 21 1 
6 -1 -3 
-7 102 -4 
-2 15 -111 
-38 -2 138 
-11 -5 -1 
7 3 -1 
-6 2 -5 
-1 -46 -2 
-1 -78 -3 
-1 18 165 
1 11 3 
-1 -46 40 
-132 1 21 
-100 -2 -12 
-104 -9 1 
-19 -1 -44 
-3 -1 29 
7 -192 -8 
1 3 -24 
19 3 -85 
6 1 99 
-1 -2 -69 
-49 -60 9 
-4 -46 2 
-55 1 115 
23 -195 -2 
5 184 -9 
-5 7 -8 
1 -7 -64 
135 -42 -18 
-8 -76 -80 
-12 9 5 
13 -4 -23 
-6 1 10 
-6 -1 -3 
-1 133 2 
-1 -45 9 
-7 -37 -1 
52 -53 10 
-2 -93 -6 
-2 1 -4 
-1 -8 4 
-85 -32 7 
7 -86 30 
-1 53 -127 
38 1 3 
-142 17 143 
-139 3 -4 
-31 -35 -4 
3 124 -2 
-194 18 1 
132 -1 -13 
-28 125 -6 
38 -51 -35 
-34 1 -54 
6 1 2 
1 -20 -4 
-4 2 17 
35 68 1 
2 7 1 
-38 1 2 
2 -3 21 
91 -1 -43 
-6 35 71 
-109 21 -81 
11 -12 -15 
4 -29 -3 
-44 2 -1 
29 -9 1 
95 -31 133 
-2 4 -3 
14 -2 10 
-8 -1 -130 
1 -12 41 
-17 3 -1 
-114 -86 3 
12 -92 -2 
-29 -8 -23 
7 -6 -1 
-4 126 200 
-6 -1 25 
2 9 16 
114 -49 8 
6 -19 89 
6 -65 -1 
-100 -140 -1 
-3 -50 1 
115 -1 5 
138 -1 64 
10 1 73 
-2 -45 106 
-3 -20 7 
81 -146 -159 
35 76 -55 
-1 37 -176 
1 -28 42 
20 4 -70 
-2 13 -1 
16 1 111 
35 10 128 
-162 97 20 
12 5 120 
7 14 10 
4 2 -1 
42 1 -8 
16 -2 10 
1 3 -182 
42 -21 -1 
32 10 -14 
92 52 -126 
35 -169 2 
62 1 18 
1 4 -2 
1 -20 -57 
2 -21 -17 
4 20 -44 
4 -77 -27 
-34 1 12 
-31 2 98 
-63 33 1 
67 -22 -119 
-5 -19 80 
5 160 -139 
-22 4 1 
-9 7 -1 
-1 2 46 
13 -38 4 
2 1 68 
-6 -76 -1 
-1 -43 14 
165 44 8 
-169 3 -68 
-113 2 38 
7 1 2 
-107 1 -3 
-44 -1 -7 
1 5 -49 
84 -3 -104 
13 -4 -2 
-11 -21 19 
5 23 -30 
16 -36 9 
93 -9 -180 
3 124 1 
-29 82 -79 
-2 14 4 
38 4 125 
-25 3 44 
-37 -195 1 
28 -4 1 
-2 -4 9 
-163 2 -19 
-6 19 2 
-2 82 41 
10 -113 -69 
3 -10 45 
1 -3 20 
6 79 -178 
40 -1 52 
-2 -3 -78 
-8 6 -19 
-4 9 2 
-1 11 8 
-1 -97 2 
-6 -5 2 
57 13 12 
12 -5 2 
74 -2 27 
-17 -4 -2 
-78 -31 -166 
-1 -27 4 
-14 74 -4 
1 15 -105 
-175 -1 43 
-8 2 -7 
-45 -1 -39 
-1 8 -158 
12 32 -36 
-1 15 -14 
-2 3 1 
56 1 -15 
7 21 1 
6 -10 7 
2 -19 -12 
4 14 -10 
-6 -2 -77 
3 -8 -2 
1 40 10 
-87 6 3 
1 -7 6 
153 -1 -23 
26 -1 -6 
9 2 -122 
-127 -26 -7 
-14 -12 31 
-52 1 -2 
130 1 -5 
-28 67 99 
18 43 56 
163 38 5 
-1 62 114 
63 -3 -18 
1 40 35 
-2 -1 7 
-24 -105 1 
-1 -125 19 
1 3 38 
-161 1 8 
-5 32 -2 
9 6 68 
29 -4 -1 
17 76 14 
-180 3 1 
-1 -91 -7 
-34 -1 48 
1 -125 -9 
10 -2 -20 
-1 56 -2 
-50 8 12 
-37 -2 -95 
78 3 83 
-77 15 -13 
1 17 22 
63 -1 -28 
122 3 93 
1 38 -84 
1 78 -4 
-24 -91 -8 
30 2 -1 
-98 162 -83 
-54 -4 -123 
113 -47 -30 
-117 10 -6 
-2 4 -27 
-58 -6 1 
-23 -1 3 
4 106 10 
-42 -48 -2 
85 6 -17 
4 -2 1 
3 -42 -43 
-1 -3 -34 
-4 1 6 
-185 -38 -36 
1 -26 -2 
14 1 16 
1 26 -114 
1 16 -167 
4 23 6 
9 1 -152 
-1 27 6 
18 -100 -192 
32 2 131 
73 -152 -1 
3 -38 -1 
-15 -53 19 
-30 -3 1 
77 -90 76 
18 1 14 
-87 -10 -1 
-7 -103 -1 
23 1 4 
-2 3 -15 
-52 28 29 
-89 5 1 
124 1 2 
-108 -3 -9 
140 -10 2 
1 13 -49 
-59 -37 -5 
-139 -2 14 
-119 -6 -28 
15 1 -84 
34 -14 158 
-2 3 -1 
-5 -26 -18 
15 -73 8 
-2 -13 5 
-20 -4 100 
2 -120 -20 
6 3 -31 
4 14 36 
-63 -1 -72 
158 39 -1 
-21 -10 -138 
92 -3 79 
198 -165 26 
8 36 -110 
-12 107 -2 
-1 7 -3 
-22 16 48 
1 52 22 
36 2 6 
-13 -5 -1 
-1 -5 -138 
25 -1 -42 
-4 -17 89 
-25 -9 -3 
-1 4 -5 
121 10 -74 
-1 138 -2 
-7 4 47 
-32 124 26 
2 -30 -66 
1 -16 -26 
-32 7 6 
-1 -3 36 
140 -6 8 
58 4 65 
15 165 45 
-3 -1 -8 
117 3 1 
-18 19 6 
-5 1 129 
2 1 -98 
-3 -2 7 
-3 -2 13 
5 45 -1 
145 -11 17 
104 -52 3 
45 1 56 
21 165 -26 
10 -4 -2 
-2 41 -26 
-8 1 -6 
-6 83 1 
-82 -13 41 
182 -2 13 
-23 1 4 
34 21 25 
9 69 59 
-13 -79 2 
-105 23 -1 
-1 2 160 
-1 4 191 
186 -1 -6 
-1 -6 8 
-93 89 -69 
1 4 95 
-7 29 1 
11 -6 1 
-6 30 1 
169 -6 -10 
6 -2 47 
-96 -144 1 
-65 -1 105 
-51 -34 2 
-34 -22 -2 
-12 -65 -1 
-1 -2 -6 
148 16 -4 
79 -134 1 
-5 -7 12 
10 -7 2 
-36 7 1 
3 17 -2 
-13 4 -14 
20 1 103 
81 11 2 
11 -155 -113 
-3 2 8 
-1 -63 136 
10 14 -3 
6 -103 -1 
36 -1 -19 
4 156 199 
8 -1 -27 
-107 33 -12 
-3 68 -26 
62 -31 -1 
-48 1 -26 
-8 9 -94 
-85 189 2 
53 -2 1 
-2 5 1 
100 27 -1 
1 -4 45 
92 -1 -72 
-106 -86 4 
-3 -18 -29 
-4 90 -1 
38 8 -91 
3 5 113 
-26 1 168 
3 -2 8 
-20 96 -1 
3 -13 41 
-4 1 -172 
19 1 5 
-16 56 -1 
51 1 -2 
-3 -195 165 
3 1 49 
2 1 -200 
-11 15 -1 
-90 -6 1 
-35 4 48 
-2 22 1 
115 -2 91 
58 -2 -6 
-9 38 50 
-2 129 -50 
-78 33 -1 
52 -2 140 
30 15 3 
13 1 5 
-21 -35 -29 
60 -5 4 
15 1 7 
-10 -1 12 
1 14 6 
3 2 -18 
5 1 -13 
-2 61 -11 
34 -41 42 
1 -22 -9 
58 138 6 
-3 5 7 
60 53 1 
3 66 1 
-4 54 -1 
-2 -4 -98 
-15 -3 5 
-137 -22 -2 
-27 -9 -5 
-7 125 36 
-2 4 110 
-13 -3 -122 
-28 -83 -98 
-1 -6 9 
1 61 29 
1 2 -13 
-1 3 -56 
-12 -6 -71 
-5 -19 92 
86 -14 -121 
-2 3 -1 
-27 2 -8 
-15 45 74 
-3 -64 138 
103 2 -1 
-4 -3 1 
-6 -11 3 
-14 47 -147 
25 -1 99 
3 83 -1 
-43 1 152 
47 82 18 
5 -7 71 
-3 104 -113 
-3 -4 -1 
-20 -9 190 
-2 56 -23 
13 -123 -126 
-18 37 9 
-12 38 -4 
3 19 15 
14 -20 28 
2 -77 -7 
-1 58 -10 
-2 -16 -37 
18 -1 -4 
-2 -4 -1 
-7 34 6 
-121 -1 -69 
2 -4 -20 
4 26 -2 
1 3 -85 
-105 -1 154 
6 4 1 
-101 -52 2 
127 4 6 
-1 -3 26 
-5 10 -136 
-1 -4 13 
-146 1 22 
6 -4 57 
-15 -21 -1 
2 16 145 
-8 -24 -197 
-59 -3 -44 
156 130 96 
45 -1 19 
-137 -93 154 
8 4 6 
-1 -148 38 
-154 -58 -1 
-28 -6 5 
-9 -5 -17 
-2 -3 -37 
11 1 -66 
17 42 -62 
7 3 1 
-11 135 -1 
-85 -33 -18 
89 4 -125 
-125 -1 2 
-1 -81 58 
-162 12 6 
2 16 15 
-42 -23 116 
2 -3 11 
2 1 166 
18 3 86 
1 -79 186 
-4 40 -2 
2 -1 -12 
-40 9 -75 
-3 -21 163 
13 192 1 
16 -2 13 
-2 12 3 
1 92 -38 
108 8 -138 
3 -1 5 
54 2 5 
9 12 1 
106 -38 -35 
-4 53 14 
127 1 6 
3 13 -122 
-36 5 -1 
-2 -39 62 
-44 23 -104 
-5 -3 -1 
2 74 -1 
-5 24 4 
7 54 -2 
-18 -4 123 
-12 -3 -35 
26 3 23 
-3 34 -2 
59 -1 -16 
31 -81 -28 
156 10 1 
1 -24 -2 
-10 30 7 
15 3 23 
110 14 -83 
-59 38 169 
-1 6 -125 
27 -70 1 
10 93 -71 
-3 1 12 
181 54 4 
-84 -9 1 
26 -17 -2 
-96 -21 43 
7 18 -6 
-91 -15 10 
10 -1 48 
-5 11 4 
129 -99 -13 
-4 9 7 
16 -1 -2 
-86 -1 -113 
-1 -41 -2 
-13 -48 -1 
-6 -4 1 
2 1 72 
-1 43 -24 
1 4 5 
78 -18 7 
-111 152 3 
-26 10 -2 
1 -11 -128 
-33 -3 -62 
-2 -3 63 
171 -3 1 
64 -14 24 
-17 -18 -150 
-19 -6 1 
-21 63 -2 
-2 26 -12 
-6 2 3 
1 12 -3 
-1 136 -64 
11 5 20 
-4 13 1 
-61 -8 3 
-1 13 -22 
-19 34 2 
12 -197 -46 
88 -6 1 
96 -4 -35 
10 -1 99 
4 -42 -1 
6 5 -39 
1 -61 -2 
13 -5 -71 
-187 95 46 
-132 3 49 
-32 -70 -1 
-58 8 -20 
-4 -67 2 
-19 48 200 
-1 -3 -23 
7 1 183 
29 -3 1 
-20 -67 -129 
-8 118 -7 
32 -172 6 
16 1 -2 
-38 59 -41 
45 -31 -141 
-3 -159 -10 
-8 1 -75 
1 8 -40 
1 -198 -4 
-78 -4 7 
56 91 187 
-2 125 82 
1 4 -2 
27 9 8 
-63 98 3 
35 2 -3 
91 2 -41 
5 2 -18 
84 17 -1 
16 1 41 
-97 -13 -55 
1 2 110 
-160 169 4 
40 4 -2 
-1 71 -2 
-2 -85 -140 
13 128 1 
-4 28 -7 
1 -2 -164 
-26 180 9 
8 135 -9 
1 -8 7 
6 -180 -5 
-105 20 1 
-180 -1 -95 
-1 16 -6 
-5 91 10 
-34 31 -3 
-18 1 14 
1 29 -12 
34 -8 1 
9 23 -16 
-137 -15 14 
-58 3 13 
3 -40 -141 
27 -193 -1 
-47 163 -5 
-1 -37 -6 
-17 2 -1 
11 -2 -103 
11 27 8 
1 -56 -18 
2 36 11 
-4 -180 -154 
15 -80 -2 
-96 -7 -5 
100 -7 135 
1 -114 6 
178 30 2 
2 140 90 
1 -21 8 
-2 6 33 
-91 -141 187 
-4 -108 47 
-3 -74 41 
1 62 77 
121 58 1 
-121 164 -8 
3 6 -2 
65 -1 -13 
-131 9 -8 
-14 -64 133 
-42 1 5 
-7 -5 -1 
-20 -21 9 
-4 -9 -1 
2 161 -8 
101 83 5 
-3 -2 1 
-7 1 -144 
-35 3 5 
-3 -26 11 
-1 122 16 
139 -1 -32 
1 12 37 
97 -2 1 
55 35 -142 
-22 -2 -1 
-159 -2 80 
68 1 -3 
-21 155 -17 
-1 70 -135 
-1 30 24 
-3 -170 -96 
14 -25 -3 
-3 -24 -7 
-4 8 -6 
-9 58 -33 
-1 2 -3 
-6 -45 -1 
1 137 -12 
