-2 36 1 
3 -23 -75 
-7 14 1 
1 19 20 
-4 -6 -73 
67 1 -3 
-13 -14 -55 
86 3 101 
9 6 1 
1 19 -186 
13 -1 -5 
1 152 4 
18 -2 -6 
30 72 -21 
1 4 -2 
11 3 1 
-91 -10 -1 
-1 -10 -29 
-4 9 -85 
-2 -4 -1 
102 4 47 
-4 -56 14 
20 -1 3 
-2 50 4 
186 9 -161 
7 2 -4 
-16 45 -1 
-26 69 2 
2 12 -14 
1 137 56 
-46 1 11 
-2 -1 4 
-8 1 4 
29 -1 -2 
13 -45 16 
114 127 -1 
-1 45 7 
-17 -55 -14 
-1 97 -67 
16 90 7 
-3 1 -4 
-20 -2 -1 
5 -132 43 
5 -1 -49 
-8 -14 -6 
-1 57 -7 
-1 3 -6 
-5 7 1 
60 16 15 
-39 1 8 
3 1 -2 
-3 19 -4 
-4 101 1 
-24 -4 110 
108 2 -98 
8 -1 -15 
-50 -98 -2 
6 -3 56 
21 145 22 
25 -40 33 
87 2 19 
-32 12 -54 
7 6 16 
23 -3 -2 
1 -11 34 
-36 4 -8 
1 -20 195 
11 3 13 
-39 10 -17 
-173 5 4 
-1 103 -40 
-73 28 72 
197 2 14 
-18 -19 -1 
-1 -116 -40 
-52 -1 -5 
80 -2 1 
-21 59 -5 
1 13 4 
106 1 46 
3 -6 60 
50 15 2 
1 7 4 
88 48 -2 
1 -18 66 
9 -1 -77 
4 1 -20 
53 37 -85 
-1 -25 -180 
-19 -3 -160 
-16 44 -7 
5 -25 -1 
5 8 -78 
67 11 53 
-12 94 5 
-165 22 3 
6 -5 139 
-11 47 132 
33 70 -12 
3 -135 -5 
1 -2 -123 
-78 38 -42 
-79 -39 -1 
118 34 3 
-2 -1 -132 
-2 -6 1 
-199 -1 -49 
89 24 -3 
1 2 -65 
19 21 1 
-9 1 3 
2 -1 -20 
50 65 -105 
2 -4 24 
4 11 1 
-34 1 2 
7 -1 -11 
7 -59 112 
-2 -149 160 
23 54 -6 
-3 -7 -41 
-2 -14 -117 
-7 1 -23 
-85 143 2 
-5 -38 2 
-102 -7 -2 
-53 -2 -3 
-4 6 -1 
3 2 48 
-2 -5 24 
13 -4 -1 
-33 2 12 
-2 -67 -1 
27 -25 68 
-1 2 3 
31 1 27 
-3 4 1 
-24 3 -94 
-114 -43 38 
-3 19 -5 
-105 -3 73 
12 66 -47 
-3 67 -182 
-3 -112 -7 
2 -1 20 
-198 129 -3 
-174 -177 1 
174 -35 -10 
1 103 -102 
-1 29 -41 
102 1 -19 
1 -28 -19 
-124 -1 12 
6 2 12 
-47 27 -1 
-9 123 2 
-40 4 -1 
7 -58 36 
12 86 131 
-181 14 -1 
7 -11 -6 
1 -47 -3 
24 -190 -106 
-8 -2 135 
2 -4 85 
131 -10 53 
-26 8 -38 
2 -17 9 
52 16 17 
-189 -69 -27 
-39 -3 -52 
2 -14 32 
9 4 152 
1 188 31 
5 1 -4 
36 10 -76 
-10 47 -12 
-1 6 5 
60 70 -51 
20 -1 -4 
-126 -83 -147 
37 -9 12 
103 128 21 
3 -4 171 
180 -21 -12 
1 65 -5 
-18 2 -32 
-16 29 18 
1 38 -8 
-125 -3 -59 
1 -7 -2 
-136 -2 4 
-1 -159 37 
146 -80 196 
-5 10 156 
-4 78 52 
-49 -7 112 
-43 -1 72 
61 -1 130 
-10 -1 -38 
-147 -7 -9 
9 -6 -80 
-1 -74 13 
37 -5 -6 
1 -40 2 
-3 -6 165 
-130 -1 200 
50 -2 37 
123 158 -7 
3 -1 -8 
-66 16 -2 
1 6 -9 
-20 -1 4 
-108 -109 -45 
3 -1 -8 
5 20 14 
-48 -25 -1 
3 47 86 
-161 -1 4 
6 17 -2 
-24 -1 -134 
-1 -7 8 
-2 -18 25 
-17 -1 10 
-17 -6 16 
-112 -4 9 
7 -2 -1 
162 -6 88 
-9 3 1 
1 33 42 
-6 2 3 
3 -2 -95 
10 -31 5 
86 -5 -1 
1 74 -62 
60 -2 100 
5 12 -2 
-6 -12 97 
-26 4 1 
-3 -179 1 
-18 1 -21 
-103 -11 7 
7 55 -17 
-6 -1 48 
136 127 -31 
-5 -39 -10 
69 -5 -44 
2 9 -69 
-2 -49 12 
-7 1 8 
-6 1 37 
-1 -8 4 
-5 -2 -54 
2 79 -1 
-7 1 -3 
-141 2 146 
-16 62 141 
-10 -3 2 
13 -1 -18 
-1 -55 -4 
-124 19 97 
3 -2 6 
-140 104 -43 
18 107 3 
164 -76 1 
-126 41 -161 
106 5 -1 
53 -9 -24 
-1 10 21 
-5 -3 -2 
-117 83 2 
3 -197 -42 
-107 -2 -1 
9 1 -2 
-19 -8 -17 
134 64 -78 
12 52 112 
-4 26 -5 
-12 -155 -59 
18 31 111 
-95 -13 -48 
-142 7 -2 
2 -12 -6 
-2 3 73 
94 -1 55 
-1 -3 -65 
38 17 1 
1 -27 10 
-5 -94 -187 
-1 -97 -176 
-21 -19 128 
-29 2 4 
157 -7 127 
118 -1 -20 
18 -60 23 
9 -3 159 
2 13 42 
19 1 -11 
3 1 12 
3 -2 5 
22 10 -45 
1 15 4 
1 -3 23 
-21 -3 5 
-15 4 -88 
10 -3 -82 
1 -17 -2 
6 -35 -22 
-10 -163 -85 
-190 95 -47 
-4 -124 3 
1 13 36 
-82 -10 1 
16 -169 3 
-11 -54 118 
5 1 2 
-44 10 -24 
-144 22 23 
171 -115 10 
102 3 108 
2 22 184 
-3 185 -2 
-25 3 1 
167 19 90 
171 1 8 
-81 -4 -3 
-6 1 28 
-39 3 -102 
-29 3 31 
5 166 -134 
88 3 22 
-1 190 -52 
-1 8 -26 
-1 2 -7 
69 25 -5 
10 33 3 
4 25 -3 
8 11 -3 
25 156 -12 
-1 -54 -20 
-32 -3 11 
-11 168 153 
49 -10 52 
7 1 -6 
-2 1 3 
3 4 -17 
-1 7 -52 
65 -26 -56 
-3 19 -1 
37 -3 -4 
-12 4 -1 
-94 -92 -1 
-40 2 -19 
1 87 92 
-5 -166 -1 
-1 31 54 
36 184 51 
6 7 2 
-24 -12 -1 
-4 8 -175 
-60 -1 14 
20 -28 126 
8 -1 -5 
6 51 -16 
14 -1 131 
1 -4 140 
-128 -1 43 
3 -1 -29 
6 -175 13 
8 -56 -1 
-29 -35 -4 
8 7 27 
3 16 -83 
-1 -10 50 
41 -4 2 
-5 1 -2 
-41 11 -12 
58 33 -147 
32 108 -137 
-133 -56 -3 
-20 34 -8 
-6 1 -118 
11 10 64 
-121 -1 -4 
-1 74 -17 
1 -22 4 
2 104 3 
-6 169 2 
2 -37 127 
-5 -1 -145 
115 -9 2 
1 135 14 
-2 -48 -3 
11 -23 -74 
-1 -2 -11 
66 14 40 
1 6 -30 
7 -1 -5 
-6 -1 -57 
82 -1 6 
26 1 6 
14 -88 -179 
156 102 21 
-1 -27 5 
-21 -33 -5 
-179 120 7 
76 -88 33 
-184 -12 -2 
87 1 -2 
-1 200 2 
198 4 -1 
-3 26 -7 
-91 -133 2 
91 -1 -8 
-10 -3 -58 
-188 -8 -36 
64 16 4 
3 -12 -11 
13 -46 12 
1 -37 -7 
-2 6 -1 
-8 34 -1 
2 -10 1 
4 1 128 
-5 44 10 
-5 27 26 
6 156 -15 
1 -2 -5 
32 74 -80 
-2 4 -170 
-60 -3 1 
-71 -10 -2 
-34 -35 44 
-1 18 128 
-6 -36 -7 
-7 25 -6 
-122 -35 -147 
-4 28 -113 
-85 -117 4 
-2 80 -1 
-1 89 19 
-5 -1 -4 
-1 -23 50 
-39 4 10 
167 53 38 
-51 3 -8 
-1 -22 -2 
131 -13 83 
96 -3 4 
-172 -13 -20 
-22 54 -16 
-2 85 35 
-1 7 -22 
-8 -1 22 
-106 54 8 
3 7 1 
11 -5 1 
10 -19 22 
-70 12 4 
3 1 -52 
2 -1 -89 
-8 -12 3 
-133 5 36 
14 -43 1 
-9 4 -56 
-13 -2 1 
-1 74 39 
50 -1 -2 
1 -15 -50 
12 5 59 
36 -53 -15 
-88 -63 89 
-1 -4 15 
-45 5 3 
-21 -2 -5 
-6 8 168 
1 -58 36 
1 5 -16 
-1 -20 -163 
42 5 -20 
-63 180 -3 
7 10 -4 
-3 68 6 
1 7 -2 
-1 109 -83 
1 -9 116 
-2 -29 -178 
2 11 69 
-2 5 1 
191 1 -27 
54 155 -8 
3 -14 58 
4 -2 10 
78 2 -92 
-52 -15 -7 
-4 6 1 
33 -1 24 
-13 -4 22 
-1 38 137 
-10 4 -15 
-9 -1 -17 
37 -18 2 
-1 4 9 
-1 6 -86 
1 -181 110 
2 -3 1 
2 179 -12 
-181 -105 -1 
1 -9 20 
-27 60 8 
-13 1 4 
-2 -154 38 
31 -2 53 
-2 144 -71 
4 6 47 
-17 104 35 
14 -3 26 
-1 2 -17 
15 1 -42 
-1 -24 3 
14 2 -17 
-5 140 -2 
-2 -4 1 
10 4 3 
-7 1 -8 
-1 -25 -3 
-134 -91 -48 
17 2 20 
34 1 -3 
-58 -8 1 
19 -2 -13 
-8 51 -6 
-1 8 -48 
-60 -24 -4 
-6 -1 7 
-51 -14 -114 
127 -1 6 
33 -11 -36 
-111 7 5 
19 -20 7 
31 124 -11 
-1 -2 -75 
69 -4 1 
8 -4 13 
78 13 1 
-16 103 79 
1 -14 45 
2 -166 -5 
2 -3 -172 
2 51 16 
3 9 -48 
6 4 10 
12 -39 -174 
-52 -43 -1 
2 64 -162 
-5 -14 -25 
36 1 106 
5 1 -73 
-1 74 3 
1 -6 2 
152 1 38 
-5 -15 -104 
2 -1 -11 
15 1 -3 
1 -196 -7 
-35 -1 29 
26 -47 9 
-5 -4 19 
151 33 -36 
-4 -1 146 
-8 110 -2 
54 1 53 
-38 -2 -3 
-1 -2 -12 
1 44 2 
-1 -9 10 
-2 68 -14 
-8 136 -1 
-36 18 -118 
34 -1 12 
2 -1 -6 
-128 2 57 
2 14 -119 
-26 12 -116 
22 -183 -1 
-60 1 7 
-1 -15 -11 
8 160 40 
86 2 1 
2 3 1 
-170 1 -11 
-1 -13 -2 
3 125 -7 
-43 16 1 
-155 7 92 
-10 -122 6 
-1 3 -37 
14 -4 -126 
14 -3 25 
-93 -4 5 
37 10 -2 
-77 -1 -42 
139 -30 -43 
-2 -64 -1 
-15 118 -31 
-3 -119 -50 
-1 3 -5 
-4 2 -1 
-5 -28 -12 
-1 -2 43 
-11 -67 -33 
35 8 5 
2 17 3 
-21 -81 166 
23 5 -2 
-1 -48 -171 
24 -1 -30 
3 20 -14 
30 -24 -27 
125 -1 -31 
1 2 -121 
-186 -23 29 
1 -165 85 
-18 -131 -3 
-2 -7 5 
6 -158 -52 
5 52 2 
-18 -20 -1 
-164 -50 101 
-7 -13 -3 
-21 8 -2 
-54 -19 -11 
-1 196 -12 
43 10 -1 
8 -10 1 
-3 -186 -19 
32 -33 -15 
-1 6 5 
1 9 -6 
1 -6 -35 
66 1 -41 
-9 -3 58 
118 -68 -14 
-23 9 1 
-8 -2 1 
-44 2 -105 
-1 112 15 
42 1 -44 
-1 5 -2 
-5 -161 -3 
-108 -75 1 
40 4 -65 
3 -1 -123 
-2 -54 -1 
-8 -4 -1 
-5 -58 22 
-1 -26 -146 
1 53 2 
27 -1 -9 
-44 31 1 
-1 59 -3 
-1 72 -3 
81 -153 -58 
113 18 6 
3 -166 61 
1 -42 129 
1 10 30 
103 -5 -8 
21 -1 6 
2 -13 6 
-1 -36 -156 
21 -38 -62 
3 1 -74 
48 -14 24 
-2 9 14 
-1 54 -79 
-73 10 4 
16 -10 -136 
1 -9 -46 
12 43 22 
-21 -16 70 
-1 -40 6 
-2 21 63 
-166 1 2 
-1 56 198 
3 8 -29 
8 1 -2 
1 81 88 
22 16 -147 
-7 -30 20 
28 76 2 
14 -13 -2 
-2 1 64 
15 -1 9 
157 13 -1 
28 6 -4 
-23 117 -59 
-112 -22 -62 
33 -88 -4 
3 -1 23 
-40 -2 -1 
-177 -20 164 
-7 -2 -9 
31 -1 -22 
10 1 -2 
-1 -132 -25 
-17 -1 3 
141 -1 -92 
33 24 -1 
-8 -2 4 
-31 -32 -3 
1 -8 2 
27 11 -1 
-2 -19 -6 
-4 -1 -3 
-137 -11 -76 
8 -123 83 
-10 179 2 
4 9 18 
-1 177 -67 
-3 136 -5 
-2 1 40 
-3 61 34 
-1 178 5 
9 -8 -24 
4 -12 -7 
-2 -75 -151 
17 -174 -26 
-177 65 3 
11 66 -92 
1 -105 2 
8 7 9 
-30 -2 11 
70 6 5 
193 -1 -194 
-27 17 6 
-159 -2 134 
6 -11 -3 
35 161 1 
-159 -1 -2 
-2 99 -1 
-129 1 2 
15 -1 -155 
-5 -1 -2 
1 -8 9 
-95 1 -2 
4 161 -9 
-1 -13 170 
-65 114 -12 
17 -1 -56 
-9 -2 27 
-3 -4 -161 
1 2 15 
-3 -11 -172 
15 -22 -73 
58 -1 176 
4 -5 -7 
173 -2 -117 
-49 17 2 
34 -25 146 
-2 -1 78 
-1 -105 -11 
-1 3 -5 
1 -21 65 
10 -26 1 
1 -90 25 
-146 26 -39 
-107 -3 -143 
2 -5 4 
-85 -174 -1 
-1 -6 -24 
1 3 -5 
6 46 12 
7 3 5 
-137 28 3 
1 51 -22 
2 9 3 
7 -3 75 
16 -7 20 
-1 38 89 
-61 168 -2 
-4 31 81 
-1 14 -2 
1 91 35 
1 6 -2 
-37 -5 -1 
-15 23 -37 
-2 26 19 
-11 -5 29 
-16 -25 -2 
-2 -73 1 
-1 -9 7 
-95 -14 7 
-28 -86 -19 
1 196 4 
-3 -5 -115 
-146 -2 -11 
3 -8 -83 
-1 121 3 
11 -2 3 
