24 23 5 
-2 -1 6 
68 -1 -50 
-83 -1 3 
28 -3 -40 
12 127 -1 
-2 -74 -21 
101 -5 51 
1 15 4 
14 64 -8 
55 -153 2 
38 -1 -54 
-26 -1 -10 
-1 28 38 
-44 -90 -2 
13 16 82 
38 6 87 
-156 -27 8 
12 4 2 
12 -42 -6 
80 -104 140 
-6 -11 87 
25 1 3 
19 12 -1 
-40 -179 -10 
-10 3 56 
187 -22 1 
165 5 37 
107 -2 1 
-31 2 6 
-18 -1 2 
17 -20 -2 
-15 -1 2 
-74 2 -4 
-1 -4 21 
87 7 137 
-3 -1 6 
1 -2 -6 
59 89 -1 
-4 -38 23 
-1 4 200 
52 15 -72 
69 -9 -4 
-74 1 38 
1 -3 -94 
-10 -1 4 
72 -1 74 
-21 -52 41 
171 110 -5 
19 2 -166 
3 1 -68 
11 -21 -19 
-127 27 186 
6 16 5 
5 16 86 
55 -71 3 
7 -1 -111 
-166 -27 1 
7 -50 -28 
4 -36 -9 
16 -12 -106 
-50 -77 44 
-30 16 -199 
5 1 -51 
150 -56 -3 
1 6 -27 
-4 -3 -14 
-27 1 -3 
-3 -11 127 
-1 57 2 
-12 -1 -9 
-92 2 9 
-31 1 94 
-4 15 -2 
3 -32 -17 
2 -1 -88 
35 1 3 
-52 -18 104 
-1 -2 -11 
-36 -8 -61 
-31 -1 -183 
1 3 10 
-19 41 -1 
76 -1 90 
1 -2 55 
-7 -12 8 
1 -6 -52 
-1 7 -16 
13 -36 -6 
10 -7 -31 
1 76 19 
-79 110 -18 
-3 -26 7 
-4 170 69 
-105 8 39 
64 -2 -5 
-116 -16 -7 
-5 -4 -14 
10 -7 1 
-5 24 -15 
187 -4 -11 
70 -1 10 
1 3 97 
1 -29 -68 
1 2 34 
-13 2 16 
-1 55 -4 
-1 4 -3 
-4 1 -86 
1 -4 80 
17 30 6 
1 8 -48 
-9 18 -1 
-116 -1 -2 
-3 2 -71 
90 10 59 
47 10 1 
-82 -115 -1 
-187 -3 2 
-4 14 -1 
104 -6 -7 
-60 -1 -71 
-48 -29 153 
-12 8 1 
26 20 -5 
-81 -2 -9 
-1 163 5 
8 5 -198 
-24 -128 70 
-3 -2 -1 
1 -44 5 
1 -4 -42 
78 1 -61 
2 -9 3 
10 -12 -2 
169 175 -22 
-4 -1 -38 
3 5 -48 
1 -2 -80 
19 18 79 
32 4 14 
-2 8 90 
-70 5 74 
-4 30 44 
-57 92 15 
13 -4 23 
4 16 -37 
-36 -52 -5 
-38 76 -65 
-34 -5 1 
-118 73 5 
-31 1 90 
24 34 -2 
2 -18 -1 
-133 -1 26 
1 -48 -26 
3 -1 -12 
16 -12 -123 
2 76 -1 
96 179 -1 
-7 2 19 
18 -2 -3 
6 3 -178 
6 -9 11 
80 -5 15 
-169 16 87 
-151 -1 17 
-9 -84 1 
18 -1 2 
2 1 -12 
-1 5 -4 
-5 14 11 
-59 57 25 
-11 -1 -24 
-75 -1 -2 
-65 -75 -56 
4 38 -1 
21 12 -1 
-1 -2 5 
1 71 16 
4 -7 -191 
182 -50 -1 
-34 56 -8 
15 -47 -8 
-21 6 -10 
9 2 -8 
131 15 -5 
3 46 63 
-110 2 -75 
-9 -1 120 
8 -38 -6 
-11 -88 121 
-2 -54 -4 
-6 -16 -68 
7 16 -12 
14 60 24 
-7 -1 18 
92 2 1 
3 8 125 
-2 -6 42 
40 57 10 
6 -85 -19 
1 -7 4 
3 20 -2 
-9 -124 -18 
-9 32 173 
-1 -69 -19 
-2 56 1 
-35 -156 4 
114 -1 -45 
2 5 -8 
-174 -6 1 
1 3 36 
-71 18 -1 
-24 59 -77 
2 -8 1 
70 35 47 
-2 9 72 
-26 -1 -20 
38 1 -88 
52 -9 106 
18 -2 4 
1 27 2 
-19 -108 -133 
-1 43 -14 
-4 -8 1 
151 -4 1 
2 -10 7 
2 4 29 
2 -6 19 
-1 110 -16 
198 -5 -195 
44 16 -5 
150 -7 13 
-11 -6 2 
78 -1 42 
1 4 58 
-2 -1 15 
136 -1 135 
-3 -18 -1 
8 1 -20 
4 103 -1 
6 -2 71 
156 8 -43 
1 26 -39 
-39 -20 2 
-37 -127 41 
8 -134 -2 
-128 -1 2 
-1 152 -4 
-1 7 -10 
1 66 18 
38 -117 -133 
70 -106 1 
-6 -15 -79 
-24 -2 180 
2 69 1 
1 -18 -153 
-5 15 106 
65 -18 -50 
-59 8 -17 
-177 159 -30 
99 5 160 
-9 -28 -1 
-7 12 2 
1 -4 -5 
-19 -38 43 
-6 22 -39 
-6 -164 12 
5 -192 28 
17 38 -1 
1 -4 -7 
-53 -56 -2 
39 -4 -12 
-38 5 73 
-39 31 4 
14 -38 -18 
19 14 -1 
-1 6 -81 
-3 -158 1 
-16 34 50 
4 -74 -25 
66 14 2 
-14 1 -3 
-59 -23 -1 
-44 2 -3 
-3 -4 21 
29 1 18 
-5 1 -116 
15 -16 3 
196 1 9 
139 1 37 
170 -19 -4 
93 -5 4 
3 -171 4 
-192 11 -41 
9 -6 -1 
-1 14 -5 
-1 -3 -30 
21 -60 2 
90 -19 29 
21 -1 -23 
13 2 -48 
-6 1 -10 
-3 -34 90 
32 -2 -28 
26 -116 -40 
-38 -13 -118 
10 -9 2 
41 -28 -44 
-8 -3 169 
-1 48 7 
6 -1 -48 
-3 28 16 
3 -26 -13 
-2 1 172 
3 -1 10 
-3 -124 52 
-61 -1 -7 
-1 12 -57 
2 1 -43 
68 -1 -102 
-10 -30 -7 
153 6 -44 
-12 -8 13 
21 1 -3 
-11 -147 30 
7 -3 47 
-80 -39 -18 
-44 -9 2 
-2 10 -150 
-1 -2 -25 
24 -1 -39 
-99 10 -1 
34 -12 8 
-22 -1 -35 
1 10 2 
-2 27 -130 
1 88 70 
29 14 -1 
-8 1 11 
11 3 -193 
-191 -6 -161 
-16 -3 2 
64 2 13 
45 10 -1 
-20 13 141 
-2 -139 1 
41 -4 -105 
1 -6 88 
-2 12 -11 
123 27 -48 
-95 2 -140 
-1 -3 -15 
-26 -1 -3 
1 -2 129 
-39 -1 -2 
6 9 -3 
1 -87 2 
-1 190 -3 
-90 -129 -15 
83 1 -77 
-35 -6 18 
1 93 29 
7 2 -84 
-2 9 7 
1 178 100 
-97 -22 -4 
96 -8 -122 
3 -1 -2 
-2 5 -35 
112 1 73 
-9 -1 -19 
-49 -3 -6 
-1 -8 -126 
-6 38 3 
44 -9 -195 
1 32 9 
20 15 130 
-4 -88 -7 
1 -5 -27 
-1 -24 5 
93 187 40 
-1 6 -5 
-1 -56 -62 
94 26 64 
-2 60 -4 
58 -6 140 
-16 -28 -1 
91 3 199 
-14 27 23 
-1 3 -38 
45 1 -20 
4 177 138 
17 -9 -156 
178 -4 9 
41 2 -7 
13 -7 4 
6 10 -11 
3 2 -14 
-21 -7 77 
35 176 -1 
1 49 -14 
5 -8 1 
-11 -41 -24 
-109 1 82 
11 1 100 
34 -14 4 
72 -2 22 
-2 -1 -100 
8 141 -77 
-43 1 30 
-74 7 138 
-118 -49 -3 
-113 6 -1 
20 -48 30 
1 -10 -27 
6 100 -20 
-5 -3 27 
-1 2 -31 
1 -4 48 
9 -21 -1 
-2 21 -8 
-7 25 -6 
75 13 -3 
39 -4 -8 
2 87 29 
-16 -1 -36 
57 -3 8 
-68 -3 -7 
5 32 -162 
-3 -38 -1 
-57 22 4 
-37 -78 -4 
-3 -123 -20 
-6 -11 20 
-49 33 2 
87 -71 3 
-149 183 10 
1 -31 4 
-2 120 -1 
11 -30 -9 
23 1 -6 
1 3 66 
-164 1 -17 
-2 -51 109 
-20 1 53 
1 -52 -5 
37 7 -1 
-44 -3 -1 
4 -15 -12 
-48 -1 54 
2 -40 -39 
-4 10 -6 
-16 1 20 
-135 -1 82 
2 36 -47 
97 4 12 
89 2 -1 
1 46 -66 
34 1 -6 
-4 -163 -5 
-2 -156 -1 
-110 74 35 
2 -71 1 
-96 3 -12 
32 -5 167 
2 8 1 
5 4 -57 
-1 -16 47 
-1 -71 -84 
109 65 -1 
-9 100 71 
-3 1 -67 
20 -36 23 
40 -2 1 
-11 -19 139 
-13 52 37 
82 -1 -3 
-48 -1 -46 
-1 8 -4 
2 -24 -91 
-165 2 -4 
-1 16 -145 
1 12 -27 
21 9 1 
-1 -112 7 
1 -29 -69 
22 -8 1 
-121 123 -156 
22 106 8 
8 -5 -10 
1 -2 113 
2 -24 -9 
1 -113 -8 
64 -22 -155 
-2 -187 1 
27 -4 -6 
-19 -48 4 
2 -15 -110 
-35 72 59 
140 86 22 
13 11 42 
-2 12 -191 
-64 -6 -24 
-3 -1 7 
-8 -1 -6 
1 -9 -72 
-1 -5 -166 
12 -1 80 
-107 -88 2 
-1 -2 7 
-12 -15 16 
-7 -1 -4 
-36 -71 -11 
39 11 2 
-1 125 -2 
15 -5 51 
-2 59 -182 
-4 1 -68 
3 -2 -133 
27 -16 9 
-12 75 -11 
7 -62 -100 
74 -25 97 
-1 5 44 
21 140 186 
-78 157 -1 
-1 36 15 
2 5 8 
-18 -97 124 
65 1 2 
-79 -88 2 
-3 -2 75 
1 2 -13 
-8 3 -2 
8 -11 2 
-1 -59 23 
14 -2 1 
-1 4 3 
126 45 1 
-1 -73 -6 
34 1 11 
-78 -114 -11 
1 -100 17 
1 11 21 
-40 -1 -7 
145 36 -114 
11 -1 -2 
-80 4 -14 
32 -3 -5 
7 -2 10 
1 -160 21 
-4 -1 20 
1 3 11 
-2 -39 172 
-8 35 2 
-1 10 14 
88 15 5 
-136 1 2 
-159 -1 28 
130 85 13 
128 -1 160 
-2 130 4 
-1 -114 5 
-3 2 1 
-12 8 5 
9 -32 2 
-61 -3 13 
-6 -23 -5 
-1 17 -104 
-1 24 54 
-10 166 -21 
-8 63 -13 
37 8 -2 
-84 129 8 
-32 -8 -12 
8 -3 22 
-6 3 2 
15 -1 -22 
3 14 1 
1 51 -113 
-197 4 -1 
40 -28 75 
16 -1 -10 
-169 15 -33 
183 7 -21 
50 -1 -6 
-12 5 33 
-3 8 -1 
4 9 -2 
1 -53 48 
4 -1 -2 
-40 -10 -141 
-3 -28 -35 
-1 2 8 
3 -72 -52 
69 -110 -2 
6 -43 -1 
57 -20 -3 
112 1 -88 
16 -3 4 
-73 -95 -1 
148 3 -6 
171 -77 81 
-32 50 97 
-73 -3 -195 
-1 -7 34 
-6 -93 -17 
200 91 -1 
18 -2 1 
139 -9 166 
6 68 -1 
10 1 35 
9 -2 -7 
-10 -6 -5 
146 -1 17 
1 -152 105 
95 -1 180 
-4 2 -64 
-3 1 28 
-15 4 1 
-52 5 -11 
72 19 -110 
6 -149 144 
12 8 16 
-5 2 40 
25 -8 100 
2 15 -6 
-4 -2 -8 
3 7 -8 
72 -12 -31 
-1 -50 -38 
3 7 15 
-28 1 -172 
-7 -1 121 
-62 -15 -1 
125 14 -9 
-42 1 9 
38 2 -75 
9 1 3 
-3 -1 2 
44 -4 198 
-2 4 -1 
-1 2 6 
8 -1 -25 
-55 -24 -57 
-36 -1 121 
38 8 -11 
-23 -7 34 
124 22 -68 
2 -10 -14 
1 -2 -17 
-1 -116 -28 
51 9 1 
-16 -31 1 
-14 10 5 
-30 7 -1 
-8 152 37 
20 -125 13 
-3 -22 4 
2 -16 -5 
45 6 119 
-173 33 -1 
105 -68 2 
1 -3 -15 
-185 34 17 
58 -25 -5 
-40 42 -1 
127 78 -4 
-4 -2 -15 
4 -142 72 
2 -7 -4 
-140 -10 -13 
15 1 -52 
1 46 98 
-3 26 -160 
2 -192 59 
-12 1 -3 
93 -38 21 
-14 10 -2 
-3 9 -1 
23 -1 -72 
26 -23 -36 
1 41 -5 
-65 -4 -11 
-68 116 26 
2 -5 3 
15 11 -36 
-8 -1 9 
9 -13 -3 
1 8 -94 
-3 -117 65 
-1 18 -4 
-31 -3 -2 
-46 -1 -57 
-37 -4 95 
3 -58 1 
-39 -43 6 
39 -125 -8 
1 4 2 
1 13 -5 
125 -18 -85 
-164 4 3 
2 -92 27 
-16 14 3 
1 67 7 
13 1 -11 
-61 1 -3 
29 67 -98 
22 5 30 
183 23 -43 
8 7 1 
-29 9 -4 
7 -188 47 
3 -116 -7 
161 1 -180 
68 -47 -1 
-43 -41 5 
5 -37 -135 
-78 1 6 
-3 10 -151 
-15 -59 -4 
1 -7 172 
12 24 -3 
124 -1 4 
-4 13 -1 
-16 12 -4 
-3 9 -1 
-163 -28 -8 
-2 150 4 
-21 2 3 
75 -38 -1 
145 25 -5 
39 -5 4 
-1 10 12 
88 -129 63 
3 -1 44 
-147 8 -3 
12 -5 -4 
17 -1 -29 
118 -100 -53 
-57 -142 -6 
-163 -1 -9 
29 -1 -34 
-14 -6 1 
1 -66 38 
1 3 -8 
13 -2 58 
2 -1 47 
-4 -1 192 
2 154 133 
3 -63 -57 
-2 157 -60 
4 7 -1 
200 -1 -44 
30 87 -1 
2 -6 1 
-16 -67 63 
4 13 15 
1 5 22 
8 -2 -4 
-7 -105 -146 
-5 2 187 
59 -1 -45 
-14 1 15 
-37 29 -130 
99 -4 1 
-2 1 3 
-9 -30 40 
32 7 -1 
-3 -1 -2 
5 -37 -102 
-155 -1 2 
26 38 3 
17 -38 39 
-13 -44 -8 
160 3 -2 
-14 34 -53 
-179 152 -2 
-57 -2 1 
-107 10 -22 
-7 -11 54 
19 8 11 
1 -26 -46 
14 104 -13 
25 -77 19 
3 -1 2 
97 -29 1 
-1 -24 -6 
8 18 -22 
-151 17 -26 
3 -64 -14 
14 1 -92 
-2 4 6 
58 52 -14 
-110 -2 77 
-2 4 -90 
-10 5 8 
-6 -22 5 
