9 -1 4 
1 8 -5 
171 -2 -88 
-3 -15 7 
-16 -11 -19 
-3 -2 -11 
-54 -12 -14 
6 20 13 
20 25 -10 
59 132 -13 
7 31 -1 
1 57 -2 
28 3 -119 
-177 -82 -18 
-1 2 -89 
1 -98 117 
46 -7 3 
28 -1 70 
-33 -9 -1 
1 57 52 
144 -1 -116 
145 -13 46 
6 -34 12 
-2 -65 -53 
-47 -2 -1 
-4 2 137 
-67 3 -9 
-3 14 -2 
3 22 9 
-1 29 2 
24 45 6 
50 45 1 
-3 -49 -29 
-6 -2 9 
-9 -19 5 
141 9 -2 
-13 -1 24 
6 -1 -68 
92 1 188 
75 1 -2 
-1 168 -108 
-187 -1 -10 
-18 -1 135 
-6 -1 38 
5 1 -121 
-96 -7 -85 
-4 -51 -41 
-81 17 56 
3 28 -2 
-199 46 34 
13 -16 95 
157 11 46 
20 5 1 
31 5 113 
-33 11 3 
-1 -187 40 
43 -139 23 
59 163 9 
-57 3 -41 
-148 -2 -16 
7 2 139 
-10 -4 159 
-4 -11 -12 
11 28 1 
11 -19 1 
3 2 -9 
-11 36 -1 
-10 2 135 
-5 -14 -2 
38 3 -1 
1 111 -2 
-6 -20 49 
1 140 -8 
54 -16 -2 
-29 4 -2 
-50 -1 -31 
-1 -25 131 
32 -9 -2 
-2 -11 8 
-37 15 3 
18 -42 -35 
8 -19 1 
2 1 -13 
-37 35 146 
30 84 183 
-59 -194 -15 
3 7 -18 
1 -16 25 
62 -18 1 
9 69 5 
-3 158 4 
-135 -147 -3 
4 -2 -31 
11 -41 -130 
-169 1 18 
-1 75 -189 
-7 -27 -68 
7 10 -15 
-4 25 8 
-18 -3 157 
3 -8 80 
-18 -17 1 
4 -2 40 
1 -12 -2 
-8 -4 1 
-2 -1 -4 
-192 -1 10 
-120 -38 16 
-15 -76 17 
-17 1 -33 
-21 -20 -2 
1 -10 16 
60 9 28 
-1 17 3 
-51 16 152 
18 -1 4 
1 13 3 
-8 29 -46 
47 -16 -157 
1 -6 -14 
1 7 -82 
1 -7 4 
6 -152 2 
171 -1 3 
34 138 1 
-89 -1 -167 
-4 -33 123 
-139 65 3 
1 -6 56 
-1 5 6 
-3 31 -24 
-45 3 -82 
26 2 -6 
1 -28 6 
-37 18 1 
-10 -7 37 
-90 2 -1 
-30 -61 6 
1 -50 12 
1 -2 -31 
2 -1 124 
-9 14 -16 
1 62 140 
51 2 4 
110 -4 121 
104 -3 -14 
-2 63 1 
-118 9 2 
3 -1 11 
-109 -2 -1 
3 181 13 
-6 -17 3 
-43 -11 17 
-128 -4 1 
-2 29 1 
21 -1 42 
1 -137 157 
172 9 -5 
1 9 -5 
-66 -2 56 
20 -25 -1 
7 2 17 
-33 4 112 
-7 34 -182 
1 44 -46 
-117 -1 -65 
84 -120 -4 
-36 -161 -1 
-50 -76 27 
84 1 -177 
-48 -19 42 
-1 -139 9 
-1 -82 -8 
-5 15 63 
5 1 -19 
-5 -100 33 
7 -2 5 
1 -2 77 
-22 2 -4 
-104 -148 2 
-1 9 5 
6 28 10 
-105 -44 -22 
-37 185 -4 
3 15 -76 
-4 9 -1 
-2 -88 -11 
20 -1 79 
191 -6 -166 
-1 40 14 
7 -33 1 
8 -1 36 
2 -3 -13 
-30 1 2 
-31 -22 2 
7 10 -18 
27 137 62 
123 -3 1 
149 4 -166 
1 -3 91 
-6 -5 -32 
-32 -2 127 
1 -6 182 
168 -1 -3 
1 -117 -11 
-28 -3 34 
-1 6 -88 
-8 13 10 
1 -9 5 
2 1 4 
6 -11 -145 
-2 -68 -8 
11 -3 -61 
15 10 2 
161 4 -46 
9 2 1 
-1 24 25 
8 7 5 
-66 -3 -22 
-2 25 -71 
5 -60 4 
3 -160 -1 
-1 42 24 
10 -73 59 
5 1 156 
-6 1 -132 
-13 4 -1 
-5 1 2 
-1 73 2 
1 21 -24 
2 1 -20 
-2 -6 -36 
1 28 -19 
-18 -20 -1 
-1 3 166 
-11 133 1 
12 -4 -22 
1 47 -2 
-8 30 7 
-10 2 17 
-48 183 12 
-1 149 -2 
42 -1 17 
-23 56 -1 
-10 -82 -28 
8 -23 -3 
90 2 1 
1 129 8 
33 -7 -4 
-1 73 -15 
-104 24 -33 
-128 1 -57 
-8 -71 79 
-41 -5 -2 
140 -24 -6 
-1 14 116 
1 -3 143 
9 -18 -2 
-2 1 5 
6 -12 -27 
4 -1 -56 
-14 -1 -127 
145 8 -6 
-8 1 6 
5 7 -85 
1 22 11 
-2 12 -85 
-5 -1 18 
5 -1 9 
13 -3 -143 
-2 1 -34 
-3 199 16 
-31 102 -10 
-14 3 179 
69 1 2 
-4 -15 175 
6 -2 8 
47 4 3 
2 4 -9 
-56 77 1 
2 -52 -4 
1 48 -187 
2 40 62 
4 -160 -11 
-1 -4 28 
-17 -149 26 
-46 2 -1 
5 -61 -3 
5 82 14 
63 14 144 
6 1 26 
1 35 -34 
-6 8 93 
29 122 1 
-138 -5 -57 
4 7 1 
40 55 -1 
15 3 4 
-26 7 1 
45 50 1 
1 -4 -88 
-132 -39 -1 
-93 -7 -13 
52 22 1 
-35 13 2 
-1 -70 -17 
10 165 -2 
-1 -7 2 
-3 -4 -2 
13 -16 1 
126 2 8 
122 -4 -102 
-1 6 -134 
-1 59 -7 
-2 -136 -7 
36 5 37 
-1 -5 97 
-100 76 13 
22 -57 35 
-91 -26 10 
-1 6 27 
-3 -1 17 
2 -37 12 
1 -6 14 
-10 -28 -38 
-53 -1 -11 
-3 -1 -10 
-3 -92 -2 
2 -1 100 
-3 1 -28 
23 67 32 
-2 36 7 
-1 2 -27 
-3 1 -6 
13 -21 15 
-4 79 -29 
101 -10 15 
-5 -10 4 
36 3 120 
-4 -24 -6 
-12 4 -83 
-155 -1 -5 
-4 -123 -10 
-8 1 -31 
6 176 -51 
2 194 4 
-2 6 23 
-16 73 -2 
-1 -5 -46 
175 -25 -97 
-34 -42 144 
-95 -10 22 
-43 -8 -2 
151 42 -73 
5 -1 89 
-1 -6 -64 
46 -1 40 
-5 -115 1 
-3 4 -13 
-26 -8 16 
-2 114 -1 
53 143 79 
-2 1 -5 
-3 -4 2 
93 -1 -18 
-1 -67 49 
1 -83 99 
-10 -3 -2 
17 1 -4 
5 -8 23 
26 -1 -121 
-178 35 -100 
-19 -3 -110 
-15 -135 -3 
-146 -31 24 
14 48 -5 
-1 12 11 
-1 11 -172 
2 91 -80 
1 3 101 
-190 -123 1 
1 132 -14 
-16 -3 -45 
-197 15 -18 
18 40 -10 
15 -4 36 
2 10 -5 
20 1 -131 
-58 -26 -3 
-21 -169 -12 
3 51 -6 
6 -11 63 
13 -10 5 
12 -11 40 
-62 -7 82 
5 6 -17 
-6 2 -21 
101 -81 -6 
-1 27 -33 
64 -45 -6 
-14 -28 152 
11 -24 -1 
-27 -1 4 
1 -14 -15 
1 68 3 
2 20 -9 
-10 -7 -36 
17 -42 -6 
-1 3 -23 
22 -54 -12 
197 -3 -88 
25 1 123 
67 -5 58 
15 -6 13 
-60 -1 112 
-1 -10 -115 
19 -2 -90 
1 -161 -30 
-62 -25 131 
22 -1 9 
-1 99 20 
1 -65 -4 
-5 -63 159 
-5 48 -98 
1 -72 -103 
67 2 -1 
-178 -5 -17 
-4 7 41 
-1 -7 -18 
30 -3 13 
3 -128 53 
-125 2 9 
103 -98 -6 
1 15 -8 
183 158 1 
19 -3 22 
-8 -2 -48 
-2 -24 -121 
-16 -94 8 
-2 8 6 
1 -2 11 
-32 170 -16 
2 -1 -9 
-2 1 22 
-4 -1 20 
-160 -10 19 
-13 -1 161 
-12 59 6 
5 1 19 
5 1 80 
-1 -11 -168 
4 -2 -1 
-2 71 -50 
4 -6 -5 
-1 78 2 
62 2 8 
1 -13 8 
-163 7 -144 
1 -85 15 
-16 -1 -108 
-104 -6 -27 
-1 -3 5 
-3 34 -88 
-63 25 -10 
-16 1 -195 
5 74 1 
-9 8 153 
1 -7 3 
45 2 3 
15 -9 7 
2 4 -1 
163 -88 -30 
-92 -43 38 
26 -2 -94 
-13 -116 -29 
-108 -4 8 
2 1 -7 
-7 -4 -43 
5 -34 29 
-4 -120 10 
-35 -54 44 
-47 -167 -3 
1 2 13 
12 -48 2 
6 5 2 
166 -7 -57 
-1 31 -27 
-32 -112 -63 
-1 -7 -122 
-33 -40 -12 
64 86 2 
-5 -103 4 
-137 -140 77 
-89 -74 1 
4 -128 40 
58 128 129 
-52 -34 125 
-3 -1 47 
-2 4 21 
-76 -43 -2 
28 17 1 
174 -2 -101 
-111 -14 -63 
22 15 1 
-16 -21 -3 
69 9 13 
-98 4 -2 
2 -47 -8 
-6 -1 2 
-13 -47 1 
52 8 -1 
4 9 -1 
1 78 -2 
-23 -4 5 
1 -13 3 
52 -9 1 
85 -1 3 
-1 -7 4 
-8 -1 -97 
-2 4 33 
12 5 -1 
-31 -193 -63 
13 1 6 
6 -4 1 
-55 -1 -16 
-2 -4 -1 
52 -7 -40 
29 -2 -77 
94 -1 -13 
1 -94 118 
-95 -1 -78 
-183 -21 -171 
4 104 -30 
162 -47 -123 
-24 -2 25 
1 25 -3 
1 5 9 
7 60 142 
-3 14 -16 
6 -5 2 
-1 52 3 
-1 18 -12 
-104 -40 1 
-24 7 -1 
144 123 16 
2 -33 10 
1 18 -11 
-13 -9 2 
-18 -3 1 
4 -54 2 
-3 -6 2 
-1 -3 -183 
-4 -40 -172 
-1 3 -80 
9 -50 -18 
-3 -14 -4 
13 -34 -38 
2 3 -4 
-1 -10 17 
51 21 -3 
21 -35 -19 
-2 -11 111 
-42 -38 -1 
-142 -4 -134 
36 -8 -3 
-2 1 8 
-14 -24 91 
7 -100 1 
5 16 -123 
32 -86 20 
-31 -1 29 
-11 6 1 
-102 10 1 
1 -107 19 
30 4 11 
-1 173 4 
19 -40 -4 
91 -36 -47 
2 29 20 
-10 -88 61 
-1 151 -3 
4 -2 1 
-1 -10 181 
-19 -63 -76 
-5 -177 -1 
44 -107 108 
-33 -2 1 
-1 -9 -8 
-43 1 48 
2 1 -3 
-15 31 -55 
32 -11 -40 
11 -70 16 
-75 -22 -11 
-17 -16 1 
25 4 6 
80 -114 -15 
42 52 -12 
-9 -8 4 
-115 36 3 
25 49 -168 
5 -1 -90 
1 -2 22 
42 46 1 
7 153 -2 
-4 15 20 
16 7 -29 
-21 -81 4 
1 64 -10 
-8 120 4 
-10 33 92 
-112 1 -86 
3 33 38 
-33 -1 -114 
142 -1 -77 
1 25 2 
-39 1 -12 
-2 161 -3 
21 9 -4 
3 -1 2 
1 -51 13 
63 -186 -31 
24 -5 11 
-42 -27 -5 
-114 -13 45 
1 15 -2 
7 -4 12 
-199 1 7 
2 21 -5 
105 -1 5 
-75 -115 -60 
1 -70 -58 
79 -3 -157 
13 195 -15 
75 -99 2 
12 -9 -1 
18 1 71 
-16 -3 166 
-5 74 -136 
14 -8 -11 
110 -8 -65 
1 88 -49 
-4 53 1 
1 -14 23 
27 8 -40 
-16 -8 -1 
-72 -52 2 
-26 -4 7 
-21 12 -13 
-4 3 1 
-3 -10 -6 
-27 -85 44 
1 2 -182 
6 -2 -19 
58 -72 141 
122 -129 41 
-2 -7 31 
-1 -195 -53 
-79 -2 1 
5 -55 6 
-3 -5 2 
1 2 -6 
144 5 12 
-1 -2 14 
5 -1 -6 
-13 77 -1 
-4 8 -3 
-2 -4 44 
4 19 -11 
97 -173 -29 
-12 -92 26 
-5 -23 1 
2 147 3 
21 1 -31 
-100 -16 -6 
1 -22 -66 
18 -13 5 
2 3 -31 
-14 10 -11 
7 -102 -1 
2 -1 13 
-49 -3 20 
-62 1 -8 
163 -1 71 
69 -39 -1 
-80 5 2 
1 -3 -46 
-1 13 -20 
-142 1 -99 
115 -1 -10 
-1 63 15 
22 37 93 
153 -37 2 
16 3 -1 
-4 -3 -183 
-35 -6 2 
-103 3 -77 
-10 15 -38 
4 11 10 
-1 -64 102 
1 3 -11 
-1 -92 -16 
-9 4 -21 
-1 88 -23 
-143 -7 -27 
22 1 144 
-116 3 139 
-57 -3 20 
114 3 -2 
-1 -44 -61 
-176 -1 -4 
-3 -19 -9 
-23 -58 34 
-1 -2 -6 
-86 2 4 
-104 40 -147 
-2 24 37 
-102 39 7 
-15 -1 16 
-18 1 -6 
-87 -1 18 
-4 8 -1 
-14 -58 -29 
-156 56 1 
-4 1 -60 
-13 194 68 
-1 113 4 
50 -3 -9 
-1 -47 3 
-2 1 3 
-1 -35 -36 
-1 -6 -11 
-2 65 -54 
-20 24 -10 
-1 77 16 
7 30 -50 
129 -17 150 
-2 -12 4 
3 -1 16 
88 -14 -25 
-61 3 13 
1 -3 -5 
-126 -1 -56 
-7 -3 124 
-6 68 24 
29 2 -5 
-5 -57 7 
-2 -1 -4 
3 -62 -6 
-2 -1 187 
-1 55 -52 
46 199 41 
78 28 -1 
2 -5 1 
-102 -9 94 
1 5 4 
-143 3 -2 
44 14 38 
-48 153 87 
15 -57 -105 
-19 -5 17 
2 7 -152 
12 -4 3 
-27 8 2 
-5 -1 153 
56 -1 -72 
-38 -5 -21 
-84 1 -106 
1 121 41 
2 1 -134 
117 34 -1 
-10 51 -35 
-12 10 52 
-66 -1 127 
1 29 -86 
-6 -1 2 
-52 -39 129 
200 80 -5 
-2 4 15 
-69 -79 77 
8 88 12 
4 23 41 
-8 -13 3 
50 -1 -9 
2 -34 -8 
102 17 -14 
-59 2 -19 
2 7 -4 
-168 -81 -6 
1 7 -8 
11 24 3 
-148 143 -1 
-9 133 -3 
-80 1 2 
-1 46 17 
-82 -95 48 
-26 1 91 
6 -36 -4 
-81 -1 2 
-5 143 114 
