197 -1 -199 
81 32 8 
-1 -5 -6 
10 -1 3 
-7 2 -1 
88 -12 -8 
-38 1 -3 
-6 -194 53 
-21 -22 15 
37 -3 6 
-181 9 1 
115 -11 -1 
-3 18 181 
-62 -4 -1 
-24 1 96 
-17 -16 155 
-33 91 1 
13 -28 59 
-18 13 -1 
56 -1 -22 
-157 2 -4 
-3 98 -18 
-1 123 3 
34 -13 -33 
140 -62 -63 
-9 3 1 
-46 -8 -1 
1 -121 -15 
-1 5 50 
-9 -135 -2 
-47 -1 -2 
5 -1 16 
-3 14 2 
-3 65 7 
50 -109 -100 
-28 1 149 
5 6 -50 
-1 -75 197 
40 -32 46 
18 7 -1 
16 -53 4 
2 -73 -49 
-45 7 1 
13 17 11 
-17 -1 -2 
-139 1 21 
-1 -67 -16 
-2 47 5 
45 -8 1 
-64 134 -12 
22 1 -12 
3 -2 1 
15 1 165 
-8 124 20 
-2 -1 11 
-14 -17 10 
-24 3 20 
-4 68 -2 
109 80 -164 
18 -1 -6 
-8 -73 9 
-48 150 -2 
-4 18 2 
4 -102 141 
-1 -57 -172 
-117 -32 2 
-56 -3 13 
-18 1 48 
7 2 -99 
5 1 4 
1 16 -4 
-5 2 66 
1 -16 12 
112 -4 -9 
-1 -9 -24 
-15 -172 31 
4 -82 123 
63 1 12 
9 1 4 
112 -6 24 
-21 -190 -166 
-35 52 -3 
192 12 -8 
1 -17 -5 
20 1 58 
-3 -29 61 
2 29 6 
-1 149 22 
-1 31 26 
1 39 -20 
1 -6 -80 
187 2 -111 
1 -186 45 
25 -8 99 
2 -3 1 
-1 -5 -58 
-1 147 -11 
7 -27 -1 
19 -1 -16 
17 10 -2 
64 -33 -79 
-1 5 -23 
-5 51 -118 
-13 43 -1 
134 4 -10 
5 17 20 
14 4 -194 
-5 156 -136 
-102 9 -17 
-25 7 84 
61 1 131 
-1 -115 -3 
-119 -61 8 
-31 102 -7 
-12 -112 -135 
1 2 79 
-35 151 103 
-103 80 24 
-2 -9 1 
-154 51 -1 
10 1 -2 
-3 -19 -37 
1 99 173 
29 4 -10 
-18 -8 -4 
1 5 -2 
16 1 18 
12 -1 5 
-1 10 2 
-1 -68 -7 
65 10 15 
-64 -4 1 
-45 -21 7 
-5 -2 -8 
-3 -5 2 
24 47 93 
-4 32 -52 
-6 12 8 
25 67 3 
-48 193 2 
30 32 -2 
-42 1 -2 
29 -47 -122 
107 -1 -58 
1 16 -5 
1 47 100 
19 -37 -1 
46 -3 41 
-16 125 -2 
76 -21 -36 
-1 174 6 
-17 -1 8 
39 -10 2 
-7 8 41 
-2 -1 -114 
-1 56 59 
14 56 -1 
-1 -7 4 
-118 14 2 
1 93 11 
-3 -149 -8 
-19 -34 35 
109 -12 -2 
-2 -115 -22 
-131 -15 25 
-55 -7 -46 
3 -41 12 
49 68 -89 
38 176 -1 
-1 15 4 
15 -1 59 
-16 -148 -35 
-140 -1 36 
1 6 -26 
-12 -1 2 
88 -71 7 
3 21 -1 
45 -10 26 
31 5 2 
4 154 -2 
5 1 67 
1 104 135 
-5 -3 2 
-140 -14 2 
-2 10 -7 
-52 38 7 
-41 5 1 
1 23 -6 
-54 9 -4 
-110 -15 -3 
-25 15 12 
-138 2 -3 
3 -18 14 
-12 4 -6 
29 -20 -37 
3 28 29 
-1 13 -9 
129 10 1 
-1 45 -50 
-1 5 19 
-12 -1 -4 
5 -24 -104 
3 89 -23 
-1 -73 80 
26 83 -10 
-1 -185 20 
-148 -1 -17 
-7 6 12 
-2 13 -5 
-26 16 2 
15 81 -1 
1 -4 103 
-1 6 -164 
1 2 51 
2 119 170 
-20 -1 -3 
-27 17 1 
-2 -11 -51 
93 3 -46 
-179 -25 36 
96 -40 -3 
1 5 -57 
193 -157 124 
-2 -51 -4 
45 9 87 
36 15 -47 
29 166 -4 
-1 -4 33 
2 86 1 
-1 50 -15 
1 3 44 
1 23 -20 
10 -9 -8 
144 143 4 
-1 6 -53 
109 3 100 
2 10 6 
1 19 -33 
-1 3 71 
-1 -2 8 
6 -2 27 
37 7 -94 
1 17 13 
1 -30 -20 
13 95 -46 
11 -39 3 
-128 -2 165 
81 90 4 
-1 -12 11 
-3 6 -1 
7 -124 26 
-1 -83 3 
20 42 -4 
148 3 -47 
-6 -21 -3 
1 -7 -139 
-25 2 5 
134 -17 -14 
-1 -87 64 
2 -21 4 
1 94 -85 
-2 49 -38 
8 1 34 
1 -79 70 
-3 10 24 
-30 10 1 
27 72 13 
62 -80 -35 
-25 -49 -1 
-31 70 98 
8 -4 41 
127 -2 1 
6 77 -1 
24 1 -23 
-1 -5 -155 
-191 -20 -12 
46 -28 9 
55 9 178 
5 -3 -10 
3 24 -70 
-1 15 -16 
-2 -1 109 
6 5 -11 
-1 5 -2 
-1 -16 21 
2 -5 -181 
10 -104 -1 
7 55 -21 
2 -29 18 
179 30 1 
6 152 32 
32 -7 -14 
170 -5 10 
1 -8 -16 
1 -20 -2 
-99 7 -2 
-4 24 -14 
52 11 -117 
-6 89 -32 
-13 1 -6 
-23 32 1 
-125 120 -75 
7 -134 49 
23 -199 3 
-22 1 2 
-3 -1 14 
21 37 178 
-1 -5 27 
115 197 3 
128 67 -16 
-37 -115 42 
24 22 2 
-2 1 -169 
-2 1 74 
-16 -1 -2 
-84 -12 3 
-28 20 1 
-2 88 -8 
-115 5 -83 
-3 -9 -6 
44 3 80 
-5 -10 -23 
6 14 -41 
-1 5 6 
-14 1 5 
-3 -24 4 
2 14 116 
2 177 8 
167 2 -52 
-95 10 1 
-25 183 4 
-2 106 10 
-4 1 2 
139 -75 137 
1 -3 189 
107 116 -135 
2 3 -162 
22 -1 -11 
-81 1 -44 
-3 23 7 
175 166 2 
4 -3 -35 
-93 -25 -1 
32 1 70 
-30 2 55 
27 -123 10 
1 3 143 
33 -2 -73 
-1 21 -31 
1 -44 23 
-2 83 -160 
-20 -47 -2 
-16 105 1 
-19 -1 44 
-11 1 25 
80 6 -5 
1 6 29 
-22 8 102 
44 73 -154 
-14 -1 -149 
-109 -108 14 
21 108 -4 
84 -119 14 
-9 -20 17 
-131 -24 -6 
-7 6 -1 
-4 -10 26 
26 1 7 
-3 1 22 
147 26 2 
197 -185 -147 
31 -4 11 
-62 2 54 
2 10 46 
-13 2 -5 
-1 10 6 
5 -1 -2 
-1 -3 -147 
-184 -12 16 
-28 174 -2 
14 12 2 
-1 22 -98 
44 168 -113 
3 5 -88 
-85 -4 -20 
-25 9 171 
1 39 42 
-1 -38 -30 
-19 198 9 
3 5 13 
14 15 -19 
43 2 -153 
-10 3 -64 
-2 9 -37 
-27 47 -10 
-37 25 1 
-5 1 -169 
-1 12 6 
-2 14 72 
153 -23 -1 
-69 -22 -2 
-149 -35 -4 
-165 176 -4 
-65 155 -112 
-22 1 -15 
148 -2 5 
-8 -3 13 
-5 -3 -62 
-27 2 -39 
-10 6 -5 
-21 4 -1 
51 -14 28 
19 -12 9 
-1 -27 10 
12 8 65 
-7 2 1 
-6 -22 -7 
-146 -126 -168 
1 127 -6 
1 -51 -24 
81 -40 -17 
117 -6 70 
-1 -6 13 
-117 -82 -46 
83 4 -21 
13 2 29 
198 35 1 
-7 -4 -66 
-17 -9 -1 
2 -1 3 
1 96 -116 
11 -1 14 
-2 3 106 
-7 -13 -1 
-25 71 7 
-136 -8 -3 
-1 -12 86 
-63 15 -1 
-4 -31 25 
-8 147 -27 
6 -1 -2 
-43 1 2 
1 90 -73 
-103 11 1 
-157 -10 -181 
-68 -1 -162 
20 -21 13 
1 -13 -2 
-39 19 5 
-13 -100 -2 
5 -2 24 
1 -131 -6 
-1 2 -18 
1 -2 24 
16 84 -4 
39 -7 -3 
-5 2 -1 
1 -2 7 
2 -23 85 
1 -10 3 
59 1 -29 
4 30 5 
-12 -94 -2 
-3 -7 34 
-1 -7 -3 
69 -2 -6 
29 -2 -22 
-87 -1 130 
63 3 31 
-23 188 5 
-1 -26 28 
191 10 192 
-2 -1 -6 
35 5 -12 
34 168 5 
-158 1 -23 
-82 12 171 
-2 -188 150 
10 -38 -13 
19 -7 4 
-46 -17 -10 
12 -23 -3 
-4 2 -5 
160 -1 21 
46 2 5 
13 -1 -158 
10 -45 -22 
-2 5 -70 
24 -4 -30 
59 -41 -135 
-30 -14 -2 
2 6 99 
3 -36 -4 
1 -47 -17 
-7 11 4 
-14 -7 -170 
1 7 4 
-1 112 -29 
13 -1 -9 
-5 -135 -2 
-1 113 161 
61 8 -1 
-2 -28 16 
-77 -3 38 
74 23 72 
8 -17 -3 
26 1 -40 
-44 28 -14 
15 1 -32 
-24 104 11 
-7 -47 -1 
1 -22 -45 
3 1 79 
184 -2 1 
23 -1 138 
3 -1 -4 
-6 -1 -120 
16 1 -3 
9 -42 1 
1 4 -11 
1 134 -2 
-10 3 1 
41 1 8 
28 -89 -57 
-8 -2 1 
-163 -1 6 
-44 177 -27 
-89 2 20 
-91 116 10 
2 -1 -7 
43 5 1 
-4 -8 -16 
1 6 -64 
1 103 -157 
70 2 1 
14 61 -1 
4 6 -1 
74 1 16 
19 1 75 
41 -1 18 
14 1 -56 
82 2 6 
10 -4 -1 
14 -2 97 
-25 158 34 
1 -2 -17 
15 -191 3 
13 -2 -16 
-1 -130 169 
-21 3 35 
-2 -92 -28 
-3 10 -1 
-1 -3 32 
-1 -3 -54 
-82 -1 3 
-5 12 -1 
-9 3 -70 
-67 -2 -1 
-131 9 -1 
13 41 -4 
2 -150 113 
12 -86 10 
-31 1 194 
15 -2 -30 
-4 -39 -1 
5 -28 -40 
-88 1 -38 
1 -44 8 
42 46 18 
2 -21 26 
-186 1 -7 
-79 -2 -1 
-1 5 -143 
28 9 -98 
-1 14 6 
-1 -5 72 
10 125 1 
-1 -6 -11 
-22 45 4 
-144 -5 -12 
-101 -96 -140 
-2 -45 -4 
-4 -2 5 
159 -5 9 
4 -132 -24 
-4 -10 -11 
38 3 2 
-3 12 -1 
-177 34 -30 
2 -6 164 
2 -1 -10 
-17 110 -1 
94 63 33 
2 3 -7 
-30 -6 114 
-97 11 -52 
-4 -38 14 
-3 2 4 
-49 3 -1 
-1 -3 -19 
-6 -3 4 
-2 -8 -11 
-2 1 48 
-4 15 1 
52 -2 9 
-80 -42 -178 
-2 -4 1 
116 3 15 
-3 -2 -5 
134 -59 1 
1 -48 -2 
-127 -1 10 
3 -1 -40 
9 6 1 
1 -93 2 
-5 3 1 
-196 -18 -5 
33 -8 -3 
128 -2 3 
4 7 13 
-5 19 -1 
-1 -4 5 
23 12 5 
-66 1 11 
-7 -16 32 
-9 -6 -2 
9 3 2 
116 3 -162 
43 1 -81 
-5 6 -120 
-1 -4 -58 
4 -63 2 
4 -2 -1 
-2 -1 7 
-50 14 1 
-1 -108 -48 
-84 17 -7 
-149 1 29 
44 -36 162 
3 31 -103 
-1 -15 -39 
38 1 54 
170 18 8 
46 195 -3 
-69 -16 1 
188 -71 1 
92 3 18 
2 -51 -3 
3 -4 26 
68 2 -27 
-13 -1 -2 
151 -54 -1 
-200 -7 134 
-3 -1 -7 
-2 7 -3 
13 -5 8 
-1 132 35 
3 71 11 
-1 126 -5 
3 -81 -68 
-82 15 9 
98 -80 51 
-31 2 -6 
-12 41 6 
-193 -52 -7 
-68 4 5 
-2 3 65 
-2 16 8 
39 -7 -46 
-158 -5 2 
12 4 -107 
-126 1 4 
55 -52 12 
-3 4 -20 
-32 -7 4 
156 171 200 
-1 -165 163 
1 -3 186 
1 -13 104 
-4 10 12 
17 -81 -3 
-124 -9 13 
-2 -1 3 
5 127 4 
-30 -61 -55 
-1 -3 -74 
-12 -5 67 
-2 -98 1 
27 -3 -37 
-1 39 57 
195 101 -2 
23 -39 -116 
-1 6 12 
-1 17 -2 
19 -31 1 
100 198 175 
8 -99 -6 
-5 18 14 
1 -10 -25 
-4 92 2 
83 -19 7 
-67 90 15 
-1 -99 -9 
-2 51 59 
2 12 -15 
-7 -1 17 
1 8 159 
-19 -79 13 
9 -29 -17 
4 -6 -31 
1 15 43 
75 -9 -1 
-2 15 29 
-43 99 3 
1 26 -34 
51 -4 1 
-54 -118 -80 
-10 -1 -50 
-79 14 18 
2 -33 -62 
-3 63 -1 
67 -118 17 
-67 6 46 
-11 1 -166 
-13 -15 -22 
1 -9 -98 
5 -196 -6 
3 1 6 
1 -3 102 
104 1 -3 
46 -132 10 
75 3 -28 
7 -88 3 
1 21 23 
-3 1 118 
10 118 -2 
59 1 24 
-28 -5 64 
2 3 1 
2 54 15 
38 -1 -9 
5 -57 46 
-3 101 -1 
-10 -25 57 
-6 1 3 
17 -1 6 
-97 -3 -25 
37 3 10 
1 -73 -11 
-1 -32 -124 
105 1 8 
-81 3 -37 
-2 18 -29 
36 -1 -4 
2 -3 118 
33 -40 54 
8 -38 119 
-31 155 -24 
-2 26 96 
-3 1 -4 
-64 1 3 
-9 47 1 
-38 -94 1 
1 29 192 
-1 -8 29 
-136 1 -13 
6 -2 11 
5 -43 62 
-96 34 54 
-11 2 1 
-9 66 176 
-2 -1 190 
-2 94 73 
-50 -10 138 
-34 -2 12 
14 -2 -105 
-2 7 1 
13 58 -1 
-1 -169 11 
1 -21 5 
15 1 5 
1 69 -31 
-13 134 3 
32 -49 -1 
-28 -193 -1 
-54 1 -34 
-3 -35 -5 
51 42 -1 
5 -106 -55 
37 -1 -8 
1 -2 8 
-132 -16 -50 
-57 -79 -8 
4 20 161 
3 -5 4 
17 22 -1 
-3 -1 -8 
-11 -47 -1 
-31 12 1 
3 -2 -1 
