-4 6 28 
-9 3 -1 
65 75 1 
-1 199 3 
13 -71 -1 
67 1 -69 
4 13 -18 
1 4 51 
-4 1 3 
95 -3 -14 
1 -10 24 
5 -18 7 
12 -19 -71 
44 5 -12 
-34 1 -141 
-11 64 -2 
2 -5 -54 
-21 -7 -138 
-4 2 21 
124 195 14 
9 1 -32 
2 1 13 
-6 -15 7 
15 -6 -33 
8 -5 -1 
-9 34 -1 
-3 -4 35 
-1 2 12 
2 1 41 
24 20 27 
-14 20 35 
-1 -30 5 
-60 5 -2 
-3 -9 -29 
-13 1 4 
-32 2 -86 
-3 -2 -144 
36 -90 1 
1 3 -50 
2 1 -185 
1 -5 -24 
-5 9 30 
10 122 49 
1 -13 -167 
18 -1 31 
-1 -165 -9 
-2 1 63 
-30 -14 -20 
-3 5 -6 
-2 -16 -10 
-15 -36 3 
-19 -102 52 
-1 -38 -30 
-164 180 -46 
-4 2 -5 
169 -22 -21 
-7 -36 -19 
-14 42 7 
-30 -1 -11 
-42 73 -47 
1 -2 -165 
-1 -2 -26 
-4 15 -67 
-9 2 1 
2 -115 132 
2 -1 -17 
-17 1 83 
77 -3 -44 
-41 -129 64 
88 112 -2 
147 7 -11 
-1 -6 -89 
3 -2 -39 
-95 63 44 
-13 -2 -14 
1 -129 -115 
27 1 24 
34 3 18 
2 23 -1 
1 -15 -2 
1 -2 95 
42 5 -3 
53 44 -3 
-1 -22 -9 
-12 2 28 
-191 23 1 
11 12 1 
-23 5 -11 
-52 4 -11 
5 -29 -138 
15 -47 -55 
-159 -3 -164 
1 -2 -55 
12 -118 3 
-39 5 -2 
2 5 7 
15 -119 -20 
-1 -62 -13 
-30 -6 -4 
1 -6 -15 
-61 -2 186 
-37 -1 -6 
1 142 -4 
164 89 -6 
138 -30 39 
13 1 -5 
-116 -23 4 
1 17 -92 
5 7 -135 
-34 -2 -61 
-143 6 -1 
24 104 12 
-3 11 19 
3 -62 1 
-82 2 -1 
141 4 1 
27 -18 1 
84 1 15 
-15 3 2 
1 192 72 
14 10 1 
-100 4 -8 
-5 -2 -9 
-4 -74 -2 
-2 -93 1 
-1 18 -9 
5 1 26 
-2 5 -15 
2 100 73 
-7 -22 -24 
2 167 1 
-1 -6 5 
11 8 -129 
-9 -4 -6 
-1 -6 -18 
1 -20 29 
-52 -60 -1 
10 1 -11 
41 -2 -29 
9 -3 5 
5 10 -15 
-28 2 -4 
19 2 -30 
14 110 145 
38 -1 3 
-87 34 -2 
-146 17 -70 
8 -1 -173 
-1 8 97 
-1 5 97 
-43 -2 -6 
84 42 -9 
-6 96 -11 
49 -3 1 
-1 -3 -87 
8 -2 1 
-1 2 -4 
-27 6 -44 
20 28 4 
-113 -67 -3 
58 2 -1 
-18 1 -5 
1 -46 2 
-109 -1 -25 
-138 -6 -165 
-10 -2 -89 
17 5 -2 
-1 -22 26 
111 36 -1 
-12 44 -2 
-47 -1 -24 
4 74 -8 
-7 -40 3 
-4 -112 6 
2 162 11 
19 87 1 
32 -18 -34 
4 15 5 
4 13 83 
-149 -169 1 
2 3 -11 
-3 -104 -21 
182 -1 -2 
-151 -9 -46 
3 2 -26 
9 28 7 
15 -158 -43 
-1 6 -5 
-131 -23 -49 
-163 2 -63 
1 12 -3 
2 63 -9 
-11 -1 67 
121 -3 -33 
-120 11 -87 
-2 8 -1 
4 -51 -7 
7 1 29 
-58 -2 -1 
11 -48 -1 
44 23 -3 
-1 5 -14 
43 -51 3 
1 -52 -39 
-13 -1 168 
-31 1 -3 
3 5 43 
2 43 -187 
8 -13 3 
117 16 25 
16 86 -2 
5 -1 4 
-3 -22 7 
81 -9 1 
1 -3 -6 
-9 108 -2 
-6 1 -159 
143 -17 -155 
-2 20 -3 
5 8 104 
26 31 9 
61 4 3 
-2 -1 -12 
-3 8 45 
28 -2 -23 
-134 -60 3 
-7 -3 -5 
1 -3 -10 
-1 156 -84 
42 -5 -16 
5 89 70 
31 7 -17 
26 -1 22 
18 -4 -3 
-19 1 -129 
41 -1 -79 
3 94 185 
24 1 2 
-10 6 -1 
-6 19 -145 
1 -170 -17 
-27 -7 59 
3 1 -4 
5 93 2 
8 2 5 
7 16 29 
3 -1 -33 
111 -3 -108 
4 -43 5 
3 28 2 
-71 20 -27 
-2 61 -65 
2 -1 162 
-25 3 43 
128 -4 26 
-23 -3 -5 
109 -27 -6 
-2 71 63 
1 -9 -90 
-3 1 2 
-164 -6 -166 
-76 -1 2 
-2 -1 17 
-1 -4 -33 
4 -168 -1 
1 -18 -48 
2 139 4 
2 -1 -24 
-16 1 4 
-6 5 3 
-23 -16 -31 
5 9 -12 
15 34 3 
-8 108 172 
-1 -39 18 
-74 -140 2 
10 47 -1 
-34 1 -27 
9 1 5 
-24 9 -17 
-41 116 1 
-2 31 59 
-64 135 1 
38 -1 57 
-36 155 -24 
39 2 -194 
-18 165 -36 
37 -31 1 
-66 19 100 
80 -2 -34 
9 24 -27 
37 195 164 
1 -17 7 
-49 196 28 
2 -31 -54 
49 -25 -102 
50 -48 -1 
38 2 -3 
-37 175 -12 
-71 -7 -5 
-1 -154 -2 
72 -3 13 
3 1 -14 
-10 -47 -5 
-1 156 -4 
2 -9 3 
-47 17 40 
-52 15 -16 
-2 -24 197 
4 -10 -1 
-9 42 44 
87 -9 30 
167 39 -11 
23 67 21 
-10 -9 1 
-25 8 4 
6 12 4 
117 4 104 
50 -1 -2 
-1 -158 9 
-7 -53 -45 
-90 45 -101 
2 -77 -3 
2 -69 4 
-14 -169 1 
19 49 -150 
-11 -2 -17 
17 2 106 
-4 -9 181 
2 -73 7 
-1 2 19 
-64 -1 24 
29 -1 -99 
-33 95 -2 
-51 7 3 
-82 3 -1 
-12 -128 3 
85 49 2 
-47 19 -23 
-6 168 -7 
2 1 -63 
-5 2 -3 
196 184 2 
17 -4 -9 
-32 5 4 
1 3 -174 
1 17 9 
-60 -17 1 
1 9 -113 
63 -10 151 
-15 12 8 
-1 5 68 
102 -93 -55 
-3 4 5 
-7 -3 -1 
61 58 14 
20 -5 -67 
-7 4 -37 
38 13 -156 
3 26 -51 
1 2 -5 
-122 -1 2 
1 162 174 
88 6 -2 
-28 1 9 
-6 1 83 
194 2 3 
-139 -21 6 
-1 -15 -58 
123 -19 88 
98 -108 -1 
1 -74 29 
1 24 13 
117 23 -136 
28 -8 -19 
10 -1 149 
3 176 -1 
91 120 56 
-16 -4 97 
33 41 -5 
15 -75 24 
-55 -2 79 
-48 2 -1 
-38 -68 -9 
-45 8 -23 
-20 1 27 
4 23 162 
2 1 9 
7 82 42 
11 -12 -20 
-6 45 16 
-14 3 6 
-1 143 -150 
1 -73 -11 
2 -105 1 
93 -5 15 
3 -1 7 
62 -145 -2 
-2 49 12 
-23 -6 -82 
-2 -1 29 
-11 21 -43 
53 10 -22 
5 53 18 
-25 -4 1 
1 38 11 
-7 -26 -13 
-50 1 10 
200 -4 1 
-21 3 7 
1 -8 -169 
45 -10 78 
-12 46 3 
1 28 2 
-40 1 27 
1 -3 23 
-5 13 -9 
-13 102 -9 
11 -62 -50 
2 -16 -7 
-37 -25 1 
7 64 52 
7 -42 1 
181 6 -13 
31 -8 -120 
-4 -19 -69 
75 99 -14 
47 11 5 
-132 3 -9 
85 -67 -1 
157 -1 49 
-2 -82 13 
47 -1 -71 
-9 -2 -1 
16 142 -2 
187 -4 26 
-27 76 -54 
103 7 -53 
9 188 46 
199 60 -1 
-3 192 2 
-1 -171 -82 
-5 41 -14 
-3 -1 -25 
1 -23 19 
7 1 39 
9 38 11 
-89 -11 91 
3 -5 6 
-15 12 -10 
2 -154 -16 
8 -1 -186 
1 2 177 
148 -3 -8 
36 3 80 
-7 -11 3 
-1 9 2 
151 4 103 
-85 -16 -3 
-179 1 -5 
6 1 -101 
52 2 -3 
-11 1 2 
14 72 7 
3 4 -10 
-12 -1 4 
-124 -10 77 
-97 -31 1 
-1 -8 34 
-107 14 81 
-103 4 -2 
-1 -48 3 
11 -82 3 
69 -17 12 
-55 71 2 
1 -39 8 
-137 14 194 
-17 3 6 
-98 3 11 
-104 33 -70 
191 -4 -77 
-11 -2 -3 
-4 7 -9 
103 -7 -11 
1 32 -123 
-8 -47 -13 
-13 -3 2 
57 7 -35 
3 10 18 
1 12 -16 
43 1 2 
-1 19 174 
-37 10 -1 
7 8 2 
8 4 -183 
-2 -3 1 
-174 -5 135 
10 -1 -115 
97 -15 4 
-31 -79 12 
-67 18 -35 
1 7 97 
-2 -18 4 
-56 64 39 
-5 184 160 
2 1 -112 
-9 -175 -5 
1 2 -163 
-1 -24 -2 
-5 15 -7 
-37 -121 7 
-71 -113 -1 
56 -16 23 
-1 -5 103 
2 -73 1 
-46 -1 -15 
1 3 -39 
12 -1 3 
-157 -109 -8 
-48 -75 -73 
-2 -18 -5 
-12 -15 9 
-18 -37 4 
-4 97 9 
12 -66 1 
-32 3 57 
117 17 109 
3 -2 9 
-2 7 -19 
-3 10 20 
32 78 114 
21 64 -12 
-6 10 2 
79 -6 -3 
164 1 143 
-1 5 32 
-31 -3 27 
-3 5 -6 
-5 12 -11 
1 6 -2 
26 -12 76 
-44 3 -7 
41 -145 -195 
2 -1 3 
-91 19 6 
1 -3 6 
10 111 -87 
123 3 120 
3 28 -29 
89 -2 -5 
-1 4 118 
142 -9 -1 
4 -90 -5 
-40 -79 -1 
-14 1 -61 
140 -26 -7 
-9 25 -1 
124 79 42 
-27 -3 25 
-28 -2 3 
164 -3 1 
2 -5 -24 
10 -88 1 
3 -54 -7 
-1 9 14 
-12 17 2 
9 172 91 
46 -20 12 
7 -69 -166 
-1 -99 -5 
1 -155 2 
9 24 -71 
-3 6 -64 
37 2 -5 
8 -14 -30 
-12 1 -10 
-39 40 15 
-5 173 -1 
-186 38 -5 
-3 -22 43 
-1 -23 133 
1 28 -122 
26 -129 -42 
-176 3 138 
2 -74 93 
4 52 134 
-2 -194 30 
-49 -30 -4 
-13 47 29 
26 12 3 
2 -1 -76 
2 -3 -19 
19 -1 15 
-8 -1 -14 
-1 154 5 
-6 11 29 
1 25 -6 
141 99 -49 
144 2 -31 
8 -4 -75 
-1 15 -8 
1 27 183 
-13 -11 -75 
2 -1 -137 
147 49 -1 
28 14 -56 
59 -27 12 
85 -1 -31 
9 3 63 
-1 -15 2 
-13 1 11 
-40 63 1 
-12 39 -2 
-5 -98 6 
161 -15 3 
77 -171 -50 
53 23 -2 
-8 7 -93 
-1 -2 192 
-7 30 1 
-134 6 -22 
-152 -1 3 
-4 -22 -25 
8 -2 32 
-16 1 -106 
-13 11 39 
-43 1 -40 
-14 79 6 
-99 68 -21 
2 -142 63 
3 1 63 
7 110 -1 
118 195 -4 
54 1 148 
-2 16 32 
-1 -26 -2 
196 -1 44 
1 190 -37 
95 -6 -4 
1 4 -3 
-21 11 -2 
-1 -3 46 
-1 -4 71 
1 2 33 
-36 1 55 
-1 -2 -14 
-2 45 121 
-5 14 -1 
2 77 1 
-6 -1 3 
-39 41 -22 
1 26 21 
55 1 -9 
-88 -1 14 
14 3 1 
2 50 1 
-24 18 -1 
-1 20 12 
138 2 -29 
-5 -1 98 
144 1 -16 
-19 177 116 
-21 2 -5 
15 -3 73 
32 -4 -15 
3 4 20 
-32 1 -186 
-27 21 150 
13 1 32 
-9 1 22 
-32 -47 -157 
-76 -102 -12 
12 3 -21 
-33 -52 -151 
59 2 -1 
4 1 -10 
-85 2 5 
24 -17 4 
9 4 2 
2 9 -57 
-9 2 -6 
2 66 15 
-11 153 45 
1 -57 181 
4 -21 39 
2 -17 -196 
1 -122 4 
2 -136 61 
-3 -4 9 
35 20 7 
137 2 -81 
-3 -19 1 
71 37 1 
-3 -192 1 
1 24 -121 
13 -7 2 
-2 8 -38 
2 -1 10 
-7 -14 -13 
1 -7 84 
3 -8 -1 
194 37 -1 
8 181 149 
1 -86 -11 
141 -25 -167 
1 -37 33 
-36 -3 -29 
-2 -1 159 
-1 -3 173 
-5 7 1 
-23 7 -4 
-2 -12 6 
-9 -2 -1 
-14 -1 4 
5 -51 1 
2 -23 -16 
39 1 14 
165 -1 95 
-10 -2 -42 
31 -5 2 
2 6 -110 
101 120 -40 
71 -151 -1 
85 2 40 
8 -10 2 
-4 11 2 
-93 -4 15 
-2 9 163 
9 -18 8 
42 2 -80 
1 -73 11 
1 3 122 
-51 155 92 
13 -2 129 
1 30 -46 
-2 30 55 
11 -31 148 
-1 5 7 
-140 -122 34 
-8 40 -1 
47 -46 -18 
64 5 8 
-2 4 -1 
61 -10 -137 
6 -1 24 
2 3 59 
2 8 -23 
-82 -4 44 
1 30 186 
-195 93 -3 
7 1 -2 
1 -8 4 
96 -20 41 
11 4 35 
94 5 -4 
62 24 -2 
83 148 4 
-9 -3 109 
1 4 2 
107 -142 3 
-1 -52 -15 
-4 -27 -78 
5 2 -3 
72 -27 -64 
21 -14 -1 
-30 57 1 
5 -16 2 
92 -3 -15 
46 140 -2 
-47 195 1 
-12 4 13 
23 44 -3 
-1 -51 14 
-72 24 -2 
-1 22 -187 
-194 2 -8 
43 169 1 
-3 -26 13 
-157 -2 156 
-56 66 23 
-2 12 200 
9 7 150 
1 -137 25 
-38 1 6 
27 -6 16 
-127 -19 -1 
-116 63 -21 
-24 -16 -23 
-1 11 123 
2 6 1 
1 -78 17 
45 -4 -178 
3 4 1 
-1 -11 -55 
5 -58 2 
84 16 3 
21 -4 40 
6 2 1 
-8 -115 -2 
2 -42 -35 
