-25 -54 35 
25 -4 -3 
1 179 -2 
-14 -2 -3 
-7 -2 -3 
-1 -9 -32 
1 126 25 
-21 -2 -1 
-96 -6 4 
-22 -49 -1 
-6 -35 -10 
29 1 -8 
6 -194 -134 
-55 -32 1 
5 -92 -169 
110 -6 5 
-2 -17 97 
4 2 -1 
4 -1 -21 
-9 87 -50 
-4 1 -158 
-1 -4 16 
4 -2 -75 
15 -109 21 
-1 -44 45 
-7 2 3 
3 131 -1 
-195 1 69 
89 4 1 
89 -1 -4 
1 -3 4 
9 179 -1 
28 16 1 
-1 -2 122 
2 -1 -144 
1 -3 18 
-2 -11 -13 
7 -44 1 
2 1 -55 
-15 1 -5 
-4 -1 -56 
3 25 94 
1 12 -6 
4 85 24 
145 7 47 
79 2 -1 
-19 -56 -84 
11 -19 -8 
8 40 2 
-8 135 2 
3 -14 -4 
41 -109 4 
1 -7 -19 
77 -1 -53 
-153 -14 -9 
41 -2 3 
14 5 -3 
-1 -2 42 
-10 -78 -132 
166 1 -29 
4 -190 -38 
59 -2 111 
-74 3 -126 
1 -51 -14 
-2 1 -5 
1 -26 29 
61 1 -6 
-7 1 103 
-51 3 -186 
-38 10 -11 
1 -45 -3 
-112 3 -1 
4 11 -7 
68 -10 -1 
-39 71 9 
-7 -31 3 
-1 30 6 
11 17 31 
-143 13 3 
13 -167 -1 
157 -31 -1 
185 -4 -21 
-12 4 -2 
1 -8 -64 
-6 115 -3 
1 -47 -139 
-50 -8 2 
-13 -1 7 
-22 -1 8 
7 59 -39 
-6 40 -23 
-101 1 74 
-5 9 -20 
-8 161 2 
-115 -1 -58 
-1 -3 124 
-36 1 5 
-3 -49 -7 
2 -7 -3 
1 64 8 
46 -20 13 
-32 4 -3 
-51 2 1 
-91 23 -36 
2 1 -136 
-12 -2 20 
2 140 -185 
-4 -15 -14 
96 21 7 
-1 3 -51 
-121 80 -13 
158 2 -16 
3 -136 2 
-97 19 -140 
-14 120 122 
-158 -86 1 
-2 -1 -76 
1 9 5 
-1 158 2 
3 -19 24 
50 28 2 
4 -100 -1 
5 -56 -88 
4 -1 5 
-3 -5 -83 
-1 -5 -2 
-8 -1 3 
-9 -4 -46 
-7 -54 -1 
174 -13 2 
35 -3 -5 
-10 71 41 
-1 -34 -65 
-1 11 10 
-106 5 -22 
95 62 -4 
-49 -132 14 
10 1 -17 
9 -4 -3 
3 5 7 
-65 -2 -40 
-67 -144 32 
38 -49 75 
5 7 1 
3 -1 111 
-1 -3 156 
-10 23 153 
-1 -26 10 
-34 -2 -13 
33 19 189 
1 60 20 
-1 -5 117 
1 84 67 
35 -4 11 
-4 23 -1 
-54 -1 -11 
134 128 1 
24 87 1 
74 -119 1 
21 -35 2 
-3 100 -21 
92 2 -11 
6 4 11 
-20 -26 3 
17 4 3 
-147 -45 31 
36 -6 -2 
21 3 -28 
-13 15 -10 
-2 81 7 
4 1 -64 
-45 1 69 
-1 -27 -2 
2 -13 20 
3 -151 -2 
1 -8 2 
5 -3 -1 
-76 -2 -30 
38 -26 -1 
1 -22 5 
-10 174 -84 
-1 -180 6 
-28 -6 -14 
-4 -42 -7 
-96 -75 -23 
28 -4 -8 
3 138 -90 
3 -2 4 
54 109 58 
1 4 -12 
90 4 43 
1 -63 -26 
-41 -98 45 
97 172 -4 
2 -31 -9 
8 -9 2 
-1 184 19 
-79 -60 4 
70 2 101 
-1 121 -2 
45 -102 -110 
-13 -11 -20 
-62 -163 -3 
48 17 -10 
-10 -3 -2 
187 -2 -4 
-3 -2 -54 
-18 -1 -3 
11 -3 -23 
-1 -180 -9 
-11 57 -1 
3 7 -20 
8 9 20 
12 17 21 
-54 -3 2 
2 -1 -190 
2 -1 -20 
110 -15 -65 
75 -6 -11 
120 12 -11 
2 12 -181 
1 28 15 
-1 13 -159 
8 5 -9 
8 -48 6 
3 83 -200 
-4 -2 -15 
190 -39 26 
7 -14 -123 
5 36 165 
1 4 2 
6 -3 21 
3 -9 32 
6 -5 -37 
-1 80 134 
4 -2 -10 
8 18 -108 
26 -94 52 
2 -7 34 
-1 -14 142 
-6 -8 -42 
1 -8 83 
-4 12 -1 
42 -39 -151 
-19 1 -3 
-146 -11 -4 
37 161 -19 
-8 -24 55 
-72 -113 -1 
-75 -99 1 
26 -4 10 
2 -5 -1 
-21 -2 -7 
1 192 -124 
-2 -8 4 
-7 -176 -1 
1 184 -8 
30 -92 80 
-1 -8 18 
60 2 -100 
-2 21 10 
17 -10 43 
-22 -8 -19 
-37 -133 1 
110 18 -2 
10 -119 -1 
-16 3 1 
3 5 -2 
2 42 -1 
-39 -4 -79 
26 -17 -14 
19 8 162 
117 -44 1 
3 1 2 
21 -3 -133 
-74 -9 -50 
-1 109 115 
24 -81 -5 
3 120 15 
117 -168 79 
6 -1 -41 
-4 -39 -1 
4 -1 2 
-1 50 -5 
17 -49 4 
-1 10 9 
1 9 -192 
1 -37 -162 
-11 24 156 
-3 -1 36 
4 -23 8 
-2 -13 1 
-26 3 -2 
8 -3 40 
-9 4 14 
-130 -63 -85 
-8 -24 158 
2 -1 -44 
12 -3 -9 
18 -4 1 
188 4 6 
-52 -20 -1 
-168 63 -98 
-1 128 110 
-67 -14 -18 
4 -62 -3 
9 3 -102 
29 -7 -26 
40 23 -1 
7 -3 -10 
-74 4 7 
2 -7 -69 
-23 -100 16 
28 2 81 
1 -74 65 
12 -56 -24 
-1 41 3 
-11 83 108 
-2 40 41 
11 46 -37 
3 -18 7 
96 11 12 
-143 5 15 
-13 -6 -52 
1 10 5 
16 121 1 
-1 -69 2 
2 24 99 
159 -5 -3 
144 1 -81 
-1 131 47 
53 -2 -69 
11 26 -6 
1 -119 115 
-9 -1 -3 
-129 -8 -6 
-1 22 -28 
109 8 16 
-1 -15 -23 
3 -21 57 
128 -69 -92 
99 2 3 
1 -121 -4 
-1 73 122 
-1 -3 -2 
16 2 -14 
-2 -1 24 
1 30 20 
-54 5 -67 
9 -5 198 
-1 -7 6 
10 -16 -38 
-2 -3 58 
-5 155 -32 
-68 -67 6 
-2 -1 19 
-1 -6 -52 
-28 -15 34 
2 1 -20 
-2 137 -15 
2 18 -1 
-2 106 -1 
2 -21 -123 
6 1 -31 
117 -25 -7 
-90 -3 -2 
-7 -195 -21 
-174 25 -7 
4 65 -3 
-162 -20 138 
-107 2 -75 
29 65 -1 
191 8 -5 
-1 9 -168 
17 -4 -27 
-177 11 85 
1 7 75 
-4 -2 -8 
-3 11 1 
13 160 -1 
25 -15 1 
-1 -35 -4 
-32 -1 -6 
-15 190 -3 
37 -5 1 
-84 2 -3 
6 -25 -7 
-2 -79 -1 
14 167 -9 
18 -1 24 
-75 -3 -8 
1 19 -164 
1 3 9 
66 -1 -6 
-71 -92 7 
-3 199 2 
-1 4 -25 
-2 -19 17 
63 18 1 
-88 2 -160 
3 -1 -116 
-14 1 -5 
83 85 1 
-24 -4 -79 
-177 -34 23 
157 1 -3 
1 -6 25 
8 -2 166 
182 117 -69 
2 12 5 
1 76 11 
-7 -2 -19 
6 -1 -2 
141 -1 -7 
2 -1 -9 
-69 -13 2 
44 26 1 
2 -11 -13 
-1 3 89 
-15 10 76 
-1 14 9 
12 1 -19 
143 191 1 
-5 -1 -56 
1 30 -3 
10 -15 -8 
-12 -16 -77 
10 11 -5 
-1 -2 34 
-82 9 7 
45 -4 185 
17 1 2 
-6 1 2 
4 -5 -8 
4 -16 -50 
-8 -1 -65 
-73 -3 2 
13 91 -194 
9 20 19 
158 -49 -1 
34 -25 -18 
3 58 -2 
76 -11 9 
8 82 2 
12 10 1 
145 -44 9 
23 -1 -24 
-39 -2 -137 
-21 74 -49 
3 47 -34 
-1 -9 -21 
1 33 -13 
1 2 27 
27 1 -15 
7 -1 -17 
-185 101 -54 
10 -1 26 
3 -2 -6 
-22 -24 -5 
-140 1 -80 
-2 -7 23 
1 15 -7 
6 1 -44 
5 1 14 
-8 89 -1 
1 -88 2 
47 10 1 
5 -28 -15 
-20 65 -66 
28 -71 1 
4 -49 7 
5 20 13 
13 2 6 
176 -1 39 
176 32 10 
3 1 6 
16 1 -9 
-10 -110 -64 
-7 3 15 
-6 1 14 
2 -7 -9 
2 -112 53 
-1 -139 66 
-177 -3 37 
3 12 -2 
3 27 2 
17 -6 92 
46 55 -66 
-11 -142 4 
-3 23 -111 
2 13 1 
-50 -57 166 
-15 -1 12 
55 17 2 
-1 -22 -9 
-6 -29 -28 
-27 -8 -1 
-185 1 31 
155 -34 -1 
-16 -3 20 
3 -4 -31 
67 -3 12 
-72 -1 55 
-1 -195 3 
81 8 1 
16 86 -12 
-28 -1 5 
16 60 36 
-5 32 1 
-56 23 6 
103 7 -1 
1 -22 141 
158 127 2 
93 -3 1 
-19 34 77 
-51 -2 -3 
-3 -12 17 
-117 -3 -1 
-162 -1 -3 
-93 125 -128 
-1 -14 -75 
-21 5 12 
-145 -1 2 
3 -2 -70 
-38 88 -5 
1 9 -21 
-12 4 -2 
2 -1 -58 
-4 124 8 
1 -44 -22 
1 47 -41 
-178 -6 -185 
-1 7 -17 
-11 -103 44 
-103 2 26 
158 21 160 
-7 -19 -124 
6 -55 -34 
4 -13 16 
-1 -15 7 
-190 4 79 
-6 2 155 
-78 28 4 
193 11 -1 
1 -10 -95 
-1 -18 -75 
-66 -149 197 
11 18 -103 
-13 -5 14 
-74 56 -2 
165 70 3 
3 -4 -69 
1 6 7 
4 -76 -9 
-104 15 -107 
-99 -3 -95 
-123 -12 1 
8 2 1 
57 10 153 
-13 -2 26 
13 40 -1 
-27 -75 1 
16 6 -21 
-2 44 -101 
1 -100 162 
134 -6 -44 
-132 -2 3 
134 12 8 
40 -1 -2 
7 37 -12 
-20 32 -17 
5 -2 -11 
-1 8 16 
-15 18 38 
25 5 -4 
57 2 16 
-123 -3 7 
-9 -31 -1 
1 2 -35 
1 2 -5 
-85 -134 6 
15 3 -30 
13 4 49 
11 2 -3 
-2 -1 35 
75 41 -5 
-1 32 4 
-6 5 18 
1 -60 91 
1 -5 -40 
77 -38 -16 
51 -1 -29 
91 74 -2 
39 2 165 
-9 6 2 
2 3 5 
-65 46 2 
-77 -3 -1 
11 -2 -1 
139 4 145 
-21 119 -28 
-34 -3 -4 
-8 7 104 
1 -3 4 
1 -47 -4 
5 -1 -53 
-70 -35 -4 
-24 39 -1 
-28 -1 2 
3 2 -9 
1 4 -11 
13 -50 4 
-18 11 62 
-1 -18 -49 
4 -5 -7 
80 63 -83 
-75 2 -37 
-12 1 -38 
-72 -1 8 
12 -2 160 
4 1 -16 
-130 22 -25 
-7 3 28 
-73 -1 76 
-6 -1 5 
-16 -21 -1 
-2 1 -25 
133 -100 -4 
-4 -9 -29 
20 -11 26 
7 -112 -26 
61 1 -28 
54 -5 -85 
-1 200 15 
-1 13 -21 
-1 140 5 
-13 -11 -6 
-7 2 -169 
142 8 156 
5 85 76 
-4 -66 77 
46 1 -143 
-3 -1 72 
14 -12 8 
4 -1 -14 
-6 -18 64 
-6 26 133 
-2 -163 -14 
49 -9 -44 
-1 29 28 
17 -1 9 
-9 -3 56 
-86 131 -5 
25 14 -19 
-1 -93 3 
-48 44 52 
-1 -4 30 
-1 -4 2 
-3 5 -93 
6 -3 1 
14 -5 11 
3 171 7 
11 -5 -10 
94 9 -1 
5 -4 -118 
5 22 -10 
-17 -180 -16 
2 -1 -6 
116 1 -2 
-103 28 1 
6 -174 -31 
152 -3 2 
-56 -1 160 
1 -2 -30 
18 -1 185 
-4 -1 -92 
23 -61 -1 
-1 -9 -22 
-3 -26 -4 
-2 -18 -1 
113 -3 20 
1 31 11 
-92 -4 1 
11 -54 43 
2 22 143 
174 2 5 
-60 -16 116 
140 -37 1 
-47 2 152 
19 13 -1 
-11 5 122 
41 -11 -2 
47 62 -137 
7 -54 35 
-5 53 195 
-196 -14 -1 
-18 -2 -10 
1 2 -3 
16 4 -144 
1 17 -71 
105 7 13 
-1 133 4 
-1 -2 -4 
-2 6 161 
117 -7 125 
38 7 -112 
-1 2 -54 
-2 -180 -5 
-19 1 -18 
-48 1 94 
-1 3 4 
4 2 1 
92 -185 3 
-36 -130 29 
-10 45 2 
25 117 1 
-10 7 12 
13 143 28 
-4 1 9 
-1 8 -178 
-12 24 -2 
1 -26 2 
-15 -48 1 
-1 -57 181 
-1 6 -176 
42 -54 3 
2 -30 -31 
1 2 6 
113 10 133 
-4 7 -1 
-11 4 -3 
157 24 2 
3 -5 -9 
1 54 5 
-2 17 154 
-17 -1 69 
114 -10 -118 
56 162 2 
4 2 6 
22 37 -1 
107 47 45 
49 1 -147 
-1 120 -2 
-116 -40 -83 
-5 -1 -42 
-1 20 -197 
-23 -1 -10 
-1 -4 -2 
60 125 2 
-2 -48 -1 
2 -1 -3 
182 -38 -167 
6 -1 9 
108 -1 -35 
3 48 129 
-3 12 -15 
8 -84 2 
-28 96 4 
9 63 4 
12 8 -2 
1 -12 136 
-12 10 2 
-43 -18 5 
4 -72 -80 
1 9 -4 
17 -1 66 
49 -71 -78 
13 -69 -11 
-35 -17 -96 
-52 11 14 
75 -36 -2 
8 -1 5 
-6 -16 5 
98 -151 -1 
-38 -11 -179 
37 -1 -2 
-6 1 -16 
-1 14 -23 
29 -83 2 
100 3 -13 
-3 -87 18 
-1 -99 88 
-4 -121 -3 
-14 2 -5 
-53 134 -1 
-7 8 2 
-116 2 -25 
-18 3 25 
2 -189 -4 
18 -11 -16 
7 1 69 
25 1 -74 
-59 -7 -1 
71 2 22 
23 -56 60 
8 -195 2 
4 -10 -128 
-18 -95 -6 
-1 9 14 
11 -167 -124 
