-4 17 98 
-48 -56 1 
-79 -71 -20 
87 -17 -25 
57 31 25 
21 81 -13 
-54 35 -29 
-61 77 27 
-74 9 7 
43 96 -18 
52 34 -92 
-52 15 -43 
-66 -60 1 
-79 30 -44 
50 12 -15 
-78 -16 1 
-67 58 53 
45 88 94 
-71 7 38 
-29 32 -16 
-76 36 84 
-40 64 -5 
-79 73 -91 
-67 -79 30 
9 -43 77 
20 78 72 
-6 -93 -88 
40 46 -31 
74 29 -6 
9 -73 -90 
46 3 -1 
-40 46 53 
42 1 59 
-14 53 71 
-32 -81 37 
67 -38 89 
-5 55 34 
-12 27 -28 
100 83 -60 
43 -6 10 
-75 14 20 
-69 -96 94 
-67 -20 -34 
-17 13 73 
62 -10 -54 
-2 -15 83 
2 10 14 
-90 -85 -11 
62 12 -17 
13 -4 74 
-75 -68 100 
11 88 -80 
-71 91 -7 
-61 59 -60 
23 -86 -75 
-32 87 53 
62 33 98 
5 -96 20 
-12 -28 36 
-54 17 -31 
84 14 -5 
56 70 -62 
16 21 -75 
96 26 -32 
79 25 -2 
-14 -37 -63 
-81 -2 -91 
-26 4 -41 
50 41 15 
-53 96 88 
-72 -100 74 
-48 -25 -24 
-69 48 -79 
72 5 14 
-46 -78 58 
-44 25 93 
33 -48 62 
77 -88 4 
-25 47 -31 
53 91 64 
-7 -32 -44 
88 -34 12 
-42 47 -97 
-25 40 -2 
42 80 -19 
65 17 25 
20 72 29 
33 -83 29 
4 -2 -29 
-60 -86 31 
-90 73 -79 
-78 -84 -97 
30 -71 -3 
-82 -9 50 
-53 -45 96 
-54 48 73 
14 75 62 
-48 -54 35 
1 6 -46 
76 47 -70 
-10 27 -98 
-98 -53 38 
31 79 -20 
95 -21 -44 
57 -70 -98 
-11 54 -85 
-22 -86 72 
3 97 82 
76 75 -72 
-21 79 -37 
1 -98 33 
68 84 33 
72 23 -12 
-16 98 17 
-22 32 34 
17 47 88 
-92 87 -17 
-93 8 57 
-89 90 60 
-18 -1 79 
39 -74 -64 
60 -7 -27 
50 -35 23 
96 -18 28 
27 38 -26 
-71 92 1 
43 22 -75 
-67 54 -95 
-75 -18 -61 
-21 -8 -1 
-71 -66 -40 
38 97 15 
-37 74 60 
9 37 19 
100 -6 -90 
-2 33 64 
59 96 12 
-29 5 75 
-57 -83 -49 
29 -21 30 
-99 -81 62 
1 -92 34 
61 -19 91 
89 -65 84 
-35 71 37 
-5 -21 94 
23 -17 -46 
-6 96 58 
56 -55 -30 
-12 23 9 
56 4 23 
-1 -3 80 
29 -38 -93 
-94 17 -43 
-34 20 -36 
80 68 66 
17 -98 -3 
30 -4 -85 
84 -89 -34 
-48 -12 33 
-36 -50 53 
-24 -41 92 
21 -34 84 
-60 57 85 
-38 16 -8 
25 -20 -63 
-73 26 72 
47 81 -65 
47 -99 -23 
-9 14 75 
74 -55 -85 
-14 -82 58 
-25 -39 -90 
-95 -14 74 
-83 28 -11 
-21 -30 -36 
-49 -4 57 
93 -35 90 
75 67 -33 
-23 -83 29 
-46 -72 48 
-49 -6 -23 
20 -53 1 
-5 14 -18 
-7 -32 -15 
-7 57 62 
-69 67 25 
12 36 87 
74 17 -51 
-16 -45 51 
3 96 -43 
-9 40 55 
-71 9 -5 
12 6 -59 
45 36 -75 
-98 -91 95 
-67 39 -17 
-62 65 -87 
-49 19 47 
-13 6 47 
-77 -40 -51 
-78 68 43 
-45 -77 41 
46 94 -81 
-37 -77 -4 
-11 49 53 
-99 -1 -36 
93 4 -33 
-51 -1 52 
-52 -6 82 
-75 -45 34 
70 15 63 
49 24 9 
-78 -33 -8 
-3 15 49 
43 76 46 
-37 -20 50 
32 13 -4 
7 77 78 
-40 -20 -3 
16 -96 -54 
-39 33 63 
55 -72 -44 
-72 -46 -100 
82 6 -87 
-66 -49 8 
-31 5 38 
-48 68 -46 
-56 60 98 
23 -16 -12 
36 96 5 
-44 -12 38 
-25 100 14 
-57 83 64 
-54 83 37 
-11 -65 -66 
3 -26 -72 
-16 -1 5 
34 -54 -22 
17 -94 31 
68 82 77 
80 13 43 
21 18 14 
44 63 -34 
45 -3 1 
-76 -11 -24 
83 62 -85 
67 83 -7 
43 -28 -81 
-4 -28 5 
60 -10 -70 
5 43 -25 
-74 -52 -86 
-89 57 19 
63 -79 24 
98 93 86 
4 43 -87 
46 -36 66 
-18 -83 -85 
-97 -72 -92 
-94 50 18 
-7 -54 99 
92 95 62 
-10 -54 -53 
4 -77 -18 
88 84 -42 
-77 71 -11 
42 -22 -5 
97 -2 -90 
-10 -74 15 
-90 80 -7 
97 42 37 
-80 37 -46 
-64 56 21 
13 89 -43 
-96 -40 -99 
9 66 -92 
38 57 28 
-37 68 -26 
63 92 -78 
-51 -3 -11 
72 88 69 
-40 -32 36 
-61 -17 51 
6 38 68 
-81 52 -46 
28 -43 19 
-92 -95 4 
47 -30 -82 
93 66 91 
27 85 -67 
-91 -70 -100 
66 80 96 
-46 -89 35 
90 38 2 
7 14 18 
-87 53 19 
-62 7 57 
8 2 5 
68 22 -80 
-31 -62 48 
-59 -19 50 
-76 38 -98 
22 69 -83 
-100 52 -21 
-47 -67 89 
-43 -8 -15 
-13 -78 -20 
-32 -85 -67 
74 50 55 
26 100 43 
33 99 -4 
-5 22 -10 
35 -51 94 
-18 -15 -78 
-78 -89 42 
-57 -11 56 
11 -87 -73 
-9 -15 -92 
83 63 -1 
94 21 70 
26 57 -22 
-32 -88 60 
-3 -6 73 
92 -53 61 
-41 -19 -46 
7 -17 -23 
99 -96 -56 
-23 -4 11 
54 52 -41 
-62 -74 -96 
-10 -71 96 
-69 29 78 
12 -62 -71 
-84 23 98 
-73 15 -49 
-55 -82 -32 
83 -39 -16 
-13 74 -6 
-29 38 12 
-42 20 98 
69 -2 -35 
54 7 74 
-88 -24 -10 
-50 72 69 
73 -85 19 
1 20 -50 
-72 -67 -50 
-68 10 -61 
43 -97 -55 
47 41 6 
53 73 2 
77 -76 -96 
-94 -50 -76 
-83 88 -91 
-3 -82 95 
28 54 -57 
-34 -20 -75 
43 -61 -4 
71 75 -82 
-41 11 45 
-73 -87 -86 
-10 26 -81 
82 -27 91 
-40 82 -78 
-34 3 -53 
37 31 27 
-80 -53 -56 
68 -37 52 
27 38 5 
45 -5 -36 
-66 12 36 
62 -27 -40 
20 -81 -43 
45 -35 30 
31 63 -38 
23 36 54 
-96 -98 89 
-57 -58 15 
-69 86 -30 
29 89 -20 
12 81 -80 
48 41 -36 
-23 -2 41 
12 50 -87 
36 -41 -48 
-57 22 -97 
-44 -24 77 
39 -95 -14 
83 29 5 
29 71 14 
23 -86 19 
-82 -81 37 
-55 15 71 
9 42 3 
-80 -63 87 
-74 -29 -69 
-6 62 52 
-30 -15 94 
78 7 -99 
