45 10 -2 
-100 99 89 
86 -13 -3 
46 79 -85 
88 7 82 
80 100 -43 
67 -20 50 
-47 -31 49 
-10 -29 30 
-57 92 -61 
70 -88 50 
-14 86 -12 
-83 -48 -82 
-14 5 -13 
-56 57 3 
1 85 -56 
-31 51 -4 
-74 -53 -46 
18 -66 39 
-27 -61 59 
-89 97 57 
-31 -79 45 
-8 19 48 
79 95 94 
-34 50 -22 
-6 46 -81 
46 -93 -12 
9 89 -1 
67 6 -3 
65 -38 -86 
-94 10 -95 
-74 -47 65 
70 -78 56 
92 30 97 
-92 83 76 
90 33 -83 
1 -57 -26 
-75 -65 -26 
89 49 -46 
-93 -24 36 
-11 74 88 
-32 63 28 
-23 42 1 
16 -74 -19 
31 -44 51 
-10 23 -7 
-77 -91 14 
97 63 50 
-86 97 72 
23 -21 -19 
-16 -94 -7 
-17 -46 14 
72 -15 -16 
-7 -40 87 
-3 -84 -42 
68 47 -50 
-71 -39 43 
-95 -8 -56 
-21 -8 -33 
57 -26 80 
-95 -12 99 
29 19 13 
-93 -32 87 
16 -3 -15 
-52 13 6 
-35 -55 26 
39 -89 31 
95 8 46 
-86 -44 38 
3 38 -83 
34 -39 77 
23 48 10 
55 40 -12 
54 -49 -34 
57 -36 -16 
-8 -70 9 
62 -28 20 
-49 8 -5 
85 31 -53 
-47 20 -74 
-81 16 37 
-53 -83 -39 
-49 -28 -17 
-44 -90 -71 
94 97 -90 
64 84 -51 
24 4 -95 
-32 21 11 
4 96 89 
-61 -72 -6 
-66 57 -94 
87 -64 63 
-76 1 9 
-69 77 -78 
77 67 -86 
34 -77 -40 
-60 39 -86 
-44 82 -45 
24 -18 54 
-35 53 -42 
25 98 72 
-67 3 45 
-82 -19 -24 
21 25 60 
43 7 -47 
15 88 -65 
-35 8 86 
19 -53 5 
21 74 15 
-74 16 68 
41 4 -65 
-6 -44 -19 
90 100 -71 
-31 28 65 
-25 -75 -95 
-65 -16 33 
89 97 -96 
-25 -88 -39 
-69 22 -76 
92 27 -82 
-3 -33 5 
64 9 -58 
57 12 -99 
33 -28 18 
-76 62 -3 
38 -97 -18 
8 -96 -9 
-73 -69 -2 
-75 9 -73 
75 -83 81 
42 23 21 
5 -44 91 
-54 -10 98 
3 -18 100 
67 80 59 
24 11 -41 
-54 6 -29 
20 91 -43 
-77 99 74 
57 -25 90 
-25 -90 -2 
-40 5 -7 
-20 16 -4 
95 23 31 
-76 -65 -74 
97 99 -13 
-50 69 -11 
-90 32 -12 
78 26 -11 
85 -69 -66 
98 -72 -57 
24 5 4 
-11 49 67 
18 -73 -10 
-85 -43 72 
-58 -13 -51 
69 -70 -11 
-63 10 -2 
77 -94 35 
60 57 -51 
-64 -65 -4 
-42 55 -6 
-2 60 -14 
43 5 26 
-70 -68 -56 
7 -73 12 
28 -75 -83 
29 65 -100 
-25 92 58 
-3 -39 -96 
83 -98 77 
6 -24 63 
9 73 -92 
-71 51 23 
-71 -90 74 
5 54 7 
-49 23 57 
9 -44 -56 
27 50 -22 
61 -17 37 
-34 98 -1 
-17 -87 95 
17 -81 5 
-7 -96 -20 
80 3 -78 
-37 21 -98 
-28 -19 7 
-14 -87 72 
-4 -83 94 
63 46 62 
-50 -76 -74 
-23 -19 -98 
-52 74 12 
55 34 -62 
61 -94 18 
-65 -86 -67 
13 18 -3 
95 -2 9 
-36 44 9 
16 76 -73 
83 88 -9 
-97 -71 25 
88 -20 -59 
32 -73 94 
-31 -48 -92 
2 -80 99 
-48 -22 69 
-27 -81 60 
74 -49 16 
-65 -80 -68 
-66 37 43 
24 23 87 
7 47 -56 
86 -91 1 
52 -84 -53 
54 98 -48 
19 -60 -5 
56 32 67 
59 -60 86 
8 -61 54 
73 -85 -4 
10 96 -67 
-67 -37 -71 
-50 -21 -6 
22 -8 -23 
60 -82 -94 
3 90 35 
-57 60 -71 
5 -1 -15 
64 95 -24 
-13 -22 -29 
-30 2 -47 
31 -1 40 
-11 10 73 
-34 -99 -29 
23 -97 9 
-2 1 -42 
61 -73 47 
67 100 57 
25 -37 95 
6 75 32 
5 52 9 
-55 88 -12 
-64 61 31 
-48 -7 -68 
-50 -37 -84 
-59 -86 37 
63 -66 64 
7 33 12 
17 5 48 
-37 15 -97 
66 -21 52 
-81 -1 23 
-7 -43 -93 
80 -25 50 
72 93 -81 
-69 32 -99 
64 -77 2 
-49 -61 -79 
-50 88 -30 
-73 21 93 
39 -66 76 
-26 15 66 
-24 28 34 
-84 60 38 
-63 75 69 
21 -50 -16 
9 -5 20 
97 -31 16 
-36 -59 -20 
48 3 17 
-77 52 -24 
90 5 82 
66 2 94 
-51 73 54 
-29 -30 26 
-37 30 -69 
-3 37 56 
98 -52 14 
44 15 59 
25 -83 -29 
42 -27 -7 
60 21 12 
88 -34 55 
-97 -72 44 
-20 -41 -28 
10 14 -6 
-52 -14 37 
3 2 48 
8 7 -61 
30 -61 -94 
25 -9 -31 
7 50 -36 
-94 27 30 
-86 -18 21 
79 10 -30 
46 85 -33 
-31 58 13 
3 42 -17 
-19 -5 72 
69 -47 -3 
-21 -34 68 
-6 42 -9 
-21 -33 -1 
-24 -27 -65 
28 -4 -82 
-28 84 -11 
-25 -23 11 
62 -60 -21 
-40 -12 -73 
4 -23 24 
-81 -20 -16 
-75 -8 -27 
21 -61 -6 
-69 92 -55 
5 89 87 
-86 95 -19 
-65 -29 31 
58 41 -19 
-2 69 11 
30 3 17 
-97 6 -17 
52 25 93 
25 85 -67 
55 -29 -51 
-51 4 -32 
1 68 -16 
75 32 -73 
-46 79 -50 
55 24 -76 
-25 -56 27 
56 52 -41 
-54 35 4 
-87 -46 19 
-17 6 -39 
-79 8 93 
14 -92 63 
-10 23 -40 
32 -86 -60 
-2 -4 80 
8 23 20 
87 78 9 
-15 -85 38 
55 -75 33 
51 -78 6 
-10 92 -13 
96 7 19 
-31 40 -15 
-85 15 24 
-9 -55 36 
-34 -95 1 
-44 37 -8 
-4 -21 90 
-49 -27 -78 
57 59 61 
72 -50 42 
26 2 -57 
-2 81 38 
72 -64 8 
5 -76 83 
-91 4 -58 
-14 60 -13 
35 24 -82 
74 81 27 
-36 79 58 
-35 19 -21 
-53 77 39 
98 -65 -4 
25 -37 -20 
23 -34 29 
-75 10 -98 
86 -40 67 
73 49 18 
-27 64 97 
59 -4 89 
-86 65 -11 
-20 89 57 
-80 -16 23 
-40 60 -39 
42 -4 2 
95 84 74 
99 -1 -48 
-18 -6 -80 
-42 44 -2 
29 -83 -65 
-35 -64 60 
-18 49 19 
25 29 65 
-97 1 76 
45 -52 60 
47 60 59 
61 -3 26 
67 4 -36 
-11 66 9 
31 -60 12 
77 49 29 
58 -26 -2 
16 -71 -74 
80 66 25 
12 -86 -26 
