-85 61 11 
6 -29 99 
-5 1 48 
2 62 -41 
14 66 37 
-24 -9 6 
-15 -64 -37 
20 73 -24 
98 -45 -21 
16 -33 59 
93 -18 29 
36 16 51 
-34 -28 98 
-1 -74 -48 
-92 -50 35 
-58 -30 -97 
4 5 -64 
-1 85 80 
-72 80 -76 
9 78 -43 
-19 54 -14 
56 65 41 
47 99 -29 
15 21 12 
33 -41 46 
33 62 -27 
-69 -70 59 
-39 5 -23 
-15 9 -69 
-28 39 -35 
38 -69 -32 
83 90 62 
81 38 -46 
-30 60 -16 
25 92 1 
80 56 -69 
66 7 13 
-46 20 85 
-79 31 35 
1 -69 18 
-42 43 -20 
-8 100 -95 
46 -52 -91 
-87 -95 75 
68 37 -97 
-93 68 43 
-68 -2 88 
4 14 54 
-39 36 -98 
21 -29 1 
-65 2 79 
-10 29 34 
-34 85 65 
-11 -76 66 
4 -87 33 
50 -42 -83 
-49 72 -23 
26 -66 -55 
85 59 21 
-37 -63 70 
-57 98 50 
-75 -71 93 
53 45 5 
39 44 2 
45 73 -42 
24 62 -2 
-33 -53 50 
86 -38 1 
-70 -80 15 
54 -46 -8 
-59 -32 -60 
-12 -25 -80 
39 -30 -87 
-100 -24 45 
30 -57 93 
-6 -75 -28 
84 -62 -36 
-52 28 -98 
-3 -93 -14 
47 51 -43 
31 -83 -30 
-69 -39 9 
-81 49 82 
-75 66 -84 
43 -13 -30 
-57 -3 65 
33 -69 43 
32 87 -42 
48 100 87 
-9 4 -95 
53 -93 -67 
-28 -54 -15 
-3 15 -67 
-49 21 -88 
30 -2 -8 
-74 -16 -34 
-12 32 -52 
-28 23 8 
-21 -28 99 
57 11 -70 
-85 40 79 
51 -56 38 
96 87 -61 
-53 -64 -77 
36 -53 72 
-25 31 32 
89 -72 -15 
-19 42 -18 
30 45 60 
38 -9 99 
-16 -61 -86 
50 33 4 
87 65 -3 
73 -63 -35 
-49 -47 -14 
59 -56 1 
-62 88 -48 
27 4 75 
23 99 86 
76 84 44 
-91 74 -50 
-50 -73 -24 
30 -6 -68 
10 88 -11 
-7 -24 -94 
5 -66 21 
64 -22 -69 
-77 -74 29 
1 -35 -58 
-24 72 -84 
90 5 27 
62 95 7 
-5 -76 94 
50 97 -65 
-33 -72 96 
32 -26 3 
-33 -53 79 
-39 27 42 
11 22 1 
33 88 -82 
24 84 -29 
4 -76 90 
-1 -33 91 
42 -13 20 
59 24 30 
64 67 37 
31 30 52 
-93 43 53 
44 -30 55 
-34 51 -40 
-100 62 63 
98 65 45 
-15 34 -60 
-27 32 82 
1 57 -34 
84 4 76 
-41 -20 42 
10 -35 -33 
-65 -73 75 
-58 55 -49 
16 12 -56 
28 77 29 
23 -71 -50 
74 -51 -70 
-68 -18 74 
84 -59 -24 
-72 -29 49 
-21 -4 25 
-13 53 46 
64 -85 -83 
19 36 71 
-98 42 -32 
6 93 22 
-1 66 -62 
12 -99 -83 
89 -4 61 
54 33 -27 
-2 -12 -45 
-52 5 -61 
79 -2 -1 
93 -43 14 
-75 -87 88 
95 -7 58 
84 47 2 
76 13 28 
39 -11 -59 
-26 72 -44 
12 47 -9 
18 -25 52 
90 -33 22 
48 -35 10 
84 71 16 
72 -60 43 
97 69 100 
19 33 -28 
-17 1 14 
-99 -96 73 
4 37 83 
-38 -89 52 
-38 100 21 
1 13 73 
-46 -98 -12 
42 -5 -81 
54 70 27 
54 -55 28 
-2 5 38 
89 13 54 
-5 -42 -1 
-14 98 81 
3 -81 49 
74 -11 -25 
-13 -44 14 
28 -62 -22 
-5 -43 92 
-78 17 37 
-15 -82 65 
71 28 -34 
53 -82 30 
55 44 -80 
12 -98 89 
-40 5 24 
27 61 -71 
-14 -17 -52 
-54 -23 -26 
-70 86 90 
33 -28 56 
1 43 -8 
91 93 78 
83 -24 41 
-76 88 62 
31 37 -11 
64 94 -92 
-45 35 -61 
-78 -87 24 
-87 -29 -78 
54 -61 7 
-11 19 14 
96 98 50 
33 -12 -3 
-4 -1 27 
96 4 25 
22 4 99 
-50 -15 55 
1 94 -67 
48 94 54 
50 -43 19 
-90 -94 -32 
-3 84 48 
-41 38 -43 
15 76 98 
10 45 65 
-31 -10 7 
-12 -48 -19 
81 29 -32 
52 31 -73 
100 -77 -61 
24 -49 86 
30 49 -91 
90 -57 -37 
65 -1 -6 
82 -59 24 
23 -3 -40 
20 -16 -76 
-40 71 -23 
-10 19 2 
-91 79 -33 
48 -92 -23 
61 -51 -2 
86 -9 74 
-82 -80 2 
72 -15 -40 
44 -45 -8 
-40 86 -49 
81 -32 -4 
-77 2 8 
-82 -35 14 
2 88 16 
16 -6 -97 
-100 -87 -19 
4 89 -91 
-63 74 35 
-38 12 -7 
-28 -51 -83 
-8 87 -40 
6 75 50 
85 -33 42 
71 -67 -8 
97 -21 5 
-27 -61 -68 
-62 -89 -51 
-2 78 67 
30 -85 17 
9 -3 100 
23 -52 35 
-4 47 81 
33 -6 85 
2 20 32 
-38 12 -8 
-22 75 -19 
47 27 -80 
-67 12 100 
-81 30 -94 
16 61 -49 
-6 -25 2 
89 -18 85 
-20 -3 63 
1 -51 -61 
-60 1 -35 
-99 35 87 
14 20 -17 
-25 -55 16 
-55 31 -87 
-54 15 32 
45 -46 -13 
-52 33 -9 
-64 -26 -6 
12 -66 -61 
-84 -98 -74 
39 32 -92 
79 -52 -88 
11 2 -77 
-42 67 -8 
26 -13 -36 
-68 37 -3 
31 -21 -4 
63 29 59 
30 2 -80 
-42 73 -65 
15 -6 90 
9 -5 -82 
-50 40 -4 
91 -68 30 
-72 -49 2 
78 92 -91 
6 32 -55 
-9 -47 -41 
-42 -7 94 
66 48 55 
-25 -90 -86 
35 -89 10 
-94 34 17 
62 44 19 
53 30 -5 
7 -26 -5 
-55 -54 -65 
-61 -100 -33 
-36 77 93 
-59 81 -2 
-99 -28 -56 
5 37 66 
42 -75 -99 
56 5 57 
-6 76 -1 
-15 -60 -59 
-1 86 -69 
83 -92 -67 
27 -6 -35 
78 -27 100 
-1 50 -65 
66 34 -44 
73 -57 55 
-67 -78 -52 
98 62 -82 
98 -30 -51 
-63 -65 31 
60 63 -32 
18 81 -22 
17 47 22 
-37 16 -2 
-52 69 63 
69 14 45 
-24 14 -85 
-9 -6 1 
49 -65 -24 
8 38 80 
-99 58 50 
-56 9 12 
-87 -21 -19 
-37 74 -71 
-77 -58 -85 
-46 -87 19 
17 94 -99 
5 18 90 
15 -20 -95 
-10 80 37 
-44 75 40 
-46 26 11 
46 19 92 
-50 92 -98 
-62 51 100 
-1 31 52 
-32 84 18 
-84 -70 -27 
-79 -81 46 
-17 23 85 
-5 49 84 
71 59 -34 
-7 -82 -35 
-9 98 -12 
20 54 35 
