-92 -10 -60 
50 90 -63 
-55 -76 2 
-10 15 -39 
-92 24 95 
-97 -14 16 
-5 39 -84 
-41 -3 -42 
8 96 -49 
4 -21 81 
26 -3 -14 
-57 -33 -60 
-37 -63 -41 
-5 25 -53 
64 91 51 
66 41 -18 
-89 3 4 
35 24 54 
-89 -35 7 
-12 -73 26 
17 -5 7 
65 -83 29 
-97 2 61 
-42 -57 -41 
63 -24 -33 
-81 -40 -26 
40 67 -41 
-76 -31 -27 
46 55 -92 
-88 93 11 
-87 82 75 
50 -100 -22 
-91 24 -51 
-9 -95 -28 
-14 57 -60 
-61 -82 -95 
81 69 96 
-16 99 -10 
-100 4 -23 
50 -4 -84 
-67 38 82 
83 42 44 
25 44 46 
19 -49 -76 
-18 78 -27 
-20 26 67 
-67 -97 -100 
-40 -98 -32 
3 18 26 
27 -26 -12 
-52 31 -36 
42 -29 -66 
-25 -83 66 
49 -36 96 
84 -95 -36 
68 81 2 
6 -89 -87 
52 -5 -37 
10 60 -22 
8 -67 5 
25 -58 76 
-26 -6 37 
-1 -2 -23 
64 99 66 
78 10 20 
62 23 14 
-57 -39 32 
-15 39 54 
99 10 -71 
-74 -63 89 
53 49 40 
58 84 -83 
23 98 99 
-49 73 -89 
-2 4 -90 
21 98 -46 
81 75 -15 
-10 -59 -44 
3 77 40 
86 4 -21 
-53 68 51 
71 7 -37 
89 23 72 
7 -50 4 
11 6 -4 
-60 -3 35 
-70 48 -30 
-36 47 21 
6 91 -87 
44 87 -72 
-38 -4 1 
1 49 -80 
94 -88 -9 
69 -51 3 
51 71 -27 
-67 91 9 
50 -10 65 
-11 40 -12 
-40 -90 2 
-55 -41 67 
-26 -14 60 
-6 52 24 
25 -33 39 
-42 -45 -63 
72 -12 41 
-16 74 -35 
-66 48 -73 
-96 -58 -11 
-26 14 -63 
3 -31 -7 
-34 45 11 
-25 8 -77 
-56 -59 -83 
-7 25 -44 
-5 -65 8 
-47 46 -87 
14 -88 24 
82 -79 -30 
78 85 38 
-14 -27 84 
2 39 12 
-13 45 -72 
-62 -77 72 
-49 -88 29 
28 38 94 
-70 14 68 
-2 -19 42 
-18 35 -86 
-44 -45 48 
72 36 -24 
-27 68 -19 
-61 6 -39 
12 -58 -8 
-64 -13 86 
62 18 20 
-40 11 63 
1 -33 42 
6 76 86 
-48 -40 -76 
19 42 98 
3 98 17 
10 -68 45 
-29 48 2 
35 11 -90 
-93 46 6 
-11 91 -98 
15 -82 -80 
56 28 -76 
20 86 -97 
7 -65 12 
48 46 -66 
12 -63 39 
-68 30 -41 
65 -95 10 
64 -41 80 
-24 56 -13 
19 -10 -49 
-83 67 20 
80 30 46 
72 32 -15 
-25 1 5 
-62 60 2 
-12 -82 74 
55 3 -96 
23 -14 90 
31 28 -80 
-83 34 -85 
9 -99 67 
37 -14 50 
6 -2 40 
31 -66 -54 
-32 -10 -6 
80 -67 76 
76 7 -13 
70 100 -11 
22 54 -93 
-90 23 -86 
-8 -43 92 
83 70 20 
-43 29 25 
99 49 96 
-21 -90 12 
-16 -29 -2 
-21 56 57 
-62 87 42 
22 -61 41 
-6 17 -69 
-4 29 79 
31 -25 53 
83 41 73 
59 -17 84 
-46 -89 -100 
27 -8 14 
81 -80 -58 
-67 73 93 
31 -26 -87 
-30 -17 -68 
96 68 4 
-51 47 57 
-48 36 2 
-66 -13 -79 
-45 -90 -26 
9 43 -64 
67 -35 15 
71 51 24 
-7 42 71 
27 -43 52 
-84 57 46 
-34 7 -15 
87 29 79 
62 23 27 
9 93 17 
6 18 71 
100 15 -54 
-31 -20 -15 
47 13 36 
95 -87 -80 
63 36 -92 
-12 27 25 
-37 62 -87 
-59 58 2 
-1 82 -94 
-72 -75 16 
44 -43 -93 
9 32 95 
-34 70 -11 
-23 80 65 
-9 -53 -32 
-43 31 -4 
-83 -24 -8 
67 77 -43 
-52 -5 33 
12 -92 13 
22 -27 -16 
23 54 -34 
-9 -60 -28 
69 57 -88 
32 -4 11 
92 29 -80 
71 -28 -6 
12 6 2 
-11 -10 64 
-72 19 -7 
55 -82 57 
72 -57 30 
-62 -35 -11 
-91 49 62 
49 38 39 
-67 -58 22 
33 -8 90 
69 47 51 
-69 92 -8 
60 -64 -22 
-30 -63 33 
78 -11 43 
-60 82 -10 
57 25 71 
15 -96 33 
51 -67 -71 
25 -6 16 
-30 -22 6 
87 -8 45 
-9 98 79 
-49 32 80 
-9 -6 -15 
-52 -87 8 
-60 -65 -3 
-98 55 11 
-48 -85 14 
-6 -50 -24 
63 -89 -2 
44 -10 -7 
31 -34 91 
-39 40 -59 
-62 36 -2 
49 -33 85 
-30 90 76 
-28 -66 81 
-13 25 -17 
-35 -7 -94 
-32 -100 -38 
-99 -1 -36 
-38 92 22 
-21 -89 -9 
-26 -16 -44 
77 -18 80 
-9 79 65 
-10 60 19 
97 -60 94 
82 3 -71 
6 75 -2 
12 2 -31 
-29 2 60 
82 -92 -46 
10 28 48 
-77 -18 -66 
-34 -51 -59 
99 -50 -62 
47 42 -69 
80 -99 79 
-62 -41 84 
39 30 -31 
-49 9 -16 
5 -74 -62 
5 16 -42 
-15 -66 -34 
-44 -34 -4 
6 41 -76 
-68 -75 14 
25 -6 -98 
-73 90 -31 
72 36 -78 
89 29 -77 
10 93 48 
18 -98 74 
33 12 51 
31 -18 11 
84 -82 -13 
-97 76 -74 
23 -89 8 
45 86 -7 
41 -91 69 
17 7 48 
27 54 56 
36 99 -78 
71 33 -42 
4 -80 38 
8 -41 -52 
27 -40 -17 
40 -22 -76 
41 63 -5 
91 4 -13 
14 15 -6 
-67 -58 18 
-87 34 -74 
36 -5 -2 
-28 -19 87 
-25 26 -59 
98 40 -70 
80 -29 49 
-5 -81 -59 
-36 12 -8 
24 10 7 
-12 22 -90 
-83 93 -16 
-2 -24 -96 
-42 33 80 
-72 14 -17 
52 -56 20 
34 81 -18 
94 56 4 
4 23 55 
67 72 -69 
41 36 33 
-65 -89 -48 
30 -67 41 
24 -15 -87 
-26 65 -18 
-7 20 3 
5 -67 -8 
67 -93 -68 
-54 18 3 
96 10 -53 
30 -50 29 
-11 -25 -3 
-16 -57 -62 
-16 7 -26 
79 52 38 
-23 -95 -99 
-8 43 -6 
-85 92 53 
19 15 -94 
-81 3 88 
66 -58 -27 
-7 -49 5 
93 69 -50 
-3 63 75 
-95 11 -86 
72 87 -5 
-62 51 -46 
-82 -49 85 
-48 -32 -68 
-26 12 27 
-44 28 -41 
34 -61 10 
10 -43 18 
-66 -86 -39 
-80 17 -12 
59 46 71 
-85 -1 -2 
-94 44 -65 
-74 -90 -76 
21 53 58 
-93 2 -35 
85 3 19 
-37 -13 -2 
-71 -48 40 
-88 63 43 
-9 16 -11 
-17 -42 -10 
