33 12 -7 
66 -47 40 
-61 15 67 
-79 -37 -11 
46 23 -100 
-40 4 46 
78 16 49 
-53 -26 15 
5 85 80 
70 -29 -88 
-5 -26 -3 
-87 44 -2 
66 -80 58 
-37 25 -4 
1 52 4 
-61 -9 -44 
60 59 31 
-71 -85 -18 
-15 -5 36 
13 -77 40 
-76 96 -20 
54 4 6 
6 -31 64 
-91 -61 -26 
-17 -75 -83 
-96 -4 71 
18 88 -28 
-47 99 32 
-2 24 47 
-73 -16 77 
-23 64 44 
-36 -46 62 
-13 41 -12 
-26 -51 -40 
66 -38 -32 
-2 -81 19 
-65 100 15 
-11 47 10 
86 65 -80 
-4 44 -47 
-94 62 -13 
79 95 -54 
-8 57 -47 
-91 -44 -71 
57 -22 -11 
-27 -13 74 
-27 -5 -28 
59 84 38 
11 30 15 
19 -87 55 
-64 82 45 
-36 -1 -16 
31 51 -17 
93 3 -17 
29 20 99 
-37 -81 16 
-19 1 43 
10 1 -7 
48 -52 11 
74 51 -80 
4 -26 -86 
-23 98 -71 
-57 -74 70 
93 -11 -73 
38 -89 -80 
47 -57 -56 
56 15 -97 
35 53 32 
81 -6 -22 
80 -42 -29 
-97 63 -26 
-94 98 -66 
-28 43 -47 
-56 61 97 
-75 -8 51 
-40 -62 -51 
-95 -47 -87 
36 3 -34 
14 -72 -18 
62 -18 -74 
-98 41 77 
34 10 22 
-89 28 -40 
-32 -98 -61 
-65 3 86 
-28 -24 -50 
-47 -6 -43 
67 7 24 
-33 67 -2 
-29 52 27 
68 -15 -16 
24 -69 91 
-77 -80 28 
-75 -55 88 
-4 36 -31 
25 13 -11 
-40 -77 4 
-57 -43 12 
-15 75 12 
-35 -74 -68 
79 -99 -69 
35 89 -80 
-94 10 -4 
16 5 67 
-13 -55 -46 
-18 -54 7 
45 14 93 
10 -94 36 
84 44 96 
95 18 -6 
43 71 4 
-81 -34 72 
23 86 1 
-60 -37 99 
-54 23 60 
-47 48 -43 
-96 65 -34 
-90 -11 -99 
2 -56 -92 
-36 81 -93 
-42 -1 -89 
-35 29 45 
-22 72 44 
6 -42 54 
-28 9 40 
-19 -50 -58 
36 -21 49 
15 84 18 
-73 54 64 
83 85 44 
77 -6 28 
-39 8 65 
44 -83 -90 
-3 -90 -1 
65 -19 4 
56 54 82 
9 -19 -1 
1 81 -30 
-10 61 57 
2 -16 -83 
64 34 -76 
-43 40 31 
-100 -30 50 
-19 8 27 
-12 -3 96 
-31 -83 -21 
-59 66 85 
-25 -21 72 
51 74 -29 
16 -42 23 
-46 56 -11 
-60 -92 80 
-92 -77 -42 
-80 88 -32 
82 4 -78 
8 36 -41 
-76 -31 79 
45 -47 -19 
66 29 50 
-55 39 -6 
84 3 -59 
-29 78 4 
-96 -82 1 
-80 -19 -26 
-92 45 59 
-94 75 31 
-57 60 -23 
-64 -32 68 
-17 -30 29 
78 46 45 
50 -53 -1 
99 96 -95 
-74 -48 63 
-38 -97 -60 
-29 -43 -36 
38 -26 -63 
-73 39 78 
-7 -14 68 
51 63 1 
-57 -10 -82 
-94 -8 -39 
78 43 -82 
82 -3 -36 
-68 -34 -15 
99 69 -81 
-86 82 47 
-86 -36 -81 
-11 18 -95 
-83 13 -89 
-1 54 -43 
17 -81 -67 
62 -52 47 
-45 -23 -63 
-81 49 65 
-15 24 -60 
6 21 -74 
-52 -59 -49 
58 -48 55 
-74 -13 92 
80 53 -42 
72 78 -46 
52 -32 25 
-37 -36 22 
89 85 12 
76 -41 99 
46 -23 -1 
-27 42 -96 
-12 52 74 
-13 90 28 
-84 91 12 
-23 53 -27 
-47 -4 65 
-42 -10 56 
-87 42 6 
-68 4 -22 
59 -95 -20 
8 24 -41 
80 -35 -93 
-61 64 -2 
-4 -30 49 
-87 -1 97 
2 -82 22 
-57 -17 -66 
14 58 -23 
-58 67 -12 
26 21 70 
95 -57 74 
15 -66 -28 
40 42 -56 
-24 -8 -65 
-40 53 -6 
20 49 86 
-4 58 -43 
-97 46 -61 
-81 6 -1 
-94 75 40 
-52 77 35 
-7 82 61 
5 63 15 
58 13 39 
80 28 -16 
-41 -71 75 
-54 48 -60 
-70 41 -31 
-41 5 -21 
69 7 -84 
20 -18 -13 
9 19 66 
-34 -76 80 
-18 -4 51 
-79 2 -67 
29 87 -4 
34 -14 35 
-1 89 -52 
93 -11 5 
82 -1 71 
88 -83 8 
-32 -97 -4 
40 11 -57 
-46 -35 18 
13 29 76 
95 -37 49 
-65 -57 21 
-41 3 -71 
1 -2 62 
21 -40 -38 
-35 40 64 
-77 -6 -52 
-93 -18 -57 
-81 34 93 
-76 -56 -6 
24 -39 7 
96 41 -71 
72 57 -7 
2 -21 -37 
89 -31 -77 
-55 -74 20 
5 -57 -48 
59 34 -13 
-45 35 69 
5 -51 99 
-67 -53 73 
1 -11 -94 
91 6 -88 
-88 -72 69 
-41 90 -91 
40 -54 79 
-29 -48 -24 
-96 3 50 
-68 -55 -53 
32 72 53 
-27 -37 -69 
-81 -61 33 
31 81 69 
50 -7 30 
80 10 87 
65 31 56 
32 96 -69 
-49 -72 96 
66 74 8 
68 51 -53 
-28 93 5 
23 -25 -29 
-19 -71 -37 
-24 -34 6 
-90 100 3 
43 97 -56 
-12 85 -33 
-83 -75 -76 
-41 1 29 
27 64 4 
58 -77 -59 
5 19 -79 
61 -90 -69 
49 16 -73 
-13 47 69 
-34 10 -44 
66 -17 -63 
-1 10 27 
-1 96 22 
85 -56 63 
-29 -3 -7 
-26 -66 85 
-1 -15 -59 
-13 -21 -64 
58 -77 19 
63 53 -17 
10 65 42 
76 99 80 
51 -48 -92 
-80 28 -85 
-67 -5 56 
27 14 48 
50 4 36 
-76 -69 -50 
46 80 -81 
11 8 -32 
59 -13 6 
34 -61 -62 
100 -45 4 
-38 15 2 
-22 94 -87 
13 73 30 
43 70 -63 
-71 -44 -64 
20 23 -7 
-90 45 -42 
4 81 94 
-53 -20 35 
-76 -64 -3 
26 -1 34 
3 44 21 
64 50 -13 
-16 62 -92 
-83 -69 -55 
-1 59 -23 
95 37 -71 
-99 -35 -96 
59 90 44 
72 44 -7 
-3 76 61 
-58 -8 -67 
43 -25 -57 
-28 -30 11 
77 -22 -86 
16 -55 29 
59 12 -28 
14 -94 -69 
-6 -15 37 
-36 55 26 
-1 5 52 
-35 84 -67 
77 -14 -61 
50 94 4 
-30 -20 -38 
-70 6 60 
-22 -12 35 
99 69 66 
69 -71 70 
20 69 -52 
-17 39 -4 
-2 -5 -82 
-61 -87 9 
52 -4 -19 
48 -78 -12 
15 62 -12 
81 68 6 
18 -94 41 
-26 69 -24 
-31 -47 40 
25 -87 -38 
55 -97 42 
85 -15 47 
33 -40 34 
-5 11 13 
-100 -26 27 
-15 -76 67 
6 79 13 
93 -94 18 
57 48 -96 
