-91 60 -82 
16 -83 23 
24 76 -21 
-72 6 -7 
-16 -73 -65 
28 -19 -60 
-78 -12 83 
23 -30 31 
3 -56 83 
-41 48 38 
-98 -71 -67 
-2 -68 -15 
41 57 -60 
57 80 14 
57 95 -93 
-4 -72 16 
17 -92 100 
-38 -15 -41 
9 68 23 
-29 25 -69 
7 -56 -23 
-62 40 95 
91 58 59 
-65 -59 -8 
-66 -65 -41 
-53 -23 82 
32 -40 30 
-75 16 -98 
23 -89 63 
-29 59 -83 
-18 7 -33 
54 23 90 
19 -96 41 
91 14 -17 
-99 72 -8 
-18 -28 -16 
-42 57 -100 
10 19 35 
33 -97 -80 
6 -73 -50 
24 81 97 
-27 16 5 
-91 64 -52 
-66 47 -14 
-58 32 66 
6 -82 -84 
28 -19 -87 
86 32 -36 
-14 15 26 
-11 -49 -68 
10 -100 -13 
66 -10 -83 
58 70 35 
-46 -11 -31 
13 -8 68 
95 85 57 
66 -18 41 
-13 -82 81 
-45 -27 -25 
-65 -5 -46 
92 -4 74 
-58 74 38 
-64 15 85 
85 -21 -25 
38 -21 85 
-23 26 -91 
77 21 52 
46 -5 -12 
-80 30 -83 
-66 -89 -11 
-1 80 16 
57 4 -80 
-4 58 -97 
9 45 74 
48 -85 -95 
4 -3 31 
12 -49 -27 
-37 -95 -5 
2 -72 -42 
-23 71 2 
-5 -11 7 
4 52 33 
59 88 -27 
-11 -14 5 
-92 59 -96 
-51 17 82 
-40 -57 -60 
23 17 -85 
99 84 91 
100 11 66 
48 -42 5 
-39 41 -91 
-13 76 -10 
30 28 33 
-42 97 15 
-18 -64 28 
85 71 -40 
-26 95 -89 
-100 54 4 
43 -9 -25 
3 -88 -66 
43 -11 18 
-97 -62 -98 
-29 -59 -55 
-4 -25 -73 
-31 -44 -7 
-89 -23 38 
58 -66 -85 
-23 93 54 
-76 25 4 
-90 55 -92 
-73 25 89 
9 -67 25 
39 88 31 
-99 -67 39 
79 67 83 
-2 -89 65 
-83 3 -60 
-23 -16 64 
1 18 45 
64 -95 -8 
-75 -4 65 
31 34 -93 
-77 12 -44 
36 40 82 
1 61 -42 
68 47 -30 
-100 36 -62 
-28 -73 69 
46 -14 -2 
25 42 -27 
-13 -79 61 
3 -1 52 
96 -58 15 
31 49 41 
-61 83 -57 
74 35 85 
-68 8 -21 
-92 -6 -91 
33 22 34 
56 1 27 
80 -77 -63 
-74 72 2 
-59 1 -17 
-64 91 54 
44 47 23 
-75 -84 -11 
66 32 56 
51 -85 -43 
-17 -96 -67 
24 -77 -44 
1 -13 44 
-50 55 1 
38 -28 51 
64 41 -62 
-39 70 -49 
12 1 -35 
-57 -22 70 
-23 -21 -95 
54 -22 -14 
-2 -34 -20 
-35 20 52 
-38 17 -37 
-92 46 23 
15 -52 -72 
17 -66 -56 
-45 4 -66 
-43 -8 2 
-64 -19 -33 
78 -3 -1 
17 65 10 
35 -32 -3 
68 -55 -26 
-60 -47 -37 
-79 65 -91 
43 -48 -47 
75 -29 46 
-83 -61 66 
-48 88 69 
-26 43 -78 
-84 50 62 
-9 -83 69 
10 86 93 
-4 -95 92 
51 -9 38 
57 91 27 
-98 -76 50 
86 12 -16 
59 35 51 
62 -93 -21 
7 86 45 
22 54 87 
35 -8 73 
-25 -48 -22 
7 98 37 
-100 88 50 
78 -55 72 
-27 -95 -68 
40 -76 -47 
53 65 83 
-80 -54 -1 
6 -99 16 
5 -9 -36 
-7 -100 38 
15 5 -23 
-81 -70 -52 
-99 95 36 
1 21 67 
3 -69 -100 
33 2 58 
-33 11 -10 
53 -76 12 
97 -24 -12 
36 8 77 
11 32 -96 
78 44 -98 
-85 27 -30 
-35 -92 55 
20 25 -26 
20 67 82 
-13 -51 -35 
17 71 -72 
-57 81 -92 
-8 12 7 
22 4 64 
44 31 85 
-2 -77 -15 
81 17 8 
89 -39 -63 
86 -96 59 
-10 96 -84 
-51 -90 37 
71 -78 24 
-12 -49 22 
-28 38 -2 
85 -92 -5 
-86 -94 -79 
-92 20 -73 
-59 -26 -65 
34 47 -73 
87 6 3 
66 -5 27 
-48 49 -9 
49 2 89 
20 25 93 
-52 76 -1 
64 32 -62 
-2 88 -9 
99 92 86 
4 -50 44 
-12 77 -28 
97 -8 -15 
-11 53 16 
27 23 -47 
24 -20 -55 
-59 68 -9 
-58 -39 -52 
-9 41 -24 
17 -3 -7 
24 -91 30 
-59 74 34 
77 -64 -82 
18 -10 69 
-30 96 25 
47 49 -39 
-5 61 -42 
18 16 -66 
84 -71 -39 
94 60 -12 
99 47 -76 
-38 7 24 
20 49 67 
79 -22 40 
28 90 14 
-8 -87 50 
7 -59 99 
9 -26 63 
-94 52 -45 
-76 81 -92 
-60 36 25 
32 2 -85 
44 81 92 
-83 91 5 
-12 -28 9 
-42 -8 -18 
-69 37 71 
70 -42 -72 
63 -7 10 
-68 90 54 
3 40 17 
82 86 96 
35 -59 -94 
52 -43 -56 
-64 -86 -1 
15 4 39 
-34 95 89 
40 23 14 
-94 -65 2 
-100 69 -47 
78 -37 -12 
70 4 -37 
75 -80 -21 
-60 -17 94 
52 -1 -12 
-39 9 87 
58 -38 -6 
19 25 -85 
-71 -53 10 
68 -84 44 
40 15 64 
98 18 20 
56 45 44 
-39 -11 -20 
94 3 -2 
-85 44 -14 
29 -75 57 
57 -11 -40 
22 -57 8 
-6 -4 -41 
83 -39 -57 
38 -79 11 
66 78 37 
-51 59 -60 
-38 74 -40 
22 -4 -57 
15 -79 -16 
41 -13 -100 
1 52 -54 
-57 70 -21 
97 30 -36 
94 -49 -81 
36 67 -47 
-76 89 40 
-89 -51 29 
4 -37 33 
71 -39 -47 
-49 -30 90 
24 -83 23 
3 -16 -56 
86 29 -36 
14 51 46 
-76 20 71 
19 29 28 
-1 14 -83 
-59 18 -61 
17 -86 29 
43 56 -21 
26 -80 -76 
-48 65 -85 
-99 -98 -23 
100 -51 -15 
-48 49 -76 
-12 49 -34 
-24 9 -70 
-94 82 -5 
-24 -65 -37 
-76 -8 85 
98 85 25 
-18 -67 90 
74 -16 -71 
-64 17 -32 
2 12 -90 
28 -78 -17 
-27 -58 -95 
38 35 30 
40 -84 -54 
-79 -89 61 
-12 93 -6 
14 -18 12 
5 43 -67 
-9 84 -90 
-3 -7 45 
-87 98 52 
66 -42 -26 
-7 12 79 
78 -99 -62 
-65 -42 94 
-70 34 -94 
-76 65 -67 
-1 -43 -81 
-29 59 76 
34 -56 -71 
-99 84 -7 
-3 80 69 
-59 -64 -85 
-36 -2 93 
-77 78 82 
83 68 32 
-22 56 21 
-16 40 78 
56 -53 98 
-99 3 61 
-81 89 -85 
-7 -23 63 
-68 -20 16 
22 -72 -4 
61 81 16 
-57 99 -83 
66 33 -51 
77 2 23 
