62 -11 -52 
-94 -37 12 
17 20 75 
1 -78 -73 
-5 -98 47 
73 -96 25 
4 -68 88 
85 78 75 
65 -38 -66 
71 -12 -73 
-69 23 -49 
-57 -50 -42 
-26 50 -15 
4 76 74 
-15 -79 -75 
34 -67 48 
94 -49 72 
6 -87 90 
-9 16 -85 
72 -38 21 
-98 -83 -55 
-72 -18 -9 
-29 18 93 
-66 -42 -1 
-79 22 -43 
28 -20 48 
18 43 46 
-44 -79 -41 
22 59 43 
-66 59 -52 
14 -4 -26 
94 -1 -3 
-11 64 16 
-33 -44 12 
-97 21 37 
-25 -49 99 
76 -49 96 
34 76 78 
-83 54 76 
74 72 3 
26 63 -21 
60 72 35 
96 45 72 
-86 -38 -84 
65 33 89 
-66 46 25 
49 -53 86 
37 -3 -79 
-29 -74 -70 
-55 -2 93 
67 -2 71 
-36 -3 -7 
21 93 -44 
-93 59 77 
-100 72 67 
27 69 34 
56 33 13 
96 42 -44 
-29 96 -27 
-47 -48 46 
15 93 -95 
-19 -53 -46 
1 33 39 
98 63 82 
-27 22 -81 
86 100 -82 
-45 30 18 
7 -26 -69 
-10 -47 74 
45 2 -32 
36 91 81 
-56 1 -11 
10 8 31 
91 -53 -69 
-23 -20 -27 
54 6 -45 
-52 26 41 
-56 3 78 
-80 92 28 
6 -51 9 
31 32 -69 
6 -47 50 
2 -49 46 
-70 -92 29 
39 -55 -68 
67 94 41 
59 29 -52 
-52 61 17 
-14 -65 21 
-94 -25 64 
-54 11 -93 
-29 13 38 
81 -99 -38 
44 -52 26 
83 99 42 
96 31 30 
80 31 -24 
-40 83 -20 
-62 -79 -40 
-19 -3 -42 
-26 96 -11 
-17 70 -55 
-16 -100 -12 
-7 90 -47 
8 31 -81 
45 -97 7 
59 -83 74 
-20 41 15 
-8 -82 -64 
-38 -19 -73 
-35 -37 -22 
-78 -54 -2 
45 54 81 
19 71 -55 
-20 12 -82 
-95 11 38 
-15 -3 54 
-21 -10 25 
66 -38 57 
28 -27 -18 
26 7 -44 
53 -74 58 
-49 -65 -35 
39 -96 -37 
-10 -93 -47 
28 18 -57 
-69 51 21 
-5 -98 56 
-24 47 31 
92 -13 -64 
93 45 72 
17 -12 2 
-4 -35 -67 
-95 -87 -82 
13 -43 -95 
4 -51 -36 
55 -24 28 
30 -24 -49 
-65 -12 -5 
82 28 57 
-9 -11 37 
13 -44 -39 
88 13 -8 
47 -68 54 
68 10 -16 
15 58 -1 
93 1 -63 
36 1 -74 
44 -80 72 
39 20 -57 
-16 -82 75 
-63 38 83 
-65 -90 43 
42 19 71 
-34 -84 -22 
40 94 48 
-19 71 -72 
81 -79 10 
84 -91 -29 
-73 -56 70 
-25 -93 73 
64 -16 59 
-67 -96 -2 
-90 -5 -79 
-5 -51 6 
-5 -12 23 
-10 42 32 
32 6 -56 
56 -61 -7 
-66 29 89 
84 3 -98 
-9 -83 -40 
-79 -18 76 
-88 -71 -58 
39 -17 33 
11 -14 82 
-37 67 -99 
3 42 -33 
-51 -9 100 
13 -58 69 
54 -90 26 
-36 -97 -5 
44 -39 -66 
-31 51 78 
-58 17 -31 
1 72 -18 
-34 -33 -96 
51 -93 -19 
18 35 56 
-76 45 84 
-16 -10 30 
46 -24 -23 
25 57 7 
-30 -49 88 
-91 49 -58 
22 7 -83 
48 13 41 
-31 63 24 
53 24 45 
-90 -75 -47 
-16 31 -36 
-85 35 56 
-55 -49 -12 
-60 69 79 
70 -53 64 
-69 -65 -39 
-54 -87 8 
-81 11 -13 
26 -29 23 
1 -45 -71 
-46 42 -6 
-51 -26 -19 
-54 27 -83 
29 8 -46 
-8 -1 -53 
14 94 -58 
6 -15 -87 
51 90 83 
63 -56 -50 
77 50 -57 
49 93 91 
-13 65 -6 
-50 9 -67 
40 -78 38 
-12 52 -76 
-5 -55 -3 
28 77 31 
-11 -47 41 
-5 52 -38 
-1 -84 29 
-52 -14 -98 
-4 -62 -86 
65 58 22 
7 33 63 
-48 -54 -59 
80 -83 32 
-57 -62 -97 
38 48 44 
-27 95 16 
9 81 20 
34 5 99 
35 -16 54 
1 -14 -81 
-9 -43 54 
-59 76 -1 
9 63 13 
8 -14 -37 
-30 -23 89 
-55 68 15 
31 -77 30 
48 -54 5 
94 -85 -13 
-34 3 -13 
-45 17 53 
-3 95 -14 
-40 64 38 
66 -39 -27 
93 -60 -35 
70 -3 54 
-10 50 4 
-51 29 2 
-45 -98 66 
-88 60 -66 
71 62 -25 
-59 -29 -58 
-73 99 47 
-45 44 -63 
-45 92 7 
-94 -40 10 
8 3 -39 
80 13 89 
34 14 27 
54 55 46 
61 -44 78 
-84 -18 11 
32 49 -22 
42 -20 47 
-21 -12 35 
-9 65 -75 
-1 -74 -55 
-29 -61 28 
9 -53 -64 
65 72 56 
-94 -62 -46 
-40 43 56 
-4 -67 22 
-36 -38 -9 
-9 46 90 
39 23 70 
99 -10 -8 
-32 48 24 
-94 16 89 
-11 61 -47 
-52 -51 -19 
14 69 78 
21 -74 -29 
-36 41 86 
-18 2 -66 
-10 -5 19 
64 91 10 
-76 82 9 
73 30 24 
31 83 51 
31 -77 -26 
1 3 87 
-75 -52 -40 
-14 -99 34 
-4 16 5 
-28 -23 -10 
-38 -42 -25 
85 68 64 
15 -11 -10 
-69 -4 51 
-73 6 -12 
15 97 11 
-19 -89 16 
74 2 -92 
33 -22 -14 
-92 15 72 
-38 -49 -67 
21 29 -37 
37 12 69 
-76 67 -85 
-32 -5 48 
-29 -84 -61 
49 19 74 
59 5 58 
-61 44 -87 
82 49 -10 
20 -40 83 
-28 -75 83 
76 -3 -85 
75 -90 -20 
8 48 100 
1 -23 -3 
29 -62 -49 
-39 91 -27 
52 46 -44 
-39 73 53 
7 82 43 
-90 100 31 
63 66 -8 
4 -80 -14 
93 81 -72 
-87 49 -53 
79 56 76 
-6 -36 50 
32 95 26 
15 -68 -21 
4 63 -64 
-37 79 96 
-82 -100 -61 
54 44 -39 
-94 33 -37 
-100 -15 -5 
-75 -5 16 
-15 -14 -33 
-37 -34 55 
-59 35 -51 
76 -78 37 
-1 -4 -75 
-2 7 -73 
99 34 -20 
-84 73 46 
-90 -68 -62 
-1 11 71 
-61 3 -46 
-33 25 93 
42 89 -65 
-85 -97 40 
-30 -10 57 
-22 18 50 
24 31 65 
-82 -77 40 
-13 -57 8 
68 -7 -58 
-8 63 92 
14 -11 92 
84 33 14 
-86 65 -32 
-99 -42 63 
31 1 -55 
7 76 -98 
77 -85 -50 
74 -28 -79 
62 -33 13 
-87 6 41 
20 72 -24 
18 39 -15 
-7 -100 -96 
37 -10 18 
-37 30 -40 
6 -62 -75 
-60 32 -8 
-31 55 71 
-41 57 24 
14 -12 65 
56 22 17 
15 -39 -64 
-16 -59 -62 
