48 -80 -9 
86 -22 -51 
79 81 4 
79 4 -80 
40 42 8 
-32 -58 41 
75 60 -30 
-76 60 4 
-9 100 22 
32 -55 37 
-28 36 63 
28 74 -30 
-29 -40 80 
30 49 -55 
6 13 45 
-43 23 -8 
-24 38 62 
-47 42 1 
-84 55 -2 
-65 -45 78 
-16 -91 1 
-56 70 -50 
-94 71 32 
-74 -65 17 
-57 9 25 
78 -32 43 
-91 -19 -26 
-42 14 68 
-59 -97 -91 
65 -18 10 
-95 1 13 
-72 2 79 
47 -40 48 
100 -30 88 
68 58 -70 
-47 -9 21 
6 -39 -96 
49 54 -1 
75 -72 -1 
-74 94 -55 
-77 -58 6 
82 15 -97 
37 -76 32 
-13 -11 92 
-15 -11 2 
-70 33 48 
-20 -66 12 
-55 37 -85 
-52 -45 97 
-45 -11 -58 
-74 -28 37 
-58 -49 -67 
-89 -32 -44 
59 78 86 
25 22 97 
84 -52 71 
22 92 88 
5 -24 -38 
34 56 -73 
-86 9 63 
22 -60 78 
-58 83 21 
-17 -65 -57 
-18 16 -86 
-61 4 37 
-18 37 -66 
24 14 -40 
10 -28 -5 
75 71 -23 
20 31 19 
-28 98 -2 
61 39 -22 
72 96 24 
23 51 -94 
-49 -51 -19 
5 -92 -90 
47 48 1 
-100 -68 66 
-13 -78 -48 
-19 -75 2 
62 6 60 
-93 62 44 
17 -8 -60 
1 -75 -12 
-73 -10 -79 
-62 -14 -64 
-44 -9 -4 
-72 59 97 
-22 65 1 
21 -12 -67 
-2 -78 85 
74 40 23 
33 99 47 
3 28 54 
38 -42 -67 
84 -62 -60 
-86 -99 15 
77 -27 73 
-1 37 71 
2 -99 5 
-40 -36 78 
32 89 87 
-74 -92 -22 
-63 -65 -56 
-14 -96 26 
-4 93 48 
-78 5 51 
23 -25 11 
69 -42 24 
44 6 -30 
27 -41 -22 
9 52 94 
40 58 30 
32 43 6 
27 6 -87 
-48 95 -2 
-18 89 78 
-81 -18 84 
-29 72 91 
-40 88 -46 
2 -42 97 
38 87 -1 
46 -56 -20 
-64 -21 46 
-1 -8 6 
-6 -57 81 
-19 -53 10 
30 -47 -21 
78 69 91 
87 -47 86 
21 17 32 
-23 73 4 
-62 69 -5 
-89 67 16 
-15 82 51 
-53 -9 -26 
6 29 44 
27 -8 3 
-16 29 33 
55 -93 -8 
2 -38 48 
11 -13 70 
71 -90 22 
-33 -84 -65 
-55 -66 69 
-87 -5 -42 
-73 -55 96 
-32 2 43 
-57 -43 -14 
15 -51 28 
-40 73 -41 
54 66 11 
-28 2 -1 
72 -47 -91 
-57 -82 -41 
-91 -80 -71 
11 -43 90 
49 -41 -50 
98 -85 -12 
-73 100 -29 
95 -12 74 
-26 -97 -36 
33 23 93 
-17 -1 13 
56 20 -74 
-87 12 34 
6 -20 3 
85 -92 -2 
-10 20 -51 
-100 -4 -45 
49 83 -95 
-55 -66 -24 
63 38 99 
51 33 -95 
-43 -72 -92 
23 -47 -6 
-58 61 18 
-97 8 16 
96 45 29 
35 -31 23 
21 -62 65 
-3 -18 30 
-88 -57 43 
1 64 28 
-36 64 66 
-18 -12 46 
-23 -66 2 
-73 -2 91 
-74 -29 66 
48 -26 71 
97 40 70 
-59 -73 52 
47 -84 39 
-96 -71 -77 
59 -26 -90 
100 -56 -20 
24 -25 -58 
-24 83 -43 
-69 39 -49 
39 -50 -2 
32 -83 -74 
14 72 -3 
22 90 52 
61 52 84 
-16 -75 -44 
31 43 -10 
97 71 -74 
-14 23 33 
71 -65 12 
-59 33 40 
-96 -42 88 
-99 -37 8 
-35 26 -62 
88 61 65 
32 95 -2 
-33 -93 -77 
1 18 71 
24 -38 -25 
-88 46 55 
-15 78 28 
43 9 11 
23 63 -20 
-20 -8 -35 
78 -62 -94 
-80 73 53 
66 -96 9 
56 53 -86 
-26 73 27 
67 59 -94 
-39 2 5 
52 -27 92 
-89 35 -30 
-92 -27 3 
79 40 -21 
89 -26 -88 
100 -46 -30 
-88 77 14 
-3 -99 -78 
-41 24 87 
-48 -13 -66 
92 91 4 
-62 -39 77 
42 21 -28 
81 -6 65 
97 -48 -71 
-6 -83 85 
35 -4 -19 
-99 -52 -90 
53 24 19 
67 54 5 
-48 53 -35 
43 77 60 
-43 -85 92 
79 40 80 
57 -53 50 
-55 -100 4 
-77 33 57 
18 -11 17 
-97 -9 94 
-7 38 83 
-3 -27 -49 
-1 75 -57 
-18 22 -21 
3 -84 -67 
-22 -53 9 
-70 9 -75 
-77 35 61 
-19 -23 93 
22 63 32 
87 -25 -44 
-42 -62 97 
-30 61 6 
-60 64 27 
-100 79 33 
-28 -68 -26 
-7 -100 70 
-64 -42 66 
37 96 -34 
-23 58 -4 
-66 30 -46 
-96 88 -94 
31 -37 -17 
-10 -14 -29 
99 69 -94 
28 90 -70 
-89 66 -52 
24 85 53 
1 51 -73 
12 38 25 
97 4 76 
-50 70 56 
-56 -23 51 
30 40 -10 
-96 -8 -23 
-46 40 -92 
-41 28 -22 
82 97 32 
-89 11 28 
23 62 -21 
-53 63 40 
19 12 -5 
99 -91 -24 
-64 -71 -95 
-11 -90 -78 
26 79 32 
-46 17 71 
43 35 29 
98 47 3 
-41 -90 78 
29 -8 -96 
-96 72 -60 
43 56 73 
28 -47 -17 
100 59 79 
-53 73 -8 
-14 15 -82 
-25 53 18 
57 -61 40 
88 20 -80 
-28 -5 -89 
26 82 -31 
-84 26 -17 
21 -83 25 
-13 2 -30 
-18 5 39 
23 77 -99 
38 -85 72 
9 90 28 
98 -50 -97 
-95 -39 -75 
-87 -31 -43 
-78 -31 14 
-72 17 -81 
88 19 11 
6 93 1 
-97 42 -89 
2 36 -81 
-84 -53 29 
27 -14 -43 
-100 29 -68 
86 70 42 
-15 41 -93 
48 3 -75 
25 46 -60 
8 59 -96 
-5 32 12 
64 21 -30 
100 -75 -58 
-3 55 -24 
-12 2 -56 
76 -41 -87 
-94 -88 -47 
-18 23 56 
-93 19 -82 
-64 28 90 
96 33 60 
4 -33 36 
13 6 36 
36 14 -58 
47 68 73 
77 -3 -96 
-15 84 24 
-71 -9 7 
-68 63 -19 
83 72 -10 
-35 30 -96 
-29 -95 -62 
45 -71 -42 
8 55 69 
26 21 -58 
83 52 -72 
-1 -8 78 
-85 -67 13 
-93 -87 -16 
-16 41 11 
-27 14 13 
-28 -3 -55 
68 80 -44 
70 76 -27 
-18 -44 -83 
-71 -2 97 
-31 13 36 
100 -99 -48 
-4 -34 31 
-62 -32 -13 
98 -52 -58 
19 56 -40 
94 -95 -36 
16 -14 60 
-14 73 65 
14 -6 -56 
72 -57 -15 
99 -26 -15 
-23 72 -6 
7 62 31 
-21 -62 -35 
59 96 16 
72 53 -73 
-23 -34 -30 
26 100 21 
