-1 -5 -6 
197 -1 -199 
-181 9 1 
-24 1 96 
-3 18 181 
-7 2 -1 
10 -1 3 
19 -1 -16 
-62 -4 -1 
37 -3 6 
-6 -194 53 
-21 -22 15 
-38 1 -3 
1 -186 45 
115 -11 -1 
-3 98 -18 
-9 3 1 
1 -121 -15 
81 32 8 
-17 -16 155 
-46 -8 -1 
34 -13 -33 
-33 91 1 
-1 123 3 
-157 2 -4 
56 -1 -22 
140 -62 -63 
-47 -1 -2 
-9 -135 -2 
50 -109 -100 
-18 13 -1 
16 -53 4 
-3 14 2 
40 -32 46 
-1 5 50 
5 6 -50 
5 -1 16 
13 -28 59 
-1 -75 197 
-28 1 149 
-64 134 -12 
3 -2 1 
2 -73 -49 
45 -8 1 
-3 65 7 
-139 1 21 
15 1 165 
18 7 -1 
-2 47 5 
13 17 11 
-1 -67 -16 
-17 -1 -2 
-45 7 1 
-8 -73 9 
-2 -1 11 
-14 -17 10 
-4 68 -2 
-8 124 20 
4 -102 141 
-4 18 2 
18 -1 -6 
22 1 -12 
-48 150 -2 
-117 -32 2 
-24 3 20 
109 80 -164 
-1 -9 -24 
1 -16 12 
-15 -172 31 
-56 -3 13 
5 1 4 
112 -4 -9 
-5 2 66 
4 -82 123 
-1 -57 -172 
1 16 -4 
7 2 -99 
63 1 12 
-18 1 48 
-35 52 -3 
-3 -29 61 
2 29 6 
9 1 4 
187 2 -111 
-21 -190 -166 
20 1 58 
1 39 -20 
112 -6 24 
1 -6 -80 
-1 31 26 
-1 149 22 
-5 51 -118 
64 -33 -79 
7 -27 -1 
-1 -5 -58 
25 -8 99 
-1 147 -11 
-13 43 -1 
17 10 -2 
-1 5 -23 
1 -17 -5 
192 12 -8 
2 -3 1 
-1 10 2 
12 -1 5 
1 99 173 
88 -12 -8 
-154 51 -1 
-103 80 24 
-3 -19 -37 
29 4 -10 
16 1 18 
1 5 -2 
-1 -68 -7 
-2 -9 1 
10 1 -2 
25 67 3 
-64 -4 1 
-5 -2 -8 
-42 1 -2 
-3 -5 2 
-48 193 2 
29 -47 -122 
65 10 15 
24 47 93 
-45 -21 7 
-6 12 8 
-18 -8 -4 
-4 32 -52 
-1 56 59 
-2 -1 -114 
-7 8 41 
39 -10 2 
-1 174 6 
1 47 100 
46 -3 41 
19 -37 -1 
1 16 -5 
107 -1 -58 
76 -21 -36 
30 32 -2 
-16 125 -2 
-19 -34 35 
38 176 -1 
-131 -15 25 
-3 -149 -8 
49 68 -89 
-1 -7 4 
-55 -7 -46 
-2 -115 -22 
109 -12 -2 
-17 -1 8 
-118 14 2 
3 -41 12 
1 93 11 
-12 -1 2 
88 -71 7 
14 56 -1 
31 5 2 
-1 15 4 
1 6 -26 
-140 -1 36 
45 -10 26 
-16 -148 -35 
5 1 67 
15 -1 59 
3 21 -1 
3 -18 14 
-12 4 -6 
-2 10 -7 
1 23 -6 
-25 15 12 
-5 -3 2 
-52 38 7 
1 104 135 
4 154 -2 
-110 -15 -3 
-41 5 1 
-140 -14 2 
-138 2 -3 
3 28 29 
26 83 -10 
-1 -73 80 
-54 9 -4 
3 89 -23 
-148 -1 -17 
29 -20 -37 
-1 -185 20 
-1 13 -9 
-1 45 -50 
-12 -1 -4 
-1 5 19 
129 10 1 
-179 -25 36 
-1 6 -164 
15 81 -1 
-2 -11 -51 
-26 16 2 
93 3 -46 
1 2 51 
-2 13 -5 
1 -4 103 
2 119 170 
5 -24 -104 
51 -14 28 
81 -40 -17 
148 -2 5 
19 -12 9 
-1 -6 13 
-22 1 -15 
-21 4 -1 
-1 -27 10 
-146 -126 -168 
117 -6 70 
12 8 65 
1 127 -6 
-7 2 1 
96 -40 -3 
1 5 -57 
36 15 -47 
29 166 -4 
-7 6 12 
1 3 44 
2 86 1 
193 -157 124 
-1 50 -15 
45 9 87 
10 -9 -8 
-20 -1 -3 
-27 17 1 
-1 -2 8 
144 143 4 
6 -2 27 
2 10 6 
1 23 -20 
-1 3 71 
1 19 -33 
-1 6 -53 
1 -30 -20 
1 17 13 
37 7 -94 
-1 -4 33 
-2 -51 -4 
20 42 -4 
-1 -83 3 
148 3 -47 
81 90 4 
-25 2 5 
109 3 100 
-6 -21 -3 
1 -7 -139 
134 -17 -14 
7 -124 26 
-3 6 -1 
-1 -12 11 
13 95 -46 
-1 -87 64 
62 -80 -35 
27 72 13 
-3 10 24 
2 -21 4 
1 -79 70 
-25 -49 -1 
8 1 34 
-30 10 1 
8 -4 41 
-128 -2 165 
-2 49 -38 
11 -39 3 
46 -28 9 
127 -2 1 
1 94 -85 
6 77 -1 
-1 15 -16 
3 24 -70 
6 5 -11 
-2 -1 109 
24 1 -23 
-31 70 98 
-191 -20 -12 
-1 -5 -155 
-4 24 -14 
5 -3 -10 
1 -20 -2 
-99 7 -2 
-1 5 -2 
2 -29 18 
2 -5 -181 
55 9 178 
179 30 1 
170 -5 10 
-1 -16 21 
7 55 -21 
10 -104 -1 
-125 120 -75 
-22 1 2 
32 -7 -14 
-23 32 1 
-6 89 -32 
-1 -5 27 
52 11 -117 
1 -8 -16 
-13 1 -6 
7 -134 49 
6 152 32 
21 37 178 
-3 -1 14 
5 17 20 
-35 151 103 
-12 -112 -135 
134 4 -10 
1 2 79 
14 4 -194 
-31 102 -7 
-5 156 -136 
-1 -115 -3 
-102 9 -17 
-119 -61 8 
23 -199 3 
61 1 131 
-25 183 4 
-14 1 5 
167 2 -52 
-1 5 6 
-2 106 10 
-3 -24 4 
-5 -10 -23 
-4 1 2 
139 -75 137 
2 177 8 
-25 7 84 
2 14 116 
-95 10 1 
1 -3 189 
2 3 -162 
-93 -25 -1 
32 1 70 
175 166 2 
27 -123 10 
-30 2 55 
6 14 -41 
-81 1 -44 
22 -1 -11 
-3 23 7 
4 -3 -35 
-20 -47 -2 
-11 1 25 
33 -2 -73 
-19 -1 44 
1 -44 23 
1 3 143 
44 73 -154 
-1 21 -31 
-22 8 102 
-2 83 -160 
-16 105 1 
1 6 29 
107 116 -135 
147 26 2 
80 6 -5 
197 -185 -147 
-7 6 -1 
31 -4 11 
-3 1 22 
-9 -20 17 
-4 -10 26 
-109 -108 14 
21 108 -4 
26 1 7 
-14 -1 -149 
-131 -24 -6 
-1 22 -98 
3 5 -88 
-62 2 54 
-85 -4 -20 
14 12 2 
44 168 -113 
-184 -12 16 
5 -1 -2 
84 -119 14 
2 10 46 
-13 2 -5 
-1 -3 -147 
-28 174 -2 
3 5 13 
-19 198 9 
-2 9 -37 
-10 3 -64 
14 15 -19 
43 2 -153 
-1 12 6 
-37 25 1 
1 39 42 
-1 10 6 
-1 -38 -30 
-27 47 -10 
-5 1 -169 
-25 9 171 
153 -23 -1 
-8 -3 13 
-10 6 -5 
-27 2 -39 
-149 -35 -4 
-165 176 -4 
-5 -3 -62 
-69 -22 -2 
-2 14 72 
-65 155 -112 
-2 1 48 
-2 -4 1 
116 3 15 
-80 -42 -178 
94 63 33 
3 -1 -40 
134 -59 1 
52 -2 9 
-127 -1 10 
-3 -2 -5 
-4 15 1 
-3 2 4 
-49 3 -1 
-7 -13 -1 
1 -51 -24 
198 35 1 
-7 -4 -66 
-136 -8 -3 
11 -1 14 
13 2 29 
2 -1 3 
83 4 -21 
1 96 -116 
-2 3 106 
-117 -82 -46 
-6 -22 -7 
1 -13 -2 
-68 -1 -162 
-4 -31 25 
6 -1 -2 
-43 1 2 
1 90 -73 
-103 11 1 
-17 -9 -1 
-8 147 -27 
-25 71 7 
20 -21 13 
-1 -12 86 
-157 -10 -181 
2 -23 85 
-1 2 -18 
16 84 -4 
1 -131 -6 
-63 15 -1 
59 1 -29 
-13 -100 -2 
4 30 5 
1 -2 7 
1 -2 24 
-39 19 5 
-5 2 -1 
29 -2 -22 
-1 -7 -3 
1 -10 3 
63 3 31 
-3 -7 34 
191 10 192 
39 -7 -3 
5 -2 24 
35 5 -12 
-12 -94 -2 
-23 188 5 
-1 -26 28 
-87 -1 130 
34 168 5 
-4 2 -5 
10 -45 -22 
69 -2 -6 
13 -1 -158 
-2 -1 -6 
-2 -188 150 
10 -38 -13 
-46 -17 -10 
46 2 5 
-158 1 -23 
19 -7 4 
-82 12 171 
-30 -14 -2 
-1 112 -29 
24 -4 -30 
2 6 99 
-2 5 -70 
59 -41 -135 
-5 -135 -2 
1 -47 -17 
12 -23 -3 
-14 -7 -170 
1 7 4 
13 -1 -9 
160 -1 21 
-2 -28 16 
3 -36 -4 
-1 113 161 
15 1 -32 
-7 11 4 
-7 -47 -1 
26 1 -40 
8 -17 -3 
-24 104 11 
-77 -3 38 
74 23 72 
61 8 -1 
-84 -12 3 
-2 88 -8 
-28 20 1 
44 3 80 
-44 28 -14 
24 22 2 
-115 5 -83 
115 197 3 
-2 1 -169 
-3 -9 -6 
128 67 -16 
-2 1 74 
-37 -115 42 
28 -89 -57 
3 -1 -4 
3 1 79 
23 -1 138 
-16 -1 -2 
9 -42 1 
-10 3 1 
41 1 8 
16 1 -3 
-6 -1 -120 
1 134 -2 
184 -2 1 
1 4 -11 
43 5 1 
14 61 -1 
4 6 -1 
-8 -2 1 
-44 177 -27 
1 -22 -45 
-4 -8 -16 
70 2 1 
-89 2 20 
1 6 -64 
2 -1 -7 
-91 116 10 
1 103 -157 
-25 158 34 
41 -1 18 
-21 3 35 
-1 -130 169 
14 1 -56 
1 -2 -17 
-163 -1 6 
14 -2 97 
19 1 75 
13 -2 -16 
74 1 16 
82 2 6 
10 -4 -1 
-5 12 -1 
-3 10 -1 
15 -191 3 
-2 -92 -28 
-67 -2 -1 
-1 -3 32 
2 -150 113 
-1 -3 -54 
-82 -1 3 
-9 3 -70 
13 41 -4 
-131 9 -1 
1 -44 8 
42 46 18 
-4 -39 -1 
-1 5 -143 
2 -21 26 
-88 1 -38 
-79 -2 -1 
28 9 -98 
-1 14 6 
5 -28 -40 
-31 1 194 
-186 1 -7 
12 -86 10 
159 -5 9 
-1 -5 72 
-2 -45 -4 
38 3 2 
-1 -6 -11 
-144 -5 -12 
-101 -96 -140 
-22 45 4 
-3 12 -1 
-4 -2 5 
15 -2 -30 
10 125 1 
4 -132 -24 
-4 -10 -11 
-97 11 -52 
-4 -38 14 
-177 34 -30 
-30 -6 114 
-1 -3 -19 
2 -6 164 
-6 -3 4 
-17 110 -1 
2 3 -7 
2 -1 -10 
-66 1 11 
-1 -4 5 
1 -93 2 
23 12 5 
33 -8 -3 
-9 -6 -2 
-5 19 -1 
128 -2 3 
-2 -8 -11 
9 6 1 
1 -48 -2 
-196 -18 -5 
-7 -16 32 
-5 6 -120 
4 7 13 
9 3 2 
-1 -108 -48 
43 1 -81 
-5 3 1 
-2 -1 7 
44 -36 162 
-84 17 -7 
-149 1 29 
4 -2 -1 
116 3 -162 
-1 -4 -58 
188 -71 1 
92 3 18 
2 -51 -3 
4 -63 2 
68 2 -27 
-50 14 1 
3 -4 26 
-1 -15 -39 
170 18 8 
-69 -16 1 
46 195 -3 
151 -54 -1 
-13 -1 -2 
-3 -1 -7 
-200 -7 134 
-12 41 6 
38 1 54 
-2 7 -3 
-1 132 35 
3 71 11 
-193 -52 -7 
3 31 -103 
-1 126 -5 
13 -5 8 
3 -81 -68 
-82 15 9 
156 171 200 
98 -80 51 
-1 -165 163 
-2 16 8 
-2 3 65 
55 -52 12 
-126 1 4 
-31 2 -6 
39 -7 -46 
-158 -5 2 
-32 -7 4 
-68 4 5 
27 -3 -37 
-12 -5 67 
-124 -9 13 
-1 -3 -74 
-2 -98 1 
-1 39 57 
-2 -1 3 
-30 -61 -55 
1 -3 186 
1 -13 104 
12 4 -107 
17 -81 -3 
-3 4 -20 
19 -31 1 
1 -10 -25 
5 127 4 
-1 6 12 
23 -39 -116 
195 101 -2 
-1 -99 -9 
-4 92 2 
-5 18 14 
8 -99 -6 
-4 10 12 
-1 17 -2 
