143 52 -13 
-178 1 -70 
-1 -3 -2 
38 -34 7 
2 3 1 
61 11 2 
-37 -101 23 
3 1 2 
9 5 -48 
182 17 172 
1 -164 -44 
-13 -12 -3 
-59 -1 31 
-19 21 1 
-112 171 20 
2 -34 7 
1 90 -20 
-81 34 1 
-97 114 5 
-150 -51 -12 
-129 139 -3 
-2 -108 -66 
-1 -2 24 
66 149 145 
2 6 1 
5 -9 2 
-1 42 -64 
20 -144 1 
10 32 -7 
-2 1 -42 
47 6 134 
9 1 -134 
-3 6 4 
-1 42 -45 
13 -11 -3 
-3 1 113 
-1 14 114 
-1 131 4 
166 -6 14 
-143 15 -47 
-4 8 1 
31 -132 80 
57 11 -139 
-1 -5 -2 
-2 5 103 
3 -1 -53 
50 106 -1 
-146 -1 20 
-1 189 -3 
-6 2 3 
-10 14 -1 
-3 72 45 
-8 102 -151 
29 4 -97 
-32 -3 -5 
167 46 -1 
-16 -4 5 
-25 104 -7 
-43 27 1 
4 7 -1 
-6 -2 -8 
-49 24 -153 
-78 93 24 
-148 -3 -1 
7 1 104 
-91 -198 -1 
1 160 -3 
-90 -15 -1 
3 1 -28 
41 17 -28 
6 1 -61 
141 164 -116 
-97 -10 7 
5 -179 40 
-12 -36 80 
1 7 -81 
15 -69 27 
-2 1 5 
-136 -5 100 
-1 -41 2 
25 -148 1 
6 29 87 
-82 -6 -117 
-94 -25 -46 
-1 3 181 
-9 -23 8 
-8 -40 59 
-10 5 -61 
190 -1 45 
-63 -6 16 
-15 3 1 
47 -10 79 
-45 -74 2 
-154 60 35 
-95 100 -29 
45 71 -24 
-142 -57 1 
1 9 -27 
29 3 -2 
2 -4 1 
13 -26 80 
109 -33 20 
17 1 160 
87 -3 -66 
1 -89 9 
-26 -16 -4 
1 76 108 
103 -18 -3 
12 4 -48 
-171 -2 -3 
-4 2 7 
1 -22 20 
1 -181 -5 
-54 2 126 
-90 -1 -2 
-2 5 29 
-107 -8 114 
170 -157 -32 
-52 -149 5 
4 32 -56 
18 -37 -5 
3 -56 130 
-1 5 -101 
4 -78 -1 
3 2 53 
-5 1 -53 
1 -49 9 
-83 72 1 
-10 122 35 
-2 200 3 
1 -8 -17 
69 23 1 
27 -1 -38 
-10 -11 -1 
-1 2 4 
-2 -1 -80 
-1 -61 4 
-1 -10 -3 
-2 1 9 
16 40 81 
-9 67 174 
59 5 4 
-4 -1 8 
-1 -39 -16 
-13 -1 6 
-1 -12 17 
3 -1 -117 
5 -1 64 
1 2 -3 
84 137 19 
-12 -39 35 
21 -4 52 
-1 -11 23 
20 -77 -4 
20 88 87 
14 -1 -170 
26 -1 8 
5 -1 -28 
70 -2 -6 
1 128 -38 
-2 -1 37 
-14 -13 -1 
1 5 -6 
-13 22 1 
-6 -58 73 
1 -3 174 
-1 2 10 
56 19 -2 
11 183 -31 
1 -16 -4 
-7 25 1 
2 -73 1 
70 1 -63 
-6 3 -174 
4 14 -3 
1 -10 -19 
7 1 -159 
-6 180 -1 
-2 -102 46 
-4 -2 1 
28 11 27 
-2 -101 151 
25 -2 6 
-1 -161 -2 
-35 104 -2 
170 3 -97 
-23 -6 10 
153 -1 -6 
1 -15 52 
1 51 62 
-1 -80 144 
82 103 -1 
-134 4 -3 
-2 3 -1 
-5 -22 10 
22 -1 -65 
17 1 -127 
-183 74 -152 
-2 1 23 
104 10 120 
-2 -1 37 
20 8 -7 
-29 50 33 
22 2 -4 
1 -7 -2 
24 1 -138 
2 -1 -8 
15 -165 -9 
22 12 -8 
-23 -4 -5 
2 170 52 
-12 8 -176 
105 -1 -12 
-18 29 -2 
2 -1 10 
22 9 3 
-20 2 -24 
37 -124 -7 
-87 -66 -2 
-74 1 3 
55 5 -53 
-3 -1 144 
103 -48 1 
4 2 15 
148 144 12 
-3 20 -4 
1 -9 -5 
-3 -4 1 
151 -3 -1 
8 14 -5 
-7 152 30 
-188 -4 -1 
1 -12 3 
1 5 2 
10 -50 135 
-121 -14 142 
-2 3 25 
154 97 2 
-23 -89 -25 
80 57 -1 
-40 10 5 
-3 -20 -10 
-62 -14 -4 
-36 10 5 
9 147 1 
10 1 -160 
5 -184 3 
6 39 -3 
-66 -91 -5 
79 7 1 
-27 -101 1 
138 -72 -13 
2 15 25 
2 33 46 
-14 -2 -13 
7 -9 1 
3 -22 -21 
-26 -66 -39 
1 -129 145 
2 137 -3 
4 6 -1 
-90 -56 -79 
-40 5 86 
12 183 38 
45 6 7 
-8 2 19 
14 -37 5 
-8 -62 -12 
108 -4 -48 
-58 16 -3 
2 -4 76 
1 2 97 
-1 195 32 
180 -1 160 
24 2 1 
4 -25 -146 
-2 -8 -4 
-165 -45 10 
9 -4 -1 
-113 1 103 
-188 13 -1 
177 -16 2 
170 -5 2 
192 2 -11 
-31 -11 104 
-7 -1 -14 
-10 -96 -47 
146 -1 -14 
98 -8 -7 
-20 -8 -115 
37 53 32 
-3 -26 30 
30 -140 -2 
9 -3 -7 
6 9 -1 
-32 -9 2 
-2 -22 95 
-49 4 -1 
94 -2 162 
-78 -72 -2 
-2 27 -25 
100 -8 -1 
-36 1 149 
5 1 110 
113 5 3 
-8 -6 1 
6 37 -5 
3 -4 -1 
-2 -31 -4 
-48 18 3 
-2 15 3 
2 -11 65 
-56 1 36 
-4 -14 1 
1 18 -4 
-2 -55 -1 
-14 3 93 
-2 -1 40 
-5 21 8 
-36 54 5 
138 -169 1 
-15 4 1 
1 -2 12 
-2 -3 -19 
-8 1 3 
2 -17 6 
-11 -8 -14 
66 20 1 
-95 -24 99 
51 -25 -18 
1 -157 6 
37 -1 -17 
4 20 16 
1 -6 -5 
-1 -7 5 
7 -1 -91 
-3 120 -13 
2 3 158 
-33 3 4 
1 2 3 
-8 18 -1 
-149 1 -10 
-36 5 -8 
1 -21 22 
23 25 45 
-4 -62 -5 
62 1 20 
-14 9 -1 
23 -2 -19 
-39 159 103 
1 9 -16 
-2 5 25 
-99 19 9 
5 10 11 
-184 124 -4 
2 1 21 
27 -2 41 
6 -8 9 
46 -12 1 
-1 -103 -31 
-3 -18 -28 
3 -5 4 
-1 25 -2 
189 -1 -12 
-124 1 125 
155 87 50 
-56 -4 -6 
2 98 1 
9 -1 2 
-95 32 -1 
19 5 146 
3 38 -7 
197 -9 5 
-22 92 35 
4 107 1 
17 105 -3 
3 -1 -4 
87 11 174 
70 5 -37 
31 183 17 
-183 5 122 
-5 1 93 
8 33 170 
1 76 -2 
-16 1 17 
2 10 1 
3 1 -93 
113 96 -1 
79 41 -108 
14 -191 185 
-9 34 -2 
-89 11 1 
4 68 33 
13 11 65 
-1 71 195 
-25 -12 -4 
-1 61 13 
-3 21 -18 
14 -20 129 
15 31 -1 
1 2 -42 
1 5 -10 
-46 18 -116 
64 -138 45 
-67 51 -1 
1 -10 -156 
1 -97 38 
-6 -4 -193 
8 200 -1 
-51 -1 33 
-1 5 -24 
1 -64 -74 
-52 2 -6 
-1 45 5 
-19 -10 81 
47 8 -1 
-11 1 2 
-35 -1 -68 
-101 -13 75 
-2 112 1 
45 130 1 
1 9 -31 
2 5 -56 
41 -1 2 
2 69 81 
-38 2 -1 
135 4 5 
-6 -19 92 
-1 -44 -156 
-51 -1 -4 
78 4 -32 
-82 -4 -6 
87 -18 -59 
-11 -1 3 
-18 -3 -1 
-165 -16 1 
51 1 16 
107 20 -169 
68 -19 1 
-1 25 34 
6 -191 1 
15 -2 1 
-30 -1 14 
3 6 5 
-1 20 148 
-15 8 -164 
4 95 -2 
-6 -143 -96 
-2 13 145 
-73 -98 -2 
-12 -27 -142 
-10 -82 53 
-2 1 -152 
-1 -2 46 
-1 32 11 
38 -70 -120 
183 2 -5 
-32 -164 1 
1 3 167 
14 -1 102 
-18 -59 1 
1 3 -50 
-21 -18 151 
43 1 5 
-19 29 -1 
1 69 -23 
-5 17 -82 
-4 16 -17 
8 20 1 
2 46 -98 
-53 -1 -27 
-16 -2 25 
-100 -3 -2 
-6 12 -98 
-2 6 -119 
2 1 10 
14 3 27 
-31 16 187 
53 4 -72 
6 60 192 
-26 -61 -3 
-1 -67 46 
175 26 -5 
5 3 -44 
-1 -9 98 
32 -7 55 
-5 3 -7 
81 76 -3 
163 133 17 
-1 21 3 
2 -5 4 
1 121 -2 
4 3 -1 
12 -22 -5 
-18 3 133 
7 -195 -35 
-107 -1 -14 
15 -17 -1 
-137 4 20 
8 -14 177 
-47 67 -1 
4 184 -2 
4 116 1 
-2 65 1 
-124 3 2 
4 23 59 
39 -2 147 
-22 1 86 
2 -1 4 
-4 -13 1 
9 -72 1 
59 91 -2 
-2 16 -22 
13 3 2 
2 158 1 
-2 -96 -119 
1 -14 2 
-3 -60 -123 
1 -2 6 
-37 5 17 
-192 -1 188 
32 11 -13 
-1 -32 3 
2 -19 68 
10 -27 -8 
-4 46 -2 
-4 1 -45 
1 -143 -6 
-31 77 -91 
127 1 3 
1 -133 99 
-2 9 24 
-75 2 -145 
-5 2 3 
-37 -11 12 
-1 47 -6 
46 -3 -5 
-153 6 -1 
-12 -1 54 
-11 9 -96 
-196 -48 -45 
-2 -27 12 
1 129 -3 
-1 74 2 
-7 -11 3 
80 -16 -2 
-1 3 -2 
-1 -51 12 
-99 -21 22 
-1 4 -21 
125 99 3 
-72 -10 182 
1 105 -89 
36 3 2 
-103 8 16 
1 2 19 
-11 -1 3 
4 1 37 
9 -101 1 
1 -54 5 
-71 -44 -19 
-1 131 -3 
1 -3 15 
2 5 24 
5 12 -10 
-2 3 42 
1 -101 26 
-84 52 -1 
-19 70 -29 
-1 132 17 
31 1 39 
-1 -53 -7 
-4 1 9 
-15 1 -190 
-1 -124 -2 
-24 189 1 
-40 -114 -1 
70 -28 160 
1 -69 -21 
2 54 -1 
3 -39 33 
175 9 -51 
-64 -60 164 
-1 -34 57 
-2 -11 178 
130 32 -22 
194 -1 74 
-86 1 -80 
1 4 3 
-2 27 11 
1 -2 -4 
4 49 -1 
-91 -99 -1 
28 1 -63 
-3 -15 -16 
-25 -172 1 
5 -29 -3 
-164 2 -37 
41 171 -182 
-130 -1 4 
87 -3 2 
80 -140 1 
199 -1 -185 
13 6 -1 
-6 14 111 
25 10 -1 
85 -55 -1 
1 25 -2 
-63 -2 1 
4 1 22 
-53 2 -4 
-132 -23 -1 
-1 -96 62 
-128 -19 173 
-17 19 -7 
-29 185 -10 
-1 8 5 
-1 -28 -2 
16 -1 75 
-9 -1 43 
-126 159 7 
3 11 91 
164 -2 -178 
-14 -2 -3 
-188 5 10 
36 -2 -138 
-1 -2 -108 
191 13 -2 
19 -2 -7 
3 -7 -1 
-2 141 42 
-2 -1 189 
-2 29 10 
2 3 -47 
-3 5 -124 
-15 3 5 
61 -9 2 
-4 -13 -5 
-7 1 -15 
-177 -61 -187 
72 -14 -30 
-42 1 23 
-1 21 -4 
-62 1 3 
40 -73 4 
-46 40 -19 
1 -189 -2 
-1 4 2 
1 -174 137 
-5 27 8 
-66 2 20 
2 3 -1 
-103 1 -47 
-160 -10 73 
58 -94 -2 
61 -4 1 
1 -5 -70 
-5 115 107 
-51 -15 -37 
-5 -21 -32 
119 81 -1 
-2 9 -11 
31 4 -145 
-90 -6 82 
1 -3 5 
3 7 2 
4 -8 1 
81 -123 -149 
-34 6 -3 
1 -47 114 
16 2 -131 
-188 -11 -23 
-55 158 -106 
-2 8 9 
2 -164 -7 
-13 -43 -1 
-2 -1 -17 
1 5 -67 
103 -2 -164 
-16 92 -4 
-52 -44 4 
3 -17 77 
32 -45 2 
158 9 -76 
-8 10 -1 
41 -4 2 
-1 10 -4 
-2 -80 -1 
-2 5 4 
9 -3 -105 
-1 195 116 
17 -1 -2 
-1 74 2 
-55 -76 -25 
-29 1 9 
-7 57 -96 
-78 -10 -3 
1 2 -3 
78 127 -33 
-19 153 127 
