5 -7 71 
-3 2 -1 
3 -103 -58 
4 180 50 
1 -178 5 
-111 7 35 
26 -84 8 
9 137 3 
10 9 68 
12 98 15 
-62 22 -50 
2 -8 -119 
12 1 3 
-80 -44 36 
199 1 -8 
-7 -40 -1 
-2 -4 -105 
-1 5 46 
1 -57 -32 
-3 1 93 
-6 -2 -4 
-116 117 -63 
2 9 33 
-55 170 -3 
3 -1 -95 
-110 -2 -124 
-1 124 -6 
-1 105 2 
-5 -4 2 
7 4 8 
1 5 -36 
-113 -96 1 
1 -4 79 
-1 -2 -3 
6 98 20 
1 3 147 
4 -12 5 
-2 3 4 
2 1 5 
56 4 3 
-4 -167 -98 
-100 1 3 
56 -50 -1 
-32 -11 -33 
-25 63 -1 
9 -7 10 
1 -69 -7 
-3 1 2 
-1 -145 8 
195 1 130 
82 188 -12 
-1 -177 -11 
-13 -16 15 
-1 -67 -46 
-1 -192 -3 
6 -30 -1 
79 15 1 
89 50 195 
-175 -76 -1 
4 1 2 
33 1 3 
31 10 -14 
22 -134 14 
56 -2 -1 
8 -23 16 
93 -55 -200 
-14 -26 -1 
-5 -22 4 
85 -1 -15 
1 40 -95 
-11 -8 -5 
18 83 1 
1 27 11 
37 2 -8 
-3 -44 6 
8 -42 -27 
49 -19 24 
-70 -113 4 
-12 -1 -34 
-171 -18 -2 
20 -1 -6 
-4 30 -14 
16 15 1 
105 77 -2 
9 135 -3 
1 85 8 
-2 -84 8 
1 2 8 
-27 5 10 
2 81 7 
-26 19 -12 
122 -23 5 
-2 105 185 
1 185 15 
-18 99 29 
24 9 -11 
-10 1 2 
-134 48 -15 
127 -4 55 
-3 49 -2 
1 -5 -4 
-25 110 1 
-21 -32 -2 
28 -1 -7 
15 -1 -6 
63 -29 4 
1 -74 2 
8 1 -9 
4 -10 1 
28 -6 1 
-1 25 -118 
8 -9 1 
169 -11 28 
6 -16 -89 
8 -4 16 
-195 49 -37 
12 -194 2 
-46 -5 -3 
-3 7 -17 
3 147 -50 
-5 2 1 
-1 3 138 
-6 2 3 
1 7 -66 
-1 31 92 
-1 -22 -76 
-7 73 -2 
15 -4 63 
1 4 18 
-2 -45 183 
-1 2 -126 
2 8 109 
20 1 5 
-2 17 174 
-10 15 -146 
87 -22 10 
78 1 4 
1 -9 -2 
2 -3 -10 
199 -1 -4 
109 -155 -2 
-7 11 3 
31 -61 1 
64 -25 -50 
3 -40 4 
22 -2 -105 
38 -4 26 
149 -29 5 
57 1 -2 
32 -10 -9 
-19 -2 -26 
143 -2 -7 
97 -4 -24 
-1 -2 70 
-62 -10 -1 
33 1 -71 
-117 51 -2 
-2 179 -1 
-1 -116 6 
5 3 -61 
116 7 -14 
17 10 -11 
5 -1 -66 
1 120 66 
148 162 178 
-69 3 33 
-9 -90 -78 
8 5 -9 
-1 -5 24 
-118 -5 -28 
-42 73 -21 
-1 -6 2 
-1 -2 48 
3 -15 -17 
1 77 10 
4 -1 -11 
-77 10 81 
-7 -187 -53 
47 4 -120 
87 -1 90 
52 4 -1 
16 -1 61 
1 2 -6 
62 -3 5 
2 4 -23 
-6 -36 -30 
5 -145 -81 
-5 2 -3 
102 5 -167 
16 11 -8 
69 -8 -38 
-10 197 -3 
-1 139 2 
72 18 1 
-81 10 12 
1 -49 24 
-10 1 -43 
122 20 -51 
1 4 136 
-5 -2 20 
44 -2 -126 
-10 -1 -28 
3 1 -31 
4 -180 1 
-5 -46 -2 
-1 -131 -53 
-8 -5 96 
14 -10 2 
-66 -13 86 
-51 -6 29 
6 12 38 
4 5 1 
8 -1 52 
-2 28 39 
-16 -2 4 
-2 -5 33 
133 7 -1 
2 14 -82 
88 -1 85 
-28 100 66 
1 2 16 
-1 -54 -119 
-26 8 -38 
-62 -158 -1 
1 3 5 
-5 -177 84 
7 63 -6 
29 -6 4 
15 -3 -20 
2 -37 12 
-66 183 -13 
5 -56 71 
22 -1 2 
47 -3 8 
7 2 11 
-2 13 -1 
1 -17 -22 
-10 143 -83 
34 1 -5 
7 -106 -94 
2 -17 -3 
1 -21 85 
1 25 -19 
-173 179 1 
7 1 41 
1 -3 15 
-7 21 -81 
-3 2 39 
1 -30 -16 
23 -2 -162 
-152 20 1 
8 1 -124 
-5 4 1 
-47 9 -6 
2 8 -1 
-2 3 12 
-102 6 -88 
145 179 -77 
2 -92 -3 
-48 15 1 
10 -1 -36 
-5 9 6 
-200 147 103 
14 36 -4 
1 143 -8 
-7 -26 -103 
-1 84 -113 
-9 -5 -2 
-91 6 -61 
-6 12 175 
-165 44 10 
-73 -1 -76 
-3 -2 88 
1 -63 4 
1 -69 -15 
47 -99 1 
-16 14 77 
7 9 39 
22 -2 -131 
-111 20 -11 
14 19 -12 
37 1 55 
1 61 85 
-11 -1 21 
1 -2 4 
1 -5 59 
-20 2 17 
1 -88 -72 
1 -20 -50 
1 3 2 
3 31 43 
-1 -23 126 
21 1 -16 
79 -164 11 
23 -9 13 
1 -30 14 
-47 38 -170 
3 -2 -65 
33 -26 -11 
1 -40 -29 
-11 -1 4 
-1 -27 9 
110 -51 7 
-1 -9 -46 
1 150 63 
-17 -67 -1 
1 -8 2 
7 4 -53 
27 2 9 
1 180 5 
-21 1 -122 
-28 -26 68 
-1 -3 -51 
1 150 73 
-2 -25 120 
-4 -14 -1 
2 26 1 
-32 1 -15 
-9 -70 -47 
-31 171 2 
-3 -1 -2 
-5 -1 2 
68 -58 -4 
1 3 17 
-6 -7 -37 
7 -12 19 
-66 -51 1 
-1 -29 -9 
49 59 -8 
-2 37 -9 
184 3 -6 
-3 -62 133 
23 -85 -1 
-1 -21 6 
-1 29 3 
6 -176 2 
-118 -105 -20 
-1 -4 5 
1 2 -138 
6 -3 -94 
2 94 -117 
-3 6 1 
1 135 15 
-30 -3 5 
-12 -5 1 
-24 103 -72 
-66 1 53 
-19 4 110 
1 -2 41 
-4 -2 -1 
1 -2 -28 
2 1 -4 
10 -47 -16 
-2 1 48 
133 17 -4 
-24 8 -26 
72 16 5 
4 -142 1 
-21 5 -30 
-40 -14 -89 
-127 1 41 
-16 7 11 
58 -1 -2 
-65 16 -9 
77 -56 -126 
-3 -4 1 
-6 5 75 
-1 -75 3 
-1 -21 -32 
19 -1 73 
-12 -1 154 
2 1 -145 
-1 -61 111 
-22 2 -1 
1 21 17 
1 3 -22 
91 -1 -40 
16 78 -7 
18 11 4 
-15 1 25 
1 5 -164 
22 6 3 
-5 108 54 
64 36 -53 
30 12 -1 
1 9 147 
-199 -2 11 
44 1 150 
2 103 -6 
28 39 111 
1 -15 44 
35 2 131 
18 77 -2 
-1 3 -19 
163 -177 1 
20 -3 -10 
-1 31 -12 
8 54 -1 
21 -58 25 
68 9 128 
1 -123 -13 
24 8 -1 
4 -3 8 
-8 -2 -191 
-26 -2 42 
-24 5 179 
48 27 43 
5 2 -43 
-5 -2 21 
-1 2 -24 
13 73 6 
1 6 -8 
-1 -17 -7 
7 151 -1 
-37 39 5 
3 70 -27 
162 -5 43 
-155 -2 67 
-6 33 166 
-1 196 -5 
-74 62 4 
-1 28 18 
3 -6 1 
1 -70 -4 
-1 4 6 
-7 11 157 
6 38 -138 
-18 180 -1 
-1 -22 -51 
-6 11 3 
-149 -112 20 
1 2 8 
116 132 -69 
-26 113 27 
-1 60 19 
-113 -19 -65 
16 35 -1 
-10 3 192 
-1 33 5 
1 11 -182 
-4 95 158 
-1 78 3 
-1 12 42 
119 33 195 
-9 -185 -18 
-17 -2 1 
-3 -2 -4 
1 -8 2 
17 8 -23 
14 -2 1 
-3 20 1 
2 12 163 
-5 -3 9 
-2 -31 -1 
-4 -5 -1 
-197 -1 -18 
-3 -42 -50 
52 24 -3 
9 -2 91 
2 1 42 
-3 126 -66 
-38 -1 -76 
-1 -61 -13 
1 2 -56 
-3 6 -1 
4 1 11 
-13 -2 1 
36 20 17 
-3 -1 172 
108 -60 -16 
2 -1 5 
23 -5 -10 
-9 -7 8 
1 193 -7 
5 -2 17 
152 23 -3 
-2 1 6 
-2 -37 41 
-15 1 -159 
-74 1 2 
-27 194 1 
23 -3 52 
6 -143 -11 
-15 1 -9 
-53 -3 -1 
1 71 4 
1 48 147 
1 -4 3 
-1 -11 -6 
17 -1 -5 
-1 29 92 
-27 10 -14 
-1 -51 16 
-56 65 -130 
-13 39 -1 
9 -153 -31 
5 4 64 
-125 2 -98 
1 -3 -7 
-1 -162 12 
-72 -1 -2 
3 168 4 
3 2 -188 
-1 189 -28 
-83 96 -15 
-1 114 -81 
-4 -3 -1 
197 4 -33 
1 -5 2 
-4 2 17 
-15 -1 -6 
-42 -2 156 
7 137 8 
-1 -192 2 
200 15 -30 
-34 -76 -147 
143 -2 6 
-145 -47 2 
-7 -21 41 
11 -33 73 
120 1 6 
-65 1 -190 
-1 -11 9 
-2 11 7 
2 -1 7 
-162 -17 -11 
-34 -2 26 
-1 -39 -11 
-53 -2 8 
-58 -1 3 
-5 -31 58 
-1 -47 110 
117 1 3 
5 -1 -57 
1 -52 28 
-1 16 125 
-6 193 -17 
-30 -18 2 
-100 5 21 
-34 -7 32 
-36 -11 -128 
11 61 -1 
-2 -4 -10 
181 125 2 
26 -9 -4 
10 -12 169 
7 60 -6 
30 -2 111 
-43 1 -8 
-10 4 156 
-2 -200 1 
2 7 -16 
40 -5 -6 
133 -1 26 
4 -22 -6 
1 82 5 
21 112 1 
-1 191 -37 
-8 50 -38 
-1 62 -2 
2 -27 -105 
-33 -1 -150 
23 -154 47 
8 -2 -140 
19 -8 -6 
1 16 2 
-1 -199 -5 
-1 30 15 
1 -30 -23 
-80 -9 197 
-26 -6 62 
1 -75 49 
24 19 1 
56 -3 -77 
-2 159 -8 
-13 -2 -9 
-4 -9 6 
10 2 -7 
-4 68 -33 
-80 2 185 
-11 -104 -187 
-3 6 -38 
2 -3 -1 
1 -2 31 
33 45 -23 
-57 1 53 
2 -60 -1 
-2 -11 -20 
1 58 2 
85 -15 186 
1 2 -51 
8 7 2 
-5 17 -7 
-18 88 -91 
51 -77 -11 
-135 149 -1 
2 -1 111 
-1 -42 7 
-4 -2 6 
12 -2 6 
12 -1 160 
-3 -60 27 
1 -61 -200 
-11 34 -14 
1 121 -37 
2 56 -1 
-149 1 141 
-3 -35 6 
55 -1 7 
1 -14 71 
1 19 -45 
-1 20 3 
-73 -2 -27 
4 171 -3 
-1 -53 5 
-46 -1 -4 
-73 -16 34 
56 -20 -1 
4 88 64 
-136 -3 -77 
1 -5 -84 
5 -2 4 
26 -75 -2 
-109 -1 -3 
-11 -5 -69 
-2 -56 1 
190 -151 -13 
-6 87 -157 
-26 6 77 
-1 -12 -9 
-2 52 -8 
-7 -2 -9 
-13 95 -113 
2 20 88 
4 8 -54 
-69 36 2 
-24 -125 4 
-4 -56 1 
9 -104 -8 
-51 4 181 
7 76 -93 
3 -1 -5 
-3 6 12 
4 -1 -6 
1 129 34 
4 5 -2 
-114 11 84 
-2 -4 -6 
1 -12 -46 
1 32 8 
25 10 -3 
-4 75 -43 
101 2 -39 
-39 -143 6 
-1 55 -54 
-3 -1 24 
125 7 -119 
-3 -29 -13 
-30 31 -24 
-6 -16 5 
1 51 -48 
2 147 -9 
24 66 194 
10 -16 -72 
7 -66 77 
15 -37 -10 
1 5 -65 
43 -67 -5 
-23 -3 -198 
1 -4 65 
199 -30 41 
1 -3 -41 
-4 -11 -135 
-1 114 -2 
-16 -1 -188 
8 -159 -25 
-12 175 161 
-1 -4 2 
2 1 79 
-1 156 11 
146 -1 36 
4 7 74 
-4 2 1 
-3 -1 -4 
-16 42 -1 
166 20 3 
1 -38 24 
-3 5 -49 
-8 -2 52 
38 -3 20 
-12 8 -1 
1 -113 -3 
3 -23 11 
-74 4 -5 
45 -160 69 
1 -127 30 
-4 -2 3 
-3 5 15 
-4 -33 -8 
-32 -2 7 
