-124 1 -3 
-88 13 -198 
14 11 131 
-2 57 51 
3 70 -40 
1 31 -5 
62 45 109 
23 100 -2 
-2 9 -1 
-155 14 -1 
-3 -8 16 
1 33 -15 
-1 -200 2 
-109 1 7 
-1 3 -16 
-37 -2 15 
3 2 88 
38 -174 4 
94 3 -1 
-2 -79 10 
12 -1 64 
81 7 -26 
-14 -69 -2 
-5 -10 -16 
-14 -33 3 
-1 25 4 
5 45 65 
-18 -51 3 
2 10 40 
-6 -88 56 
40 57 50 
-2 4 -49 
1 -80 27 
-3 -1 161 
51 -2 96 
-7 13 93 
-6 -65 -1 
10 177 172 
18 1 2 
-1 155 106 
-40 18 -1 
-5 -1 29 
-34 -3 -82 
-198 -2 3 
163 85 -148 
-6 1 2 
3 -8 -176 
33 -15 5 
-4 2 -13 
1 -2 62 
-1 -35 -170 
-6 4 -3 
34 37 75 
-56 13 -6 
-3 9 -4 
185 33 -21 
-102 -3 -1 
7 -2 -21 
21 -1 2 
-1 -7 -11 
-5 1 -112 
1 143 30 
-1 78 169 
-22 -8 1 
-7 5 1 
23 -3 26 
3 2 16 
-1 -23 -10 
121 112 -2 
1 50 -109 
26 -4 93 
2 33 6 
-1 -29 -23 
-13 23 -194 
68 -114 2 
2 -6 92 
-109 7 89 
1 16 131 
3 181 -21 
38 -58 11 
-6 -7 -121 
84 21 -2 
-16 -45 -5 
13 -11 3 
1 16 20 
-1 -9 56 
-199 104 -2 
106 -22 14 
-4 1 -27 
1 -4 -40 
14 -13 16 
-1 39 2 
-31 139 2 
7 156 -5 
158 128 -44 
1 -2 -4 
-30 3 -2 
-177 -104 -6 
-22 -2 4 
3 -72 -1 
-10 50 2 
199 -21 -7 
-3 -103 -8 
-49 129 -13 
1 9 5 
-11 29 -3 
-100 -4 38 
-2 4 7 
-1 -6 11 
-28 -1 3 
1 -3 2 
3 64 91 
7 -3 1 
1 2 -108 
85 -158 -22 
-10 -19 -23 
-59 -1 -31 
-82 78 -65 
-4 -12 11 
47 -1 -2 
-95 46 6 
13 -1 2 
-40 -78 -1 
7 -30 -4 
142 -10 3 
33 6 -60 
-3 1 -36 
77 130 -54 
14 6 -78 
29 -1 140 
9 -2 6 
96 2 9 
-56 -4 12 
97 6 1 
-178 1 -5 
173 1 55 
2 -12 -8 
1 -138 11 
10 -1 124 
-120 26 2 
1 2 93 
9 -8 1 
2 -30 -1 
28 1 176 
-5 89 26 
-4 1 -49 
-71 30 -8 
-8 2 -76 
1 31 -149 
-33 1 -31 
1 5 -53 
-1 8 24 
7 -47 190 
69 12 11 
-171 -37 4 
14 -131 152 
-5 -46 -2 
3 16 -165 
5 -7 17 
-24 -4 -120 
32 15 -2 
-104 -43 -2 
-10 -172 3 
-3 45 -13 
9 -127 5 
-101 15 -4 
16 -1 -5 
-72 1 -11 
1 4 84 
-2 24 -1 
-52 -3 2 
25 11 19 
72 -70 -21 
81 42 2 
23 -2 85 
-1 4 67 
-1 22 14 
16 15 -96 
1 4 18 
1 -12 114 
3 15 -24 
4 -37 -2 
-1 -9 130 
-11 -109 -199 
4 -1 2 
-34 48 138 
-1 2 -38 
-4 -2 -37 
5 -3 16 
81 8 48 
-86 20 11 
-27 101 9 
-15 12 20 
5 -3 -103 
3 -26 8 
101 4 -99 
-10 -119 -3 
1 11 -4 
4 -9 15 
192 -16 -131 
-12 6 1 
44 14 3 
-21 28 -40 
162 37 1 
-6 1 -2 
35 -6 2 
-1 9 43 
1 10 -30 
-1 54 -73 
-1 3 4 
-17 -32 -2 
3 1 -7 
2 6 -74 
34 59 -9 
3 -4 -2 
-3 1 -6 
22 -1 8 
-1 77 -148 
-3 70 32 
-57 3 16 
16 -87 -62 
-2 -1 -3 
-1 -16 2 
-2 -11 -25 
3 -2 70 
-139 191 6 
-11 7 -12 
-2 170 61 
1 -128 -169 
5 10 -4 
-9 5 -1 
3 17 -6 
-6 42 -1 
10 -9 -139 
-36 -42 -34 
-3 1 39 
21 5 -18 
3 -163 1 
170 -1 -186 
-64 149 -11 
3 2 63 
-1 9 15 
-9 2 1 
-7 37 49 
132 -4 -145 
193 12 -5 
-21 3 -4 
-5 20 22 
3 43 -10 
2 39 21 
-19 -52 -65 
11 14 5 
10 -1 -2 
-1 121 3 
76 6 -38 
-37 32 -1 
1 11 -46 
-47 -132 -45 
-1 117 20 
31 -59 -16 
-13 35 27 
131 6 1 
-4 32 1 
-18 -34 -1 
-152 20 -3 
-10 46 -152 
-18 21 -145 
42 5 145 
-50 94 -3 
123 55 -24 
157 27 -15 
24 -3 -123 
15 136 -6 
-1 -7 4 
-11 -80 -7 
72 -7 131 
3 -5 -198 
-95 7 2 
-1 2 59 
12 78 -128 
-11 1 53 
8 13 81 
-1 76 98 
1 13 -34 
-7 -2 -112 
-33 -5 -10 
2 -9 -48 
-104 -180 -1 
-15 -22 68 
-40 -1 -20 
-189 66 1 
115 -5 1 
-1 -2 -4 
1 24 -6 
-50 -27 1 
-2 -165 -1 
-22 86 -94 
8 -57 -2 
-79 -1 4 
4 -5 -37 
1 14 8 
6 -63 5 
18 19 113 
-53 2 -26 
-1 -181 7 
1 -2 45 
1 12 84 
-123 39 -169 
-8 85 -13 
-6 -1 3 
57 -52 2 
198 -8 104 
-175 52 3 
6 1 -2 
4 -59 6 
2 -5 1 
1 48 181 
-2 6 28 
1 8 11 
-109 1 -2 
3 4 -1 
-12 20 21 
181 -64 2 
-12 -41 -5 
-1 -30 -2 
-3 -7 14 
-13 -12 -1 
5 -21 -37 
-112 -77 -2 
1 -2 -80 
35 -12 1 
-2 67 21 
2 -111 -1 
4 -5 -6 
-1 2 5 
-92 -1 -16 
-23 2 29 
3 -11 6 
133 1 -5 
-2 1 -33 
-4 1 -35 
2 -1 10 
27 14 89 
-15 -16 -82 
121 10 5 
-5 -6 96 
-1 -6 11 
-1 2 -46 
89 -188 85 
9 57 -2 
-28 -7 -29 
-8 1 -3 
-150 7 3 
-2 -79 38 
-42 -53 -3 
-43 3 15 
3 43 -7 
-1 -192 13 
3 -104 194 
7 5 -3 
7 4 -2 
-14 26 4 
-4 -21 -18 
1 -2 4 
-2 -21 -5 
-1 -4 2 
-23 -2 -85 
-24 -3 -153 
-183 -17 2 
-24 -132 -1 
72 3 -1 
2 57 -80 
1 19 12 
-16 -119 -76 
10 15 28 
-1 -3 7 
-11 -4 54 
-18 14 1 
-1 -3 2 
-180 -116 1 
94 -21 5 
1 -69 -30 
-131 -70 -2 
15 -1 7 
39 -22 -2 
-4 43 -54 
-20 8 -144 
22 21 -6 
-179 54 -47 
22 11 43 
-33 -98 -8 
-1 -116 -55 
-1 2 3 
1 129 2 
6 -17 40 
-7 -3 6 
18 1 34 
30 -13 -3 
-6 48 10 
-2 14 -3 
13 6 -45 
-53 -9 -12 
8 -191 146 
-1 16 -129 
5 -2 9 
-33 -1 -4 
80 -82 124 
172 2 -1 
-3 5 4 
92 5 13 
16 -133 29 
65 -47 8 
1 -2 -3 
-52 136 -24 
-2 3 -1 
-9 -47 -2 
-34 6 -45 
-34 83 24 
-171 -160 -8 
-3 6 -40 
59 114 189 
-1 125 63 
2 -94 4 
-40 13 1 
81 -31 -11 
-57 -18 1 
-186 37 1 
15 1 5 
150 122 50 
1 28 2 
69 -5 -57 
-5 -1 -96 
3 1 14 
-4 20 2 
7 1 -2 
-53 -41 -8 
117 -96 -14 
-1 14 103 
176 2 -92 
-8 36 -50 
-71 -39 1 
3 -6 -29 
-62 1 -23 
-14 -25 -1 
1 3 -28 
1 -3 2 
-6 71 52 
-3 5 -4 
2 -11 1 
10 8 9 
-125 -39 3 
-51 -2 1 
16 -3 6 
4 33 1 
4 1 157 
2 76 5 
-96 1 9 
139 3 -31 
12 -96 -1 
43 -147 6 
79 15 8 
21 -8 152 
-15 1 -148 
-4 9 6 
1 -68 -3 
-6 2 9 
46 -125 -4 
-36 -8 45 
-2 135 -12 
-24 15 27 
-1 21 15 
-1 -14 5 
-79 -28 140 
-5 -43 -2 
-20 -34 133 
44 -9 1 
7 -6 -1 
-4 63 -56 
-98 15 -7 
59 -25 -16 
126 136 -1 
-1 -125 -36 
180 -77 -171 
-2 -3 88 
3 2 4 
1 69 -6 
3 -1 18 
-5 9 -6 
-1 -54 -4 
3 28 -88 
73 -142 10 
6 -1 -154 
-47 -115 3 
13 -11 -20 
-13 -8 1 
48 -89 3 
-91 -2 -4 
5 -9 128 
21 -45 200 
1 3 -2 
-180 15 -4 
1 -2 28 
109 1 3 
22 53 2 
-1 159 22 
5 -9 64 
-20 -8 79 
-6 -2 1 
2 1 55 
2 -8 -1 
2 99 13 
-29 -186 73 
-108 1 14 
-1 -125 151 
50 -1 -7 
-6 -1 58 
32 1 -96 
105 -20 17 
-8 13 47 
-14 -2 -87 
-10 17 8 
2 9 -16 
184 1 -173 
7 147 -22 
1 3 -59 
-55 -30 -3 
153 -2 -19 
-37 191 -58 
-1 -2 7 
-170 -15 40 
55 -3 68 
5 2 1 
-1 4 -176 
13 -45 196 
12 62 -58 
27 1 125 
28 29 74 
16 -3 64 
-2 -43 -3 
-1 45 -2 
1 -2 -75 
-14 -1 16 
-12 48 8 
2 -6 -8 
-17 -43 132 
2 1 -42 
71 30 40 
-8 -1 -4 
-173 -8 2 
-5 122 9 
151 30 -63 
84 193 30 
94 -14 33 
2 -14 -165 
10 71 -3 
19 -2 -1 
8 -14 2 
108 -78 2 
2 66 87 
4 -3 1 
10 6 -9 
2 3 5 
7 -1 -66 
4 24 11 
-1 -132 -11 
14 164 -32 
-4 1 -24 
2 -3 46 
-84 1 -38 
-4 -126 -7 
-4 1 3 
-114 -23 1 
-9 -1 -42 
139 -11 -24 
-22 -13 17 
8 -4 9 
-3 1 134 
23 5 3 
-11 6 -30 
7 11 -38 
-189 -38 2 
-8 92 14 
3 1 -6 
94 -6 -9 
-37 1 -53 
161 1 14 
-52 -13 1 
-63 -3 -1 
3 -41 -1 
1 -8 -83 
-17 125 170 
-34 -62 7 
-63 -4 -6 
-89 -5 -25 
55 -2 -20 
1 29 -21 
-65 116 -39 
68 -28 13 
1 -12 -20 
-17 -34 -108 
-1 -13 94 
-5 -1 -31 
-26 7 194 
6 7 -1 
-2 1 -5 
1 -2 145 
57 -20 1 
3 -50 -24 
4 -17 1 
2 -1 -9 
1 2 7 
-37 -17 69 
-4 74 -10 
113 42 -63 
-4 -5 -23 
186 -6 -102 
-1 -57 -20 
2 -46 94 
-109 1 -34 
1 77 11 
41 3 95 
-1 20 -14 
3 1 -4 
5 -24 152 
10 147 1 
-4 51 -1 
1 104 -26 
-1 -168 6 
76 68 12 
45 -2 28 
20 7 -189 
3 2 1 
-95 5 -89 
49 -2 4 
-36 -1 -11 
-13 -11 -176 
9 2 -10 
67 1 4 
-22 116 -2 
-1 -27 19 
17 -36 -34 
-141 37 -9 
94 -1 57 
-143 -5 -6 
-97 -17 2 
-42 -91 66 
-3 108 -44 
5 29 53 
7 -155 1 
-16 -20 -54 
-67 -4 3 
35 22 8 
193 1 58 
47 25 58 
2 -1 -3 
18 89 36 
-12 -72 43 
177 19 -2 
38 -10 12 
82 -66 -2 
2 9 150 
22 -132 -55 
4 27 1 
-1 95 -66 
4 -3 32 
-1 5 19 
97 1 -25 
-4 1 11 
1 52 -125 
-1 -4 10 
-32 1 19 
80 72 24 
2 20 3 
1 182 170 
2 -11 -5 
15 70 1 
-68 -2 4 
4 145 2 
-3 141 6 
-2 28 -17 
-1 -2 -17 
128 1 -20 
-9 8 4 
-115 123 8 
-3 -35 1 
3 -1 8 
-3 130 -51 
-37 -49 184 
-121 -2 -1 
23 11 -4 
-1 6 -115 
-97 -104 17 
-6 -36 -4 
170 1 -3 
10 -1 -41 
-1 12 9 
-133 45 -129 
142 6 -16 
-1 67 -46 
123 72 54 
