2 -9 -12 
-1 -146 19 
-11 -101 -1 
-1 -35 -2 
97 2 1 
-140 -1 7 
1 103 12 
34 -9 17 
-3 1 -2 
86 3 -9 
6 -3 24 
164 110 15 
18 4 -2 
1 10 -16 
38 142 23 
-1 -34 19 
143 -157 35 
-63 7 -1 
1 -4 2 
39 9 -22 
-61 -179 1 
-30 -7 -10 
137 -81 8 
-11 1 4 
-1 2 24 
1 -130 -4 
-1 -7 -194 
1 -138 -84 
-31 1 3 
-119 -70 -25 
-2 1 54 
3 2 -107 
-20 -195 1 
3 -2 -1 
-22 121 -6 
-3 34 -6 
-3 -37 -9 
-6 -1 -8 
-65 1 -11 
-18 2 -7 
72 1 -64 
-10 -1 -3 
-50 11 -187 
-11 -1 -154 
-12 1 77 
-153 2 1 
-128 -22 -20 
98 -17 8 
-183 -115 -3 
-34 -1 -121 
-100 4 71 
166 185 31 
-27 -12 -23 
5 44 1 
1 2 -61 
-58 -96 11 
18 54 159 
2 80 -1 
-5 -1 64 
2 13 -7 
-11 2 -1 
44 6 16 
-4 11 32 
2 -18 -48 
-25 22 -3 
-35 -89 -33 
-61 15 6 
-18 3 54 
45 6 -182 
1 45 -2 
76 -8 40 
-27 170 7 
-36 5 104 
2 -7 -28 
81 -19 -192 
3 1 -87 
-32 10 77 
-34 -1 43 
-1 -4 17 
45 -39 -1 
4 -5 1 
1 3 -34 
-20 1 8 
-1 98 63 
65 13 -2 
-13 -4 52 
-2 -116 1 
3 -1 -117 
6 -15 -106 
1 11 38 
-183 -9 5 
1 175 8 
84 8 36 
47 18 95 
1 139 135 
127 -90 10 
9 -2 -3 
124 -2 1 
1 6 -90 
1 102 135 
-95 3 -18 
5 4 -1 
23 -1 -6 
5 6 1 
-1 12 36 
138 1 50 
1 98 -3 
3 -1 5 
-31 4 -6 
3 -2 -5 
16 -106 43 
-1 -5 13 
-1 -2 -32 
59 -5 2 
1 -143 17 
191 2 -100 
2 4 -7 
1 38 -5 
-1 -5 49 
-20 -1 78 
-172 2 -11 
4 -8 -12 
5 -44 3 
67 -31 -82 
147 -1 2 
-106 -12 -2 
1 191 -2 
-18 -138 6 
-4 -152 -173 
1 3 -94 
-15 3 4 
-21 -68 -1 
24 -18 87 
-24 16 -35 
1 5 -3 
-8 11 1 
-120 -105 -1 
49 -131 55 
-16 1 3 
-56 -1 22 
4 -104 -15 
-3 2 -95 
-105 41 1 
-4 3 32 
-1 5 10 
2 6 8 
101 71 -7 
-5 14 180 
11 -27 24 
-32 6 -2 
2 -4 -14 
22 -54 -67 
1 -9 12 
-30 -1 -9 
-60 6 -5 
-82 -1 -17 
-145 -50 -59 
-18 2 52 
-1 -70 26 
-82 4 101 
-6 -1 -77 
6 2 1 
-179 -1 -191 
1 -4 -134 
127 79 1 
-91 -1 -2 
-10 4 9 
-29 19 21 
-155 8 6 
3 -14 5 
-5 2 172 
1 -85 4 
9 3 -1 
-18 -3 14 
-41 -147 -39 
-1 -25 105 
16 10 -176 
3 27 1 
94 -87 -129 
3 2 121 
27 -3 79 
2 30 -10 
12 3 24 
-1 -3 15 
2 -38 136 
24 -120 197 
-1 -11 -67 
-1 -70 -10 
-77 -3 2 
-13 -1 -37 
-1 4 25 
32 157 -1 
-1 164 8 
-51 -3 1 
-1 18 -144 
-4 -6 -88 
-3 2 -29 
4 38 23 
-32 -152 -24 
43 -2 1 
73 124 -6 
143 30 -5 
15 -174 -31 
-71 -153 79 
4 1 -58 
-139 -11 33 
-11 -20 1 
-1 161 79 
-2 -3 134 
-2 4 15 
16 -6 -2 
-33 -53 1 
2 100 -29 
167 1 3 
1 -120 3 
2 -3 -14 
2 15 10 
60 21 -39 
-18 1 -3 
16 -33 -108 
-128 -127 26 
-18 -1 12 
2 1 19 
-3 22 -1 
-27 -2 -147 
-18 114 120 
3 -60 13 
1 10 127 
1 -110 2 
13 12 -136 
4 -6 1 
9 -16 -1 
67 -3 11 
-68 -154 -4 
-2 5 25 
39 1 -58 
4 -94 -33 
-39 184 -4 
35 182 -14 
62 9 -161 
1 7 -28 
-3 25 1 
-148 -63 4 
-32 -9 2 
-1 141 -3 
29 5 -26 
-36 -89 -1 
-6 -4 1 
-19 1 2 
-29 1 -2 
4 134 -1 
3 66 -30 
10 -46 -1 
8 -4 25 
-128 -8 -98 
-4 20 1 
47 8 -3 
-5 40 -3 
-1 133 85 
100 -21 -1 
70 -11 -169 
-1 -13 -17 
-12 -13 -143 
26 -3 -5 
1 -12 -170 
-96 3 45 
6 9 4 
-6 3 -1 
-16 5 -1 
-47 114 -53 
16 4 19 
114 -10 -2 
3 29 5 
22 -141 -52 
12 -121 1 
-189 4 -42 
1 134 25 
18 -183 3 
1 -46 -58 
27 22 1 
67 10 -29 
-4 -109 198 
8 -4 1 
-67 -57 5 
18 -102 -54 
-5 -66 9 
4 -5 101 
-2 1 -165 
19 -146 -4 
-53 -2 -11 
1 112 10 
49 -38 -4 
36 2 154 
1 -9 -14 
-56 114 29 
-48 3 5 
200 -14 8 
120 -25 -10 
1 2 -122 
-12 10 9 
-7 3 117 
1 -56 2 
78 6 17 
1 -12 -2 
-145 -5 -9 
148 -69 -37 
-8 39 19 
-1 -3 -17 
18 62 109 
-23 -3 -10 
6 75 -5 
-2 -3 17 
2 13 -175 
47 54 70 
-12 -33 -15 
71 45 -1 
-18 96 1 
2 60 1 
9 5 -1 
-26 13 31 
55 1 17 
-61 6 -10 
-11 -1 12 
48 83 -45 
-187 -33 -12 
25 -124 2 
-19 -32 -57 
58 -48 126 
-126 64 8 
92 55 20 
41 16 23 
1 -4 -25 
26 144 146 
-3 13 -37 
-16 -11 -153 
39 2 83 
50 -1 -7 
-1 -20 3 
-76 -6 4 
-35 5 2 
9 154 -66 
-3 42 11 
27 -24 110 
1 -81 193 
-15 -23 24 
49 83 3 
1 -34 -5 
97 -1 -17 
4 1 -11 
1 9 -165 
-61 -52 4 
-8 48 -1 
-104 2 71 
-1 8 9 
-17 -2 11 
4 -1 17 
75 -16 30 
-12 -17 7 
-8 3 2 
-7 5 -76 
1 30 -3 
-89 -1 3 
45 7 21 
-49 -1 -23 
86 -59 -3 
12 31 -2 
4 1 19 
-5 3 9 
-103 -9 -2 
55 12 -1 
-175 -12 -30 
-108 -1 8 
-108 15 -1 
-76 98 -174 
67 -1 -8 
46 195 -1 
37 122 2 
-12 -1 -2 
-55 11 1 
-2 -12 -1 
-78 135 -19 
3 19 31 
1 -20 57 
-114 11 -8 
20 1 21 
31 167 -61 
2 10 49 
81 -12 5 
-10 -4 -1 
-107 2 -16 
-1 -12 -2 
-9 -5 -41 
-9 5 -8 
26 139 -2 
-2 -131 1 
1 27 -57 
-4 1 -179 
-31 22 -9 
1 3 26 
-179 4 -28 
5 -2 -22 
1 11 7 
-86 138 -47 
-20 -1 6 
-80 16 -4 
-1 -3 18 
-11 -3 1 
-147 -70 5 
-19 -20 -4 
72 42 -2 
-25 -121 6 
-63 -1 5 
1 -31 23 
-2 44 -14 
-29 39 -139 
157 10 4 
-6 -80 -14 
6 -5 -36 
-2 38 -14 
-31 52 10 
-36 -17 156 
70 -6 -5 
-2 64 42 
175 101 21 
1 5 2 
-1 23 -117 
30 68 192 
10 25 -5 
23 18 -21 
29 24 -46 
37 -12 11 
-1 20 -3 
16 4 -10 
-37 -190 1 
-4 -15 -1 
-3 1 53 
-3 69 55 
4 20 -8 
8 2 1 
-52 -14 -73 
-5 51 -12 
12 25 1 
-3 71 -151 
-3 -120 1 
163 1 -90 
-24 -57 -17 
1 2 -45 
35 -1 -27 
-11 -1 122 
35 -2 1 
-7 -29 -153 
-28 -16 -24 
-6 -20 129 
118 5 148 
-51 6 -24 
-9 -22 -57 
19 77 -92 
-73 1 -15 
2 -1 -3 
1 143 100 
1 30 7 
9 -111 -70 
-1 33 -7 
2 -17 -43 
47 6 -23 
1 189 62 
3 -1 -183 
24 -93 1 
10 -4 -1 
-3 2 16 
-6 -1 -8 
-145 1 -31 
-13 -124 -163 
105 1 -5 
-21 -3 -129 
4 20 -23 
-1 -19 156 
-3 -122 -178 
17 1 -109 
6 -4 34 
1 -103 -2 
1 50 -53 
-3 -1 2 
-141 47 1 
-9 -43 -139 
46 -3 12 
-50 -2 16 
-1 -32 109 
60 63 -32 
-105 24 -1 
26 69 5 
53 -83 3 
-77 4 172 
-29 41 9 
17 1 -7 
2 -4 8 
-23 35 -1 
-3 -1 -29 
71 1 -8 
-12 -37 -27 
-37 4 17 
-67 28 -23 
-32 -30 -2 
-127 -69 -105 
-9 -11 23 
-14 -2 -3 
20 -1 -60 
12 -10 -26 
-32 133 17 
2 -11 197 
-1 -14 -4 
-105 15 1 
89 154 -2 
-17 -78 120 
-9 -6 -174 
5 -155 9 
-6 -174 -2 
-10 1 -91 
-2 19 3 
5 189 -63 
-9 -78 -1 
-6 3 1 
133 -65 8 
2 -145 -10 
60 -2 79 
3 -187 1 
-159 160 4 
-2 14 54 
-37 -191 -78 
-1 172 44 
-53 -1 -76 
-1 6 -27 
2 -48 -5 
78 14 2 
-1 -53 91 
5 147 -197 
1 -10 28 
-9 1 -44 
1 2 29 
-50 12 189 
19 4 3 
8 87 1 
-104 -33 5 
23 -5 1 
-1 19 -15 
-20 5 70 
-7 70 -1 
-3 4 -9 
22 6 12 
-3 -86 2 
2 -7 91 
-18 -130 -22 
18 15 9 
12 44 -1 
5 -26 -2 
-67 60 109 
42 3 14 
143 -3 1 
7 1 -3 
-40 90 24 
-59 -1 -38 
-3 -31 4 
-77 -107 -1 
40 38 -8 
1 -8 2 
-53 -24 -1 
24 198 4 
1 -46 -7 
1 -35 -154 
29 95 -3 
12 8 -3 
7 -6 1 
5 -80 131 
-3 -175 -2 
-8 -177 7 
2 35 70 
9 -1 -13 
-137 1 -12 
1 2 -5 
-196 2 -67 
41 2 -87 
2 1 -19 
1 -27 -66 
60 -94 10 
-10 -1 5 
-57 -1 -2 
-1 -2 -4 
-2 78 -23 
-63 4 -5 
-7 165 -16 
-48 -7 -1 
70 61 28 
-22 23 -18 
-74 -2 10 
52 128 -3 
106 -8 -11 
-2 6 -1 
155 2 -50 
44 2 23 
-1 66 -2 
3 -1 -62 
196 5 46 
64 -14 -42 
-3 1 78 
1 2 8 
25 162 28 
-18 -37 -15 
64 -74 -17 
-6 -1 15 
-66 -18 131 
-1 3 -14 
-37 14 1 
-7 3 8 
1 -115 26 
167 -2 14 
11 -165 -21 
80 -190 1 
8 -67 16 
-5 20 55 
-6 -2 1 
-2 -183 5 
3 -135 144 
24 102 -66 
22 -2 12 
-8 134 -107 
-8 2 -11 
20 30 -8 
-14 -9 83 
22 -157 -12 
-194 -1 -4 
11 2 1 
1 -7 142 
60 50 18 
1 134 15 
69 -17 -45 
-1 -200 -6 
-29 7 -3 
-1 -16 22 
-1 -15 -112 
-185 1 -68 
1 -7 2 
25 -30 6 
1 62 -57 
3 -1 21 
-61 1 -5 
16 -32 1 
-5 -116 4 
-70 -1 2 
-40 -8 -3 
5 -111 -15 
-1 -171 8 
54 22 9 
-149 -29 -2 
4 -9 -1 
-161 170 35 
-44 -125 2 
-15 7 49 
-59 1 90 
4 11 7 
22 -8 3 
-2 -8 -1 
-20 -36 -4 
9 69 1 
71 2 -8 
-53 -2 -21 
-5 -10 -27 
2 -16 11 
-9 -5 -62 
95 1 32 
1 12 2 
1 -3 -17 
-27 1 2 
-2 -160 -11 
1 -62 -106 
-11 -46 -1 
-104 46 3 
-149 -1 195 
-1 -76 106 
-7 25 -85 
-81 27 17 
1 30 -164 
-11 5 3 
74 163 2 
-21 -8 2 
-1 -90 -6 
-26 87 83 
-12 183 -3 
77 -3 -26 
-4 1 39 
2 -89 -74 
-90 -21 -10 
-12 -1 -33 
35 149 9 
7 -8 1 
-24 -25 -93 
-37 6 -62 
-39 -1 -4 
-1 52 7 
-26 147 1 
2 23 -19 
