-112 -100 -7 
12 -17 196 
-76 -40 -42 
-17 110 97 
-22 186 178 
113 -22 -44 
142 -169 61 
-28 64 102 
58 -161 32 
11 -15 -111 
-101 176 27 
-180 -135 -157 
-20 8 -186 
143 -74 31 
-90 -163 -160 
-12 159 198 
-16 -200 -65 
-25 55 78 
-41 -53 -62 
4 -156 139 
-25 -142 122 
-197 129 -176 
-121 29 -95 
-33 178 -163 
-126 -180 -55 
-144 52 -2 
-197 40 107 
85 162 -120 
-110 -31 102 
13 -66 -194 
-8 141 10 
-17 165 -80 
56 -172 -19 
-38 -10 146 
16 41 -65 
-174 -168 -125 
-125 8 -57 
-39 23 -176 
-59 155 10 
-150 56 55 
-63 -151 31 
-95 -167 38 
-14 -3 17 
-84 -36 -145 
-85 126 -165 
143 -59 -87 
-124 87 58 
22 113 -30 
-106 18 -174 
71 186 153 
-1 191 -59 
69 -135 187 
-36 -114 46 
6 142 -59 
137 -195 -59 
31 -154 177 
160 -167 -46 
32 163 -160 
102 -29 -161 
26 5 -67 
-148 45 -198 
102 23 -63 
76 147 131 
-136 88 -91 
45 -182 58 
3 -122 127 
-128 44 197 
154 11 -72 
58 -198 -136 
153 -29 177 
91 -77 -74 
-12 1 122 
-164 -184 193 
20 -127 -162 
11 -147 -99 
-76 3 174 
-19 140 -89 
107 129 191 
-193 -23 25 
-58 -114 -178 
-23 89 -93 
124 -199 33 
-128 -8 -187 
60 -28 -69 
138 -118 10 
-81 -156 -174 
-143 18 70 
96 48 97 
128 70 91 
47 -14 -9 
-2 -153 38 
-144 -186 -147 
-77 -43 -135 
13 -4 -90 
98 -138 -64 
23 162 -117 
83 -113 18 
-79 30 -179 
64 -141 -44 
-93 191 152 
-55 82 -103 
79 -68 196 
-15 81 -150 
-112 98 -169 
30 5 -130 
156 82 -3 
-114 -10 -148 
-52 182 -95 
117 -134 36 
2 -185 -47 
-146 -75 50 
57 -50 12 
-110 120 9 
-39 112 144 
86 66 -191 
-65 -74 53 
-21 -23 127 
-185 38 191 
-58 -22 -156 
71 -132 49 
28 -106 -35 
-167 16 172 
191 31 45 
20 98 174 
1 99 -84 
153 -39 28 
60 86 -19 
114 76 -26 
-143 -10 -66 
61 -85 -53 
1 -199 74 
188 110 -176 
174 147 140 
-23 52 116 
50 130 -187 
-112 -120 -46 
51 -46 75 
137 -185 164 
-161 2 -9 
-21 -80 116 
92 -96 139 
23 82 99 
156 36 -62 
33 -187 97 
159 164 -69 
118 -32 74 
-43 -114 67 
-140 -63 -199 
177 -114 -28 
158 -13 -165 
106 16 153 
89 195 190 
-41 190 -198 
69 22 -183 
3 150 -64 
-132 -84 -193 
-115 -174 -148 
-8 -39 140 
74 -153 62 
-59 1 36 
-59 101 159 
46 -127 -113 
-129 109 -44 
-95 -181 -102 
-36 -64 119 
99 148 -110 
115 50 -125 
108 56 51 
-188 -143 128 
114 -133 41 
-7 139 107 
170 32 -91 
-96 103 -89 
-37 165 75 
134 -71 -34 
71 60 91 
-112 -122 43 
53 1 -5 
-168 102 1 
5 112 65 
-56 -46 105 
40 -82 -30 
-116 62 -125 
-73 -101 -22 
59 158 132 
177 56 -91 
-51 -25 -60 
-194 130 -39 
13 173 65 
-196 70 65 
-140 -74 37 
126 165 5 
-181 47 -63 
-154 57 -17 
-56 -79 50 
197 111 13 
-172 143 51 
-26 47 108 
-85 35 125 
59 -96 169 
53 141 149 
177 152 25 
-155 -122 -139 
-129 -84 -164 
186 -169 79 
-108 12 136 
-160 49 82 
134 -168 55 
34 -84 -2 
-49 -39 119 
176 -77 -120 
10 33 82 
-14 184 -1 
13 -52 138 
45 -106 117 
-86 178 -128 
-24 -128 -61 
4 151 113 
-52 157 84 
113 -149 -43 
94 -37 -12 
-90 77 18 
106 14 -12 
-152 -22 97 
9 106 148 
-136 188 -154 
41 86 -111 
-91 180 94 
36 162 -71 
-14 -142 -34 
93 189 -26 
-19 4 82 
-8 -199 34 
-30 -55 83 
97 7 126 
-21 82 -168 
-99 97 183 
56 -27 -36 
174 6 65 
138 -51 -64 
88 -100 -181 
143 15 -128 
138 77 123 
-74 39 199 
200 174 -80 
-35 11 156 
43 130 -139 
113 7 142 
-7 -153 -26 
10 16 -31 
167 32 -109 
-90 170 14 
-49 -188 149 
-118 8 99 
135 -113 -83 
-127 87 148 
55 104 -20 
-195 -20 5 
117 121 33 
-37 185 165 
6 50 70 
-59 -135 -65 
-178 -192 102 
-127 -156 -159 
197 -78 -34 
-81 57 12 
199 -182 37 
-92 -37 -2 
-105 87 85 
-48 -45 67 
145 -29 -156 
186 127 -115 
145 -9 -62 
-6 149 179 
2 -92 119 
-22 -93 95 
170 42 -136 
-166 157 44 
189 176 -27 
189 152 89 
-25 188 -169 
-173 -162 28 
-99 116 -183 
122 -130 36 
26 -33 15 
-15 150 -70 
42 174 173 
115 -44 -184 
119 -165 -64 
127 194 143 
-25 41 -70 
179 -142 14 
151 -100 -38 
-61 197 26 
47 -45 -30 
-28 -97 7 
-80 -119 191 
-91 120 191 
32 -12 -142 
-24 87 85 
-85 56 101 
-44 -26 134 
-123 51 -28 
1 84 -199 
56 -117 79 
82 -47 138 
20 -7 159 
-25 109 -176 
56 -167 129 
42 -40 193 
-71 -61 159 
2 123 -26 
-28 4 -170 
-149 -176 108 
185 197 -21 
105 98 -48 
22 181 66 
180 -36 12 
-176 14 122 
-55 122 -174 
139 138 50 
102 -93 75 
-156 47 -12 
-171 -163 74 
-65 195 -101 
183 30 -108 
-98 75 107 
-111 156 73 
49 165 18 
-20 -6 -170 
-98 84 -79 
159 -4 35 
155 198 25 
21 -173 -5 
-75 -22 16 
137 -66 185 
13 -19 -3 
-52 -99 119 
-50 113 -187 
-104 176 131 
-162 7 -79 
58 113 -123 
25 114 82 
-96 -60 77 
-65 197 -40 
-122 -135 91 
50 191 15 
-47 15 -10 
53 145 -50 
-174 -52 117 
-79 171 -11 
120 104 34 
-183 -13 -172 
-35 188 -9 
-164 7 188 
-99 -23 -52 
179 -17 193 
35 -162 -8 
23 -66 164 
166 -74 -171 
125 -181 -35 
28 -66 200 
-68 -187 -107 
-72 -178 189 
31 -3 13 
129 -42 157 
67 -171 51 
18 -161 -93 
-148 -155 94 
-50 -18 -16 
-79 44 111 
40 -169 143 
-126 81 168 
128 -57 -185 
162 -111 89 
199 10 92 
12 186 97 
-136 99 -141 
169 103 -79 
157 -13 145 
-4 185 53 
-48 -194 73 
20 -70 69 
25 -109 138 
83 116 -97 
-115 7 48 
47 13 2 
30 118 -180 
-39 199 -92 
-138 -108 -114 
170 -124 69 
-84 156 36 
168 -72 115 
-154 -78 -85 
96 38 -93 
-180 2 -182 
-96 -119 -3 
100 -51 63 
162 -51 200 
84 157 -17 
-71 -160 -170 
78 156 109 
-84 12 44 
-192 100 193 
-68 130 -43 
107 -162 -50 
6 -196 34 
27 -31 -111 
-78 -168 41 
6 108 -18 
-100 9 -63 
189 9 -37 
7 -14 45 
3 12 -66 
81 85 -15 
-38 15 -102 
-40 -121 18 
-120 -30 -28 
120 -3 55 
126 -164 -27 
52 -163 -196 
-184 -83 -126 
-123 -153 92 
70 -18 -33 
144 -8 146 
-77 -37 -111 
187 199 25 
-127 -45 -123 
198 40 142 
-1 -8 82 
191 24 -42 
-33 14 173 
80 -37 193 
94 93 -95 
-159 -96 29 
-132 -174 -96 
22 15 147 
-135 -176 -59 
-116 -86 -169 
-22 -57 -2 
63 20 193 
-131 -142 90 
-140 176 -130 
64 -97 -33 
149 104 -113 
75 34 -176 
135 37 -96 
-24 -157 58 
-28 132 -81 
170 76 -163 
74 82 54 
195 32 -38 
-78 103 144 
-27 93 72 
-124 -27 -6 
-132 191 -146 
-96 -45 198 
-105 -147 57 
-65 54 -183 
-149 -168 -148 
-185 52 152 
-153 -150 151 
104 100 -95 
-146 -18 12 
-74 85 159 
-191 -71 143 
42 58 156 
110 -138 -41 
83 -159 21 
-37 -115 162 
-4 86 113 
145 89 1 
195 130 86 
125 -160 25 
76 -9 -107 
124 9 -103 
1 132 -96 
137 -97 -74 
17 69 136 
66 11 100 
-136 12 144 
-197 174 -149 
-186 14 -164 
98 31 73 
146 -94 98 
90 -51 -64 
74 -112 -175 
-136 -97 19 
-113 157 135 
-32 -8 -47 
-1 -180 -51 
-80 169 -7 
74 -63 47 
16 -110 -184 
97 96 -66 
45 7 72 
195 -15 138 
100 -75 -83 
-83 -66 -188 
-87 -177 -156 
-110 46 130 
-108 -31 23 
-68 -127 6 
-114 56 -38 
82 -93 163 
-54 -17 -42 
-102 -150 -156 
44 94 -47 
-145 -124 45 
-159 146 63 
17 121 -87 
98 92 -142 
-137 71 -183 
129 -87 138 
105 36 150 
-96 72 -56 
52 -42 -53 
-95 -83 131 
57 -124 -118 
100 106 -85 
4 -154 -88 
120 161 -190 
151 167 56 
168 -64 -188 
197 -64 73 
-17 23 102 
-133 -152 -137 
8 -137 187 
96 34 -156 
-99 -44 -57 
129 64 -102 
6 -170 -93 
-90 -58 -114 
158 135 47 
-132 -36 142 
-48 -94 108 
-100 -106 32 
-3 -26 192 
-179 -42 -10 
-192 -23 -19 
-9 -8 84 
23 126 67 
-34 -120 -19 
-90 70 -155 
-44 -157 -160 
-114 62 95 
104 -44 97 
-114 -18 13 
-72 -197 19 
-87 -171 -157 
11 9 -19 
18 189 -96 
-3 122 19 
161 68 18 
166 -163 -147 
115 192 -57 
144 -139 191 
46 118 -116 
182 81 -196 
-114 -45 86 
63 11 116 
146 77 -181 
-67 148 -47 
34 141 38 
-77 44 83 
139 54 87 
184 25 67 
-110 -162 -121 
-62 101 91 
-189 200 -98 
41 190 -19 
-47 124 -94 
109 -175 -73 
-132 -10 162 
-132 -124 141 
28 15 -32 
-4 -41 -200 
-150 -90 -185 
165 29 18 
-154 162 -137 
-10 192 185 
-194 -81 -137 
-36 8 143 
-48 -179 170 
-167 -12 -86 
39 -162 -7 
-73 -142 81 
-64 77 -17 
76 185 94 
49 -181 -46 
79 64 -41 
-10 -184 -33 
65 11 176 
-52 189 -113 
-99 194 138 
104 -83 -129 
14 22 108 
-122 -71 24 
-5 -91 141 
-185 70 -10 
65 108 102 
-19 -42 168 
-137 -104 90 
-88 34 -62 
58 146 163 
28 -44 148 
-116 134 -167 
2 -11 19 
-176 14 -23 
130 59 -68 
44 -127 97 
-11 -199 93 
46 61 -1 
-6 -33 84 
-9 -126 -132 
-199 -121 154 
-47 -55 17 
-24 -110 -58 
-100 -153 149 
69 33 2 
-83 -47 -10 
-7 -98 -191 
13 90 180 
-144 -59 -86 
5 93 -198 
-59 165 155 
186 189 -75 
-34 119 183 
183 156 180 
-131 -196 -102 
-17 -109 93 
149 48 -110 
-166 -119 137 
155 -93 8 
-136 64 -12 
54 -6 -166 
-146 -160 -133 
-9 -67 -162 
122 -106 -115 
64 -53 -83 
-58 94 -39 
-120 -160 -16 
-104 -73 48 
-149 13 60 
-121 -183 117 
125 -161 -5 
192 113 -93 
-90 184 -173 
79 60 8 
-13 -30 19 
163 -71 -7 
163 -1 96 
-167 -50 -15 
-122 150 -63 
-126 -5 200 
-68 74 -177 
160 -55 -157 
101 62 167 
191 -98 -92 
163 187 79 
-115 144 9 
-187 154 22 
-126 -77 31 
156 121 99 
125 -167 184 
49 52 -1 
-99 106 -16 
-194 -13 186 
184 -18 126 
151 -71 -108 
-142 -39 -192 
83 -1 -170 
-100 -68 123 
-66 -85 -48 
-111 -145 142 
61 146 -83 
119 155 191 
128 177 141 
-88 -19 -22 
-66 -19 132 
80 -108 -196 
-18 -121 55 
114 178 177 
128 -25 -173 
148 99 -94 
-70 -195 -85 
-104 41 -21 
-72 91 -64 
46 -148 -105 
57 -108 -14 
-45 -160 -64 
105 7 108 
-10 2 16 
-47 -123 -60 
18 -144 -125 
37 142 155 
-170 5 -95 
-60 -9 -170 
-92 47 181 
67 -95 -105 
114 -173 113 
-151 -1 192 
-10 197 195 
98 -2 -154 
-136 2 -144 
28 190 -90 
-91 -31 92 
27 61 -170 
-53 2 111 
-154 -22 109 
67 181 140 
-149 141 31 
116 187 175 
-104 179 186 
8 156 117 
58 144 155 
19 -63 108 
74 96 -12 
-74 182 -19 
-40 -55 -200 
-101 -6 179 
-174 116 172 
-160 -38 70 
35 42 -48 
-59 138 -165 
199 -26 184 
192 -61 149 
-176 116 171 
-89 121 179 
-61 199 179 
-89 75 96 
55 27 26 
7 -25 4 
-149 -25 71 
182 65 -97 
-134 -184 127 
-186 -108 -34 
-62 -105 44 
80 4 -165 
-36 -196 -67 
32 -128 -101 
2 -57 39 
99 28 75 
66 41 -52 
108 -65 -124 
27 67 178 
89 184 -58 
-26 -158 -63 
25 82 -11 
-4 13 195 
96 187 125 
136 75 -178 
48 -10 -76 
69 -57 -51 
78 -196 -102 
91 61 -200 
45 15 52 
69 146 5 
-188 11 16 
25 160 -52 
-160 6 29 
-145 11 -106 
-14 159 -2 
180 14 -78 
-162 -186 79 
-119 -159 93 
-107 152 -179 
131 -156 -76 
-15 181 132 
-17 106 139 
-116 68 -186 
-63 48 -25 
-25 1 -185 
23 55 196 
36 189 -143 
101 191 29 
11 -131 14 
131 200 178 
156 -20 44 
-94 185 97 
51 -6 -38 
-159 -92 93 
-27 13 -94 
-105 77 182 
-63 28 -1 
79 -37 -141 
-43 110 10 
-86 84 -28 
4 -24 -140 
-109 -105 -200 
-109 137 -17 
-14 143 -105 
-109 65 -94 
-7 4 61 
-189 -72 -168 
-97 156 -5 
153 -146 1 
79 -142 183 
89 34 107 
-134 145 155 
174 116 -27 
-75 34 104 
109 -72 -5 
-100 -68 -121 
117 -179 39 
-61 160 28 
-97 -136 -90 
63 162 -134 
-162 -99 28 
-196 172 -189 
-37 173 46 
-162 68 -8 
-15 41 -198 
-4 75 19 
-60 121 9 
41 -153 -76 
159 -74 81 
-121 -109 46 
-106 -149 185 
-68 54 -88 
3 -197 -55 
67 40 59 
-21 92 -193 
-182 -109 -171 
199 129 -165 
104 167 94 
-127 33 -135 
-183 -16 18 
121 -58 -181 
-45 108 -91 
53 -125 200 
118 -20 100 
-93 96 -152 
-175 -102 116 
66 -160 -89 
-116 71 -5 
6 -122 -96 
-126 29 -197 
91 3 71 
38 29 -198 
53 10 -194 
-160 34 -53 
-155 -74 33 
31 -98 109 
196 76 -71 
35 -165 173 
166 58 187 
-18 2 147 
11 -27 126 
39 51 113 
45 -167 171 
27 -9 60 
130 182 29 
-197 170 -142 
