-107 -7 -37 
78 -197 159 
9 -185 -182 
-136 16 -133 
125 -8 109 
-107 127 -23 
-77 -138 -110 
-8 -51 168 
118 189 -115 
-183 -11 145 
194 -4 3 
160 88 159 
30 85 1 
-148 -60 63 
118 -96 90 
14 89 36 
-29 -100 87 
-27 91 -48 
-29 42 89 
-56 -132 -50 
-99 -188 -166 
-35 -40 175 
90 199 104 
157 -150 45 
-194 133 -147 
-120 153 67 
197 -94 55 
-198 -25 167 
2 -34 107 
-105 -162 1 
62 -67 -181 
-60 -118 17 
191 -95 -146 
-98 5 116 
193 -20 -74 
-116 -4 -100 
-163 88 -69 
-40 -82 45 
-154 -63 -182 
-73 109 26 
-154 -43 184 
-1 49 -93 
-171 198 -91 
192 -141 156 
-47 96 -84 
120 35 -142 
73 98 -128 
-108 190 62 
159 6 -3 
-75 -142 -95 
-31 -44 -115 
-128 -168 188 
79 -85 -3 
-168 91 -150 
150 166 -56 
13 -185 -109 
67 -118 -181 
140 -80 2 
-98 124 4 
-60 27 71 
68 -49 194 
-66 -192 -84 
58 196 36 
-27 -120 1 
46 -156 55 
-148 69 117 
146 -27 -82 
-139 -145 -16 
-126 -187 106 
-59 14 -153 
-31 74 -13 
194 -173 -29 
97 -172 46 
88 -131 -77 
-31 73 139 
-139 93 -15 
22 173 4 
120 -33 60 
197 -94 13 
76 160 139 
-20 4 -128 
-193 -179 65 
191 -131 -134 
-55 -84 -161 
86 -56 25 
-48 32 46 
32 -157 -89 
15 164 -123 
-40 93 61 
-27 33 182 
161 -121 -137 
15 -178 -39 
-143 41 91 
88 178 40 
-5 149 117 
-67 89 55 
31 -32 136 
32 -99 197 
-14 169 -21 
-111 32 -191 
-45 180 -116 
192 -82 -36 
-33 97 87 
98 101 92 
23 98 53 
-164 58 116 
-69 35 88 
-58 -141 158 
43 20 -172 
97 50 -148 
-97 186 142 
-24 187 80 
-85 30 9 
81 173 -160 
189 -5 53 
-157 -194 -9 
2 146 -136 
-107 -4 99 
185 -65 196 
161 148 3 
80 -78 -7 
15 -77 157 
95 103 28 
109 158 -104 
-187 -13 102 
-69 -26 -146 
-79 -43 131 
-156 -101 134 
49 183 196 
165 98 10 
47 -85 35 
-39 179 -1 
136 21 189 
-33 158 -98 
-2 152 184 
31 54 -21 
125 108 101 
-84 -46 51 
41 82 109 
-53 -176 166 
-47 51 106 
-51 -1 -77 
-79 155 -56 
-200 -100 133 
-158 135 -107 
-171 -128 72 
39 33 182 
20 192 75 
161 -21 68 
-173 -143 196 
161 -45 -53 
-121 155 -135 
-83 17 -136 
15 157 -37 
-154 -7 -48 
-3 78 -36 
-18 -32 -121 
-44 -128 79 
-177 -161 -82 
-100 175 -7 
-115 70 7 
67 -179 152 
108 178 -190 
97 90 160 
22 43 -39 
-2 -175 25 
25 -108 -111 
34 112 172 
-162 -10 -138 
-178 91 -180 
198 -82 -76 
143 -48 -23 
-16 146 10 
-87 34 -74 
170 -183 -38 
89 40 -90 
28 2 72 
-31 -76 114 
32 2 -24 
-101 187 82 
-105 97 132 
-199 78 -31 
83 -153 -80 
171 -199 -66 
77 118 -180 
-10 -27 -154 
11 -79 -28 
-195 32 -22 
164 -136 86 
-112 -18 61 
-110 39 -46 
-59 -148 91 
-48 -77 199 
-74 -36 15 
-52 -173 141 
188 72 -21 
68 3 -40 
-108 -170 -34 
-140 -141 137 
96 -40 163 
-6 -2 -164 
-163 -1 -86 
88 122 121 
84 -116 31 
56 -99 -16 
-140 -80 197 
123 197 -126 
101 10 177 
118 -176 5 
80 -42 139 
58 145 -70 
-6 42 55 
96 -123 -25 
-177 66 -12 
-114 112 -12 
109 -194 -73 
-24 -170 -181 
24 178 -183 
-34 199 -197 
26 -179 -54 
-104 -155 -52 
-83 -54 112 
-86 43 118 
-111 70 -128 
51 166 176 
186 198 -1 
-104 -58 -28 
200 69 -131 
107 72 -62 
-128 51 116 
-33 56 40 
-100 27 189 
111 -158 -94 
31 89 80 
-97 88 -185 
162 183 -123 
116 -29 -70 
137 -24 -188 
-4 -85 30 
-94 -106 103 
-105 -192 -63 
-49 198 165 
-156 66 35 
69 195 -28 
-152 -83 -134 
-117 -56 89 
9 -8 185 
131 126 110 
-40 59 -91 
-80 52 3 
-144 136 75 
-10 49 171 
-58 185 5 
-81 -36 -17 
-190 4 43 
-33 156 109 
188 18 173 
3 197 88 
93 -194 -184 
60 131 88 
157 133 53 
-32 108 179 
147 -135 110 
41 -103 172 
148 -3 -35 
127 -17 16 
-60 -182 -138 
167 -107 -51 
-3 179 -198 
-192 151 197 
74 79 -104 
-179 -48 121 
-58 -79 -87 
32 -17 11 
76 88 164 
-109 180 42 
126 -101 25 
127 -177 -172 
-53 -134 112 
-194 71 132 
-191 162 -10 
-134 -186 -194 
15 47 -146 
-28 124 197 
-73 -33 -30 
-38 3 -195 
-123 -97 -44 
-80 -136 -59 
-11 -106 -10 
173 198 -155 
-168 45 17 
-142 -64 143 
8 27 80 
125 -49 -72 
2 69 59 
-4 -199 -38 
23 -8 20 
-9 -102 20 
176 14 -100 
40 154 -73 
187 68 -10 
43 165 -194 
-183 63 -15 
-58 51 126 
-114 -2 49 
-32 -69 -115 
121 -93 -80 
-12 108 -134 
-2 -191 11 
-15 -190 166 
-101 40 -32 
46 23 115 
155 -189 -53 
-105 -162 -20 
178 42 18 
-25 -111 70 
-159 108 -6 
-150 30 103 
-133 126 -179 
-19 -138 -67 
-48 -2 -30 
175 -178 -26 
79 181 91 
-16 -23 -39 
-120 5 -158 
153 126 157 
92 114 -128 
-163 52 -190 
-199 134 -37 
-166 65 -187 
-50 128 153 
19 -106 -53 
152 183 -2 
175 -180 192 
118 88 45 
-39 7 170 
-11 92 162 
-58 43 154 
16 -71 -24 
-95 70 9 
-37 -33 -61 
105 -165 70 
137 11 -88 
24 -175 -169 
-67 -128 138 
-2 18 63 
152 69 -72 
-72 -177 -16 
-45 -79 151 
31 102 -177 
16 123 54 
1 -135 -93 
124 -46 -86 
138 -77 -11 
155 175 -5 
77 67 -143 
-114 -124 -112 
72 47 153 
27 -70 -164 
23 -43 144 
199 15 -36 
22 -42 -62 
100 64 27 
-3 109 -51 
169 97 8 
-197 177 68 
106 -146 -137 
107 3 188 
-25 162 -110 
-40 -154 67 
152 -21 137 
42 168 -171 
-11 -195 163 
100 26 13 
123 171 -148 
-134 -77 9 
-3 15 -166 
78 34 -16 
148 136 -63 
-19 -6 -20 
-94 -175 39 
-72 -69 -142 
26 1 87 
-20 19 80 
-123 18 -128 
-133 106 -7 
-189 77 -146 
-1 -29 -166 
24 -130 -43 
-91 -145 177 
-18 53 -44 
-83 -49 106 
-155 143 -196 
5 55 -159 
-92 -13 -95 
69 48 -56 
-185 94 95 
70 -86 142 
-149 -1 -37 
139 196 56 
-116 125 183 
-183 -186 86 
-5 -198 -149 
-161 112 -122 
11 -189 -1 
195 135 196 
74 -141 15 
-12 -24 49 
-164 147 27 
140 -187 -194 
-163 152 -185 
-48 44 -29 
79 45 60 
76 -8 -147 
103 120 -134 
146 -89 124 
66 100 -79 
-19 -13 108 
-77 191 6 
-124 -66 -52 
-146 -104 -190 
84 -31 122 
177 45 12 
34 175 -39 
118 -177 -160 
-26 125 -69 
196 -107 -72 
21 -25 70 
-153 -32 -105 
141 -152 1 
-24 153 -139 
-133 -105 147 
-182 140 -29 
36 113 -11 
38 -32 -98 
-76 22 155 
-30 54 -36 
-1 133 97 
-81 95 -6 
-168 62 -13 
-127 -27 185 
181 96 49 
-111 -97 78 
20 -174 -63 
72 -50 126 
79 -110 56 
66 15 -173 
-9 36 -93 
103 47 -18 
-172 -56 -100 
153 -57 -3 
-2 -90 23 
32 -110 60 
139 102 -30 
-15 169 -176 
135 -84 -143 
70 -38 2 
-6 -52 71 
-17 25 -108 
181 -187 -156 
-44 98 -2 
-130 -154 183 
-120 48 89 
65 163 143 
-24 20 -54 
-39 -68 104 
111 -166 -43 
-17 21 137 
-12 -81 -35 
76 -41 -22 
10 50 -20 
-13 192 68 
-139 -176 36 
33 -60 111 
-191 150 -7 
176 -59 -193 
34 -181 84 
183 178 -91 
182 127 -21 
189 -148 -49 
-92 -82 27 
-14 -147 -63 
-35 -9 105 
159 21 -9 
91 -150 -59 
-122 -51 32 
-5 -43 -65 
-74 145 -143 
43 -37 12 
97 -143 -156 
-148 -192 132 
-192 81 -121 
32 199 -109 
-54 11 -134 
-98 9 -5 
48 -34 168 
45 183 19 
-108 61 -172 
179 137 -161 
-173 -134 185 
-141 -23 64 
-153 -142 -151 
-186 130 -178 
149 138 93 
-109 -144 47 
-62 -16 -27 
-194 -24 119 
56 -59 -185 
79 -96 -141 
-175 -185 -88 
66 186 26 
-28 -68 -107 
-2 -29 -37 
145 151 -110 
124 -125 33 
-133 69 129 
-136 169 44 
124 2 103 
-3 -69 -97 
128 79 54 
-10 120 16 
-133 56 -67 
63 -125 -171 
12 -8 166 
81 92 200 
-13 79 -68 
18 -91 -175 
92 161 -48 
-70 14 -4 
-176 158 -77 
28 8 131 
34 139 -138 
-40 -120 134 
91 -24 -157 
189 -64 -145 
7 10 50 
18 66 61 
169 -135 33 
125 124 -76 
190 -8 21 
-73 117 -13 
74 12 182 
55 90 125 
-176 -10 -114 
-106 -18 -23 
-107 -86 109 
-55 11 -58 
-190 76 -142 
-49 -41 -65 
-17 -80 -180 
138 -86 56 
-144 -121 195 
-135 -69 -140 
-161 190 -174 
85 -167 26 
-120 -151 21 
-41 -129 -87 
-45 35 -106 
56 113 74 
-104 -189 -64 
-191 68 133 
172 -160 32 
131 65 -168 
12 61 86 
-141 27 -9 
164 20 -141 
-99 122 28 
-193 102 -73 
28 2 7 
31 22 48 
-182 -153 -4 
-8 153 186 
-91 59 -50 
29 36 121 
116 -182 166 
143 -93 127 
65 -96 -108 
50 145 101 
-181 132 76 
-108 173 -38 
39 -178 -149 
1 81 -88 
-82 77 -49 
-159 -2 -94 
192 -186 -180 
-69 -144 184 
-142 -135 38 
136 8 18 
-61 -131 -173 
4 89 -126 
101 -37 -149 
66 -99 93 
-127 -79 -22 
68 34 -60 
-78 141 -191 
54 -81 111 
-192 -4 63 
167 199 31 
-19 -13 -145 
-133 143 135 
3 -193 44 
-115 -77 143 
-171 85 101 
49 -132 193 
21 76 180 
-189 178 131 
103 -37 -173 
-193 -126 101 
-27 -175 -157 
-161 58 17 
65 119 -166 
-172 -129 48 
115 103 35 
-21 155 -79 
-153 -94 -47 
126 -94 -35 
36 -80 -21 
-69 10 -122 
97 3 -87 
115 -176 -111 
146 -150 47 
-183 -13 122 
-68 146 -196 
14 57 95 
174 -81 -151 
8 75 -113 
22 94 -55 
-122 104 -61 
23 11 181 
-5 134 -77 
-107 -97 -57 
-66 7 -144 
-31 2 196 
-7 61 149 
142 40 -92 
-61 -73 -130 
-165 88 33 
64 173 -69 
-149 -63 -2 
-88 -178 141 
65 191 36 
191 185 141 
41 -5 -34 
53 -70 45 
-116 -54 103 
36 -175 162 
3 -198 -70 
-165 -106 46 
70 -162 67 
-169 160 -132 
9 179 -112 
-57 6 33 
-29 -11 -116 
79 -49 142 
-59 42 142 
-72 67 87 
-106 -161 36 
3 31 -4 
9 -95 2 
72 194 14 
-7 51 -92 
-14 -194 68 
200 -197 167 
139 43 38 
129 -13 18 
35 176 199 
6 56 -32 
-12 112 143 
195 -13 -69 
140 -1 -23 
192 184 111 
118 -131 -6 
197 42 148 
-35 85 155 
-52 186 175 
-1 107 69 
78 196 -95 
13 -159 -160 
32 -182 -42 
168 -110 99 
-41 -86 -191 
-127 95 19 
-185 -72 -62 
70 -41 -157 
-8 -26 -102 
-32 -115 -160 
-191 -96 64 
142 35 -64 
-69 -118 -82 
-80 -4 37 
104 -132 136 
-150 -87 101 
-81 121 -54 
98 -3 122 
25 109 -8 
-58 -144 49 
11 31 27 
-143 75 12 
-119 11 -123 
-87 -47 18 
-83 -163 32 
20 -150 -47 
-199 103 -76 
-117 -31 101 
69 -29 -14 
-11 -15 85 
19 -101 13 
126 -135 -109 
192 -151 140 
159 -75 -41 
18 100 -125 
-58 92 -29 
158 -65 -195 
138 188 -145 
-121 -42 199 
-20 192 54 
-78 -144 2 
-46 159 -1 
2 -75 4 
94 -124 99 
158 108 -129 
174 -32 -53 
-56 -28 163 
-145 53 109 
77 196 -10 
-174 -43 15 
126 -103 -39 
-131 -179 -88 
38 110 94 
-52 -6 120 
-181 -185 16 
180 159 -121 
160 -2 -24 
135 -111 156 
-16 194 122 
-77 134 50 
5 -187 68 
86 -100 -173 
193 -156 -29 
-143 -131 -12 
130 168 91 
2 12 -1 
44 -51 4 
-129 -194 -31 
-109 -184 2 
-100 -47 -155 
26 -103 -67 
18 -123 -5 
-186 196 98 
106 124 -14 
148 -56 -125 
-172 -157 114 
-135 69 31 
167 -20 -1 
-55 67 -34 
-32 -100 -22 
152 -81 161 
15 174 105 
-165 -181 -120 
-180 -83 -73 
98 53 57 
16 179 -38 
129 62 -196 
-101 132 -22 
14 -188 -70 
-15 95 44 
-5 -180 94 
-44 1 -59 
-175 -110 130 
-88 -103 143 
2 -163 13 
139 -65 32 
-1 -46 -70 
171 142 -110 
143 25 -17 
132 -54 -80 
-27 -119 185 
47 23 9 
-162 -26 199 
-45 -196 -96 
25 -133 -100 
-144 169 -46 
-107 -26 6 
-172 145 165 
62 -9 -101 
152 115 -178 
-66 70 176 
-27 -183 -14 
16 -33 126 
-75 -82 139 
-30 3 54 
-89 -23 -6 
-71 149 29 
16 -194 11 
-44 111 86 
-145 152 198 
-54 160 14 
-186 11 16 
-144 -43 -60 
-53 37 144 
-150 107 -1 
72 -88 -3 
-56 125 74 
91 17 160 
99 6 129 
-188 -88 199 
73 -80 114 
-145 193 191 
22 162 31 
-52 118 -94 
-27 -66 -115 
-126 -104 -166 
-48 166 41 
116 -153 -155 
-50 -10 165 
-64 62 186 
-199 -45 73 
138 65 -195 
-198 -141 -84 
1 -81 10 
97 -162 -185 
-199 -93 -81 
-121 -145 45 
44 -4 -168 
188 -10 -84 
37 158 141 
110 -133 6 
-90 -49 56 
138 63 -109 
-18 -46 -3 
44 -97 -76 
40 -84 187 
106 -113 61 
-121 22 -122 
156 -143 166 
-75 -35 114 
-79 -90 -60 
-175 -11 -157 
-54 -135 -3 
55 -94 161 
173 178 -132 
71 180 -39 
-37 22 -73 
2 -56 171 
97 -155 -9 
78 -71 114 
-86 121 -66 
16 133 81 
-159 132 -97 
137 -117 129 
190 39 -83 
-49 -138 167 
-18 108 106 
18 -38 139 
