161 53 143 
158 116 147 
159 -155 99 
-170 -118 -33 
125 -1 148 
-17 154 113 
-5 -74 11 
-90 50 93 
79 -30 -17 
-7 131 -31 
-30 129 -62 
-110 72 -71 
-133 39 -161 
-178 194 113 
118 31 -62 
34 36 -41 
-25 157 67 
-120 -77 -5 
-62 -157 89 
129 -76 -172 
-170 -78 -111 
170 71 -171 
28 70 -65 
-83 41 -7 
179 -178 105 
140 110 11 
116 21 65 
-9 -98 109 
-40 35 -93 
-62 -3 16 
94 -5 99 
17 178 -1 
184 60 193 
31 -147 -37 
1 -114 -52 
178 97 -91 
162 105 152 
-68 99 -43 
194 124 99 
-45 84 1 
92 -186 -23 
-12 90 -161 
-154 -181 27 
-185 -48 71 
-63 126 54 
-172 193 144 
-20 46 -13 
-149 -130 -51 
-13 -80 174 
60 -88 101 
-42 -15 -65 
-21 147 175 
114 -50 160 
-31 -188 -13 
143 -29 -31 
-189 -23 198 
-141 -77 86 
134 92 -100 
67 -77 153 
108 -97 -66 
31 -6 -29 
-190 -16 -111 
44 -41 -38 
56 38 25 
-32 -92 28 
-104 25 12 
-6 -168 -82 
189 15 91 
46 96 19 
-98 -55 -34 
-70 -110 51 
-185 -62 173 
5 75 -165 
-14 -139 17 
-105 -166 -77 
170 60 -105 
110 79 -22 
-172 -88 75 
187 192 -179 
113 -71 -30 
78 -177 61 
124 -55 39 
-97 15 -9 
-140 143 -165 
48 196 144 
-87 164 -90 
67 -154 -80 
-71 103 -144 
-122 -144 -10 
-138 153 -156 
-64 41 21 
-93 40 -147 
154 133 -171 
-87 -88 170 
11 8 -190 
48 -35 107 
173 -127 126 
8 192 177 
-68 105 -83 
-152 2 18 
85 14 -94 
-131 113 -187 
-164 -37 -48 
42 147 29 
29 175 -128 
180 199 -141 
-118 78 -171 
38 -105 9 
178 194 -191 
-50 -176 -78 
-69 16 172 
-49 -148 -189 
76 -194 -35 
82 7 -129 
-148 31 136 
41 50 120 
-12 -87 -37 
66 -56 34 
-130 -30 64 
-134 5 89 
200 -173 84 
-108 179 9 
149 -166 161 
-149 18 -146 
6 -34 200 
113 24 -197 
84 46 41 
10 -88 181 
133 159 118 
-61 55 -56 
82 -81 -12 
-30 -8 179 
127 17 -115 
-152 -130 -148 
-107 11 -58 
195 -144 -113 
-153 197 148 
39 182 -86 
-108 -19 195 
169 -138 -132 
47 20 -81 
16 -191 -17 
-145 -137 -3 
-79 9 -14 
194 197 -25 
113 -49 180 
-40 31 -8 
156 51 -22 
190 46 61 
-99 137 -21 
-82 -83 107 
-8 -91 118 
48 10 7 
-22 98 133 
167 185 111 
-50 -180 -3 
-179 64 -24 
-125 19 -3 
119 114 -102 
117 -52 62 
-28 150 19 
-138 -131 156 
-163 -28 -109 
87 -114 92 
173 151 28 
-179 57 -56 
-14 -21 88 
100 -7 21 
74 -23 -40 
-103 -113 7 
3 -6 -21 
45 121 184 
-61 119 181 
-39 -63 -188 
-157 -69 -153 
28 -98 21 
94 -98 -147 
52 -174 18 
112 -139 32 
-108 73 116 
-94 171 -17 
104 -86 190 
-176 155 -64 
-108 -19 97 
-7 -25 -51 
54 -72 50 
-138 36 126 
-68 12 -14 
8 -196 -92 
-46 121 -158 
-42 -32 106 
-189 -56 3 
-191 200 109 
21 -132 -120 
37 177 66 
-11 -98 162 
60 -71 22 
82 -168 41 
-116 113 95 
-124 -112 -44 
-122 45 3 
78 -185 43 
-83 138 -53 
-92 25 199 
-14 -61 -84 
199 137 86 
-188 5 44 
112 -148 -161 
66 87 -94 
-2 135 -165 
51 -94 80 
28 -136 -173 
150 83 -58 
-83 -168 -158 
-73 101 -193 
-29 116 86 
129 135 -182 
-82 -109 126 
-195 -162 10 
49 116 93 
-27 -113 28 
17 154 90 
118 -153 -16 
106 -165 98 
-120 175 -24 
73 18 -164 
96 -42 -6 
144 170 57 
9 188 187 
-62 174 -145 
9 -60 8 
-47 -183 169 
87 26 194 
148 -117 -59 
-129 5 192 
-95 34 -5 
-152 -47 138 
141 140 -134 
-183 35 42 
185 128 -21 
175 -23 -73 
26 -146 -199 
93 -18 64 
-1 186 66 
-95 99 1 
-125 -156 32 
-71 95 -110 
177 87 67 
-13 -136 -161 
-132 128 -9 
77 -83 12 
39 101 121 
88 9 -192 
-157 -170 -61 
-124 -173 9 
44 -117 -115 
70 137 -52 
164 73 4 
28 -194 -94 
121 62 126 
-2 45 -128 
29 131 144 
56 68 -70 
63 -197 42 
-122 -157 -137 
176 -60 -145 
186 -161 -98 
-100 -32 -98 
41 186 -47 
-59 52 180 
146 108 -58 
3 188 95 
-117 -39 131 
6 34 -101 
-8 39 87 
31 -119 65 
10 163 17 
28 117 -74 
25 -109 147 
-192 -116 -4 
58 -137 -5 
19 -164 193 
-5 92 -193 
73 5 -27 
144 88 192 
-49 9 -45 
-156 -2 -1 
128 135 149 
13 14 138 
92 -96 15 
105 -81 -72 
166 -76 -60 
143 37 175 
25 164 19 
-187 -184 113 
-166 -195 122 
159 137 85 
141 -11 -85 
-132 -56 -45 
-99 -42 -122 
-67 171 -30 
-18 178 67 
175 85 -42 
-76 -26 -117 
129 173 -81 
-32 -130 -84 
38 -129 -91 
43 -82 -68 
171 128 -186 
4 -134 5 
-74 68 136 
192 50 -55 
-145 -15 92 
80 158 -123 
-23 -21 10 
140 -1 -8 
-5 -162 23 
56 -140 59 
39 -148 -130 
-185 -198 174 
20 27 85 
101 175 -191 
6 -116 52 
6 85 -184 
11 -121 148 
61 123 195 
-56 -111 -33 
150 57 -98 
142 -191 -181 
-115 -80 -56 
75 76 19 
36 165 -154 
-58 -45 -26 
62 76 -144 
-170 116 -118 
84 9 32 
-104 -91 -176 
-161 -15 146 
157 113 5 
122 67 -16 
148 -120 -109 
136 -24 -107 
-15 -7 192 
193 -95 -129 
95 -49 -67 
139 -111 195 
-104 -130 122 
-8 29 -122 
-45 -132 -154 
-169 -156 200 
-111 -13 -6 
-125 2 -7 
-53 -190 -162 
-14 47 98 
67 -154 -166 
199 67 -158 
-199 -136 78 
-53 154 -177 
-90 -174 -25 
-133 -197 51 
158 63 11 
46 -164 196 
-79 134 -53 
154 77 -149 
-127 15 -26 
162 76 70 
-130 -7 10 
-74 -39 -180 
8 -116 -70 
120 -25 50 
19 -195 146 
-152 165 -106 
96 36 171 
38 -42 -4 
97 37 89 
-31 46 -39 
168 147 45 
-8 2 117 
128 194 -160 
-2 -94 83 
178 114 -80 
-67 58 198 
-127 119 -193 
-7 178 -69 
130 -21 190 
120 -77 -171 
2 151 -34 
120 117 49 
54 -60 -149 
-196 8 146 
-47 -169 -111 
68 9 82 
-49 13 193 
22 27 138 
-5 33 123 
111 55 164 
-103 119 93 
-171 32 164 
58 130 -11 
146 -42 132 
-119 24 31 
156 144 -119 
44 -156 -25 
-45 29 -95 
-186 -52 13 
-54 -188 139 
-89 -156 -145 
160 -101 -161 
-28 143 135 
142 -125 -151 
-109 -3 62 
-82 -147 -125 
-162 25 -87 
-20 16 64 
131 18 -172 
-185 -126 51 
46 -67 138 
-191 -5 148 
-141 -148 -21 
-89 54 47 
137 102 129 
173 -185 -98 
-22 -144 109 
-88 -158 148 
-179 22 -156 
-129 143 184 
81 28 75 
32 36 159 
-151 2 83 
14 140 -12 
-159 33 63 
165 -110 -88 
-11 -19 143 
-72 -133 -21 
165 145 78 
162 -148 40 
22 124 95 
6 116 -166 
-98 -59 90 
-10 -12 -35 
60 61 176 
-32 -173 98 
34 -158 66 
164 -28 193 
-153 195 -67 
-194 -10 144 
-79 -52 173 
58 119 -25 
87 -195 182 
31 -41 -6 
69 100 136 
-122 71 63 
99 -3 -5 
186 111 12 
-161 -173 -31 
-118 9 197 
-62 82 98 
-28 62 -186 
188 -28 -151 
21 -79 60 
-4 121 132 
-32 96 188 
-79 11 141 
-114 -108 189 
7 12 -5 
-31 -156 -13 
-95 -63 -20 
130 93 -87 
17 -51 20 
-124 -187 -130 
45 193 -96 
-160 -180 -39 
-165 -161 -193 
-198 -122 132 
-166 149 10 
-193 22 137 
-45 -141 129 
-180 -68 95 
88 -173 -43 
-28 -149 -11 
-172 40 23 
-124 1 -14 
-21 169 -121 
192 120 -106 
-28 -9 72 
84 -200 -111 
-78 76 7 
-33 -60 168 
-104 -109 150 
-50 39 -6 
-23 100 58 
-176 -124 193 
-46 100 -172 
67 174 141 
-132 -62 -161 
-58 27 -95 
36 196 -10 
179 197 95 
126 132 -76 
38 150 -6 
25 -78 63 
-72 162 171 
-104 -121 -188 
75 -199 -134 
80 138 -102 
-76 126 130 
176 -159 45 
-103 -162 -151 
-158 39 132 
-105 -60 72 
139 51 -190 
-121 171 -74 
192 38 -187 
122 164 -125 
1 21 -25 
28 -34 140 
139 103 -96 
7 58 -192 
-160 76 -132 
-142 -26 20 
-4 200 29 
105 189 171 
1 -19 -168 
128 -197 5 
-159 -116 -115 
109 17 -100 
-70 -49 -118 
53 197 -34 
-10 143 11 
115 -101 -174 
-5 195 -168 
45 -148 -94 
98 -191 -147 
196 -167 104 
146 -18 155 
20 2 84 
144 -127 -125 
136 54 -185 
30 54 149 
132 37 -9 
29 -160 136 
-16 -193 90 
-133 -129 -149 
12 14 141 
-122 151 72 
20 97 -179 
34 -105 -87 
130 -54 127 
-19 3 57 
181 -77 9 
-101 51 105 
103 147 128 
97 -129 -166 
-134 -53 146 
-17 12 -39 
-169 21 -61 
-34 -101 -69 
133 110 -59 
-71 -110 -81 
94 87 124 
15 -34 -120 
-192 -2 138 
-39 61 -11 
-74 -185 -59 
-102 -43 -158 
61 185 9 
108 112 -152 
-130 93 -52 
68 -114 30 
-27 26 -89 
66 -188 48 
-156 11 98 
155 1 47 
151 -34 -16 
-145 -157 -93 
-43 -98 149 
-6 -88 -183 
69 49 -7 
-191 59 102 
44 61 -173 
192 -36 52 
111 53 23 
82 -111 160 
56 -147 122 
135 -54 3 
-36 -12 -87 
131 34 -198 
-127 159 -124 
-4 -149 -76 
137 -19 184 
140 129 19 
108 -15 -13 
-41 -32 -185 
-34 -56 20 
-16 -9 195 
-72 60 54 
46 -138 52 
-165 -92 54 
85 -148 15 
-138 -178 -6 
-34 -90 196 
56 45 -34 
-167 148 -7 
124 91 7 
-170 -115 -54 
79 -19 151 
-153 193 199 
-142 63 31 
-10 162 -15 
-102 -104 -120 
-159 -114 -156 
-87 -65 -104 
-1 53 77 
-132 152 -42 
80 -181 -35 
153 23 22 
-121 -103 -128 
42 -140 5 
2 -67 181 
53 114 80 
-56 -184 -117 
167 8 90 
-74 169 189 
98 186 47 
177 -149 30 
62 59 26 
144 162 85 
-152 132 -11 
117 -183 -111 
195 -72 99 
-180 -50 -11 
-12 -19 -125 
155 -126 197 
52 -186 180 
-102 175 19 
174 20 17 
6 119 -3 
4 167 -150 
-89 -155 -34 
60 -128 -58 
-199 -53 -102 
-79 -184 -48 
-10 -8 -172 
105 84 151 
147 131 -197 
4 -183 -28 
-131 42 106 
-100 136 -66 
144 168 -142 
113 -17 24 
198 135 170 
95 6 -9 
-97 34 -43 
-116 88 108 
5 118 -126 
-144 -141 -33 
-154 -198 -26 
43 -37 65 
86 180 -196 
-18 198 -102 
62 -160 -147 
162 -190 113 
-18 -61 1 
153 -183 166 
-142 -28 121 
49 66 27 
81 -74 175 
6 -152 -40 
46 97 111 
40 22 157 
-97 -163 154 
179 -142 92 
182 -45 -2 
-111 -29 -70 
-49 81 -79 
39 141 -193 
-168 186 113 
-195 168 -83 
-13 -18 61 
173 11 -48 
-130 -107 -41 
-126 53 -116 
40 189 107 
166 152 -171 
161 180 165 
-56 -143 138 
-30 154 -60 
-58 -25 184 
32 -21 115 
-111 -192 -87 
13 -58 53 
-6 -169 -71 
6 128 56 
-123 -130 -34 
13 79 -56 
-88 -19 106 
48 13 1 
-109 58 -159 
181 -147 29 
-105 5 -57 
-131 162 -39 
25 189 143 
-138 94 -151 
125 -51 94 
190 -6 74 
128 -139 -29 
-185 157 -76 
145 139 -131 
-74 22 -101 
-124 -127 -121 
-129 -181 89 
134 51 24 
-29 -147 -190 
188 27 -190 
45 171 18 
-185 -3 -8 
-32 95 -145 
104 -165 -2 
3 68 -102 
-66 59 -114 
-121 -184 -106 
22 35 43 
179 74 -140 
-99 122 8 
-92 -46 -131 
149 -99 63 
-3 128 43 
50 -15 -191 
-120 156 194 
29 68 180 
173 67 126 
161 -151 -199 
-91 -113 -70 
-153 32 16 
23 190 -20 
27 183 51 
-115 142 -181 
-79 128 -166 
-5 -185 163 
-186 -164 125 
96 -171 19 
-14 -131 137 
-42 -69 -161 
-35 -16 -143 
123 -168 176 
96 129 -142 
-166 125 199 
-142 -26 10 
-10 -98 168 
79 -190 117 
-110 25 35 
77 -52 -51 
-152 145 -110 
152 26 -4 
162 43 -146 
55 -58 -164 
-145 181 -191 
-89 173 -17 
-182 -9 -36 
161 -103 -21 
187 -77 -138 
148 -30 -36 
-190 126 136 
-73 -37 -111 
-29 21 -55 
178 -99 -78 
72 22 145 
71 -169 11 
-53 -75 -76 
23 67 65 
-172 21 -92 
43 -29 -193 
-42 -39 -72 
-6 55 34 
-119 -173 -79 
159 136 3 
79 -6 10 
81 -187 -168 
181 6 -33 
-42 -75 73 
-4 -29 91 
-193 172 -100 
-53 100 -166 
97 -71 -125 
-131 169 -153 
144 -25 -111 
-180 175 163 
-193 28 172 
45 39 11 
-130 -32 109 
53 -198 24 
23 179 97 
39 31 -64 
-179 -120 -108 
-120 119 -28 
-9 -177 107 
-3 -114 -166 
-101 30 145 
170 -99 194 
-78 184 -132 
-177 49 -132 
187 -119 75 
16 96 -113 
-107 -152 52 
177 -186 -69 
-139 -44 188 
-2 -106 -185 
22 -116 45 
77 108 28 
130 137 10 
171 -124 -164 
-53 -197 6 
23 -76 -175 
-2 75 -190 
-157 196 7 
182 -103 -125 
104 -128 48 
71 74 1 
-44 117 154 
-27 -75 -83 
121 94 132 
-9 -66 46 
127 1 -36 
191 -16 -86 
-180 -181 -183 
187 191 156 
64 -60 -131 
-66 -93 2 
66 139 -108 
136 172 -3 
58 -174 -165 
21 123 -197 
-198 56 -128 
113 -104 -24 
194 -181 -61 
-136 18 71 
-142 8 14 
64 -125 49 
-58 182 -80 
-133 -162 -153 
-61 136 -87 
-18 -171 -58 
-176 -9 -71 
-112 1 47 
-81 -3 132 
-19 -59 -163 
7 3 62 
-127 171 -175 
-194 -29 -32 
14 -190 -53 
76 -104 136 
-149 15 -81 
-132 -55 -99 
64 77 -4 
