11 -173 179 
30 -18 26 
184 -22 -89 
93 -29 -147 
191 -155 -121 
15 93 -162 
-66 153 5 
173 112 158 
146 -112 -110 
-87 -29 -156 
8 -42 -150 
-145 80 26 
158 49 -12 
-72 116 84 
-30 -157 -149 
-196 -165 -110 
-158 43 -85 
144 -75 42 
-16 32 -169 
-144 -36 -17 
188 -97 143 
-132 -84 -2 
8 151 148 
-58 35 185 
44 117 85 
-50 100 -30 
68 -133 94 
188 -2 -5 
151 -98 192 
-131 117 -104 
55 -39 95 
67 151 156 
35 85 90 
26 -7 -51 
-88 -156 -81 
-20 126 31 
-65 -88 23 
-193 42 74 
-48 -98 49 
-32 108 -64 
146 -84 129 
-85 -178 -12 
-196 -12 -134 
-158 -39 5 
186 93 176 
-18 -42 -23 
96 -134 23 
98 28 6 
55 69 184 
43 -158 20 
17 76 -68 
-114 159 -189 
47 81 -186 
-79 78 -63 
131 -19 75 
61 -115 -132 
50 -36 21 
-17 -21 -19 
133 -28 -18 
54 45 48 
-93 -184 -152 
-88 14 -96 
-3 20 139 
-24 -30 176 
-194 142 145 
98 19 200 
12 -89 -129 
63 125 -188 
163 -150 -55 
-119 31 -52 
-108 40 124 
190 -58 127 
-62 -75 95 
-93 147 107 
53 -23 -14 
-167 63 -69 
-99 -11 -31 
-136 -49 45 
83 126 -40 
-135 65 173 
-111 116 -104 
-175 -80 -90 
-149 -77 153 
-81 -6 -188 
-18 32 -16 
41 -133 37 
123 -156 104 
27 34 4 
106 6 -165 
168 -173 -144 
-103 -146 -4 
-7 140 -24 
1 -81 200 
-118 14 34 
111 27 -8 
-53 -110 -107 
-158 -65 -2 
150 102 -130 
170 47 -43 
2 -81 120 
143 79 -92 
-51 43 117 
-102 -116 -165 
27 152 -141 
-59 120 81 
153 85 124 
23 19 9 
1 96 48 
-106 14 -131 
108 -12 53 
24 -182 -164 
4 -54 110 
-103 -163 106 
-78 127 -144 
144 -105 -191 
-180 -136 105 
82 5 -71 
-148 106 190 
10 -68 -100 
-42 129 -120 
13 -87 105 
-169 -7 -193 
-2 63 70 
9 -71 151 
132 186 12 
194 -9 42 
-5 107 52 
-115 -113 -30 
68 -189 37 
-143 46 -166 
44 81 -145 
-130 16 -125 
104 -38 -147 
-71 -129 -23 
44 -16 101 
-52 -131 181 
16 74 -166 
8 -76 55 
14 66 -130 
-186 157 44 
-134 -29 -35 
39 -21 11 
-77 136 20 
-8 186 2 
150 176 25 
-15 88 -159 
74 -31 -163 
-125 71 1 
-31 -129 -180 
-113 -126 75 
-147 94 -135 
108 26 -87 
144 78 40 
85 30 115 
-1 -17 -22 
-4 166 -180 
145 161 -158 
141 -50 -186 
95 -9 -102 
165 79 187 
118 -38 142 
19 -8 -23 
45 -68 -167 
-43 128 -31 
140 -179 -9 
12 84 38 
-157 -134 -192 
-144 -145 -111 
64 -62 102 
-115 77 -33 
-197 112 -120 
-58 6 84 
-14 -157 -35 
-79 -175 -142 
151 -131 57 
-196 -74 132 
65 63 12 
-64 166 5 
163 -17 -165 
178 21 -27 
-111 -19 82 
-35 -151 90 
-60 -67 -65 
156 -115 34 
-37 35 69 
-132 -102 -17 
199 -72 -193 
-191 101 -185 
-9 25 -116 
60 107 -179 
51 1 144 
168 87 -77 
138 44 13 
111 -31 -20 
157 -181 98 
-164 -110 -96 
90 91 -47 
-23 -32 61 
12 -169 70 
112 96 26 
81 -61 125 
48 -180 -150 
-45 -119 138 
-72 -59 -96 
175 106 48 
-116 50 114 
-142 57 15 
-174 -16 -2 
-166 -161 21 
127 -108 53 
45 12 -30 
-36 -91 83 
-92 140 -104 
-77 51 -57 
-11 1 -89 
-93 -100 -51 
-26 -138 -129 
-105 28 188 
-116 -107 -173 
-5 -140 7 
-5 36 90 
85 88 -35 
85 -29 -1 
15 96 185 
-27 -140 -61 
-44 179 -15 
-105 83 133 
53 -7 -56 
32 -108 77 
-185 8 49 
39 -64 -112 
160 67 -28 
-120 46 -192 
61 141 -128 
180 -35 140 
-12 -37 121 
-113 66 17 
-126 -123 23 
-154 129 -33 
-131 -5 172 
191 -18 15 
77 -196 -192 
-160 38 7 
62 4 91 
115 168 -62 
119 -124 -120 
-145 112 -167 
-8 52 -169 
-4 50 193 
-85 9 -47 
-169 -36 116 
-80 195 -150 
28 -132 59 
-200 -15 -38 
134 -39 -111 
5 144 -38 
31 -81 -119 
-131 -65 -116 
-25 147 72 
-89 88 87 
-104 36 -20 
89 75 -40 
140 -6 107 
180 -38 36 
159 -151 27 
-123 -166 -10 
-84 188 -151 
-78 89 117 
93 -56 -116 
-145 197 93 
66 27 54 
-18 130 -149 
-117 -49 169 
107 109 91 
122 -87 155 
-167 -36 22 
17 92 -174 
63 98 -43 
15 6 -78 
-124 1 -11 
69 -147 46 
84 -39 93 
32 5 177 
77 46 140 
18 -105 -128 
-17 92 179 
-187 -124 -92 
-8 -134 44 
-187 -80 19 
-64 96 47 
-72 -76 -17 
-20 122 -94 
130 142 112 
197 -19 -16 
-102 -101 -37 
-78 86 111 
-150 -103 -79 
2 5 172 
27 138 155 
-19 -10 36 
-187 32 178 
62 165 101 
-36 3 -132 
61 -154 -51 
127 181 20 
-71 80 170 
42 -148 -57 
145 59 47 
-151 163 17 
-8 30 10 
29 193 22 
29 -21 -18 
-138 -7 102 
-146 11 -23 
169 135 127 
66 -43 -26 
-56 -45 -19 
-37 -178 32 
-27 -198 67 
-74 -83 -48 
-184 30 143 
147 4 -184 
98 37 148 
-57 -168 -122 
74 23 138 
117 8 116 
-76 -98 -133 
-152 134 -170 
151 -5 -170 
-122 88 -173 
42 57 -74 
163 97 -18 
40 -79 166 
-55 -149 165 
185 161 -144 
-174 98 -105 
15 96 200 
-180 199 62 
8 -160 -27 
125 132 -14 
-77 181 -53 
103 91 -87 
-64 -9 95 
150 -179 -39 
1 -46 -5 
14 163 86 
-77 146 105 
-163 -199 -121 
107 87 -78 
-150 -9 31 
63 189 51 
-73 -67 108 
7 125 -127 
158 111 152 
-11 -72 100 
-188 64 -74 
30 -135 -41 
56 -123 -98 
-199 -30 -10 
-74 157 191 
-1 -7 -150 
-3 13 -145 
197 67 -38 
151 -155 73 
-121 5 -91 
-65 50 186 
83 177 -129 
-170 -194 80 
-1 21 141 
-167 146 92 
-178 -136 -123 
-29 -27 -65 
-118 68 -102 
136 -13 -115 
168 65 27 
-163 -153 78 
-171 129 -64 
-24 -113 15 
14 151 -196 
-43 35 99 
46 62 129 
27 -21 183 
-198 -84 125 
61 1 -109 
-16 124 183 
-60 -19 113 
35 78 -30 
33 40 149 
154 -170 -100 
147 -56 -156 
-73 60 -79 
-120 63 -15 
40 143 -47 
-174 11 81 
-12 -199 -192 
124 -66 25 
73 -19 35 
11 -123 -150 
29 -78 -128 
-113 -98 -83 
2 -156 -146 
130 -76 -131 
-187 -73 23 
-9 -196 92 
145 -192 50 
141 -23 -146 
169 155 150 
123 -20 -103 
-137 45 -96 
-31 -118 -124 
8 -136 176 
175 -118 -72 
-94 13 199 
-200 155 8 
92 155 89 
-25 -27 34 
-123 -117 125 
28 -23 130 
-61 108 141 
1 144 66 
110 27 5 
-80 114 47 
112 43 33 
-103 -2 -30 
46 -118 156 
21 83 68 
192 100 -174 
124 -131 -9 
-51 180 153 
175 60 54 
161 195 42 
-143 -68 -101 
-126 190 39 
112 -85 14 
24 -160 -174 
168 -74 -109 
-126 -187 -61 
197 191 10 
-16 19 152 
-174 4 -27 
90 4 157 
-119 197 -121 
80 63 122 
174 -173 -70 
139 -108 -77 
-182 30 82 
-79 -27 -145 
-162 43 182 
81 69 64 
9 -164 26 
-37 179 -180 
28 -147 -123 
4 164 -37 
-53 90 -191 
-89 111 -34 
-53 168 -187 
127 -49 -43 
63 -173 -61 
21 -29 57 
-148 5 -107 
-176 155 38 
79 15 -98 
84 -165 21 
-124 -2 -49 
61 -24 -93 
81 -175 -71 
69 -192 74 
112 -104 -171 
82 -94 153 
-187 53 -71 
-193 12 -167 
41 -104 -24 
-63 -7 164 
-23 121 -25 
-147 -155 120 
183 17 145 
-19 -36 160 
103 -148 -52 
-135 167 -109 
190 5 -75 
103 57 -26 
51 -97 164 
-187 -97 -96 
-88 -84 82 
-140 2 4 
3 32 98 
-76 -58 -141 
63 -132 127 
-97 -179 -126 
103 -82 76 
-127 185 -71 
28 20 -76 
-176 -55 82 
81 -70 -168 
93 -145 31 
-2 129 -124 
-144 -193 -43 
193 -74 -152 
-130 -178 -156 
-95 -133 169 
-54 53 44 
72 63 28 
-20 -8 185 
-72 -32 -102 
-176 56 -48 
-1 145 -35 
56 115 152 
23 -7 -17 
183 -2 -45 
15 127 -93 
195 22 -143 
-93 114 -51 
-178 52 142 
30 10 64 
-63 -199 182 
-90 -66 69 
-8 124 22 
8 -98 143 
174 37 -38 
6 -137 61 
-79 153 46 
102 40 2 
74 126 56 
-135 -115 -109 
-98 120 -137 
-76 77 -152 
122 -80 163 
22 -19 134 
-16 -158 -31 
-29 -142 104 
43 -68 -157 
-17 141 37 
46 145 143 
-28 21 79 
26 -120 -87 
-181 69 -49 
54 75 -99 
-55 -14 11 
-15 -97 126 
-115 -194 78 
151 169 194 
-171 180 58 
-16 123 184 
20 48 -39 
101 -104 171 
-33 -163 1 
154 187 -52 
175 -127 -197 
64 85 9 
177 45 62 
181 44 -155 
-195 -97 -89 
-132 88 187 
121 17 108 
-32 28 -104 
-139 9 27 
-191 3 -175 
181 105 -97 
-160 53 66 
24 12 158 
32 19 142 
41 187 -172 
160 105 20 
-180 -97 -13 
-130 -156 159 
30 186 4 
-100 -116 -167 
103 -169 163 
-85 61 65 
70 137 52 
150 -160 -93 
23 122 171 
-85 31 -49 
52 -81 -139 
-77 163 182 
-48 -56 -138 
-17 11 123 
-165 -140 -136 
-137 134 -80 
6 -40 4 
-54 97 -132 
-4 -45 -100 
-60 -129 -17 
110 111 -138 
-145 -93 72 
24 -94 -193 
-194 21 -176 
127 170 -134 
100 -62 30 
171 -34 -183 
18 20 21 
103 171 179 
26 18 161 
92 188 -177 
-75 -188 -5 
-133 -44 61 
126 -3 66 
48 139 56 
-133 -117 -4 
19 -3 21 
135 -198 -17 
-53 -140 -116 
-64 -196 -4 
53 -120 -194 
-166 -57 82 
-46 109 -5 
37 126 42 
-21 189 -3 
127 -180 76 
9 195 183 
-186 -38 81 
89 23 -155 
7 -49 183 
154 109 25 
104 18 74 
162 -112 -120 
-3 10 84 
179 -111 176 
-79 135 125 
-47 136 -56 
101 -10 -93 
-185 41 -168 
180 -55 -42 
18 10 -126 
102 113 -178 
-46 184 -145 
142 9 103 
36 140 144 
-37 11 120 
59 -82 180 
-87 77 190 
3 -114 -165 
170 155 -197 
-128 -178 -97 
-28 -140 -124 
-65 9 -148 
96 52 -12 
57 -88 131 
-104 12 156 
-114 119 197 
87 98 136 
-13 136 -7 
92 -138 23 
-154 -4 -114 
165 -189 56 
-23 -62 3 
-94 -33 28 
18 11 102 
41 61 68 
30 119 -65 
-82 -125 26 
-133 30 -64 
69 71 32 
-111 -182 11 
115 -19 8 
-188 135 -15 
66 -68 146 
85 -9 123 
195 101 29 
28 -187 -95 
-103 73 -22 
145 -129 127 
171 -43 57 
-71 -57 30 
49 99 -50 
-194 -95 -60 
5 155 -7 
119 -179 -75 
167 45 134 
17 47 -120 
-55 -177 -136 
5 24 142 
147 -70 -159 
25 -91 28 
101 -79 80 
190 -181 27 
7 184 -146 
4 -116 133 
-117 151 -111 
-167 62 123 
-131 -65 -9 
-127 -137 -122 
-148 73 -114 
82 -42 -96 
20 7 103 
163 -15 -94 
-116 -158 -65 
-170 122 21 
-116 111 -200 
-117 2 -173 
-26 -10 -155 
-98 66 38 
124 -61 -73 
188 48 60 
46 -129 39 
-104 -70 109 
111 -90 115 
151 -190 9 
-70 -76 -114 
-150 -90 -52 
2 25 24 
-52 152 108 
-144 -165 65 
-12 -170 15 
-9 -153 145 
-113 75 -174 
-133 -71 32 
-85 53 -114 
116 135 170 
-174 47 -163 
-87 34 -20 
57 91 89 
159 -137 -14 
36 -9 98 
-4 179 -6 
-72 -83 160 
-82 2 -43 
-117 63 102 
-6 -25 -1 
160 82 30 
-43 185 108 
-187 -85 -80 
200 13 -47 
132 -80 165 
127 44 30 
-145 140 132 
109 46 184 
87 160 55 
-5 -10 -95 
105 -117 -80 
-42 -141 91 
190 189 -69 
132 -10 -195 
142 -123 24 
61 -70 -161 
154 -37 129 
174 58 129 
37 -7 -124 
-90 48 -10 
130 -170 -51 
66 -176 -86 
5 15 27 
-185 83 48 
-139 120 -33 
57 -102 -1 
-2 -73 21 
133 153 199 
-30 -107 -16 
104 -57 81 
-1 -36 10 
2 137 -26 
183 -40 1 
159 -190 151 
18 -3 178 
168 -99 -120 
170 -71 -62 
-24 -68 -92 
76 128 -147 
-30 -96 54 
183 -106 189 
-8 -133 -134 
-3 163 105 
6 -161 29 
47 -8 105 
-8 119 123 
-73 -48 -74 
47 -57 -27 
125 30 -50 
31 193 133 
56 2 126 
-4 -15 55 
-152 74 -182 
129 -143 198 
-83 105 -77 
123 107 103 
-62 -115 -187 
31 -54 -90 
39 -61 51 
-155 -71 -63 
-152 -175 -136 
190 168 -67 
76 -190 -124 
43 -37 27 
-92 -96 164 
-86 171 151 
82 40 -174 
-133 109 2 
143 -51 53 
64 60 95 
-55 43 -145 
-22 18 -147 
-40 -167 4 
-15 -161 23 
-60 111 16 
163 35 24 
-185 -41 56 
37 -166 20 
-176 -148 -138 
183 -84 184 
183 -159 -164 
-9 -172 37 
103 -43 -116 
22 -171 152 
102 -73 -22 
-50 -81 -98 
109 181 119 
94 -83 51 
-99 38 74 
43 1 -84 
-80 -153 34 
52 90 120 
-57 147 -2 
-83 35 -132 
-69 174 108 
52 -194 -165 
-39 161 -18 
-26 72 -188 
-167 -104 120 
65 120 116 
7 164 -37 
24 -114 69 
-78 197 -111 
29 -44 -59 
41 -123 -65 
12 -85 57 
-121 -6 67 
-118 -81 -91 
-54 74 33 
-186 -105 95 
-127 -37 2 
124 -165 193 
33 139 -153 
-73 -19 81 
96 148 -195 
-10 179 16 
-76 46 -167 
60 111 -9 
-84 -73 93 
174 109 -98 
-26 54 -90 
98 100 22 
87 -41 -180 
-140 -79 -53 
-149 39 -70 
33 -162 190 
161 5 -178 
-83 -114 153 
155 111 -181 
-13 26 -6 
82 61 120 
58 -10 188 
-181 -177 122 
110 -157 111 
-154 -160 -97 
