-139 -166 185 
34 71 -10 
40 -71 23 
-16 196 79 
-31 -3 -48 
-10 -134 -115 
-35 47 19 
14 -23 43 
-116 160 -58 
-33 103 -111 
-180 -9 -160 
97 -143 28 
-3 68 162 
-10 48 -104 
127 180 102 
-177 6 7 
132 81 -34 
70 47 108 
-24 -145 51 
-84 -113 -81 
130 -165 58 
91 110 -183 
-176 186 22 
-31 198 -19 
-194 3 122 
32 -9 13 
-178 -69 13 
-161 -79 -50 
-17 -189 -56 
125 -47 -64 
-152 -62 -53 
79 134 -81 
161 138 191 
166 84 88 
-173 164 149 
50 87 91 
-181 47 -101 
-200 7 -46 
-134 75 164 
100 -8 -168 
-122 -163 -190 
84 -58 -132 
98 -200 -43 
-48 -166 132 
-27 113 -120 
136 162 4 
53 -52 -23 
10 -178 -174 
-34 155 -53 
-51 -11 74 
-133 -194 -200 
-103 61 -71 
-39 50 132 
97 -71 192 
6 36 51 
167 -189 -72 
-80 -195 -63 
37 -98 -151 
115 168 -165 
-29 76 107 
49 -115 152 
128 197 131 
123 45 28 
104 -9 -73 
15 -134 10 
155 19 39 
-114 -78 63 
20 118 -43 
198 18 -141 
-2 -4 -46 
105 97 80 
162 150 -30 
-76 -7 1 
45 196 197 
-106 135 102 
6 154 79 
-3 8 -179 
140 13 -73 
41 195 -91 
-19 -118 -88 
-147 -126 177 
-98 146 -177 
171 7 -41 
188 -175 -18 
22 12 -7 
137 -101 5 
-140 96 -59 
87 173 -142 
12 -99 7 
1 98 -159 
-119 -5 69 
12 182 -174 
-32 148 -69 
-51 -26 119 
-71 93 42 
177 44 144 
101 141 -53 
-132 95 -145 
-78 -179 4 
-133 181 18 
-110 -81 132 
100 -20 129 
-22 79 -24 
5 -60 -14 
-84 -89 -125 
-12 103 47 
-28 -53 167 
143 -24 81 
49 -65 77 
26 -176 47 
164 -157 -59 
-68 90 21 
-52 27 -125 
-12 50 -88 
-54 136 -38 
-93 92 -173 
-49 16 -153 
156 170 75 
-10 -129 16 
55 75 187 
-191 -115 -22 
-111 -117 -166 
-124 -154 144 
-120 11 -77 
-139 27 135 
143 71 -47 
3 77 24 
23 -114 -15 
-87 -88 96 
18 -135 89 
-35 68 -171 
-3 -36 84 
-97 -175 58 
-24 89 -144 
122 34 40 
11 151 172 
70 20 -180 
1 -65 83 
-127 -25 172 
-95 -79 -151 
6 195 32 
38 84 195 
-79 21 125 
-186 91 12 
-57 95 3 
-22 182 -196 
38 170 -194 
37 -19 -97 
127 -82 159 
23 -126 78 
-136 59 -81 
144 64 -29 
128 -189 19 
13 -129 23 
29 -163 -160 
17 -197 -16 
111 56 -151 
-46 111 -25 
95 92 -132 
-166 134 38 
-63 -18 -12 
-123 118 3 
-49 1 9 
-165 68 -169 
154 59 92 
46 -27 180 
74 -27 99 
110 5 -192 
62 56 -159 
11 -3 80 
-84 58 50 
60 -132 -106 
-92 -53 -157 
106 102 101 
189 93 -148 
43 108 -186 
159 -133 152 
-32 -58 -4 
-41 -180 178 
6 59 108 
151 13 -26 
59 -135 -33 
121 92 111 
-168 -145 118 
-89 -91 77 
-169 -17 -113 
-3 -38 -74 
9 85 40 
171 106 23 
94 -24 105 
30 -87 152 
130 -142 134 
-68 48 -33 
-108 67 96 
21 139 29 
-185 48 -174 
-122 82 -59 
-33 -136 -102 
94 113 -168 
113 91 -68 
71 3 -14 
-86 102 174 
57 -173 4 
100 48 53 
135 8 17 
83 141 192 
-180 -51 134 
93 -53 199 
86 -128 -89 
-70 28 142 
14 -30 -95 
-7 81 -52 
-17 48 111 
125 -138 106 
26 -74 -14 
2 143 94 
47 104 -13 
6 -68 43 
149 -161 115 
68 -162 -108 
-130 -27 -152 
-168 -155 33 
48 -77 158 
-105 -184 -115 
182 -165 -149 
-179 44 -191 
184 -140 -9 
-49 -98 131 
-178 135 38 
-174 128 51 
19 135 -53 
66 62 147 
116 101 181 
-21 -178 -110 
130 46 55 
-5 107 -11 
-142 113 27 
199 94 -65 
-20 -58 60 
-85 32 11 
-156 189 -90 
105 -109 -16 
45 -192 25 
11 -92 -121 
64 86 -59 
184 -61 -188 
-76 135 146 
194 -14 -198 
115 63 -110 
44 41 -50 
-197 95 195 
-120 105 -156 
-78 -99 -37 
141 -133 151 
38 14 147 
-97 183 148 
115 -21 -112 
-198 17 -182 
-100 -29 3 
97 -117 -107 
117 187 -123 
-3 176 82 
-139 16 143 
123 191 -17 
-114 -73 -34 
-54 193 156 
155 50 -166 
188 -97 133 
12 140 62 
-173 15 -119 
-102 8 107 
132 -85 81 
-130 -5 -68 
89 146 -175 
-11 -28 -102 
20 -130 -197 
-28 94 -15 
3 -70 -100 
-70 59 151 
-79 62 96 
64 2 199 
164 69 -58 
148 194 -152 
-13 -69 -171 
84 31 -199 
-38 -142 164 
23 169 139 
-88 -38 -77 
-28 -193 -14 
14 -82 -41 
-150 -199 -191 
121 -2 153 
-10 -30 -29 
-116 167 -171 
41 6 -109 
-51 -40 173 
103 123 7 
-4 56 -46 
-175 -196 -18 
-138 -1 -112 
-33 46 74 
143 103 -2 
179 56 33 
-197 116 -179 
27 15 53 
-42 -10 21 
157 148 132 
6 117 -156 
-179 79 66 
38 -127 -34 
22 -119 120 
107 31 132 
-48 -183 113 
191 128 -67 
92 17 -69 
-63 22 128 
45 -40 -29 
101 9 172 
20 136 55 
19 18 -180 
157 -167 -119 
72 125 28 
-65 12 71 
-188 140 -131 
45 130 85 
21 -101 -104 
-112 -141 126 
-11 -66 -59 
-117 -69 -103 
-3 99 172 
69 -194 173 
145 -18 -17 
-88 98 106 
21 -27 19 
50 -180 85 
166 -30 -74 
142 -128 -173 
-173 132 -185 
-36 187 112 
-15 -13 40 
-192 -83 66 
-94 -51 130 
160 47 -29 
-136 -130 -178 
7 10 -133 
82 7 45 
110 133 144 
-137 80 72 
6 59 -133 
2 69 18 
-1 -189 -167 
3 -9 78 
31 54 125 
-180 -78 -27 
-166 -20 29 
32 99 180 
-98 -193 -27 
-48 -102 -26 
190 -110 -152 
66 -184 48 
-83 16 192 
-78 -82 -4 
148 49 -39 
45 -84 7 
-97 -117 -113 
-32 180 62 
139 176 187 
59 143 51 
-169 74 -186 
-38 61 2 
-159 -127 137 
-117 -30 -91 
-35 -12 122 
-21 5 26 
23 -3 194 
-91 67 -120 
-171 -169 -2 
78 -113 173 
36 -96 -64 
-49 11 184 
-136 -123 101 
-11 66 -36 
-9 19 -84 
-160 -38 -24 
-56 149 -184 
149 185 136 
20 -6 126 
-99 -190 21 
-3 -141 -96 
-82 44 89 
-3 133 17 
9 -50 -196 
-9 104 8 
84 -159 33 
-24 -148 -179 
-78 117 92 
-22 -186 4 
-151 -131 -172 
141 -18 31 
79 -174 125 
1 -104 -103 
-155 162 -187 
-156 -55 -120 
77 127 -4 
-170 -80 144 
-129 -171 145 
27 97 3 
-33 -45 163 
140 80 -7 
25 184 -118 
62 -150 -41 
119 -132 66 
-1 89 170 
90 148 57 
-80 -174 -20 
-22 -99 -60 
89 70 -141 
1 -193 61 
200 13 50 
164 94 -88 
39 148 -114 
103 169 178 
-70 18 -160 
-110 104 -51 
87 -76 -111 
-175 -35 -21 
31 9 43 
-7 6 45 
-10 129 -65 
14 111 166 
-36 189 181 
65 14 -142 
70 -114 -135 
100 -55 112 
-130 111 -91 
-142 -136 -116 
147 48 15 
38 -197 135 
-49 -131 -14 
-120 -47 39 
-182 -137 44 
2 -81 135 
87 -123 -173 
119 -158 -64 
-46 75 -168 
-155 169 27 
136 -13 16 
166 7 129 
148 10 52 
-147 -68 160 
-45 61 -53 
87 80 83 
56 25 191 
-77 98 170 
10 -165 124 
-64 -9 126 
141 -188 68 
-147 -31 23 
60 131 3 
-171 24 83 
186 50 -129 
95 -172 -12 
164 103 82 
104 -51 71 
29 163 64 
109 14 36 
72 161 117 
-6 190 175 
-49 -3 192 
-69 -157 -70 
-69 -168 151 
86 196 194 
16 195 -99 
139 152 147 
-29 -48 195 
-55 25 23 
115 102 -38 
-80 143 -119 
34 36 -49 
71 6 159 
185 -94 14 
-158 -47 -164 
-82 190 -11 
82 -103 3 
-182 -57 115 
-125 186 144 
-99 63 -67 
-141 -39 -134 
102 124 -70 
-188 -56 85 
-161 -63 -10 
164 1 -65 
-64 -58 149 
76 181 134 
23 -172 101 
-151 -20 -2 
-73 -53 156 
40 182 23 
120 160 -188 
-71 142 -85 
-186 -45 35 
-35 30 116 
-46 -19 15 
82 -104 -196 
-105 84 -51 
-189 102 155 
-52 -121 139 
98 -7 -39 
24 165 -37 
116 107 -12 
58 11 -17 
25 -26 -36 
-26 -132 -32 
-76 102 -27 
-171 165 -3 
-6 -150 -147 
183 -142 194 
-184 5 -57 
98 -134 -75 
169 147 -137 
-74 32 -53 
124 82 -79 
135 67 25 
73 -181 131 
-5 -74 -89 
-15 -141 -161 
123 -21 -88 
10 155 -54 
56 46 142 
89 -173 -4 
83 -167 72 
132 -43 33 
-65 -75 70 
14 19 -112 
-61 87 191 
154 8 200 
34 158 -8 
-135 -172 -89 
107 82 -176 
2 7 -27 
53 -158 -85 
67 -126 -12 
-152 -16 -38 
19 54 -146 
7 88 -32 
94 -56 -74 
34 131 63 
-23 197 66 
-50 55 -196 
-195 -135 199 
-123 -117 102 
35 198 -189 
62 51 -14 
-58 93 43 
-106 -188 -80 
-121 -193 -38 
59 -14 60 
128 19 -46 
166 135 187 
90 138 -65 
-133 -37 -55 
-166 84 -92 
29 78 44 
-156 -148 -58 
4 -85 -165 
-18 183 178 
-49 -96 33 
171 -100 131 
75 -4 -157 
22 56 59 
-12 52 159 
81 -100 39 
176 -164 35 
58 53 110 
-101 -21 104 
55 -46 3 
89 73 -84 
34 51 64 
88 160 -51 
-75 -188 -43 
-110 -60 -70 
-182 -75 -167 
14 10 -164 
193 -130 -53 
14 -119 -23 
-184 -93 -115 
-185 -195 -148 
-72 -16 -103 
-151 -92 153 
-74 51 -55 
-50 143 -86 
-98 107 27 
-8 -140 101 
-82 188 106 
159 124 -22 
-57 103 -86 
-116 -194 -122 
101 -31 28 
-174 -99 78 
158 -13 85 
176 -34 -153 
103 -175 -11 
-134 183 -170 
23 -137 -178 
-118 3 40 
-13 -129 -157 
-66 -120 -107 
-81 -166 -132 
-96 171 15 
-155 76 -156 
-116 185 15 
-26 121 -129 
-133 -176 150 
-40 -113 158 
105 49 -130 
179 -137 -10 
-60 -73 -61 
126 -115 -169 
-113 16 178 
-94 -114 -106 
140 -156 -57 
-147 -120 -123 
-125 97 25 
74 199 152 
182 194 14 
161 -87 -135 
40 74 50 
23 -17 -188 
-39 36 4 
-62 -58 -67 
-107 159 23 
-148 34 -140 
-94 -29 75 
-4 145 -41 
-195 121 -146 
164 -143 171 
-22 185 -29 
5 68 77 
-13 -152 -17 
-118 54 -107 
-1 28 32 
-193 -72 -163 
183 157 155 
6 -173 164 
-141 -90 4 
120 -25 24 
-41 -86 -102 
-114 14 -2 
-185 -39 -188 
-13 109 -6 
119 134 18 
49 -18 166 
124 37 38 
129 49 -151 
-118 -122 -115 
11 51 129 
-147 -144 -121 
6 152 133 
-64 -72 -158 
168 -128 182 
62 -197 -156 
-10 9 -106 
-106 31 -52 
176 -142 -187 
-57 52 199 
93 -84 -11 
-112 -150 -172 
-148 -112 -150 
-192 -189 190 
91 -192 1 
42 26 -24 
136 -85 -140 
199 61 29 
116 81 -187 
-95 20 117 
-49 195 -23 
-184 -151 136 
-17 12 -52 
-170 157 171 
-37 -154 -128 
39 -31 -117 
-129 27 145 
-157 -29 172 
169 135 196 
15 -22 92 
-160 141 109 
-88 93 -94 
167 -162 -175 
-9 -157 7 
-86 -110 33 
-12 108 34 
-27 -101 -110 
111 -36 165 
-77 6 -1 
-141 -152 22 
56 118 90 
-107 -136 -146 
-179 -19 -31 
107 -181 -27 
-113 -2 71 
194 183 14 
-104 151 63 
197 -172 -175 
132 24 45 
-140 -136 17 
66 -122 153 
194 -132 -39 
-13 -85 82 
-148 -41 125 
79 -48 -134 
3 -46 184 
81 86 -3 
-54 181 160 
-143 -12 -5 
32 -90 161 
-105 -184 143 
-107 -179 181 
-139 187 70 
150 -8 158 
-59 44 -21 
-183 -73 -134 
50 -155 196 
-110 -178 1 
52 53 70 
110 -14 135 
-87 169 131 
-153 192 144 
-155 79 40 
173 41 125 
174 171 -135 
-45 153 -43 
26 -18 -39 
-20 149 -98 
19 -2 39 
-163 103 34 
154 -71 15 
135 79 176 
-64 -120 117 
-67 164 77 
-145 133 -42 
-90 -105 65 
167 -83 -156 
-176 -170 -190 
-67 -119 -118 
-200 53 40 
-101 -175 179 
157 189 65 
91 3 5 
-51 111 -39 
193 19 -70 
-21 -170 73 
-133 134 -97 
-46 115 -125 
3 94 48 
161 196 -8 
37 -92 -152 
-25 -50 34 
-34 158 -109 
79 36 135 
190 -12 -98 
14 18 -129 
190 -26 -81 
-41 -5 124 
177 40 81 
-69 5 -51 
-155 188 179 
72 30 -100 
-77 -16 -42 
18 122 -76 
-107 -57 32 
39 173 99 
-113 43 87 
-130 -25 -107 
-45 52 176 
19 8 -165 
157 -182 -127 
-129 127 -147 
14 -9 -58 
-167 10 -189 
-53 140 -145 
129 -87 -69 
37 -1 -11 
53 -21 59 
114 -147 -156 
-118 52 -147 
-189 -80 -31 
-153 -48 -134 
-189 85 110 
160 190 67 
146 81 103 
73 54 -142 
132 -2 -39 
22 192 92 
6 -174 98 
11 36 -97 
-68 39 -175 
-113 84 -82 
100 22 84 
-46 10 -177 
-78 32 59 
67 137 -39 
-168 32 129 
154 81 -42 
-72 -200 -2 
63 -87 157 
-113 -192 -34 
-42 29 -176 
-169 34 31 
188 -177 -50 
173 9 -145 
76 -183 -123 
37 47 64 
13 97 -40 
-61 30 3 
-34 -131 -13 
-80 -16 143 
-109 124 -19 
-116 -184 197 
32 -145 144 
-196 139 80 
109 191 82 
14 77 -174 
59 -189 -23 
156 -39 -9 
87 -101 -157 
-170 -179 98 
99 -168 -185 
30 -61 108 
46 84 79 
-83 128 -145 
117 121 -192 
189 43 53 
31 176 -2 
-101 42 147 
-182 -10 -47 
28 -179 -101 
50 -144 155 
95 -57 -9 
-93 -75 -192 
172 17 -33 
51 158 -68 
-81 -92 -193 
-160 6 82 
58 -105 -47 
-158 26 24 
-156 148 -66 
-163 99 162 
153 131 -189 
-47 5 73 
35 -185 188 
-184 -37 51 
163 -87 165 
-2 -13 -41 
135 -59 -132 
