Walsh model started...
 157  32  187  1  120  146  131  71  49  179  184  112  61  89  36  3  195  18  176  37  121  91  150  48 
 92  174  115  172  187  0  85  185  89  186  14  68  113  39  171  15  88  199  138  121  12  191  157  132  105  35  23  101  125  124  176  182  195  140  128 
 53  122  45  59  100  174  157  22  164  183  77  123  73  12  125  103  142  3  139  126  198  195  66  136 
 47  194  38  92  36  0  198  40  108  97  160  16  103  23  150  197  182  142  2  119  46  152  154  181  90 
 137  48  72  62  182  174  41  139  148  20  40  13  68  30  65  106  98  186  100  70  39  26  18  136  193  21  141  173 
 132  198  81  82  199  28  10  123  103  80  106  53  180  134  77  188  175  197  166  108  194  161  42  7  122 
 130  128  161  122  159  48  49  14  42  162  152  196  172  124  64  30  71  63  38  133  126  97  137  155  29  58  141  120  163  119  168  45  23 
 134  45  101  10  142  92  124  187  120  192  68  12  99  72  178  143  170  16  5  42  122 
 142  25  27  196  169  63  21  134  106  133  138  152  163  131  44  119  51  60  42  114 
 91  35  86  33  14  108  134  72  34  12  117  77  124  18  194  172  78  90  199  94 
 136  46  57  107  30  130  146  101  7  64  5  123  160  86  128  190  179  178  135  65  63  144  12  58  67  43  62  188  186  21  94  167  158  189  121  91  172 
 191  89  18  88  57  94  126  121  113  136  190  66  52  135  104  157  180  188  123  195  72  31  65  39  40  165  60  197  36 
 177  164  130  172  91  77  10  58  9  34  41  63  174  1  2  73  185  165  7  68  23  176  125  155  169  28  44  144 
 63  168  40  4  121  154  25  57  100  26  64  41 
 49  6  39  131  80  83  1  68  9  108  109  188  58  78  161  136  63  102  126  92  164  135  24  44  187  98  52  171 
 28  106  179  95  153  34  77  113  171  1  186  145  86  195  156  102  92  73  147  103  25  155  143  64  101 
 143  136  156  189  144  185  184  106  34  91  3  160  49  46  118  27  107  69  193  39  23  127  7  170  94  150  89  177 
 125  146  74  27  134  189  82  164  162  59  133  171  124  48  118  58  43  42 
 149  68  161  81  122  19  50  80  162  49  88  11  126  195  0  45  77  183  168  124  9  4  26  63  62  94  141  139  112 
 112  78  189  129  100  65  122  18  73  44  184  110  199  50  92  170  52  121  120  171  42  143  49  185  95  93 
 38  177  193  66  73  161  111  54  58  4  148  98  97  62  133  123  30  45  158  125  44  81  139  159  101  33  70  91  128  104 
 54  39  180  111  71  49  116  23  88  40  8  134  149  193  10  186  189  185  99  195  156  123  100  27  4  62 
 70  134  109  59  157  2  112  191  100  190  132  74  182  94  170  92  147  187  97  23  143  66  186 
 116  21  3  150  35  1  91  128  12  176  129  140  16  127  143  22  6  45  71  31 
 174  150  185  32  186  144  175  148  44  14  194  112  184  191  47  113 
 93  162  164  50  130  103  142  8  107  132  155  184  97  42  88  146  15  13  57  192  152  129  123 
 36  174  50  177  67  189  143  107  182  93  31  126  133  29  100  80  169  109  27  199  33  176  4  18  183  91  99  150  13  88  141  193  127  89  30  71  188  132 
 194  153  36  122  60  8  196  17  74  16  118  57  193  26  199  100  21  46  181  114  98 
 15  106  71  51  5  199  38  88  12  169  134  120  67  69  132  193 
 182  129  131  196  100  141  155  71  87  60  183  124  157  6  30  69  34  84  26  105  180  168 
 136  10  88  103  59  138  62  56  33  172  197  181  193  75  143  145  6  64  35  83  123  20  29  4  65  153  168  89  26  134  154  139 
 192  49  117  34  124  100  113  71  67  80  119  176  70  127  97  93  26  65  11  144  44  178  187  158  146  74  125  180  154  77  189  194  132  23 
 157  0  101  146  185  24  49  104  44  182  36  165  92 
 172  30  86  9  68  131  175  124  150  176  178  130  147  47  110  36  26  34  108  37  197  70  20  137  35 
 117  31  153  15  65  95  62  119  161  16  91  67  125  96  9  12  177  151  50  52  44  36  166  84  29  181  171  108  33  109  37  135  46  114  140  70  156  165 
 9  91  174  172  121  81  140  153  164  50  196  82  30  83  181  79  58  42  23  1  179  64  137  33  41  120 
 26  174  40  55  27  194  175  195  155  148  124  110  99  0  3  130  103  52  126  167  97  171  34  166  128  70  75  77  100  169  33  176  193  189  185  93  182  32  197  11  162  91 
 73  182  72  122  148  117  176  0  50  83  109  34  40  125  33  197  132  59  124  199  194  85 
 20  177  185  198  170  150  63  189  179  3  92  88  86  164  6  133  28  102  72  76  159  197  60 
 173  44  131  14  53  157  54  21  113  1  70  4  193  16  11  123  136  181  179 
 48  105  36  55  69  130  123  82  4  13  198  3  88  21  11  165  37  125  54  173 
 52  116  4  139  75  55  77  104  60  163  63  12  42  45  68  142  141  70  127  64  13  35  120  152  149 
 103  98  155  154  97  68  60  190  52  76  139  6  162  58  35  156  71  111  45  41  109  106  118  25  131  74  188  93  5  7  19  143  8  114  119  133  43  17 
 87  142  10  146  181  122  103  186  106  42  17 
 173  39  73  19  124  91  117  34  50  108  31  144  81  20  104  32  24  14  103  71  8  119  156  100  192  182  69  159  186  54  12 
 134  7  122  91  59  2  123  112  195  86  66  173  161  18  20  42  41  148  156  180  82  52  88  141  62  6  23 
 136  10  153  169  107  185  148  51  49  16  34  135  3  152  27  181 
 3  194  133  104  168  79  174  106  124  125  155  71  180  110  147  33  88  70  51  49  74  100  89  186  135  24  113 
 137  4  40  105  190  61  159  6  143  106  138  151  75  49  80  147  77  164  179  166  124  17  87  163  150  0  102  109  171 
 192  31  59  93  14  6  48  75  162  18  179  0  85  54  71  21  46  16  120  32  47  51  98  149  79  171  19  185 
 26  177  164  25  18  80  19  199  35  52  34  44  108  189  107  37  83  122  181  89  133  95  155 
 137  141  71  28  56  188  85  156  155  46  148  114  77  186  181  47  49  149  102  8  60  132  69 
 116  41  190  42  11  66  50  34  36  126  85  59  121  19  112  191  88  45  67  195  171  14  172  99 
 2  122  175  146  190  198  39  157  166  83  160  87  178  79  137  92  123  130  128  106  5  182  151  91  81  124  118  161  185 
 39  21  111  20  49  85  159  166  186  110  173  40  44 
 40  36  155  75  41  142  139  128  110  61  144  119  158  127  187  192  154  99  124  141  134  74 
 30  62  137  51  122  158  180  113  92  175  108  177  77  182  106  84  65  85  186  131  118  154 
 10  107  11  94  86  72  184  74  71  122  171  161  186  27  193  189  25  13  144  69 
 175  199  148  157  146  178  68  86  66  20  104  12  10  14  78  107  74  150  65  35  42  6  141  167  81  118  17  91  92  138 
 30  138  49  93  45  2  109  22  173  88  130  125  81  177  139  174  17  162  150  160  157  191  185  85  52  37  132  158  106  86  71  171  182 
 86  84  171  151  42  68  87  29  122  27  83  134  41  163  184  150  103  156  81  162  192  38  197  138  62  51  8  66  11 
 70  71  190  48  0  89  92  187  55  144  99  111  141  178  75  172  173 
 30  56  72  4  34  119  76  83  108  101  166  65  86  115  93  188  10  133  20  174  134  70  123  63  18  141  45  138  60  21 
 38  150  155  175  13  168  138  93  190  195  127  172  8  169  10  144  71  6  41  12  14  102  67  114  70  142  181  156  112  18  62 
 189  183  194  154  10  146  176  161  165  167  130  172  6  30  136  137  191  153  127  168  162  67  113  89  123  85  35  179  124  77  92  120  119  15  101  41  13 
 176  102  100  19  95  34  103  107  135  10  104  71  162  82  86  62  192  94  150  58  133  4  30  31  11  56  84 
 157  107  20  193  75  137  91  142  58  196  86  45  173  69  191  11  52  60  177  121  186  22  2  136 
 102  182  189  26  31  34  179  10  192  175  63  114  143  74  113  64  186  190  127  197  148  103  105  123  122  92  128  28  69  52  195  183  165 
 184  186  149  18  33  131  42  60  86  58  1  14  164  79  7  12  112  141  4  41  117  129  126  185  181  91  128  69 
 167  177  40  130  191  66  29  141  107  16  154  156  85  91  28  67  144  57  102  51  132  159  44  68  128 
 71  61  22  134  196  183  176  31  172  111  63  142  116  89  88  47  128  36  62  123  39  4  191  144  127  41  34  91  33  20  117 
 51  28  70  61  29  155  0  131  113  31  65  104  57  122  82  174  88  139  6  63  21  49  190  199  47  42  111  137  159  182  167  44  103  132  119  160  184  81  146  175  198  26  188  59  173  147  75  23 
 62  4  122  37  190  189  57  86  9  134  87  119  75  89  195  11  38  102  99  7  141  73 
 149  128  182  37  98  118  148  134  194  95  19  44  20  161  124  157  2  12  138  101  186  160  147  15  104  141  72  92 
 149  113  125  77  188  184  57  17  27  112  182  22  163  181  58  107  169  143  67  131  42  90  180  91  175  132  99  47  100  31  134  55 
 193  30  155  152  48  49  137  66  55  41  72  89  36  77  61  178  147  71 
 139  42  179  162  83  62  160  78  111  155  120  134  118  38  159  174  190 
 125  74  15  113  110  81  91  12  104  41  2  123  198  97  186  177  56  48  164  18  183  188  5  36  75  51  114  117  9  124  64  115  138  96  184  31  178 
 112  19  160  76  99  149  58  14  187  191  130  181  9  90 
 168  47  187  170  93  160  137  53  68  164  181  35  149  49  165  183 
 18  50  14  83  5  103  48  147  119  31  154  180  102  26  189  84  110  101  123 
 5  82  161  18  110  77  121  35  59  177  143  139  96  140  116  86  185  44  20  58  167  134  60  91  53  71  146  157 
 177  94  81  5  162  65  71  174  17  164  40  123  35  196  122  99  163  98  129  45  180  152  195 
 14  80  53  166  76  62  60  134  100  116  35  30  94  96  50  37 
 86  60  156  101  140  106  34  29  56  65  80  189  138  194 
 188  51  1  185  111  107  49  54  142  191  138  93  123  64  52  59  69  91  56  180  155  169  161  194  37  159  119 
 84  60  9  33  68  58  160  10  189  175  111  170  195  45  57  72  66  196  88  38  164  65  62  158  182  116  81  15  145  101  93  150  59  174 
 170  120  151  60  43  142  29  53  178  72  119  99  169  192  132  48  143  162  165 
 30  103  173  59  18  11  1  199  38  86  71  139  145  165  40  21  70  47  28  25  146  138  147  52  45  141  26  95  191  89 
 191  11  186  1  61  0  197  101  72  75  70  116  130  64  110  176  133  175  47  88  30  26  50  177  16 
 116  100  99  152  74  180  78  9  181  3  149 
 9  35  122  45  66  142  34  16  77  12  124  44  23  128  69  85  0  195  81  53  74  175  183  26  70  58  181  68  10  172  20  36  162 
 174  1  7  142  115  197  175  56  187  130  38  3  178  116  164  155  61  53  123  147  22  126  14  19  170  15  102  128  67  120  64  73  138  58  165  32 
 25  162  49  59  138  63  79  160  115  62  26  31  85  101  86  188  42  36  185  95  19 
 177  82  198  144  57  11  192  65  22  170  133  167  10  189  96  83  9  199  186  180  124  16  150  141  18  193  111 
 179  15  133  154  173  96  65  34  194  73  135  167  123  105  112  97  88  191  50  155  19  93 
 173  95  34  125  140  81  178  129  94  83  77  184  116  133 
 103  42  98  20  6  126  198  77  108  3  127  31  36  171  25  168  162  112  95  187  22 
 147  106  42  103  118  73  161  20  97  163  82  4  164  111  49  14  114  27 
 78  149  36  110  90  152  169  87  122  82  195  21  61  111  72  7  55  124  26  150  132  74  142  157  129  160  193  126  146  108  172  52 
 29  141  19  65  124  31  174  2  116  90  22  190  142  121  122  83  154  193  102  149  106  189  26  4  186  169  36  112  111  13  47  74  156  44  27  21  198 
 32  146  7  10  132  114  189  151  62  166  156  84  197  89  130  102  120  157  73  138  1  125  93  86  20  159  64  15  80  110  123 
 176  65  182  67  142  125  160  63  14  130  101  80  103  100  149  38  72  15  92  51  191  69  48  109  147  128 
 30  88  42  98  97  25  130  135  153  65  107  5  80  186  3  36  102  60  156  2  125  67  105  44  71  15  43  122 
 158  132  47  133  65  71  157  58  77  41  135  11  122  137  73  148  44  32  169  124  20 
 198  118  40  48  165  134  131  170  129  147  151  195  1  132  29  180  113  160  103  67  123  95 
 98  147  28  15  16  184  143  48  174  47  175  142  84  140  53  5  199  162  100  189  109  42  4  8  133  56  182  158  59  186  43 
 10  57  157  66  111  85  65  103  132  25  46  185  143  26  58  74  177  135  16  69  189  50 
 150  180  117  110  9  14  62  56  3  97  44  50  140  123  34  33  166  5  146  99 
 22  59  188  14  106  42  169  26  37  34  102  48 
 117  108  19  184  77  81  36  99  55  128  54  186  47  180  151  89  176  33  80  101  149  118 
 193  153  107  85  86  170  54  20  76  155  21  180  172  70  42  71  157  145  98  164  112  100  61  99  94 
 19  78  113  188  22  191  123  45  0  184  74  169  68  141  100  111  52  63  144  95  97  194  24  139  18 
 74  149  15  77  112  188  71  31  56  180  39  1  11  121  67  64  160  105  196  147  185  154  179  24  47 
 132  101  63  67  51  77  34  140  42  8  27  98 
 1  172  197  92  198  169  62  93  159  187  77  138  196  161 
 156  119  52  41  192  139  90  100  120  136  178  92  172  128  124  151  83  23  21  81  86  70  89  195  152  133  96  183 
 34  31  108  110  37  148  155  168  44  77  9  129  68  195  173  183  70  163 
 105  198  98  73  138  144  16  27  131  174  42  76  154  165  53  124  58  17  56  110  149 
 116  156  62  34  161  80  31  87  72  190  196  55  158  71  132  8  44  6  64  3  142  42  133  159  85 
 87  170  0  146  116  136  192  7  76  134  101  157  49  6  185  126  153  177  180  198  28  92  64  19  171  41  35 
 1  138  35  81  100  142  122  11  113  13  154  187  0  125  159  52  19  124  177  66  10  189  157 
 72  37  158  56  161  6  45  91  53  2  18  19  60  27  57  71  100  121  82  99  137  104  168  131  123  67  50  181  43  103  5  7 
 10  5  45  112  180  188  124  129  77  2  40  82  92  53  20  30  11  170  181  62  70  140  108  39  85  64  95  105  67  122  142  156  21  158  25  101  80 
 31  100  148  36  175  33  44  91  116  151  7  187  172  6  123  129  73  157  47  125  29  167  1  176  48  17  18  9  128  126  121  138  77  64  104  169  55  99  53  118  37  199  180  94 
 74  77  17  146  59  130  142  102  34  96  124  47  199  167  159  121  101  1  158  20  12  155  2  103  37  40  161  31  186  126 
 130  190  197  192  11  18  6  97  52  36  133  26  14  92  176  185  120  124  128  187  177  137  2  139  68  99  193  186  125 
 63  172  64  153  97  31  70  41  197  67  55  187  193  26  145  142  16  23 
 73  149  130  6  190  10  172  116  55  110  53  36  70  91  23  124  126  92  67  171  157  68  69  20  140  1  147  102 
 189  19  182  29  185  167  124  123  105  147  174  82  178  96  117  68  140  23  99  160  25 
 6  128  10  146  25  103  190  126  59  125  12  172  92  187  40  69  64  102  101  195  36  178  33  53  78  181  89  158  168  179  162 
 196  29  68  33  39  14  105  170  0  71  198  155  118  174  42  74  163  8  168  122  56  186 
 5  198  104  158  114  101  107  25  22  190  192  87  1  105  179  154  71  119  99  74  37  59  51  69  28  193  26  31 
 95  154  47  104  6  38  17  171  194  164  62  20  94  65  126  26  152  155  8  106  175  89  50  42  119  116  96 
 45  7  70  22  165  105  73  148  17  189  9  72  83  60  120  76  180  5  62  174  8  21  81  160  28  55  74  154  30 
 103  153  95  167  65  10  104  11  177  107  164  14  34  46  186  47 
 46  10  30  143  16  120  116  161  14  11  190  167  64  181  39  193  4  2  66 
 48  4  141  51  56  75  66  79  53  64  191  155  6  180  183  71  159  122  104  177  126  33  35 
 59  30  151  48  93  63  1  121  144  118  85  73  101  8  152  124  147  88  115  77  60  62  92  58  168  157  148  150  84  194 
 146  149  76  42  116  192  4  41  143  81  142  55  88  71  174  59  193  20  178  2  126  112  18  30 
 158  176  96  81  153  35  84  106  123  108  129  23  114  34  187  196  1  128 
 137  51  100  29  69  58  6  68  112  142  41  72  73  88  26  55  61  45  62  94  18  173  4 
 8  25  7  92  91  66  87  43  102  125  100  121  55  139  106  175  85  191  63  70  141  41  157  99  180  123  2  3  119  127  145 
 16  136  48  106  30  145  81  139  26  107  67  74  199  163  87  155  15  178  7  23  22  19  42  174  162 
 198  94  16  185  157  167  10  63  186  24  138  118  55  61  31  44  70  191  155  151  112  69  57  196  176  12 
 30  143  88  165  15  86  157  111  127  142 
 17  125  130  10  58  178  149  139  32  101  64  53  175  0  120  43  181  25  88  31  158  71  81  99  108 
 98  106  177  199  161  48  80  129  105  47  33  92  22  73  15  113  196  138  88  102  128  71  75 
 157  58  73  134  190  184  36  124  37  117  4  20  46  51  175  24  45  156  104  186  67  138  150 
 73  128  74  113  146  139  18  68  78  99  100  102  193  21  51  178  49  79  198  90  152  41  110  118 
 194  151  170  38  108  180  63  174  24  176  33  59  160  60  184  58  65  3  23  26  99  48  0  94  16  86  148  138 
 150  194  171  60  138  48  87  189  101  116  124  34  177  105  195  110  184  182  53  155  144 
 155  75  196  6  90  99  133  195  116  138  8  168  193  25  192  46  3  41  149  82 
 194  27  15  34  193  111  103  135  46  169  186  140  35  64  127  30  168  177  120 
 133  95  194  64  42  155  191  169  80  180  100  193  13  121  160  170  132  179  118  165  69  156  192  55  185  113  31  3  198  134  30  56 
 42  154  152  75  29  71  63  175  55  36  111  76  198  131  117  168  51  156  164  92  137  6  25  184  47  125  12  133  144  151  143  15  85  180  163  95  50 
 189  16  116  119  176  181  101  84  51  155  198  169  162  42  103  60  15  195  45  148  63  154  69  21  123  100  44  165  34 
 0  32  148  58  107  66  53  39  2  22  104  167  144  11  180  73  124  191  1  176  179  59  29  101  120  111  145  128  171  142  99  138  168  121  81 
 140  176  122  56  104  132  167  159  86  182  20  125  55  119  168  130  31  146  123  10  59  106 
 48  6  167  158  166  54  115  187  125  121  137  71  38  76  20  101  161  69  44  85  119 
 10  86  53  198  76  78  79  93  182  102  59  150  3  16  170  154  73  186  113  105  189  134  99  129  184  71 
 122  6  18  81  147  98  34  119  20  73  64  176  14  136  45  57  186  125  159  185  53  5  194  169  85  115  196 
 93  25  179  76  49  18  42  6  82  65  17  59  156  171  178  199  106  64  168  198  97  60  192  165  87  174  143  130  36  91 
 41  60  181  74  98  82  199  143  131  8  48  6  117  155 
 12  177  50  25  38  86  82  17  2  183  155  92  68  79  35  194  133  77  48  14  135  98  111 
 105  134  64  167  145  88  185  12  118  154  40  11  162  87  67  183  32  92  156  34  79 
 53  83  62  101  159  54  48  179  36  34  108  5  173  199 
 69  177  135  95  165  64  129  185  158  159  157  144  136  125  199  124  36  94  10  182  71  58  81 
 79  47  13  63  174  175  155  117  18  195  64  162  97  153  30  158  130  131  122  152  193  138  157  29  6 
 153  46  191  154  198  115  8  63  99  87  112  74  156  100  36  26  109  12  28  104  124  161  85 
 87  120  105  131  150  38  111  86  187  79  22  94  160  154  123  181  92  19  7  16 
 60  151  15  1  17  133  57  184  36  97  162  178  34  181  128  157  19  120  52  14  48  49  59  182 
 1  115  33  30  174  35  130  12  63  127  128  116  64  6  124  111  70  194  9  10  91  173  61  52  99 
 39  44  95  96  59  88  66  45  195  117  199  166  71  54  40  172  61  141  4 
 92  1  35  172  26  36  182  4  100  2  24  150  175  168  47  106  71  82  139  59  12  62  134  131  118  129  190  76  162  143  86 
 58  199  53  146  36  195  189  86  155  63  92  56  124  33  174  168  106  142  192  67  148  24  5  197  133  89  74  91  71  198 
 65  102  158  140  156  181  64  161  70  31  150  33  157  179  0  37  12  23  1  124  110  89  126  36  26  196  144 
 94  82  38  20  12  164  167  69  147  199  26  50  81  59  34  151  77  56  135  107  153  120  126  137  121  66  89  16 
 58  146  10  179  116  92  53  87  33  130  162  171  198  129  96  31  187  143  7  139  149  77  61  75 
 95  15  76  162  10  178  49  0  189  38  67  157  176  48  166  35  64  132  154  113  39  130 
 108  150  56  113  123  188  21  111  157  11  137  183  80  154  134  5  47  110  90  74  29  105  45  82  198  120  142  31  85  94  124  155 
 30  197  156  176  163  74  79  35  130  78  43  146  170  123  34  171  63  186  51  50  122  136  39  27  46  3  90  68  91 
 73  37  29  129  4  174  102  67  160  74  22  26  86  158  53  151  71  167  195  1  197  3  56  106  32  36  192  44  171  59 
 189  64  70  196  164  2  180  137  29  77  18  91  26  67  165  117  116  195  79 
 186  68  190  148  16  106  57  74  19  110  0  112  60  150  155  25  171  151  160  71  96  77  24  191 
 85  1  16  144  198  38  24  32  107  46  129  167  165  12  81  59  21  189  126  120  154  113  36  93  161  53  68  49  19 
 184  68  89  1  24  144  153  103  77  15  54  110  57  161  10  21  4  100  73  160  67  190  148  51  181  47  135  94  56  131  125  126  44  66  22  43  106 
 1  0  92  130  170  79  7  124  61  115  159  121  78  191  31  178  127  55  126  14  97  22  140  196 
 51  85  113  112  74  123  180  109  14  62  10  11  77  5  93  42  26  71 
 183  64  19  129  156  16  86  175  190  72  101  151  38  179  67  26  134  17  100  106  94  57  21  185  107  50  160  193  36  80  84  10  121  194  31 
 48  61  42  52  53  198  184  148  130  126  128  10  189  72  22  100  63  195  132  11  136  196  119  71  199  67  186  174  76 
 11  89  112  22  154  169  69  66  64  137  1  157  85  142  59  78  187  70  144  52  95  88  102  24  184 
 31  49  116  139  197  126  120  7  94  65  132  87  67  175  55  154  60  162  25  152  182  44 
 75  30  153  111  20  66  100  154  149  21  27  57  16  39  139  189  36  168  152  127  26  136  4  132  28  99  126  94 
 150  151  3  47  27  153  154  64  36  95  73  133  164  172  9  112  24  5  161  37  85  84  138  189  31 
 36  175  86  45  63  190  0  18  130  105  151  11  72  168  15  156  182  1  99  21  116  152  173  117  91  67  52  2  198  82  183 
 131  29  70  183  66  86  27  8  152  6  190  119  35  82  113  147  144  176  115  161  187  140 
 30  181  115  92  126  192  89  101  5  175  3  182  127  67  38  60  33  37  11  36 
 94  144  5  132  105  118  53  190  185  38  160  169  115  131  155  40  3  77  97  156  178  162  180  120  154  175  71  100  149  2  195 
 58  175  5  28  177  147  1  88  19  50  125  167  190  71  162  106  163  143  27  26  173  166  37  124  9  94 
-->CDecomWalshPart::vInitTrueLinkage-->GLBs: 2312
(Length: 4)  0  1  89  176 
(Length: 3)  0  3  36 
(Length: 3)  0  3  150 
(Length: 3)  0  32  146 
(Length: 3)  0  120  157 
(Length: 3)  0  18  49 
(Length: 3)  0  32  36 
(Length: 3)  0  37  176 
(Length: 4)  0  48  49  179 
(Length: 3)  0  61  71 
(Length: 3)  0  49  71 
(Length: 3)  0  1  195 
(Length: 3)  0  150  176 
(Length: 3)  0  36  176 
(Length: 4)  0  1  121  157 
(Length: 3)  0  71  131 
(Length: 3)  0  18  112 
(Length: 3)  0  49  120 
(Length: 4)  0  157  176  179 
(Length: 4)  0  36  91  195 
(Length: 3)  0  32  49 
(Length: 3)  0  32  157 
(Length: 3)  0  18  195 
(Length: 3)  0  112  184 
(Length: 3)  0  120  146 
(Length: 3)  0  61  89 
(Length: 3)  0  71  184 
(Length: 3)  0  150  184 
(Length: 3)  0  71  146 
(Length: 4)  0  1  121  187 
(Length: 3)  0  61  187 
(Length: 4)  0  1  157  176 
(Length: 3)  0  48  61 
(Length: 3)  0  48  150 
(Length: 3)  1  171  182 
(Length: 3)  1  89  186 
(Length: 3)  1  89  101 
(Length: 3)  1  101  125 
(Length: 3)  1  115  172 
(Length: 3)  1  88  199 
(Length: 4)  1  92  115  187 
(Length: 4)  1  35  172  174 
(Length: 4)  1  23  140  176 
(Length: 3)  1  88  138 
(Length: 4)  1  124  157  176 
(Length: 3)  1  68  128 
(Length: 4)  1  124  125  199 
(Length: 4)  1  121  124  187 
(Length: 4)  1  23  35  140 
(Length: 3)  1  85  191 
(Length: 3)  1  85  185 
(Length: 4)  1  12  68  185 
(Length: 4)  1  101  138  157 
(Length: 3)  1  174  182 
(Length: 3)  1  12  125 
(Length: 4)  1  23  128  140 
(Length: 3)  1  182  195 
(Length: 4)  1  12  172  174 
(Length: 4)  1  124  128  157 
(Length: 4)  1  12  23  176 
(Length: 3)  1  14  39 
(Length: 3)  1  15  92 
(Length: 3)  1  85  138 
(Length: 4)  1  88  89  191 
(Length: 3)  1  14  68 
(Length: 4)  1  124  128  172 
(Length: 3)  1  157  191 
(Length: 4)  1  14  92  187 
(Length: 3)  1  68  186 
(Length: 3)  1  39  113 
(Length: 3)  1  125  186 
(Length: 3)  1  105  113 
(Length: 3)  1  15  195 
(Length: 3)  1  39  157 
(Length: 3)  1  14  171 
(Length: 3)  1  105  132 
(Length: 3)  1  140  187 
(Length: 3)  1  187  191 
(Length: 4)  1  128  157  171 
(Length: 3)  1  113  121 
(Length: 4)  1  121  124  125 
(Length: 3)  1  15  101 
(Length: 3)  1  35  121 
(Length: 3)  1  15  113 
(Length: 4)  1  92  115  138 
(Length: 5)  1  121  124  138  157 
(Length: 3)  1  101  132 
(Length: 3)  1  92  128 
(Length: 3)  1  105  195 
(Length: 3)  1  113  185 
(Length: 3)  1  15  171 
(Length: 3)  1  92  174 
(Length: 3)  1  15  186 
(Length: 3)  2  45  66 
(Length: 3)  2  59  125 
(Length: 3)  2  45  59 
(Length: 3)  2  53  198 
(Length: 3)  2  53  157 
(Length: 3)  2  3  103 
(Length: 3)  2  45  195 
(Length: 3)  2  22  100 
(Length: 4)  2  77  164  183 
(Length: 4)  2  66  142  157 
(Length: 3)  2  73  157 
(Length: 3)  2  123  142 
(Length: 3)  2  100  198 
(Length: 3)  2  12  174 
(Length: 3)  2  77  198 
(Length: 3)  2  139  142 
(Length: 3)  2  100  142 
(Length: 3)  2  125  142 
(Length: 3)  2  125  126 
(Length: 3)  2  100  122 
(Length: 3)  2  12  73 
(Length: 3)  2  195  198 
(Length: 4)  2  22  59  157 
(Length: 3)  2  103  122 
(Length: 3)  2  103  125 
(Length: 3)  2  183  195 
(Length: 3)  2  66  136 
(Length: 4)  2  59  139  174 
(Length: 3)  2  3  142 
(Length: 3)  2  3  198 
(Length: 4)  2  53  122  123 
(Length: 3)  2  100  174 
(Length: 4)  2  12  77  164 
(Length: 3)  2  77  123 
(Length: 3)  2  126  139 
(Length: 4)  2  22  66  157 
(Length: 4)  2  45  122  123 
(Length: 4)  2  12  77  125 
(Length: 3)  3  119  142 
(Length: 3)  3  38  150 
(Length: 3)  3  92  142 
(Length: 4)  3  16  23  150 
(Length: 4)  3  38  92  197 
(Length: 3)  3  36  40 
(Length: 3)  3  47  194 
(Length: 3)  3  90  152 
(Length: 4)  3  36  97  103 
(Length: 3)  3  46  181 
(Length: 3)  3  16  46 
(Length: 4)  3  154  160  198 
(Length: 4)  3  36  182  197 
(Length: 3)  3  36  194 
(Length: 3)  3  46  152 
(Length: 3)  3  90  181 
(Length: 3)  3  40  198 
(Length: 3)  3  154  194 
(Length: 3)  3  160  182 
(Length: 3)  3  181  197 
(Length: 4)  3  16  150  160 
(Length: 3)  3  108  150 
(Length: 3)  3  38  198 
(Length: 3)  3  150  194 
(Length: 3)  3  97  198 
(Length: 3)  3  97  108 
(Length: 3)  4  68  186 
(Length: 4)  4  21  100  186 
(Length: 4)  4  106  174  182 
(Length: 3)  4  39  70 
(Length: 4)  4  26  100  141 
(Length: 3)  4  65  100 
(Length: 3)  4  48  106 
(Length: 3)  4  39  173 
(Length: 3)  4  48  137 
(Length: 4)  4  18  26  141 
(Length: 3)  4  21  40 
(Length: 3)  4  40  173 
(Length: 3)  4  148  186 
(Length: 3)  4  137  141 
(Length: 4)  4  26  100  193 
(Length: 4)  4  100  106  174 
(Length: 4)  4  39  136  193 
(Length: 3)  4  13  40 
(Length: 3)  4  139  174 
(Length: 3)  4  98  106 
(Length: 4)  4  26  30  193 
(Length: 4)  4  26  100  174 
(Length: 5)  4  20  30  139  193 
(Length: 4)  4  18  62  141 
(Length: 3)  4  13  41 
(Length: 4)  4  30  136  193 
(Length: 3)  4  41  139 
(Length: 3)  4  20  98 
(Length: 4)  4  20  62  70 
(Length: 3)  4  21  62 
(Length: 4)  4  62  72  141 
(Length: 3)  4  62  174 
(Length: 4)  4  41  68  141 
(Length: 4)  4  21  100  193 
(Length: 3)  4  20  148 
(Length: 3)  4  40  48 
(Length: 4)  4  18  68  141 
(Length: 3)  4  41  70 
(Length: 4)  4  100  106  186 
(Length: 4)  4  30  62  65 
(Length: 3)  4  18  139 
(Length: 3)  4  141  173 
(Length: 4)  4  26  174  182 
(Length: 4)  4  21  39  193 
(Length: 4)  4  20  30  62 
(Length: 4)  4  13  26  100 
(Length: 3)  5  103  122 
(Length: 3)  5  7  10 
(Length: 3)  5  134  180 
(Length: 4)  5  53  122  161 
(Length: 4)  5  82  122  123 
(Length: 3)  5  108  166 
(Length: 3)  5  42  103 
(Length: 4)  5  77  123  188 
(Length: 3)  5  81  134 
(Length: 3)  5  77  198 
(Length: 3)  5  77  81 
(Length: 4)  5  53  81  161 
(Length: 3)  5  28  134 
(Length: 3)  5  132  198 
(Length: 4)  5  108  123  180 
(Length: 3)  5  42  188 
(Length: 3)  5  80  103 
(Length: 3)  5  42  106 
(Length: 4)  5  53  122  123 
(Length: 3)  5  53  166 
(Length: 3)  5  175  197 
(Length: 4)  5  53  175  198 
(Length: 4)  5  106  175  199 
(Length: 3)  5  7  42 
(Length: 3)  5  166  199 
(Length: 4)  5  10  123  188 
(Length: 4)  5  28  106  199 
(Length: 3)  5  28  132 
(Length: 4)  5  123  180  188 
(Length: 3)  5  7  134 
(Length: 4)  5  82  123  180 
(Length: 3)  5  7  122 
(Length: 4)  5  80  123  180 
(Length: 4)  5  53  106  175 
(Length: 3)  5  81  82 
(Length: 3)  5  161  194 
(Length: 3)  5  180  198 
(Length: 3)  6  63  172 
(Length: 3)  6  48  49 
(Length: 3)  6  42  58 
(Length: 3)  6  64  120 
(Length: 3)  6  58  141 
(Length: 4)  6  29  71  155 
(Length: 3)  6  29  124 
(Length: 3)  6  120  126 
(Length: 3)  6  49  162 
(Length: 4)  6  133  152  155 
(Length: 3)  6  126  133 
(Length: 3)  6  126  137 
(Length: 5)  6  64  130  162  168 
(Length: 3)  6  14  161 
(Length: 3)  6  38  63 
(Length: 3)  6  137  141 
(Length: 3)  6  14  126 
(Length: 3)  6  38  159 
(Length: 3)  6  49  120 
(Length: 3)  6  49  71 
(Length: 3)  6  14  63 
(Length: 3)  6  14  58 
(Length: 4)  6  64  119  161 
(Length: 4)  6  45  122  161 
(Length: 3)  6  29  196 
(Length: 3)  6  48  163 
(Length: 4)  6  48  137  159 
(Length: 3)  6  29  141 
(Length: 4)  6  124  126  128 
(Length: 3)  6  38  133 
(Length: 4)  6  30  64  168 
(Length: 4)  6  29  155  168 
(Length: 3)  6  155  163 
(Length: 4)  6  63  155  168 
(Length: 4)  6  29  30  168 
(Length: 4)  6  97  162  168 
(Length: 3)  6  23  71 
(Length: 4)  6  71  137  155 
(Length: 4)  6  71  137  159 
(Length: 4)  6  64  130  172 
(Length: 4)  6  42  133  155 
(Length: 3)  6  97  126 
(Length: 4)  6  119  159  161 
(Length: 3)  6  14  49 
(Length: 4)  6  119  161  196 
(Length: 3)  6  23  45 
(Length: 4)  6  71  119  159 
(Length: 4)  6  42  71  119 
(Length: 3)  6  64  137 
(Length: 4)  6  42  71  155 
(Length: 3)  6  45  141 
(Length: 3)  6  152  196 
(Length: 4)  6  42  119  133 
(Length: 4)  6  71  122  137 
(Length: 4)  6  42  97  162 
(Length: 4)  6  152  155  168 
(Length: 3)  6  23  128 
(Length: 3)  6  42  45 
(Length: 4)  6  128  130  172 
(Length: 4)  6  63  71  155 
(Length: 4)  6  30  64  172 
(Length: 4)  6  124  128  172 
(Length: 4)  6  64  124  172 
(Length: 4)  6  126  128  130 
(Length: 3)  6  122  168 
(Length: 3)  6  48  124 
(Length: 3)  7  16  170 
(Length: 3)  7  124  187 
(Length: 3)  7  99  142 
(Length: 4)  7  92  120  170 
(Length: 3)  7  120  192 
(Length: 3)  7  16  143 
(Length: 4)  7  92  170  187 
(Length: 4)  7  72  99  122 
(Length: 3)  7  92  142 
(Length: 3)  7  120  134 
(Length: 3)  7  10  12 
(Length: 3)  7  101  120 
(Length: 3)  7  72  134 
(Length: 3)  7  42  45 
(Length: 3)  7  99  124 
(Length: 3)  7  42  68 
(Length: 3)  7  45  122 
(Length: 3)  7  45  134 
(Length: 3)  7  12  68 
(Length: 3)  7  10  101 
(Length: 3)  7  42  143 
(Length: 3)  7  10  178 
(Length: 4)  7  92  178  187 
(Length: 3)  7  143  178 
(Length: 3)  8  119  142 
(Length: 3)  8  106  142 
(Length: 3)  8  51  60 
(Length: 3)  8  42  60 
(Length: 3)  8  63  142 
(Length: 3)  8  25  42 
(Length: 3)  8  63  114 
(Length: 3)  8  119  196 
(Length: 3)  8  27  114 
(Length: 3)  8  27  60 
(Length: 3)  8  51  114 
(Length: 3)  8  60  134 
(Length: 3)  8  60  163 
(Length: 4)  8  42  119  133 
(Length: 3)  8  27  196 
(Length: 4)  8  42  106  133 
(Length: 3)  8  21  27 
(Length: 3)  8  42  114 
(Length: 3)  8  131  163 
(Length: 3)  8  63  169 
(Length: 3)  8  21  134 
(Length: 3)  8  152  196 
(Length: 3)  8  131  196 
(Length: 3)  8  133  152 
(Length: 3)  8  63  138 
(Length: 3)  8  60  138 
(Length: 3)  8  25  142 
(Length: 3)  8  25  152 
(Length: 3)  8  42  131 
(Length: 3)  8  44  119 
(Length: 3)  8  138  152 
(Length: 4)  9  18  94  124 
(Length: 3)  9  14  108 
(Length: 3)  9  72  134 
(Length: 3)  9  77  117 
(Length: 3)  9  33  86 
(Length: 4)  9  12  34  91 
(Length: 4)  9  77  91  124 
(Length: 4)  9  12  91  172 
(Length: 4)  9  12  77  91 
(Length: 4)  9  34  108  117 
(Length: 3)  9  72  86 
(Length: 3)  9  14  78 
(Length: 4)  9  33  35  172 
(Length: 4)  9  18  77  124 
(Length: 4)  9  33  34  108 
(Length: 3)  9  78  90 
(Length: 4)  9  94  124  199 
(Length: 4)  9  35  91  172 
(Length: 4)  9  91  124  172 
(Length: 3)  9  172  194 
(Length: 4)  9  33  124  172 
(Length: 4)  10  12  63  172 
(Length: 4)  10  64  67  123 
(Length: 4)  10  86  101  189 
(Length: 4)  10  58  65  107 
(Length: 4)  10  128  130  172 
(Length: 4)  10  62  101  123 
(Length: 3)  10  136  190 
(Length: 4)  10  67  189  190 
(Length: 3)  10  62  63 
(Length: 4)  10  62  123  188 
(Length: 3)  10  123  158 
(Length: 3)  10  21  189 
(Length: 3)  10  135  186 
(Length: 4)  10  63  67  190 
(Length: 3)  10  158  167 
(Length: 4)  10  64  130  172 
(Length: 4)  10  64  101  123 
(Length: 5)  10  64  101  130  146 
(Length: 4)  10  57  86  189 
(Length: 4)  10  30  62  65 
(Length: 3)  10  58  167 
(Length: 4)  10  12  91  172 
(Length: 4)  10  130  146  178 
(Length: 4)  10  30  64  136 
(Length: 4)  10  12  58  91 
(Length: 4)  10  30  62  123 
(Length: 4)  10  86  160  189 
(Length: 4)  10  46  107  135 
(Length: 3)  10  86  158 
(Length: 4)  10  64  101  189 
(Length: 4)  10  62  86  101 
(Length: 4)  10  67  186  190 
(Length: 3)  10  135  167 
(Length: 3)  10  121  189 
(Length: 4)  10  58  146  178 
(Length: 4)  10  30  64  123 
(Length: 3)  10  43  146 
(Length: 4)  10  67  128  190 
(Length: 3)  10  46  136 
(Length: 4)  10  128  130  190 
(Length: 4)  10  58  65  86 
(Length: 4)  10  62  65  86 
(Length: 3)  10  65  94 
(Length: 4)  10  130  146  158 
(Length: 4)  10  91  128  172 
(Length: 4)  10  12  130  172 
(Length: 4)  10  12  63  144 
(Length: 4)  10  21  62  123 
(Length: 3)  10  21  186 
(Length: 4)  10  130  178  179 
(Length: 3)  10  43  186 
(Length: 4)  10  65  107  135 
(Length: 5)  10  64  67  179  189 
(Length: 4)  10  57  107  189 
(Length: 4)  10  30  64  172 
(Length: 4)  10  64  136  167 
(Length: 3)  10  160  186 
(Length: 4)  10  64  130  179 
(Length: 4)  10  94  144  167 
(Length: 5)  10  57  94  144  186 
(Length: 4)  10  57  94  189 
(Length: 4)  11  72  190  195 
(Length: 3)  11  89  197 
(Length: 4)  11  66  121  157 
(Length: 3)  11  72  89 
(Length: 3)  11  40  123 
(Length: 3)  11  31  65 
(Length: 3)  11  94  180 
(Length: 3)  11  18  126 
(Length: 4)  11  52  88  191 
(Length: 4)  11  52  190  195 
(Length: 4)  11  40  88  165 
(Length: 3)  11  18  94 
(Length: 3)  11  18  195 
(Length: 3)  11  104  157 
(Length: 4)  11  113  180  188 
(Length: 4)  11  65  104  135 
(Length: 4)  11  66  157  191 
(Length: 3)  11  60  197 
(Length: 3)  11  66  136 
(Length: 3)  11  65  94 
(Length: 4)  11  31  113  180 
(Length: 4)  11  52  66  191 
(Length: 3)  11  60  66 
(Length: 3)  11  39  157 
(Length: 4)  11  36  52  126 
(Length: 3)  11  113  121 
(Length: 4)  11  52  66  121 
(Length: 3)  11  157  180 
(Length: 3)  11  57  94 
(Length: 3)  11  39  123 
(Length: 3)  11  136  190 
(Length: 3)  11  57  72 
(Length: 4)  11  123  180  188 
(Length: 3)  11  39  136 
(Length: 4)  11  36  126  197 
(Length: 3)  11  36  40 
(Length: 4)  11  36  52  195 
(Length: 4)  11  88  89  191 
(Length: 4)  11  52  126  190 
(Length: 3)  11  18  88 
(Length: 3)  11  39  113 
(Length: 3)  12  41  77 
(Length: 3)  12  28  169 
(Length: 3)  12  41  63 
(Length: 3)  12  34  177 
(Length: 3)  12  41  68 
(Length: 3)  12  23  91 
(Length: 4)  12  77  164  177 
(Length: 3)  12  144  185 
(Length: 3)  12  34  165 
(Length: 3)  12  34  125 
(Length: 3)  12  165  185 
(Length: 3)  12  44  73 
(Length: 3)  12  44  144 
(Length: 4)  12  63  144  155 
(Length: 4)  12  34  44  91 
(Length: 3)  12  125  155 
(Length: 3)  12  125  130 
(Length: 3)  12  68  164 
(Length: 3)  12  144  176 
(Length: 3)  12  155  164 
(Length: 4)  12  58  68  91 
(Length: 3)  12  63  169 
(Length: 3)  13  63  168 
(Length: 3)  13  64  154 
(Length: 4)  13  100  121  154 
(Length: 3)  13  64  168 
(Length: 3)  13  41  64 
(Length: 3)  13  25  57 
(Length: 3)  13  41  63 
(Length: 3)  14  80  83 
(Length: 3)  14  52  126 
(Length: 3)  14  39  44 
(Length: 3)  14  24  44 
(Length: 3)  14  68  131 
(Length: 3)  14  44  108 
(Length: 3)  14  98  164 
(Length: 3)  14  92  164 
(Length: 3)  14  109  188 
(Length: 3)  14  68  164 
(Length: 3)  14  58  78 
(Length: 4)  14  92  126  187 
(Length: 3)  14  80  102 
(Length: 3)  14  49  171 
(Length: 3)  14  49  98 
(Length: 3)  14  58  92 
(Length: 3)  14  92  102 
(Length: 3)  14  39  131 
(Length: 3)  14  39  136 
(Length: 3)  14  52  171 
(Length: 3)  14  63  102 
(Length: 3)  14  102  109 
(Length: 3)  14  58  68 
(Length: 3)  14  78  187 
(Length: 3)  14  135  164 
(Length: 3)  14  98  161 
(Length: 3)  14  136  161 
(Length: 3)  14  68  126 
(Length: 3)  15  106  143 
(Length: 3)  15  103  156 
(Length: 3)  15  25  155 
(Length: 4)  15  103  153  186 
(Length: 3)  15  143  145 
(Length: 3)  15  102  103 
(Length: 3)  15  101  156 
(Length: 3)  15  86  145 
(Length: 3)  15  101  102 
(Length: 3)  15  73  186 
(Length: 3)  15  25  103 
(Length: 3)  15  28  106 
(Length: 3)  15  34  95 
(Length: 4)  15  64  77  113 
(Length: 4)  15  73  92  147 
(Length: 3)  15  86  101 
(Length: 4)  15  92  102  147 
(Length: 3)  15  143  155 
(Length: 3)  15  92  155 
(Length: 3)  15  73  101 
(Length: 3)  15  73  95 
(Length: 3)  15  77  186 
(Length: 3)  15  155  156 
(Length: 4)  15  64  113  179 
(Length: 3)  15  64  153 
(Length: 3)  15  113  147 
(Length: 3)  15  64  101 
(Length: 3)  15  64  92 
(Length: 3)  15  95  179 
(Length: 3)  15  34  171 
(Length: 3)  15  34  156 
(Length: 3)  15  95  155 
(Length: 3)  15  34  153 
(Length: 3)  15  106  186 
(Length: 3)  15  106  147 
(Length: 3)  15  86  195 
(Length: 3)  15  156  195 
(Length: 3)  16  89  177 
(Length: 3)  16  107  143 
(Length: 3)  16  69  144 
(Length: 3)  16  106  184 
(Length: 3)  16  23  127 
(Length: 3)  16  23  91 
(Length: 3)  16  34  156 
(Length: 3)  16  34  91 
(Length: 3)  16  27  46 
(Length: 3)  16  27  118 
(Length: 3)  16  106  189 
(Length: 3)  16  46  136 
(Length: 3)  16  127  193 
(Length: 3)  16  136  143 
(Length: 3)  16  144  185 
(Length: 3)  16  27  193 
(Length: 4)  16  150  160  170 
(Length: 4)  16  150  160  184 
(Length: 3)  16  34  46 
(Length: 4)  16  46  49  185 
(Length: 3)  16  160  189 
(Length: 3)  16  69  91 
(Length: 4)  16  39  136  193 
(Length: 3)  16  118  144 
(Length: 3)  16  156  189 
(Length: 4)  16  94  189  193 
(Length: 3)  16  94  144 
(Length: 4)  16  46  107  185 
(Length: 3)  16  106  143 
(Length: 3)  16  94  177 
(Length: 4)  16  94  150  170 
(Length: 4)  16  69  107  177 
(Length: 4)  16  107  185  189 
(Length: 3)  16  23  143 
(Length: 3)  16  34  177 
(Length: 3)  16  69  156 
(Length: 3)  17  48  124 
(Length: 3)  17  82  164 
(Length: 4)  17  59  162  171 
(Length: 3)  17  58  146 
(Length: 3)  17  82  162 
(Length: 3)  17  125  146 
(Length: 3)  17  48  171 
(Length: 3)  17  42  43 
(Length: 3)  17  118  124 
(Length: 3)  17  42  133 
(Length: 3)  17  133  164 
(Length: 3)  17  59  125 
(Length: 3)  17  133  171 
(Length: 3)  17  134  189 
(Length: 4)  17  42  58  74 
(Length: 4)  17  42  58  118 
(Length: 3)  17  27  74 
(Length: 3)  17  124  125 
(Length: 3)  17  74  125 
(Length: 3)  17  48  164 
(Length: 3)  17  74  134 
(Length: 3)  17  27  118 
(Length: 3)  17  42  162 
(Length: 3)  17  43  146 
(Length: 3)  18  63  112 
(Length: 3)  18  26  183 
(Length: 3)  18  68  126 
(Length: 3)  18  45  195 
(Length: 4)  18  19  50  122 
(Length: 3)  18  19  49 
(Length: 4)  18  45  88  141 
(Length: 3)  18  26  126 
(Length: 4)  18  45  122  161 
(Length: 3)  18  68  149 
(Length: 3)  18  94  141 
(Length: 3)  18  139  149 
(Length: 3)  18  49  149 
(Length: 4)  18  26  88  141 
(Length: 3)  18  88  139 
(Length: 3)  18  126  139 
(Length: 3)  18  77  81 
(Length: 3)  18  122  168 
(Length: 3)  18  81  161 
(Length: 3)  18  162  168 
(Length: 3)  18  81  139 
(Length: 4)  18  45  62  141 
(Length: 4)  18  63  168  195 
(Length: 3)  18  49  162 
(Length: 3)  18  112  139 
(Length: 3)  18  124  126 
(Length: 3)  18  77  183 
(Length: 4)  18  68  112  141 
(Length: 4)  18  26  50  80 
(Length: 4)  18  45  112  141 
(Length: 3)  18  19  112 
(Length: 3)  18  183  195 
(Length: 3)  18  62  63 
(Length: 3)  19  52  112 
(Length: 3)  19  110  184 
(Length: 3)  19  65  95 
(Length: 3)  19  44  73 
(Length: 3)  19  44  100 
(Length: 3)  19  73  92 
(Length: 3)  19  42  93 
(Length: 3)  19  171  184 
(Length: 4)  19  49  120  185 
(Length: 4)  19  49  93  185 
(Length: 3)  19  42  52 
(Length: 3)  19  42  143 
(Length: 3)  19  65  100 
(Length: 4)  19  100  121  189 
(Length: 4)  19  49  120  171 
(Length: 3)  19  112  184 
(Length: 3)  19  50  52 
(Length: 3)  19  78  112 
(Length: 3)  19  95  112 
(Length: 3)  19  100  112 
(Length: 3)  19  52  121 
(Length: 3)  19  52  171 
(Length: 4)  19  92  120  170 
(Length: 3)  19  73  95 
(Length: 3)  19  50  199 
(Length: 3)  19  50  95 
(Length: 3)  19  143  199 
(Length: 3)  19  50  189 
(Length: 4)  19  129  185  189 
(Length: 3)  19  44  50 
(Length: 4)  19  100  121  122 
(Length: 3)  19  93  95 
(Length: 3)  20  73  128 
(Length: 3)  20  62  133 
(Length: 3)  20  33  70 
(Length: 4)  20  44  54  159 
(Length: 4)  20  101  125  159 
(Length: 4)  20  45  66  91 
(Length: 3)  20  81  177 
(Length: 3)  20  81  161 
(Length: 4)  20  58  104  148 
(Length: 3)  20  45  148 
(Length: 4)  20  58  81  91 
(Length: 3)  20  54  111 
(Length: 3)  20  66  177 
(Length: 3)  20  98  111 
(Length: 4)  20  125  158  159 
(Length: 3)  20  66  193 
(Length: 3)  20  123  158 
(Length: 3)  20  73  101 
(Length: 3)  20  97  98 
(Length: 3)  20  81  139 
(Length: 3)  20  45  161 
(Length: 4)  20  73  98  161 
(Length: 3)  20  30  33 
(Length: 3)  20  38  177 
(Length: 4)  20  44  73  104 
(Length: 3)  20  38  133 
(Length: 4)  20  45  62  123 
(Length: 3)  20  38  159 
(Length: 4)  20  70  91  128 
(Length: 4)  20  62  101  123 
(Length: 4)  20  125  159  161 
(Length: 4)  20  30  62  123 
(Length: 4)  20  58  66  91 
(Length: 3)  20  70  111 
(Length: 4)  20  62  70  123 
(Length: 3)  20  104  158 
(Length: 4)  20  73  104  148 
(Length: 4)  20  44  81  91 
(Length: 3)  20  104  133 
(Length: 3)  20  111  193 
(Length: 3)  21  49  54 
(Length: 3)  21  99  195 
(Length: 3)  21  111  180 
(Length: 4)  21  99  149  193 
(Length: 3)  21  62  134 
(Length: 4)  21  100  149  193 
(Length: 3)  21  71  111 
(Length: 4)  21  100  156  189 
(Length: 4)  21  116  156  195 
(Length: 4)  21  100  116  156 
(Length: 3)  21  39  123 
(Length: 3)  21  23  71 
(Length: 3)  21  40  54 
(Length: 3)  21  40  88 
(Length: 3)  21  54  186 
(Length: 3)  21  49  71 
(Length: 3)  21  54  111 
(Length: 3)  21  49  149 
(Length: 3)  21  49  185 
(Length: 3)  21  123  156 
(Length: 3)  21  123  180 
(Length: 3)  21  185  189 
(Length: 3)  21  39  54 
(Length: 4)  21  100  111  193 
(Length: 3)  21  134  180 
(Length: 3)  21  40  123 
(Length: 4)  21  99  111  193 
(Length: 4)  21  27  100  193 
(Length: 4)  21  100  189  193 
(Length: 3)  21  23  116 
(Length: 3)  21  71  88 
(Length: 3)  21  134  189 
(Length: 3)  22  74  143 
(Length: 3)  22  70  191 
(Length: 3)  22  59  182 
(Length: 3)  22  112  191 
(Length: 3)  22  92  147 
(Length: 3)  22  94  170 
(Length: 3)  22  23  143 
(Length: 3)  22  59  132 
(Length: 3)  22  70  134 
(Length: 4)  22  59  157  191 
(Length: 3)  22  94  186 
(Length: 3)  22  132  190 
(Length: 3)  22  74  132 
(Length: 4)  22  92  170  187 
(Length: 3)  22  59  109 
(Length: 4)  22  74  100  112 
(Length: 3)  22  74  134 
(Length: 3)  22  97  187 
(Length: 3)  22  187  191 
(Length: 4)  22  100  186  190 
(Length: 3)  22  74  182 
(Length: 3)  22  66  186 
(Length: 3)  22  97  112 
(Length: 4)  22  66  157  191 
(Length: 3)  23  45  91 
(Length: 3)  23  116  128 
(Length: 3)  23  91  128 
(Length: 3)  23  31  71 
(Length: 3)  23  31  127 
(Length: 3)  23  129  140 
(Length: 3)  23  150  176 
(Length: 3)  23  35  91 
(Length: 3)  23  31  176 
(Length: 3)  24  150  194 
(Length: 3)  24  112  194 
(Length: 3)  24  32  185 
(Length: 4)  24  148  150  184 
(Length: 4)  24  112  184  191 
(Length: 3)  24  113  185 
(Length: 3)  24  174  175 
(Length: 3)  24  148  175 
(Length: 3)  24  47  194 
(Length: 3)  24  47  174 
(Length: 3)  24  47  113 
(Length: 3)  24  144  185 
(Length: 3)  24  112  113 
(Length: 3)  24  150  174 
(Length: 3)  24  32  44 
(Length: 4)  24  148  184  186 
(Length: 4)  24  112  144  191 
(Length: 4)  24  44  144  186 
(Length: 3)  24  47  186 
(Length: 4)  25  50  155  164 
(Length: 3)  25  88  146 
(Length: 3)  25  132  192 
(Length: 3)  25  57  107 
(Length: 3)  25  103  107 
(Length: 3)  25  103  130 
(Length: 3)  25  123  142 
(Length: 3)  25  155  184 
(Length: 3)  25  162  192 
(Length: 3)  25  152  155 
(Length: 3)  25  130  146 
(Length: 3)  25  130  162 
(Length: 3)  25  42  155 
(Length: 4)  25  42  97  103 
(Length: 3)  25  88  103 
(Length: 3)  25  107  132 
(Length: 3)  25  57  184 
(Length: 3)  25  50  107 
(Length: 4)  25  42  97  162 
(Length: 3)  25  152  192 
(Length: 4)  25  42  93  162 
(Length: 3)  25  123  129 
(Length: 3)  26  143  199 
(Length: 3)  26  91  183 
(Length: 3)  26  99  150 
(Length: 3)  26  150  174 
(Length: 3)  26  143  174 
(Length: 4)  26  31  67  127 
(Length: 4)  26  33  150  176 
(Length: 4)  26  30  88  89 
(Length: 4)  26  31  67  189 
(Length: 4)  26  36  100  169 
(Length: 4)  26  50  107  189 
(Length: 4)  26  36  100  174 
(Length: 5)  26  36  100  189  193 
(Length: 3)  26  109  169 
(Length: 4)  26  50  177  199 
(Length: 3)  26  107  143 
(Length: 4)  26  31  100  189 
(Length: 4)  26  31  80  189 
(Length: 3)  26  107  132 
(Length: 4)  26  33  36  176 
(Length: 3)  26  30  33 
(Length: 4)  26  50  89  133 
(Length: 3)  26  31  176 
(Length: 3)  26  71  188 
(Length: 3)  26  126  177 
(Length: 3)  26  36  93 
(Length: 3)  26  126  133 
(Length: 4)  26  50  107  177 
(Length: 4)  26  36  99  169 
(Length: 3)  26  67  143 
(Length: 4)  26  36  126  176 
(Length: 3)  26  30  143 
(Length: 3)  26  29  183 
(Length: 4)  26  71  174  182 
(Length: 4)  26  67  183  189 
(Length: 5)  26  27  36  100  193 
(Length: 5)  26  36  99  126  193 
(Length: 4)  26  29  71  182 
(Length: 3)  26  93  188 
(Length: 4)  26  50  80  189 
(Length: 3)  26  36  91 
(Length: 3)  26  109  188 
(Length: 3)  26  67  182 
(Length: 3)  26  127  193 
(Length: 3)  26  31  93 
(Length: 4)  26  36  174  182 
(Length: 3)  26  89  176 
(Length: 4)  26  29  100  141 
(Length: 4)  26  71  88  199 
(Length: 4)  26  99  132  193 
(Length: 4)  26  31  71  132 
(Length: 3)  26  29  30 
(Length: 3)  26  27  199 
(Length: 4)  26  50  89  177 
(Length: 3)  27  122  181 
(Length: 3)  27  153  194 
(Length: 3)  27  46  181 
(Length: 3)  27  46  153 
(Length: 3)  27  98  118 
(Length: 3)  27  153  193 
(Length: 3)  27  100  122 
(Length: 3)  27  60  122 
(Length: 3)  27  74  181 
(Length: 3)  27  36  194 
(Length: 3)  27  57  193 
(Length: 3)  27  98  114 
(Length: 3)  27  57  122 
(Length: 3)  27  57  74 
(Length: 3)  27  74  100 
(Length: 4)  28  71  88  199 
(Length: 3)  28  38  88 
(Length: 3)  28  132  193 
(Length: 4)  28  51  69  132 
(Length: 3)  28  67  69 
(Length: 4)  28  51  71  132 
(Length: 3)  28  120  134 
(Length: 3)  29  124  129 
(Length: 3)  29  129  182 
(Length: 3)  29  105  180 
(Length: 3)  29  105  131 
(Length: 3)  29  69  141 
(Length: 3)  29  100  124 
(Length: 3)  29  60  84 
(Length: 3)  29  60  87 
(Length: 3)  29  34  84 
(Length: 4)  29  71  131  155 
(Length: 3)  29  105  129 
(Length: 3)  29  155  180 
(Length: 3)  29  157  168 
(Length: 3)  29  180  183 
(Length: 4)  29  124  157  180 
(Length: 4)  29  131  155  168 
(Length: 3)  29  131  196 
(Length: 3)  29  183  196 
(Length: 3)  30  65  103 
(Length: 3)  30  75  193 
(Length: 3)  30  56  154 
(Length: 3)  30  136  181 
(Length: 3)  30  134  154 
(Length: 3)  30  33  197 
(Length: 4)  30  64  153  168 
(Length: 4)  30  35  64  172 
(Length: 4)  30  33  35  172 
(Length: 3)  30  89  197 
(Length: 4)  30  56  62  65 
(Length: 3)  30  75  89 
(Length: 3)  30  138  168 
(Length: 3)  30  181  197 
(Length: 3)  30  154  193 
(Length: 4)  30  59  88  139 
(Length: 3)  30  62  138 
(Length: 3)  30  136  143 
(Length: 4)  30  35  64  153 
(Length: 4)  30  153  168  193 
(Length: 3)  30  35  83 
(Length: 3)  30  35  181 
(Length: 3)  30  88  103 
(Length: 4)  30  62  83  134 
(Length: 3)  30  64  154 
(Length: 3)  30  103  153 
(Length: 3)  30  123  181 
(Length: 3)  30  64  89 
(Length: 4)  30  59  88  138 
(Length: 3)  30  88  145 
(Length: 3)  30  143  145 
(Length: 3)  30  139  143 
(Length: 4)  31  34  44  119 
(Length: 3)  31  178  187 
(Length: 4)  31  34  70  117 
(Length: 4)  31  74  77  125 
(Length: 3)  31  77  178 
(Length: 3)  31  124  180 
(Length: 3)  31  154  194 
(Length: 4)  31  125  146  158 
(Length: 3)  31  49  192 
(Length: 3)  31  34  67 
(Length: 3)  31  34  65 
(Length: 3)  31  74  100 
(Length: 4)  31  119  132  158 
(Length: 3)  31  67  192 
(Length: 3)  31  44  192 
(Length: 4)  31  34  44  117 
(Length: 4)  31  44  71  119 
(Length: 3)  31  44  144 
(Length: 3)  31  77  117 
(Length: 4)  31  71  119  132 
(Length: 4)  31  44  100  124 
(Length: 3)  31  70  71 
(Length: 3)  31  158  176 
(Length: 3)  31  65  71 
(Length: 3)  31  77  97 
(Length: 3)  31  49  93 
(Length: 3)  31  189  194 
(Length: 4)  31  74  113  180 
(Length: 4)  31  113  154  180 
(Length: 3)  31  71  146 
(Length: 4)  31  77  124  125 
(Length: 4)  31  132  154  192 
(Length: 3)  31  71  113 
(Length: 3)  31  65  176 
(Length: 3)  31  34  125 
(Length: 4)  31  74  77  113 
(Length: 4)  31  67  74  113 
(Length: 3)  31  65  100 
(Length: 3)  31  65  192 
(Length: 3)  31  70  127 
(Length: 3)  31  124  176 
(Length: 3)  31  49  71 
(Length: 3)  31  146  178 
(Length: 3)  31  74  132 
(Length: 4)  31  70  144  176 
(Length: 3)  31  124  187 
(Length: 4)  31  97  127  187 
(Length: 4)  31  80  154  180 
(Length: 3)  31  80  119 
(Length: 3)  31  100  154 
(Length: 3)  32  44  182 
(Length: 3)  32  44  104 
(Length: 3)  32  92  165 
(Length: 3)  32  101  146 
(Length: 3)  32  49  185 
(Length: 3)  32  36  182 
(Length: 3)  32  36  185 
(Length: 3)  32  104  157 
(Length: 3)  32  101  157 
(Length: 3)  32  165  185 
(Length: 4)  33  36  124  175 
(Length: 3)  33  130  172 
(Length: 3)  33  34  37 
(Length: 4)  33  36  175  197 
(Length: 3)  33  47  147 
(Length: 4)  33  36  110  176 
(Length: 3)  33  108  150 
(Length: 4)  33  34  36  70 
(Length: 4)  33  36  124  176 
(Length: 4)  33  36  70  176 
(Length: 3)  33  70  172 
(Length: 3)  33  36  130 
(Length: 3)  33  47  70 
(Length: 3)  33  47  124 
(Length: 3)  33  35  137 
(Length: 3)  33  37  197 
(Length: 4)  33  37  124  176 
(Length: 3)  33  68  86 
(Length: 3)  33  47  110 
(Length: 3)  33  86  175 
(Length: 3)  33  108  110 
(Length: 3)  33  86  150 
(Length: 3)  33  68  131 
(Length: 3)  33  130  178 
(Length: 3)  34  50  181 
(Length: 3)  34  84  140 
(Length: 3)  34  171  181 
(Length: 3)  34  96  140 
(Length: 3)  34  156  181 
(Length: 3)  34  114  140 
(Length: 3)  34  140  153 
(Length: 3)  34  84  156 
(Length: 3)  34  62  119 
(Length: 3)  34  65  84 
(Length: 3)  34  151  171 
(Length: 3)  34  46  181 
(Length: 3)  34  119  161 
(Length: 4)  34  46  135  153 
(Length: 4)  34  36  70  91 
(Length: 3)  34  67  114 
(Length: 4)  34  62  108  166 
(Length: 3)  34  36  166 
(Length: 3)  34  62  70 
(Length: 3)  34  96  125 
(Length: 3)  34  52  67 
(Length: 3)  34  37  50 
(Length: 3)  34  91  181 
(Length: 4)  34  44  50  108 
(Length: 4)  34  44  108  117 
(Length: 3)  34  50  52 
(Length: 4)  34  44  119  156 
(Length: 3)  34  95  96 
(Length: 3)  34  50  95 
(Length: 3)  34  67  165 
(Length: 3)  34  37  109 
(Length: 3)  34  37  117 
(Length: 3)  34  108  140 
(Length: 3)  34  125  161 
(Length: 3)  34  37  125 
(Length: 3)  34  151  177 
(Length: 3)  34  156  165 
(Length: 3)  34  50  177 
(Length: 4)  34  135  153  177 
(Length: 3)  34  62  65 
(Length: 4)  34  36  52  171 
(Length: 4)  34  65  95  135 
(Length: 3)  35  50  83 
(Length: 3)  35  79  137 
(Length: 4)  35  58  81  91 
(Length: 3)  35  64  179 
(Length: 3)  35  140  153 
(Length: 3)  35  140  196 
(Length: 3)  35  42  58 
(Length: 4)  35  41  64  120 
(Length: 3)  35  50  164 
(Length: 3)  35  82  164 
(Length: 3)  35  50  181 
(Length: 3)  35  79  164 
(Length: 3)  35  79  181 
(Length: 3)  35  81  82 
(Length: 3)  35  81  121 
(Length: 3)  35  81  140 
(Length: 3)  35  91  181 
(Length: 3)  35  64  137 
(Length: 3)  35  82  174 
(Length: 3)  35  82  196 
(Length: 4)  35  64  120  153 
(Length: 3)  35  41  42 
(Length: 3)  36  174  175 
(Length: 4)  36  77  91  124 
(Length: 3)  36  189  194 
(Length: 3)  36  167  182 
(Length: 4)  36  70  91  128 
(Length: 3)  36  91  162 
(Length: 3)  36  93  162 
(Length: 3)  36  75  77 
(Length: 4)  36  124  148  175 
(Length: 4)  36  99  124  169 
(Length: 4)  36  55  75  155 
(Length: 3)  36  97  126 
(Length: 4)  36  55  99  110 
(Length: 4)  36  55  99  124 
(Length: 4)  36  55  110  128 
(Length: 4)  36  124  126  176 
(Length: 3)  36  155  175 
(Length: 3)  36  93  185 
(Length: 3)  36  130  195 
(Length: 3)  36  77  97 
(Length: 3)  36  124  167 
(Length: 3)  36  175  189 
(Length: 3)  36  167  185 
(Length: 4)  36  99  124  126 
(Length: 4)  36  91  124  128 
(Length: 4)  36  91  124  175 
(Length: 3)  36  162  174 
(Length: 3)  36  75  193 
(Length: 3)  36  185  189 
(Length: 4)  36  91  175  195 
(Length: 3)  36  77  110 
(Length: 3)  36  103  130 
(Length: 3)  36  171  182 
(Length: 4)  36  97  162  171 
(Length: 4)  36  100  124  169 
(Length: 3)  36  182  195 
(Length: 3)  36  126  185 
(Length: 4)  36  124  126  128 
(Length: 4)  36  52  99  126 
(Length: 3)  36  40  130 
(Length: 3)  36  40  55 
(Length: 3)  36  130  162 
(Length: 4)  36  52  99  195 
(Length: 4)  36  126  128  130 
(Length: 3)  36  128  171 
(Length: 4)  36  55  124  128 
(Length: 3)  37  59  182 
(Length: 3)  37  85  194 
(Length: 3)  37  117  148 
(Length: 3)  37  59  125 
(Length: 3)  37  59  132 
(Length: 3)  37  59  109 
(Length: 3)  37  73  194 
(Length: 3)  37  182  197 
(Length: 4)  37  73  124  148 
(Length: 4)  37  124  125  199 
(Length: 3)  37  50  83 
(Length: 3)  37  50  122 
(Length: 3)  37  59  85 
(Length: 3)  37  72  73 
(Length: 3)  37  40  125 
(Length: 3)  37  72  122 
(Length: 3)  37  50  199 
(Length: 3)  37  73  182 
(Length: 4)  38  86  150  170 
(Length: 3)  38  86  164 
(Length: 3)  38  63  150 
(Length: 3)  38  86  88 
(Length: 3)  38  133  164 
(Length: 3)  38  185  198 
(Length: 3)  38  92  170 
(Length: 3)  38  92  164 
(Length: 3)  38  92  102 
(Length: 3)  38  185  189 
(Length: 3)  38  76  159 
(Length: 3)  38  76  179 
(Length: 4)  38  60  86  150 
(Length: 3)  38  72  102 
(Length: 3)  38  179  189 
(Length: 3)  38  63  102 
(Length: 3)  38  60  197 
(Length: 3)  38  164  177 
(Length: 4)  38  72  86  189 
(Length: 3)  39  70  123 
(Length: 3)  39  53  157 
(Length: 3)  39  123  181 
(Length: 3)  39  136  181 
(Length: 4)  39  44  54  173 
(Length: 3)  39  113  179 
(Length: 3)  39  53  123 
(Length: 3)  39  157  179 
(Length: 3)  40  88  173 
(Length: 3)  40  54  173 
(Length: 3)  40  48  105 
(Length: 3)  40  105  198 
(Length: 3)  40  105  123 
(Length: 3)  40  105  165 
(Length: 3)  40  82  123 
(Length: 3)  40  69  130 
(Length: 3)  40  125  130 
(Length: 4)  41  55  141  142 
(Length: 3)  41  139  149 
(Length: 4)  41  42  45  52 
(Length: 3)  41  64  77 
(Length: 3)  41  116  120 
(Length: 3)  41  116  139 
(Length: 3)  41  116  152 
(Length: 3)  41  149  152 
(Length: 4)  41  42  60  68 
(Length: 5)  41  63  70  127  142 
(Length: 3)  41  42  139 
(Length: 3)  41  70  116 
(Length: 3)  41  64  127 
(Length: 3)  41  77  104 
(Length: 3)  41  75  152 
(Length: 3)  41  75  77 
(Length: 4)  41  55  139  142 
(Length: 4)  41  55  127  142 
(Length: 3)  41  55  75 
(Length: 3)  41  60  163 
(Length: 3)  41  68  149 
(Length: 3)  41  52  116 
(Length: 3)  41  45  141 
(Length: 3)  42  71  139 
(Length: 3)  42  119  156 
(Length: 3)  42  71  188 
(Length: 4)  42  71  119  190 
(Length: 3)  42  74  131 
(Length: 3)  42  43  103 
(Length: 3)  42  118  131 
(Length: 3)  42  76  118 
(Length: 3)  42  76  139 
(Length: 3)  42  143  155 
(Length: 3)  42  76  190 
(Length: 3)  42  68  131 
(Length: 3)  42  58  68 
(Length: 4)  42  71  111  155 
(Length: 4)  42  97  98  103 
(Length: 3)  42  98  118 
(Length: 3)  42  106  109 
(Length: 3)  42  139  143 
(Length: 4)  42  76  111  155 
(Length: 3)  42  52  190 
(Length: 3)  42  118  154 
(Length: 4)  42  60  156  162 
(Length: 3)  42  71  103 
(Length: 3)  42  43  106 
(Length: 4)  42  154  155  156 
(Length: 3)  42  45  156 
(Length: 4)  42  71  131  155 
(Length: 3)  42  76  162 
(Length: 4)  42  60  103  156 
(Length: 4)  42  106  143  162 
(Length: 3)  42  109  188 
(Length: 4)  42  133  154  155 
(Length: 3)  42  98  106 
(Length: 3)  42  98  111 
(Length: 3)  42  98  114 
(Length: 3)  42  74  188 
(Length: 3)  42  93  188 
(Length: 3)  42  74  143 
(Length: 3)  43  122  181 
(Length: 3)  43  103  122 
(Length: 3)  43  146  181 
(Length: 3)  43  106  142 
(Length: 3)  43  87  142 
(Length: 3)  43  106  186 
(Length: 3)  43  103  186 
(Length: 3)  43  181  186 
(Length: 3)  44  69  91 
(Length: 3)  44  103  156 
(Length: 3)  44  71  182 
(Length: 3)  44  69  144 
(Length: 3)  44  73  186 
(Length: 3)  44  54  186 
(Length: 4)  44  71  119  159 
(Length: 3)  44  100  186 
(Length: 3)  44  103  186 
(Length: 3)  44  117  173 
(Length: 3)  44  69  156 
(Length: 3)  44  182  192 
(Length: 3)  44  100  156 
(Length: 4)  44  73  104  124 
(Length: 3)  44  69  159 
(Length: 3)  44  91  124 
(Length: 3)  44  71  173 
(Length: 3)  44  73  182 
(Length: 3)  44  71  104 
(Length: 3)  44  71  103 
(Length: 3)  44  71  81 
(Length: 3)  45  91  122 
(Length: 3)  45  134  148 
(Length: 4)  45  59  86  88 
(Length: 4)  45  59  88  173 
(Length: 4)  45  88  141  173 
(Length: 3)  45  134  180 
(Length: 3)  45  148  156 
(Length: 3)  45  173  195 
(Length: 3)  45  123  156 
(Length: 4)  45  82  122  123 
(Length: 3)  45  86  195 
(Length: 3)  45  66  173 
(Length: 3)  45  62  86 
(Length: 3)  45  91  195 
(Length: 3)  45  62  134 
(Length: 3)  45  52  112 
(Length: 3)  45  52  66 
(Length: 3)  45  156  195 
(Length: 3)  45  82  195 
(Length: 4)  45  52  59  88 
(Length: 3)  45  52  195 
(Length: 4)  45  82  123  180 
(Length: 3)  45  112  123 
(Length: 3)  45  66  86 
(Length: 3)  46  51  181 
(Length: 3)  46  153  169 
(Length: 3)  46  49  51 
(Length: 3)  46  136  181 
(Length: 3)  46  51  148 
(Length: 3)  47  100  124 
(Length: 3)  47  155  180 
(Length: 4)  47  70  71  88 
(Length: 4)  47  71  88  147 
(Length: 4)  47  89  110  186 
(Length: 3)  47  49  79 
(Length: 4)  47  49  51  71 
(Length: 3)  47  71  104 
(Length: 3)  47  79  168 
(Length: 3)  47  106  147 
(Length: 4)  47  71  113  147 
(Length: 3)  47  71  174 
(Length: 3)  47  125  155 
(Length: 3)  47  133  155 
(Length: 3)  47  106  133 
(Length: 3)  47  133  194 
(Length: 3)  47  104  133 
(Length: 3)  47  104  124 
(Length: 3)  47  51  186 
(Length: 3)  47  74  100 
(Length: 3)  47  125  186 
(Length: 3)  47  74  125 
(Length: 4)  47  100  106  174 
(Length: 4)  47  74  113  180 
(Length: 3)  47  135  186 
(Length: 4)  47  100  106  186 
(Length: 3)  47  110  180 
(Length: 4)  47  70  88  89 
(Length: 4)  47  51  71  155 
(Length: 3)  47  155  168 
(Length: 3)  47  168  174 
(Length: 3)  47  124  180 
(Length: 3)  47  89  133 
(Length: 3)  47  104  135 
(Length: 3)  47  124  125 
(Length: 4)  48  80  102  147 
(Length: 3)  48  87  143 
(Length: 3)  48  75  147 
(Length: 3)  48  77  164 
(Length: 3)  48  159  166 
(Length: 4)  48  138  150  151 
(Length: 3)  48  75  137 
(Length: 3)  48  75  77 
(Length: 3)  48  61  190 
(Length: 3)  48  49  171 
(Length: 3)  48  105  151 
(Length: 3)  48  49  75 
(Length: 3)  48  106  109 
(Length: 4)  48  124  138  151 
(Length: 3)  48  106  147 
(Length: 3)  48  61  75 
(Length: 3)  48  106  143 
(Length: 3)  48  151  171 
(Length: 3)  48  138  147 
(Length: 4)  48  77  124  138 
(Length: 3)  48  166  179 
(Length: 3)  48  143  163 
(Length: 3)  48  87  151 
(Length: 3)  48  102  109 
(Length: 3)  48  105  147 
(Length: 3)  49  54  85 
(Length: 3)  49  59  71 
(Length: 3)  49  162  179 
(Length: 3)  49  71  75 
(Length: 3)  49  162  192 
(Length: 3)  49  51  149 
(Length: 4)  49  59  162  171 
(Length: 4)  49  59  93  162 
(Length: 3)  49  79  149 
(Length: 3)  49  51  85 
(Length: 3)  49  79  93 
(Length: 5)  49  59  85  93  185 
(Length: 3)  49  120  192 
(Length: 3)  50  164  177 
(Length: 4)  50  95  133  155 
(Length: 3)  50  122  181 
(Length: 4)  50  133  155  164 
(Length: 3)  50  80  83 
(Length: 3)  51  137  141 
(Length: 3)  51  71  188 
(Length: 3)  51  77  188 
(Length: 3)  51  114  132 
(Length: 3)  51  56  85 
(Length: 3)  51  155  156 
(Length: 3)  51  77  114 
(Length: 3)  51  69  102 
(Length: 3)  51  181  186 
(Length: 3)  51  69  156 
(Length: 3)  51  102  149 
(Length: 3)  51  69  141 
(Length: 4)  51  56  77  186 
(Length: 3)  51  85  188 
(Length: 3)  51  85  155 
(Length: 3)  51  60  156 
(Length: 3)  51  56  137 
(Length: 3)  51  148  186 
(Length: 3)  51  156  181 
(Length: 3)  51  69  85 
(Length: 4)  51  71  137  155 
(Length: 3)  51  148  156 
(Length: 3)  52  59  171 
(Length: 3)  52  116  195 
(Length: 4)  52  67  190  195 
(Length: 3)  52  116  172 
(Length: 4)  52  59  88  191 
(Length: 3)  52  99  172 
(Length: 4)  52  59  85  191 
(Length: 3)  52  112  191 
(Length: 3)  53  151  182 
(Length: 3)  53  122  137 
(Length: 3)  53  118  124 
(Length: 3)  53  79  137 
(Length: 4)  53  128  130  190 
(Length: 3)  53  178  198 
(Length: 3)  53  185  198 
(Length: 3)  53  190  198 
(Length: 4)  53  81  161  185 
(Length: 3)  53  83  166 
(Length: 3)  53  87  151 
(Length: 4)  53  91  124  175 
(Length: 3)  53  124  151 
(Length: 3)  53  123  124 
(Length: 4)  53  130  146  178 
(Length: 3)  53  118  198 
(Length: 4)  53  92  130  178 
(Length: 3)  53  92  175 
(Length: 3)  53  79  160 
(Length: 3)  53  81  91 
(Length: 4)  53  124  128  157 
(Length: 3)  53  87  178 
(Length: 4)  53  91  124  128 
(Length: 3)  53  160  198 
(Length: 4)  53  92  128  130 
(Length: 3)  53  81  146 
(Length: 3)  53  81  157 
(Length: 3)  53  160  182 
(Length: 3)  53  92  123 
(Length: 3)  53  146  175 
(Length: 3)  53  106  182 
(Length: 3)  53  91  122 
(Length: 3)  54  159  166 
(Length: 3)  54  85  159 
(Length: 3)  54  166  173 
(Length: 3)  54  110  186 
(Length: 3)  54  85  111 
(Length: 3)  55  154  155 
(Length: 3)  55  61  75 
(Length: 3)  55  74  99 
(Length: 3)  55  61  141 
(Length: 3)  55  99  142 
(Length: 3)  55  61  187 
(Length: 3)  55  61  144 
(Length: 3)  55  124  187 
(Length: 3)  55  119  158 
(Length: 3)  55  134  154 
(Length: 3)  55  154  192 
(Length: 3)  55  61  99 
(Length: 3)  55  119  142 
(Length: 3)  55  74  134 
(Length: 3)  55  139  192 
(Length: 3)  55  144  155 
(Length: 3)  55  127  187 
(Length: 3)  56  106  175 
(Length: 3)  56  118  154 
(Length: 4)  56  106  158  182 
(Length: 3)  56  118  131 
(Length: 3)  56  131  186 
(Length: 3)  56  85  180 
(Length: 3)  56  77  113 
(Length: 3)  56  122  137 
(Length: 3)  56  106  186 
(Length: 3)  56  65  84 
(Length: 4)  56  113  154  180 
(Length: 3)  56  122  131 
(Length: 3)  56  108  180 
(Length: 3)  56  92  175 
(Length: 3)  56  137  177 
(Length: 3)  56  77  177 
(Length: 3)  56  62  108 
(Length: 3)  56  137  180 
(Length: 3)  56  84  106 
(Length: 3)  56  122  158 
(Length: 4)  57  72  86  189 
(Length: 3)  57  71  184 
(Length: 3)  57  184  186 
(Length: 3)  57  69  144 
(Length: 3)  57  161  186 
(Length: 4)  57  94  189  193 
(Length: 3)  57  74  184 
(Length: 3)  57  69  107 
(Length: 3)  57  71  122 
(Length: 3)  57  171  184 
(Length: 3)  57  122  161 
(Length: 3)  57  72  122 
(Length: 3)  57  74  107 
(Length: 3)  58  167  199 
(Length: 3)  58  92  175 
(Length: 3)  58  68  141 
(Length: 3)  58  118  138 
(Length: 4)  58  74  91  175 
(Length: 3)  58  148  175 
(Length: 4)  58  138  148  157 
(Length: 4)  58  81  157  167 
(Length: 4)  58  65  86  150 
(Length: 3)  58  74  107 
(Length: 3)  58  92  178 
(Length: 3)  58  86  175 
(Length: 3)  58  146  175 
(Length: 3)  58  65  104 
(Length: 3)  58  81  86 
(Length: 3)  58  175  199 
(Length: 4)  58  138  148  150 
(Length: 3)  58  92  138 
(Length: 3)  58  68  86 
(Length: 4)  58  104  148  157 
(Length: 3)  58  66  86 
(Length: 4)  58  66  107  157 
(Length: 3)  58  81  146 
(Length: 4)  59  71  88  173 
(Length: 4)  59  85  93  138 
(Length: 3)  59  106  109 
(Length: 4)  59  106  162  174 
(Length: 4)  59  71  174  182 
(Length: 4)  59  86  174  182 
(Length: 4)  59  106  158  182 
(Length: 4)  59  71  81  139 
(Length: 4)  59  71  88  139 
(Length: 3)  59  71  132 
(Length: 4)  59  86  150  160 
(Length: 3)  59  157  171 
(Length: 3)  59  81  177 
(Length: 4)  59  71  160  182 
(Length: 4)  59  71  139  174 
(Length: 3)  59  130  162 
(Length: 3)  59  81  185 
(Length: 3)  59  81  157 
(Length: 4)  59  86  158  182 
(Length: 3)  59  81  86 
(Length: 4)  59  86  93  160 
(Length: 4)  59  86  160  182 
(Length: 3)  59  138  157 
(Length: 3)  59  171  182 
(Length: 4)  59  86  150  174 
(Length: 3)  59  138  150 
(Length: 4)  59  125  130  158 
(Length: 4)  59  106  174  182 
(Length: 3)  59  132  158 
(Length: 3)  60  84  138 
(Length: 3)  60  84  156 
(Length: 3)  60  62  138 
(Length: 3)  60  68  184 
(Length: 3)  60  68  86 
(Length: 4)  60  138  150  151 
(Length: 3)  60  162  171 
(Length: 3)  60  81  86 
(Length: 3)  60  103  122 
(Length: 4)  60  151  171  184 
(Length: 3)  60  87  151 
(Length: 4)  60  150  151  184 
(Length: 4)  60  62  83  134 
(Length: 3)  60  84  86 
(Length: 3)  60  81  134 
(Length: 4)  60  87  162  192 
(Length: 3)  60  66  86 
(Length: 3)  60  62  86 
(Length: 3)  60  192  197 
(Length: 3)  61  71  190 
(Length: 3)  61  75  89 
(Length: 3)  61  75  178 
(Length: 4)  61  70  71  111 
(Length: 4)  61  70  111  172 
(Length: 4)  61  92  178  187 
(Length: 4)  61  99  111  172 
(Length: 3)  61  141  173 
(Length: 3)  61  71  75 
(Length: 3)  61  70  89 
(Length: 3)  61  70  144 
(Length: 3)  61  172  173 
(Length: 3)  61  71  173 
(Length: 3)  62  72  134 
(Length: 3)  62  65  133 
(Length: 3)  62  72  119 
(Length: 4)  62  93  101  138 
(Length: 4)  62  76  134  174 
(Length: 3)  62  63  70 
(Length: 3)  62  93  188 
(Length: 4)  62  93  115  138 
(Length: 4)  62  63  93  138 
(Length: 3)  62  83  166 
(Length: 3)  62  86  174 
(Length: 3)  62  119  133 
(Length: 4)  62  86  93  101 
(Length: 3)  62  101  166 
(Length: 3)  62  70  134 
(Length: 4)  62  76  83  134 
(Length: 3)  62  108  123 
(Length: 3)  62  72  86 
(Length: 3)  63  112  144 
(Length: 4)  63  67  175  195 
(Length: 3)  63  156  181 
(Length: 3)  63  67  102 
(Length: 3)  63  156  169 
(Length: 4)  63  71  155  175 
(Length: 4)  63  70  127  172 
(Length: 3)  63  138  144 
(Length: 3)  63  70  71 
(Length: 3)  63  156  195 
(Length: 3)  63  112  169 
(Length: 3)  63  71  190 
(Length: 3)  63  142  175 
(Length: 3)  63  67  114 
(Length: 4)  63  67  190  195 
(Length: 3)  63  138  150 
(Length: 4)  63  168  175  195 
(Length: 3)  63  138  168 
(Length: 4)  63  155  168  175 
(Length: 3)  63  155  156 
(Length: 3)  63  67  127 
(Length: 3)  63  70  144 
(Length: 3)  63  102  142 
(Length: 4)  64  67  165  183 
(Length: 3)  64  154  194 
(Length: 3)  64  137  191 
(Length: 3)  64  124  176 
(Length: 3)  64  154  191 
(Length: 4)  64  67  183  189 
(Length: 3)  64  127  172 
(Length: 3)  64  172  194 
(Length: 3)  64  136  161 
(Length: 3)  64  89  191 
(Length: 3)  64  176  179 
(Length: 3)  64  189  194 
(Length: 3)  64  85  123 
(Length: 3)  64  124  167 
(Length: 3)  64  85  191 
(Length: 4)  64  85  161  194 
(Length: 4)  64  67  92  165 
(Length: 3)  64  67  127 
(Length: 3)  64  137  183 
(Length: 4)  64  67  113  179 
(Length: 3)  64  161  176 
(Length: 3)  64  92  130 
(Length: 4)  64  130  162  179 
(Length: 4)  64  89  101  130 
(Length: 4)  64  101  120  146 
(Length: 3)  64  89  176 
(Length: 4)  64  85  119  161 
(Length: 3)  64  92  120 
(Length: 3)  64  127  153 
(Length: 3)  64  77  183 
(Length: 4)  64  113  154  179 
(Length: 4)  64  77  123  124 
(Length: 3)  64  120  136 
(Length: 3)  64  153  194 
(Length: 3)  64  162  165 
(Length: 4)  64  67  92  123 
(Length: 3)  64  154  165 
(Length: 3)  64  165  167 
(Length: 3)  65  95  133 
(Length: 3)  65  94  192 
(Length: 3)  65  94  133 
(Length: 3)  65  71  82 
(Length: 3)  65  162  192 
(Length: 3)  65  102  176 
(Length: 3)  65  94  150 
(Length: 3)  65  84  86 
(Length: 3)  65  82  94 
(Length: 3)  65  102  103 
(Length: 3)  65  100  102 
(Length: 3)  65  71  104 
(Length: 4)  65  103  107  135 
(Length: 3)  65  82  162 
(Length: 3)  65  150  176 
(Length: 3)  65  104  133 
(Length: 3)  65  71  103 
(Length: 3)  66  69  91 
(Length: 3)  66  121  177 
(Length: 4)  66  121  142  157 
(Length: 3)  66  137  191 
(Length: 3)  66  75  193 
(Length: 3)  66  86  196 
(Length: 3)  66  136  193 
(Length: 4)  66  69  107  177 
(Length: 3)  66  75  137 
(Length: 3)  66  137  177 
(Length: 4)  66  142  157  191 
(Length: 3)  66  91  142 
(Length: 3)  66  69  191 
(Length: 3)  67  74  175 
(Length: 4)  67  92  102  128 
(Length: 4)  67  69  102  128 
(Length: 3)  67  183  195 
(Length: 4)  67  175  192  197 
(Length: 3)  67  103  122 
(Length: 3)  67  127  197 
(Length: 3)  67  103  105 
(Length: 4)  67  92  175  197 
(Length: 3)  67  105  195 
(Length: 3)  67  105  123 
(Length: 3)  67  105  165 
(Length: 4)  67  148  186  190 
(Length: 3)  67  122  123 
(Length: 3)  67  105  113 
(Length: 3)  67  175  189 
(Length: 4)  67  182  192  197 
(Length: 3)  67  148  175 
(Length: 3)  67  102  182 
(Length: 3)  67  74  143 
(Length: 3)  67  182  195 
(Length: 3)  67  102  103 
(Length: 3)  67  103  186 
(Length: 3)  67  74  182 
(Length: 4)  68  69  91  128 
(Length: 3)  68  117  129 
(Length: 3)  68  126  185 
(Length: 3)  68  86  164 
(Length: 3)  68  126  128 
(Length: 3)  68  184  186 
(Length: 3)  68  131  186 
(Length: 3)  68  126  186 
(Length: 3)  68  129  185 
(Length: 3)  68  79  181 
(Length: 3)  68  128  149 
(Length: 3)  68  69  141 
(Length: 3)  68  91  181 
(Length: 3)  68  181  186 
(Length: 3)  68  79  149 
(Length: 3)  68  112  184 
(Length: 3)  68  79  164 
(Length: 3)  69  85  159 
(Length: 3)  69  144  191 
(Length: 3)  69  154  191 
(Length: 3)  69  85  107 
(Length: 3)  69  159  167 
(Length: 4)  69  102  128  130 
(Length: 3)  69  107  132 
(Length: 3)  69  154  156 
(Length: 3)  69  167  177 
(Length: 3)  69  144  167 
(Length: 3)  69  85  91 
(Length: 3)  69  102  191 
(Length: 3)  69  132  154 
(Length: 3)  69  85  191 
(Length: 3)  70  89  116 
(Length: 4)  70  88  89  191 
(Length: 3)  70  142  191 
(Length: 3)  70  123  142 
(Length: 4)  70  144  176  196 
(Length: 3)  70  89  176 
(Length: 3)  70  183  196 
(Length: 3)  70  144  191 
(Length: 3)  70  117  183 
(Length: 3)  70  91  142 
(Length: 4)  70  91  128  172 
(Length: 4)  70  116  128  172 
(Length: 3)  70  91  183 
(Length: 3)  70  116  183 
(Length: 3)  71  174  175 
(Length: 4)  71  88  147  199 
(Length: 3)  71  88  103 
(Length: 4)  71  132  190  198 
(Length: 3)  71  82  174 
(Length: 3)  71  82  122 
(Length: 4)  71  155  175  198 
(Length: 3)  71  81  82 
(Length: 4)  71  119  132  190 
(Length: 4)  71  88  173  199 
(Length: 3)  71  175  199 
(Length: 3)  71  75  147 
(Length: 3)  71  160  198 
(Length: 3)  71  184  190 
(Length: 3)  71  160  184 
(Length: 3)  71  155  184 
(Length: 3)  71  174  190 
(Length: 4)  71  131  155  198 
(Length: 3)  71  113  188 
(Length: 4)  71  75  137  155 
(Length: 4)  71  104  122  137 
(Length: 3)  71  103  122 
(Length: 3)  71  104  132 
(Length: 3)  71  190  199 
(Length: 3)  71  131  174 
(Length: 3)  71  122  131 
(Length: 4)  71  88  139  146 
(Length: 3)  71  81  167 
(Length: 3)  71  146  175 
(Length: 3)  71  167  199 
(Length: 3)  71  167  182 
(Length: 3)  71  113  160 
(Length: 3)  71  159  167 
(Length: 4)  71  81  139  146 
(Length: 3)  72  119  190 
(Length: 3)  72  87  119 
(Length: 3)  72  73  134 
(Length: 3)  72  189  190 
(Length: 3)  72  134  189 
(Length: 3)  72  73  141 
(Length: 3)  72  99  195 
(Length: 3)  72  75  89 
(Length: 3)  72  87  99 
(Length: 3)  72  86  195 
(Length: 3)  73  134  160 
(Length: 3)  73  160  182 
(Length: 4)  73  98  147  161 
(Length: 4)  73  124  128  157 
(Length: 3)  73  98  118 
(Length: 4)  73  101  138  157 
(Length: 4)  73  92  138  147 
(Length: 4)  73  92  128  147 
(Length: 3)  73  138  194 
(Length: 3)  73  134  148 
(Length: 4)  73  118  124  138 
(Length: 3)  73  161  194 
(Length: 3)  73  161  186 
(Length: 3)  73  148  186 
(Length: 3)  73  95  194 
(Length: 5)  73  124  138  148  157 
(Length: 3)  73  118  149 
(Length: 3)  73  128  149 
(Length: 3)  73  160  186 
(Length: 5)  73  104  124  148  157 
(Length: 4)  74  90  99  149 
(Length: 3)  74  134  180 
(Length: 3)  74  112  184 
(Length: 4)  74  77  113  188 
(Length: 3)  74  107  143 
(Length: 3)  74  99  169 
(Length: 3)  74  143  163 
(Length: 4)  74  100  112  169 
(Length: 3)  74  90  180 
(Length: 4)  74  90  100  149 
(Length: 3)  74  77  184 
(Length: 3)  74  113  149 
(Length: 4)  74  113  180  188 
(Length: 4)  74  112  113  188 
(Length: 3)  74  131  163 
(Length: 3)  74  90  181 
(Length: 3)  74  77  91 
(Length: 3)  74  91  181 
(Length: 3)  74  163  181 
(Length: 3)  74  107  132 
(Length: 3)  74  99  132 
(Length: 3)  75  152  155 
(Length: 3)  75  77  178 
(Length: 3)  75  152  193 
(Length: 3)  76  134  160 
(Length: 3)  76  162  174 
(Length: 3)  76  162  179 
(Length: 3)  76  174  190 
(Length: 3)  76  139  174 
(Length: 3)  76  118  174 
(Length: 3)  76  120  134 
(Length: 3)  76  78  160 
(Length: 3)  77  96  178 
(Length: 3)  77  125  186 
(Length: 3)  77  96  184 
(Length: 3)  77  115  198 
(Length: 4)  77  110  184  186 
(Length: 3)  77  81  91 
(Length: 3)  77  110  117 
(Length: 3)  77  104  124 
(Length: 3)  77  81  177 
(Length: 3)  77  81  110 
(Length: 3)  77  117  183 
(Length: 3)  77  115  138 
(Length: 3)  77  178  198 
(Length: 3)  77  81  96 
(Length: 3)  77  96  125 
(Length: 3)  77  91  183 
(Length: 3)  77  97  198 
(Length: 3)  78  187  191 
(Length: 3)  78  90  181 
(Length: 3)  78  130  181 
(Length: 3)  78  130  187 
(Length: 3)  78  112  191 
(Length: 3)  78  99  160 
(Length: 4)  78  90  99  149 
(Length: 3)  79  170  181 
(Length: 3)  79  160  170 
(Length: 3)  79  170  187 
(Length: 3)  79  165  183 
(Length: 3)  79  137  183 
(Length: 3)  79  93  160 
(Length: 3)  79  164  183 
(Length: 4)  80  84  101  189 
(Length: 3)  80  101  110 
(Length: 3)  80  101  123 
(Length: 3)  80  110  180 
(Length: 3)  80  102  103 
(Length: 3)  80  101  102 
(Length: 3)  81  82  177 
(Length: 3)  81  139  143 
(Length: 3)  81  96  116 
(Length: 3)  81  86  116 
(Length: 3)  81  121  177 
(Length: 3)  81  167  177 
(Length: 3)  81  96  140 
(Length: 3)  81  121  157 
(Length: 3)  81  116  139 
(Length: 3)  81  167  185 
(Length: 3)  82  164  177 
(Length: 4)  82  99  152  195 
(Length: 3)  82  152  196 
(Length: 3)  82  94  177 
(Length: 3)  82  94  180 
(Length: 3)  82  129  174 
(Length: 3)  82  98  164 
(Length: 3)  82  98  163 
(Length: 3)  82  162  174 
(Length: 3)  82  123  129 
(Length: 3)  82  99  122 
(Length: 3)  82  99  129 
(Length: 3)  83  100  116 
(Length: 3)  83  96  116 
(Length: 3)  83  94  96 
(Length: 3)  84  101  138 
(Length: 3)  84  138  194 
(Length: 3)  84  189  194 
(Length: 4)  84  86  101  189 
(Length: 3)  84  106  189 
(Length: 3)  84  106  140 
(Length: 4)  84  101  156  189 
(Length: 3)  85  119  142 
(Length: 4)  85  119  159  161 
(Length: 3)  85  107  185 
(Length: 4)  85  123  142  180 
(Length: 3)  85  161  169 
(Length: 4)  85  123  180  188 
(Length: 3)  85  161  185 
(Length: 3)  85  93  188 
(Length: 3)  85  142  191 
(Length: 4)  85  111  155  180 
(Length: 3)  85  107  111 
(Length: 3)  85  169  191 
(Length: 3)  85  138  194 
(Length: 3)  85  91  142 
(Length: 3)  86  111  170 
(Length: 3)  86  88  145 
(Length: 4)  86  150  160  170 
(Length: 3)  86  182  195 
(Length: 3)  86  111  145 
(Length: 3)  86  116  195 
(Length: 3)  86  174  175 
(Length: 3)  86  111  164 
(Length: 3)  86  175  189 
(Length: 3)  86  175  195 
(Length: 3)  87  99  132 
(Length: 3)  87  119  132 
(Length: 3)  87  120  170 
(Length: 3)  87  120  192 
(Length: 3)  87  99  142 
(Length: 3)  87  132  192 
(Length: 4)  87  143  162  178 
(Length: 3)  87  99  169 
(Length: 3)  87  119  142 
(Length: 3)  87  162  165 
(Length: 3)  88  95  191 
(Length: 3)  88  95  173 
(Length: 3)  88  145  165 
(Length: 3)  88  138  147 
(Length: 3)  89  101  110 
(Length: 3)  89  116  133 
(Length: 3)  89  110  176 
(Length: 3)  89  101  197 
(Length: 3)  89  175  197 
(Length: 3)  89  133  175 
(Length: 3)  90  100  116 
(Length: 4)  90  99  149  152 
(Length: 3)  90  116  152 
(Length: 3)  91  142  175 
(Length: 3)  91  122  181 
(Length: 4)  91  124  128  172 
(Length: 3)  91  183  195 
(Length: 3)  92  142  175 
(Length: 4)  92  102  128  130 
(Length: 4)  92  102  128  147 
(Length: 4)  92  126  130  187 
(Length: 3)  92  123  142 
(Length: 4)  92  126  128  130 
(Length: 3)  92  155  164 
(Length: 3)  92  116  178 
(Length: 3)  92  116  120 
(Length: 3)  92  116  128 
(Length: 3)  92  155  175 
(Length: 4)  92  130  178  187 
(Length: 3)  92  115  197 
(Length: 3)  92  174  175 
(Length: 3)  92  123  170 
(Length: 3)  92  102  142 
(Length: 3)  92  126  197 
(Length: 3)  92  120  126 
(Length: 3)  94  144  198 
(Length: 3)  94  150  180 
(Length: 3)  94  96  133 
(Length: 3)  94  124  180 
(Length: 4)  94  124  167  199 
(Length: 3)  94  111  180 
(Length: 3)  94  180  198 
(Length: 4)  94  167  177  199 
(Length: 3)  94  111  170 
(Length: 3)  94  111  193 
(Length: 3)  95  96  133 
(Length: 3)  95  112  123 
(Length: 4)  95  133  154  194 
(Length: 3)  95  96  173 
(Length: 3)  95  105  123 
(Length: 3)  95  154  179 
(Length: 3)  95  97  112 
(Length: 3)  95  112  191 
(Length: 4)  95  133  154  155 
(Length: 3)  95  112  194 
(Length: 3)  95  135  167 
(Length: 3)  95  154  191 
(Length: 3)  96  129  140 
(Length: 3)  96  129  178 
(Length: 3)  96  116  178 
(Length: 3)  96  116  133 
(Length: 3)  97  162  198 
(Length: 3)  97  126  187 
(Length: 3)  98  111  164 
(Length: 3)  98  106  147 
(Length: 3)  99  124  172 
(Length: 3)  99  108  110 
(Length: 4)  99  149  152  193 
(Length: 3)  99  110  149 
(Length: 3)  99  146  149 
(Length: 3)  99  108  150 
(Length: 3)  99  108  146 
(Length: 3)  99  124  157 
(Length: 3)  99  129  160 
(Length: 3)  99  142  157 
(Length: 3)  99  150  160 
(Length: 3)  99  111  157 
(Length: 3)  99  124  129 
(Length: 3)  100  149  198 
(Length: 5)  100  154  156  169  198 
(Length: 3)  100  106  189 
(Length: 3)  100  106  142 
(Length: 3)  100  189  190 
(Length: 3)  100  174  190 
(Length: 3)  100  116  124 
(Length: 3)  100  154  193 
(Length: 3)  100  112  141 
(Length: 3)  100  102  149 
(Length: 3)  100  121  142 
(Length: 3)  100  121  124 
(Length: 3)  100  111  112 
(Length: 3)  100  102  142 
(Length: 3)  100  190  198 
(Length: 3)  100  141  142 
(Length: 3)  101  151  189 
(Length: 3)  101  114  132 
(Length: 3)  101  110  151 
(Length: 3)  101  159  166 
(Length: 3)  101  123  156 
(Length: 4)  101  102  125  130 
(Length: 4)  101  125  130  146 
(Length: 3)  101  138  151 
(Length: 3)  101  120  157 
(Length: 3)  102  128  149 
(Length: 3)  102  160  182 
(Length: 4)  102  103  125  130 
(Length: 3)  102  142  191 
(Length: 3)  102  125  142 
(Length: 3)  103  125  186 
(Length: 4)  103  135  153  186 
(Length: 3)  104  122  158 
(Length: 3)  104  124  169 
(Length: 3)  104  132  158 
(Length: 3)  105  118  165 
(Length: 3)  105  129  147 
(Length: 4)  105  118  131  198 
(Length: 3)  105  160  170 
(Length: 3)  105  160  198 
(Length: 3)  105  151  195 
(Length: 3)  105  123  170 
(Length: 3)  105  123  180 
(Length: 3)  105  132  198 
(Length: 3)  105  131  170 
(Length: 3)  105  123  129 
(Length: 3)  105  129  160 
(Length: 3)  105  134  160 
(Length: 3)  105  134  165 
(Length: 3)  105  113  180 
(Length: 3)  105  134  180 
(Length: 3)  105  195  198 
(Length: 3)  105  180  198 
(Length: 3)  105  113  160 
(Length: 3)  105  113  147 
(Length: 3)  106  147  199 
(Length: 3)  106  140  158 
(Length: 4)  106  143  162  174 
(Length: 3)  106  184  186 
(Length: 3)  106  142  175 
(Length: 3)  106  174  175 
(Length: 3)  106  175  189 
(Length: 4)  106  143  162  199 
(Length: 3)  106  133  175 
(Length: 3)  107  111  157 
(Length: 3)  107  135  177 
(Length: 3)  108  110  180 
(Length: 3)  108  123  140 
(Length: 3)  108  150  180 
(Length: 3)  108  110  117 
(Length: 3)  110  151  184 
(Length: 3)  110  118  149 
(Length: 3)  110  128  149 
(Length: 3)  111  157  180 
(Length: 3)  111  153  193 
(Length: 3)  111  145  157 
(Length: 3)  111  155  164 
(Length: 3)  112  123  188 
(Length: 3)  112  169  191 
(Length: 3)  113  154  160 
(Length: 3)  113  121  154 
(Length: 3)  113  147  196 
(Length: 3)  113  154  185 
(Length: 3)  115  161  169 
(Length: 3)  115  169  198 
(Length: 3)  115  159  161 
(Length: 3)  115  161  196 
(Length: 3)  115  187  196 
(Length: 3)  115  159  187 
(Length: 3)  116  119  156 
(Length: 3)  116  119  133 
(Length: 3)  116  139  178 
(Length: 3)  116  139  192 
(Length: 3)  116  152  195 
(Length: 3)  116  151  195 
(Length: 3)  116  120  136 
(Length: 3)  116  133  152 
(Length: 3)  116  120  192 
(Length: 3)  116  152  192 
(Length: 3)  116  124  151 
(Length: 3)  116  183  195 
(Length: 4)  116  124  128  172 
(Length: 3)  117  168  195 
(Length: 3)  117  173  195 
(Length: 3)  117  155  168 
(Length: 3)  117  155  163 
(Length: 3)  117  183  195 
(Length: 3)  118  154  165 
(Length: 3)  118  154  198 
(Length: 3)  118  131  174 
(Length: 3)  118  138  144 
(Length: 3)  118  144  198 
(Length: 3)  118  149  198 
(Length: 3)  119  158  159 
(Length: 3)  119  190  196 
(Length: 3)  120  126  192 
(Length: 3)  120  153  177 
(Length: 3)  120  157  180 
(Length: 3)  120  134  180 
(Length: 3)  120  126  185 
(Length: 3)  120  157  171 
(Length: 3)  120  185  198 
(Length: 3)  120  180  198 
(Length: 3)  120  126  177 
(Length: 3)  121  125  142 
(Length: 3)  121  125  159 
(Length: 3)  121  159  187 
(Length: 3)  122  123  181 
(Length: 3)  122  131  168 
(Length: 3)  122  158  168 
(Length: 3)  122  123  158 
(Length: 3)  123  170  181 
(Length: 3)  123  156  181 
(Length: 3)  123  124  180 
(Length: 3)  123  140  158 
(Length: 3)  123  124  129 
(Length: 3)  123  129  140 
(Length: 3)  124  157  167 
(Length: 3)  124  125  126 
(Length: 3)  124  175  199 
(Length: 3)  124  129  167 
(Length: 4)  124  125  167  199 
(Length: 3)  124  126  187 
(Length: 3)  125  126  186 
(Length: 3)  125  161  186 
(Length: 4)  125  158  159  167 
(Length: 4)  125  130  146  158 
(Length: 3)  125  126  130 
(Length: 4)  126  128  130  190 
(Length: 3)  126  192  197 
(Length: 3)  126  139  192 
(Length: 3)  126  139  193 
(Length: 3)  126  186  190 
(Length: 3)  126  137  177 
(Length: 3)  127  142  145 
(Length: 3)  127  153  193 
(Length: 3)  129  160  182 
(Length: 3)  129  160  189 
(Length: 3)  129  174  182 
(Length: 3)  129  167  182 
(Length: 3)  129  167  185 
(Length: 3)  130  146  181 
(Length: 3)  130  190  195 
(Length: 3)  130  158  168 
(Length: 4)  130  162  178  179 
(Length: 3)  130  168  195 
(Length: 3)  131  155  163 
(Length: 3)  131  168  174 
(Length: 3)  132  154  193 
(Length: 3)  132  154  179 
(Length: 3)  132  154  198 
(Length: 3)  133  155  175 
(Length: 3)  133  164  194 
(Length: 3)  134  160  189 
(Length: 3)  134  154  165 
(Length: 3)  134  154  160 
(Length: 3)  134  154  180 
(Length: 3)  135  167  177 
(Length: 3)  135  164  177 
(Length: 3)  137  155  180 
(Length: 3)  137  180  183 
(Length: 3)  138  157  168 
(Length: 4)  138  150  151  194 
(Length: 3)  138  144  157 
(Length: 3)  138  144  151 
(Length: 3)  138  152  168 
(Length: 3)  139  143  178 
(Length: 4)  139  146  149  178 
(Length: 3)  139  143  174 
(Length: 3)  139  149  193 
(Length: 3)  140  158  176 
(Length: 3)  140  176  196 
(Length: 3)  140  187  196 
(Length: 3)  142  145  157 
(Length: 3)  142  157  180 
(Length: 3)  143  155  163 
(Length: 3)  143  163  199 
(Length: 3)  144  157  176 
(Length: 3)  144  151  155 
(Length: 3)  144  155  198 
(Length: 3)  144  157  167 
(Length: 3)  144  167  185 
(Length: 3)  144  185  198 
(Length: 3)  144  157  191 
(Length: 3)  147  161  196 
(Length: 3)  147  177  199 
(Length: 4)  148  184  186  190 
(Length: 3)  149  178  198 
(Length: 3)  151  155  184 
(Length: 3)  151  189  194 
(Length: 3)  151  171  182 
(Length: 3)  151  182  195 
(Length: 3)  152  168  193 
(Length: 3)  152  168  195 
(Length: 3)  154  185  198 
(Length: 3)  154  169  191 
(Length: 3)  154  160  170 
(Length: 4)  154  155  156  198 
(Length: 3)  154  165  185 
(Length: 3)  154  156  165 
(Length: 4)  154  155  180  198 
(Length: 3)  156  176  181 
(Length: 3)  156  195  198 
(Length: 3)  156  162  165 
(Length: 3)  156  162  198 
(Length: 3)  158  167  182 
(Length: 3)  160  184  186 
(Length: 3)  161  176  196 
(Length: 3)  162  178  198 
(Length: 3)  162  168  174 
(Length: 3)  162  171  178 
(Length: 3)  165  167  185 
(Length: 3)  166  173  199 
(Length: 3)  168  174  175 
(Length: 3)  175  195  198 
(Length: 3)  190  195  198 
...model cost: 2.66 seconds  49097 FFE
 (opt) 894.00000000 == 894.00000000 (sur)  OPTIMALITY TEST PASSED!
   BESTimpr 784.00000000 -> 875.00000000
1***1111*1111**1***1*1**11**11**1*****1*111***11*11*111**1***1**11*1**11*1*****1**11****1**11****1*11*11**11****1***11*11*1*111**111*11****1**1***111*1*111*1**1**1111*1***11*1111111**11*1**11**111*11*


11**111*1*1***1*****1******1111**11*1**1**1111**111***1*11*1111111**1**11**1*11****1**1*11111*1*1111*11*1**1**11111***1***11***1****11***11*1******1***1********111**1*******1**11*11111*1**11*1*1*1*1*1

