Walsh model started...
 76  158  175  26  179  70  43  84  128  145  32  20  189  146  11  183  41  154  108  46  178  176  15  13  27  123  17  44  47  34  45  92  107  125 
 184  148  90  42  154  91  55  38  155  177  119  18  49  76  129  106  32  74  109  181  175  29  45 
 192  41  65  52  112  16  169  110  26  141  19  17  43  184  77 
 71  93  44  115  88  159  91  110  62  75  64  68  78  82  189  20  5  84 
 27  159  151  155  197  65  23  62  189  96  89  160  180  184  117  191  34  24  135  173  150  196  136  55  174  198 
 12  142  93  27  157  111  90  129  15  28  60  101  36  141  13  188  38  106  161  92  96  46  133  44  187  88  130  195  84  3 
 149  56  37  162  63  59  189  167  55  79  122  12  141  11  61  134  132  41  62  102  75  66  49  16  197  84  21  182  82  176  9  142  116  156  85  172  113  26 
 80  89  138  168  198  101  110  19  181  79  9  179  183  39  116  146  114  55  103  196  122  77 
 186  156  142  45  42  87  189  138  110  80  139  34  99  52  32  162  191  171  175  115  85  152  157  11  57  58  12  62  17  168  124  21  35  190 
 36  166  158  60  48  100  79  175  109  174  112  78  185  150  98  179  7  41  6  173  80  12  91  96  118  183  171 
 12  104  42  88  73  47  25  151  160  40  83  145  36  17  39  116  27  119  192  53  68  136  173 
 147  177  109  52  6  141  199  91  146  0  154  172  83  126  33  40  106  54  89  149  82  157  8  129  168 
 10  104  142  5  76  103  24  166  6  122  118  143  102  165  95  178  101  50  184  152  66  127  195  173  182  8  62  88  137  148  81  9  91  172  46 
 198  66  140  181  141  57  70  56  188  31  27  0  91  5  195  175 
 189  175  155  66  27  159  177  49  28  132  112  44  150  138  93  188  59  108  117  65  104  80  133  163  184  90 
 152  59  30  154  191  69  0  176  139  39  177  63  28  5  83  19  112  123  38  174  54  188  113  133  132  167  141 
 45  71  111  162  79  173  99  35  91  53  100  112  2  94  6  197  31  73  179  72  164  75  39 
 107  187  52  49  96  59  77  97  36  10  123  0  160  152  2  43  48  66  58  115  192  22  174  42  8  75  74  144  155  178 
 50  179  63  106  77  28  20  163  122  102  69  33  98  46  1  49  24  59  37  61 
 103  32  113  109  123  179  110  7  141  2  177  69  83  15  111  24  182  117  136  148  176  67  196  54  132  154 
 79  103  26  176  0  189  83  59  175  65  55  33  153  73  18  163  138  50  159  133  199  160  191  117  76  72  68  165  75  197  3 
 174  61  160  149  182  152  75  154  140  196  6  194  192  168  116  8  35 
 190  25  149  119  104  197  49  131  105  38  101  169  81  55  111  92  174  17  166  52 
 109  146  59  195  65  4  149  125  117  34  81  123  80  100  156  60  198  199  68  191  121 
 107  84  172  179  166  12  137  97  37  115  73  192  135  4  162  185  119  145  153  128  111  19  43  175  167  25  18  59  83  161 
 88  71  116  188  59  48  22  190  151  10  42  28  102  196  70  149  177  193  45  27  26  167  24  139  50  161  66 
 0  175  169  86  20  176  195  184  146  149  193  137  91  92  98  96  34  64  189  110  2  168  139  87  107  72  78  102  25  199  113  165  153  145  99  196  6 
 159  4  185  73  120  104  39  65  14  5  93  142  89  60  13  0  46  136  25  45  149  135  151  155  31  75  119  10  38  170 
 159  140  42  25  77  18  89  68  199  125  14  132  15  5  43  29  142  97  48  158  57  187 
 58  74  95  62  181  142  43  28  149  32  196  171  101  195  57  150  114  1  45 
 109  56  15  154  192  54  88  77  46  85  39  123  91  150  144  40 
 146  118  197  68  74  191  188  13  194  178  75  73  16  77  117  61  96  27  102  190  101  127  112 
 118  109  103  19  126  178  192  117  145  0  35  92  96  162  8  87  107  147  125  75  144  149  29  153  81  188  100  1  106 
 147  181  48  120  11  126  55  20  187  96  137  148  62  172  69  18 
 78  175  191  4  8  139  117  23  64  26  102  65  185  156  190  84  173  197  171  74  198  43  152  193  49  186  160  133  131  159  45  0  164  79  76 
 74  94  99  16  32  92  108  111  155  64  188  36  169  174  8  21  198  103 
 166  9  85  73  48  133  96  154  35  188  10  17  56  66  141  5  191  151  155  185 
 6  162  24  115  61  153  138  75  40  89  142  52  113  104  67  120  60  112  76  18 
 191  39  111  50  177  145  124  133  57  107  1  155  165  166  105  22  132  128  176  85  5  106  174  15  109  63  154  97  181  170  27 
 38  191  186  169  27  65  194  122  43  171  121  74  90  67  139  15  118  76  123  30  7  183  147  158  42  153  88  10  116  73  16  52  149 
 160  10  195  76  141  185  11  106  37  89  79  158  99  50  30  144 
 2  192  146  187  183  0  6  62  151  141  9  199  140  125 
 79  77  10  88  66  106  90  1  116  64  181  133  8  87  25  28  154  91  135  110  86  172  178  118  39  55  72  17  161  60  157  186  180  125  132  76  75 
 49  149  0  84  39  171  178  93  140  123  107  198  161  111  169  46  29  28  187  17  2  152  34  24  175  79  160  120  189  156  186 
 80  75  125  51  3  115  199  177  87  152  112  14  187  162  105  154  123  0  47  145  71  133  5  92  189  174  73 
 71  16  8  142  68  97  114  146  116  181  48  56  152  25  27  115  67  147  159  34  0  29  1 
 128  168  108  0  182  151  30  85  169  43  27  136  66  62  191  86  5  96  98  18  172  12 
 73  10  144  56  68  119  100  187  141  44  0 
 69  61  25  59  9  100  133  36  120  33  105  45  56  66  17  109  199  148  144  111  156  28  125  136  153 
 154  65  43  149  72  148  52  17  22  131  6  66  177  14  71  129  106  189  89  187  193  34  1  18  194  73  107  174  113 
 18  179  185  120  111  38  133  71  63  134  107  166  170  167  104  76  70  193  91  161  115  119  20  138  12  184  165  78  73  162  131  25  139  40  99 
 121  127  125  44  183  122  89  86  97  137  170  131  63  70  112  171  100  111  54  163  114  184 
 140  101  109  11  65  2  49  17  8  99  117  144  169  125  128  37  113  166  22  59  189  149  39 
 187  74  113  145  100  16  65  192  94  138  152  180  77  10  68 
 70  107  164  192  30  94  150  198  194  130  141  55  124  11  172  91  184  111  51  15  188  127  76  195  193  196  19  108  179 
 164  198  6  79  64  191  63  90  1  54  124  138  58  121  75  33  20  174  110  86  89  22  81  42  72  129  114  7  117  4 
 109  30  149  6  98  103  100  102  144  47  13  70  170  194  180  76  36  66  48  45 
 113  170  13  141  107  38  139  190  109  158  67  122  171  29  8  58  140  183  28 
 175  136  29  74  122  97  73  150  138  55  17  66  154  90  8  57  86  129  135 
 84  93  178  182  23  195  63  6  152  15  148  163  98  183  137  25  48  97  112  100  17  96  20  83  128  14  160  18  24  52  189 
 150  111  158  9  177  141  100  187  104  27  79  156  23  61  185  129  5  137  165  42  161  120  37 
 69  48  174  21  37  6  126  101  60  185  107  109  31  96  156  108  173  172  147  129  18 
 4  189  139  71  188  197  149  162  95  29  6  41  103  114  167  126  46  66  198  111  33  172  75  3  8  12  144  153  170 
 178  176  59  6  134  50  55  18  106  177  15  131  51  171  132  100  111  109  38  146  142  125  198 
 55  191  42  116  185  189  34  26  92  166  155  35  170  127  178  3  68  95  72  197  70 
 197  4  154  49  23  52  2  39  27  102  34  192  53  20  175  115  108  99  131  127  185  14  177  121  189 
 96  139  42  106  198  13  84  104  155  14  98  128  126  107  6  49  176  120  140  90  36  56  46  62  75  48  17  168  175  58  152  12  150  165  161  170  25 
 72  162  126  93  189  160  39  90  96  124  184  181  57  122  101  175  115  45  193  104  37  19  176  81  120 
 132  144  89  196  197  31  122  171  113  121  81  103  76  28  47  125  129  177  138  45  97  181  64  3  180  23  199  165  20  155  83  53  10  110 
 61  48  191  15  137  98  177  19  33  18 
 54  107  123  138  164  179  0  13  56  193  50  149  25  112  51  196  182  185  130  172  148  197  64  155  152 
 45  16  133  50  3  93  88  25  139  62  91  192  163  100  177  49  129  124  197  98  145  44  115  79  89  80  128  74 
 67  162  124  74  148  49  80  95  186  147  113  90  150  78  26  111  169  184  94  55  42  153  141  168  129  64  188  179  16  20  76 
 181  106  185  27  84  107  10  47  24  192  114  199  85  36  31  75  16  58  150  132  103  131  138  153  20  86  109  159  91  50  194  49  174  44  39  171  193 
 53  187  35  94  157  149  132  135  124  72  190  175  136  100  58  29  121  39  191  31  188  194  75  108  122  111  76  171  34  134  139  81  17  71  128  1  109  125  107  176  118 
 80  44  93  167  102  6  74  187  31  73  37  115  21  154  55  121  32  144  155  66  62  3  148  77  17  27  164  16  20  197  112  182  42  76 
 0  158  12  103  196  179  111  138  132  68  178  195  40  104  50  39  118  74  56  180  20  72  1  129  127  54  133  34  112  37  42  75 
 79  42  199  109  88  132  198  111  134  18  28  30  97  17  31  118  53  180  148  75  184  2  122  7 
 34  175  102  117  157  196  92  105  159  162  185  9  129  187  72  26  50  165  87  82  119  3 
 77  42  20  103  55  6  16  173  185  144  9  60  40  158  181  7  85  92  115  71  160  43  178  164  34 
 89  7  75  44  115  151  72  95  110  8  199  183  23  100  101  186  179  157  94  174  173  192  71  9  14  177 
 139  104  86  134  120  126  68  103  177  113  23  123  187  98  181  153  32  22  55  133  74  171  110  148  12  67 
 175  163  11  6  195  194  87  78  100  95  3 
 195  163  125  158  10  145  144  117  172  11  149  102  94  20  59  19  15  24  161  68  155 
 59  93  24  107  104  66  73  43  0  124  168  185  197  6  190  34  131  136  156  5  3 
 36  73  96  142  114  98  30  46  151  106  100  115  8  176  38  112  166  79  92  6  172  186  179 
 134  81  26  169  167  146  51  97  162  161  55  89  42  172  118  120  46  191  58  73  141  192  115  157 
 160  170  42  8  44  152  32  107  120  138  175  26  117  105  78  82 
 132  77  10  42  71  25  145  198  3  159  30  129  140  153  39  195  12  137  187  5 
 80  7  68  196  4  96  142  27  28  125  51  11  149  40  37  189  49  55  86  71  136  185  199  135  123 
 182  186  42  1  169  109  39  67  55  129  5  72  113  66  140  150  58  154  135  184  14 
 1  154  199  11  16  71  92  26  13  198  42  161  50  184  54  110  3  30  150  73  9  12 
 123  126  177  189  35  32  91  26  180  108  105  78  64  166  133  96  199  139  79  85  111  22  161  5  164  106  44  0  107 
 59  84  126  67  96  123  193  176  3  71  125  199  136  175  5  27  178  43  75  167  188  14  184  144  151  158 
 74  35  54  150  83  158  53  16  80  174  184  72 
 72  80  62  29  167  169  12  178  64  100  82 
 139  66  93  123  4  89  176  192  110  178  26  98  67  124  32  145  17  59  142  85  36  154  133  92  187  33  128  31  61  103  163  5  46  9  118  196 
 128  120  137  24  98  59  86  51  122  58  68  45  146  196  77  17  142  28  161  38  181 
 56  103  163  148  59  183  134  120  128  66  137  69  97  26  96  114  85  187  81  154  150  9  108  140  71  133  46  18  117  158  186 
 168  145  35  16  8  52  65  131  40  50  26  193  152 
 176  141  136  74  56  102  112  59  60  187  48  9  71  177  53  16  119  47  120  155  80  23  114  185  105  106  85  171  51  63  188  32  95  82 
 52  140  7  198  126  61  144  188  186  80  22  169  29  195  5  12  67  175  192  178  105  150  31  191 
 147  144  117  78  56  100  196  25  164  180  34  65  6  75  187  126  149  83  12  165  26  18  122  121  190  31 
 56  98  32  19  20  79  12  76  81  68  114  62  132  73  193  158  180  143  96  163  119  154  186  7  196  35  198 
 139  81  12  10  120  27  84  66  161  195  60  197  22  50  76  137  135  122  176  148  110  14  188  37  67  133  182 
 92  78  166  178  22  38  100  48  154  44  117  87  101  150  152  120  110 
 181  73  42  66  63  18  11  40  100  85  192  107  49  154  38  5  164  92  1  32  161 
 70  54  24  84  187  17  73  135  193  157  159  50  166  57  38  126  66  87  32  43  198  185  192  106  109  61  26  113  144  177  49  92  0  125  74 
 0  46  180  92  35  111  74  122  164  188  115  65  166  193  98  140  117  169  14  156  61  54  179 
 30  56  23  146  199  77  32  118  11  52  113  19  169  90  175  9  158  57  107  61  48  73  159  63  38  164  130  74  1 
 96  178  8  80  19  7  155  125  2  26  181  190  148  104  135  42  174  55  157  91  3  81  171  180  120  105  68 
 150  60  50  38  162  16  198  77  191  127  138  76  157  5  35  108  43  161  74  51  54  62  167  24  19  22  92  72  169  63  131  188  48  156 
 118  116  100  59  16  2  174  9  14  44  70  51  166  85  123  15  189  171  182  75  37  76  31  127 
 57  170  182  156  147  53  145  109  19  68  121  81  177  116  199  72  90  180  37  52  15  133  26  107  154  174  49  6 
 73  199  45  146  98  85  103  62  100  185  190  136  51  184  150  29  55  7 
 151  80  37  24  44  3  75  85  8  108  65  50  119  179  17  192  79  71  45  67  86  157 
 125  138  112  118  42  64  25  188  113  199  181  45  7  146  10  39  21  168  6  156  176 
 184  4  32  192  102  78  23  34  144  83  52  173  105  87  31  197  108  169  14  162  187  182  19  158  98  191  20  55  188  195 
 146  31  32  109  112  116  128  122  12  143  39  76  77  165  147  86  120  42  180  149  133  96  9  176  74 
 22  149  47  100  156  196  115  50  158  124  145  24  165  78  177  1  154  103  27  10 
 128  97  50  185  27  104  167  178  134  98  126  81  48  33  100  155  87  138  66  176  86  118  189  43  60  37  110  105  67 
 127  51  113  68  39  74  55  75  122  167  126  102  191  23  65  189 
 6  12  194  39  68  171  128  118  51  183  138  148  58  97  108  74  104  176  67  57  121  167  18  102  7  77 
 96  93  92  126  70  138  163  136  161  143  179  19  140  43  81  23  39  30  0  17  44  154  112  15  144  135  181  89 
 74  72  84  168  38  133  96  67  54  55  158  119  176  130  197  71  8 
 140  158  116  138  51  44  93  199  141  176  83  149  23  28  89  129  68  147  32  110  155  52  128  48  42  132  63  198  74  107  0  41 
 185  146  67  93  123  92  32  178  120  81  66  107  102  187  101  61  11  33  167  62  121  193  149  139 
 121  51  191  111  170  64  187  137  12  195  65  185  54  76  31  112 
 97  120  0  179  98  66  122  118  168  46  132  38  59  96  153  24  52  125  71  74  161 
 125  68  90  5  71  49  88  140  187  78  60  11  168  58  55  72  1  76  147  61  158 
 54  141  176  124  171  160  185  70  199  181  195  5  164  109 
 180  176  156  178  49  22  63  51  73  138  84  65  99  154  111  159  34  50  162 
 144  68  74  135  88  77  76  134  6  161  191  14  28  128  38  103  73  63  171  154  173  174  42  125  15  167  19 
 50  71  42  181  124  38  48  36  92  96  98  159  20  81  134  148  160  5  44  118  147  113  15  34  163  14  76  104  182 
 86  81  120  98  63  50  77  198  6  132  154  74  191  133 
 74  132  193  107  24  4  137  104  42  110  149  27  144  123  58  90  147  158  89 
 175  58  163  123  74  100  93  46  27  173  182  190  114  84  156  148  19  89  4  48  153  10 
 147  158  159  198  24  97  59  152  69  98  26  193  156  146  170  51  104  135  185  33  148  127  187  60  165  12  88 
 125  116  123  70  7  168  152  170  189  8  111  76  153  37  148  122  177  68  120  87  53  156  157  55  58  131  73  150  14  20  50  176  181 
 81  104  96  66  71  62  8  34  15  39  57  190  153  169  92  199  189  154  26  168  74  149  126  25  50 
 125  158  52  101  181  13  28  159  123  43  66  90  194  144  189  154  196  21  88  129  176  108  98  199  41  183  57  166  167 
 176  100  6  11  125  60  177  13  57  40  185  187  47  54  130  41  151  2  19  36  5  153  72  86  192  165  191  15 
 12  5  8  45  27  89  184  149  96  85  29  181  151  97  28  6  37  170  155  146  63 
 161  123  12  118  180  103  178  192 
 132  68  147  102  79  185  56  47  117  83  52  101  188  194  140  75  32  17  48  135  123  184  93  62  153  107  193  30  40 
 99  168  177  38  53  113  32  0  198  88  83  10  96  119  24  71  44  165  186  26 
 109  23  31  118  126  185  41  187  167  86  26  149  0  11  114  45  196  97  183  190  137  156  172  148  116  7  142  63 
 181  33  11  177  102  144  137  158  156  113  186  72  32  125  118  165  39  159  45  133  61  129  135 
 184  1  163  98  59  72  49  138  122  104  110  172  146  137  33  48  133  77  75  70  136  19  81  12 
 56  6  157  74  43  49  175  199  146  26  125  23  22  119  142  184  162  62  102  83  21  160  11  89  70  25  29  32  27  135  180  118  139  126  52  39 
 111  60  94  54  190  169  58  73  4  196  90  72  138  14  98  9  66  165  30  91  101  105  29  114 
 152  160  155  4  115  80  25  10  46  182  142  85  41  141  176  162  184  36  191  27  192  93  158  179 
 151  160  59  15  159  191  137  138  170  87  44  53  182  21  17  45  8  43  34  66  12  105  154  70  155  193  99 
 37  138  169  139  20  73  32  81  24  128  39  88  141  72  183  193  144  62  165  26  136  48 
 65  49  15  30  199  175  1  91  0  11  191  166  36  96  21  75  42  134  98  105  44  106  189  140  139  176  123  58  90  131  180  132  38  119  103  152  113  177  19 
 151  4  66  14  100  120  1  38  35  64  110  125  75  176  170  142  27  36  185  178  17  68  83  70  152 
 186  8  182  113  147  131  178  137  146  157  138  185  34  23  60  119  196  84  136  61  108  111  48  116  6  43 
 74  149  107  159  5  111  78  196  156  138  110  80  11  8  186  42  115  86 
 76  0  125  140  147  137  60  9  83  94  193  103  109  57  79  40  119  124  39  117  98  28  135  151  93  129 
 164  194  184  199  27  4  191  152  160  198  137  14  107  157  28  140  3  88  78  162  181  185  20  133  147  45  109  73  195  131  34 
 152  151  67  189  179  169  159  87  170  4  180  40  10  21  149  17  177  186  171  130  133  20  34  59  178  79  43 
 104  195  143  123  86  162  191  132  43  111  91  50  92  5  42  60  24  83  66  106  128  97  25 
 37  6  67  72  111  16  149  62  32  8  86  161  44  187  24  185  159  78  151  184  117  50  131 
 148  98  59  83  195  136  123  192  71  82  175  185  183  20  18  170  51  103  96  182  168  133  14 
 159  194  55  198  54  70  102  180  108  188  92  106  75  16  79  178  130  109  34 
 12  102  38  166  118  147  50  78  150  66  137  60  145  186  119  68  20  153  26  141 
 36  9  24  12  173  191  107  50  154  178  105  92  64  38  165  108  193  112  85  167  140  52  22 
 189  6  120  178  86  146  93  75  50  170  62  126  169  95  121  122  111  25  24  166  140  132  15 
 99  145  138  7  84  124  128  46  26  139  175  66  129  11  72  21  116  182  163  8 
 179  160  186  39  26  86  90  109  190  150  52  2  167  95  46  43  153  139  35  174  101  22  72  111  108  117 
 113  57  87  160  152  138  50  167  137  51  56  194  64  127  163  155  142  66  62  38  27 
 39  43  68  122  191  8  100  51  29  196  63  132  34  74  57  130  160  189  112  81  110  183  9  193  73 
 179  24  11  83  54  146  148  42  86  62  33  70  173  61  6  85  186  12  46 
 16  79  191  166  117  4  197  34  136  182  80  192  9  12  179  190  172  61  132  174  10 
 61  21  112  9  169  35  110  55  80  94  38  15  22  17  173  132  44  73  49  113  4  198  197 
 34  78  14  189  0  26  136  58  154  199  149  190  74  93  82  163  109  9  20  65  8  87  168  66  43  24  67  101  13  195  181  1 
 178  63  93  193  141  100  180  131  26  20  96  192  125  0  15  66  120  104  122  154  140  130  124  38  85  6  155  151  19  67  116  138  74  118 
 147  11  38  145  92  189  44  199  60  141  71  100  81  113  68  138  49  14  15  63  19  69  25  193  160  186  119  1  65  80  107  154 
 63  176  59  182  167  120  126  32  110  96  93  43  131  156  76  0  166  105  194  31  95  12  143  192  42  64  101  160  155  17  79  164 
 50  18  169  160  172  24  0  70  128  196  76  123  19  115  80  9  7  173  190  72  16  151  85  108  54 
 131  176  160  4  164  102  108  92  56  76  103  143  53  77  149  118  154  113  68  42  110 
 106  73  147  33  140  13  42  133  68  81  29  142  185  159  110  190  116  45  7  79  184  67  130  199  175  1  38  97  138  123 
 178  59  90  186  156  113  46  151  152  21  6  173  136  70  196  19  117  12  168  163  112  75  133  104 
 98  59  41  0  51  122  199  80  146  190  185  163  7  39  140  57  193  153  171  9 
 199  159  1  148  195  26  4  117  142  149  91  54  67  181  50  12  72  94  162  151  51  114  144  93  77  2  14  90 
 50  120  126  146  27  73  79  144  189  64  40  141  107  84  34  156  114  100  24  162  181  159  78  9  163  183  61  60  137  130  70  65  127  36  155  89  199 
 182  90  8  156  39  169  72  147  101  80  160  177  34  191  165  145  157  42  103  98  172  85  43 
 53  74  107  17  146  41  100  60  102  126  75  98  81  141  47  44  162  33  96  49  43  129  78  127  137  117  88  5  199  28 
 116  25  62  197  74  194  31  13  144  101  164  108  35  36  93  14  5  54  15  100  32  111  72  104  117  195 
 14  175  67  160  167  6  4  62  177  92  0  20  8  138  185  64  26  140  154  89  49  139  171  112  44  120  43  3  59  52  65  121 
 175  74  22  25  169  150  146  183  139  57  110  181  84  34  136  114  173  179  102  31  8 
 38  39  159  152  55  64  173  166  15  69  127  111  4  34  74  31  154  161  132  8  171  134  46  86  36  151  186  20  117  121  23  101  141 
 2  41  54  30  96  176  32  117  71  163  73  24  65  53  107  106  143  178  17  115  80  173  101  21  194  141  86  151  10 
 93  176  135  107  26  137  70  50  158  103  108  166  177  25  34  49  67  126  183  153  144  195  54  99  152  171  73 
 164  159  122  39  188  74  178  31  198  54  56  170  140  144  82  195  21  192  49  73 
 59  23  83  163  26  184  161  104  40  76  29  101  82  194  13  175  159  88  127  12  117  188  130  5  54  193 
 68  89  179  76  102  25  78  157  146  97  150  4  119  156  140  21  29  171  70  182  103  7  26  96  19  54 
 65  4  31  68  188  62  104  22  16  6  84  173  34  124  71  117  64  70  75  20  198  174 
 66  13  55  164  159  137  111  77  145  88  7  101  134  54  194  91  43  107  62  34  23  63  125  4  174  197  35  103 
 184  159  77  109  154  175  149  93  125  44  177  91  11  73  114  28  183  80  116  113  92  139  48  20  26  140  41  130  181  23  68  187  89  185 
-->CDecomWalshPart::vInitTrueLinkage-->GLBs: 2279
(Length: 3)  0  11  146 
(Length: 3)  0  13  27 
(Length: 4)  0  15  123  154 
(Length: 4)  0  17  43  107 
(Length: 5)  0  20  26  175  189 
(Length: 4)  0  32  92  107 
(Length: 3)  0  26  145 
(Length: 3)  0  43  46 
(Length: 3)  0  41  125 
(Length: 3)  0  44  47 
(Length: 3)  0  46  108 
(Length: 4)  0  44  123  154 
(Length: 3)  0  125  128 
(Length: 4)  0  34  43  175 
(Length: 4)  0  26  92  107 
(Length: 3)  0  125  158 
(Length: 3)  0  125  176 
(Length: 3)  0  11  154 
(Length: 4)  0  44  92  189 
(Length: 4)  0  41  146  183 
(Length: 3)  0  32  145 
(Length: 4)  0  43  84  107 
(Length: 3)  0  34  76 
(Length: 3)  0  45  146 
(Length: 3)  0  27  45 
(Length: 3)  0  27  46 
(Length: 3)  0  20  76 
(Length: 3)  0  46  128 
(Length: 3)  0  13  70 
(Length: 4)  0  17  43  123 
(Length: 3)  0  128  179 
(Length: 3)  0  44  125 
(Length: 3)  0  44  145 
(Length: 3)  0  13  175 
(Length: 3)  0  176  178 
(Length: 4)  0  32  107  125 
(Length: 4)  0  44  92  123 
(Length: 3)  0  108  179 
(Length: 4)  0  17  43  178 
(Length: 3)  0  92  108 
(Length: 3)  0  76  179 
(Length: 3)  0  70  107 
(Length: 4)  0  44  154  189 
(Length: 4)  0  34  43  84 
(Length: 4)  0  26  92  189 
(Length: 3)  0  76  178 
(Length: 4)  0  154  175  189 
(Length: 4)  0  15  154  176 
(Length: 4)  0  26  34  175 
(Length: 4)  0  70  123  179 
(Length: 4)  0  43  175  189 
(Length: 4)  0  20  26  176 
(Length: 3)  0  26  146 
(Length: 3)  0  32  178 
(Length: 3)  0  34  45 
(Length: 3)  0  76  158 
(Length: 3)  1  49  148 
(Length: 3)  1  49  129 
(Length: 4)  1  49  154  177 
(Length: 3)  1  175  181 
(Length: 4)  1  55  90  129 
(Length: 4)  1  18  49  106 
(Length: 3)  1  74  76 
(Length: 4)  1  42  55  90 
(Length: 3)  1  42  76 
(Length: 3)  1  90  109 
(Length: 4)  1  38  154  177 
(Length: 3)  1  91  184 
(Length: 4)  1  42  106  154 
(Length: 4)  1  38  106  181 
(Length: 4)  1  42  91  154 
(Length: 3)  1  38  155 
(Length: 4)  1  49  106  154 
(Length: 3)  1  181  184 
(Length: 3)  1  29  32 
(Length: 3)  1  76  129 
(Length: 4)  1  119  154  177 
(Length: 4)  1  42  90  154 
(Length: 3)  1  148  184 
(Length: 4)  1  74  109  175 
(Length: 3)  1  38  109 
(Length: 4)  1  38  106  154 
(Length: 4)  1  42  106  181 
(Length: 4)  1  29  45  181 
(Length: 3)  1  29  74 
(Length: 3)  1  32  106 
(Length: 3)  1  32  109 
(Length: 3)  1  154  175 
(Length: 3)  1  90  184 
(Length: 3)  2  17  52 
(Length: 3)  2  26  110 
(Length: 3)  2  77  184 
(Length: 3)  2  52  169 
(Length: 3)  2  16  112 
(Length: 3)  2  17  43 
(Length: 3)  2  19  110 
(Length: 3)  2  17  77 
(Length: 4)  2  41  141  192 
(Length: 3)  2  26  169 
(Length: 3)  2  65  192 
(Length: 3)  2  26  184 
(Length: 3)  2  52  65 
(Length: 3)  2  17  192 
(Length: 3)  2  43  169 
(Length: 3)  2  19  141 
(Length: 3)  3  78  159 
(Length: 3)  3  62  75 
(Length: 3)  3  62  189 
(Length: 4)  3  5  84  93 
(Length: 3)  3  64  68 
(Length: 4)  3  44  71  115 
(Length: 3)  3  64  189 
(Length: 3)  3  71  88 
(Length: 3)  3  71  93 
(Length: 3)  3  91  110 
(Length: 3)  3  5  44 
(Length: 3)  3  78  82 
(Length: 3)  3  44  189 
(Length: 3)  3  20  189 
(Length: 4)  3  44  75  115 
(Length: 3)  3  62  71 
(Length: 3)  3  75  93 
(Length: 3)  3  20  75 
(Length: 3)  3  20  68 
(Length: 3)  3  5  88 
(Length: 3)  3  71  91 
(Length: 3)  3  68  110 
(Length: 3)  3  88  159 
(Length: 3)  3  20  159 
(Length: 4)  4  34  65  197 
(Length: 3)  4  65  189 
(Length: 4)  4  34  159  160 
(Length: 5)  4  23  34  117  191 
(Length: 5)  4  34  117  173  197 
(Length: 3)  4  24  135 
(Length: 3)  4  55  89 
(Length: 4)  4  62  197  198 
(Length: 4)  4  23  34  65 
(Length: 3)  4  27  65 
(Length: 4)  4  89  96  196 
(Length: 4)  4  27  89  136 
(Length: 3)  4  150  196 
(Length: 4)  4  27  151  155 
(Length: 3)  4  27  159 
(Length: 4)  4  27  89  135 
(Length: 3)  4  160  180 
(Length: 3)  4  89  189 
(Length: 4)  4  34  197  198 
(Length: 4)  4  34  159  198 
(Length: 4)  4  34  159  191 
(Length: 3)  4  117  184 
(Length: 4)  4  55  117  191 
(Length: 4)  4  174  197  198 
(Length: 4)  4  173  174  197 
(Length: 3)  4  160  189 
(Length: 3)  4  159  184 
(Length: 3)  4  151  191 
(Length: 3)  4  151  184 
(Length: 5)  4  34  117  173  191 
(Length: 3)  4  151  160 
(Length: 3)  4  136  173 
(Length: 4)  4  55  174  198 
(Length: 3)  4  62  189 
(Length: 4)  4  23  34  198 
(Length: 3)  5  27  38 
(Length: 4)  5  12  101  195 
(Length: 3)  5  161  195 
(Length: 4)  5  88  129  187 
(Length: 3)  5  130  195 
(Length: 4)  5  101  188  195 
(Length: 4)  5  92  96  133 
(Length: 3)  5  111  157 
(Length: 4)  5  92  106  161 
(Length: 4)  5  44  92  133 
(Length: 3)  5  13  27 
(Length: 3)  5  28  187 
(Length: 3)  5  96  142 
(Length: 3)  5  15  188 
(Length: 4)  5  92  111  161 
(Length: 3)  5  36  188 
(Length: 3)  5  27  142 
(Length: 3)  5  15  28 
(Length: 3)  5  38  111 
(Length: 3)  5  96  187 
(Length: 3)  5  13  141 
(Length: 3)  5  27  93 
(Length: 3)  5  93  96 
(Length: 3)  5  93  188 
(Length: 3)  5  12  142 
(Length: 3)  5  38  106 
(Length: 3)  5  27  60 
(Length: 3)  5  27  46 
(Length: 3)  5  15  141 
(Length: 4)  5  15  38  133 
(Length: 4)  5  13  188  195 
(Length: 3)  5  111  188 
(Length: 3)  5  36  141 
(Length: 3)  5  12  46 
(Length: 3)  5  44  187 
(Length: 4)  5  60  129  187 
(Length: 4)  5  12  88  195 
(Length: 3)  5  28  142 
(Length: 3)  5  130  141 
(Length: 3)  5  46  96 
(Length: 4)  5  36  96  133 
(Length: 4)  5  60  141  187 
(Length: 4)  5  60  111  161 
(Length: 3)  5  90  129 
(Length: 4)  6  12  102  122 
(Length: 3)  6  11  141 
(Length: 3)  6  21  149 
(Length: 3)  6  61  156 
(Length: 3)  6  37  75 
(Length: 3)  6  37  113 
(Length: 3)  6  37  142 
(Length: 3)  6  37  162 
(Length: 3)  6  66  84 
(Length: 3)  6  49  113 
(Length: 3)  6  49  149 
(Length: 3)  6  11  149 
(Length: 3)  6  66  176 
(Length: 3)  6  21  116 
(Length: 3)  6  49  189 
(Length: 3)  6  55  75 
(Length: 3)  6  11  172 
(Length: 3)  6  55  79 
(Length: 3)  6  59  63 
(Length: 3)  6  55  63 
(Length: 4)  6  62  149  162 
(Length: 4)  6  63  132  134 
(Length: 3)  6  9  41 
(Length: 3)  6  63  142 
(Length: 4)  6  26  102  149 
(Length: 3)  6  84  197 
(Length: 3)  6  63  176 
(Length: 3)  6  61  172 
(Length: 3)  6  11  82 
(Length: 3)  6  26  113 
(Length: 3)  6  26  189 
(Length: 3)  6  41  141 
(Length: 3)  6  116  176 
(Length: 3)  6  141  176 
(Length: 4)  6  113  156  182 
(Length: 3)  6  59  84 
(Length: 3)  6  12  182 
(Length: 3)  6  59  182 
(Length: 3)  6  9  79 
(Length: 3)  6  59  189 
(Length: 4)  6  113  116  156 
(Length: 3)  6  41  62 
(Length: 3)  6  85  142 
(Length: 3)  6  9  12 
(Length: 3)  6  79  85 
(Length: 4)  6  62  66  75 
(Length: 3)  6  85  172 
(Length: 3)  6  132  167 
(Length: 3)  6  142  149 
(Length: 4)  6  62  167  189 
(Length: 4)  6  62  75  197 
(Length: 4)  6  12  62  172 
(Length: 3)  6  16  79 
(Length: 3)  6  75  102 
(Length: 3)  6  16  162 
(Length: 3)  6  84  156 
(Length: 3)  6  122  176 
(Length: 4)  6  62  75  167 
(Length: 3)  6  26  176 
(Length: 3)  6  122  167 
(Length: 3)  6  85  176 
(Length: 4)  6  12  62  66 
(Length: 4)  6  16  75  197 
(Length: 3)  6  56  66 
(Length: 3)  6  12  142 
(Length: 4)  6  21  75  182 
(Length: 3)  6  21  61 
(Length: 4)  6  56  102  149 
(Length: 3)  6  37  61 
(Length: 3)  6  49  66 
(Length: 4)  7  116  138  168 
(Length: 4)  7  9  80  179 
(Length: 3)  7  146  183 
(Length: 3)  7  110  181 
(Length: 3)  7  39  116 
(Length: 3)  7  77  198 
(Length: 4)  7  19  103  196 
(Length: 3)  7  146  196 
(Length: 3)  7  55  79 
(Length: 3)  7  77  79 
(Length: 3)  7  89  196 
(Length: 3)  7  77  122 
(Length: 3)  7  114  146 
(Length: 3)  7  116  146 
(Length: 3)  7  55  198 
(Length: 3)  7  79  181 
(Length: 4)  7  9  80  183 
(Length: 3)  7  55  138 
(Length: 3)  7  80  110 
(Length: 3)  7  80  101 
(Length: 3)  7  55  114 
(Length: 3)  7  80  89 
(Length: 3)  7  9  79 
(Length: 3)  7  55  110 
(Length: 3)  7  79  103 
(Length: 3)  7  122  138 
(Length: 3)  7  55  89 
(Length: 3)  7  103  198 
(Length: 4)  7  19  179  196 
(Length: 3)  7  19  110 
(Length: 4)  7  39  122  183 
(Length: 3)  7  101  198 
(Length: 3)  7  103  114 
(Length: 4)  7  116  138  181 
(Length: 4)  8  80  115  157 
(Length: 3)  8  11  52 
(Length: 3)  8  57  171 
(Length: 3)  8  21  35 
(Length: 4)  8  34  156  186 
(Length: 4)  8  87  138  152 
(Length: 3)  8  12  152 
(Length: 4)  8  80  110  157 
(Length: 3)  8  57  58 
(Length: 3)  8  110  171 
(Length: 3)  8  17  42 
(Length: 4)  8  80  157  186 
(Length: 3)  8  85  115 
(Length: 3)  8  17  58 
(Length: 3)  8  110  190 
(Length: 3)  8  85  142 
(Length: 3)  8  99  168 
(Length: 4)  8  57  139  190 
(Length: 3)  8  32  35 
(Length: 3)  8  99  152 
(Length: 3)  8  52  99 
(Length: 3)  8  42  87 
(Length: 3)  8  62  162 
(Length: 3)  8  175  189 
(Length: 3)  8  87  175 
(Length: 4)  8  34  45  152 
(Length: 3)  8  171  189 
(Length: 3)  8  12  142 
(Length: 4)  8  34  171  191 
(Length: 4)  8  34  152  191 
(Length: 3)  8  21  152 
(Length: 4)  8  42  110  157 
(Length: 3)  8  124  168 
(Length: 3)  8  138  189 
(Length: 3)  8  11  157 
(Length: 3)  8  32  162 
(Length: 3)  8  35  99 
(Length: 3)  8  32  87 
(Length: 3)  8  11  168 
(Length: 4)  8  62  139  189 
(Length: 4)  8  34  139  190 
(Length: 3)  8  139  168 
(Length: 3)  8  45  115 
(Length: 3)  8  138  168 
(Length: 3)  8  58  175 
(Length: 3)  8  21  168 
(Length: 4)  8  138  156  157 
(Length: 4)  8  34  186  191 
(Length: 3)  8  85  186 
(Length: 4)  8  42  157  186 
(Length: 3)  8  17  152 
(Length: 3)  8  58  138 
(Length: 3)  8  45  142 
(Length: 3)  8  168  175 
(Length: 4)  8  156  157  186 
(Length: 3)  8  12  62 
(Length: 3)  8  17  52 
(Length: 3)  8  17  115 
(Length: 3)  8  52  189 
(Length: 4)  8  34  175  190 
(Length: 3)  9  36  166 
(Length: 3)  9  96  98 
(Length: 3)  9  171  183 
(Length: 3)  9  112  174 
(Length: 3)  9  112  166 
(Length: 3)  9  112  118 
(Length: 4)  9  100  112  171 
(Length: 4)  9  80  173  179 
(Length: 3)  9  80  100 
(Length: 3)  9  91  150 
(Length: 3)  9  78  175 
(Length: 4)  9  12  166  173 
(Length: 3)  9  48  100 
(Length: 3)  9  41  183 
(Length: 3)  9  109  175 
(Length: 3)  9  48  109 
(Length: 4)  9  80  173  174 
(Length: 4)  9  60  100  185 
(Length: 3)  9  36  185 
(Length: 3)  9  98  158 
(Length: 4)  9  60  79  158 
(Length: 3)  9  98  150 
(Length: 3)  9  98  183 
(Length: 3)  9  109  118 
(Length: 3)  9  12  118 
(Length: 3)  9  12  91 
(Length: 3)  9  60  150 
(Length: 3)  9  109  158 
(Length: 3)  9  79  173 
(Length: 3)  9  96  118 
(Length: 4)  9  60  79  185 
(Length: 3)  9  78  185 
(Length: 3)  9  183  185 
(Length: 3)  9  36  48 
(Length: 3)  9  36  96 
(Length: 3)  10  27  104 
(Length: 3)  10  12  104 
(Length: 3)  10  36  151 
(Length: 3)  10  36  73 
(Length: 3)  10  151  160 
(Length: 3)  10  136  173 
(Length: 3)  10  27  119 
(Length: 4)  10  25  42  116 
(Length: 4)  10  25  42  88 
(Length: 3)  10  12  173 
(Length: 4)  10  39  42  116 
(Length: 4)  10  39  42  88 
(Length: 3)  10  119  145 
(Length: 3)  10  53  68 
(Length: 3)  10  53  145 
(Length: 3)  10  47  73 
(Length: 3)  10  68  83 
(Length: 3)  10  53  192 
(Length: 4)  10  25  27  151 
(Length: 3)  10  17  42 
(Length: 3)  10  73  192 
(Length: 3)  10  12  88 
(Length: 3)  10  47  119 
(Length: 3)  10  47  68 
(Length: 3)  10  17  160 
(Length: 3)  10  83  145 
(Length: 3)  10  17  192 
(Length: 3)  10  40  160 
(Length: 3)  10  151  192 
(Length: 3)  10  173  192 
(Length: 3)  10  88  145 
(Length: 3)  10  17  36 
(Length: 4)  10  27  39  73 
(Length: 3)  10  27  136 
(Length: 3)  11  83  149 
(Length: 4)  11  154  177  199 
(Length: 3)  11  40  89 
(Length: 3)  11  149  157 
(Length: 3)  11  52  149 
(Length: 3)  11  129  168 
(Length: 3)  11  147  177 
(Length: 3)  11  54  91 
(Length: 3)  11  52  109 
(Length: 3)  11  141  177 
(Length: 3)  11  106  154 
(Length: 3)  11  109  146 
(Length: 3)  11  54  172 
(Length: 3)  11  33  147 
(Length: 3)  11  109  199 
(Length: 3)  11  33  126 
(Length: 4)  11  91  154  199 
(Length: 3)  11  54  141 
(Length: 3)  11  33  172 
(Length: 3)  11  146  172 
(Length: 3)  11  83  172 
(Length: 4)  11  89  149  199 
(Length: 3)  11  40  141 
(Length: 4)  11  126  146  149 
(Length: 3)  11  40  106 
(Length: 3)  11  129  147 
(Length: 3)  12  95  178 
(Length: 3)  12  118  165 
(Length: 3)  12  173  182 
(Length: 3)  12  66  104 
(Length: 3)  12  24  172 
(Length: 4)  12  50  76  104 
(Length: 3)  12  152  182 
(Length: 3)  12  137  165 
(Length: 3)  12  127  137 
(Length: 3)  12  88  137 
(Length: 3)  12  66  152 
(Length: 3)  12  24  137 
(Length: 3)  12  148  184 
(Length: 3)  12  148  172 
(Length: 4)  12  104  137  148 
(Length: 4)  12  104  122  148 
(Length: 3)  12  81  103 
(Length: 3)  12  62  103 
(Length: 3)  12  76  103 
(Length: 3)  12  76  118 
(Length: 3)  12  76  178 
(Length: 3)  12  104  182 
(Length: 4)  12  46  62  66 
(Length: 3)  12  46  182 
(Length: 3)  12  102  165 
(Length: 3)  12  62  95 
(Length: 3)  12  172  173 
(Length: 3)  12  118  122 
(Length: 4)  12  50  91  184 
(Length: 4)  12  76  104  195 
(Length: 4)  12  50  165  166 
(Length: 3)  12  24  166 
(Length: 3)  12  184  195 
(Length: 3)  12  143  178 
(Length: 4)  12  46  62  172 
(Length: 3)  12  142  184 
(Length: 4)  12  76  127  195 
(Length: 3)  12  66  165 
(Length: 3)  12  178  182 
(Length: 3)  12  166  178 
(Length: 3)  12  118  143 
(Length: 3)  12  103  143 
(Length: 4)  12  81  104  148 
(Length: 3)  12  137  152 
(Length: 3)  12  101  178 
(Length: 3)  13  27  31 
(Length: 3)  13  56  66 
(Length: 3)  13  57  140 
(Length: 3)  13  91  198 
(Length: 3)  13  56  70 
(Length: 3)  13  66  140 
(Length: 3)  13  175  195 
(Length: 3)  13  57  141 
(Length: 3)  13  66  175 
(Length: 3)  13  31  188 
(Length: 3)  13  175  181 
(Length: 3)  13  140  181 
(Length: 3)  13  66  198 
(Length: 3)  14  66  175 
(Length: 5)  14  49  65  177  189 
(Length: 3)  14  27  93 
(Length: 3)  14  27  159 
(Length: 3)  14  133  163 
(Length: 3)  14  159  184 
(Length: 3)  14  27  104 
(Length: 3)  14  117  184 
(Length: 3)  14  133  159 
(Length: 3)  14  28  159 
(Length: 3)  14  49  66 
(Length: 3)  14  104  188 
(Length: 3)  14  59  93 
(Length: 3)  14  163  175 
(Length: 4)  14  138  177  189 
(Length: 3)  14  65  108 
(Length: 4)  14  65  175  189 
(Length: 4)  14  44  177  189 
(Length: 3)  14  44  133 
(Length: 3)  14  138  150 
(Length: 4)  14  44  112  189 
(Length: 3)  14  59  163 
(Length: 3)  14  93  175 
(Length: 3)  14  93  184 
(Length: 3)  14  93  188 
(Length: 3)  14  66  104 
(Length: 3)  14  104  133 
(Length: 4)  14  108  117  188 
(Length: 3)  14  27  65 
(Length: 4)  14  59  112  189 
(Length: 4)  14  66  90  150 
(Length: 3)  14  28  132 
(Length: 3)  14  27  155 
(Length: 3)  14  66  155 
(Length: 3)  14  90  184 
(Length: 4)  14  44  80  177 
(Length: 3)  15  59  152 
(Length: 4)  15  19  54  141 
(Length: 4)  15  30  39  123 
(Length: 3)  15  59  63 
(Length: 4)  15  38  63  132 
(Length: 3)  15  59  112 
(Length: 3)  15  28  132 
(Length: 3)  15  132  167 
(Length: 5)  15  19  113  154  177 
(Length: 4)  15  38  39  191 
(Length: 3)  15  69  191 
(Length: 3)  15  112  123 
(Length: 4)  15  19  154  176 
(Length: 3)  15  141  191 
(Length: 3)  15  112  174 
(Length: 4)  15  19  141  176 
(Length: 3)  15  30  54 
(Length: 4)  15  152  154  191 
(Length: 3)  15  39  139 
(Length: 3)  15  54  188 
(Length: 4)  15  30  123  154 
(Length: 3)  15  19  83 
(Length: 4)  15  38  132  174 
(Length: 3)  15  59  83 
(Length: 4)  15  38  154  176 
(Length: 4)  15  19  123  154 
(Length: 3)  15  139  154 
(Length: 4)  15  38  63  177 
(Length: 4)  15  19  132  154 
(Length: 4)  15  19  141  177 
(Length: 3)  15  113  133 
(Length: 3)  15  113  174 
(Length: 4)  15  38  154  177 
(Length: 5)  15  38  132  154  191 
(Length: 4)  15  19  69  177 
(Length: 4)  15  38  63  176 
(Length: 3)  16  79  173 
(Length: 3)  16  35  99 
(Length: 3)  16  173  197 
(Length: 3)  16  53  100 
(Length: 3)  16  71  100 
(Length: 3)  16  71  197 
(Length: 4)  16  72  111  162 
(Length: 3)  16  53  94 
(Length: 3)  16  71  79 
(Length: 3)  16  75  164 
(Length: 3)  16  173  179 
(Length: 3)  16  72  94 
(Length: 4)  16  31  73  75 
(Length: 3)  16  71  91 
(Length: 3)  16  35  111 
(Length: 3)  16  35  94 
(Length: 4)  16  31  75  197 
(Length: 4)  16  31  75  112 
(Length: 3)  16  45  71 
(Length: 3)  16  73  91 
(Length: 3)  16  39  73 
(Length: 3)  16  72  179 
(Length: 3)  16  79  164 
(Length: 3)  16  100  112 
(Length: 4)  17  74  75  187 
(Length: 3)  17  48  59 
(Length: 4)  17  36  66  96 
(Length: 4)  17  36  66  155 
(Length: 4)  17  42  75  77 
(Length: 3)  17  107  192 
(Length: 4)  17  43  152  160 
(Length: 3)  17  107  144 
(Length: 3)  17  115  192 
(Length: 3)  17  75  115 
(Length: 3)  17  123  144 
(Length: 3)  17  75  144 
(Length: 3)  17  48  144 
(Length: 4)  17  96  178  192 
(Length: 4)  17  66  152  155 
(Length: 4)  17  59  96  178 
(Length: 4)  17  42  66  75 
(Length: 5)  17  43  49  107  187 
(Length: 3)  17  155  178 
(Length: 4)  17  22  49  52 
(Length: 3)  17  59  97 
(Length: 4)  17  22  49  174 
(Length: 4)  17  59  152  160 
(Length: 4)  17  74  107  187 
(Length: 4)  17  59  160  178 
(Length: 3)  17  96  187 
(Length: 4)  17  43  160  178 
(Length: 3)  17  52  59 
(Length: 4)  17  49  66  107 
(Length: 4)  17  36  48  66 
(Length: 3)  17  58  66 
(Length: 3)  17  96  123 
(Length: 3)  17  52  144 
(Length: 4)  17  66  75  155 
(Length: 3)  17  42  178 
(Length: 3)  17  77  97 
(Length: 3)  17  58  74 
(Length: 3)  17  58  97 
(Length: 3)  18  24  37 
(Length: 3)  18  28  77 
(Length: 3)  18  20  33 
(Length: 4)  18  20  59  163 
(Length: 3)  18  69  98 
(Length: 4)  18  59  98  163 
(Length: 3)  18  24  59 
(Length: 3)  18  37  61 
(Length: 3)  18  61  69 
(Length: 3)  18  50  179 
(Length: 3)  18  63  106 
(Length: 3)  18  46  98 
(Length: 3)  18  20  50 
(Length: 3)  18  77  122 
(Length: 3)  18  24  179 
(Length: 3)  18  33  69 
(Length: 3)  18  59  63 
(Length: 3)  18  50  63 
(Length: 3)  18  102  122 
(Length: 4)  19  103  132  154 
(Length: 3)  19  113  182 
(Length: 3)  19  123  179 
(Length: 3)  19  24  83 
(Length: 3)  19  110  148 
(Length: 3)  19  182  196 
(Length: 3)  19  32  109 
(Length: 3)  19  136  182 
(Length: 3)  19  117  182 
(Length: 3)  19  136  148 
(Length: 3)  19  24  111 
(Length: 3)  19  83  117 
(Length: 3)  19  67  176 
(Length: 3)  19  24  179 
(Length: 3)  19  54  111 
(Length: 3)  19  123  136 
(Length: 3)  19  109  113 
(Length: 4)  19  54  179  196 
(Length: 3)  19  32  117 
(Length: 3)  19  32  103 
(Length: 3)  20  75  197 
(Length: 4)  20  59  83  163 
(Length: 3)  20  83  117 
(Length: 4)  20  68  76  138 
(Length: 3)  20  117  197 
(Length: 4)  20  50  76  138 
(Length: 3)  20  55  75 
(Length: 3)  20  79  103 
(Length: 4)  20  55  117  191 
(Length: 3)  20  55  138 
(Length: 3)  20  79  160 
(Length: 3)  20  73  103 
(Length: 3)  20  33  55 
(Length: 3)  20  163  175 
(Length: 3)  20  65  197 
(Length: 3)  20  55  72 
(Length: 4)  20  59  160  189 
(Length: 3)  20  68  199 
(Length: 3)  20  72  76 
(Length: 3)  20  159  191 
(Length: 3)  20  103  163 
(Length: 4)  20  26  153  165 
(Length: 3)  20  133  163 
(Length: 4)  20  133  159  160 
(Length: 4)  20  65  175  189 
(Length: 4)  20  26  72  153 
(Length: 3)  20  73  75 
(Length: 4)  20  50  76  133 
(Length: 4)  20  50  73  138 
(Length: 3)  20  55  79 
(Length: 4)  20  68  76  103 
(Length: 3)  20  68  83 
(Length: 3)  20  68  197 
(Length: 4)  20  73  138  153 
(Length: 4)  20  73  159  199 
(Length: 3)  20  50  165 
(Length: 4)  20  26  175  199 
(Length: 3)  20  138  176 
(Length: 3)  20  68  165 
(Length: 3)  20  138  189 
(Length: 3)  20  75  76 
(Length: 3)  21  152  154 
(Length: 3)  21  35  174 
(Length: 3)  21  140  196 
(Length: 3)  21  152  160 
(Length: 3)  21  149  160 
(Length: 3)  21  168  182 
(Length: 3)  21  152  182 
(Length: 3)  21  116  168 
(Length: 3)  21  182  196 
(Length: 3)  21  192  194 
(Length: 3)  21  140  194 
(Length: 3)  21  61  174 
(Length: 3)  21  75  154 
(Length: 3)  21  140  154 
(Length: 3)  22  55  174 
(Length: 3)  22  25  149 
(Length: 3)  22  81  104 
(Length: 3)  22  38  174 
(Length: 4)  22  38  105  166 
(Length: 3)  22  104  197 
(Length: 3)  22  38  111 
(Length: 3)  22  49  131 
(Length: 4)  22  52  101  169 
(Length: 3)  22  25  190 
(Length: 3)  22  55  81 
(Length: 3)  22  111  169 
(Length: 3)  22  174  197 
(Length: 3)  22  169  190 
(Length: 3)  22  111  131 
(Length: 3)  22  52  166 
(Length: 4)  22  92  105  166 
(Length: 3)  22  101  105 
(Length: 3)  22  92  111 
(Length: 4)  22  49  52  149 
(Length: 3)  22  119  149 
(Length: 3)  22  169  174 
(Length: 3)  23  117  195 
(Length: 3)  23  60  100 
(Length: 3)  23  125  198 
(Length: 3)  23  34  156 
(Length: 3)  23  81  123 
(Length: 3)  23  60  156 
(Length: 3)  23  68  121 
(Length: 3)  23  59  100 
(Length: 3)  23  59  195 
(Length: 3)  23  80  199 
(Length: 3)  23  80  100 
(Length: 3)  23  68  81 
(Length: 4)  23  68  125  199 
(Length: 3)  23  65  121 
(Length: 3)  23  109  146 
(Length: 3)  23  121  191 
(Length: 3)  23  146  149 
(Length: 4)  23  125  149  199 
(Length: 3)  23  146  156 
(Length: 3)  23  109  199 
(Length: 3)  24  25  161 
(Length: 3)  24  25  167 
(Length: 3)  24  83  145 
(Length: 3)  24  83  161 
(Length: 3)  24  37  115 
(Length: 3)  24  107  166 
(Length: 3)  24  135  137 
(Length: 3)  24  137  185 
(Length: 5)  24  73  84  107  185 
(Length: 3)  24  37  153 
(Length: 3)  24  128  179 
(Length: 3)  24  43  175 
(Length: 4)  24  73  107  192 
(Length: 3)  24  115  192 
(Length: 3)  24  119  145 
(Length: 4)  24  43  84  107 
(Length: 3)  24  37  162 
(Length: 3)  24  172  179 
(Length: 4)  24  97  128  161 
(Length: 3)  24  111  167 
(Length: 3)  24  128  153 
(Length: 4)  24  59  97  137 
(Length: 3)  24  83  172 
(Length: 3)  24  115  179 
(Length: 4)  24  111  161  162 
(Length: 4)  24  59  97  128 
(Length: 3)  24  59  84 
(Length: 3)  24  25  59 
(Length: 3)  24  166  167 
(Length: 3)  24  162  185 
(Length: 3)  24  107  135 
(Length: 4)  24  43  111  161 
(Length: 3)  24  59  83 
(Length: 3)  24  115  119 
(Length: 3)  24  73  153 
(Length: 3)  25  71  177 
(Length: 4)  25  50  70  193 
(Length: 3)  25  102  190 
(Length: 3)  25  48  66 
(Length: 3)  25  45  48 
(Length: 4)  25  26  139  149 
(Length: 3)  25  45  71 
(Length: 4)  25  42  66  161 
(Length: 3)  25  28  48 
(Length: 3)  25  28  42 
(Length: 4)  25  26  102  149 
(Length: 3)  25  48  59 
(Length: 3)  25  45  116 
(Length: 4)  25  26  102  196 
(Length: 3)  25  139  190 
(Length: 3)  25  26  193 
(Length: 3)  25  66  139 
(Length: 3)  25  27  45 
(Length: 3)  25  71  88 
(Length: 3)  25  116  188 
(Length: 4)  25  50  71  139 
(Length: 3)  25  70  196 
(Length: 3)  25  177  193 
(Length: 3)  25  50  167 
(Length: 3)  25  50  161 
(Length: 3)  25  70  149 
(Length: 3)  25  27  149 
(Length: 4)  26  34  78  102 
(Length: 4)  26  139  149  199 
(Length: 4)  26  149  184  199 
(Length: 3)  26  34  139 
(Length: 3)  26  34  193 
(Length: 3)  26  146  149 
(Length: 3)  26  146  196 
(Length: 3)  26  64  72 
(Length: 3)  26  72  78 
(Length: 3)  26  72  113 
(Length: 3)  26  86  146 
(Length: 4)  26  78  87  175 
(Length: 4)  26  91  92  199 
(Length: 3)  26  96  98 
(Length: 4)  26  99  145  168 
(Length: 3)  26  175  195 
(Length: 3)  26  72  168 
(Length: 4)  26  72  153  169 
(Length: 3)  26  72  184 
(Length: 3)  26  153  193 
(Length: 3)  26  86  169 
(Length: 3)  26  78  92 
(Length: 3)  26  87  107 
(Length: 4)  26  92  96  139 
(Length: 3)  26  91  110 
(Length: 4)  26  91  184  199 
(Length: 4)  26  64  92  189 
(Length: 3)  26  107  113 
(Length: 3)  26  107  193 
(Length: 3)  26  96  110 
(Length: 3)  26  98  137 
(Length: 3)  26  96  145 
(Length: 3)  26  96  176 
(Length: 3)  26  96  196 
(Length: 3)  26  145  165 
(Length: 3)  26  168  175 
(Length: 3)  26  99  193 
(Length: 3)  26  113  145 
(Length: 3)  26  137  146 
(Length: 3)  26  137  165 
(Length: 3)  26  176  193 
(Length: 3)  26  184  195 
(Length: 3)  26  193  195 
(Length: 3)  26  113  199 
(Length: 4)  26  149  175  199 
(Length: 4)  26  78  102  196 
(Length: 3)  26  34  64 
(Length: 4)  26  78  102  165 
(Length: 4)  26  34  78  175 
(Length: 3)  26  139  168 
(Length: 3)  26  137  193 
(Length: 4)  26  139  153  169 
(Length: 4)  26  92  139  189 
(Length: 4)  26  92  139  199 
(Length: 4)  27  60  104  120 
(Length: 4)  27  38  155  170 
(Length: 4)  27  120  155  185 
(Length: 3)  27  104  135 
(Length: 3)  27  45  159 
(Length: 3)  27  89  185 
(Length: 4)  27  89  135  149 
(Length: 4)  27  89  142  149 
(Length: 3)  27  93  136 
(Length: 3)  27  38  39 
(Length: 3)  27  39  65 
(Length: 3)  27  75  93 
(Length: 4)  27  142  155  170 
(Length: 3)  27  46  151 
(Length: 3)  27  46  136 
(Length: 3)  27  45  142 
(Length: 3)  27  39  149 
(Length: 4)  27  73  159  185 
(Length: 4)  27  142  151  155 
(Length: 3)  27  93  151 
(Length: 3)  27  75  155 
(Length: 3)  27  119  149 
(Length: 4)  27  31  73  75 
(Length: 4)  27  60  120  185 
(Length: 3)  27  65  185 
(Length: 3)  28  43  187 
(Length: 4)  28  68  125  132 
(Length: 4)  28  125  140  158 
(Length: 3)  28  68  97 
(Length: 4)  28  42  125  132 
(Length: 3)  28  97  142 
(Length: 5)  28  68  89  125  199 
(Length: 4)  28  140  159  199 
(Length: 4)  28  57  140  158 
(Length: 3)  28  29  43 
(Length: 4)  28  48  125  199 
(Length: 4)  28  125  140  199 
(Length: 3)  28  77  97 
(Length: 3)  28  29  142 
(Length: 4)  28  42  77  132 
(Length: 3)  28  43  140 
(Length: 3)  28  29  57 
(Length: 3)  28  77  199 
(Length: 3)  28  187  199 
(Length: 3)  28  89  142 
(Length: 3)  29  57  171 
(Length: 3)  29  58  150 
(Length: 3)  29  58  74 
(Length: 3)  29  57  58 
(Length: 3)  29  171  196 
(Length: 3)  29  114  150 
(Length: 4)  29  45  142  181 
(Length: 3)  29  62  114 
(Length: 3)  29  43  149 
(Length: 3)  29  101  195 
(Length: 3)  29  32  149 
(Length: 3)  29  142  149 
(Length: 3)  29  43  171 
(Length: 3)  29  101  150 
(Length: 3)  29  62  95 
(Length: 3)  29  74  149 
(Length: 3)  29  74  171 
(Length: 3)  29  62  149 
(Length: 3)  29  150  196 
(Length: 3)  29  45  114 
(Length: 3)  30  39  88 
(Length: 3)  30  77  109 
(Length: 4)  30  54  91  150 
(Length: 3)  30  56  109 
(Length: 3)  30  91  154 
(Length: 3)  30  123  144 
(Length: 3)  30  56  144 
(Length: 3)  30  77  88 
(Length: 3)  30  40  144 
(Length: 3)  30  54  192 
(Length: 3)  30  46  85 
(Length: 3)  31  112  118 
(Length: 3)  31  117  191 
(Length: 3)  31  102  117 
(Length: 3)  31  102  190 
(Length: 3)  31  74  191 
(Length: 3)  31  74  190 
(Length: 3)  31  74  75 
(Length: 3)  31  74  118 
(Length: 3)  31  101  178 
(Length: 3)  31  61  101 
(Length: 3)  31  73  194 
(Length: 3)  31  75  102 
(Length: 3)  31  75  77 
(Length: 3)  31  101  191 
(Length: 3)  31  96  178 
(Length: 3)  31  61  96 
(Length: 3)  31  96  118 
(Length: 3)  31  178  194 
(Length: 4)  31  74  188  194 
(Length: 4)  31  117  188  197 
(Length: 3)  31  68  197 
(Length: 3)  31  77  118 
(Length: 3)  31  112  127 
(Length: 3)  31  146  190 
(Length: 3)  31  118  146 
(Length: 3)  31  101  188 
(Length: 3)  31  127  191 
(Length: 3)  32  96  118 
(Length: 3)  32  96  103 
(Length: 3)  32  118  149 
(Length: 3)  32  35  103 
(Length: 3)  32  35  188 
(Length: 3)  32  144  147 
(Length: 3)  32  144  153 
(Length: 3)  32  75  144 
(Length: 3)  32  81  103 
(Length: 3)  32  92  96 
(Length: 3)  32  100  106 
(Length: 4)  32  92  106  107 
(Length: 3)  32  107  109 
(Length: 3)  32  107  144 
(Length: 3)  32  125  149 
(Length: 3)  32  96  145 
(Length: 3)  32  35  92 
(Length: 3)  32  118  147 
(Length: 3)  32  117  162 
(Length: 3)  32  149  162 
(Length: 3)  32  109  118 
(Length: 3)  32  87  117 
(Length: 3)  32  126  149 
(Length: 3)  32  81  126 
(Length: 3)  32  117  192 
(Length: 3)  32  126  178 
(Length: 4)  32  117  144  188 
(Length: 3)  32  81  153 
(Length: 4)  32  106  107  192 
(Length: 4)  32  92  107  126 
(Length: 3)  32  100  188 
(Length: 3)  32  125  147 
(Length: 3)  32  87  107 
(Length: 4)  32  96  178  192 
(Length: 3)  33  69  137 
(Length: 3)  33  62  172 
(Length: 3)  33  137  147 
(Length: 3)  33  137  187 
(Length: 3)  33  147  181 
(Length: 3)  33  48  69 
(Length: 3)  33  96  187 
(Length: 3)  33  48  120 
(Length: 3)  33  120  126 
(Length: 3)  33  62  126 
(Length: 3)  33  126  187 
(Length: 3)  33  148  172 
(Length: 3)  33  48  148 
(Length: 3)  33  137  148 
(Length: 3)  34  65  175 
(Length: 3)  34  79  185 
(Length: 4)  34  49  65  131 
(Length: 4)  34  43  160  186 
(Length: 4)  34  43  79  160 
(Length: 3)  34  65  102 
(Length: 3)  34  43  198 
(Length: 4)  34  43  84  156 
(Length: 3)  34  84  190 
(Length: 3)  34  84  197 
(Length: 3)  34  74  76 
(Length: 4)  34  152  159  191 
(Length: 4)  34  78  159  185 
(Length: 3)  34  102  164 
(Length: 4)  34  133  159  160 
(Length: 3)  34  64  185 
(Length: 3)  34  64  197 
(Length: 3)  34  49  193 
(Length: 3)  34  171  193 
(Length: 3)  34  173  190 
(Length: 4)  34  43  156  186 
(Length: 3)  34  102  190 
(Length: 4)  34  159  164  198 
(Length: 4)  34  78  102  117 
(Length: 4)  34  74  175  190 
(Length: 4)  34  84  131  156 
(Length: 4)  34  152  159  160 
(Length: 4)  34  74  171  191 
(Length: 4)  34  74  139  190 
(Length: 3)  34  76  133 
(Length: 3)  34  152  193 
(Length: 4)  34  45  152  159 
(Length: 4)  34  43  152  160 
(Length: 3)  34  79  164 
(Length: 3)  34  43  49 
(Length: 4)  34  43  160  171 
(Length: 3)  34  64  191 
(Length: 3)  34  79  173 
(Length: 3)  34  131  159 
(Length: 3)  34  65  185 
(Length: 4)  34  84  156  185 
(Length: 4)  35  108  111  169 
(Length: 3)  35  169  174 
(Length: 3)  35  111  198 
(Length: 3)  35  94  174 
(Length: 3)  35  36  188 
(Length: 3)  35  103  198 
(Length: 3)  35  64  92 
(Length: 3)  35  74  94 
(Length: 3)  35  64  155 
(Length: 5)  35  74  108  111  188 
(Length: 3)  35  174  198 
(Length: 4)  35  92  108  111 
(Length: 3)  35  36  155 
(Length: 3)  36  73  85 
(Length: 4)  36  154  166  191 
(Length: 3)  36  73  185 
(Length: 3)  36  155  185 
(Length: 3)  36  96  154 
(Length: 3)  36  48  133 
(Length: 4)  36  48  56  66 
(Length: 3)  36  85  96 
(Length: 3)  36  141  185 
(Length: 3)  36  85  166 
(Length: 4)  36  141  151  191 
(Length: 3)  36  151  155 
(Length: 3)  36  85  151 
(Length: 4)  37  60  104  120 
(Length: 3)  37  67  162 
(Length: 3)  37  89  142 
(Length: 3)  37  75  115 
(Length: 3)  37  40  76 
(Length: 3)  37  67  115 
(Length: 3)  37  52  113 
(Length: 3)  37  76  104 
(Length: 4)  37  67  104  120 
(Length: 3)  37  40  89 
(Length: 4)  37  75  76  112 
(Length: 3)  37  120  138 
(Length: 3)  37  76  138 
(Length: 3)  37  138  153 
(Length: 3)  37  60  61 
(Length: 3)  38  85  106 
(Length: 3)  38  57  170 
(Length: 3)  38  107  177 
(Length: 4)  38  50  63  111 
(Length: 4)  38  50  107  166 
(Length: 3)  38  155  176 
(Length: 4)  38  50  165  166 
(Length: 3)  38  111  191 
(Length: 3)  38  50  133 
(Length: 4)  38  154  166  191 
(Length: 3)  38  128  132 
(Length: 3)  38  97  181 
(Length: 4)  38  105  154  166 
(Length: 3)  38  145  177 
(Length: 4)  38  57  107  109 
(Length: 3)  38  106  107 
(Length: 3)  38  85  166 
(Length: 3)  38  50  170 
(Length: 3)  38  124  176 
(Length: 3)  38  145  165 
(Length: 3)  38  133  181 
(Length: 3)  38  97  128 
(Length: 3)  38  63  109 
(Length: 3)  38  63  106 
(Length: 3)  38  124  133 
(Length: 3)  38  85  176 
(Length: 4)  39  74  139  149 
(Length: 4)  39  74  76  118 
(Length: 3)  39  67  90 
(Length: 4)  39  42  90  186 
(Length: 3)  39  88  153 
(Length: 3)  39  43  123 
(Length: 3)  39  52  65 
(Length: 4)  39  42  76  118 
(Length: 3)  39  73  153 
(Length: 3)  39  118  147 
(Length: 4)  39  74  118  122 
(Length: 3)  39  147  158 
(Length: 4)  39  43  169  186 
(Length: 3)  39  153  183 
(Length: 3)  39  73  171 
(Length: 3)  39  186  191 
(Length: 3)  39  73  194 
(Length: 3)  39  76  158 
(Length: 4)  39  74  121  191 
(Length: 3)  39  67  122 
(Length: 4)  39  139  153  169 
(Length: 4)  39  90  169  186 
(Length: 3)  39  147  186 
(Length: 4)  39  74  122  171 
(Length: 3)  39  43  149 
(Length: 3)  39  43  171 
(Length: 3)  39  52  169 
(Length: 3)  39  52  149 
(Length: 4)  39  74  121  122 
(Length: 4)  39  122  171  183 
(Length: 4)  39  74  171  191 
(Length: 4)  39  74  122  194 
(Length: 3)  39  65  121 
(Length: 4)  39  42  116  118 
(Length: 4)  39  74  118  149 
(Length: 3)  40  89  185 
(Length: 4)  40  79  144  185 
(Length: 3)  40  76  195 
(Length: 3)  40  50  76 
(Length: 3)  40  141  185 
(Length: 3)  40  50  185 
(Length: 3)  40  79  158 
(Length: 3)  40  76  158 
(Length: 3)  40  79  160 
(Length: 3)  40  50  99 
(Length: 3)  41  125  141 
(Length: 3)  41  146  187 
(Length: 3)  41  187  199 
(Length: 4)  41  141  151  192 
(Length: 3)  41  141  187 
(Length: 4)  41  125  140  199 
(Length: 4)  41  140  183  199 
(Length: 3)  42  86  161 
(Length: 3)  42  86  172 
(Length: 4)  42  55  64  72 
(Length: 4)  42  55  72  90 
(Length: 3)  42  55  110 
(Length: 3)  42  64  116 
(Length: 3)  42  66  90 
(Length: 3)  42  64  178 
(Length: 3)  42  76  132 
(Length: 4)  42  72  90  186 
(Length: 3)  42  110  125 
(Length: 3)  42  116  125 
(Length: 3)  42  132  154 
(Length: 3)  42  172  186 
(Length: 3)  42  76  178 
(Length: 3)  42  72  76 
(Length: 3)  42  77  79 
(Length: 3)  42  110  180 
(Length: 3)  42  132  161 
(Length: 4)  42  77  88  132 
(Length: 4)  42  76  118  180 
(Length: 4)  42  76  118  133 
(Length: 3)  42  154  180 
(Length: 3)  42  79  181 
(Length: 3)  42  79  178 
(Length: 3)  42  133  181 
(Length: 3)  42  110  181 
(Length: 3)  42  116  181 
(Length: 4)  42  77  118  180 
(Length: 3)  42  60  79 
(Length: 3)  42  60  161 
(Length: 3)  42  91  110 
(Length: 3)  42  132  135 
(Length: 3)  42  55  86 
(Length: 3)  42  55  75 
(Length: 3)  42  86  157 
(Length: 3)  42  90  135 
(Length: 3)  42  75  76 
(Length: 3)  42  91  161 
(Length: 3)  42  110  178 
(Length: 3)  42  110  135 
(Length: 4)  42  66  106  161 
(Length: 3)  42  86  118 
(Length: 3)  42  75  154 
(Length: 3)  42  55  79 
(Length: 3)  43  156  178 
(Length: 3)  43  93  175 
(Length: 3)  43  149  160 
(Length: 3)  43  111  156 
(Length: 3)  43  120  189 
(Length: 3)  43  111  198 
(Length: 3)  43  93  178 
(Length: 3)  43  93  123 
(Length: 3)  43  111  169 
(Length: 3)  43  149  175 
(Length: 4)  43  160  169  186 
(Length: 3)  43  46  169 
(Length: 4)  43  160  171  189 
(Length: 3)  43  49  149 
(Length: 4)  43  79  160  178 
(Length: 3)  43  84  93 
(Length: 3)  43  140  189 
(Length: 3)  43  107  198 
(Length: 3)  43  120  178 
(Length: 3)  43  123  140 
(Length: 3)  43  123  161 
(Length: 3)  43  49  189 
(Length: 3)  44  75  154 
(Length: 3)  44  187  199 
(Length: 3)  44  75  187 
(Length: 3)  44  92  105 
(Length: 4)  44  92  177  199 
(Length: 4)  44  71  80  115 
(Length: 4)  44  75  80  115 
(Length: 3)  44  80  174 
(Length: 3)  44  112  123 
(Length: 4)  44  154  177  199 
(Length: 4)  44  92  177  189 
(Length: 3)  44  71  133 
(Length: 3)  44  75  112 
(Length: 4)  44  154  177  189 
(Length: 3)  44  125  199 
(Length: 3)  44  51  112 
(Length: 3)  44  47  73 
(Length: 4)  44  87  105  152 
(Length: 3)  44  162  187 
(Length: 3)  44  47  187 
(Length: 4)  44  80  177  199 
(Length: 3)  44  51  125 
(Length: 3)  44  112  174 
(Length: 3)  44  73  75 
(Length: 3)  44  73  174 
(Length: 4)  44  71  80  177 
(Length: 3)  44  73  199 
(Length: 4)  44  105  152  154 
(Length: 4)  44  71  145  177 
(Length: 3)  45  116  146 
(Length: 3)  45  116  181 
(Length: 4)  45  97  142  181 
(Length: 4)  45  147  159  181 
(Length: 3)  45  71  115 
(Length: 4)  45  97  142  146 
(Length: 3)  45  48  56 
(Length: 4)  45  68  97  181 
(Length: 3)  45  67  115 
(Length: 3)  45  114  146 
(Length: 3)  45  67  181 
(Length: 3)  46  86  169 
(Length: 3)  46  85  172 
(Length: 3)  46  108  169 
(Length: 4)  46  66  128  168 
(Length: 3)  46  86  172 
(Length: 3)  46  151  191 
(Length: 3)  46  86  191 
(Length: 3)  46  168  182 
(Length: 3)  46  98  108 
(Length: 3)  46  151  182 
(Length: 5)  46  66  96  98  128 
(Length: 4)  46  85  96  98 
(Length: 3)  46  85  151 
(Length: 3)  46  136  182 
(Length: 4)  47  100  141  187 
(Length: 3)  47  68  144 
(Length: 3)  47  56  144 
(Length: 3)  47  100  119 
(Length: 3)  47  56  100 
(Length: 3)  48  144  153 
(Length: 3)  48  56  109 
(Length: 3)  48  59  148 
(Length: 3)  48  133  148 
(Length: 3)  48  61  69 
(Length: 3)  48  111  156 
(Length: 3)  48  136  156 
(Length: 3)  48  100  136 
(Length: 3)  48  136  153 
(Length: 3)  48  109  199 
(Length: 3)  48  56  144 
(Length: 3)  48  56  100 
(Length: 3)  48  66  120 
(Length: 4)  48  100  105  120 
(Length: 3)  48  59  100 
(Length: 3)  48  61  156 
(Length: 3)  48  136  148 
(Length: 3)  48  61  109 
(Length: 4)  49  52  65  189 
(Length: 4)  49  66  106  107 
(Length: 4)  49  65  131  154 
(Length: 3)  49  72  113 
(Length: 3)  49  52  113 
(Length: 3)  49  71  177 
(Length: 3)  49  113  174 
(Length: 4)  49  113  154  177 
(Length: 3)  49  71  129 
(Length: 3)  49  72  129 
(Length: 5)  49  65  154  177  189 
(Length: 3)  49  71  89 
(Length: 3)  49  73  131 
(Length: 3)  49  89  189 
(Length: 3)  49  73  194 
(Length: 3)  49  89  149 
(Length: 3)  49  73  174 
(Length: 4)  49  107  177  193 
(Length: 3)  49  129  187 
(Length: 4)  49  107  113  177 
(Length: 4)  49  73  106  107 
(Length: 3)  49  72  148 
(Length: 4)  49  73  107  193 
(Length: 3)  50  70  179 
(Length: 3)  50  104  120 
(Length: 4)  50  76  104  133 
(Length: 3)  50  162  184 
(Length: 4)  50  70  107  193 
(Length: 3)  50  120  167 
(Length: 3)  50  104  139 
(Length: 3)  50  104  161 
(Length: 3)  50  167  170 
(Length: 4)  50  111  131  138 
(Length: 4)  50  78  162  185 
(Length: 3)  50  115  119 
(Length: 3)  50  120  138 
(Length: 4)  50  78  119  165 
(Length: 3)  50  115  179 
(Length: 3)  50  133  134 
(Length: 3)  50  120  185 
(Length: 3)  50  73  91 
(Length: 3)  50  71  133 
(Length: 3)  50  63  134 
(Length: 4)  50  63  111  131 
(Length: 3)  50  120  134 
(Length: 4)  50  73  107  185 
(Length: 4)  50  111  161  162 
(Length: 4)  50  73  131  138 
(Length: 3)  50  111  167 
(Length: 3)  50  138  170 
(Length: 3)  50  71  115 
(Length: 4)  50  76  111  138 
(Length: 3)  50  71  91 
(Length: 3)  50  91  161 
(Length: 4)  50  73  107  193 
(Length: 3)  50  166  167 
(Length: 4)  50  107  166  193 
(Length: 3)  50  99  131 
(Length: 3)  50  99  193 
(Length: 3)  50  76  179 
(Length: 4)  50  70  107  185 
(Length: 4)  50  111  131  162 
(Length: 3)  50  70  138 
(Length: 4)  51  127  137  170 
(Length: 4)  51  63  111  131 
(Length: 3)  51  100  114 
(Length: 3)  51  163  170 
(Length: 3)  51  54  184 
(Length: 4)  51  63  100  171 
(Length: 3)  51  54  70 
(Length: 3)  51  70  112 
(Length: 3)  51  163  183 
(Length: 3)  51  112  127 
(Length: 4)  51  100  112  171 
(Length: 3)  51  63  125 
(Length: 3)  51  86  97 
(Length: 3)  51  114  184 
(Length: 3)  51  97  137 
(Length: 3)  51  89  125 
(Length: 3)  51  86  89 
(Length: 3)  51  97  122 
(Length: 4)  51  122  171  183 
(Length: 3)  51  121  127 
(Length: 4)  51  54  111  127 
(Length: 3)  51  121  122 
(Length: 3)  52  65  99 
(Length: 3)  52  59  128 
(Length: 3)  52  117  144 
(Length: 3)  52  109  169 
(Length: 3)  52  140  189 
(Length: 3)  52  59  189 
(Length: 3)  52  125  149 
(Length: 3)  52  125  140 
(Length: 3)  52  117  169 
(Length: 4)  52  101  140  144 
(Length: 3)  52  109  113 
(Length: 3)  52  140  166 
(Length: 3)  52  125  128 
(Length: 3)  53  74  94 
(Length: 4)  53  68  113  180 
(Length: 3)  53  113  145 
(Length: 3)  53  77  180 
(Length: 3)  53  138  152 
(Length: 4)  53  74  100  187 
(Length: 3)  53  65  192 
(Length: 3)  53  68  138 
(Length: 3)  54  91  184 
(Length: 4)  54  76  111  127 
(Length: 3)  54  94  150 
(Length: 3)  54  130  141 
(Length: 4)  54  108  164  188 
(Length: 4)  54  108  111  188 
(Length: 4)  54  164  188  194 
(Length: 4)  54  164  194  198 
(Length: 3)  54  184  195 
(Length: 3)  54  124  130 
(Length: 4)  54  55  164  198 
(Length: 3)  54  111  150 
(Length: 3)  54  150  196 
(Length: 3)  54  193  195 
(Length: 3)  54  141  192 
(Length: 4)  54  76  127  195 
(Length: 3)  54  192  194 
(Length: 4)  54  70  107  193 
(Length: 3)  54  111  198 
(Length: 4)  54  188  194  195 
(Length: 3)  54  94  184 
(Length: 3)  54  91  198 
(Length: 4)  54  76  179  196 
(Length: 3)  54  107  192 
(Length: 4)  54  70  172  179 
(Length: 3)  54  130  195 
(Length: 3)  54  107  198 
(Length: 4)  54  70  179  196 
(Length: 4)  54  70  130  164 
(Length: 3)  54  108  193 
(Length: 3)  54  55  124 
(Length: 3)  54  108  179 
(Length: 3)  55  63  198 
(Length: 3)  55  81  110 
(Length: 3)  55  86  89 
(Length: 3)  55  75  121 
(Length: 3)  55  81  86 
(Length: 3)  55  58  138 
(Length: 3)  55  58  86 
(Length: 3)  55  121  191 
(Length: 3)  55  72  124 
(Length: 3)  55  86  191 
(Length: 4)  55  72  90  129 
(Length: 4)  55  58  90  129 
(Length: 3)  55  64  191 
(Length: 3)  55  110  174 
(Length: 3)  55  79  164 
(Length: 3)  55  75  164 
(Length: 3)  56  100  102 
(Length: 3)  56  98  103 
(Length: 3)  56  70  149 
(Length: 3)  56  66  170 
(Length: 3)  56  66  98 
(Length: 3)  56  102  144 
(Length: 3)  56  170  194 
(Length: 4)  56  76  103  180 
(Length: 3)  56  144  194 
(Length: 4)  56  102  149  180 
(Length: 3)  57  58  122 
(Length: 3)  57  109  158 
(Length: 3)  57  113  170 
(Length: 3)  57  140  183 
(Length: 4)  57  107  109  113 
(Length: 3)  57  67  122 
(Length: 3)  57  183  190 
(Length: 4)  57  122  171  183 
(Length: 3)  58  90  154 
(Length: 4)  58  74  136  175 
(Length: 3)  58  73  86 
(Length: 4)  58  73  138  150 
(Length: 3)  58  154  175 
(Length: 4)  58  66  90  150 
(Length: 3)  58  97  122 
(Length: 3)  58  122  138 
(Length: 3)  58  74  122 
(Length: 3)  58  90  135 
(Length: 3)  58  86  97 
(Length: 3)  58  74  135 
(Length: 3)  58  66  175 
(Length: 4)  59  97  98  128 
(Length: 3)  59  112  182 
(Length: 4)  59  98  137  148 
(Length: 3)  59  100  112 
(Length: 4)  59  97  98  137 
(Length: 4)  59  83  163  195 
(Length: 3)  59  63  178 
(Length: 3)  59  63  100 
(Length: 3)  59  84  93 
(Length: 4)  59  93  96  178 
(Length: 4)  59  96  98  163 
(Length: 4)  59  98  163  183 
(Length: 4)  59  98  148  163 
(Length: 4)  59  96  98  128 
(Length: 3)  59  163  182 
(Length: 3)  59  178  182 
(Length: 3)  59  152  182 
(Length: 3)  59  137  152 
(Length: 4)  60  100  120  185 
(Length: 3)  60  150  165 
(Length: 3)  60  137  158 
(Length: 4)  60  137  156  185 
(Length: 4)  60  61  156  185 
(Length: 3)  60  111  150 
(Length: 4)  60  100  141  187 
(Length: 4)  60  100  141  185 
(Length: 3)  60  141  165 
(Length: 3)  60  61  129 
(Length: 3)  60  104  161 
(Length: 3)  60  111  156 
(Length: 3)  60  129  158 
(Length: 3)  60  137  187 
(Length: 4)  60  100  141  177 
(Length: 3)  60  137  165 
(Length: 3)  60  104  137 
(Length: 3)  61  107  109 
(Length: 3)  61  172  173 
(Length: 3)  61  129  147 
(Length: 3)  61  173  174 
(Length: 3)  61  108  156 
(Length: 4)  61  107  126  185 
(Length: 3)  61  147  156 
(Length: 3)  61  101  126 
(Length: 3)  62  103  198 
(Length: 3)  62  167  170 
(Length: 4)  62  66  126  139 
(Length: 3)  62  71  139 
(Length: 3)  62  139  153 
(Length: 3)  62  75  144 
(Length: 3)  62  95  167 
(Length: 3)  62  111  188 
(Length: 3)  62  126  167 
(Length: 4)  62  126  139  149 
(Length: 3)  62  111  162 
(Length: 3)  62  66  170 
(Length: 3)  62  66  198 
(Length: 3)  62  71  197 
(Length: 3)  62  111  167 
(Length: 3)  62  144  188 
(Length: 3)  62  188  197 
(Length: 3)  62  111  198 
(Length: 3)  62  144  153 
(Length: 3)  62  103  114 
(Length: 3)  63  109  146 
(Length: 3)  63  100  177 
(Length: 3)  63  132  171 
(Length: 3)  63  125  176 
(Length: 3)  63  100  176 
(Length: 3)  63  142  146 
(Length: 3)  63  111  198 
(Length: 3)  63  134  198 
(Length: 3)  63  100  106 
(Length: 3)  63  125  198 
(Length: 4)  63  131  176  178 
(Length: 3)  63  125  132 
(Length: 3)  64  70  197 
(Length: 3)  64  155  170 
(Length: 3)  64  185  189 
(Length: 3)  64  127  185 
(Length: 3)  64  95  178 
(Length: 4)  64  70  155  185 
(Length: 3)  64  72  95 
(Length: 3)  64  68  197 
(Length: 3)  64  127  170 
(Length: 3)  64  166  191 
(Length: 3)  64  127  191 
(Length: 3)  64  166  178 
(Length: 3)  64  68  155 
(Length: 3)  64  92  166 
(Length: 3)  64  155  178 
(Length: 3)  65  121  189 
(Length: 4)  65  154  175  189 
(Length: 3)  65  127  185 
(Length: 3)  65  102  121 
(Length: 3)  65  121  127 
(Length: 3)  65  185  189 
(Length: 3)  65  115  192 
(Length: 3)  65  99  131 
(Length: 3)  65  108  115 
(Length: 3)  66  98  150 
(Length: 3)  66  104  161 
(Length: 3)  66  84  107 
(Length: 4)  66  152  155  170 
(Length: 3)  66  90  140 
(Length: 4)  66  98  120  128 
(Length: 3)  66  140  176 
(Length: 3)  66  150  165 
(Length: 3)  66  120  126 
(Length: 4)  66  120  155  176 
(Length: 3)  66  96  139 
(Length: 3)  66  98  140 
(Length: 3)  66  107  198 
(Length: 3)  66  104  139 
(Length: 3)  66  84  104 
(Length: 3)  66  107  126 
(Length: 3)  66  96  176 
(Length: 4)  66  104  120  176 
(Length: 3)  66  168  175 
(Length: 3)  66  128  161 
(Length: 3)  66  139  168 
(Length: 3)  66  84  168 
(Length: 4)  67  93  176  193 
(Length: 4)  67  72  162  184 
(Length: 3)  67  72  124 
(Length: 4)  67  93  96  176 
(Length: 3)  67  81  181 
(Length: 3)  67  101  175 
(Length: 3)  67  93  184 
(Length: 4)  67  81  104  120 
(Length: 3)  67  175  189 
(Length: 4)  67  81  120  126 
(Length: 4)  67  104  120  176 
(Length: 4)  67  93  126  193 
(Length: 3)  67  160  189 
(Length: 3)  67  175  181 
(Length: 4)  67  96  124  176 
(Length: 3)  67  181  184 
(Length: 4)  67  104  122  176 
(Length: 3)  67  101  126 
(Length: 3)  67  93  175 
(Length: 4)  67  72  90  184 
(Length: 3)  67  120  189 
(Length: 3)  68  121  122 
(Length: 4)  68  110  125  155 
(Length: 4)  68  113  177  199 
(Length: 3)  68  122  138 
(Length: 3)  68  132  171 
(Length: 3)  68  181  199 
(Length: 3)  68  138  177 
(Length: 3)  68  122  171 
(Length: 3)  68  113  121 
(Length: 4)  68  81  110  171 
(Length: 3)  68  132  144 
(Length: 3)  68  83  144 
(Length: 3)  68  81  103 
(Length: 4)  68  81  113  177 
(Length: 3)  68  76  129 
(Length: 3)  68  125  138 
(Length: 4)  68  76  103  132 
(Length: 4)  68  83  125  155 
(Length: 3)  68  97  196 
(Length: 4)  68  76  103  180 
(Length: 4)  68  76  103  196 
(Length: 3)  68  125  129 
(Length: 3)  68  110  180 
(Length: 3)  68  89  196 
(Length: 3)  68  97  122 
(Length: 3)  68  171  196 
(Length: 4)  68  81  110  181 
(Length: 3)  68  138  181 
(Length: 3)  69  98  137 
(Length: 3)  70  138  148 
(Length: 3)  70  112  123 
(Length: 3)  70  148  172 
(Length: 3)  70  130  185 
(Length: 3)  70  152  182 
(Length: 3)  70  123  138 
(Length: 3)  70  112  182 
(Length: 3)  70  138  152 
(Length: 3)  70  152  155 
(Length: 3)  70  182  196 
(Length: 3)  70  152  193 
(Length: 3)  71  124  197 
(Length: 3)  71  124  133 
(Length: 4)  71  98  133  163 
(Length: 4)  71  80  100  177 
(Length: 3)  71  74  128 
(Length: 3)  71  74  139 
(Length: 3)  71  74  124 
(Length: 3)  71  88  145 
(Length: 3)  71  74  100 
(Length: 3)  71  79  115 
(Length: 3)  71  163  192 
(Length: 4)  71  80  115  192 
(Length: 3)  71  98  128 
(Length: 3)  71  88  129 
(Length: 3)  71  80  89 
(Length: 3)  72  94  184 
(Length: 3)  72  74  124 
(Length: 3)  72  95  169 
(Length: 3)  72  124  168 
(Length: 3)  72  74  94 
(Length: 3)  72  129  168 
(Length: 4)  72  90  150  169 
(Length: 3)  72  141  153 
(Length: 3)  72  90  113 
(Length: 3)  72  78  162 
(Length: 3)  72  129  147 
(Length: 3)  72  80  186 
(Length: 3)  72  76  129 
(Length: 4)  72  74  76  111 
(Length: 3)  72  80  179 
(Length: 3)  72  94  150 
(Length: 4)  72  90  169  186 
(Length: 3)  72  76  179 
(Length: 4)  72  111  150  169 
(Length: 3)  72  113  147 
(Length: 3)  72  169  179 
(Length: 4)  72  74  111  188 
(Length: 3)  72  147  186 
(Length: 3)  72  148  184 
(Length: 3)  72  80  94 
(Length: 3)  72  80  95 
(Length: 3)  72  78  129 
(Length: 3)  73  132  174 
(Length: 3)  73  132  171 
(Length: 3)  73  85  114 
(Length: 3)  73  85  106 
(Length: 3)  73  91  199 
(Length: 3)  73  192  194 
(Length: 4)  73  109  159  199 
(Length: 3)  73  153  193 
(Length: 3)  73  159  194 
(Length: 4)  73  106  107  192 
(Length: 3)  73  106  181 
(Length: 3)  73  84  131 
(Length: 3)  73  91  150 
(Length: 3)  73  171  193 
(Length: 3)  73  103  132 
(Length: 4)  73  114  185  199 
(Length: 4)  73  107  159  185 
(Length: 3)  73  103  114 
(Length: 3)  73  138  181 
(Length: 3)  73  114  150 
(Length: 3)  73  131  159 
(Length: 3)  73  86  192 
(Length: 5)  73  159  181  185  199 
(Length: 4)  73  107  109  159 
(Length: 3)  73  103  193 
(Length: 3)  74  149  175 
(Length: 3)  74  75  121 
(Length: 3)  74  75  76 
(Length: 3)  74  100  176 
(Length: 3)  74  81  171 
(Length: 3)  74  109  118 
(Length: 3)  74  108  122 
(Length: 3)  74  124  176 
(Length: 4)  74  118  122  128 
(Length: 3)  74  149  157 
(Length: 3)  74  111  157 
(Length: 3)  74  107  109 
(Length: 4)  74  118  122  176 
(Length: 3)  74  107  135 
(Length: 3)  74  107  125 
(Length: 3)  74  132  135 
(Length: 3)  74  107  157 
(Length: 3)  74  111  191 
(Length: 4)  74  132  171  191 
(Length: 3)  74  135  149 
(Length: 4)  74  132  134  191 
(Length: 3)  74  81  134 
(Length: 4)  74  125  128  132 
(Length: 4)  74  136  175  190 
(Length: 3)  74  81  139 
(Length: 3)  74  125  176 
(Length: 3)  74  125  149 
(Length: 3)  74  81  187 
(Length: 3)  74  76  132 
(Length: 3)  74  100  136 
(Length: 3)  74  100  171 
(Length: 3)  74  100  188 
(Length: 3)  75  93  144 
(Length: 3)  75  93  167 
(Length: 3)  75  102  187 
(Length: 3)  75  121  167 
(Length: 3)  75  102  164 
(Length: 3)  75  102  121 
(Length: 3)  75  112  182 
(Length: 3)  75  77  148 
(Length: 3)  75  102  144 
(Length: 3)  76  112  118 
(Length: 3)  76  103  158 
(Length: 3)  76  112  127 
(Length: 3)  76  129  158 
(Length: 3)  77  109  118 
(Length: 3)  77  97  122 
(Length: 3)  77  88  198 
(Length: 3)  77  132  134 
(Length: 3)  77  122  148 
(Length: 3)  77  148  184 
(Length: 3)  77  134  198 
(Length: 3)  77  109  199 
(Length: 3)  77  184  199 
(Length: 3)  77  118  122 
(Length: 3)  77  111  198 
(Length: 3)  78  129  187 
(Length: 3)  78  157  196 
(Length: 4)  78  102  117  187 
(Length: 4)  78  87  105  117 
(Length: 4)  78  82  87  175 
(Length: 3)  78  92  105 
(Length: 4)  78  117  162  187 
(Length: 3)  78  119  196 
(Length: 3)  78  157  159 
(Length: 4)  78  159  162  185 
(Length: 3)  79  103  158 
(Length: 3)  79  164  178 
(Length: 3)  79  92  164 
(Length: 3)  79  85  92 
(Length: 3)  79  85  115 
(Length: 3)  79  181  185 
(Length: 3)  80  177  186 
(Length: 3)  80  101  186 
(Length: 3)  80  110  174 
(Length: 3)  80  183  199 
(Length: 3)  80  89  199 
(Length: 4)  80  115  151  179 
(Length: 3)  80  94  174 
(Length: 3)  80  95  100 
(Length: 3)  80  101  192 
(Length: 4)  80  115  151  192 
(Length: 3)  80  173  192 
(Length: 3)  81  123  181 
(Length: 3)  81  126  139 
(Length: 4)  81  104  110  148 
(Length: 4)  81  98  133  134 
(Length: 4)  81  104  133  148 
(Length: 4)  81  104  110  120 
(Length: 4)  81  86  120  134 
(Length: 3)  81  104  139 
(Length: 3)  81  98  187 
(Length: 3)  81  98  103 
(Length: 3)  81  139  153 
(Length: 3)  81  123  126 
(Length: 4)  81  98  120  134 
(Length: 4)  81  98  133  148 
(Length: 3)  81  113  133 
(Length: 3)  81  133  181 
(Length: 3)  81  126  187 
(Length: 4)  82  163  175  195 
(Length: 3)  82  95  100 
(Length: 3)  82  194  195 
(Length: 3)  83  117  158 
(Length: 4)  83  102  117  144 
(Length: 3)  83  94  158 
(Length: 3)  83  161  195 
(Length: 3)  83  125  158 
(Length: 3)  83  125  149 
(Length: 3)  83  102  149 
(Length: 3)  83  117  195 
(Length: 3)  84  124  197 
(Length: 3)  84  104  197 
(Length: 3)  84  136  156 
(Length: 3)  84  136  190 
(Length: 3)  84  93  136 
(Length: 3)  84  124  168 
(Length: 3)  85  96  142 
(Length: 3)  85  92  166 
(Length: 3)  85  96  176 
(Length: 3)  85  112  166 
(Length: 3)  85  142  151 
(Length: 3)  85  151  176 
(Length: 3)  85  98  186 
(Length: 3)  85  100  114 
(Length: 3)  85  172  179 
(Length: 3)  85  100  106 
(Length: 3)  85  172  186 
(Length: 3)  85  100  176 
(Length: 3)  85  92  96 
(Length: 3)  85  100  112 
(Length: 3)  85  98  114 
(Length: 3)  85  92  106 
(Length: 4)  85  115  151  179 
(Length: 3)  86  97  161 
(Length: 3)  86  134  191 
(Length: 3)  86  161  191 
(Length: 3)  86  115  157 
(Length: 3)  86  120  167 
(Length: 3)  86  167  169 
(Length: 3)  86  118  120 
(Length: 3)  86  97  120 
(Length: 3)  86  161  162 
(Length: 3)  86  115  192 
(Length: 3)  86  97  146 
(Length: 3)  86  146  167 
(Length: 3)  86  118  146 
(Length: 3)  86  146  172 
(Length: 3)  86  141  191 
(Length: 3)  86  141  192 
(Length: 3)  87  120  138 
(Length: 4)  87  152  160  170 
(Length: 4)  87  138  152  170 
(Length: 3)  87  105  120 
(Length: 4)  88  137  159  198 
(Length: 3)  88  137  187 
(Length: 3)  88  140  159 
(Length: 3)  88  145  198 
(Length: 3)  88  129  140 
(Length: 3)  88  159  195 
(Length: 3)  89  185  199 
(Length: 3)  89  96  142 
(Length: 4)  89  125  149  199 
(Length: 3)  89  123  135 
(Length: 3)  89  185  189 
(Length: 3)  89  96  123 
(Length: 3)  89  123  136 
(Length: 3)  90  113  154 
(Length: 3)  90  113  182 
(Length: 3)  90  109  113 
(Length: 3)  90  140  154 
(Length: 3)  90  129  140 
(Length: 3)  90  109  169 
(Length: 3)  90  182  186 
(Length: 3)  91  92  161 
(Length: 3)  92  106  164 
(Length: 3)  92  96  123 
(Length: 3)  92  123  126 
(Length: 3)  92  107  177 
(Length: 3)  92  107  166 
(Length: 3)  92  123  161 
(Length: 3)  92  126  139 
(Length: 3)  92  108  166 
(Length: 4)  92  108  164  180 
(Length: 3)  93  123  136 
(Length: 3)  93  96  123 
(Length: 3)  93  144  193 
(Length: 3)  93  125  176 
(Length: 3)  93  144  184 
(Length: 3)  93  136  175 
(Length: 3)  93  158  193 
(Length: 3)  93  151  184 
(Length: 3)  93  144  188 
(Length: 3)  93  151  176 
(Length: 3)  93  123  126 
(Length: 3)  93  125  158 
(Length: 3)  93  123  144 
(Length: 4)  93  126  167  178 
(Length: 4)  93  96  176  178 
(Length: 3)  93  125  199 
(Length: 3)  93  151  158 
(Length: 3)  93  175  199 
(Length: 3)  93  184  199 
(Length: 3)  95  167  169 
(Length: 3)  95  167  178 
(Length: 4)  96  98  133  163 
(Length: 3)  96  154  176 
(Length: 3)  96  118  133 
(Length: 3)  96  110  178 
(Length: 4)  96  176  178  192 
(Length: 3)  96  139  154 
(Length: 3)  96  124  133 
(Length: 3)  96  103  196 
(Length: 4)  96  98  103  154 
(Length: 3)  96  118  176 
(Length: 3)  96  123  163 
(Length: 3)  96  123  154 
(Length: 3)  96  163  192 
(Length: 4)  96  98  103  163 
(Length: 3)  96  98  187 
(Length: 3)  96  118  128 
(Length: 3)  97  146  196 
(Length: 3)  97  122  128 
(Length: 4)  97  98  120  128 
(Length: 3)  97  137  146 
(Length: 3)  98  103  186 
(Length: 3)  98  108  117 
(Length: 4)  98  133  148  163 
(Length: 3)  98  114  150 
(Length: 3)  98  117  158 
(Length: 3)  98  140  154 
(Length: 3)  98  140  158 
(Length: 3)  98  117  187 
(Length: 3)  98  137  158 
(Length: 3)  98  103  158 
(Length: 3)  98  103  114 
(Length: 3)  98  137  187 
(Length: 3)  98  108  140 
(Length: 3)  98  134  154 
(Length: 3)  98  140  183 
(Length: 3)  99  152  193 
(Length: 3)  100  141  176 
(Length: 3)  100  119  177 
(Length: 4)  100  120  155  185 
(Length: 3)  100  102  187 
(Length: 4)  100  120  155  176 
(Length: 3)  100  114  185 
(Length: 3)  100  114  136 
(Length: 3)  101  105  150 
(Length: 3)  101  175  195 
(Length: 3)  101  169  186 
(Length: 3)  101  105  178 
(Length: 3)  101  178  192 
(Length: 3)  101  150  169 
(Length: 3)  101  126  178 
(Length: 3)  101  144  188 
(Length: 3)  101  186  191 
(Length: 3)  102  164  180 
(Length: 3)  102  126  149 
(Length: 3)  102  126  187 
(Length: 3)  102  121  122 
(Length: 3)  102  144  147 
(Length: 3)  102  121  126 
(Length: 3)  102  147  165 
(Length: 3)  103  119  158 
(Length: 3)  103  154  180 
(Length: 3)  103  119  196 
(Length: 3)  103  143  180 
(Length: 3)  103  119  154 
(Length: 3)  103  158  193 
(Length: 3)  104  133  182 
(Length: 3)  104  188  195 
(Length: 3)  104  135  137 
(Length: 3)  104  110  135 
(Length: 3)  104  161  195 
(Length: 3)  104  188  197 
(Length: 3)  105  166  178 
(Length: 4)  105  110  120  178 
(Length: 4)  107  135  144  193 
(Length: 3)  107  157  159 
(Length: 3)  107  126  193 
(Length: 3)  107  159  198 
(Length: 3)  107  144  185 
(Length: 3)  107  126  187 
(Length: 3)  107  125  198 
(Length: 3)  108  115  179 
(Length: 3)  108  117  169 
(Length: 3)  108  140  166 
(Length: 3)  108  111  156 
(Length: 3)  108  169  179 
(Length: 3)  108  166  193 
(Length: 3)  109  159  164 
(Length: 3)  109  130  164 
(Length: 3)  109  113  199 
(Length: 3)  109  130  199 
(Length: 3)  109  175  199 
(Length: 3)  109  118  146 
(Length: 3)  110  181  190 
(Length: 4)  110  120  155  178 
(Length: 3)  111  138  150 
(Length: 4)  111  131  138  156 
(Length: 4)  111  138  156  157 
(Length: 3)  111  127  191 
(Length: 3)  111  161  191 
(Length: 3)  111  167  169 
(Length: 3)  112  171  189 
(Length: 3)  112  116  118 
(Length: 3)  113  133  182 
(Length: 4)  113  154  177  199 
(Length: 3)  113  154  180 
(Length: 3)  113  147  177 
(Length: 3)  113  116  199 
(Length: 3)  113  145  177 
(Length: 3)  113  133  147 
(Length: 3)  113  147  156 
(Length: 3)  114  146  185 
(Length: 3)  114  184  199 
(Length: 3)  114  150  190 
(Length: 3)  114  136  190 
(Length: 3)  114  146  190 
(Length: 3)  116  138  156 
(Length: 3)  116  118  146 
(Length: 3)  116  118  176 
(Length: 3)  116  181  199 
(Length: 3)  116  125  199 
(Length: 3)  116  146  156 
(Length: 4)  116  125  138  176 
(Length: 3)  117  173  182 
(Length: 3)  117  184  195 
(Length: 3)  117  144  184 
(Length: 3)  117  173  192 
(Length: 3)  117  188  195 
(Length: 3)  117  162  184 
(Length: 3)  118  149  180 
(Length: 3)  118  120  128 
(Length: 3)  118  146  149 
(Length: 3)  118  147  165 
(Length: 3)  118  143  180 
(Length: 3)  118  133  147 
(Length: 3)  118  120  176 
(Length: 3)  118  176  180 
(Length: 3)  119  124  158 
(Length: 3)  119  145  165 
(Length: 3)  119  145  177 
(Length: 3)  119  156  196 
(Length: 3)  120  185  189 
(Length: 4)  120  126  167  178 
(Length: 3)  120  138  176 
(Length: 3)  120  138  189 
(Length: 4)  120  155  176  178 
(Length: 3)  120  167  189 
(Length: 3)  120  126  185 
(Length: 3)  121  167  189 
(Length: 3)  121  126  167 
(Length: 3)  121  127  191 
(Length: 3)  121  122  167 
(Length: 3)  122  138  176 
(Length: 3)  122  138  148 
(Length: 3)  123  136  163 
(Length: 3)  123  140  144 
(Length: 3)  123  140  154 
(Length: 3)  123  138  181 
(Length: 3)  123  135  144 
(Length: 3)  123  140  181 
(Length: 3)  123  143  161 
(Length: 3)  124  130  176 
(Length: 4)  125  129  140  158 
(Length: 3)  125  141  176 
(Length: 4)  125  129  147  158 
(Length: 3)  125  140  176 
(Length: 3)  125  155  176 
(Length: 3)  126  146  185 
(Length: 3)  126  146  187 
(Length: 3)  126  146  167 
(Length: 3)  127  137  187 
(Length: 3)  127  137  185 
(Length: 3)  128  132  161 
(Length: 3)  130  141  185 
(Length: 3)  130  141  176 
(Length: 4)  130  181  185  199 
(Length: 3)  130  160  171 
(Length: 3)  131  156  178 
(Length: 3)  131  159  162 
(Length: 3)  131  138  176 
(Length: 4)  131  154  176  180 
(Length: 3)  132  173  191 
(Length: 3)  132  173  174 
(Length: 4)  132  134  154  191 
(Length: 3)  132  161  191 
(Length: 3)  132  135  144 
(Length: 3)  133  163  182 
(Length: 4)  133  147  159  181 
(Length: 4)  135  137  147  158 
(Length: 3)  135  144  147 
(Length: 4)  135  137  158  193 
(Length: 3)  136  156  182 
(Length: 3)  136  173  182 
(Length: 3)  136  148  163 
(Length: 3)  136  163  182 
(Length: 3)  136  163  175 
(Length: 3)  136  173  190 
(Length: 3)  137  159  185 
(Length: 3)  137  146  148 
(Length: 3)  137  147  156 
(Length: 3)  137  147  159 
(Length: 3)  137  152  159 
(Length: 3)  137  152  193 
(Length: 3)  137  152  170 
(Length: 3)  137  146  187 
(Length: 4)  137  146  156  185 
(Length: 3)  137  147  165 
(Length: 3)  139  154  199 
(Length: 3)  139  154  189 
(Length: 3)  139  169  190 
(Length: 3)  140  167  189 
(Length: 3)  140  154  166 
(Length: 3)  140  154  176 
(Length: 3)  140  144  194 
(Length: 4)  140  159  181  199 
(Length: 3)  140  154  199 
(Length: 3)  140  159  194 
(Length: 3)  140  154  189 
(Length: 3)  140  166  167 
(Length: 3)  141  153  165 
(Length: 4)  141  151  176  192 
(Length: 3)  142  181  184 
(Length: 3)  142  151  184 
(Length: 3)  142  146  149 
(Length: 3)  142  149  184 
(Length: 3)  143  178  192 
(Length: 3)  144  153  193 
(Length: 3)  144  188  194 
(Length: 3)  145  177  186 
(Length: 3)  145  165  186 
(Length: 3)  146  183  190 
(Length: 3)  146  183  185 
(Length: 3)  146  148  172 
(Length: 3)  146  156  196 
(Length: 3)  147  177  186 
(Length: 3)  147  165  186 
(Length: 3)  147  156  186 
(Length: 3)  149  160  180 
(Length: 3)  149  162  184 
(Length: 3)  150  169  190 
(Length: 3)  151  152  155 
(Length: 3)  151  152  182 
(Length: 3)  151  162  184 
(Length: 3)  151  160  179 
(Length: 3)  151  155  176 
(Length: 3)  151  152  160 
(Length: 3)  151  152  191 
(Length: 3)  153  183  193 
(Length: 3)  154  175  199 
(Length: 3)  156  182  196 
(Length: 3)  156  157  196 
(Length: 3)  156  182  186 
(Length: 3)  156  178  182 
(Length: 4)  159  164  194  198 
(Length: 3)  159  184  195 
(Length: 4)  159  181  184  199 
(Length: 3)  159  194  195 
(Length: 3)  159  162  184 
(Length: 3)  160  177  189 
(Length: 3)  160  169  179 
(Length: 3)  160  177  186 
(Length: 3)  163  168  182 
(Length: 3)  163  168  175 
(Length: 3)  163  183  185 
(Length: 3)  164  178  194 
(Length: 3)  166  167  178 
(Length: 3)  166  173  191 
(Length: 3)  169  179  190 
(Length: 3)  171  183  193 
(Length: 3)  172  173  179 
(Length: 3)  173  179  190 
(Length: 3)  175  181  190 
(Length: 3)  175  181  199 
(Length: 3)  178  192  194 
(Length: 3)  183  185  199 
...model cost: 2.51 seconds  47729 FFE
 (opt) 894.00000000 == 894.00000000 (sur)  OPTIMALITY TEST PASSED!
   BESTimpr 788.00000000 -> 868.00000000
*1*1*111**1**1**111*111*1111*****11**11*1****111**11**11111111*1*11**111***1*111*1*111*1*111*1**11***111******11111***11**1*****11*111*11111**1*11****1111*11*111***11***1**1*1**1*1**1*11*11*1*11**111*

