Walsh model started...
 159  190  177  134  21  26  117  61  158  55  199  171  63  65  30  130  84  87  101  116 
 88  52  18  76  183  95  196  135  112  84  39  58  77  164  115  194  94  37  68  21  32  154  127  31  40  10  90 
 189  68  22  35  148  130  113  122  112  150  136  23  140  25  37  181  192 
 90  89  155  117  143  171  115  99  97  19  46  5  154  84  133  98  198  126  153  189  178  172  129  159  105  26 
 150  17  38  105  18  78  30  25  153  40  177  174  69  145  29  168  101  24 
 170  38  63  46  176  182  8  86  9  109  3  135  43  35  88  199  85  186  106  37  116  75  183 
 109  138  147  89  83  68  27  126  145  173  91  191  108  97  82  62  45  71  70  66  57  31  55  69  94  124  98  188  75  195  181  137  28  17  10  196  167 
 75  148  63  193  127  40  107  39  44  146  136  103  169  119  25  74  76  167  177  150  165  66  18  12 
 150  157  168  185  54  161  38  49  5  86  186  164  148  160  172  75  58  142  43  147  61  53  66  18  163  140  189  104  92  20  16  136  179  153  115  32 
 189  185  92  10  74  93  51  142  104  159  109  5  78  99  145  111  75  61  120  14  129 
 176  57  134  55  172  43  92  9  47  175  90  191  142  21  198  40  99  116  84  95  121  44  17  6  24  74  23  193  148  1 
 78  173  171  52  13  93  27  24  146  102  143  126  134  145  166  158  75  139  99 
 92  43  35  175  189  114  85  152  166  51  144  53  105  104  91  157  7  18 
 72  32  150  162  69  171  136  147  93  11  163  35  63  168  37  76  182  172  132  191  98  42  152  148  70 
 51  31  25  48  100  76  167  30  41  161  147  29  127  196  129  136  170  120  9 
 183  195  26  59  151  139  91  138  119  150  169  94  97  118  178  171  49  47  170  75  99  66  78  95  40 
 165  59  18  177  99  174  114  183  38  117  23  80  124  103  8  20  163  97  128  125  63  84  50 
 150  4  136  192  98  69  28  197  51  175  29  171  58  147  6  10  85  119  151  114 
 63  178  76  1  100  193  78  4  140  38  16  177  59  109  191  135  23  89  183  8  66  167  164  39  96  35  73  55  146  7  12  20 
 173  74  186  71  92  89  196  57  97  3  107  192  39  59  27  34  31  75  139  109  98 
 166  140  129  84  123  199  165  173  162  23  105  161  195  158  8  16  130  144  183  18 
 130  55  0  26  156  44  110  136  186  143  102  89  43  45  90  142  10  145  107  32  1  150  84  99 
 72  58  151  182  2  35  150  56  51  87  124  122  94  134  177  121  41  176  172  128  158  45  34  147  117  112  65  133  105  136 
 92  96  176  111  44  188  125  80  46  29  69  47  20  162  191  18  2  148  181  131  128  114  180  156  16  43  28  143  179  104  193  74  73  10 
 152  91  109  58  44  27  11  106  129  73  92  154  10  40  120  191  90  113  156  29  4 
 30  4  121  178  31  14  57  177  114  94  126  50  119  7  2  37  158  64 
 59  15  0  21  64  144  197  191  84  46  165  140  168  190  99  160  189  3  105 
 195  116  114  156  51  176  111  99  6  126  24  11  175  196  19  34  57  192  130  122  125  191  139  67  180  137  78 
 126  169  136  51  58  188  17  150  65  101  23  43  85  168  137  6  104  139  172  153  84  118  110  190  103 
 77  76  47  93  23  46  17  171  143  4  168  45  89  175  142  14  127  125  174  41  68  53  24 
 25  4  189  40  136  77  83  82  52  97  101  53  96  63  151  199  130  0  192  35  118  14  41  81  170  195  152 
 51  14  37  45  40  115  25  75  136  6  70  19  160  50  1  141  169  164  182  183  184  98 
 72  13  124  79  107  165  44  82  155  163  63  144  187  51  73  21  1  77  91  66  8 
 39  67  52  115  96  180  140  142  48  126  63  107  164  181  69  197 
 170  140  171  64  149  144  197  165  146  164  27  19  147  126  102  194  22 
 2  22  179  145  12  175  112  13  163  117  66  119  37  186  77  5  88  192  30  164  114  73  18  96  182 
 185  74  192  67  59  118  160  62  56  136  71  199  135  171  101  164  154  159  93  143 
 41  133  31  45  66  38  13  76  119  35  49  82  39  57  94  1  47  125  116  5  101  85  48  93  54  56  25  2  196  156 
 170  5  178  86  84  95  105  4  120  93  53  49  8  18  140  66  37  16  117  135  197  177  146  55  151  134  185 
 194  187  133  186  33  67  107  7  102  154  1  84  79  135  37  57  59  19  18  96  49  92  62  119  185  175  126  182 
 7  127  153  4  189  30  115  31  138  188  74  160  167  92  10  198  124  128  86  161  184  24  1  15  178 
 97  181  37  133  73  70  189  186  190  140  75  98  176  22  158  118  197  155  14  30  179  134  121  150  122  159  68  29 
 149  52  113  194  114  180  161  179  96  122  196  84  98  13  186  132  76  167 
 50  132  45  195  68  163  57  105  172  10  92  12  164  148  82  89  21  135  5  193  114  142  8  23  28  140  73  107  102  139  53  120  52  147 
 69  178  133  107  23  188  32  165  156  21  7  146  24  152  83  136  99  183  122  196  121  10  124 
 195  43  37  31  81  181  134  68  157  62  141  187  71  6  21  90  191  85  29  89  149  177  22  158  61  122 
 74  149  5  63  118  60  23  29  150  170  158  88  72  176  26  84  3  114  185  135  147  110 
 54  160  29  93  56  164  10  175  83  179  23  69  74  197  98  99  192  196  37  125  15  49 
 120  127  147  157  178  135  14  100  87  125  84  150  33  126  88  103  154  176  93  37  81  181 
 111  176  55  98  38  8  79  150  37  82  90  100  94  175  68  164  131  141  160  167  15  47  39  92  188  73  178  154  83  115  57  112  105  114 
 43  132  89  193  53  179  83  100  55  159  165  162  90  65  149  184  126  25  199  124  160  31  183  114  84  16  86  103 
 31  14  140  90  22  87  88  65  136  28  27  176  9  142  59  177  101  158  166  12  197  17  190  93  73  32  155  56  186  105  147  188  148  60  199  139  109  125  98  150  77 
 149  42  88  1  171  11  115  33  105  173  178  192  30  97  69  119  103  118  136  161  59  168  98  196  43  68  155  110 
 135  152  179  50  95  38  77  191  177  197  30  101  171  103  12  144  115  62  61  8  43  120  142  29  198  157 
 47  160  137  106  8  161  148  165  174  132  130  119  191  69  190  115  146  37  56 
 111  149  130  21  186  73  10  134  158  0  49  98  69  50  159  6  75  176  141  155  81  107  179  140  83  183  99  133  106  80  38  18 
 150  22  103  185  47  164  155  51  36  136  101  117  90  70  60  118  64  54  37 
 10  176  43  105  67  91  60  191  117  185  153  196  74  84  19  80  180  83  6  142  134  39  37  25  177  143  100  27  192  90  195  113  144  193  198  92  115  49  145  135  119 
 72  22  103  60  136  196  109  24  28  188  62  8  75  1  77  138  108  177  195  97  96  113  147  17  105  123  164  67 
 26  15  165  16  18  109  118  36  179  128  51  177  153  70  190  67  39  19  170  132  182  63  94  196  116  78  52  168  106  195 
 103  58  46  118  191  57  109  127  74  199  85  70  56  182  92  51  148 
 117  0  91  88  90  119  79  125  159  158  80  94  8  53  137  123  147  169  161  178  45  122  186  162  9  75  95 
 128  70  157  45  160  36  82  6  188  58  115  53  80  183  89  79  154  67  39  119  133  69 
 18  178  5  46  193  7  109  137  168  127  169  30  96  32  163  13  0  65  33  107  182  59  16  125 
 144  26  34  171  88  116  94  192  190  99  118  56  93  184  125  150  158  25 
 88  51  101  28  50  90  63  0  79  172  148  22  133  118 
 177  169  173  180  142  127  95  73  162  140  109  189  38  37  131  122  6  70  35  117  8  18  86  96  196  69  99  15  32  104  78  165  7  163  120 
 68  71  39  33  91  57  192  36  132  76  180  107  190  59  27  58  164  154  62  79  128  153  73 
 2  189  163  43  94  131  71  67  134  45  74  123  83  6  116  139  82  179  135  1  138  164  49  126  162  52  41  29 
 44  178  88  192  13  171  55  111  96  79  52  119  23  47  193  152  98  17  4  145  6  151  191  54  177  155  66  196  133  62  197  33 
 108  165  128  62  73  41  198  74  172  181  6  66  31  153  59  182  106  60  56  147  104  148  13 
 167  77  102  181  68  67  19  186  45  6  143  145  36  199  194  104 
 32  13  22  58  124  46  176  114  112  198  196  99  150  166  88  177 
 123  127  186  55  138  173  158  170  70  41  66  95  24  152  51  32  125  154  43  135  35  18  74  23  178  49  153  67 
 46  149  185  36  167  129  158  131  173  19  68  123  80  9  93  160  40  198  70  57  84  199  60  91  47  197  174  141  75  183  7  76  151  194  23  73  10  118  172 
 7  148  31  136  8  58  98  41  119  76  176  55  19  188  6  74  183  15  170  11  146  194  193  154  171  5  9  61 
 29  77  18  1  67  132  191  124  89  119  75  13  37  131  14  167  88  118  74  7  42 
 29  76  167  71  192  165  79  191  136  30  53  58  1  186  35  153  85  91  32  151  154  150  51 
 18  4  173  11  194  131  120  185  92  145  9  116  59  95  15  104  66  137  27 
 77  191  32  107  132  168  96  69  90  187  49  150  136  103  119  61  39  135  174  141  65  172  89  62  156  197  88  140  67  128 
 23  125  95  196  74  185  180  57  61  94  16  183  62  192  169  106  55  128  93  126  119 
 45  181  143  164  55  107  161  139  170  30  48  100 
 130  137  83  30  32  155  6  62  68  43  37  49  131  162 
 82  30  50  100  68  6  47  179  44  136  57  183  55  184  176  49  154  112 
 95  38  167  166  20  129  26  46  74  57  48  150  131  142  192  175  122  1  39  3  154  196  42  10  0  87  21  28  153  16  50 
 87  93  89  188  196  90  199  99  12  152  109  60  191  45  5  168  28  113  153  77  101  37  119  17 
 178  38  183  107  8  5  66  96  127  40  94  143  196  98  122  99  50  103  129  121 
 93  85  22  51  138  151  142  100  48  125  128  166  84  0 
 101  150  1  52  69  192  65  51  46  158  183  90  137  116  64  61  72  166  164  5  35  48  103  76  118  199  79  140  143 
 101  112  90  3  188  85  50  193  153  100  92  19  6  147  18  76  43  21  190  122  175  109  62  79  103  143  45  29 
 164  119  125  166  89  3  140  51  196  85  88  137  191  10  187  79  61  145  152  45  21  50  65  49  100  195  57  178  172  117  56  198  96  24  113  118  1 
 152  24  178  174  15  138  102  170  67  57  119  195  189  150  117  61  191  6  74  185  158  175  104  197  153  176  125  110  92  77  32  12  157 
 23  96  12  43  89  19  10  9  167  40  78  145  137  105  24  154  152  132  8  60  182  39  49  110  91  177  57 
 87  85  47  29  38  120  74  9  13  11  51  190  135  169  48  37  164  156  64  184  80  126  132  143  159  36  160  161 
 131  68  134  22  150  132  6  124  25  114  37  1  61  80  49  175  192  64  169  15  196  59  143  86  188 
 182  171  84  38  53  80  196  66  73  109  190  1  162  100  143  147  169  158  10  118  160  106  197  78  15  180  108  97  115  61 
 92  23  160  181  165  156  33  180  106  153  79  69  30  63  142  122  42  113  58  86  66  18  39  146  110  90  198  35  182 
 41  181  191  128  30  52  108  6  19  3  185  136  58  195  153  106  98  15  118  163  16  95  115 
 55  49  17  69  75  41  164  110  6  97  170  190  42  13  47  99  3  133  196  86  52  125  51  31  19 
 152  141  16  174  85  199  111  27  72  150  176  189  115  3  168  136  156  44  163  166  191  55  133  10  116  98  47  104  9  64  190  15  66  21  26  139  11  122  86  129 
 193  18  122  118  50  83  142  87  153  89  14  48  95  162  90  49  143  57  161  81 
 88  150  112  89  51  158  30  53  65  28  134  198  110  175  56  36  174  4  151  85  37  0  116  102 
 181  71  170  91  39  154  21  143  103  112  11  146  34  194  107  43  115  125  150  101 
 60  58  185  56  136  7  53  171  79  52  118  112  102  124  16  88  48  89  143  177  179  106  197  161  190  28  86  50 
 9  159  116  196  91  175  12  105  8  189  99  23  28  173  148  147  70  66  78  194  71 
 38  4  189  145  57  43  173  52  92  137  186  51  12  104  161  20  160  123  58  136  22  3  26  49  114 
 54  137  153  96  24  129  182  70  97  109  197  187  132  95  103  179  80  55  5  186  59  195 
 44  133  183  86  32  79  7  39  67  180  192  172  19  55  81  33  63  21  145  149  156  137  111  102  43  135 
 70  165  150  153  195  136  97  6  58  138  137  121  180  95  148  184 
 63  137  175  194  6  138  24  58  189  66  59  18  95  190  127  60  9  5  169  164  183  89  85  197  106  113  51  139  19 
 165  122  21  136  101  175  98  164  146  96  155  174  91  92  169  132  118  28  52  176  46 
 147  155  55  149  49  176  23  69  99  27  140  179  142  139  137  107  145  9 
 101  89  35  2  135  1  72  114  103  102  126  195  148  176  22  117  145  174  83  49 
 163  158  194  42  122  2  96  58  109  85  153  57  90  24 
 124  179  199  141  189  12  27  156  42  180  16  183  72  112  128  23  25  94  43  193  140  194  168  35  164  185  46  50  151  17  196  49  105 
 40  31  52  33  99  3  191  1  194  53  62  54  146  102  125  8  153  49  57  97  95 
 27  195  156  149  104  196  68  139  88  64  10  99  134  118  164  59  78  37  5  127  155  0  101 
 198  166  61  0  120  177  91  57  185  155  3  38  16  35  66  182  146  122  150  90  56  22  112 
 46  60  122  100  59  36  189  136  103  52  158  41  157  144  30  88  76  192  188  97  15  160  95  116  164  64  56  169  110  28  90  65  74  172 
 90  164  91  195  173  148  15  150  52  69  186  130  54  79  61  75  76  37  35  7  25  85  17  39  62  80  57 
 127  48  38  93  117  177  78  185  53  43  24  191  156  66  163  14  9 
 178  25  198  176  22  177  137  108  41  150  44  10  129  86 
 110  165  100  118  113  2  124  22  131  66  84  142  190  89  96  42  183  44  27  130  117  150  159  41  137  156  86  99  61  45 
 73  127  68  74  20  199  133  190  142  61  137  105  160  58 
 130  133  32  72  114  179  76  191  22  122  6  94  131  181  185  40  128  103  16  50  199  152  44 
 90  166  23  80  195  161  48  87  61  159  27  191  91  176  73  154  47  37  115  102  181  184  174  29  51  98  16  63  64  150 
 28  169  27  6  195  112  48  33  25  50  143  11  34  147  68  162  3  198  93  80  39  182 
 73  123  120  48  142  66  7  40  63  168  109  60  145  188  197  157  137  86  154  1  14  29  166  161  155  116  134  175 
 62  70  170  178  130  149  179  59  191  97  114  23  124  40  172  22  159  189  166  87  80  16  79  67 
 167  74  20  84  145  177  106  24  196  14  136  159  3  86  121  99  9 
 137  82  55  21  148  2  124  133  128  149  119  54  30  0  182  134  27  122  140  144  20 
 74  158  94  68  150  169  194  78  84  142  157  154  122  66  23  181  76  124  82  162  49  141 
 193  136  50  43  195  181  168  79  67  76  174  54  150  94  154  156  170  59  13  191  92  152  187  106  169  110  188  180  42  186  147  143  93 
 41  37  44  107  39  186  130  124  199  123  99  55  3  98  22  65  69  62 
 0  177  10  55  68  45  94  22  153  142  57  182  130  198  101  145  11  41  179  139  116  159  158  151  38  175  127  185 
 53  152  178  48  191  18  112  1  38  197  79  39  43  5  179  68  171  36  73  46  147  107  192  93  169  145  57 
 193  132  196  58  30  77  13  147  21  110  28  51  195  108  103  7  174  144  150  2  83  44  17  192  118  189  99  168  75  31  79  56  36  52  161  185  97  169  8  179  145  148  152  105  22  129  14 
 130  82  109  63  54  106  165  161  88  90  92  105  197  127  121  108  107  111  61  123  6  28  155  192  122  156  190  187  27  78 
 166  171  15  91  109  6  73  173  87  151  40  188  58  108  68 
 151  15  116  68  111  142  134  43  191  27  172  28  161  81  11  99  51  109  19 
 170  34  51  90  20  166  18  38  162  66  33  142  111  179  190  41  155  168  165  26  180  55  8  163  43  114  130  2  79  88  145 
 152  99  199  114  45  187  155  55  174  74  79  49  131  169  31 
 127  66  87  100  33  140  51  9  84  131  153  134  122  57  96  156  181  111  139  21  10  8  43  190  123  144  175  29  53 
 164  81  171  3  145  71  21  102  147  95  57  100  126  11  29  23  89  103  94  86  177  158  88  132  93  36 
 64  26  174  136  34  149  32  187  12  53  157  118  57  142  130  20 
 105  189  179  35  177  129  165  161  127  188  6  173  143  71  69  4  152  90  78  92  21  107  134  11  9  111  136  148  140  168  112  174  57  135 
 44  7  182  117  34  164  11  102  38  177  96  110  115  54  193  18  167  75 
 111  155  157  48  136  13  6  89  143  95  188  51  172  8  34  126  58  17  61  169  135  46  104  70  161  14  22  43  132 
 7  75  130  2  171  198  119  173  176  186  54  165  164  43  8  168  23  112  179  51  65  104  60  145  136  193  10  70  13  184  108 
 184  154  116  156  74  46  52  42  111  55  193  173  128  130  177  34  144  50  179  107  45 
 4  17  101  88  8  157  162  13  22  56  46  170  91  189  153  108  15  119  131  169  186  136  2  84  48  28  99  72  49  79  94  132  175  117  122  41  121  21  177  7  102  125  64  51  77 
 22  182  139  15  87  138  69  152  199  30  153  191  162  169  194  74  77  154  101  174  38  134  114  17 
 53  135  91  24  141  99  156  174  44  12  85  69  193  145  90  151  73  159  184  92  132  191  197  30  195  136  13  124 
 40  4  89  100  150  108  106  96  57  196  142  134  70  59  190  184  191  151  197  91  97  113  77  85  28  84  189  3  8  115  67  73 
 184  149  39  102  131  157  132  156  3  84  164  170  36  92  24  73  125  48  176  1  127  151  77  67  62  49  83  171  75 
 111  147  174  173  168  162  32  82  3  117  140  141  55  56  51  177  69  197  41  110  137  192  127  116  185  52 
 116  149  96  165  44  21  114  27  174  152  186  99  142  180  23  132  154  107  196  177  79  197  24  120  137  122  93  164  37 
 150  8  147  48  62  45  131  154  161  164  197  127  118  144  12  91  198  53 
 74  131  0  55  163  113  164  162  170  73  46  88  51  101  91  61  169  95  41  118  166  11  195  20  22  45  143  159  134  64  25 
 0  190  104  9  50  55  61  125  189  128  152  184  122  41  158  134  129  3  93  36 
 96  181  54  47  74  40  36  62  8  172  118  95  49  167  31  50  105  123  189  26  93  161 
 8  54  195  125  165  137  42  179  145  157  164  190  136  52  105  20  184  40  147  14  139  81  61  178  127  166  197  103  100  93  160 
 150  13  164  158  155  168  140  66  20  23  50  165  172  169  95  100  82  131  151  126  68  61  186 
 68  43  158  113  13  35  32  63  99  166  8  140  97  16  66  120 
 90  119  158  162  47  56  143  81  148  43  186  8  161  157  1  88  109  169  34  146  33  181  68  49  154  170  98  110  18  167  36  35  114  116  118  58  67  93  156  31  182 
 199  179  70  108  192  77  137  161  110  122  32  44  59  16  96  156  54  148  20  173  145  26  140  50  162  197  34  7  66 
 125  90  198  117  171  138  167  84  20  140  51  12  99  163  72  88  158  11  128  87  127  161 
 77  71  74  129  166  84  40  92  195  174  14  76  18  164  160  49  7  146  6  196  42 
 8  185  155  162  132  79  63  127  148  99  136  140  13  182  186  29  4  85  28  114  194  26  190  52  59  145 
 177  66  28  126  131  150  175  189  7  63  172  162  109  164  95  158  94  15  151  147  61  192  80  118  136  135  93  110  132  141  31 
 38  5  140  34  102  91  189  181  128  178  150  46  158  73  184  182  59  132  164  154  190  98  15  75  81  30  14 
 182  95  166  138  11  52  148  198  69  13  34  64  143  3  53  103  0  199  17  29  135  36  178  15  154  75 
 10  43  181  70  8  160  162  169  192  107  182  13  79  65  147  128  22  178  90  139  28  3  118  74 
 174  155  78  11  66  180  149  193  19  74  105  52  73  138  119  148  20  165  145  6  104 
 155  173  91  178  99  16  156  152  4  177  136  144  132  54  195  167  74  141  79  101  110  151  145  112  125  29  185 
 194  109  12  35  47  10  169  189  192  84  17  150  27  196  91  104  89  110  101  94  49  142  29  185  39  134  127 
 10  57  49  111  23  121  198  148  186  182  5  51  27  46  72  99  189  75  55  41  22  112  91  125  154  48  83  179  110 
 0  134  169  66  120  117  18  16  145  129  4  174  59  51  53  197  22  121  149  184  25  57  58  72  155  69  38  146  196  156  45  143  103  150  7  92 
 18  63  86  38  69  44  91  174  121  25  128  170  135  48  192  52  196  172  90  15  171  161  61  73  49  3  40 
 199  165  53  50  35  145  124  114  59  128  83  47  161  42  111  140  149  55  135  68  41  134  23  148  103  106  176  136  8  192  184 
 173  66  96  33  114  42  67  107  80  57  140  190  156  23  193  27  188  132  95  108 
 195  132  41  97  102  71  96  160  81  45  189  170  172  70  23  131  142  124  185  164  33  6  48  125  184  2  192 
 95  171  22  151  176  5  170  184  70  106  146  117  186  168  172  13  134  130  63  59  60  92  35  96  39  126  164  31 
 15  195  86  107  1  88  114  16  18  109  83  55  44  122  80  62  75  74  50  5  31  184  20 
 154  149  177  170  182  190  153  50  83  159  152  161  40  179  192  181  125  64  93  31  183  148  108 
 36  74  8  168  189  9  80  103  56  57  117  78  120  91  97  136  181  124  114  46  39  175  155  174  134  38 
 73  55  133  39  19  71  41  189  148  176  119  150  164  8  156  21  35  77  182  168  51  105  5  106  42  132  61  162 
 39  194  141  45  90  79  32  144  106  132  190  137 
 89  85  23  44  138  40  28  58  127  145  62  147  51  75  6  118  192  180  132  94  49 
 2  68  105  145  40  30  181  170  91  150  185  9  109  66  114  12  41  186  175  169  118  136  99  176  159  128  8  104  153  3  160  26  196 
 0  159  95  109  41  140  67  59  51  93  180  89  122  153  184  54  161  142  123  170  98  168  26  64  99  137  187  103  28 
 26  197  79  77  60  57  18  135  128  97  53  76  124  90  10  91  6  23  99  115  69  54  153  151  45  85  13  132  27  125  152  139  24  120 
 88  69  77  165  36  67  178  52  17  136  175  84  172  107  19  35  30  27  57  94  64  118  188  47  196  169  80  137  155  135  179  184  181  2 
 132  136  100  18  63  7  149  173  50  89  69  152  43  114  23  180  57  198  146  194  75  10  148 
 39  187  175  109  113  42  78  131  1  115  34  102  114  168  151  74  193  75  71  104 
 181  132  27  116  15  183  45  43  125  161  91  119  136  108  167  174  126  112  58  97  90  57  6  20  158  106  59  30  152 
 136  58  95  80  90  85  1  116  104  57  153  19  72  198  27  175  84  42  44  178  66  69  94  59  177  156  192  47  98  86  52  6  167  14  129  37  114  189 
 26  191  177  53  135  38  51  17  165  34  157  127  47  74  137  91  153  155  41  109  106  152  95  79  156  103  161  69  33 
 166  117  148  171  121  176  74  70  72  196  134  101  10  40  90  96  3  126  57  193  157  53 
 179  165  114  141  20  123  85  99  74  60  133  0  171  151  30  5  36  71  50  124  88  51 
-->CDecomWalshPart::vInitTrueLinkage-->GLBs: 2288
(Length: 4)  0  21  26  84 
(Length: 3)  0  30  63 
(Length: 4)  0  101  116  134 
(Length: 3)  0  171  199 
(Length: 3)  0  26  190 
(Length: 4)  0  21  55  130 
(Length: 3)  0  65  101 
(Length: 3)  0  61  117 
(Length: 4)  0  101  134  158 
(Length: 3)  0  84  87 
(Length: 3)  0  63  65 
(Length: 3)  0  159  190 
(Length: 4)  0  55  130  134 
(Length: 3)  0  30  101 
(Length: 3)  0  30  130 
(Length: 3)  0  30  199 
(Length: 4)  0  61  158  159 
(Length: 3)  0  117  177 
(Length: 5)  0  55  134  158  159 
(Length: 3)  0  134  177 
(Length: 3)  1  18  183 
(Length: 3)  1  90  196 
(Length: 4)  1  88  90  164 
(Length: 3)  1  76  77 
(Length: 4)  1  10  21  84 
(Length: 3)  1  39  194 
(Length: 3)  1  37  39 
(Length: 3)  1  58  164 
(Length: 4)  1  31  40  115 
(Length: 3)  1  154  164 
(Length: 3)  1  77  154 
(Length: 3)  1  58  196 
(Length: 3)  1  21  32 
(Length: 4)  1  84  95  196 
(Length: 3)  1  37  76 
(Length: 4)  1  37  94  196 
(Length: 3)  1  52  88 
(Length: 3)  1  31  164 
(Length: 3)  1  31  183 
(Length: 3)  1  115  194 
(Length: 3)  1  95  115 
(Length: 4)  1  18  39  135 
(Length: 3)  1  31  37 
(Length: 3)  1  76  88 
(Length: 3)  1  10  40 
(Length: 3)  1  52  68 
(Length: 3)  1  58  77 
(Length: 3)  1  52  196 
(Length: 3)  1  32  77 
(Length: 3)  1  68  164 
(Length: 4)  1  10  21  90 
(Length: 3)  1  112  135 
(Length: 3)  1  40  127 
(Length: 4)  1  10  84  95 
(Length: 3)  1  18  76 
(Length: 3)  1  68  135 
(Length: 3)  1  18  164 
(Length: 3)  1  127  154 
(Length: 3)  1  88  183 
(Length: 4)  1  39  84  154 
(Length: 3)  1  52  115 
(Length: 3)  1  68  94 
(Length: 3)  2  23  148 
(Length: 3)  2  112  148 
(Length: 3)  2  122  130 
(Length: 3)  2  130  148 
(Length: 3)  2  136  148 
(Length: 4)  2  22  35  112 
(Length: 4)  2  136  150  189 
(Length: 4)  2  22  136  150 
(Length: 3)  2  181  192 
(Length: 3)  2  136  192 
(Length: 3)  2  35  37 
(Length: 3)  2  113  122 
(Length: 4)  2  22  122  150 
(Length: 3)  2  181  189 
(Length: 3)  2  68  189 
(Length: 3)  2  35  192 
(Length: 3)  2  25  37 
(Length: 3)  2  130  140 
(Length: 3)  2  23  181 
(Length: 3)  3  5  46 
(Length: 4)  3  26  46  84 
(Length: 3)  3  159  189 
(Length: 3)  3  143  171 
(Length: 3)  3  171  198 
(Length: 3)  3  89  90 
(Length: 3)  3  84  129 
(Length: 4)  3  19  97  98 
(Length: 3)  3  89  143 
(Length: 3)  3  126  143 
(Length: 3)  3  89  153 
(Length: 3)  3  117  155 
(Length: 3)  3  154  171 
(Length: 4)  3  98  99  133 
(Length: 4)  3  90  117  198 
(Length: 3)  3  99  115 
(Length: 3)  3  99  129 
(Length: 3)  3  153  189 
(Length: 4)  3  26  105  189 
(Length: 4)  3  26  99  189 
(Length: 3)  3  19  89 
(Length: 4)  3  97  115  153 
(Length: 3)  3  126  198 
(Length: 3)  3  171  178 
(Length: 4)  3  90  172  178 
(Length: 3)  3  84  154 
(Length: 3)  3  129  159 
(Length: 3)  3  84  153 
(Length: 3)  4  29  168 
(Length: 3)  4  145  168 
(Length: 4)  4  69  145  177 
(Length: 3)  4  105  145 
(Length: 3)  4  25  30 
(Length: 3)  4  150  153 
(Length: 3)  4  29  174 
(Length: 3)  4  17  69 
(Length: 4)  4  145  174  177 
(Length: 3)  4  30  40 
(Length: 3)  4  30  101 
(Length: 3)  4  25  177 
(Length: 3)  4  18  78 
(Length: 3)  4  101  174 
(Length: 3)  4  101  150 
(Length: 3)  4  38  105 
(Length: 4)  4  18  38  177 
(Length: 3)  4  24  40 
(Length: 3)  4  17  29 
(Length: 3)  4  150  177 
(Length: 3)  4  24  29 
(Length: 3)  4  78  145 
(Length: 3)  4  17  150 
(Length: 3)  4  40  153 
(Length: 3)  5  46  170 
(Length: 3)  5  35  37 
(Length: 3)  5  46  176 
(Length: 3)  5  63  109 
(Length: 3)  5  86  183 
(Length: 3)  5  75  183 
(Length: 4)  5  176  182  186 
(Length: 3)  5  46  135 
(Length: 3)  5  88  116 
(Length: 3)  5  106  109 
(Length: 3)  5  38  170 
(Length: 3)  5  85  109 
(Length: 3)  5  35  88 
(Length: 3)  5  46  63 
(Length: 3)  5  9  109 
(Length: 3)  5  75  170 
(Length: 3)  5  37  38 
(Length: 3)  5  38  135 
(Length: 3)  5  37  85 
(Length: 4)  5  106  182  186 
(Length: 3)  5  109  183 
(Length: 3)  5  170  182 
(Length: 3)  5  8  43 
(Length: 3)  5  37  116 
(Length: 4)  5  35  182  186 
(Length: 3)  5  75  176 
(Length: 3)  5  46  88 
(Length: 3)  5  8  186 
(Length: 3)  5  85  199 
(Length: 3)  5  43  135 
(Length: 3)  5  88  183 
(Length: 3)  5  88  199 
(Length: 3)  5  9  75 
(Length: 3)  5  8  75 
(Length: 3)  5  63  182 
(Length: 4)  5  8  38  86 
(Length: 3)  6  97  98 
(Length: 4)  6  66  69  196 
(Length: 3)  6  68  138 
(Length: 3)  6  126  147 
(Length: 3)  6  57  83 
(Length: 3)  6  70  147 
(Length: 4)  6  62  89  188 
(Length: 4)  6  45  71  181 
(Length: 3)  6  70  108 
(Length: 4)  6  57  91  195 
(Length: 4)  6  69  98  196 
(Length: 3)  6  69  191 
(Length: 3)  6  69  145 
(Length: 3)  6  55  83 
(Length: 4)  6  55  75  98 
(Length: 3)  6  62  69 
(Length: 3)  6  94  196 
(Length: 3)  6  91  138 
(Length: 4)  6  97  181  195 
(Length: 3)  6  10  17 
(Length: 3)  6  167  196 
(Length: 3)  6  145  188 
(Length: 3)  6  68  126 
(Length: 3)  6  167  195 
(Length: 3)  6  28  126 
(Length: 4)  6  45  181  195 
(Length: 3)  6  45  191 
(Length: 4)  6  31  75  98 
(Length: 3)  6  108  137 
(Length: 3)  6  31  70 
(Length: 4)  6  45  68  71 
(Length: 4)  6  45  62  89 
(Length: 3)  6  27  137 
(Length: 3)  6  31  45 
(Length: 4)  6  68  82  83 
(Length: 3)  6  108  138 
(Length: 3)  6  138  173 
(Length: 3)  6  62  82 
(Length: 4)  6  89  147  188 
(Length: 3)  6  28  188 
(Length: 4)  6  57  91  191 
(Length: 4)  6  27  57  195 
(Length: 3)  6  124  181 
(Length: 4)  6  27  57  196 
(Length: 3)  6  71  167 
(Length: 3)  6  97  191 
(Length: 3)  6  57  145 
(Length: 3)  6  94  124 
(Length: 3)  6  71  145 
(Length: 4)  6  27  57  191 
(Length: 4)  6  55  69  98 
(Length: 3)  6  66  109 
(Length: 3)  6  75  188 
(Length: 3)  6  94  188 
(Length: 4)  6  27  126  195 
(Length: 3)  6  17  147 
(Length: 3)  6  138  188 
(Length: 4)  6  17  69  98 
(Length: 3)  6  66  173 
(Length: 3)  6  124  191 
(Length: 3)  6  109  138 
(Length: 4)  6  10  57  191 
(Length: 3)  6  10  55 
(Length: 3)  6  145  173 
(Length: 3)  6  17  28 
(Length: 3)  6  109  137 
(Length: 3)  6  89  109 
(Length: 3)  6  28  137 
(Length: 3)  6  66  70 
(Length: 3)  6  82  137 
(Length: 3)  6  62  70 
(Length: 3)  6  68  94 
(Length: 4)  6  97  108  195 
(Length: 3)  6  70  181 
(Length: 3)  7  44  136 
(Length: 4)  7  18  146  177 
(Length: 4)  7  40  74  167 
(Length: 4)  7  18  146  193 
(Length: 3)  7  63  169 
(Length: 3)  7  148  165 
(Length: 3)  7  103  136 
(Length: 3)  7  44  165 
(Length: 3)  7  63  127 
(Length: 4)  7  75  146  193 
(Length: 4)  7  18  146  167 
(Length: 3)  7  40  127 
(Length: 3)  7  63  107 
(Length: 4)  7  75  119  148 
(Length: 4)  7  18  66  177 
(Length: 3)  7  44  107 
(Length: 3)  7  39  119 
(Length: 3)  7  18  39 
(Length: 3)  7  39  107 
(Length: 4)  7  18  76  167 
(Length: 4)  7  18  63  193 
(Length: 3)  7  12  18 
(Length: 4)  7  74  76  167 
(Length: 4)  7  136  150  169 
(Length: 4)  7  66  169  177 
(Length: 3)  7  44  146 
(Length: 5)  7  75  136  148  193 
(Length: 3)  7  66  165 
(Length: 4)  7  150  169  177 
(Length: 3)  7  66  127 
(Length: 3)  7  103  177 
(Length: 3)  7  25  177 
(Length: 3)  7  25  119 
(Length: 4)  7  75  76  119 
(Length: 3)  7  119  150 
(Length: 4)  7  74  75  76 
(Length: 4)  8  58  136  147 
(Length: 3)  8  104  148 
(Length: 4)  8  75  136  148 
(Length: 4)  8  38  66  86 
(Length: 3)  8  104  147 
(Length: 4)  8  136  148  179 
(Length: 4)  8  147  157  161 
(Length: 4)  8  136  161  179 
(Length: 3)  8  38  53 
(Length: 4)  8  16  18  20 
(Length: 3)  8  38  49 
(Length: 3)  8  53  61 
(Length: 3)  8  20  161 
(Length: 4)  8  136  185  189 
(Length: 3)  8  61  186 
(Length: 3)  8  53  179 
(Length: 4)  8  136  168  185 
(Length: 3)  8  115  153 
(Length: 5)  8  18  38  66  140 
(Length: 3)  8  140  168 
(Length: 4)  8  43  140  163 
(Length: 4)  8  54  160  161 
(Length: 3)  8  49  92 
(Length: 4)  8  18  20  140 
(Length: 4)  8  148  168  186 
(Length: 3)  8  49  115 
(Length: 3)  8  61  75 
(Length: 3)  8  16  163 
(Length: 4)  8  148  164  186 
(Length: 3)  8  54  115 
(Length: 3)  8  49  150 
(Length: 3)  8  49  164 
(Length: 4)  8  157  161  164 
(Length: 3)  8  58  164 
(Length: 3)  8  160  172 
(Length: 3)  8  160  189 
(Length: 3)  8  142  153 
(Length: 3)  8  54  148 
(Length: 3)  8  18  164 
(Length: 3)  8  53  115 
(Length: 4)  8  61  147  161 
(Length: 4)  8  150  153  189 
(Length: 3)  8  53  157 
(Length: 4)  8  150  186  189 
(Length: 4)  8  32  66  163 
(Length: 3)  8  140  179 
(Length: 3)  8  38  185 
(Length: 4)  8  43  148  164 
(Length: 4)  8  43  147  172 
(Length: 3)  8  49  160 
(Length: 4)  8  43  140  142 
(Length: 4)  8  66  104  189 
(Length: 4)  8  66  140  142 
(Length: 4)  8  66  140  163 
(Length: 3)  8  43  92 
(Length: 4)  8  16  18  38 
(Length: 3)  8  150  157 
(Length: 4)  8  136  148  168 
(Length: 4)  8  43  53  142 
(Length: 4)  8  136  147  161 
(Length: 4)  8  58  75  136 
(Length: 4)  8  136  150  189 
(Length: 3)  9  129  159 
(Length: 3)  9  129  145 
(Length: 3)  9  14  120 
(Length: 3)  9  74  129 
(Length: 3)  9  14  51 
(Length: 3)  9  10  92 
(Length: 3)  9  10  99 
(Length: 3)  9  10  142 
(Length: 3)  9  145  189 
(Length: 3)  9  74  75 
(Length: 3)  9  61  75 
(Length: 3)  9  51  109 
(Length: 3)  9  61  159 
(Length: 3)  9  93  120 
(Length: 3)  9  93  159 
(Length: 4)  9  78  120  185 
(Length: 3)  9  185  189 
(Length: 3)  9  74  185 
(Length: 4)  9  99  104  189 
(Length: 3)  9  51  93 
(Length: 3)  9  78  104 
(Length: 3)  9  99  111 
(Length: 3)  9  99  129 
(Length: 4)  9  104  159  189 
(Length: 3)  9  14  129 
(Length: 3)  9  111  142 
(Length: 3)  9  10  74 
(Length: 3)  9  74  93 
(Length: 4)  9  78  92  145 
(Length: 3)  9  111  145 
(Length: 3)  9  109  189 
(Length: 3)  9  51  142 
(Length: 4)  10  21  43  142 
(Length: 3)  10  23  191 
(Length: 3)  10  90  172 
(Length: 4)  10  43  57  142 
(Length: 3)  10  99  116 
(Length: 4)  10  57  74  198 
(Length: 4)  10  21  84  142 
(Length: 4)  10  148  193  198 
(Length: 3)  10  74  172 
(Length: 4)  10  57  84  142 
(Length: 4)  10  84  142  175 
(Length: 3)  10  44  121 
(Length: 4)  10  57  176  198 
(Length: 4)  10  134  142  175 
(Length: 4)  10  23  148  176 
(Length: 4)  10  57  193  198 
(Length: 4)  10  57  134  142 
(Length: 4)  10  55  99  176 
(Length: 3)  10  17  175 
(Length: 3)  10  55  134 
(Length: 3)  10  116  134 
(Length: 4)  10  43  57  193 
(Length: 4)  10  40  74  198 
(Length: 4)  10  24  40  92 
(Length: 4)  10  57  134  198 
(Length: 4)  10  23  43  92 
(Length: 4)  10  21  44  99 
(Length: 3)  10  47  99 
(Length: 4)  10  148  176  198 
(Length: 4)  10  24  90  191 
(Length: 4)  10  21  55  99 
(Length: 4)  10  43  57  92 
(Length: 4)  10  57  90  191 
(Length: 3)  10  23  44 
(Length: 3)  10  43  172 
(Length: 3)  10  47  175 
(Length: 4)  10  57  74  84 
(Length: 3)  10  99  191 
(Length: 4)  10  121  176  198 
(Length: 4)  10  23  47  74 
(Length: 5)  10  23  43  148  193 
(Length: 4)  10  57  90  198 
(Length: 3)  10  24  44 
(Length: 3)  11  52  173 
(Length: 3)  11  158  166 
(Length: 3)  11  75  171 
(Length: 3)  11  52  171 
(Length: 3)  11  13  171 
(Length: 4)  11  78  145  173 
(Length: 3)  11  143  145 
(Length: 3)  11  134  139 
(Length: 3)  11  134  158 
(Length: 4)  11  93  126  143 
(Length: 3)  11  27  78 
(Length: 3)  11  27  126 
(Length: 3)  11  99  166 
(Length: 3)  11  102  146 
(Length: 3)  11  134  145 
(Length: 3)  11  75  146 
(Length: 3)  11  143  158 
(Length: 3)  11  24  27 
(Length: 3)  11  143  171 
(Length: 3)  11  102  143 
(Length: 3)  11  13  93 
(Length: 3)  11  166  171 
(Length: 4)  11  27  99  139 
(Length: 3)  12  35  114 
(Length: 3)  12  35  175 
(Length: 4)  12  43  105  114 
(Length: 3)  12  91  157 
(Length: 4)  12  104  105  189 
(Length: 5)  12  91  104  175  189 
(Length: 3)  12  43  53 
(Length: 3)  12  18  35 
(Length: 3)  12  85  152 
(Length: 4)  12  43  92  105 
(Length: 3)  12  51  166 
(Length: 4)  12  53  144  157 
(Length: 3)  12  53  152 
(Length: 4)  12  105  114  189 
(Length: 4)  12  91  92  152 
(Length: 3)  12  51  105 
(Length: 3)  13  42  98 
(Length: 3)  13  162  172 
(Length: 4)  13  42  76  132 
(Length: 3)  13  35  37 
(Length: 3)  13  37  93 
(Length: 4)  13  76  132  191 
(Length: 3)  13  32  72 
(Length: 3)  13  37  76 
(Length: 4)  13  70  172  182 
(Length: 3)  13  35  182 
(Length: 3)  13  72  150 
(Length: 3)  13  93  132 
(Length: 3)  13  69  171 
(Length: 3)  13  171  182 
(Length: 4)  13  132  136  147 
(Length: 4)  13  132  152  191 
(Length: 4)  13  132  136  168 
(Length: 4)  13  63  168  182 
(Length: 4)  13  136  148  168 
(Length: 3)  13  162  168 
(Length: 4)  13  132  136  150 
(Length: 4)  13  132  136  152 
(Length: 3)  13  70  148 
(Length: 3)  13  150  162 
(Length: 4)  13  32  63  163 
(Length: 4)  13  69  152  191 
(Length: 3)  13  35  163 
(Length: 4)  13  70  147  172 
(Length: 3)  13  69  98 
(Length: 3)  13  148  171 
(Length: 3)  14  48  100 
(Length: 3)  14  76  167 
(Length: 3)  14  30  136 
(Length: 4)  14  136  147  161 
(Length: 3)  14  30  41 
(Length: 3)  14  30  170 
(Length: 3)  14  25  30 
(Length: 3)  14  29  127 
(Length: 3)  14  127  161 
(Length: 4)  14  31  51  136 
(Length: 4)  14  129  167  196 
(Length: 3)  14  29  76 
(Length: 3)  14  48  147 
(Length: 3)  14  29  41 
(Length: 4)  14  48  120  127 
(Length: 4)  14  129  136  196 
(Length: 3)  14  25  31 
(Length: 4)  14  51  136  147 
(Length: 3)  14  100  161 
(Length: 3)  15  26  59 
(Length: 4)  15  66  95  169 
(Length: 4)  15  66  78  95 
(Length: 3)  15  59  78 
(Length: 4)  15  91  119  150 
(Length: 3)  15  59  94 
(Length: 3)  15  26  99 
(Length: 3)  15  59  118 
(Length: 3)  15  95  171 
(Length: 3)  15  75  170 
(Length: 3)  15  59  170 
(Length: 3)  15  75  171 
(Length: 3)  15  59  195 
(Length: 3)  15  75  183 
(Length: 3)  15  91  138 
(Length: 4)  15  91  150  170 
(Length: 4)  15  91  119  195 
(Length: 3)  15  99  139 
(Length: 3)  15  99  150 
(Length: 3)  15  97  195 
(Length: 3)  15  183  195 
(Length: 3)  15  75  119 
(Length: 4)  15  91  170  178 
(Length: 4)  15  95  118  169 
(Length: 4)  15  94  150  169 
(Length: 3)  15  171  178 
(Length: 3)  15  151  169 
(Length: 3)  15  139  151 
(Length: 3)  15  138  151 
(Length: 3)  15  138  171 
(Length: 3)  15  40  178 
(Length: 4)  15  49  94  150 
(Length: 3)  15  47  99 
(Length: 3)  15  49  178 
(Length: 4)  15  95  97  118 
(Length: 3)  15  66  99 
(Length: 3)  15  40  138 
(Length: 3)  15  47  49 
(Length: 3)  16  125  174 
(Length: 3)  16  97  163 
(Length: 3)  16  99  174 
(Length: 4)  16  114  124  128 
(Length: 3)  16  63  163 
(Length: 4)  16  50  114  124 
(Length: 4)  16  18  38  177 
(Length: 3)  16  63  125 
(Length: 4)  16  18  20  183 
(Length: 4)  16  18  20  23 
(Length: 4)  16  18  59  177 
(Length: 4)  16  23  114  128 
(Length: 4)  16  23  80  125 
(Length: 3)  16  97  128 
(Length: 3)  16  50  165 
(Length: 4)  16  50  114  183 
(Length: 4)  16  50  103  124 
(Length: 4)  16  38  117  177 
(Length: 3)  16  38  84 
(Length: 3)  16  174  177 
(Length: 3)  16  50  84 
(Length: 3)  16  80  183 
(Length: 3)  16  99  163 
(Length: 3)  16  20  165 
(Length: 3)  16  59  165 
(Length: 4)  16  18  59  63 
(Length: 4)  16  23  80  128 
(Length: 3)  16  59  128 
(Length: 3)  16  103  177 
(Length: 3)  16  20  84 
(Length: 3)  17  69  197 
(Length: 3)  17  114  151 
(Length: 3)  17  85  119 
(Length: 3)  17  69  119 
(Length: 4)  17  28  58  136 
(Length: 3)  17  136  192 
(Length: 5)  17  28  51  136  150 
(Length: 4)  17  58  136  147 
(Length: 3)  17  29  175 
(Length: 3)  17  51  98 
(Length: 3)  17  28  85 
(Length: 4)  17  51  136  147 
(Length: 3)  17  150  175 
(Length: 3)  17  175  192 
(Length: 3)  17  69  171 
(Length: 3)  17  119  150 
(Length: 3)  17  29  171 
(Length: 3)  17  51  197 
(Length: 3)  17  69  192 
(Length: 3)  17  69  151 
(Length: 4)  18  146  164  167 
(Length: 3)  18  135  191 
(Length: 3)  18  76  89 
(Length: 4)  18  59  63  109 
(Length: 3)  18  55  73 
(Length: 3)  18  59  78 
(Length: 3)  18  66  78 
(Length: 3)  18  63  96 
(Length: 3)  18  35  164 
(Length: 3)  18  109  164 
(Length: 3)  18  76  191 
(Length: 3)  18  63  178 
(Length: 4)  18  38  66  177 
(Length: 3)  18  23  193 
(Length: 4)  18  38  55  140 
(Length: 3)  18  55  183 
(Length: 4)  18  35  66  96 
(Length: 3)  18  109  183 
(Length: 4)  18  38  135  178 
(Length: 4)  18  89  100  193 
(Length: 3)  18  96  146 
(Length: 3)  18  23  73 
(Length: 3)  18  23  96 
(Length: 4)  18  35  66  73 
(Length: 4)  18  73  135  178 
(Length: 3)  18  89  109 
(Length: 3)  18  39  59 
(Length: 3)  18  39  96 
(Length: 3)  18  66  109 
(Length: 3)  18  23  191 
(Length: 4)  18  38  146  177 
(Length: 3)  19  27  34 
(Length: 3)  19  89  92 
(Length: 3)  19  109  139 
(Length: 3)  19  107  192 
(Length: 3)  19  89  109 
(Length: 3)  19  39  59 
(Length: 3)  19  27  139 
(Length: 3)  19  98  196 
(Length: 3)  19  74  173 
(Length: 3)  19  57  74 
(Length: 3)  19  59  196 
(Length: 5)  19  27  57  192  196 
(Length: 4)  19  31  75  98 
(Length: 3)  19  39  186 
(Length: 3)  19  71  186 
(Length: 3)  19  74  75 
(Length: 3)  19  59  109 
(Length: 3)  19  39  107 
(Length: 4)  19  39  57  92 
(Length: 3)  20  130  144 
(Length: 3)  20  123  199 
(Length: 3)  20  161  165 
(Length: 4)  20  140  162  165 
(Length: 3)  20  84  166 
(Length: 3)  20  161  166 
(Length: 3)  20  23  162 
(Length: 3)  20  84  129 
(Length: 3)  20  183  195 
(Length: 3)  20  158  195 
(Length: 3)  20  165  173 
(Length: 3)  20  140  166 
(Length: 3)  20  105  123 
(Length: 3)  20  130  140 
(Length: 3)  20  161  195 
(Length: 3)  20  158  162 
(Length: 3)  20  158  166 
(Length: 3)  20  165  199 
(Length: 3)  20  105  161 
(Length: 3)  20  105  173 
(Length: 3)  21  26  99 
(Length: 3)  21  110  136 
(Length: 3)  21  89  143 
(Length: 3)  21  84  150 
(Length: 4)  21  32  44  107 
(Length: 4)  21  43  45  89 
(Length: 3)  21  150  186 
(Length: 4)  21  43  102  107 
(Length: 3)  21  142  156 
(Length: 3)  21  143  145 
(Length: 4)  21  44  99  156 
(Length: 4)  21  44  99  136 
(Length: 3)  21  102  143 
(Length: 3)  21  90  145 
(Length: 4)  21  45  89  90 
(Length: 3)  21  136  145 
(Length: 4)  21  99  136  150 
(Length: 3)  21  156  186 
(Length: 3)  21  102  150 
(Length: 3)  21  55  107 
(Length: 4)  21  44  107  156 
(Length: 3)  21  107  145 
(Length: 3)  21  55  186 
(Length: 4)  22  41  134  158 
(Length: 3)  22  147  172 
(Length: 3)  22  65  172 
(Length: 4)  22  56  117  150 
(Length: 4)  22  41  121  176 
(Length: 3)  22  51  158 
(Length: 3)  22  87  151 
(Length: 3)  22  72  124 
(Length: 4)  22  72  112  176 
(Length: 4)  22  51  150  177 
(Length: 4)  22  45  134  158 
(Length: 4)  22  58  72  177 
(Length: 3)  22  51  87 
(Length: 5)  22  51  56  136  150 
(Length: 3)  22  45  122 
(Length: 3)  22  122  124 
(Length: 4)  22  117  150  177 
(Length: 4)  22  51  136  147 
(Length: 3)  22  94  134 
(Length: 3)  22  124  133 
(Length: 3)  22  94  124 
(Length: 4)  22  58  136  147 
(Length: 4)  22  51  105  136 
(Length: 3)  22  94  150 
(Length: 3)  22  65  133 
(Length: 3)  22  124  128 
(Length: 4)  22  41  121  150 
(Length: 3)  22  176  182 
(Length: 3)  22  34  147 
(Length: 3)  22  51  176 
(Length: 4)  22  45  134  177 
(Length: 3)  22  41  133 
(Length: 4)  22  41  122  150 
(Length: 3)  22  172  182 
(Length: 3)  22  87  128 
(Length: 4)  22  58  105  136 
(Length: 4)  22  35  112  117 
(Length: 4)  22  35  117  182 
(Length: 3)  22  128  172 
(Length: 3)  22  51  65 
(Length: 4)  22  72  150  177 
(Length: 4)  22  121  150  177 
(Length: 4)  22  117  122  150 
(Length: 4)  22  134  151  182 
(Length: 3)  23  43  73 
(Length: 4)  23  114  128  179 
(Length: 3)  23  131  162 
(Length: 3)  23  131  181 
(Length: 3)  23  104  148 
(Length: 3)  23  96  181 
(Length: 3)  23  73  74 
(Length: 3)  23  47  179 
(Length: 3)  23  28  188 
(Length: 3)  23  69  96 
(Length: 3)  23  69  111 
(Length: 3)  23  28  104 
(Length: 3)  23  44  156 
(Length: 4)  23  111  176  179 
(Length: 3)  23  44  188 
(Length: 3)  23  69  191 
(Length: 3)  23  69  193 
(Length: 3)  23  44  69 
(Length: 3)  23  125  191 
(Length: 4)  23  29  47  125 
(Length: 3)  23  180  188 
(Length: 3)  23  46  74 
(Length: 4)  23  96  156  180 
(Length: 3)  23  46  114 
(Length: 3)  23  29  143 
(Length: 3)  23  46  176 
(Length: 4)  23  114  156  180 
(Length: 3)  23  28  43 
(Length: 3)  23  74  131 
(Length: 4)  23  114  180  193 
(Length: 4)  23  148  176  179 
(Length: 3)  23  47  69 
(Length: 3)  23  74  80 
(Length: 4)  23  43  114  193 
(Length: 3)  23  128  191 
(Length: 3)  23  92  96 
(Length: 3)  23  73  125 
(Length: 3)  23  125  176 
(Length: 3)  23  80  180 
(Length: 3)  23  125  181 
(Length: 3)  23  29  46 
(Length: 3)  24  154  156 
(Length: 4)  24  44  152  156 
(Length: 3)  24  27  156 
(Length: 3)  24  73  152 
(Length: 3)  24  27  191 
(Length: 4)  24  91  92  152 
(Length: 3)  24  90  113 
(Length: 3)  24  92  154 
(Length: 4)  24  91  152  191 
(Length: 3)  24  106  129 
(Length: 4)  24  90  152  191 
(Length: 3)  24  120  191 
(Length: 3)  24  73  154 
(Length: 3)  24  106  109 
(Length: 4)  24  58  109  113 
(Length: 3)  24  120  156 
(Length: 3)  25  57  177 
(Length: 3)  25  121  178 
(Length: 3)  25  50  126 
(Length: 3)  25  64  94 
(Length: 3)  25  50  114 
(Length: 3)  25  31  37 
(Length: 4)  25  37  57  119 
(Length: 3)  25  94  114 
(Length: 3)  25  37  94 
(Length: 3)  25  31  50 
(Length: 3)  25  121  177 
(Length: 3)  25  64  158 
(Length: 4)  26  140  168  190 
(Length: 3)  26  191  197 
(Length: 3)  26  140  165 
(Length: 4)  26  105  160  189 
(Length: 3)  26  59  165 
(Length: 3)  26  99  191 
(Length: 4)  26  99  168  190 
(Length: 4)  26  59  168  190 
(Length: 4)  26  64  99  190 
(Length: 3)  26  165  197 
(Length: 3)  26  64  144 
(Length: 4)  27  122  130  137 
(Length: 3)  27  51  139 
(Length: 4)  27  57  67  192 
(Length: 3)  27  125  191 
(Length: 3)  27  125  195 
(Length: 4)  27  99  122  156 
(Length: 4)  27  99  116  139 
(Length: 3)  27  34  126 
(Length: 4)  27  99  111  176 
(Length: 3)  27  116  195 
(Length: 4)  27  99  116  156 
(Length: 3)  27  78  116 
(Length: 4)  27  116  156  196 
(Length: 4)  27  57  67  180 
(Length: 3)  27  57  176 
(Length: 3)  27  78  137 
(Length: 4)  27  175  192  196 
(Length: 4)  27  114  156  196 
(Length: 3)  27  111  137 
(Length: 4)  27  114  156  180 
(Length: 4)  27  122  137  156 
(Length: 4)  27  99  111  139 
(Length: 3)  27  137  192 
(Length: 4)  27  51  125  176 
(Length: 4)  27  99  139  191 
(Length: 3)  28  126  169 
(Length: 3)  28  103  190 
(Length: 4)  28  136  150  169 
(Length: 4)  28  84  150  153 
(Length: 3)  28  58  188 
(Length: 4)  28  51  65  101 
(Length: 4)  28  43  139  172 
(Length: 4)  28  118  169  172 
(Length: 3)  28  168  190 
(Length: 3)  28  136  168 
(Length: 3)  28  137  190 
(Length: 4)  28  51  101  150 
(Length: 3)  28  51  188 
(Length: 3)  28  51  139 
(Length: 4)  28  58  103  136 
(Length: 3)  28  153  190 
(Length: 3)  28  51  190 
(Length: 3)  28  85  168 
(Length: 3)  28  118  188 
(Length: 3)  28  101  110 
(Length: 4)  28  103  118  136 
(Length: 4)  28  65  118  172 
(Length: 3)  28  85  101 
(Length: 3)  28  85  188 
(Length: 3)  28  85  153 
(Length: 5)  28  110  118  136  169 
(Length: 3)  29  45  68 
(Length: 3)  29  125  174 
(Length: 3)  29  76  77 
(Length: 3)  29  53  142 
(Length: 3)  29  47  175 
(Length: 3)  29  89  175 
(Length: 3)  29  76  89 
(Length: 3)  29  93  143 
(Length: 4)  29  127  142  175 
(Length: 3)  29  45  89 
(Length: 3)  29  47  93 
(Length: 3)  29  127  168 
(Length: 3)  29  89  143 
(Length: 3)  29  53  171 
(Length: 3)  29  143  171 
(Length: 3)  29  41  68 
(Length: 3)  29  53  77 
(Length: 3)  30  53  101 
(Length: 3)  30  151  199 
(Length: 4)  30  35  77  192 
(Length: 5)  30  52  97  118  136 
(Length: 3)  30  53  77 
(Length: 3)  30  81  170 
(Length: 3)  30  82  83 
(Length: 3)  30  63  96 
(Length: 4)  30  97  136  195 
(Length: 5)  30  52  118  136  192 
(Length: 4)  30  118  136  189 
(Length: 4)  30  136  152  195 
(Length: 4)  30  41  118  189 
(Length: 3)  30  35  96 
(Length: 4)  30  41  97  118 
(Length: 3)  30  82  130 
(Length: 3)  30  151  152 
(Length: 3)  30  101  151 
(Length: 3)  30  77  151 
(Length: 3)  30  83  136 
(Length: 4)  30  77  136  192 
(Length: 3)  30  40  189 
(Length: 3)  30  170  189 
(Length: 3)  30  53  152 
(Length: 3)  31  70  182 
(Length: 3)  31  136  169 
(Length: 3)  31  75  183 
(Length: 3)  31  45  141 
(Length: 3)  31  40  160 
(Length: 3)  31  141  169 
(Length: 3)  31  75  136 
(Length: 3)  31  164  182 
(Length: 3)  31  51  98 
(Length: 3)  31  182  184 
(Length: 3)  31  40  184 
(Length: 3)  31  37  45 
(Length: 3)  31  164  169 
(Length: 3)  31  50  160 
(Length: 4)  31  50  183  184 
(Length: 3)  31  98  164 
(Length: 3)  32  51  73 
(Length: 3)  32  82  155 
(Length: 3)  32  144  187 
(Length: 3)  32  77  79 
(Length: 3)  32  51  155 
(Length: 3)  32  66  73 
(Length: 3)  32  77  165 
(Length: 3)  32  77  91 
(Length: 3)  32  51  77 
(Length: 3)  32  72  124 
(Length: 3)  32  63  107 
(Length: 3)  32  44  124 
(Length: 3)  32  66  165 
(Length: 3)  32  44  165 
(Length: 3)  32  79  107 
(Length: 3)  32  79  187 
(Length: 3)  33  140  142 
(Length: 3)  33  52  69 
(Length: 4)  33  39  67  107 
(Length: 3)  33  48  181 
(Length: 4)  33  96  142  181 
(Length: 3)  33  63  107 
(Length: 3)  33  48  126 
(Length: 3)  33  140  180 
(Length: 3)  33  63  96 
(Length: 3)  33  69  197 
(Length: 3)  33  52  115 
(Length: 4)  33  67  107  180 
(Length: 3)  33  67  164 
(Length: 3)  33  39  126 
(Length: 3)  33  39  96 
(Length: 3)  33  96  180 
(Length: 3)  33  164  181 
(Length: 3)  33  69  96 
(Length: 3)  34  64  144 
(Length: 3)  34  144  149 
(Length: 3)  34  164  170 
(Length: 3)  34  102  170 
(Length: 3)  34  102  194 
(Length: 3)  34  140  170 
(Length: 3)  34  126  147 
(Length: 3)  34  165  197 
(Length: 3)  34  64  171 
(Length: 3)  34  146  164 
(Length: 3)  34  140  165 
(Length: 3)  34  102  146 
(Length: 3)  35  114  179 
(Length: 4)  35  119  164  186 
(Length: 3)  35  114  164 
(Length: 3)  35  66  163 
(Length: 3)  35  179  192 
(Length: 3)  35  77  186 
(Length: 3)  35  66  117 
(Length: 3)  35  96  182 
(Length: 4)  35  164  182  186 
(Length: 3)  35  175  192 
(Length: 3)  35  73  186 
(Length: 3)  35  88  192 
(Length: 3)  35  112  145 
(Length: 3)  35  37  119 
(Length: 3)  35  37  66 
(Length: 3)  35  112  114 
(Length: 3)  35  88  164 
(Length: 3)  35  145  179 
(Length: 3)  36  93  135 
(Length: 4)  36  118  136  192 
(Length: 3)  36  93  159 
(Length: 4)  36  56  118  164 
(Length: 3)  36  62  160 
(Length: 3)  36  59  67 
(Length: 3)  36  135  171 
(Length: 3)  36  67  71 
(Length: 4)  36  56  136  185 
(Length: 4)  36  74  93  160 
(Length: 3)  36  74  185 
(Length: 3)  36  74  199 
(Length: 3)  36  71  199 
(Length: 3)  36  143  171 
(Length: 4)  36  93  143  164 
(Length: 4)  36  67  154  164 
(Length: 3)  36  171  199 
(Length: 3)  36  135  192 
(Length: 4)  36  74  118  160 
(Length: 3)  36  154  171 
(Length: 4)  36  56  118  136 
(Length: 3)  36  67  192 
(Length: 4)  36  62  67  154 
(Length: 3)  36  56  101 
(Length: 3)  36  59  118 
(Length: 3)  36  71  143 
(Length: 4)  37  39  49  57 
(Length: 3)  37  41  133 
(Length: 3)  37  48  93 
(Length: 4)  37  116  156  196 
(Length: 3)  37  38  49 
(Length: 3)  37  76  119 
(Length: 3)  37  85  93 
(Length: 3)  37  45  85 
(Length: 3)  37  49  94 
(Length: 3)  37  49  82 
(Length: 4)  37  39  57  119 
(Length: 3)  37  39  133 
(Length: 4)  37  47  54  56 
(Length: 3)  37  54  119 
(Length: 3)  37  47  196 
(Length: 3)  37  47  125 
(Length: 3)  37  85  119 
(Length: 3)  37  47  49 
(Length: 3)  37  101  116 
(Length: 3)  37  93  156 
(Length: 3)  37  85  101 
(Length: 3)  37  48  125 
(Length: 3)  37  66  196 
(Length: 3)  37  57  196 
(Length: 3)  37  85  196 
(Length: 3)  37  38  66 
(Length: 3)  37  38  93 
(Length: 3)  37  56  101 
(Length: 3)  37  47  93 
(Length: 3)  38  134  185 
(Length: 3)  38  134  177 
(Length: 4)  38  53  177  197 
(Length: 4)  38  53  135  197 
(Length: 3)  38  49  55 
(Length: 3)  38  84  95 
(Length: 3)  38  93  135 
(Length: 4)  38  117  120  185 
(Length: 3)  38  93  120 
(Length: 4)  38  53  95  197 
(Length: 3)  38  49  105 
(Length: 3)  38  134  151 
(Length: 3)  38  140  170 
(Length: 3)  38  49  178 
(Length: 3)  38  66  95 
(Length: 4)  38  117  146  177 
(Length: 3)  38  55  134 
(Length: 4)  38  53  120  177 
(Length: 5)  38  66  117  120  177 
(Length: 3)  38  170  178 
(Length: 3)  38  86  178 
(Length: 3)  39  62  133 
(Length: 4)  39  62  67  154 
(Length: 3)  39  49  79 
(Length: 4)  39  49  57  92 
(Length: 3)  39  49  175 
(Length: 3)  39  57  185 
(Length: 3)  39  79  96 
(Length: 3)  39  187  194 
(Length: 3)  39  175  194 
(Length: 3)  39  107  133 
(Length: 4)  39  79  107  135 
(Length: 3)  39  102  154 
(Length: 4)  39  49  92  154 
(Length: 3)  39  57  135 
(Length: 3)  39  102  194 
(Length: 3)  39  59  67 
(Length: 3)  39  59  182 
(Length: 4)  39  62  67  79 
(Length: 4)  39  92  96  182 
(Length: 3)  39  133  186 
(Length: 3)  39  175  185 
(Length: 3)  39  119  186 
(Length: 3)  39  102  107 
(Length: 3)  39  126  182 
(Length: 3)  39  79  187 
(Length: 3)  39  57  67 
(Length: 4)  39  67  79  107 
(Length: 3)  39  182  186 
(Length: 3)  39  84  175 
(Length: 3)  39  57  84 
(Length: 4)  39  62  79  119 
(Length: 3)  40  86  178 
(Length: 3)  40  86  127 
(Length: 3)  40  128  178 
(Length: 3)  40  127  161 
(Length: 3)  40  138  188 
(Length: 3)  40  92  167 
(Length: 4)  40  74  160  167 
(Length: 3)  40  128  189 
(Length: 3)  40  127  188 
(Length: 3)  40  115  153 
(Length: 3)  40  160  189 
(Length: 3)  40  161  184 
(Length: 3)  40  161  178 
(Length: 3)  40  124  128 
(Length: 3)  40  153  184 
(Length: 3)  40  153  189 
(Length: 3)  40  160  161 
(Length: 3)  41  97  181 
(Length: 3)  41  97  98 
(Length: 3)  41  98  133 
(Length: 3)  41  133  186 
(Length: 3)  41  73  186 
(Length: 3)  41  140  190 
(Length: 3)  41  159  189 
(Length: 3)  41  75  98 
(Length: 3)  41  140  155 
(Length: 3)  41  70  73 
(Length: 3)  41  118  158 
(Length: 3)  41  181  189 
(Length: 3)  41  75  176 
(Length: 4)  41  134  158  159 
(Length: 3)  41  68  189 
(Length: 3)  41  140  179 
(Length: 4)  41  176  186  189 
(Length: 3)  41  98  190 
(Length: 3)  41  70  181 
(Length: 3)  41  155  197 
(Length: 4)  41  150  186  189 
(Length: 3)  41  73  158 
(Length: 4)  41  68  134  179 
(Length: 4)  41  122  159  190 
(Length: 3)  41  118  122 
(Length: 3)  41  176  179 
(Length: 4)  42  96  113  122 
(Length: 3)  42  149  179 
(Length: 4)  42  84  167  196 
(Length: 3)  42  76  167 
(Length: 3)  42  52  149 
(Length: 3)  42  114  194 
(Length: 3)  42  52  161 
(Length: 3)  42  84  122 
(Length: 3)  42  132  186 
(Length: 3)  42  114  196 
(Length: 3)  42  113  194 
(Length: 3)  42  96  180 
(Length: 4)  42  52  98  196 
(Length: 3)  42  161  179 
(Length: 3)  42  132  180 
(Length: 3)  42  114  179 
(Length: 3)  42  114  180 
(Length: 3)  43  139  142 
(Length: 3)  43  50  53 
(Length: 3)  43  52  68 
(Length: 3)  43  135  147 
(Length: 3)  43  73  135 
(Length: 3)  43  114  140 
(Length: 3)  43  107  172 
(Length: 3)  43  53  120 
(Length: 3)  43  53  135 
(Length: 3)  43  92  132 
(Length: 3)  43  45  68 
(Length: 3)  43  89  92 
(Length: 3)  43  89  147 
(Length: 4)  43  50  89  193 
(Length: 3)  43  45  195 
(Length: 3)  43  68  82 
(Length: 3)  43  52  105 
(Length: 3)  43  68  135 
(Length: 3)  43  68  163 
(Length: 3)  43  68  164 
(Length: 4)  43  57  92  105 
(Length: 3)  43  57  135 
(Length: 3)  43  57  195 
(Length: 3)  43  107  135 
(Length: 3)  43  114  164 
(Length: 3)  43  68  139 
(Length: 4)  43  50  132  193 
(Length: 4)  43  50  114  193 
(Length: 3)  43  132  195 
(Length: 3)  43  120  163 
(Length: 3)  43  132  147 
(Length: 3)  44  83  183 
(Length: 3)  44  99  133 
(Length: 3)  44  124  133 
(Length: 4)  44  99  136  152 
(Length: 4)  44  69  178  196 
(Length: 3)  44  69  152 
(Length: 3)  44  69  133 
(Length: 4)  44  122  156  165 
(Length: 4)  44  99  122  156 
(Length: 4)  44  99  152  156 
(Length: 3)  44  136  196 
(Length: 3)  44  122  183 
(Length: 3)  44  122  124 
(Length: 3)  44  107  183 
(Length: 3)  44  107  133 
(Length: 3)  44  121  178 
(Length: 3)  44  124  152 
(Length: 3)  44  156  196 
(Length: 3)  44  83  136 
(Length: 3)  45  89  122 
(Length: 3)  45  90  195 
(Length: 4)  45  85  89  90 
(Length: 3)  45  68  134 
(Length: 3)  45  158  195 
(Length: 3)  45  61  158 
(Length: 3)  45  90  187 
(Length: 3)  45  61  122 
(Length: 3)  45  141  187 
(Length: 4)  45  85  90  191 
(Length: 3)  45  62  157 
(Length: 3)  45  149  177 
(Length: 3)  45  81  181 
(Length: 3)  45  61  90 
(Length: 4)  46  60  74  118 
(Length: 3)  46  74  185 
(Length: 4)  46  88  118  158 
(Length: 3)  46  150  170 
(Length: 3)  46  72  176 
(Length: 3)  46  114  185 
(Length: 3)  46  74  149 
(Length: 3)  46  74  84 
(Length: 4)  46  74  118  158 
(Length: 3)  46  158  170 
(Length: 3)  46  72  114 
(Length: 3)  46  110  176 
(Length: 3)  46  84  150 
(Length: 3)  46  135  147 
(Length: 3)  46  110  118 
(Length: 4)  46  72  88  150 
(Length: 3)  47  69  197 
(Length: 3)  47  98  99 
(Length: 4)  47  69  98  196 
(Length: 3)  47  179  192 
(Length: 3)  47  93  164 
(Length: 3)  47  49  83 
(Length: 3)  47  54  69 
(Length: 4)  47  175  192  196 
(Length: 4)  47  74  93  160 
(Length: 4)  47  49  98  164 
(Length: 3)  47  49  160 
(Length: 3)  47  49  175 
(Length: 3)  47  98  125 
(Length: 3)  47  83  179 
(Length: 3)  47  74  197 
(Length: 3)  47  56  164 
(Length: 3)  47  54  160 
(Length: 4)  47  69  192  196 
(Length: 3)  48  88  150 
(Length: 3)  48  87  100 
(Length: 3)  48  87  125 
(Length: 3)  48  87  93 
(Length: 3)  48  135  178 
(Length: 3)  48  126  147 
(Length: 3)  48  81  181 
(Length: 3)  48  93  120 
(Length: 3)  48  150  157 
(Length: 3)  48  81  100 
(Length: 3)  48  93  135 
(Length: 4)  48  125  154  176 
(Length: 3)  48  88  103 
(Length: 4)  48  127  154  157 
(Length: 3)  48  84  87 
(Length: 3)  48  135  147 
(Length: 3)  48  147  157 
(Length: 3)  48  93  126 
(Length: 3)  48  125  181 
(Length: 3)  48  84  150 
(Length: 3)  48  125  150 
(Length: 3)  48  84  154 
(Length: 4)  49  55  111  176 
(Length: 4)  49  57  83  176 
(Length: 3)  49  105  114 
(Length: 3)  49  55  141 
(Length: 4)  49  57  92  105 
(Length: 3)  49  55  98 
(Length: 3)  49  55  73 
(Length: 3)  49  94  188 
(Length: 3)  49  90  178 
(Length: 3)  49  112  114 
(Length: 3)  49  114  141 
(Length: 3)  49  90  164 
(Length: 3)  49  114  164 
(Length: 4)  49  55  83  176 
(Length: 3)  49  154  164 
(Length: 4)  49  57  83  100 
(Length: 4)  49  68  82  131 
(Length: 3)  49  160  167 
(Length: 3)  49  105  160 
(Length: 3)  49  94  114 
(Length: 3)  49  92  167 
(Length: 3)  49  164  167 
(Length: 4)  49  57  90  100 
(Length: 4)  49  83  154  176 
(Length: 4)  49  94  131  150 
(Length: 3)  49  73  154 
(Length: 4)  49  94  150  175 
(Length: 4)  49  68  82  83 
(Length: 3)  49  79  90 
(Length: 3)  49  57  115 
(Length: 4)  49  68  94  131 
(Length: 3)  49  73  178 
(Length: 3)  49  131  141 
(Length: 3)  49  131  154 
(Length: 3)  49  68  164 
(Length: 3)  49  79  141 
(Length: 3)  49  79  150 
(Length: 4)  49  83  112  176 
(Length: 3)  50  149  193 
(Length: 3)  50  86  103 
(Length: 4)  50  103  124  179 
(Length: 4)  50  149  179  184 
(Length: 3)  50  159  184 
(Length: 5)  50  114  124  179  199 
(Length: 4)  50  55  83  183 
(Length: 4)  50  83  179  184 
(Length: 3)  50  65  90 
(Length: 4)  50  53  103  179 
(Length: 3)  50  100  162 
(Length: 3)  50  162  165 
(Length: 4)  50  55  83  179 
(Length: 3)  50  83  100 
(Length: 3)  50  89  103 
(Length: 4)  50  89  90  100 
(Length: 3)  50  126  162 
(Length: 4)  50  83  183  184 
(Length: 4)  50  89  100  193 
(Length: 4)  50  165  179  199 
(Length: 4)  50  55  149  179 
(Length: 3)  50  86  183 
(Length: 3)  50  55  159 
(Length: 3)  51  105  186 
(Length: 3)  51  98  125 
(Length: 3)  51  125  150 
(Length: 4)  51  140  142  190 
(Length: 4)  51  88  101  150 
(Length: 4)  51  56  101  150 
(Length: 3)  51  147  188 
(Length: 4)  51  77  136  150 
(Length: 4)  51  65  88  101 
(Length: 5)  51  88  90  140  166 
(Length: 3)  51  140  155 
(Length: 3)  51  139  142 
(Length: 3)  51  56  90 
(Length: 3)  51  73  186 
(Length: 3)  51  73  158 
(Length: 3)  51  147  155 
(Length: 4)  51  87  125  166 
(Length: 3)  51  98  190 
(Length: 3)  51  73  125 
(Length: 3)  51  93  190 
(Length: 4)  51  148  176  186 
(Length: 4)  51  77  150  186 
(Length: 3)  51  87  142 
(Length: 4)  51  59  109  190 
(Length: 3)  51  136  148 
(Length: 4)  51  88  101  158 
(Length: 3)  51  60  148 
(Length: 3)  51  60  109 
(Length: 3)  51  56  155 
(Length: 3)  51  88  199 
(Length: 3)  51  56  60 
(Length: 3)  51  60  199 
(Length: 4)  51  155  177  197 
(Length: 3)  51  109  197 
(Length: 3)  51  65  148 
(Length: 4)  51  65  88  90 
(Length: 4)  51  88  158  166 
(Length: 4)  51  90  125  166 
(Length: 3)  51  87  93 
(Length: 3)  51  109  139 
(Length: 3)  51  59  177 
(Length: 5)  52  69  178  192  196 
(Length: 4)  52  88  103  118 
(Length: 3)  52  155  173 
(Length: 3)  52  119  173 
(Length: 4)  52  69  98  196 
(Length: 4)  52  88  118  192 
(Length: 4)  52  103  136  161 
(Length: 4)  52  105  136  161 
(Length: 3)  52  97  98 
(Length: 3)  52  155  168 
(Length: 3)  52  103  171 
(Length: 4)  52  103  118  136 
(Length: 4)  52  136  192  196 
(Length: 4)  52  69  155  192 
(Length: 4)  52  69  88  192 
(Length: 4)  52  69  171  178 
(Length: 3)  52  59  196 
(Length: 3)  52  110  155 
(Length: 3)  52  98  110 
(Length: 3)  52  149  173 
(Length: 4)  52  110  118  136 
(Length: 3)  52  69  119 
(Length: 3)  52  105  173 
(Length: 3)  52  59  168 
(Length: 3)  52  59  118 
(Length: 3)  52  97  115 
(Length: 3)  52  136  168 
(Length: 3)  52  161  178 
(Length: 3)  53  135  179 
(Length: 3)  53  95  115 
(Length: 3)  53  61  95 
(Length: 4)  53  103  177  197 
(Length: 3)  53  157  197 
(Length: 3)  53  62  157 
(Length: 3)  53  142  144 
(Length: 5)  53  135  152  191  197 
(Length: 3)  53  135  171 
(Length: 3)  53  95  171 
(Length: 3)  53  171  198 
(Length: 3)  53  101  198 
(Length: 3)  53  103  171 
(Length: 3)  53  62  115 
(Length: 3)  53  77  191 
(Length: 3)  53  120  191 
(Length: 3)  53  157  198 
(Length: 3)  53  115  191 
(Length: 3)  54  115  191 
(Length: 3)  54  130  137 
(Length: 3)  54  69  119 
(Length: 3)  54  106  132 
(Length: 4)  54  119  130  148 
(Length: 3)  54  69  191 
(Length: 3)  54  132  174 
(Length: 4)  54  137  161  165 
(Length: 3)  54  148  165 
(Length: 3)  54  106  137 
(Length: 4)  54  137  161  190 
(Length: 3)  54  115  146 
(Length: 3)  54  132  191 
(Length: 3)  55  73  186 
(Length: 3)  55  176  186 
(Length: 4)  55  69  111  155 
(Length: 4)  55  99  111  176 
(Length: 4)  55  98  99  133 
(Length: 4)  55  69  98  133 
(Length: 3)  55  107  183 
(Length: 3)  55  99  141 
(Length: 3)  55  106  186 
(Length: 4)  55  111  149  179 
(Length: 3)  55  130  149 
(Length: 3)  55  130  140 
(Length: 3)  55  130  133 
(Length: 3)  55  81  107 
(Length: 3)  55  80  106 
(Length: 3)  55  133  186 
(Length: 3)  55  134  179 
(Length: 3)  55  80  183 
(Length: 3)  55  141  155 
(Length: 4)  55  111  140  155 
(Length: 4)  55  111  140  179 
(Length: 4)  55  111  176  179 
(Length: 3)  55  75  183 
(Length: 4)  55  107  111  149 
(Length: 3)  55  107  133 
(Length: 4)  55  83  176  179 
(Length: 3)  55  73  158 
(Length: 3)  55  75  176 
(Length: 3)  55  106  179 
(Length: 4)  56  103  118  136 
(Length: 3)  56  64  150 
(Length: 3)  56  64  118 
(Length: 4)  56  103  136  185 
(Length: 3)  56  90  117 
(Length: 3)  56  60  70 
(Length: 4)  56  90  118  164 
(Length: 4)  56  117  155  185 
(Length: 4)  56  60  103  118 
(Length: 4)  57  84  192  196 
(Length: 3)  57  177  196 
(Length: 4)  57  91  119  195 
(Length: 3)  57  117  177 
(Length: 4)  57  91  117  185 
(Length: 3)  57  60  92 
(Length: 4)  57  92  105  145 
(Length: 3)  57  134  185 
(Length: 3)  57  180  193 
(Length: 4)  57  84  153  196 
(Length: 4)  57  74  91  185 
(Length: 4)  57  134  142  153 
(Length: 3)  57  142  144 
(Length: 4)  57  92  145  177 
(Length: 4)  57  134  145  177 
(Length: 4)  57  84  142  153 
(Length: 4)  57  143  145  177 
(Length: 4)  57  91  153  191 
(Length: 4)  57  67  91  153 
(Length: 3)  57  60  191 
(Length: 3)  57  91  92 
(Length: 3)  57  113  153 
(Length: 4)  57  115  153  191 
(Length: 3)  57  135  191 
(Length: 3)  57  91  176 
(Length: 4)  57  74  80  185 
(Length: 3)  57  60  74 
(Length: 3)  57  100  193 
(Length: 3)  57  90  145 
(Length: 3)  57  100  143 
(Length: 4)  57  100  142  153 
(Length: 4)  57  90  119  195 
(Length: 3)  57  90  113 
(Length: 4)  57  80  192  196 
(Length: 3)  57  135  192 
(Length: 3)  57  80  119 
(Length: 3)  57  80  180 
(Length: 3)  57  135  145 
(Length: 4)  57  90  196  198 
(Length: 4)  57  90  117  198 
(Length: 3)  58  60  109 
(Length: 3)  58  75  188 
(Length: 3)  58  147  188 
(Length: 3)  58  138  188 
(Length: 4)  58  72  177  196 
(Length: 3)  58  105  123 
(Length: 3)  58  103  177 
(Length: 3)  58  60  103 
(Length: 3)  58  136  196 
(Length: 3)  58  77  136 
(Length: 5)  58  97  108  136  195 
(Length: 3)  58  62  67 
(Length: 3)  58  109  164 
(Length: 3)  58  96  113 
(Length: 3)  58  109  138 
(Length: 3)  58  67  164 
(Length: 3)  58  62  188 
(Length: 3)  58  108  138 
(Length: 4)  59  70  106  153 
(Length: 3)  59  170  190 
(Length: 3)  59  106  179 
(Length: 3)  59  70  165 
(Length: 3)  59  94  132 
(Length: 4)  59  106  132  195 
(Length: 4)  59  67  153  190 
(Length: 3)  59  67  132 
(Length: 3)  59  67  128 
(Length: 4)  59  63  168  182 
(Length: 3)  59  70  128 
(Length: 3)  59  153  196 
(Length: 3)  59  78  116 
(Length: 4)  59  70  106  182 
(Length: 3)  59  128  170 
(Length: 3)  59  106  109 
(Length: 3)  59  177  196 
(Length: 3)  59  116  195 
(Length: 3)  59  132  170 
(Length: 3)  59  128  179 
(Length: 3)  59  170  182 
(Length: 3)  59  116  196 
(Length: 3)  59  132  168 
(Length: 3)  59  165  179 
(Length: 3)  59  116  118 
(Length: 3)  59  94  196 
(Length: 3)  60  70  148 
(Length: 3)  60  70  182 
(Length: 3)  60  92  182 
(Length: 3)  60  70  74 
(Length: 3)  60  85  199 
(Length: 3)  60  85  191 
(Length: 3)  60  74  199 
(Length: 3)  60  85  109 
(Length: 3)  60  109  127 
(Length: 5)  61  95  158  162  169 
(Length: 3)  61  91  178 
(Length: 3)  61  122  137 
(Length: 3)  61  80  125 
(Length: 3)  61  162  186 
(Length: 3)  61  88  158 
(Length: 3)  61  91  119 
(Length: 4)  61  79  90  119 
(Length: 4)  61  95  147  169 
(Length: 3)  61  91  158 
(Length: 4)  61  79  88  90 
(Length: 3)  61  91  125 
(Length: 4)  61  80  94  169 
(Length: 3)  61  119  186 
(Length: 3)  61  161  178 
(Length: 3)  61  91  117 
(Length: 4)  61  80  95  169 
(Length: 3)  61  125  161 
(Length: 3)  61  117  122 
(Length: 4)  61  88  90  137 
(Length: 3)  61  80  119 
(Length: 3)  61  90  178 
(Length: 3)  61  90  125 
(Length: 3)  61  123  137 
(Length: 3)  61  90  117 
(Length: 3)  61  122  159 
(Length: 3)  61  137  161 
(Length: 3)  61  75  119 
(Length: 3)  61  125  159 
(Length: 3)  62  79  89 
(Length: 3)  62  80  128 
(Length: 3)  62  70  128 
(Length: 4)  62  67  79  128 
(Length: 3)  62  154  157 
(Length: 4)  62  69  79  119 
(Length: 3)  62  80  119 
(Length: 3)  62  80  183 
(Length: 3)  62  69  133 
(Length: 3)  63  107  137 
(Length: 3)  63  127  168 
(Length: 3)  63  96  182 
(Length: 3)  63  109  169 
(Length: 4)  63  109  127  137 
(Length: 3)  64  94  192 
(Length: 3)  64  94  150 
(Length: 3)  64  184  192 
(Length: 3)  64  99  150 
(Length: 3)  64  99  116 
(Length: 4)  64  93  184  190 
(Length: 4)  64  88  116  118 
(Length: 3)  64  88  150 
(Length: 3)  64  125  184 
(Length: 3)  64  118  144 
(Length: 3)  64  125  150 
(Length: 4)  64  88  118  192 
(Length: 4)  64  88  118  158 
(Length: 4)  65  79  88  90 
(Length: 4)  65  88  90  118 
(Length: 4)  65  79  90  172 
(Length: 4)  65  90  118  172 
(Length: 4)  66  86  96  122 
(Length: 3)  66  95  196 
(Length: 4)  66  99  104  189 
(Length: 3)  66  69  96 
(Length: 3)  66  96  180 
(Length: 4)  66  109  169  189 
(Length: 3)  66  173  180 
(Length: 3)  66  99  163 
(Length: 3)  66  95  180 
(Length: 3)  66  165  173 
(Length: 4)  66  140  162  165 
(Length: 4)  66  95  162  169 
(Length: 3)  66  70  73 
(Length: 3)  66  73  127 
(Length: 4)  66  131  162  169 
(Length: 3)  66  78  131 
(Length: 3)  66  109  127 
(Length: 3)  66  78  120 
(Length: 4)  66  95  109  169 
(Length: 3)  66  86  196 
(Length: 4)  66  78  104  173 
(Length: 3)  66  120  163 
(Length: 3)  66  120  127 
(Length: 3)  66  70  104 
(Length: 3)  66  117  122 
(Length: 3)  66  73  95 
(Length: 4)  66  104  189  196 
(Length: 3)  66  140  180 
(Length: 3)  66  73  173 
(Length: 3)  66  127  142 
(Length: 4)  66  86  99  122 
(Length: 3)  66  70  165 
(Length: 4)  66  96  122  165 
(Length: 4)  66  122  131  142 
(Length: 3)  66  86  127 
(Length: 4)  66  96  122  142 
(Length: 4)  66  69  177  196 
(Length: 3)  67  132  180 
(Length: 3)  67  68  71 
(Length: 3)  67  73  154 
(Length: 3)  67  68  164 
(Length: 3)  67  180  190 
(Length: 3)  67  107  192 
(Length: 3)  67  132  154 
(Length: 3)  67  73  153 
(Length: 3)  67  76  132 
(Length: 3)  67  79  132 
(Length: 4)  68  116  134  139 
(Length: 3)  68  74  131 
(Length: 4)  68  82  131  162 
(Length: 3)  68  83  179 
(Length: 3)  68  162  164 
(Length: 3)  68  74  123 
(Length: 3)  68  135  179 
(Length: 3)  68  126  162 
(Length: 3)  68  94  134 
(Length: 3)  68  116  164 
(Length: 4)  69  151  152  191 
(Length: 3)  69  145  152 
(Length: 4)  69  155  177  197 
(Length: 3)  69  152  193 
(Length: 3)  69  79  96 
(Length: 3)  69  111  145 
(Length: 3)  69  79  88 
(Length: 4)  69  79  191  197 
(Length: 4)  69  152  191  197 
(Length: 3)  70  104  148 
(Length: 3)  70  172  181 
(Length: 3)  70  104  147 
(Length: 3)  70  148  198 
(Length: 3)  70  108  153 
(Length: 3)  70  74  198 
(Length: 3)  70  74  172 
(Length: 3)  70  73  153 
(Length: 3)  70  73  74 
(Length: 3)  70  128  172 
(Length: 4)  70  108  148  165 
(Length: 3)  71  77  167 
(Length: 3)  71  102  181 
(Length: 3)  71  143  145 
(Length: 3)  71  102  143 
(Length: 3)  71  102  194 
(Length: 3)  71  104  194 
(Length: 3)  71  77  186 
(Length: 3)  72  176  198 
(Length: 3)  72  114  124 
(Length: 3)  72  166  198 
(Length: 3)  72  114  196 
(Length: 3)  72  99  150 
(Length: 3)  72  196  198 
(Length: 3)  72  99  176 
(Length: 3)  72  88  166 
(Length: 3)  72  112  114 
(Length: 3)  72  99  166 
(Length: 3)  73  158  170 
(Length: 3)  73  123  127 
(Length: 3)  73  125  154 
(Length: 3)  73  138  173 
(Length: 3)  73  95  158 
(Length: 3)  73  74  158 
(Length: 3)  73  154  170 
(Length: 3)  73  74  123 
(Length: 3)  73  74  173 
(Length: 3)  73  170  178 
(Length: 3)  73  135  152 
(Length: 3)  73  127  154 
(Length: 3)  74  76  118 
(Length: 3)  74  91  158 
(Length: 4)  74  118  160  172 
(Length: 3)  74  123  160 
(Length: 3)  74  91  197 
(Length: 3)  74  80  93 
(Length: 3)  74  141  199 
(Length: 3)  74  76  131 
(Length: 3)  74  151  199 
(Length: 3)  74  149  173 
(Length: 3)  74  131  158 
(Length: 3)  74  151  174 
(Length: 3)  74  75  183 
(Length: 3)  74  173  174 
(Length: 3)  74  131  194 
(Length: 4)  74  84  129  167 
(Length: 4)  74  91  174  185 
(Length: 3)  74  80  183 
(Length: 3)  74  167  174 
(Length: 3)  74  123  199 
(Length: 3)  74  151  194 
(Length: 3)  74  75  194 
(Length: 3)  74  84  131 
(Length: 3)  74  131  141 
(Length: 3)  74  141  174 
(Length: 3)  75  154  170 
(Length: 3)  75  98  170 
(Length: 3)  75  148  176 
(Length: 3)  75  154  171 
(Length: 3)  75  193  194 
(Length: 3)  75  148  171 
(Length: 3)  75  154  176 
(Length: 3)  76  124  131 
(Length: 3)  76  77  167 
(Length: 3)  76  88  118 
(Length: 3)  76  77  191 
(Length: 3)  76  124  191 
(Length: 4)  77  85  153  191 
(Length: 3)  77  151  154 
(Length: 3)  77  165  192 
(Length: 4)  77  91  153  191 
(Length: 4)  77  79  136  150 
(Length: 4)  77  151  153  191 
(Length: 4)  77  91  150  153 
(Length: 3)  77  79  191 
(Length: 3)  78  92  137 
(Length: 3)  78  131  194 
(Length: 3)  78  104  116 
(Length: 3)  78  104  194 
(Length: 3)  79  103  136 
(Length: 3)  79  96  156 
(Length: 3)  79  128  172 
(Length: 3)  79  128  191 
(Length: 3)  79  132  191 
(Length: 3)  79  141  174 
(Length: 4)  79  132  136  150 
(Length: 3)  79  107  172 
(Length: 3)  79  141  187 
(Length: 3)  79  132  187 
(Length: 4)  79  132  156  174 
(Length: 4)  79  132  136  168 
(Length: 4)  79  132  136  174 
(Length: 3)  79  119  150 
(Length: 3)  79  103  197 
(Length: 3)  79  156  197 
(Length: 3)  79  89  90 
(Length: 3)  79  89  103 
(Length: 3)  79  140  168 
(Length: 3)  79  107  156 
(Length: 3)  79  90  191 
(Length: 3)  79  90  187 
(Length: 3)  79  88  150 
(Length: 4)  79  88  90  140 
(Length: 3)  79  88  103 
(Length: 3)  79  90  96 
(Length: 4)  79  135  191  197 
(Length: 4)  80  94  169  192 
(Length: 3)  80  95  196 
(Length: 3)  80  95  106 
(Length: 4)  80  94  192  196 
(Length: 4)  80  93  126  169 
(Length: 3)  80  95  180 
(Length: 3)  81  143  164 
(Length: 3)  81  100  161 
(Length: 3)  81  100  143 
(Length: 3)  81  161  164 
(Length: 4)  81  164  170  181 
(Length: 3)  81  139  161 
(Length: 3)  82  130  137 
(Length: 3)  82  137  155 
(Length: 3)  82  155  162 
(Length: 3)  83  136  179 
(Length: 3)  83  154  184 
(Length: 3)  84  87  142 
(Length: 3)  84  87  166 
(Length: 4)  84  122  131  150 
(Length: 3)  84  150  175 
(Length: 4)  84  129  167  196 
(Length: 4)  84  122  131  142 
(Length: 3)  84  131  154 
(Length: 4)  84  175  192  196 
(Length: 3)  84  166  167 
(Length: 3)  85  89  153 
(Length: 4)  85  99  152  191 
(Length: 4)  85  90  152  191 
(Length: 3)  85  89  188 
(Length: 3)  85  113  153 
(Length: 3)  85  90  119 
(Length: 3)  85  99  168 
(Length: 3)  85  109  113 
(Length: 3)  85  153  196 
(Length: 3)  85  90  196 
(Length: 3)  85  90  113 
(Length: 3)  85  99  199 
(Length: 3)  85  87  93 
(Length: 3)  85  89  101 
(Length: 3)  85  89  109 
(Length: 3)  86  98  196 
(Length: 3)  86  121  178 
(Length: 3)  86  121  129 
(Length: 3)  86  99  129 
(Length: 3)  86  103  143 
(Length: 3)  86  94  196 
(Length: 3)  86  178  196 
(Length: 3)  86  107  183 
(Length: 3)  86  122  183 
(Length: 3)  86  129  196 
(Length: 3)  86  98  99 
(Length: 3)  86  94  143 
(Length: 3)  87  100  142 
(Length: 3)  87  138  166 
(Length: 3)  87  128  166 
(Length: 3)  87  138  151 
(Length: 4)  88  118  158  164 
(Length: 3)  88  137  192 
(Length: 4)  88  116  118  164 
(Length: 4)  88  143  158  164 
(Length: 3)  88  101  116 
(Length: 3)  88  103  143 
(Length: 4)  88  90  118  164 
(Length: 3)  89  109  175 
(Length: 3)  89  122  190 
(Length: 3)  89  100  153 
(Length: 3)  89  101  112 
(Length: 3)  89  153  190 
(Length: 3)  89  100  122 
(Length: 3)  89  103  112 
(Length: 3)  89  101  175 
(Length: 3)  89  109  190 
(Length: 3)  89  103  190 
(Length: 3)  89  100  143 
(Length: 3)  89  103  143 
(Length: 3)  89  143  147 
(Length: 4)  90  117  166  198 
(Length: 3)  90  125  191 
(Length: 3)  90  125  195 
(Length: 3)  90  152  195 
(Length: 3)  90  145  152 
(Length: 3)  90  96  198 
(Length: 3)  90  137  187 
(Length: 3)  90  178  196 
(Length: 3)  90  140  145 
(Length: 3)  90  119  164 
(Length: 3)  90  96  113 
(Length: 3)  90  100  118 
(Length: 3)  91  125  176 
(Length: 3)  91  176  189 
(Length: 4)  91  150  170  189 
(Length: 4)  91  175  185  189 
(Length: 3)  91  157  197 
(Length: 3)  91  110  174 
(Length: 4)  91  150  153  189 
(Length: 4)  91  102  150  170 
(Length: 3)  91  110  175 
(Length: 3)  91  110  176 
(Length: 3)  91  125  191 
(Length: 4)  91  152  174  195 
(Length: 3)  91  158  195 
(Length: 3)  91  117  150 
(Length: 3)  91  92  110 
(Length: 4)  91  152  191  197 
(Length: 4)  91  102  125  150 
(Length: 3)  91  150  157 
(Length: 4)  91  150  175  189 
(Length: 4)  91  153  191  197 
(Length: 4)  91  125  174  195 
(Length: 3)  91  174  178 
(Length: 3)  91  158  170 
(Length: 3)  92  105  137 
(Length: 3)  92  96  110 
(Length: 3)  92  132  152 
(Length: 3)  92  132  154 
(Length: 3)  92  145  152 
(Length: 3)  92  110  132 
(Length: 3)  93  120  156 
(Length: 3)  93  135  169 
(Length: 3)  93  160  161 
(Length: 3)  93  132  143 
(Length: 3)  93  164  169 
(Length: 3)  93  161  164 
(Length: 3)  93  156  164 
(Length: 4)  93  159  184  190 
(Length: 3)  93  132  156 
(Length: 3)  93  132  169 
(Length: 4)  93  161  184  190 
(Length: 3)  94  132  143 
(Length: 4)  94  169  175  192 
(Length: 3)  94  114  196 
(Length: 3)  94  134  175 
(Length: 3)  94  132  188 
(Length: 3)  94  114  124 
(Length: 4)  94  175  192  196 
(Length: 3)  94  124  131 
(Length: 4)  94  150  169  175 
(Length: 3)  94  188  192 
(Length: 4)  94  131  150  169 
(Length: 4)  94  132  150  169 
(Length: 3)  95  143  147 
(Length: 3)  95  143  158 
(Length: 3)  95  143  171 
(Length: 3)  95  180  190 
(Length: 4)  95  106  109  197 
(Length: 3)  95  97  106 
(Length: 3)  95  100  162 
(Length: 3)  95  118  160 
(Length: 4)  95  118  158  169 
(Length: 3)  95  100  118 
(Length: 3)  95  97  108 
(Length: 3)  95  109  190 
(Length: 3)  95  100  143 
(Length: 3)  95  97  115 
(Length: 3)  95  171  182 
(Length: 3)  95  106  182 
(Length: 3)  95  108  180 
(Length: 3)  96  146  182 
(Length: 3)  96  106  153 
(Length: 3)  96  106  182 
(Length: 4)  96  110  122  165 
(Length: 3)  96  160  181 
(Length: 4)  96  122  142  156 
(Length: 3)  96  110  146 
(Length: 3)  96  142  153 
(Length: 4)  96  122  156  165 
(Length: 3)  96  113  153 
(Length: 4)  97  115  153  191 
(Length: 3)  97  106  153 
(Length: 3)  97  136  185 
(Length: 3)  97  108  153 
(Length: 3)  97  181  185 
(Length: 3)  97  128  191 
(Length: 3)  97  106  195 
(Length: 3)  98  110  164 
(Length: 3)  98  164  170 
(Length: 3)  98  170  190 
(Length: 3)  98  99  190 
(Length: 3)  99  176  189 
(Length: 3)  99  136  168 
(Length: 4)  99  136  152  174 
(Length: 3)  99  163  166 
(Length: 3)  99  115  191 
(Length: 3)  99  129  136 
(Length: 4)  99  141  152  174 
(Length: 3)  99  122  190 
(Length: 3)  99  141  199 
(Length: 3)  99  122  150 
(Length: 3)  99  104  116 
(Length: 4)  99  136  150  189 
(Length: 4)  99  152  156  174 
(Length: 3)  99  133  199 
(Length: 3)  100  122  142 
(Length: 3)  100  118  122 
(Length: 3)  101  112  174 
(Length: 3)  101  151  174 
(Length: 3)  101  150  175 
(Length: 3)  101  110  175 
(Length: 3)  101  110  174 
(Length: 3)  101  102  150 
(Length: 3)  101  134  151 
(Length: 3)  101  134  175 
(Length: 3)  101  102  112 
(Length: 3)  101  134  198 
(Length: 3)  102  125  154 
(Length: 3)  102  115  194 
(Length: 3)  102  125  181 
(Length: 3)  102  103  112 
(Length: 3)  102  115  125 
(Length: 3)  102  154  170 
(Length: 3)  102  170  181 
(Length: 3)  102  103  143 
(Length: 3)  102  115  146 
(Length: 3)  103  106  197 
(Length: 3)  103  161  197 
(Length: 4)  103  136  161  179 
(Length: 3)  103  124  185 
(Length: 3)  103  161  190 
(Length: 3)  103  143  177 
(Length: 3)  103  143  171 
(Length: 3)  103  106  179 
(Length: 3)  104  175  194 
(Length: 3)  104  105  173 
(Length: 4)  104  175  189  196 
(Length: 3)  104  148  173 
(Length: 3)  104  116  196 
(Length: 3)  105  123  160 
(Length: 3)  105  145  173 
(Length: 4)  105  136  145  161 
(Length: 3)  105  160  161 
(Length: 3)  105  123  137 
(Length: 4)  105  136  145  189 
(Length: 3)  105  186  189 
(Length: 3)  105  137  161 
(Length: 3)  106  153  197 
(Length: 4)  106  109  137  197 
(Length: 3)  106  137  187 
(Length: 3)  106  132  186 
(Length: 3)  106  132  187 
(Length: 3)  107  172  192 
(Length: 3)  107  111  145 
(Length: 3)  107  111  137 
(Length: 3)  107  135  145 
(Length: 3)  107  137  156 
(Length: 3)  107  137  192 
(Length: 3)  107  149  156 
(Length: 3)  107  135  192 
(Length: 3)  107  156  180 
(Length: 3)  108  148  184 
(Length: 3)  108  153  184 
(Length: 3)  108  136  148 
(Length: 3)  108  121  137 
(Length: 3)  108  136  150 
(Length: 3)  108  137  165 
(Length: 3)  108  121  150 
(Length: 3)  108  150  153 
(Length: 4)  109  169  175  189 
(Length: 3)  109  137  190 
(Length: 3)  109  127  175 
(Length: 3)  109  164  169 
(Length: 4)  109  127  137  197 
(Length: 3)  109  113  194 
(Length: 3)  109  175  194 
(Length: 3)  110  169  175 
(Length: 4)  110  118  164  169 
(Length: 3)  110  118  122 
(Length: 4)  110  132  136  174 
(Length: 3)  110  146  164 
(Length: 3)  110  155  174 
(Length: 4)  110  132  136  169 
(Length: 3)  111  140  142 
(Length: 4)  111  140  145  179 
(Length: 3)  111  147  155 
(Length: 3)  111  137  155 
(Length: 3)  111  139  142 
(Length: 3)  112  126  195 
(Length: 3)  112  148  176 
(Length: 3)  112  145  174 
(Length: 3)  112  135  145 
(Length: 3)  112  145  148 
(Length: 3)  112  174  195 
(Length: 3)  113  158  163 
(Length: 3)  114  124  185 
(Length: 3)  114  151  199 
(Length: 3)  114  189  196 
(Length: 3)  114  151  194 
(Length: 3)  114  185  189 
(Length: 3)  114  128  189 
(Length: 3)  114  193  194 
(Length: 3)  114  168  185 
(Length: 3)  114  156  164 
(Length: 3)  114  141  199 
(Length: 3)  114  140  180 
(Length: 3)  114  140  179 
(Length: 3)  114  140  168 
(Length: 3)  114  168  194 
(Length: 4)  114  124  128  179 
(Length: 3)  115  125  191 
(Length: 3)  116  156  164 
(Length: 3)  116  127  155 
(Length: 3)  116  149  156 
(Length: 3)  116  127  134 
(Length: 3)  117  155  177 
(Length: 3)  117  146  182 
(Length: 4)  118  158  164  169 
(Length: 3)  118  144  157 
(Length: 4)  118  169  172  192 
(Length: 3)  118  136  144 
(Length: 3)  118  157  164 
(Length: 4)  118  136  169  189 
(Length: 3)  118  160  189 
(Length: 3)  118  188  192 
(Length: 4)  118  136  169  192 
(Length: 3)  119  150  186 
(Length: 3)  119  148  173 
(Length: 4)  119  148  164  186 
(Length: 3)  120  156  177 
(Length: 3)  121  129  177 
(Length: 3)  122  124  130 
(Length: 3)  122  137  190 
(Length: 3)  122  124  131 
(Length: 4)  122  137  156  165 
(Length: 3)  122  142  190 
(Length: 3)  123  133  199 
(Length: 3)  123  127  137 
(Length: 3)  123  142  190 
(Length: 3)  123  137  190 
(Length: 3)  123  127  142 
(Length: 3)  124  130  133 
(Length: 3)  124  133  199 
(Length: 3)  124  131  181 
(Length: 3)  124  181  185 
(Length: 3)  124  128  130 
(Length: 3)  124  128  191 
(Length: 3)  124  152  191 
(Length: 3)  125  154  184 
(Length: 3)  125  181  195 
(Length: 3)  125  159  184 
(Length: 3)  125  161  166 
(Length: 3)  125  161  184 
(Length: 3)  125  161  195 
(Length: 3)  125  181  184 
(Length: 3)  126  147  169 
(Length: 3)  126  162  169 
(Length: 3)  126  143  147 
(Length: 3)  127  161  166 
(Length: 4)  127  134  142  175 
(Length: 3)  127  145  188 
(Length: 3)  127  145  168 
(Length: 4)  127  137  155  197 
(Length: 3)  127  155  168 
(Length: 3)  127  134  145 
(Length: 3)  127  145  161 
(Length: 4)  127  137  161  197 
(Length: 4)  127  157  161  197 
(Length: 3)  128  130  149 
(Length: 3)  128  172  178 
(Length: 3)  128  159  189 
(Length: 3)  128  149  179 
(Length: 3)  128  170  178 
(Length: 3)  128  170  189 
(Length: 3)  129  136  145 
(Length: 3)  129  177  196 
(Length: 3)  129  145  177 
(Length: 3)  130  144  149 
(Length: 3)  130  134  182 
(Length: 4)  131  150  162  169 
(Length: 3)  131  154  157 
(Length: 3)  131  150  157 
(Length: 4)  131  158  162  169 
(Length: 3)  131  141  169 
(Length: 3)  131  142  181 
(Length: 4)  132  136  150  169 
(Length: 3)  132  156  186 
(Length: 3)  132  150  170 
(Length: 3)  132  154  156 
(Length: 3)  132  154  170 
(Length: 3)  132  143  147 
(Length: 4)  132  136  147  169 
(Length: 5)  132  136  152  174  195 
(Length: 3)  132  168  186 
(Length: 3)  132  150  186 
(Length: 3)  132  156  180 
(Length: 3)  132  170  181 
(Length: 4)  132  136  152  193 
(Length: 3)  132  180  188 
(Length: 4)  132  152  156  174 
(Length: 3)  132  147  188 
(Length: 3)  132  181  195 
(Length: 3)  132  180  193 
(Length: 3)  134  139  142 
(Length: 3)  134  145  179 
(Length: 3)  134  175  185 
(Length: 3)  134  151  153 
(Length: 3)  134  139  151 
(Length: 3)  135  171  178 
(Length: 3)  135  147  169 
(Length: 3)  135  145  152 
(Length: 3)  135  145  179 
(Length: 3)  135  179  192 
(Length: 3)  135  178  192 
(Length: 3)  135  169  192 
(Length: 4)  136  145  152  174 
(Length: 4)  136  145  148  179 
(Length: 4)  136  145  161  179 
(Length: 3)  136  174  185 
(Length: 3)  136  144  174 
(Length: 4)  136  150  169  189 
(Length: 4)  136  145  148  168 
(Length: 3)  136  161  195 
(Length: 3)  136  179  192 
(Length: 3)  136  189  196 
(Length: 3)  137  165  192 
(Length: 3)  137  187  190 
(Length: 3)  137  155  192 
(Length: 4)  137  161  165  197 
(Length: 4)  137  156  165  197 
(Length: 3)  138  166  171 
(Length: 3)  139  151  191 
(Length: 3)  140  170  190 
(Length: 4)  140  145  165  179 
(Length: 4)  140  155  162  168 
(Length: 3)  140  180  190 
(Length: 3)  140  163  166 
(Length: 3)  140  145  168 
(Length: 3)  141  155  174 
(Length: 3)  142  153  190 
(Length: 4)  145  161  165  179 
(Length: 3)  145  173  174 
(Length: 4)  145  148  165  179 
(Length: 4)  145  148  165  173 
(Length: 3)  146  164  182 
(Length: 3)  147  169  172 
(Length: 3)  148  171  198 
(Length: 3)  148  173  193 
(Length: 3)  148  179  184 
(Length: 3)  149  154  156 
(Length: 3)  149  177  184 
(Length: 3)  149  173  193 
(Length: 3)  149  154  184 
(Length: 3)  149  156  177 
(Length: 3)  150  162  186 
(Length: 4)  150  169  175  189 
(Length: 3)  151  162  169 
(Length: 3)  151  152  174 
(Length: 3)  152  159  184 
(Length: 3)  152  156  197 
(Length: 3)  153  184  190 
(Length: 3)  153  189  196 
(Length: 3)  154  157  164 
(Length: 3)  154  170  184 
(Length: 3)  154  156  164 
(Length: 3)  154  164  170 
(Length: 3)  155  168  185 
(Length: 3)  155  174  177 
(Length: 3)  155  173  174 
(Length: 3)  155  174  185 
(Length: 3)  156  174  177 
(Length: 3)  156  177  197 
(Length: 3)  156  164  186 
(Length: 3)  156  177  196 
(Length: 4)  158  162  164  169 
(Length: 3)  158  164  170 
(Length: 3)  158  163  166 
(Length: 3)  160  172  181 
(Length: 3)  160  181  189 
(Length: 3)  161  179  184 
(Length: 3)  162  169  172 
(Length: 3)  162  164  186 
(Length: 3)  162  168  186 
(Length: 3)  164  170  182 
(Length: 3)  165  179  192 
(Length: 3)  166  171  198 
(Length: 3)  167  174  195 
(Length: 3)  168  182  186 
(Length: 3)  170  181  189 
(Length: 3)  170  182  184 
(Length: 3)  170  181  184 
(Length: 3)  170  184  190 
(Length: 3)  172  178  192 
(Length: 3)  172  181  192 
(Length: 3)  173  180  193 
(Length: 3)  179  184  192 
(Length: 3)  181  184  192 
(Length: 3)  181  185  189 
...model cost: 2.65 seconds  50197 FFE
 (opt) 894.00000000 == 894.00000000 (sur)  OPTIMALITY TEST PASSED!
   BESTimpr 786.00000000 -> 872.00000000
*1111*1*11*11*1***1*111**111*1*1***1***11111**1*1111*11*1**1*1**1111111111*1**11*****1*1111**111**1***11*1***11*1**1**1****1*111*1**11*1***111***1*11*****111*11*11*1*1****11111***1*1111*1***1**1**1111


*1**11**111111*1***1*******1**111111*111*11***11******11*1**11**1****1**1*111***11*1*11**1**1111*111*1111*11**11**1**1*11*1*11**1**1111*1**1111*11**1***1111111***111**1**1*1*11*****11*111*1***1*11**1*

