Walsh model started...
 103  68  190  146  126  40  94  149  2  48  188  4  96  144 
 99  56  88  40  2  58  181  156  159  164  166  4  43  44  179  124  31  131  123  183  41  15  193  65  38  161  194 
 38  63  123  98  85  121  12  135  58  1  65  153  24  67  167  22  152  73  190  0  113  28  149  59  114  19  195  15  4  6 
 135  77  107  27  7  86  164  98  67  44  154  92  21  120  64  181  51  60  49  52  188  136  192  115  81 
 127  163  56  191  23  179  137  60  186  65  92  155  1  43  96  0  136  105  70  158  181  115  88  160  66  156  131  135  29  81  6  2 
 115  88  194  36  102  37  86  31  149  19  129  182  70  151  138  168  23  12  178  43  85  55  112  126  144  89  82  191  34  113 
 33  49  72  80  74  163  50  126  40  63  174  96  79  89  141  177  165  93  172  103  41  43  151  48  37  4  2 
 16  98  193  168  182  121  3  86  173  151  159  48  178  142  10  37  171  167  165  166  111  195  140  32  149  25  127  144  74  33  84  180  146 
 59  166  171  133  190  92  26  94  159  138  100  197  129  145  104  23  161  83  96  148  182  168  195  187  50  115  183  63  95  37 
 134  44  159  135  163  34  145  83  168  76  181  59  72  55  130  31  121  143  172  47  56  164  42  51  97  53  25  92 
 67  113  190  184  101  127  102  87  118  55  37  7  19  25  147  176  89  51  49  43  150  80  128  111  126 
 159  40  21  182  189  36  171  158  129  25  83  115  130  181  113  20  78  116  132 
 147  71  138  132  135  2  76  36  13  153  62  89  191  63  93  103  177  96  179  143  33  60  23  5  150  171 
 56  43  17  151  100  111  153  12  76  183  140  145  166  149  144  94  161  40  59  14  197  193  171  52  29 
 19  15  158  57  60  191  85  169  53  187  42  71  82  102  13  59  99  194  105  196  41  31  112  132 
 19  14  50  169  103  178  27  65  87  125  78  121  184  59  23  193  80  116  126  1  101  61  195  2 
 7  98  100  164  90  76  186  138  143  74  39  87  123  175  20  127  188  142  23  135  67  159  73  197  147  58  106  52  173  117  136 
 85  75  151  13  112  155  84  184  73  50  126  44  168  37  159  55 
 98  122  134  69  26  143  190  146  153  113  111  159  124  158  20  19  24  22  57  154  132 
 49  108  15  14  79  176  81  185  102  159  183  160  37  74  149  5  25  10  45  155  27  82  109  80  171  24  18  2  63  56  32  33  62 
 44  134  120  113  121  162  131  182  181  127  16  116  36  194  82  112  163  160  31  199  30  158  18  11  144  147  132 
 11  182  139  100  32  165  181  195  179  126  3  92  177  109  124  142  90  57  133  122  131  80  99  114  193  185  61  186  43  70  39  24  106 
 52  61  48  31  191  127  89  24  185  167  42  155  2  106  141  124  25  143  55  76  176  62  194  174  18  57  107 
 4  179  189  80  99  124  195  120  83  158  103  36  53  144  132  135  171  183  16  15  59  109  161  8  5  12  45  33  72  112  84  165  152  82  78  133  100  31  65 
 118  183  27  98  89  22  47  97  67  193  108  158  2  167  38  128  91  155  36  30  134  184  124  172  19  18  39  57  145  178  188  76  21  106 
 80  181  89  29  196  172  49  150  11  129  19  10  124  22  103  154  166  44  165  26  35  52  113  180  28  62  175  111  71  176  112  120  74  130  34  59  149  7  53  9  58  61  122  54  118  159 
 78  176  115  85  150  191  8  94  77  108  165  25  18  134  103  143  155  171 
 174  154  107  3  164  46  98  24  105  96  135  29  106  153  15  19  50  138  55  77  113  195  163  103  137  49  172  48  85 
 112  37  43  165  157  42  47  172  2  113  62  25  156  86  124  138  75  46  121  31 
 89  25  65  53  109  160  135  27  148  75  195  182  158  31  42  151  132  190  165  125  186  47  174  4  81  38  108  52  13 
 146  53  136  94  139  43  165  99  85  41  134  24  199  20  76  34  149  158 
 22  48  148  81  91  134  86  5  130  9  20  160  29  42  189  75  131  71  53  196  124  1  61  179  41  14  23  65  121  28 
 194  89  66  133  169  39  165  21  156  137  84  155  47  134  7  113  67  82  144  56  19  195  148 
 49  6  123  191  110  125  12  60  105  71  174  151  23  72  74  7  189  186  19  62 
 163  9  124  49  149  165  112  60  87  90  30  76  25  59  39  184  92  195  5  113  65  96  188  51 
 42  73  179  153  104  119  25  52  131  124  172  136  150  77  55  41  193  173 
 189  11  5  194  185  132  92  175  182  54  76  12  77  99  23  53  116  20  40  74  183  24  188  73  134  160  110  171 
 28  112  102  5  43  122  50  130  81  39  49  10  7  74  19  100  66  168  17  151  94  85  42  6  48  82  97  8  95  140  76 
 63  2  146  147  174  62  138  128  24  100  83  150  47  161  57  148  116  72  65  1  134  29  108 
 81  40  169  32  93  166  123  49  144  194  16  87  37  70  150  143  197  107  135  57  24  34  184  180  92  177  86  21 
 81  39  11  159  1  88  105  116  0  126  53  85  6  63  36  74  66  150  13  161  177  103 
 100  44  191  139  65  117  188  159  156  194  96  137  30  85  101  103  6  183  1  35  55  105  89  14  31  124  179 
 73  35  133  187  185  82  22  155  66  119  63  56  114  61  28  165  29  31  71  14  9  143  37  85  97  52  112 
 13  56  139  30  28  37  86  92  55  148  100  169  170  81  78  145  183  4  1  178  5  49  10  186  6  151  108  21 
 20  134  9  145  123  41  100  101  197  198  163  50  104  110  153  3  154  137  76  169  118  187  51  25  166  126  17  85  156  179  1  63  94  189  56  175  52 
 103  153  77  102  152  115  90  150  167  197  19  155  95  105  171  23  148  198 
 114  149  27  164  138  127  192  188  128  137  75  78  173  172  143  104  154  55  48  175  28 
 94  89  109  153  24  97  77  199  179  152  138  114  73  118  32  134  98  92  79  64  123  107  172  28  9  190  29  38  161  175  162 
 22  31  119  126  131  68  87  112  159  7  72  84  180  86  171  0  188  85  27  62  6  37  46  175 
 33  6  19  108  159  126  68  94  39  123  150  25  69  75  197  95  37  168  160  74  89  99  64  154  174  122  34  124  27  172  67  43  10  60  76  165  134  3  78 
 88  199  108  135  122  37  104  44  169  15  158  180  59  164  6  126  73  17  27  138  179  53  170  64  98  160  142  111  8  115 
 137  86  61  174  187  44  89  10  111  143  9  97  181  3  106  166  136  59  142  163  188  34 
 22  61  105  58  111  185  117  141  35  25  56  143  186  177  71  103  87  53  84  62  16  173  3  188  97  42  86  167  95  125  175  44  29  13 
 146  30  60  63  61  131  29  65  139  120  40  85  79  161  23  36  121  59  14  187  179  50  31  196  124  76  87  52  25  9  181 
 79  134  83  194  36  182  74  90  141  128  67  171  187  185  144  132  122  25  62  164 
 108  85  119  180  10  118  43  148  158  179  81  160  72  9  143  22  181  186  77  27  66  75  192  156  129  131  154  46  5  68  35  41  159  17  91  104 
 91  162  99  1  4  191  13  43  166  164  82  173  63  42  89  76  167  161  183  68  159  67  192  52  143  180  81  73  9  103  32  19  189  44 
 179  134  158  14  152  140  90  21  39  24  148  38  18  22  191  169 
 150  94  122  178  105  52  2  1  115  65  106  16  25  61  67  95 
 8  166  73  180  124  110  50  164  181  9  174  106  121  53  75  71  15  23  2  13  14  77  65  34  25  51  136  167  153 
 53  63  64  70  137  4  191  14  88  175  108  12  33  67  141  34  112  49  76  3  82  147 
 22  52  53  131  199  159  51  174  42  114  165  112  154  152  97  94  185  21  179  31  110  129  25  58  106  176  101  15 
 193  189  12  89  38  138  113  165  28  25  150  22  48  84  52  153  81  172  161  146  134  54  164  33  19 
 38  2  60  53  172  169  42  56  12  191  138  111  6  40  73  167  44  94  19  8  183 
 70  60  95  118  194  171  156  134  47  79  150  165  100  106  99  49  50  170  3  120  75  71 
 96  77  161  68  187  116  29  53  41  117  2  153  186  4  158  15  87  115  58  134  99  59  182  104  157  76  183  38  1  34  31  23 
 133  32  42  119  37  74  40  150  76  103  178  157  55  75  83  185  156  4  127  199 
 10  113  157  146  3  98  24  193  84  158  2  108  94  54  171  142  122  177  106  141  60  56  192  133  131  16  159  80  120  49  124  32  58  95  88  74  136  91 
 0  103  49  94  65  161  131  48  183  56  81  55 
 49  75  168  141  134  18  74  156  108  167  194  157  146  118 
 64  60  89  147  151  156  86  186  150  39  79  142  108  5  71  126  92  188  179  162  4  158  185  88  115  111  21 
 94  81  147  12  121  150  95  157  133  114  59  75  88  42  14  107  173  70  126  105  33  155  108  177  52  131  31  176  25  64  162 
 80  6  123  166  106  133  170  100  48  84  9  55  102  93  23  33  132  127  38  116 
 42  35  177  189  180  59  173  117  47  118  152  2  50  17  188  36  56  63  16  90  170  148  101  185 
 16  143  54  90  37  19  49  89  6  163  156  69  66  36  40  25  130  81  125  88  67  7  33 
 85  17  49  69  46  137  29  148  59  71  189  31  55  66  182  157  64  28 
 98  112  90  16  168  9  12  36  56  89  137  44  183  13  122  116  103  66  121  153  22  176  124  53  30  34  49  60  157  65  140  37  188  24 
 65  96  169  154  3  135  171  79  199  47  102  45  108  26  36  99  55  27  59  155  130  150  35  90  98  84 
 26  176  173  46  161  84  81  43  15  125  134  94  183  120  116  11  23  82  49 
 171  77  134  54  19  176  193  181  184  153  162  80  143  161  53  170  129  47  64  94  168  70  142  6  96  137  138 
 25  181  72  6  145  168  189  23  79  162  143  92  140  150  135  15  193  127  84  67  120  19  171  21  99  128  10 
 39  40  94  71  159  156  148  31  19  185  37  130  191  181  134  169  55  160  86  43  78  88  144  188  180  56  68  153  62  125  74  4  29  123  163  186  155  115  3 
 100  170  185  42  173  56  95  194  20  14  102  121  197  109  19  32  144  184  180  198  131  97  37  23  78  5  191  60  147  163  153  171  105 
 147  124  194  54  9  145  158  23  103  115  11  148  93  143  138  38  150  66  185  109  171  8  128  134  159  122 
 190  126  88  178  67  158  155  32  48  72  85  175  192  111  161  78  17  184  91  166  127  80  112  23  62  52  77  199  7  180 
 55  108  2  121  157  175  75  17  115  26  53  40  84  14  169  30  41  156  44  5  48  27  37  42  138  123  114  136 
 51  137  7  3  113  141  138  148  91  153  43  92  31  5  81  70  186  180  48  169  142  161  189  167  52  156  28  177  39 
 150  172  48  112  136  140  16  39  10  102  198  124  147  180  65  15  183  168  190  34  90  53  52  110  114 
 5  115  1  40  178  84  50  199  160  151  144  175  60  81  71  4  94  141  67  74  185  70 
 194  32  25  29  47  94  24  22  147  70  56  76  12  62  115  101  49  74  111  6  141  51  10  150  41  105  144  5  191  177  130  173  127  95 
 16  76  154  123  74  54  150  45  131  192  21  57  73  34  87  186  101  98  77  95  135 
 162  56  153  86  31  134  183  155  130  179  24  84  166  164  98  104  55  142  102  149  148  165  141  67  136 
 159  177  36  175  190  8  43  86  166  145  157  165  151  138  178  47  98  188  129  3  21  80  140  199  182  163  95  155  4  70  195  34  189  120  180  39  118  94  143  9 
 39  166  103  12  102  72  83  148  172  6  142  130 
 71  81  47  89  150  58  68  49  136  30  8  26  67  108  149  0  168  79  134  78  13  144  191  180  159  61  151  37  63  44  141  88  118  92 
 64  118  49  197  157  71  100  82  45  105  163  92  152  151  103  143  67  58  90  135  8  37  125  52  89  127 
 118  183  65  77  105  27  177  12  41  137  168  149  6  79  8  148  106  104  4  0  34 
 47  24  120  127  161  151  154  61  9  51  109  137  52  42  82  37 
 16  7  76  112  2  123  27  24  3  67  18  122  137  124  155  162  47  92  193  153  161  154  164  50  91  90  77 
 56  1  186  199  124  23  165  30  77  36  64  49  134  65  21  80  14  194  132  176  158 
 164  16  41  44  139  21  82  170  13  111  72  95  43  37  144  64  106  147  121  38  138  8  101  104  118  157  165  134  168  133  23 
 44  197  10  127  115  89  100  41  186  90  124  132  185  73  105  169  156  122  15  61 
 37  5  157  184  77  45  10  87  150  139  19  159  197  93  72  192  143  82  14  179  142  91  109  144 
 125  148  0  68  153  45  167  198  138  23  83  15  178  144  93  12  25  154  118  131  76  66  26  143  177  40  27  137  56  52  41  6  95 
 35  119  50  44  128  46  8  145  106  96  167  185  182  65  100  118  91  55 
 40  116  96  118  52  58  27  95  45  71  33  136  4  41  89  169  101  14  196  171  82 
 72  133  135  141  27  153  147  132  22  64  100  174  59  177  67  104  96  58  16  51  166  61  176  21  24 
 3  27  164  181  115  182  144  123  47  71  173  135  39  148  193  162  125  22  143  141  175 
 19  49  55  85  134  150  132  178  24  158  50  135  183  152  77  26  67  94  70  60  142  194  155  71  167  69  129  160  43  186  29  38 
 47  153  29  160  177  21  166  181  23  83  82  19  131  97  137  144  102  155  156 
 44  153  59  124  154  142  125  33  171  36  61  129  114  87 
 100  13  52  185  192  84  138  63  147  89  113  18  166  7  175  25  51  143  164  50  146  115  70  126  10 
 98  76  28  37  87  48  17  155  20  163  188  135  34  60  165  61  25  120  23  84  126  5  14  42 
 20  121  10  67  86  141  62  165  2  28  180  25  18  111  27  195  32  11  34  5 
 149  46  192  143  118  138  47  194  163  42  61  71  133  2  123  21  193  110  87  85  136 
 5  88  181  107  26  85  152  45  101  89  83  11  58  65  4  8  50  81  3  111  70 
 187  65  40  105  36  20  122  76  189  155  130  119  78  11  38  72  15  126 
 65  41  173  73  52  141  130  157  16  136 
 183  24  96  95  64  105  10  55  143  114  73  47  169  44  103  131  104  100  146  69  92  94  25  159 
 126  48  42  66  35  104  180  55  169  167  154  162  191  130  116 
 123  170  134  20  97  127  23  195  53  139  78  183  67  80  112  25  3  64  189  92 
 20  113  182  7  2  85  179  137  150  71  53  59  147  100  15  184  153  76  197  82  9  143  122  133  186  199  142  152  140  161  31  28 
 58  178  18  98  37  50  142  67  123  49  116  76  133  121  21  159  83  101  156  54  25  137  131 
 120  170  145  44  2  98  39  49  166  72  154  90  33  191  175  16  137  164  107  47  122  149  114  1  131  85  138  180  81  163 
 83  147  153  186  99  23  137  98  59  110  87  198  22  25  18  159  34  49  131  35  21  142  67  53  76  132  101  24  172  31  1  179  41  28  138 
 148  103  110  33  15  78  29  186  162  107  81  74  95  52 
 168  141  84  190  159  49  119  48  0  40  179  21  199  50  6  17  44  70  71  112  5  116  15  162  111  10 
 191  22  163  4  138  46  145  183  10  101  120  97  20  16  80  84  72  132  197  181  7  199  66  89  95 
 46  188  38  24  141  54  104  134  83  80  10 
 11  25  170  79  141  131  5  182  188  92  195  55  197  8  108  160  110  61 
 37  81  150  149  91  179  31  9  117  157  181  11  155  77  25  74  119  116  142  93  89  173 
 53  61  48  68  20  162  129  141  118  103  137  184  35  124  90  192  55  133  67  31  71  21  109  1  123  82  198  4  135  122 
 138  12  185  36  108  178  175  106  147  23  135  151  29  186  139  124  101  72  127  144  54  11  20  14  99  154  18 
 66  32  187  42  106  72  8  171  71  114  67  131  122  121  21  23  100 
 44  20  120  9  150  108  79  54  179  57  81  169  91  31  18  69  156  64  47  32  26  99  65  78  94  160  36  30  24  128  83  49  165  144  166  168  100  146  62  38 
 3  77  9  159  12  2  50  108  27  29  141  106  23  132  179  151  16  150  80  188  112  107  39  162  193  160  4  131  95  90 
 94  30  87  140  172  35  4  105  16  117  51  59  67  91  3  192  85  114 
 51  86  170  149  179  121  60  4  156  32  124  98  46  75  76  44  123  164  41  96  184  131  103  27  79  138  109  97  180  150  160  122 
 132  12  186  16  127  46  167  162  148  86  153  152  47  114  198  103  62  38  92  151  111  63  100  50  27  143  83  8  142  168  5  137  79  85  123  124  28 
 159  191  43  30  41  100  21  150  102  53  120  186  132  178  164  179  181 
 136  87  57  152  145  13  80  92  195  7  121  76  37 
 168  126  86  113  135  106  69  199  22  129  131  128  54  52  117  6  89  67  60  94  88  160  91  165  175  107 
 178  7  110  154  122  67  79  70  138  16  108  194  169  86  124  21  50  160  130  93  102  91  121  199  163  51 
 192  154  151  187  16  74  118  114  80  79  55  22  12  179  102  138  83  18  190  172  46  197  39  52  56  186  103  26  111  51  9  121  42  95  107  92 
 39  194  178  88  182  107  170  100  103  23  188  81  13  94  190  158  82  32  20  147  134  166  109  102  89  5  7  171  54  132  0 
 123  44  9  83  80  168  183  127  92  166  140  13  43  181  191  8  104  24  178 
 30  53  157  67  147  38  190  0  18  153  69  118  134  62  111  7 
 71  12  83  124  146  38  89  70  174  106  132  180  87  10  176  100  121  111  16  197  20  144  82  60 
 125  103  81  31  138  86  43  55  29  75  83  93  8  96  107  193  170  73  174  166  57  38  198  45  149  91  195  32 
 114  46  137  170  130  150  185  161  5  19  94  0  168  96  13  166  165  34  123  2  152  158  25  7  91  148  30 
 94  58  134  108  87  172  49  25  121  71  26  191  102  139  90  45  130  149  158  183  70  39  64  165  154  66  40  166  80  135  190  83  38  12  62  89  10  35  77  137  160  194  173 
 143  187  173  7  17  13  160  88  70  156  92  138  178  135  179  5  197  191  29  132  97  161  33  174  152  95  37  94  43  6 
 138  153  179  47  183  108  115  45  57  140  73  2  95  151  61  154  158  149  165  23  121 
 186  124  184  157  179  35  109  47  91  86  103  45  138  152  2  65  110  44  79  13  12  106  27  193  98  121  76  18  146  62  81  59  167  82  163 
 169  77  174  27  192  143  90  123  3  44  110  142  98  161  25  103  49  150  163  119  162  46  55  61  152  97  160  132  18 
 42  22  112  17  183  91  98  162  84  32  24  45  19  92  4  199  108  71  171  26  189  116  130  77  156  109  186  81 
 188  175  159  81  137  32  41  194  151  70  181  1  64  134  74  69  192  55  85  44  66  4  155  109  101  122  86  28 
 67  146  184  153  85  175  102  95  71  165  92  28  178  66  117  130  194  69  182  75  65  76  100  183 
 108  24  67  84  14  57  11  171  179  55  83  23  180  50  150  183  167  29  65  4  70  152  149  20  18  190  144  174  30  99  176 
 11  40  126  49  156  81  92  177  139  191  9  135  41  188  199  61  7  48  190  8  102  19  1  56  18  124  16  67  122  83  94  17  55  118  25 
 109  29  88  151  168  49  55  81  183  19  20  31  166  181  134  36  50  142  4  108  129  135  141  150  137  154  174 
 65  68  185  149  167  56  79  53  84  78  98  154  86  189  23  8  97  151  13  40  38  47  62  172  121  179  1  194 
 91  56  167  138  194  173  20  131  79  80  98  155  185  182  135  193  119  154  70  179  125  107  175  47  126  71 
 127  4  9  34  44  198  194  114  6  74  20  112  92  95  27  154  81  123  142  51  82  153 
 100  16  27  46  3  107  56  166  50  59  137  123  1  188  98  91  139  178  9  111  54  62 
 32  21  157  92  99  30  62  113  64  150  28  42  195  7  167  26  25  29  190  177  6  149  34  61  112  49  134  100  152  23  91  141 
 59  8  39  93  123  72  56  164  92  145  1  25  44  150  172  13  149  160  109  91  84  7  111  148  174  134  144  106  51 
 138  162  22  185  2  45  103  161  56  158  24  169  119  7  165  108  69  63  191  104  86  52  59  153 
 126  141  193  7  76  9  80  145  69  49  160  94  79  87  183  96  149  37  17  138  5  182  8  134  100 
 77  154  39  32  172  63  50  15  81  134  14  85  43  170  167  119  118  44  142  86  105  101  191  57 
 123  120  137  149  100  82  72  129  79  43  169  144  50  64  73  148  186 
 77  79  8  133  11  158  64  194  54  67  23  183  7  48  83  155  26  19  80  45  110  36  13  12  144  105  82 
 63  169  87  150  25  196  166  47  28  46  143  35  136  9  27  49  124  24  93  6  62  161 
 194  162  82  56  117  73  151  7  78  46  71  107  16  52  193  35  130  89  150 
 154  27  61  51  38  147  106  59  6  49  33  151  148  166  29  158  194  22  160 
 188  156  92  36  157  85  132  185  88  60  123  16  84  111  25  48  46  141  107  47  162  44  52 
 78  26  79  19  147  10  196  177  76  22  71  25  61  106  99  158 
 92  159  73  189  12  96  67  106  21  109  196  176  165  6  71  52  40  103  191  89  39  86 
 108  132  58  122  88  84  142  7  144  92  151  103  15  199  181  66  157  139  164  5  43  24  145  194 
 35  153  23  4  134  57  121  137  47  152  158  55  126  21  91  130  12  143  135  151  53  50  70  162  44  1  61  31  139  102  124  41  161 
 73  59  119  55  158  50  147  87  86  48  113  25  81  56  191  94  82  184  92  39  7  84  137  123 
 80  25  107  115  79  193  191  81  195  21  156  1  182  20  9  59  199  178  55  186  145  109  160  130  11  4  51  3  127  197  139  53 
 11  21  7  121  36  54  181  20  185  162  144  107  5  129  195  29  199  92  75  157  168  8  104  65 
 118  24  96  145  127  108  152  155  91  150  158  160  19  76  13  68  56  171  23  87  168  43  36  78  120  41  1  157  65  8  63 
 153  157  10  190  102  79  17  84  121  15  137  131  193  24  39  34  82  180 
 132  36  82  42  22  167  81  19  175  149  161  111  52  182  162  83  66  54  187  104  21  61  101  73  88  70 
 153  124  138  16  199  99  70  86  4  65  181  55  132  139  52  143  29  125  101  90  121  43  170  108  189  33  21  155  81 
 133  42  116  65  151  143  44  51  53  14  54  185  195  8 
 156  175  41  159  46  128  92  129  164  16  135  112  144  81  73  36  48  0  70  52  3  51  34  76  24 
 36  11  73  177  193  62  23  80  31  75  86  161  116  155  120  92  33  186  44  56 
 84  126  10  184  92  8  0  146  159  2  18  143  29  165  87  150  47  144  158 
 22  127  159  139  56  4  41  81  181  150  26  33  123  60  14  12  63  151  197  145  94  180  167  119  177  89  5  82  57  169 
 154  143  114  46  111  84  102  55  156  56  67  131  90  136  3 
 7  168  189  62  67  24  79  181  98  153  15  80  135  162  184  107  148  197  13  114  21  1  173  35 
 32  89  5  36  83  54  162  173  144  39  41  156  163  114  64  171  82  20  108  142  157  69  99  14  22  174  150  178  161  1 
 181  21  23  120  182  29  165  129  27  113  140  7  187  8  92  34  15  2  148  32 
 25  172  177  176  53  31  14  105 
 44  101  49  95  45  102  151  191  143  39  121  82  129  8  193  13  16  147  127  181 
 44  163  103  138  87  124  148  45  82  131 
 186  99  88  50  77  47  159  61  126  141  178  181  92  182  155  30  20  121  127  66  142  84 
-->CDecomWalshPart::vInitTrueLinkage-->GLBs: 2311
(Length: 3)  0  2  4 
(Length: 3)  0  96  149 
(Length: 3)  0  4  96 
(Length: 3)  0  40  126 
(Length: 3)  0  48  188 
(Length: 3)  0  146  190 
(Length: 3)  0  94  144 
(Length: 3)  0  68  103 
(Length: 3)  0  40  103 
(Length: 3)  0  48  68 
(Length: 3)  0  2  149 
(Length: 3)  0  103  144 
(Length: 3)  0  2  190 
(Length: 3)  0  144  188 
(Length: 3)  0  126  190 
(Length: 3)  0  144  190 
(Length: 3)  0  48  126 
(Length: 3)  0  68  94 
(Length: 3)  0  94  149 
(Length: 4)  1  4  43  56 
(Length: 3)  1  15  193 
(Length: 4)  1  2  4  65 
(Length: 4)  1  41  65  183 
(Length: 3)  1  161  194 
(Length: 3)  1  161  179 
(Length: 4)  1  123  164  166 
(Length: 3)  1  123  131 
(Length: 4)  1  2  58  65 
(Length: 4)  1  2  38  65 
(Length: 4)  1  44  123  166 
(Length: 4)  1  31  124  131 
(Length: 3)  1  2  123 
(Length: 4)  1  31  41  65 
(Length: 4)  1  43  56  183 
(Length: 3)  1  99  194 
(Length: 3)  1  4  179 
(Length: 4)  1  56  164  166 
(Length: 3)  1  56  161 
(Length: 3)  1  56  159 
(Length: 4)  1  2  15  65 
(Length: 4)  1  4  156  181 
(Length: 3)  1  4  131 
(Length: 4)  1  41  124  159 
(Length: 3)  1  56  99 
(Length: 3)  1  4  88 
(Length: 4)  1  44  56  166 
(Length: 5)  1  31  41  124  179 
(Length: 4)  1  38  65  161 
(Length: 3)  1  40  88 
(Length: 4)  1  41  156  194 
(Length: 4)  1  41  44  179 
(Length: 4)  1  41  156  159 
(Length: 3)  1  99  124 
(Length: 3)  1  40  161 
(Length: 3)  1  40  159 
(Length: 3)  1  65  99 
(Length: 3)  1  181  193 
(Length: 4)  1  41  44  156 
(Length: 3)  2  4  6 
(Length: 3)  2  12  63 
(Length: 4)  2  22  24  167 
(Length: 4)  2  59  65  153 
(Length: 4)  2  28  113  121 
(Length: 3)  2  15  19 
(Length: 3)  2  19  149 
(Length: 3)  2  149  152 
(Length: 4)  2  85  114  123 
(Length: 3)  2  4  135 
(Length: 4)  2  15  59  65 
(Length: 3)  2  98  153 
(Length: 4)  2  59  153  167 
(Length: 4)  2  15  59  121 
(Length: 3)  2  19  63 
(Length: 3)  2  38  63 
(Length: 3)  2  58  67 
(Length: 3)  2  6  63 
(Length: 3)  2  85  121 
(Length: 3)  2  15  195 
(Length: 4)  2  114  123  149 
(Length: 3)  2  19  24 
(Length: 3)  2  59  73 
(Length: 3)  2  73  152 
(Length: 4)  2  121  152  153 
(Length: 3)  2  63  73 
(Length: 3)  2  98  123 
(Length: 4)  2  59  121  153 
(Length: 3)  2  113  195 
(Length: 3)  2  24  38 
(Length: 3)  2  12  135 
(Length: 4)  2  24  67  98 
(Length: 3)  2  12  153 
(Length: 3)  2  63  167 
(Length: 3)  2  67  113 
(Length: 3)  3  51  86 
(Length: 3)  3  52  86 
(Length: 3)  3  92  120 
(Length: 3)  3  51  181 
(Length: 4)  3  27  98  164 
(Length: 3)  3  67  98 
(Length: 3)  3  92  188 
(Length: 4)  3  81  115  181 
(Length: 3)  3  7  98 
(Length: 3)  3  21  92 
(Length: 3)  3  86  92 
(Length: 4)  3  49  60  64 
(Length: 3)  3  21  181 
(Length: 4)  3  27  107  164 
(Length: 3)  3  164  188 
(Length: 4)  3  67  136  192 
(Length: 3)  3  51  188 
(Length: 3)  3  81  188 
(Length: 3)  3  154  192 
(Length: 3)  3  67  120 
(Length: 3)  3  44  154 
(Length: 3)  3  44  52 
(Length: 3)  3  51  136 
(Length: 4)  3  27  77  135 
(Length: 3)  3  44  51 
(Length: 4)  3  107  115  181 
(Length: 5)  3  27  77  98  154 
(Length: 3)  3  64  120 
(Length: 3)  3  52  188 
(Length: 3)  3  7  86 
(Length: 3)  3  92  98 
(Length: 4)  3  27  49  154 
(Length: 3)  3  81  86 
(Length: 4)  3  49  60  67 
(Length: 4)  3  27  107  135 
(Length: 3)  3  135  188 
(Length: 4)  4  43  81  186 
(Length: 4)  4  56  81  191 
(Length: 3)  4  92  163 
(Length: 4)  4  81  88  160 
(Length: 4)  4  81  88  115 
(Length: 3)  4  43  92 
(Length: 3)  4  70  156 
(Length: 4)  4  29  65  158 
(Length: 4)  4  60  70  88 
(Length: 4)  4  29  65  186 
(Length: 3)  4  66  127 
(Length: 3)  4  105  136 
(Length: 4)  4  81  155  156 
(Length: 4)  4  43  56  81 
(Length: 3)  4  65  96 
(Length: 4)  4  127  181  191 
(Length: 3)  4  131  135 
(Length: 3)  4  65  115 
(Length: 3)  4  137  160 
(Length: 4)  4  23  135  179 
(Length: 3)  4  127  163 
(Length: 4)  4  70  158  179 
(Length: 3)  4  137  179 
(Length: 4)  4  23  158  179 
(Length: 4)  4  23  65  158 
(Length: 3)  4  70  186 
(Length: 3)  4  66  156 
(Length: 3)  4  6  96 
(Length: 3)  4  6  163 
(Length: 3)  4  96  105 
(Length: 3)  4  92  155 
(Length: 4)  4  81  160  181 
(Length: 3)  4  70  92 
(Length: 3)  4  6  43 
(Length: 3)  4  131  137 
(Length: 4)  4  29  81  186 
(Length: 4)  4  81  181  191 
(Length: 3)  4  137  156 
(Length: 3)  4  96  137 
(Length: 4)  4  81  181  186 
(Length: 4)  4  29  135  160 
(Length: 4)  4  81  115  181 
(Length: 4)  4  70  88  115 
(Length: 3)  4  60  191 
(Length: 3)  4  81  163 
(Length: 4)  4  81  156  181 
(Length: 4)  4  81  155  186 
(Length: 3)  4  60  137 
(Length: 4)  4  29  81  160 
(Length: 4)  5  88  144  178 
(Length: 4)  5  89  144  194 
(Length: 3)  5  55  85 
(Length: 3)  5  138  168 
(Length: 3)  5  168  182 
(Length: 3)  5  85  138 
(Length: 4)  5  12  23  36 
(Length: 4)  5  70  88  115 
(Length: 3)  5  37  168 
(Length: 3)  5  19  149 
(Length: 3)  5  37  112 
(Length: 3)  5  149  168 
(Length: 3)  5  126  168 
(Length: 3)  5  37  85 
(Length: 3)  5  82  191 
(Length: 3)  5  85  115 
(Length: 3)  5  138  151 
(Length: 5)  5  19  37  82  102 
(Length: 4)  5  82  102  144 
(Length: 4)  5  144  178  194 
(Length: 3)  5  43  86 
(Length: 3)  5  70  86 
(Length: 3)  5  43  55 
(Length: 3)  5  31  86 
(Length: 4)  5  70  89  115 
(Length: 4)  5  70  88  151 
(Length: 3)  5  129  182 
(Length: 3)  5  23  31 
(Length: 3)  5  34  112 
(Length: 4)  5  23  82  144 
(Length: 4)  5  12  89  191 
(Length: 3)  5  86  138 
(Length: 3)  5  23  112 
(Length: 3)  5  55  129 
(Length: 4)  5  43  151  178 
(Length: 3)  5  12  138 
(Length: 3)  5  36  182 
(Length: 3)  5  36  194 
(Length: 4)  5  37  43  151 
(Length: 3)  5  34  113 
(Length: 3)  5  112  126 
(Length: 3)  5  34  149 
(Length: 3)  5  144  182 
(Length: 4)  5  82  144  194 
(Length: 3)  5  151  191 
(Length: 3)  5  86  113 
(Length: 3)  5  70  126 
(Length: 4)  5  88  151  178 
(Length: 4)  6  33  49  74 
(Length: 4)  6  37  43  49 
(Length: 3)  6  40  63 
(Length: 3)  6  41  89 
(Length: 3)  6  79  80 
(Length: 3)  6  72  93 
(Length: 3)  6  40  74 
(Length: 4)  6  37  43  151 
(Length: 3)  6  79  96 
(Length: 3)  6  141  165 
(Length: 4)  6  40  103  177 
(Length: 3)  6  48  126 
(Length: 3)  6  96  177 
(Length: 3)  6  41  96 
(Length: 3)  6  165  177 
(Length: 3)  6  93  172 
(Length: 3)  6  63  172 
(Length: 3)  6  40  126 
(Length: 3)  6  89  177 
(Length: 3)  6  126  141 
(Length: 4)  6  37  49  74 
(Length: 3)  6  37  50 
(Length: 3)  6  37  48 
(Length: 3)  6  50  126 
(Length: 4)  6  33  49  174 
(Length: 3)  6  49  172 
(Length: 3)  6  49  165 
(Length: 3)  6  93  103 
(Length: 3)  6  74  163 
(Length: 4)  6  33  151  174 
(Length: 3)  6  49  126 
(Length: 3)  6  89  141 
(Length: 4)  6  49  74  89 
(Length: 3)  6  72  80 
(Length: 3)  6  33  72 
(Length: 3)  6  41  103 
(Length: 3)  6  48  72 
(Length: 3)  7  144  178 
(Length: 3)  7  144  182 
(Length: 3)  7  25  74 
(Length: 3)  7  16  127 
(Length: 3)  7  25  159 
(Length: 3)  7  37  140 
(Length: 3)  7  37  168 
(Length: 3)  7  121  140 
(Length: 4)  7  25  149  166 
(Length: 3)  7  10  37 
(Length: 3)  7  86  167 
(Length: 4)  7  25  111  166 
(Length: 3)  7  10  127 
(Length: 3)  7  142  178 
(Length: 3)  7  16  142 
(Length: 4)  7  10  25  111 
(Length: 3)  7  98  193 
(Length: 3)  7  25  180 
(Length: 3)  7  144  171 
(Length: 4)  7  84  111  166 
(Length: 3)  7  165  167 
(Length: 3)  7  149  168 
(Length: 3)  7  16  74 
(Length: 4)  7  32  165  195 
(Length: 3)  7  86  142 
(Length: 3)  7  16  159 
(Length: 3)  7  32  84 
(Length: 3)  7  33  151 
(Length: 3)  7  37  74 
(Length: 3)  7  140  195 
(Length: 3)  7  16  173 
(Length: 3)  7  151  178 
(Length: 3)  7  48  171 
(Length: 3)  7  32  144 
(Length: 3)  7  121  182 
(Length: 3)  7  173  193 
(Length: 3)  7  111  146 
(Length: 3)  7  168  182 
(Length: 3)  7  168  193 
(Length: 3)  7  48  159 
(Length: 4)  7  25  149  165 
(Length: 3)  7  16  98 
(Length: 3)  7  33  74 
(Length: 3)  7  84  127 
(Length: 3)  7  151  173 
(Length: 3)  7  37  151 
(Length: 3)  7  121  142 
(Length: 4)  7  48  86  180 
(Length: 3)  7  182  195 
(Length: 4)  7  48  84  180 
(Length: 3)  7  144  166 
(Length: 3)  7  37  48 
(Length: 3)  7  84  178 
(Length: 4)  8  92  94  159 
(Length: 3)  8  63  138 
(Length: 3)  8  63  183 
(Length: 3)  8  63  94 
(Length: 4)  8  23  133  171 
(Length: 3)  8  50  115 
(Length: 4)  8  23  171  183 
(Length: 3)  8  83  145 
(Length: 3)  8  96  104 
(Length: 3)  8  83  115 
(Length: 3)  8  100  104 
(Length: 3)  8  133  187 
(Length: 3)  8  50  104 
(Length: 3)  8  50  59 
(Length: 4)  8  23  83  171 
(Length: 4)  8  23  100  133 
(Length: 3)  8  23  161 
(Length: 3)  8  26  115 
(Length: 3)  8  59  166 
(Length: 3)  8  23  195 
(Length: 4)  8  145  168  183 
(Length: 3)  8  83  159 
(Length: 4)  8  100  138  168 
(Length: 3)  8  50  138 
(Length: 3)  8  104  182 
(Length: 4)  8  96  168  183 
(Length: 3)  8  95  197 
(Length: 4)  8  92  145  166 
(Length: 4)  8  92  159  190 
(Length: 3)  8  92  138 
(Length: 3)  8  168  182 
(Length: 3)  8  37  50 
(Length: 5)  8  92  129  182  195 
(Length: 3)  8  96  148 
(Length: 4)  8  37  100  168 
(Length: 4)  8  37  95  100 
(Length: 3)  8  129  197 
(Length: 3)  8  187  195 
(Length: 3)  8  148  166 
(Length: 3)  8  23  59 
(Length: 3)  8  104  145 
(Length: 4)  8  83  138  148 
(Length: 3)  8  26  171 
(Length: 3)  8  148  195 
(Length: 3)  8  26  94 
(Length: 3)  8  92  95 
(Length: 4)  8  37  94  168 
(Length: 3)  9  31  130 
(Length: 3)  9  31  134 
(Length: 4)  9  34  51  59 
(Length: 4)  9  44  51  163 
(Length: 3)  9  34  76 
(Length: 4)  9  31  53  121 
(Length: 3)  9  42  97 
(Length: 4)  9  34  92  163 
(Length: 4)  9  44  56  76 
(Length: 3)  9  51  97 
(Length: 3)  9  55  181 
(Length: 3)  9  135  159 
(Length: 3)  9  31  42 
(Length: 4)  9  34  51  163 
(Length: 3)  9  59  164 
(Length: 3)  9  55  72 
(Length: 4)  9  51  59  181 
(Length: 3)  9  145  168 
(Length: 3)  9  56  159 
(Length: 3)  9  143  172 
(Length: 3)  9  47  97 
(Length: 3)  9  47  172 
(Length: 3)  9  44  145 
(Length: 4)  9  25  130  181 
(Length: 3)  9  145  181 
(Length: 3)  9  25  44 
(Length: 3)  9  51  143 
(Length: 4)  9  25  34  59 
(Length: 3)  9  92  159 
(Length: 3)  9  47  92 
(Length: 3)  9  83  159 
(Length: 3)  9  76  168 
(Length: 3)  9  56  164 
(Length: 3)  9  134  168 
(Length: 3)  9  55  143 
(Length: 4)  9  53  76  121 
(Length: 4)  9  53  59  121 
(Length: 3)  9  83  134 
(Length: 4)  9  42  56  143 
(Length: 3)  9  25  172 
(Length: 3)  9  83  143 
(Length: 3)  9  55  159 
(Length: 3)  9  47  134 
(Length: 3)  9  83  145 
(Length: 5)  9  25  53  59  181 
(Length: 3)  9  92  143 
(Length: 3)  9  92  145 
(Length: 3)  9  25  159 
(Length: 3)  9  121  143 
(Length: 3)  9  44  134 
(Length: 4)  10  89  111  147 
(Length: 3)  10  111  126 
(Length: 3)  10  49  67 
(Length: 4)  10  19  25  80 
(Length: 4)  10  25  111  113 
(Length: 3)  10  25  118 
(Length: 4)  10  19  25  49 
(Length: 4)  10  19  37  49 
(Length: 3)  10  49  126 
(Length: 5)  10  25  49  89  150 
(Length: 4)  10  19  25  176 
(Length: 3)  10  184  190 
(Length: 4)  10  51  89  111 
(Length: 3)  10  43  55 
(Length: 3)  10  55  118 
(Length: 3)  10  67  113 
(Length: 4)  10  25  89  111 
(Length: 3)  10  80  127 
(Length: 4)  10  87  102  150 
(Length: 3)  10  87  147 
(Length: 3)  10  80  128 
(Length: 4)  10  19  37  102 
(Length: 3)  10  102  184 
(Length: 3)  10  126  190 
(Length: 4)  10  89  101  127 
(Length: 4)  10  37  43  49 
(Length: 4)  10  87  150  190 
(Length: 3)  10  67  80 
(Length: 3)  10  147  176 
(Length: 4)  10  25  80  150 
(Length: 4)  11  20  181  182 
(Length: 3)  11  20  158 
(Length: 4)  11  21  181  182 
(Length: 4)  11  36  40  116 
(Length: 3)  11  129  182 
(Length: 3)  11  25  159 
(Length: 4)  11  20  36  182 
(Length: 4)  11  20  36  116 
(Length: 3)  11  25  113 
(Length: 4)  11  83  158  171 
(Length: 4)  11  25  130  181 
(Length: 4)  11  36  116  189 
(Length: 3)  11  36  171 
(Length: 3)  11  25  129 
(Length: 3)  11  40  159 
(Length: 3)  11  83  159 
(Length: 3)  11  20  113 
(Length: 3)  11  115  181 
(Length: 3)  11  83  115 
(Length: 4)  11  20  36  132 
(Length: 3)  11  78  116 
(Length: 3)  11  116  130 
(Length: 4)  12  76  103  153 
(Length: 3)  12  23  33 
(Length: 4)  12  13  76  153 
(Length: 4)  12  62  89  150 
(Length: 3)  12  89  147 
(Length: 4)  12  62  138  153 
(Length: 4)  12  60  63  191 
(Length: 3)  12  63  138 
(Length: 3)  12  96  177 
(Length: 3)  12  93  103 
(Length: 4)  12  103  138  143 
(Length: 3)  12  71  177 
(Length: 3)  12  153  179 
(Length: 3)  12  103  177 
(Length: 4)  12  23  132  135 
(Length: 4)  12  89  177  191 
(Length: 3)  12  135  150 
(Length: 3)  12  132  147 
(Length: 3)  12  71  147 
(Length: 3)  12  71  150 
(Length: 4)  12  103  138  153 
(Length: 4)  12  89  150  191 
(Length: 4)  12  33  60  191 
(Length: 3)  12  33  62 
(Length: 3)  12  33  71 
(Length: 3)  12  60  76 
(Length: 3)  12  13  171 
(Length: 3)  12  76  89 
(Length: 4)  12  23  135  179 
(Length: 4)  12  23  36  171 
(Length: 4)  12  23  36  132 
(Length: 3)  12  60  147 
(Length: 3)  12  23  103 
(Length: 3)  12  36  76 
(Length: 3)  12  132  138 
(Length: 3)  12  143  179 
(Length: 3)  13  76  140 
(Length: 3)  13  14  59 
(Length: 3)  13  52  56 
(Length: 3)  13  94  151 
(Length: 3)  13  52  111 
(Length: 3)  13  29  151 
(Length: 3)  13  94  149 
(Length: 3)  13  17  151 
(Length: 3)  13  149  166 
(Length: 3)  13  59  153 
(Length: 3)  13  29  52 
(Length: 3)  13  59  166 
(Length: 3)  13  151  161 
(Length: 3)  13  43  100 
(Length: 3)  13  149  161 
(Length: 4)  13  43  145  183 
(Length: 3)  13  43  151 
(Length: 3)  13  56  161 
(Length: 3)  13  40  161 
(Length: 3)  13  56  166 
(Length: 3)  13  145  166 
(Length: 3)  13  151  197 
(Length: 3)  13  111  166 
(Length: 4)  13  43  56  183 
(Length: 3)  13  100  144 
(Length: 3)  13  193  197 
(Length: 3)  13  171  183 
(Length: 3)  13  140  145 
(Length: 3)  13  100  111 
(Length: 3)  13  153  193 
(Length: 4)  13  56  76  183 
(Length: 3)  13  144  171 
(Length: 3)  13  94  144 
(Length: 3)  13  144  166 
(Length: 3)  14  15  19 
(Length: 4)  14  31  42  71 
(Length: 4)  14  60  82  191 
(Length: 3)  14  85  169 
(Length: 3)  14  42  187 
(Length: 3)  14  99  194 
(Length: 3)  14  53  85 
(Length: 4)  14  19  82  102 
(Length: 3)  14  60  112 
(Length: 3)  14  53  60 
(Length: 3)  14  53  59 
(Length: 3)  14  15  59 
(Length: 3)  14  31  41 
(Length: 3)  14  82  105 
(Length: 3)  14  42  112 
(Length: 3)  14  42  82 
(Length: 3)  14  99  132 
(Length: 3)  14  99  158 
(Length: 3)  14  41  85 
(Length: 3)  14  59  71 
(Length: 3)  14  42  85 
(Length: 4)  14  57  169  191 
(Length: 3)  14  105  169 
(Length: 4)  14  31  53  196 
(Length: 3)  14  53  187 
(Length: 3)  14  105  196 
(Length: 3)  14  82  194 
(Length: 3)  14  71  105 
(Length: 3)  14  41  105 
(Length: 3)  14  15  169 
(Length: 3)  14  57  158 
(Length: 3)  14  41  191 
(Length: 3)  14  41  194 
(Length: 3)  15  101  169 
(Length: 3)  15  65  87 
(Length: 3)  15  80  193 
(Length: 3)  15  27  103 
(Length: 3)  15  116  126 
(Length: 3)  15  65  116 
(Length: 3)  15  78  125 
(Length: 3)  15  50  126 
(Length: 3)  15  103  178 
(Length: 3)  15  184  193 
(Length: 3)  15  50  59 
(Length: 3)  15  103  125 
(Length: 3)  15  23  195 
(Length: 3)  15  121  184 
(Length: 3)  15  19  80 
(Length: 3)  15  27  195 
(Length: 3)  15  19  27 
(Length: 3)  15  50  169 
(Length: 3)  15  78  116 
(Length: 3)  15  23  78 
(Length: 4)  15  23  59  65 
(Length: 3)  15  27  50 
(Length: 3)  15  23  80 
(Length: 3)  15  61  101 
(Length: 3)  15  23  103 
(Length: 4)  16  90  98  123 
(Length: 3)  16  127  138 
(Length: 3)  16  147  197 
(Length: 4)  16  58  67  106 
(Length: 3)  16  52  87 
(Length: 3)  16  87  147 
(Length: 3)  16  76  188 
(Length: 3)  16  20  147 
(Length: 4)  16  52  117  173 
(Length: 4)  16  52  143  186 
(Length: 4)  16  52  175  188 
(Length: 3)  16  52  58 
(Length: 4)  16  73  117  173 
(Length: 3)  16  100  164 
(Length: 3)  16  100  138 
(Length: 3)  16  73  90 
(Length: 3)  16  23  135 
(Length: 4)  16  100  106  147 
(Length: 3)  16  74  90 
(Length: 3)  16  123  175 
(Length: 3)  16  20  127 
(Length: 3)  16  123  138 
(Length: 4)  16  76  90  98 
(Length: 3)  16  39  135 
(Length: 3)  16  67  136 
(Length: 3)  16  73  188 
(Length: 3)  16  90  186 
(Length: 3)  16  90  135 
(Length: 4)  16  98  123  164 
(Length: 3)  16  87  136 
(Length: 3)  16  138  142 
(Length: 3)  16  67  98 
(Length: 3)  16  164  188 
(Length: 3)  16  117  136 
(Length: 3)  16  74  143 
(Length: 3)  16  67  142 
(Length: 4)  16  138  143  186 
(Length: 3)  16  67  159 
(Length: 3)  16  23  100 
(Length: 3)  16  67  74 
(Length: 3)  16  127  197 
(Length: 4)  16  39  143  197 
(Length: 3)  16  39  123 
(Length: 3)  16  106  135 
(Length: 3)  16  39  87 
(Length: 4)  16  135  159  188 
(Length: 3)  16  87  90 
(Length: 3)  17  37  151 
(Length: 3)  17  50  73 
(Length: 3)  17  37  112 
(Length: 4)  17  84  112  155 
(Length: 3)  17  37  85 
(Length: 3)  17  84  85 
(Length: 3)  17  37  50 
(Length: 3)  17  44  85 
(Length: 3)  17  84  184 
(Length: 4)  17  55  75  85 
(Length: 4)  17  84  112  126 
(Length: 4)  17  44  50  126 
(Length: 3)  17  37  168 
(Length: 3)  17  55  159 
(Length: 3)  17  126  168 
(Length: 3)  17  126  159 
(Length: 3)  18  20  132 
(Length: 4)  18  24  57  158 
(Length: 3)  18  19  24 
(Length: 3)  18  20  134 
(Length: 3)  18  26  134 
(Length: 3)  18  20  158 
(Length: 3)  18  158  190 
(Length: 3)  18  159  190 
(Length: 3)  18  111  143 
(Length: 4)  18  22  24  57 
(Length: 3)  18  143  154 
(Length: 3)  18  132  154 
(Length: 3)  18  22  143 
(Length: 4)  18  24  57  134 
(Length: 3)  18  20  113 
(Length: 3)  18  98  154 
(Length: 3)  18  143  190 
(Length: 3)  18  124  132 
(Length: 3)  18  122  159 
(Length: 3)  18  19  159 
(Length: 4)  18  24  98  124 
(Length: 4)  18  22  24  124 
(Length: 4)  18  98  124  153 
(Length: 3)  18  146  190 
(Length: 3)  18  98  122 
(Length: 3)  18  146  153 
(Length: 4)  18  69  134  146 
(Length: 3)  18  111  146 
(Length: 3)  18  111  113 
(Length: 3)  18  26  143 
(Length: 3)  18  124  159 
(Length: 4)  19  37  74  81 
(Length: 4)  19  82  102  109 
(Length: 4)  19  56  81  159 
(Length: 3)  19  109  160 
(Length: 3)  19  149  185 
(Length: 3)  19  79  176 
(Length: 4)  19  45  155  171 
(Length: 4)  19  32  56  82 
(Length: 3)  19  33  62 
(Length: 3)  19  32  155 
(Length: 4)  19  33  49  74 
(Length: 4)  19  56  63  183 
(Length: 3)  19  45  102 
(Length: 5)  19  24  108  155  183 
(Length: 4)  19  79  80  171 
(Length: 3)  19  24  27 
(Length: 4)  19  25  49  159 
(Length: 3)  19  25  149 
(Length: 3)  19  81  185 
(Length: 3)  19  27  49 
(Length: 3)  19  62  81 
(Length: 4)  19  37  49  74 
(Length: 3)  19  81  160 
(Length: 3)  19  81  155 
(Length: 3)  19  109  155 
(Length: 4)  19  155  171  183 
(Length: 3)  19  102  159 
(Length: 4)  19  49  108  160 
(Length: 4)  19  25  49  74 
(Length: 4)  19  108  160  183 
(Length: 3)  19  25  62 
(Length: 3)  19  82  185 
(Length: 3)  19  82  171 
(Length: 4)  20  82  163  194 
(Length: 3)  20  112  120 
(Length: 3)  20  44  163 
(Length: 3)  20  144  158 
(Length: 3)  20  160  181 
(Length: 3)  20  134  144 
(Length: 3)  20  36  194 
(Length: 3)  20  131  162 
(Length: 3)  20  120  134 
(Length: 4)  20  36  134  160 
(Length: 3)  20  44  134 
(Length: 3)  20  30  134 
(Length: 4)  20  121  182  199 
(Length: 3)  20  31  121 
(Length: 4)  20  82  121  147 
(Length: 3)  20  162  182 
(Length: 4)  20  82  144  147 
(Length: 3)  20  127  132 
(Length: 4)  20  181  182  199 
(Length: 4)  20  132  144  147 
(Length: 3)  20  162  194 
(Length: 3)  20  113  121 
(Length: 3)  20  82  131 
(Length: 4)  20  127  181  199 
(Length: 3)  20  127  163 
(Length: 3)  20  30  158 
(Length: 3)  20  31  131 
(Length: 3)  20  120  127 
(Length: 4)  20  31  134  160 
(Length: 3)  20  112  163 
(Length: 3)  20  30  199 
(Length: 4)  20  82  144  194 
(Length: 3)  20  144  182 
(Length: 3)  21  32  133 
(Length: 3)  21  24  124 
(Length: 4)  21  70  126  179 
(Length: 3)  21  61  114 
(Length: 4)  21  100  106  133 
(Length: 4)  21  122  131  133 
(Length: 3)  21  80  92 
(Length: 3)  21  114  193 
(Length: 3)  21  124  142 
(Length: 3)  21  114  133 
(Length: 4)  21  39  92  177 
(Length: 3)  21  124  179 
(Length: 3)  21  24  193 
(Length: 3)  21  61  185 
(Length: 3)  21  43  92 
(Length: 3)  21  61  165 
(Length: 3)  21  61  179 
(Length: 3)  21  100  165 
(Length: 4)  21  139  181  186 
(Length: 3)  21  109  181 
(Length: 4)  21  80  181  193 
(Length: 3)  21  139  179 
(Length: 3)  21  80  99 
(Length: 3)  21  57  179 
(Length: 4)  21  99  124  186 
(Length: 3)  21  122  142 
(Length: 3)  21  109  177 
(Length: 4)  21  24  39  57 
(Length: 3)  21  61  106 
(Length: 4)  21  32  165  195 
(Length: 4)  21  43  100  139 
(Length: 4)  21  92  165  177 
(Length: 4)  21  92  182  195 
(Length: 3)  21  61  131 
(Length: 3)  21  70  185 
(Length: 3)  21  106  177 
(Length: 3)  21  32  39 
(Length: 4)  21  39  70  92 
(Length: 3)  21  57  90 
(Length: 3)  21  24  106 
(Length: 3)  21  90  186 
(Length: 3)  21  124  131 
(Length: 3)  21  109  131 
(Length: 4)  21  43  139  186 
(Length: 4)  21  92  165  195 
(Length: 3)  21  182  185 
(Length: 4)  21  181  182  195 
(Length: 3)  21  70  142 
(Length: 3)  21  99  165 
(Length: 3)  21  90  131 
(Length: 3)  21  70  186 
(Length: 3)  22  31  48 
(Length: 4)  22  25  52  62 
(Length: 4)  22  25  62  89 
(Length: 3)  22  107  143 
(Length: 3)  22  31  124 
(Length: 3)  22  106  141 
(Length: 3)  22  25  124 
(Length: 3)  22  55  143 
(Length: 3)  22  167  191 
(Length: 4)  22  24  76  124 
(Length: 3)  22  89  194 
(Length: 4)  22  61  106  174 
(Length: 3)  22  76  176 
(Length: 3)  22  24  106 
(Length: 3)  22  107  141 
(Length: 4)  22  31  42  61 
(Length: 3)  22  174  194 
(Length: 4)  22  24  76  89 
(Length: 4)  22  25  52  61 
(Length: 3)  22  52  141 
(Length: 3)  22  48  62 
(Length: 4)  22  25  61  176 
(Length: 4)  22  42  52  143 
(Length: 3)  22  24  155 
(Length: 5)  22  42  52  61  185 
(Length: 4)  22  52  167  185 
(Length: 3)  22  89  141 
(Length: 4)  22  89  127  191 
(Length: 4)  22  61  106  176 
(Length: 3)  22  42  155 
(Length: 3)  22  57  191 
(Length: 4)  23  53  59  65 
(Length: 4)  23  78  84  161 
(Length: 4)  23  53  161  179 
(Length: 3)  23  161  189 
(Length: 3)  23  80  171 
(Length: 3)  23  84  158 
(Length: 3)  23  36  189 
(Length: 3)  23  83  124 
(Length: 4)  23  144  158  171 
(Length: 4)  23  158  171  183 
(Length: 4)  23  36  171  183 
(Length: 4)  23  152  158  179 
(Length: 3)  23  152  165 
(Length: 3)  23  112  165 
(Length: 4)  23  152  158  183 
(Length: 3)  23  84  112 
(Length: 3)  23  132  144 
(Length: 3)  23  78  82 
(Length: 3)  23  31  189 
(Length: 5)  23  31  53  124  179 
(Length: 3)  23  45  103 
(Length: 3)  23  33  72 
(Length: 4)  23  65  99  158 
(Length: 4)  23  82  109  144 
(Length: 3)  23  53  120 
(Length: 4)  23  53  65  161 
(Length: 4)  23  83  158  171 
(Length: 4)  23  65  158  183 
(Length: 3)  23  83  103 
(Length: 4)  23  53  59  124 
(Length: 3)  23  165  195 
(Length: 4)  23  82  100  144 
(Length: 3)  23  100  165 
(Length: 3)  23  103  144 
(Length: 3)  23  45  152 
(Length: 3)  23  45  171 
(Length: 4)  23  72  80  84 
(Length: 4)  23  72  100  133 
(Length: 3)  23  72  132 
(Length: 3)  23  33  189 
(Length: 4)  23  31  53  65 
(Length: 3)  23  80  99 
(Length: 4)  23  99  124  132 
(Length: 3)  23  99  165 
(Length: 4)  23  36  99  132 
(Length: 3)  23  83  109 
(Length: 4)  23  82  144  171 
(Length: 4)  23  78  120  183 
(Length: 4)  23  80  120  189 
(Length: 3)  23  36  53 
(Length: 3)  23  112  120 
(Length: 3)  23  120  195 
(Length: 3)  23  80  135 
(Length: 3)  23  112  135 
(Length: 3)  24  39  184 
(Length: 4)  24  38  57  134 
(Length: 4)  24  38  47  134 
(Length: 4)  24  108  158  167 
(Length: 3)  24  145  178 
(Length: 3)  24  67  106 
(Length: 3)  24  47  97 
(Length: 4)  24  36  76  183 
(Length: 3)  24  30  76 
(Length: 4)  24  67  108  158 
(Length: 3)  24  47  98 
(Length: 3)  24  47  118 
(Length: 4)  24  91  155  183 
(Length: 4)  24  108  158  183 
(Length: 3)  24  108  178 
(Length: 4)  24  36  76  188 
(Length: 4)  24  38  128  134 
(Length: 3)  24  91  134 
(Length: 3)  24  36  134 
(Length: 3)  24  30  158 
(Length: 4)  24  38  108  134 
(Length: 4)  24  67  98  193 
(Length: 3)  24  47  89 
(Length: 3)  24  184  193 
(Length: 4)  24  91  98  155 
(Length: 4)  24  67  98  124 
(Length: 3)  24  27  172 
(Length: 3)  24  27  98 
(Length: 3)  24  47  172 
(Length: 3)  24  145  183 
(Length: 4)  24  67  91  98 
(Length: 3)  24  118  183 
(Length: 3)  24  27  106 
(Length: 3)  24  128  188 
(Length: 4)  24  76  98  124 
(Length: 3)  24  30  134 
(Length: 3)  24  124  172 
(Length: 5)  25  28  62  113  165 
(Length: 3)  25  61  154 
(Length: 3)  25  61  129 
(Length: 4)  25  61  112  165 
(Length: 4)  25  52  111  175 
(Length: 4)  25  28  112  165 
(Length: 4)  25  28  124  172 
(Length: 4)  25  62  89  150 
(Length: 4)  25  28  62  172 
(Length: 3)  25  113  180 
(Length: 3)  25  52  103 
(Length: 4)  25  26  150  165 
(Length: 4)  25  35  124  172 
(Length: 3)  25  80  120 
(Length: 3)  25  54  62 
(Length: 4)  25  49  150  154 
(Length: 3)  25  52  71 
(Length: 4)  25  49  150  165 
(Length: 4)  25  52  58  61 
(Length: 4)  25  49  150  172 
(Length: 4)  25  34  59  124 
(Length: 4)  25  89  130  150 
(Length: 4)  25  49  124  159 
(Length: 4)  25  62  150  165 
(Length: 4)  25  130  149  150 
(Length: 4)  25  34  112  165 
(Length: 4)  25  34  149  165 
(Length: 4)  25  34  49  165 
(Length: 4)  25  49  124  172 
(Length: 4)  25  62  150  172 
(Length: 3)  25  54  74 
(Length: 3)  25  26  103 
(Length: 3)  25  44  118 
(Length: 3)  25  44  154 
(Length: 3)  25  103  154 
(Length: 3)  25  118  159 
(Length: 3)  25  176  196 
(Length: 4)  25  150  166  172 
(Length: 4)  25  29  52  53 
(Length: 3)  25  26  176 
(Length: 3)  25  71  176 
(Length: 3)  25  172  196 
(Length: 3)  25  71  150 
(Length: 3)  25  58  122 
(Length: 3)  25  59  71 
(Length: 3)  25  112  120 
(Length: 3)  25  80  181 
(Length: 3)  25  59  166 
(Length: 4)  25  149  150  165 
(Length: 4)  25  149  150  166 
(Length: 4)  25  74  89  130 
(Length: 4)  25  34  113  165 
(Length: 4)  25  53  59  124 
(Length: 4)  25  34  49  124 
(Length: 3)  25  44  166 
(Length: 4)  25  49  122  159 
(Length: 4)  25  44  52  175 
(Length: 4)  25  49  74  89 
(Length: 3)  25  59  180 
(Length: 3)  25  58  150 
(Length: 3)  25  54  122 
(Length: 3)  25  35  52 
(Length: 3)  25  61  159 
(Length: 4)  25  52  53  61 
(Length: 3)  25  103  118 
(Length: 3)  25  29  89 
(Length: 3)  25  53  120 
(Length: 3)  25  29  165 
(Length: 3)  25  53  196 
(Length: 4)  25  35  150  172 
(Length: 4)  26  77  155  171 
(Length: 4)  26  94  150  191 
(Length: 4)  26  78  94  134 
(Length: 3)  26  78  176 
(Length: 4)  26  77  108  150 
(Length: 3)  26  85  108 
(Length: 4)  26  77  108  155 
(Length: 3)  26  85  115 
(Length: 3)  26  103  143 
(Length: 4)  26  134  150  165 
(Length: 5)  26  94  108  134  150 
(Length: 3)  27  106  174 
(Length: 3)  27  154  163 
(Length: 4)  27  46  55  154 
(Length: 3)  27  48  85 
(Length: 3)  27  46  172 
(Length: 3)  27  49  172 
(Length: 3)  27  96  137 
(Length: 4)  27  46  137  138 
(Length: 3)  27  103  154 
(Length: 3)  27  113  195 
(Length: 3)  27  153  163 
(Length: 4)  27  50  98  164 
(Length: 3)  27  46  48 
(Length: 4)  27  103  138  153 
(Length: 3)  27  55  85 
(Length: 4)  27  98  137  164 
(Length: 4)  27  55  77  154 
(Length: 4)  27  103  137  138 
(Length: 3)  27  50  135 
(Length: 3)  27  106  135 
(Length: 3)  27  106  153 
(Length: 3)  27  77  96 
(Length: 3)  27  85  138 
(Length: 3)  27  29  174 
(Length: 3)  27  50  138 
(Length: 3)  27  29  195 
(Length: 4)  27  49  154  174 
(Length: 3)  27  96  106 
(Length: 3)  27  98  153 
(Length: 3)  27  96  105 
(Length: 3)  27  29  135 
(Length: 4)  27  46  137  164 
(Length: 3)  28  124  138 
(Length: 3)  28  62  138 
(Length: 3)  28  31  75 
(Length: 3)  28  31  86 
(Length: 3)  28  31  121 
(Length: 3)  28  31  124 
(Length: 3)  28  31  42 
(Length: 4)  28  37  42  112 
(Length: 3)  28  46  75 
(Length: 3)  28  47  138 
(Length: 3)  28  37  43 
(Length: 4)  28  42  112  165 
(Length: 3)  28  86  156 
(Length: 3)  28  46  138 
(Length: 3)  28  75  157 
(Length: 3)  28  46  172 
(Length: 3)  28  47  172 
(Length: 3)  28  86  138 
(Length: 3)  28  157  165 
(Length: 3)  28  43  86 
(Length: 3)  28  86  113 
(Length: 3)  29  158  174 
(Length: 4)  29  108  132  186 
(Length: 3)  29  47  89 
(Length: 4)  29  151  160  174 
(Length: 3)  29  47  190 
(Length: 3)  29  165  195 
(Length: 3)  29  75  182 
(Length: 4)  29  108  135  160 
(Length: 3)  29  31  42 
(Length: 3)  29  38  47 
(Length: 4)  29  108  132  135 
(Length: 4)  29  31  53  65 
(Length: 3)  29  65  182 
(Length: 3)  29  158  190 
(Length: 3)  29  38  108 
(Length: 3)  29  47  109 
(Length: 4)  29  38  148  174 
(Length: 3)  29  182  195 
(Length: 4)  29  81  125  148 
(Length: 4)  29  31  81  160 
(Length: 3)  29  108  158 
(Length: 4)  29  52  125  186 
(Length: 4)  29  132  135  151 
(Length: 4)  29  81  125  186 
(Length: 3)  29  148  195 
(Length: 4)  29  135  151  160 
(Length: 3)  29  42  52 
(Length: 4)  29  31  75  148 
(Length: 4)  29  31  81  148 
(Length: 3)  29  109  160 
(Length: 3)  29  165  190 
(Length: 3)  29  42  165 
(Length: 3)  29  38  65 
(Length: 3)  30  53  146 
(Length: 3)  30  53  85 
(Length: 3)  30  85  136 
(Length: 3)  30  99  199 
(Length: 3)  30  53  76 
(Length: 3)  30  41  139 
(Length: 3)  30  99  158 
(Length: 4)  30  99  134  165 
(Length: 3)  30  149  158 
(Length: 3)  30  34  76 
(Length: 3)  30  43  139 
(Length: 3)  30  41  85 
(Length: 3)  30  53  139 
(Length: 4)  30  34  149  165 
(Length: 3)  30  94  134 
(Length: 3)  30  94  149 
(Length: 3)  30  134  146 
(Length: 3)  30  94  136 
(Length: 4)  31  53  121  179 
(Length: 3)  31  71  131 
(Length: 3)  31  71  75 
(Length: 4)  31  53  61  131 
(Length: 4)  31  86  91  148 
(Length: 4)  31  91  134  179 
(Length: 3)  31  75  189 
(Length: 3)  31  81  130 
(Length: 3)  31  71  81 
(Length: 4)  31  53  61  179 
(Length: 4)  31  91  130  179 
(Length: 3)  31  86  189 
(Length: 3)  31  65  134 
(Length: 3)  31  71  121 
(Length: 3)  31  48  131 
(Length: 4)  31  81  86  148 
(Length: 3)  31  48  86 
(Length: 4)  31  53  124  131 
(Length: 4)  31  81  134  160 
(Length: 3)  32  67  133 
(Length: 3)  32  134  169 
(Length: 3)  32  47  134 
(Length: 3)  32  84  155 
(Length: 3)  32  156  194 
(Length: 3)  32  134  144 
(Length: 4)  32  113  165  195 
(Length: 3)  32  66  133 
(Length: 3)  32  155  156 
(Length: 3)  32  39  169 
(Length: 3)  32  56  89 
(Length: 4)  32  82  144  194 
(Length: 4)  32  89  144  194 
(Length: 3)  32  47  89 
(Length: 3)  32  137  156 
(Length: 3)  32  56  67 
(Length: 3)  32  67  113 
(Length: 3)  32  134  165 
(Length: 4)  32  39  144  194 
(Length: 3)  32  148  195 
(Length: 3)  32  67  84 
(Length: 3)  32  134  156 
(Length: 3)  32  66  156 
(Length: 3)  33  151  191 
(Length: 3)  33  49  123 
(Length: 3)  33  72  123 
(Length: 3)  33  125  186 
(Length: 3)  33  49  60 
(Length: 3)  33  186  189 
(Length: 3)  33  62  189 
(Length: 3)  33  123  191 
(Length: 3)  33  74  125 
(Length: 3)  33  71  105 
(Length: 3)  33  110  125 
(Length: 3)  34  87  112 
(Length: 3)  34  51  188 
(Length: 4)  34  92  165  195 
(Length: 3)  34  65  76 
(Length: 4)  34  76  112  188 
(Length: 4)  34  49  60  76 
(Length: 3)  34  112  163 
(Length: 4)  34  113  165  195 
(Length: 3)  34  65  96 
(Length: 3)  34  92  188 
(Length: 3)  34  59  65 
(Length: 3)  34  96  149 
(Length: 3)  34  76  90 
(Length: 3)  34  39  87 
(Length: 3)  34  87  124 
(Length: 3)  34  39  49 
(Length: 3)  34  39  92 
(Length: 3)  34  65  87 
(Length: 3)  34  39  184 
(Length: 4)  34  60  76  112 
(Length: 4)  34  49  76  124 
(Length: 3)  34  87  90 
(Length: 3)  35  173  193 
(Length: 3)  35  73  173 
(Length: 3)  35  42  119 
(Length: 3)  35  124  131 
(Length: 3)  35  52  173 
(Length: 3)  35  42  52 
(Length: 4)  35  124  153  179 
(Length: 4)  35  55  104  119 
(Length: 4)  35  41  55  179 
(Length: 3)  35  55  131 
(Length: 3)  35  55  77 
(Length: 3)  35  150  173 
(Length: 3)  35  136  172 
(Length: 3)  35  42  73 
(Length: 3)  35  77  150 
(Length: 3)  35  153  193 
(Length: 4)  35  41  124  179 
(Length: 4)  36  54  132  185 
(Length: 3)  36  160  183 
(Length: 3)  36  92  182 
(Length: 4)  36  92  175  188 
(Length: 3)  36  76  116 
(Length: 4)  36  54  182  185 
(Length: 3)  36  54  74 
(Length: 3)  36  110  171 
(Length: 3)  36  53  76 
(Length: 3)  36  99  194 
(Length: 3)  36  73  185 
(Length: 3)  36  73  188 
(Length: 3)  36  77  99 
(Length: 3)  36  54  134 
(Length: 4)  36  132  175  185 
(Length: 3)  36  92  189 
(Length: 3)  36  99  134 
(Length: 3)  36  40  53 
(Length: 3)  36  73  189 
(Length: 3)  36  77  171 
(Length: 3)  36  40  74 
(Length: 4)  36  54  171  194 
(Length: 4)  37  49  94  168 
(Length: 3)  37  49  95 
(Length: 3)  37  43  100 
(Length: 4)  37  49  76  168 
(Length: 4)  37  82  95  100 
(Length: 4)  37  42  82  97 
(Length: 3)  37  66  74 
(Length: 3)  37  76  112 
(Length: 3)  37  48  112 
(Length: 3)  37  48  85 
(Length: 4)  37  74  81  130 
(Length: 3)  37  97  151 
(Length: 3)  37  95  151 
(Length: 3)  37  39  81 
(Length: 3)  37  94  151 
(Length: 3)  37  50  122 
(Length: 3)  37  76  140 
(Length: 3)  37  66  76 
(Length: 3)  37  39  49 
(Length: 3)  37  81  94 
(Length: 4)  37  49  76  122 
(Length: 3)  37  42  85 
(Length: 3)  37  42  66 
(Length: 3)  37  43  81 
(Length: 3)  38  147  174 
(Length: 3)  38  72  100 
(Length: 4)  38  83  128  134 
(Length: 4)  38  62  134  146 
(Length: 3)  38  62  138 
(Length: 3)  38  62  161 
(Length: 4)  38  83  138  148 
(Length: 3)  38  63  138 
(Length: 3)  38  100  134 
(Length: 3)  38  100  138 
(Length: 3)  38  65  134 
(Length: 3)  38  100  147 
(Length: 4)  38  108  134  150 
(Length: 3)  38  83  147 
(Length: 3)  38  146  147 
(Length: 3)  38  47  161 
(Length: 3)  38  72  116 
(Length: 3)  38  47  138 
(Length: 3)  38  65  116 
(Length: 4)  38  83  134  150 
(Length: 4)  38  62  134  150 
(Length: 3)  38  57  148 
(Length: 3)  39  40  81 
(Length: 3)  39  93  166 
(Length: 4)  39  81  123  180 
(Length: 3)  39  40  150 
(Length: 3)  39  107  135 
(Length: 3)  39  144  166 
(Length: 3)  39  107  143 
(Length: 3)  39  107  123 
(Length: 4)  39  81  86  169 
(Length: 3)  39  150  194 
(Length: 3)  39  150  166 
(Length: 3)  39  87  180 
(Length: 3)  39  40  177 
(Length: 3)  39  87  150 
(Length: 3)  39  123  166 
(Length: 3)  39  180  184 
(Length: 4)  39  86  92  180 
(Length: 3)  39  92  143 
(Length: 4)  39  86  92  177 
(Length: 3)  39  70  150 
(Length: 3)  39  49  123 
(Length: 3)  39  81  144 
(Length: 3)  39  57  169 
(Length: 4)  39  81  86  180 
(Length: 3)  39  49  150 
(Length: 3)  39  49  197 
(Length: 3)  39  92  166 
(Length: 3)  39  135  150 
(Length: 4)  39  70  86  92 
(Length: 3)  39  107  144 
(Length: 3)  40  66  74 
(Length: 3)  40  53  85 
(Length: 3)  40  105  116 
(Length: 3)  40  66  103 
(Length: 3)  40  66  150 
(Length: 3)  40  53  63 
(Length: 3)  40  53  161 
(Length: 3)  40  81  159 
(Length: 3)  40  126  159 
(Length: 3)  40  116  126 
(Length: 4)  40  74  81  88 
(Length: 3)  40  159  177 
(Length: 3)  41  103  137 
(Length: 3)  41  101  124 
(Length: 4)  41  55  156  159 
(Length: 4)  41  65  96  183 
(Length: 4)  41  44  137  156 
(Length: 4)  41  139  159  191 
(Length: 4)  41  124  137  179 
(Length: 3)  41  65  117 
(Length: 3)  41  89  191 
(Length: 3)  41  139  179 
(Length: 4)  41  89  101  105 
(Length: 4)  41  44  100  101 
(Length: 3)  41  96  137 
(Length: 4)  41  55  85  156 
(Length: 3)  41  89  194 
(Length: 4)  41  156  159  188 
(Length: 3)  41  96  105 
(Length: 4)  41  44  85  156 
(Length: 3)  41  100  139 
(Length: 4)  41  44  101  156 
(Length: 4)  41  44  137  179 
(Length: 3)  42  52  71 
(Length: 3)  42  56  82 
(Length: 3)  42  61  114 
(Length: 4)  42  56  63  73 
(Length: 3)  42  73  185 
(Length: 3)  42  71  155 
(Length: 3)  42  133  187 
(Length: 3)  42  185  187 
(Length: 3)  42  66  185 
(Length: 3)  42  82  185 
(Length: 4)  42  71  114  133 
(Length: 3)  42  112  155 
(Length: 3)  42  66  119 
(Length: 3)  42  66  133 
(Length: 4)  42  61  112  165 
(Length: 3)  42  114  143 
(Length: 4)  42  52  56  143 
(Length: 3)  42  85  114 
(Length: 4)  42  52  61  97 
(Length: 3)  42  143  187 
(Length: 3)  43  169  170 
(Length: 3)  43  139  178 
(Length: 4)  43  92  151  178 
(Length: 3)  43  108  183 
(Length: 3)  43  78  183 
(Length: 3)  43  100  170 
(Length: 4)  43  55  81  186 
(Length: 3)  43  148  170 
(Length: 4)  43  92  145  178 
(Length: 3)  43  49  78 
(Length: 3)  43  86  92 
(Length: 3)  43  49  108 
(Length: 4)  43  55  81  148 
(Length: 3)  43  78  81 
(Length: 4)  43  81  86  186 
(Length: 3)  43  170  186 
(Length: 4)  43  55  108  186 
(Length: 4)  43  81  86  148 
(Length: 4)  43  81  86  169 
(Length: 3)  43  108  178 
(Length: 3)  44  50  104 
(Length: 3)  44  101  197 
(Length: 3)  44  52  56 
(Length: 3)  44  104  145 
(Length: 3)  44  123  137 
(Length: 3)  44  56  63 
(Length: 3)  44  56  189 
(Length: 3)  44  154  169 
(Length: 3)  44  134  169 
(Length: 3)  44  101  169 
(Length: 3)  44  118  169 
(Length: 4)  44  100  104  118 
(Length: 4)  44  123  154  163 
(Length: 3)  44  63  94 
(Length: 4)  44  123  145  166 
(Length: 3)  44  110  153 
(Length: 3)  44  153  163 
(Length: 3)  44  153  179 
(Length: 3)  44  63  169 
(Length: 3)  44  94  134 
(Length: 3)  44  94  118 
(Length: 3)  44  51  166 
(Length: 3)  44  134  179 
(Length: 3)  44  134  156 
(Length: 3)  44  51  187 
(Length: 4)  44  85  123  175 
(Length: 3)  44  76  153 
(Length: 3)  44  100  134 
(Length: 3)  44  76  137 
(Length: 3)  44  110  154 
(Length: 3)  44  51  137 
(Length: 3)  44  85  169 
(Length: 3)  44  134  166 
(Length: 4)  44  85  156  175 
(Length: 3)  44  163  198 
(Length: 4)  44  50  126  179 
(Length: 3)  44  50  169 
(Length: 3)  45  95  103 
(Length: 4)  45  77  102  150 
(Length: 4)  45  77  155  171 
(Length: 3)  45  152  153 
(Length: 3)  45  95  197 
(Length: 3)  45  95  152 
(Length: 3)  45  105  171 
(Length: 3)  45  95  105 
(Length: 3)  45  115  152 
(Length: 4)  45  103  148  198 
(Length: 4)  45  103  153  167 
(Length: 3)  45  102  197 
(Length: 3)  45  90  95 
(Length: 4)  45  77  90  150 
(Length: 4)  46  114  138  143 
(Length: 5)  46  55  143  154  192 
(Length: 3)  46  55  104 
(Length: 3)  46  137  149 
(Length: 3)  46  104  128 
(Length: 3)  46  143  172 
(Length: 3)  46  75  137 
(Length: 3)  46  114  149 
(Length: 3)  46  128  188 
(Length: 3)  46  127  138 
(Length: 4)  46  48  175  188 
(Length: 3)  46  78  173 
(Length: 3)  46  164  188 
(Length: 3)  46  55  75 
(Length: 4)  46  114  143  192 
(Length: 4)  47  138  152  153 
(Length: 3)  47  109  153 
(Length: 3)  47  92  98 
(Length: 3)  47  98  123 
(Length: 3)  47  98  153 
(Length: 4)  47  79  138  162 
(Length: 4)  47  114  123  138 
(Length: 3)  47  98  162 
(Length: 4)  47  107  123  175 
(Length: 3)  47  73  118 
(Length: 4)  47  64  79  134 
(Length: 3)  47  77  79 
(Length: 3)  47  89  94 
(Length: 4)  47  107  162  175 
(Length: 4)  47  152  153  179 
(Length: 3)  47  79  161 
(Length: 3)  47  98  161 
(Length: 4)  47  79  94  134 
(Length: 3)  47  92  199 
(Length: 3)  47  114  118 
(Length: 3)  47  134  179 
(Length: 3)  47  92  190 
(Length: 4)  47  79  138  153 
(Length: 3)  47  162  179 
(Length: 3)  47  77  98 
(Length: 3)  47  92  138 
(Length: 3)  47  161  172 
(Length: 3)  47  161  179 
(Length: 3)  47  73  152 
(Length: 3)  47  77  199 
(Length: 3)  47  97  109 
(Length: 3)  47  64  118 
(Length: 3)  47  97  161 
(Length: 3)  47  92  175 
(Length: 4)  47  92  94  118 
(Length: 3)  48  159  188 
(Length: 3)  48  62  84 
(Length: 3)  48  119  126 
(Length: 4)  48  84  112  126 
(Length: 3)  48  126  159 
(Length: 3)  48  72  84 
(Length: 3)  48  119  180 
(Length: 4)  48  84  85  175 
(Length: 3)  48  87  180 
(Length: 3)  48  87  112 
(Length: 3)  48  112  188 
(Length: 3)  48  68  131 
(Length: 3)  49  126  159 
(Length: 3)  49  126  168 
(Length: 4)  49  69  134  168 
(Length: 5)  49  94  108  134  150 
(Length: 4)  49  154  160  174 
(Length: 5)  49  108  134  150  160 
(Length: 4)  49  60  67  108 
(Length: 3)  49  67  95 
(Length: 3)  49  67  74 
(Length: 3)  49  89  95 
(Length: 4)  49  67  122  159 
(Length: 4)  49  67  94  159 
(Length: 3)  49  69  74 
(Length: 4)  49  67  124  159 
(Length: 3)  49  95  197 
(Length: 4)  49  67  94  108 
(Length: 5)  49  64  134  150  165 
(Length: 5)  49  64  99  134  165 
(Length: 3)  49  64  95 
(Length: 4)  49  78  94  134 
(Length: 3)  49  64  75 
(Length: 3)  49  69  75 
(Length: 4)  49  150  154  160 
(Length: 3)  49  76  89 
(Length: 4)  49  94  134  168 
(Length: 4)  49  89  94  150 
(Length: 3)  49  68  94 
(Length: 3)  49  122  123 
(Length: 4)  49  69  108  134 
(Length: 4)  49  134  160  168 
(Length: 3)  49  123  154 
(Length: 3)  49  99  124 
(Length: 3)  50  126  199 
(Length: 3)  50  88  115 
(Length: 3)  50  135  179 
(Length: 3)  50  158  180 
(Length: 3)  50  59  164 
(Length: 3)  50  73  170 
(Length: 3)  50  98  122 
(Length: 3)  50  111  164 
(Length: 3)  50  53  179 
(Length: 3)  50  111  115 
(Length: 3)  50  169  170 
(Length: 3)  50  53  59 
(Length: 3)  50  64  170 
(Length: 4)  50  108  142  160 
(Length: 3)  50  88  199 
(Length: 4)  50  59  73  180 
(Length: 3)  50  142  199 
(Length: 4)  50  108  135  160 
(Length: 3)  50  111  138 
(Length: 3)  50  88  160 
(Length: 3)  50  158  179 
(Length: 3)  50  122  142 
(Length: 3)  50  108  158 
(Length: 3)  50  138  142 
(Length: 3)  50  111  126 
(Length: 3)  50  142  169 
(Length: 3)  51  59  136 
(Length: 3)  51  111  166 
(Length: 3)  51  97  137 
(Length: 3)  51  86  142 
(Length: 3)  51  86  137 
(Length: 3)  51  61  97 
(Length: 3)  51  143  187 
(Length: 5)  51  59  106  166  174 
(Length: 3)  51  142  163 
(Length: 3)  51  111  143 
(Length: 4)  51  61  106  174 
(Length: 4)  52  58  95  105 
(Length: 4)  52  56  103  143 
(Length: 4)  52  71  95  105 
(Length: 3)  52  71  173 
(Length: 3)  52  111  143 
(Length: 3)  52  103  177 
(Length: 4)  52  56  103  167 
(Length: 3)  52  86  167 
(Length: 3)  52  117  141 
(Length: 4)  52  95  103  125 
(Length: 3)  52  141  175 
(Length: 3)  52  53  87 
(Length: 3)  52  86  186 
(Length: 3)  52  86  177 
(Length: 4)  52  84  111  175 
(Length: 4)  52  95  103  143 
(Length: 4)  52  111  175  185 
(Length: 3)  52  86  141 
(Length: 3)  52  62  84 
(Length: 3)  52  71  177 
(Length: 3)  52  56  173 
(Length: 3)  53  87  124 
(Length: 3)  53  65  87 
(Length: 3)  53  139  181 
(Length: 3)  53  120  139 
(Length: 3)  53  139  179 
(Length: 3)  53  79  161 
(Length: 3)  53  60  63 
(Length: 4)  53  121  161  179 
(Length: 3)  53  65  187 
(Length: 3)  53  60  76 
(Length: 3)  53  76  124 
(Length: 3)  53  65  76 
(Length: 3)  53  85  121 
(Length: 3)  53  79  181 
(Length: 3)  54  185  187 
(Length: 4)  54  144  171  194 
(Length: 3)  54  67  171 
(Length: 3)  54  132  144 
(Length: 3)  54  128  141 
(Length: 4)  54  83  128  134 
(Length: 3)  54  62  164 
(Length: 3)  54  79  134 
(Length: 3)  54  83  185 
(Length: 3)  54  79  171 
(Length: 3)  54  67  122 
(Length: 3)  54  74  90 
(Length: 3)  54  67  141 
(Length: 3)  54  62  134 
(Length: 3)  54  134  144 
(Length: 3)  54  144  182 
(Length: 3)  54  83  122 
(Length: 4)  54  83  171  194 
(Length: 3)  54  67  74 
(Length: 3)  55  119  154 
(Length: 3)  55  91  179 
(Length: 3)  55  104  118 
(Length: 3)  55  91  104 
(Length: 3)  55  154  160 
(Length: 3)  55  108  158 
(Length: 3)  55  81  180 
(Length: 3)  55  91  148 
(Length: 3)  55  68  131 
(Length: 3)  55  119  180 
(Length: 4)  55  81  160  181 
(Length: 3)  55  66  156 
(Length: 3)  55  75  148 
(Length: 3)  55  66  119 
(Length: 3)  55  68  81 
(Length: 3)  55  118  159 
(Length: 4)  55  81  156  181 
(Length: 3)  55  156  192 
(Length: 3)  55  77  108 
(Length: 3)  55  158  179 
(Length: 3)  55  85  108 
(Length: 3)  55  158  180 
(Length: 3)  55  143  179 
(Length: 3)  55  118  131 
(Length: 3)  55  66  75 
(Length: 3)  55  143  186 
(Length: 3)  55  118  143 
(Length: 3)  55  129  131 
(Length: 4)  55  108  129  160 
(Length: 4)  55  81  181  186 
(Length: 3)  55  131  192 
(Length: 4)  55  81  156  159 
(Length: 3)  56  68  103 
(Length: 3)  56  73  180 
(Length: 3)  56  162  167 
(Length: 3)  56  91  162 
(Length: 3)  56  161  167 
(Length: 3)  56  82  173 
(Length: 4)  56  81  159  191 
(Length: 3)  56  73  173 
(Length: 3)  56  67  91 
(Length: 3)  56  68  81 
(Length: 3)  56  76  103 
(Length: 3)  56  143  192 
(Length: 4)  56  82  180  191 
(Length: 3)  56  162  173 
(Length: 3)  56  76  89 
(Length: 4)  56  81  180  191 
(Length: 3)  56  89  173 
(Length: 3)  56  161  189 
(Length: 3)  56  68  183 
(Length: 4)  56  63  167  191 
(Length: 3)  56  89  191 
(Length: 4)  56  91  164  166 
(Length: 3)  56  67  192 
(Length: 3)  56  91  183 
(Length: 3)  56  67  159 
(Length: 3)  56  73  189 
(Length: 3)  56  68  161 
(Length: 3)  57  134  179 
(Length: 3)  57  134  169 
(Length: 4)  57  152  158  179 
(Length: 3)  57  140  152 
(Length: 3)  58  67  94 
(Length: 3)  58  67  95 
(Length: 3)  58  67  122 
(Length: 3)  58  122  178 
(Length: 3)  58  65  115 
(Length: 3)  58  61  106 
(Length: 3)  58  61  94 
(Length: 3)  58  94  150 
(Length: 3)  59  71  75 
(Length: 3)  59  65  77 
(Length: 3)  59  106  153 
(Length: 3)  59  164  166 
(Length: 3)  59  71  121 
(Length: 4)  59  110  124  153 
(Length: 3)  60  64  70 
(Length: 3)  60  70  147 
(Length: 4)  60  67  88  141 
(Length: 3)  60  70  108 
(Length: 3)  60  82  147 
(Length: 3)  60  76  137 
(Length: 4)  60  88  141  175 
(Length: 3)  61  110  154 
(Length: 3)  61  110  114 
(Length: 3)  61  94  159 
(Length: 3)  61  152  165 
(Length: 3)  61  154  174 
(Length: 3)  61  152  179 
(Length: 3)  61  97  154 
(Length: 3)  61  152  154 
(Length: 3)  61  101  185 
(Length: 3)  61  110  129 
(Length: 3)  61  159  199 
(Length: 3)  61  129  131 
(Length: 3)  62  81  153 
(Length: 3)  62  81  134 
(Length: 3)  62  153  193 
(Length: 3)  62  161  172 
(Length: 3)  62  146  153 
(Length: 3)  62  189  193 
(Length: 3)  62  161  189 
(Length: 3)  62  84  161 
(Length: 4)  62  134  150  165 
(Length: 3)  63  111  138 
(Length: 3)  63  169  172 
(Length: 4)  63  167  169  191 
(Length: 3)  63  138  167 
(Length: 3)  63  94  191 
(Length: 3)  64  79  170 
(Length: 3)  64  70  156 
(Length: 3)  64  99  194 
(Length: 3)  64  100  106 
(Length: 4)  64  100  134  165 
(Length: 3)  64  171  194 
(Length: 3)  64  79  171 
(Length: 3)  64  120  170 
(Length: 4)  64  70  71  150 
(Length: 3)  64  156  194 
(Length: 4)  64  95  100  118 
(Length: 3)  64  71  75 
(Length: 3)  64  120  134 
(Length: 3)  64  70  79 
(Length: 3)  64  150  194 
(Length: 3)  64  134  156 
(Length: 3)  64  71  95 
(Length: 3)  64  100  170 
(Length: 4)  65  76  153  157 
(Length: 4)  65  76  157  183 
(Length: 3)  65  77  99 
(Length: 3)  65  153  186 
(Length: 3)  65  68  183 
(Length: 3)  65  77  96 
(Length: 3)  65  117  157 
(Length: 3)  65  76  116 
(Length: 3)  65  116  187 
(Length: 3)  65  104  182 
(Length: 3)  65  96  104 
(Length: 3)  65  99  134 
(Length: 3)  65  99  186 
(Length: 3)  65  87  183 
(Length: 3)  65  157  182 
(Length: 3)  65  68  161 
(Length: 3)  66  127  199 
(Length: 3)  66  83  185 
(Length: 3)  66  83  150 
(Length: 3)  66  157  178 
(Length: 3)  66  76  103 
(Length: 3)  66  103  178 
(Length: 3)  66  75  157 
(Length: 3)  66  83  103 
(Length: 3)  66  74  156 
(Length: 3)  66  76  157 
(Length: 3)  66  178  199 
(Length: 3)  67  91  142 
(Length: 3)  67  106  133 
(Length: 3)  67  95  157 
(Length: 3)  67  80  193 
(Length: 3)  67  80  171 
(Length: 3)  67  131  141 
(Length: 3)  67  80  120 
(Length: 3)  67  106  141 
(Length: 3)  67  113  141 
(Length: 3)  67  94  136 
(Length: 3)  67  91  141 
(Length: 3)  67  80  84 
(Length: 3)  67  84  88 
(Length: 3)  67  74  88 
(Length: 3)  67  84  158 
(Length: 3)  67  124  142 
(Length: 3)  67  124  131 
(Length: 3)  67  122  142 
(Length: 3)  67  108  142 
(Length: 3)  67  131  192 
(Length: 3)  67  158  171 
(Length: 3)  67  98  122 
(Length: 3)  67  106  177 
(Length: 3)  67  146  157 
(Length: 3)  67  84  192 
(Length: 4)  67  88  94  141 
(Length: 3)  67  84  91 
(Length: 4)  67  122  131  133 
(Length: 3)  67  133  171 
(Length: 3)  67  159  177 
(Length: 3)  67  91  136 
(Length: 3)  68  81  94 
(Length: 3)  68  103  131 
(Length: 3)  69  108  194 
(Length: 3)  69  157  194 
(Length: 3)  69  75  157 
(Length: 3)  69  118  146 
(Length: 3)  69  134  156 
(Length: 3)  69  74  156 
(Length: 3)  69  108  167 
(Length: 3)  69  146  157 
(Length: 3)  69  141  168 
(Length: 3)  69  156  194 
(Length: 3)  70  79  142 
(Length: 3)  70  71  147 
(Length: 3)  70  71  88 
(Length: 4)  70  71  126  162 
(Length: 3)  70  108  142 
(Length: 3)  70  111  185 
(Length: 3)  70  92  151 
(Length: 4)  70  71  108  150 
(Length: 3)  70  151  156 
(Length: 3)  70  108  186 
(Length: 4)  70  126  162  179 
(Length: 4)  70  108  150  158 
(Length: 3)  70  92  188 
(Length: 3)  70  79  162 
(Length: 4)  70  89  111  147 
(Length: 3)  70  86  142 
(Length: 3)  70  86  156 
(Length: 3)  70  88  185 
(Length: 3)  70  156  188 
(Length: 4)  70  89  111  115 
(Length: 3)  70  86  186 
(Length: 3)  70  89  150 
(Length: 3)  70  162  185 
(Length: 3)  70  151  179 
(Length: 3)  70  111  126 
(Length: 3)  71  131  162 
(Length: 3)  71  176  177 
(Length: 3)  71  108  155 
(Length: 4)  71  94  108  150 
(Length: 3)  71  75  157 
(Length: 4)  71  81  88  94 
(Length: 3)  71  95  157 
(Length: 3)  71  155  162 
(Length: 4)  71  107  162  173 
(Length: 3)  71  121  147 
(Length: 3)  71  147  176 
(Length: 3)  71  150  173 
(Length: 3)  71  121  133 
(Length: 3)  71  131  133 
(Length: 3)  71  81  155 
(Length: 3)  71  121  150 
(Length: 3)  72  100  170 
(Length: 4)  72  80  84  127 
(Length: 3)  72  127  132 
(Length: 3)  72  84  166 
(Length: 3)  72  93  102 
(Length: 3)  72  93  166 
(Length: 3)  72  106  132 
(Length: 3)  72  106  166 
(Length: 3)  72  123  166 
(Length: 4)  72  100  106  133 
(Length: 3)  72  123  170 
(Length: 3)  73  101  185 
(Length: 3)  73  148  170 
(Length: 3)  73  177  189 
(Length: 3)  73  90  101 
(Length: 3)  74  81  163 
(Length: 3)  74  81  125 
(Length: 3)  74  81  156 
(Length: 3)  75  85  157 
(Length: 3)  75  157  182 
(Length: 3)  76  168  183 
(Length: 3)  76  116  122 
(Length: 4)  76  98  124  137 
(Length: 3)  76  98  112 
(Length: 3)  76  121  140 
(Length: 3)  76  103  137 
(Length: 4)  76  121  122  137 
(Length: 4)  76  98  122  137 
(Length: 4)  76  98  124  153 
(Length: 3)  76  121  153 
(Length: 4)  77  84  155  199 
(Length: 4)  77  108  135  150 
(Length: 3)  77  98  155 
(Length: 3)  77  130  155 
(Length: 3)  77  99  199 
(Length: 3)  77  79  96 
(Length: 3)  77  79  171 
(Length: 4)  77  90  98  154 
(Length: 4)  77  90  150  154 
(Length: 4)  77  90  135  150 
(Length: 3)  77  130  150 
(Length: 3)  77  154  169 
(Length: 3)  78  81  125 
(Length: 3)  78  82  173 
(Length: 3)  78  120  134 
(Length: 4)  78  81  94  134 
(Length: 4)  79  94  134  168 
(Length: 3)  79  129  170 
(Length: 3)  79  96  137 
(Length: 3)  79  137  170 
(Length: 4)  79  153  184  193 
(Length: 3)  79  80  143 
(Length: 3)  79  137  184 
(Length: 4)  79  80  181  193 
(Length: 4)  79  80  168  193 
(Length: 4)  79  80  162  193 
(Length: 3)  79  96  168 
(Length: 3)  79  138  142 
(Length: 3)  79  138  143 
(Length: 3)  79  138  168 
(Length: 3)  79  137  138 
(Length: 4)  80  92  140  145 
(Length: 3)  80  120  127 
(Length: 3)  80  189  193 
(Length: 3)  80  145  168 
(Length: 4)  80  135  162  193 
(Length: 3)  80  135  150 
(Length: 3)  80  92  143 
(Length: 4)  80  92  120  189 
(Length: 4)  80  127  145  181 
(Length: 4)  81  94  159  191 
(Length: 3)  81  153  163 
(Length: 4)  81  88  94  144 
(Length: 3)  81  144  188 
(Length: 3)  81  169  191 
(Length: 4)  81  94  134  144 
(Length: 3)  81  123  163 
(Length: 3)  81  88  185 
(Length: 4)  81  94  180  191 
(Length: 3)  81  134  169 
(Length: 4)  81  123  180  191 
(Length: 3)  81  130  181 
(Length: 3)  81  134  156 
(Length: 3)  81  130  155 
(Length: 4)  81  86  153  186 
(Length: 3)  81  86  156 
(Length: 4)  81  156  159  188 
(Length: 4)  82  100  144  147 
(Length: 4)  82  121  153  184 
(Length: 3)  82  131  184 
(Length: 3)  82  109  131 
(Length: 4)  82  100  144  170 
(Length: 3)  82  191  197 
(Length: 3)  82  147  180 
(Length: 3)  82  109  153 
(Length: 3)  82  102  197 
(Length: 3)  82  105  171 
(Length: 3)  82  97  109 
(Length: 4)  82  100  121  147 
(Length: 3)  82  102  184 
(Length: 3)  82  95  163 
(Length: 3)  82  95  197 
(Length: 3)  82  163  198 
(Length: 4)  82  102  109  144 
(Length: 4)  82  144  171  194 
(Length: 3)  82  180  184 
(Length: 3)  82  153  163 
(Length: 4)  82  121  147  197 
(Length: 3)  82  131  198 
(Length: 3)  82  173  194 
(Length: 3)  82  95  105 
(Length: 3)  83  124  159 
(Length: 4)  83  103  138  148 
(Length: 3)  83  122  159 
(Length: 3)  83  150  158 
(Length: 3)  83  124  147 
(Length: 3)  83  150  194 
(Length: 4)  83  93  103  148 
(Length: 4)  83  103  138  143 
(Length: 3)  83  124  138 
(Length: 3)  84  126  199 
(Length: 3)  84  91  166 
(Length: 3)  84  126  190 
(Length: 3)  84  158  180 
(Length: 3)  84  111  192 
(Length: 3)  84  111  126 
(Length: 3)  84  180  184 
(Length: 3)  84  158  190 
(Length: 3)  84  184  190 
(Length: 4)  84  88  178  199 
(Length: 3)  84  91  155 
(Length: 3)  84  127  199 
(Length: 3)  84  88  175 
(Length: 4)  85  114  123  138 
(Length: 3)  85  157  175 
(Length: 3)  85  114  136 
(Length: 3)  86  137  156 
(Length: 3)  86  186  189 
(Length: 4)  86  138  153  167 
(Length: 3)  86  142  169 
(Length: 3)  86  91  141 
(Length: 3)  86  113  141 
(Length: 3)  86  137  138 
(Length: 4)  86  138  153  186 
(Length: 3)  86  91  142 
(Length: 3)  86  91  153 
(Length: 3)  86  138  148 
(Length: 3)  86  138  142 
(Length: 3)  86  113  180 
(Length: 4)  86  92  177  189 
(Length: 3)  86  137  180 
(Length: 3)  86  161  167 
(Length: 3)  86  161  189 
(Length: 3)  86  92  138 
(Length: 3)  86  167  169 
(Length: 3)  87  114  136 
(Length: 3)  87  168  183 
(Length: 3)  87  124  198 
(Length: 3)  87  124  172 
(Length: 3)  87  147  180 
(Length: 3)  87  90  150 
(Length: 3)  87  150  172 
(Length: 3)  87  124  147 
(Length: 3)  87  150  183 
(Length: 3)  87  110  114 
(Length: 3)  87  110  124 
(Length: 3)  87  136  172 
(Length: 3)  87  136  140 
(Length: 3)  88  141  160 
(Length: 3)  88  94  151 
(Length: 3)  88  151  160 
(Length: 3)  88  175  185 
(Length: 3)  88  141  199 
(Length: 3)  89  101  115 
(Length: 3)  89  94  141 
(Length: 3)  89  94  144 
(Length: 3)  89  95  127 
(Length: 3)  89  144  147 
(Length: 4)  89  94  150  191 
(Length: 4)  89  130  150  173 
(Length: 3)  89  95  105 
(Length: 4)  89  150  173  194 
(Length: 3)  90  95  135 
(Length: 3)  90  101  186 
(Length: 3)  90  131  135 
(Length: 3)  90  123  131 
(Length: 3)  90  131  192 
(Length: 4)  90  98  123  154 
(Length: 3)  90  154  192 
(Length: 3)  91  130  149 
(Length: 4)  91  98  155  162 
(Length: 3)  91  98  153 
(Length: 3)  91  130  142 
(Length: 3)  91  98  164 
(Length: 3)  91  162  179 
(Length: 4)  91  148  149  166 
(Length: 3)  91  134  165 
(Length: 3)  91  134  166 
(Length: 3)  91  102  142 
(Length: 3)  91  149  165 
(Length: 3)  91  130  155 
(Length: 3)  91  141  165 
(Length: 3)  91  102  179 
(Length: 3)  91  153  179 
(Length: 3)  92  159  188 
(Length: 4)  92  138  143  151 
(Length: 3)  92  94  151 
(Length: 4)  92  95  118  143 
(Length: 4)  92  95  143  151 
(Length: 3)  92  157  175 
(Length: 3)  92  143  190 
(Length: 3)  92  178  199 
(Length: 4)  92  94  118  159 
(Length: 3)  92  157  182 
(Length: 3)  92  95  157 
(Length: 3)  92  157  165 
(Length: 3)  92  95  163 
(Length: 3)  92  157  178 
(Length: 3)  92  159  199 
(Length: 3)  92  182  199 
(Length: 3)  92  129  188 
(Length: 3)  92  98  155 
(Length: 3)  92  159  177 
(Length: 3)  92  165  190 
(Length: 3)  92  94  180 
(Length: 3)  92  140  195 
(Length: 3)  92  155  189 
(Length: 3)  92  155  199 
(Length: 3)  92  120  195 
(Length: 3)  93  166  172 
(Length: 3)  93  148  166 
(Length: 3)  93  102  142 
(Length: 3)  93  130  142 
(Length: 3)  94  149  168 
(Length: 3)  94  149  150 
(Length: 3)  94  151  191 
(Length: 3)  94  141  168 
(Length: 4)  95  103  118  143 
(Length: 3)  95  151  152 
(Length: 3)  95  127  197 
(Length: 4)  95  143  151  197 
(Length: 3)  95  100  157 
(Length: 3)  95  105  118 
(Length: 3)  95  127  163 
(Length: 3)  95  135  151 
(Length: 3)  96  118  183 
(Length: 3)  96  148  149 
(Length: 3)  96  106  177 
(Length: 3)  96  149  168 
(Length: 3)  96  105  118 
(Length: 3)  96  137  149 
(Length: 3)  96  104  106 
(Length: 3)  96  104  118 
(Length: 3)  97  154  161 
(Length: 3)  97  151  161 
(Length: 3)  97  109  137 
(Length: 3)  97  120  127 
(Length: 3)  98  162  193 
(Length: 3)  98  154  161 
(Length: 3)  98  154  162 
(Length: 4)  98  122  123  137 
(Length: 3)  98  112  155 
(Length: 4)  98  123  137  164 
(Length: 3)  98  153  193 
(Length: 3)  99  158  176 
(Length: 4)  99  124  132  186 
(Length: 3)  99  186  199 
(Length: 3)  100  111  147 
(Length: 3)  100  157  165 
(Length: 3)  100  134  144 
(Length: 3)  100  111  138 
(Length: 3)  100  134  168 
(Length: 3)  100  111  164 
(Length: 3)  100  104  106 
(Length: 3)  100  139  164 
(Length: 3)  100  121  133 
(Length: 3)  101  105  169 
(Length: 3)  101  127  197 
(Length: 3)  101  132  185 
(Length: 3)  101  127  132 
(Length: 4)  101  124  132  186 
(Length: 3)  101  122  156 
(Length: 3)  102  139  179 
(Length: 3)  102  143  192 
(Length: 3)  102  157  184 
(Length: 3)  102  139  150 
(Length: 3)  102  143  197 
(Length: 3)  102  139  159 
(Length: 3)  102  143  179 
(Length: 3)  103  118  131 
(Length: 3)  103  144  178 
(Length: 3)  103  131  198 
(Length: 4)  103  138  148  198 
(Length: 4)  103  138  153  167 
(Length: 3)  103  143  154 
(Length: 3)  103  125  148 
(Length: 3)  103  131  137 
(Length: 3)  104  182  185 
(Length: 3)  104  119  167 
(Length: 3)  104  167  185 
(Length: 3)  105  118  169 
(Length: 3)  106  132  147 
(Length: 3)  106  147  174 
(Length: 3)  106  176  177 
(Length: 3)  106  147  176 
(Length: 3)  106  132  135 
(Length: 3)  106  135  141 
(Length: 3)  107  148  193 
(Length: 3)  107  125  162 
(Length: 3)  107  123  164 
(Length: 3)  107  135  141 
(Length: 4)  107  162  173  193 
(Length: 3)  107  162  182 
(Length: 3)  107  125  148 
(Length: 3)  107  181  182 
(Length: 3)  107  181  193 
(Length: 3)  107  144  182 
(Length: 3)  107  141  175 
(Length: 4)  107  135  162  193 
(Length: 4)  108  150  158  183 
(Length: 4)  108  152  158  183 
(Length: 4)  108  150  160  183 
(Length: 3)  108  155  186 
(Length: 4)  108  135  150  160 
(Length: 3)  108  132  178 
(Length: 4)  108  142  178  194 
(Length: 3)  108  150  194 
(Length: 3)  109  137  160 
(Length: 3)  109  137  156 
(Length: 3)  109  155  156 
(Length: 3)  109  156  181 
(Length: 3)  109  131  137 
(Length: 3)  109  144  166 
(Length: 3)  109  160  166 
(Length: 3)  109  160  181 
(Length: 3)  110  124  142 
(Length: 3)  110  142  154 
(Length: 3)  111  164  166 
(Length: 3)  111  146  147 
(Length: 3)  111  143  192 
(Length: 3)  111  138  143 
(Length: 3)  112  135  188 
(Length: 3)  113  141  165 
(Length: 3)  114  123  163 
(Length: 3)  114  136  192 
(Length: 3)  114  118  143 
(Length: 3)  114  163  194 
(Length: 3)  116  119  130 
(Length: 3)  116  130  155 
(Length: 3)  116  155  189 
(Length: 3)  116  119  126 
(Length: 3)  117  130  173 
(Length: 3)  117  130  157 
(Length: 3)  119  154  162 
(Length: 3)  119  162  167 
(Length: 3)  119  180  191 
(Length: 4)  119  167  169  191 
(Length: 3)  119  154  169 
(Length: 3)  119  126  162 
(Length: 3)  120  123  170 
(Length: 3)  120  127  183 
(Length: 3)  121  142  199 
(Length: 3)  121  137  184 
(Length: 3)  121  143  179 
(Length: 3)  121  137  179 
(Length: 3)  121  186  199 
(Length: 3)  121  143  197 
(Length: 3)  121  143  186 
(Length: 3)  121  137  150 
(Length: 3)  121  122  142 
(Length: 3)  121  122  133 
(Length: 3)  121  140  152 
(Length: 4)  121  152  153  179 
(Length: 3)  121  153  186 
(Length: 3)  122  156  159 
(Length: 3)  122  137  156 
(Length: 4)  122  123  131  137 
(Length: 3)  122  142  178 
(Length: 3)  123  145  191 
(Length: 4)  123  137  149  170 
(Length: 3)  123  149  166 
(Length: 3)  123  137  138 
(Length: 3)  123  137  180 
(Length: 3)  124  131  137 
(Length: 4)  124  138  153  186 
(Length: 4)  124  132  138  186 
(Length: 3)  124  137  138 
(Length: 3)  124  138  198 
(Length: 3)  124  138  142 
(Length: 3)  124  132  147 
(Length: 3)  124  131  198 
(Length: 3)  126  141  199 
(Length: 3)  126  159  199 
(Length: 3)  126  159  190 
(Length: 3)  126  141  168 
(Length: 3)  127  145  183 
(Length: 4)  127  181  191  197 
(Length: 3)  127  132  138 
(Length: 4)  127  145  181  191 
(Length: 3)  129  141  160 
(Length: 3)  129  131  141 
(Length: 3)  131  135  162 
(Length: 3)  131  137  184 
(Length: 3)  131  135  141 
(Length: 3)  132  139  178 
(Length: 3)  132  138  151 
(Length: 3)  132  151  178 
(Length: 3)  132  144  178 
(Length: 3)  132  139  186 
(Length: 4)  134  150  160  166 
(Length: 3)  134  144  166 
(Length: 3)  135  162  179 
(Length: 3)  135  141  160 
(Length: 3)  135  151  179 
(Length: 3)  137  180  184 
(Length: 3)  137  149  150 
(Length: 3)  137  150  160 
(Length: 3)  138  151  152 
(Length: 3)  138  162  167 
(Length: 3)  139  164  178 
(Length: 3)  139  181  191 
(Length: 3)  139  178  181 
(Length: 3)  139  150  191 
(Length: 3)  141  160  168 
(Length: 3)  142  154  163 
(Length: 3)  142  163  194 
(Length: 3)  142  178  199 
(Length: 3)  142  154  169 
(Length: 3)  142  154  160 
(Length: 3)  143  151  179 
(Length: 3)  143  151  187 
(Length: 3)  144  158  190 
(Length: 3)  145  178  181 
(Length: 3)  146  153  157 
(Length: 3)  148  166  174 
(Length: 3)  148  149  170 
(Length: 3)  149  150  158 
(Length: 3)  149  152  165 
(Length: 3)  149  161  185 
(Length: 3)  149  152  158 
(Length: 3)  150  165  190 
(Length: 3)  150  158  190 
(Length: 3)  151  161  179 
(Length: 3)  151  152  179 
(Length: 3)  151  191  197 
(Length: 3)  153  157  184 
(Length: 3)  155  186  189 
(Length: 3)  155  186  199 
(Length: 3)  156  175  188 
(Length: 3)  157  178  194 
(Length: 3)  159  177  191 
(Length: 3)  160  166  174 
(Length: 3)  160  168  183 
(Length: 3)  161  167  185 
(Length: 3)  162  182  185 
(Length: 3)  162  167  185 
(Length: 3)  162  175  185 
(Length: 3)  162  173  194 
(Length: 3)  176  177  196 
(Length: 3)  178  181  199 
(Length: 3)  181  186  199 
(Length: 3)  181  193  197 
...model cost: 2.75 seconds  50373 FFE
 (opt) 894.00000000 == 894.00000000 (sur)  OPTIMALITY TEST PASSED!
   BESTimpr 785.00000000 -> 873.00000000
*1*******1***1****111*1***1111***11*1111***1111**111*1*1*111111*1***1111*1*111111*1**1**1***1*11111*111**1*1***11****11*11*1***111***1111****1**111***1111******1*11111**11*11*111*****11*111**111**1**1

