Walsh model started...
 88  155  6  32  74  192  119  8  130  127  90  45  50  99  57  137  17  110  168  92  118  27  139  14  169  120  100  123  81  148  160  128  4  159  178  53  101  13 
 187  39  122  99  127  126  55  180  87  184  102  171  193  45  133  123  15  41  98  3  168  57  49  75  191  197  179  90  32 
 27  55  150  18  26  163  149  112  5  15  110  53  167  197  29  177  162  97  114  120  66  123  133  33  157  62  82 
 196  148  116  185  138  193  60  79  146  135  51  115  82  39  34  180  75  98  1  173  141  127  169  47  137  162  11  156  100  95  111 
 62  13  126  114  117  17  89  84  105  190  58  11  96  147  57  25  0  159 
 23  142  188  27  152  172  176  94  2  15  150  52  156  130  83  37  186  13  42  126  169  48  96  72  119  25  43  168  109  62  173  33  135  26  128  138 
 32  0  97  94  85  105  111  19  78  38  134  107  135  172  55  198  46  179  53  89  162  16 
 13  28  73  121  138  137  122  72  88  24  96  85  196  133  158  107  43  37  167  130  179  65  116  150  180  157  35  111  126  93 
 127  117  154  173  96  20  119  0  101  122  82  153  37  115  187  94  180  23  31  175  126  77  76  60  188  87  66  74  184  75 
 118  169  100  165  109  130  52  21  14  123  63  159  46  37  86  194  26  25  195  171  39  181  47 
 39  53  180  28  142  96  83  161  128  133  72  154  93  116  124  112  177  87 
 85  96  190  157  122  95  91  146  86  173  27  44  99  16  12  124  110  70  128  98  54  33  112  78  178  102  150  4  58  162  3 
 67  151  195  45  194  144  11  124  127  19  42  112  53  131  166  83  119  135  88  103  86  170 
 62  4  126  7  28  89  40  167  58  115  135  95  73  15  48  5  186  63  124  46  45  197  168  154  44  56  180  130  170  116  184  39  101  0 
 24  56  126  45  123  9  75  143  151  162  42  127  112  133  139  0  163  15  192 
 83  191  48  142  2  5  47  106  128  140  108  29  13  60  80  1  41  163  14  146  87  155  167  57 
 42  163  162  183  99  11  106  130  115  166  36  22  146  124  27  33  44  179  67  72  149  158  50  80  143  152  170  185  150  98  39  119  122  38  6  116  188 
 34  32  28  188  4  126  99  191  118  119  108  20  181  40  59  104  110  0  76  38  61  24  155  88 
 57  89  150  2  78  80  172  24  35  69  194  187  178  40  97  112  167  173  34  168  91  117 
 89  103  45  36  164  194  180  34  6  111  175  134  127  12  32  137  162  131  47  197  51  31  46  42  58  90  115  122 
 147  70  136  176  172  175  198  130  165  8  96  105  174  180  145  108  17  116  155  41  166  71  46  146  192  101  29  170  114  122 
 52  9  177  77  192  31  184  186  86  87  40  98  69  78  25  163 
 147  190  113  172  156  23  36  16  33  44  152  151  176  168  141  43  125  146  56  181  114 
 5  142  73  42  22  156  174  171  149  182  180  8  166  107  85  112  82  119 
 41  166  14  56  118  178  147  30  18  172  7  88  165  105  199  128  136  191  17  61  25  133  45  95 
 112  137  26  9  42  140  133  24  5  43  57  4  37  103  75  59  182  39  21  163 
 147  91  2  163  164  130  166  73  99  175  174  187  169  72  60  197  28  119  189  116  172  9  25  135  5  30  165 
 70  69  188  5  64  102  2  55  11  44  52  30  16  33  118  0  157  29  136  143  176  169  40  149  151  178  92 
 13  7  17  188  162  47  196  152  35  107  10  180  99  103  82  137  54  26  197  128  86  85  76  159  53  97 
 93  111  39  154  101  74  113  46  108  15  2  112  50  174  163  167  36  53  27  157  170  20  168  141  47  136  162 
 146  128  188  161  147  136  24  192  66  52  27  48  35  179  133  89  39  81  55  61  88  124  152  60  26 
 37  38  50  138  192  21  48  75  191  184  53  188  46  19  175  8  42  78  96  100  129 
 196  44  6  0  17  34  19  103  59  97  77  113  1  179  123  82  137 
 84  85  22  44  66  185  155  149  27  16  191  76  68  87  120  11  112  157  2  127  196  142  108  54  186  194  134  177  173  5 
 17  32  161  195  182  186  180  19  114  69  80  135  168  18  3  95  42  172  84  115 
 74  63  192  144  117  48  143  98  18  69  28  107  30  199  172  160  53  141  82  91  135  184  147  190  111  7  126  105  167  158  93 
 108  87  43  177  45  19  53  104  22  16  54  186  95  42  176  169  29  49  162  190 
 73  94  38  31  82  140  43  60  155  187  120  88  64  144  178  81  5  83  7  174  156  115  8  114  85  46  9  134  62  98  111  25  103  121  42 
 37  31  78  6  44  150  80  112  76  17  95  48  70  64  175  117  111  154  109  140  59  16  122  155  147  50  182 
 1  187  29  154  10  53  109  92  59  93  170  69  71  47  3  82  30  89  50  76  16  119  182  25  171  9  184  13 
 124  113  91  150  13  89  181  17  178  18  188  104  96  45  146  194  185  140  169  27  59  142  105  175  21  98  97  68  161  197  77 
 60  175  158  42  24  166  68  128  1  15  20  122  88  96  92  155  54  105  133  98  152  106  136  167  165  84  135 
 163  16  41  158  23  73  155  68  12  112  95  36  122  103  133  86  14  127  126  5  69  167  25  140  31  19  34  172  121  37 
 177  36  37  60  129  67  64  63  49  137  119  47  7  164  198  141  22  103  104  90  192  5  25  98  109  83  134 
 105  176  196  32  111  55  11  27  22  33  124  117  103  155  150  38  89  64  179  16  90  118  137  143  140  184  56  13  98  167 
 119  97  195  12  19  36  90  0  196  163  126  14  95  154  1  193  96  40  60  70  13  197  85  66  75  50  140  162  24  111  178  190  105  79 
 113  29  51  103  74  135  20  71  143  126  124  13  37  9  31  19  47  179  6  195  151  160 
 116  185  28  162  15  106  82  164  146  177  39  71  19  131  119  43  168  157  53  65  46  29  91  198  137  3  56  104  62  181  9 
 15  142  184  105  117  35  89  159  59  148  30  13  55  80  194  91  31  75  171  124  95  38  141  96  5  92  67  99  109  145 
 150  105  82  158  43  137  151  88  184  60  36  162  1  75  73  90  87  140 
 31  138  71  157  142  183  0  99  90  193  29  174  175  93  192  100  16  80  39  76  94  52  75  45  38  182  81  150  196  92  103 
 115  155  186  76  103  46  88  157  3  19  197  100  189  139  73  54  89  131  83  57 
 54  163  9  21  157  161  5  150  30  27  113  98  105  134  193  190  50  94  56  86  64  61  197  123  138  53 
 131  166  73  90  104  36  10  39  110  2  107  184  171  153  12  160  35  29  188  31  59  163  47  65  89  6  159  28  170  179  178  0  138  52 
 149  131  52  163  85  86  112  94  98  11  36  186  137  28  51  89  177  154  111  133  175  105  168  41  155  108  33 
 111  44  27  2  56  195  1  180  67  143  86  158  103  92  48  142  76  181  198  6  71  178  30  81  126  170  192  73  77  129  122 
 55  195  24  14  75  78  110  155  80  52  86  22  181  44  13  151  123  76  137  47  183  119  163 
 191  115  18  89  122  84  98  127  137  0  108  182  1  168  25  4  167  15  121  189  76  51  118  63 
 110  113  67  92  88  167  75  13  151  108  68  4  11  19  90 
 178  88  197  76  48  148  39  93  130  173  104  17  85  95  32  97  186  129  163  53  140  38  142  40  127  194  25  75  115  158 
 41  175  171  109  43  37  91  77  139  131  3  79  80  15  26  166  70  45  184  49  124  95  8  188  30 
 147  107  17  24  64  52  88  30 
 13  4  94  97  135  199  106  129  73  169  37  134  130  117  5  96  82  2  125  77  104  47 
 74  35  115  93  64  43  98  161  135  13  113  164  143  9  159  114  140  89  116  155  91  118  57 
 27  102  83  110  37  144  63  43  164  194  89  44  161  98  180  78  38  133  91  61  52 
 156  152  167  92  7  179  47  53  195  144  155  104 
 141  108  30  192  33  185  177  2  149  101  144  136  126  78  85  45  69  148  87  8 
 58  92  151  12  143  55  43  129  106  96  153  169  175  122  16  72  190  135  48  183  134 
 185  186  155  42  41  128  33  87  108  58  145  126  134  114  113  97  40  141  122 
 70  27  104  145  34  114  18  35  170  39  85  178  42  167  148  66  177  72  187  176  149  197  21  78 
 20  147  69  27  194  93  11  128  167  161  134  101  133  95  60  45  85  119  98  38  76  135  157  153 
 179  138  50  157  189  76  117  118  20  46  39  47  113  173  178  55  158  86  159  99  119  124 
 122  7  141  177  181  189  169  26  124  171  155  109  67  16  10  154  118  69  5  119  116  165 
 94  37  7  121  197  103  23  42  53  90  135  99  62  169  166  26  122  114  95  13  51  139  124  193  49  189  185  77  55 
 63  35  0  192  101  29  46  135  154  89  151  111  125  85  176  137  153  146  122  172  84  129  133  90  8  184 
 167  58  162  116  56  78  14  143  151  31  48  196  114  3  79  50  45  1  49  25  59  175  138  122  176  8  77 
 51  186  71  189  164  77  197  59  86  181  55  191  33  84  95  17  38  70  50  39  85  28  123  56  8  154  57 
 177  21  91  60  76  164  144  102  126  8  130  175  173  86  32  113  140  73  55  125  62  40  169  75 
 123  171  80  18  117  92  182  139  98  102  75  56  38  6  196  126  178  151  11  66  84  64  94  192  96  31  97  69  21 
 167  102  3  60  105  95  192  165  182  196  110  177  75  45 
 78  18  141  167  118  156  34  135  85  181  60  15  48  194  38  112  197  119  50  16  56  158  121  155  81 
 149  172  191  144  178  37  110  129  187  162  30  55  121  165  0  148  50  80 
 37  140  149  181  185  47  103  28  49  158  144  127  8  153  3  39  178  109  91  35  186  188  100  123  152  23  119  62  2  137  32 
 164  141  15  191  64  110  192  93  5  37  161  10  167  124  166  12  180  183  155  133  131  51  178  43  134 
 85  33  141  116  122  57  184  162  151  78  76  95  89  4  173  157  115  34  135  41  74  129 
 84  33  11  96  105  6  54  86  7  108  141  80  181  125  74  93  144  95  59  70  69  114  37  66  45  28  76  23  112  135  190  164  178 
 173  11  54  85  76  181  158  55  167  140  133  42  87  179  143  131  157  155  176  88  128  28  71  21  194  9  56  52  77  12  170  92  97 
 108  36  171  111  1  184  165  141  68  33  120  86  179  114  94  21  102  126  15  155  119  49  140  8  66  10  177 
 0  155  131  115  113  58  59  178  7  24  120  37  132  139  51  157  124  136  151  49  122  41  176  86  169  12  103  61  30  17 
 19  103  18  57  48  159  13  40  154  74  44  64  84  4  51  54  30  39  53  6  63  116  163  176  192 
 0  45  53  73  104  179  50  193  44  118  130  144  192  43  183  113  19  58  49  1  133  74 
 147  26  99  136  11  146  192  182  60  77  193  150  40  107  197  184  48  18  117  138  135  129  114  82  35  186  64  133  198  47  155  63  145 
 67  58  117  78  39  109  103  55  0  168  148  178  167  65  111  104  41  96  155  107  131  48  27  50  86 
 111  29  115  63  192  83  194  70  147  149  184  133  59  39  85  144  127  186  50  175  181  125  116  10  100  146  35  7 
 73  37  62  97  6  184  135  176  5  54  112  87  114  107  186  162  174  187  8  137  179  192  193  50  52  191  78  131  198 
 122  11  154  45  73  13  105  79  36  42  85  59  133  70  124  60  108  159  84  76  38  48  186  34  150  190  157  101  24  99  111  3 
 11  85  8  20  7  106  67  10  142  45  40  122  41  92  48  5  150  186  4  147  78  31  62  178 
 45  119  121  183  94  62  6  18  2  59  32  40  68  192  78  180  148  86  28 
 163  143  78  102  35  153  189  57  127  113  52  54  11  63  161  157  190  117  196  64  180  119  70  1  3  168  111  37  16  150  41  152  173  167  43  109  44  40  21 
 91  136  1  122  182  106  191  17  135  73  11  16  104  155  0  50  175  26  188  28  121  162  157  129  173  160  108  159  71  48  95  145 
 9  165  121  110  147  155  188  184  126  149  117  166  51  189  192  50  0  123  82  31  129  93  146  156  3 
 74  29  8  122  149  66  134  70  150  103  20  172  157  95  174  197  0  13 
 64  27  168  172  98  78  1  171  167  79  112  104  144  77  150  11  126  87  119  184  162  135 
 19  89  73  197  51  46  44  155  82  28  92  55  32  122  42  127  150  101  43  104  88  12  37  25  167  50 
 53  36  99  155  69  145  90  179  178  164  188  40  102  112  59  17  43  103  92  111  65  195  62  47 
 176  44  48  184  20  174  85  6  150  49  79  95  190  114  24  165  134  52  144  116  4  175  54  41  133  126  35  40  109  148  45 
 182  99  62  129  16  130  47  15  67  96  183  178  168  141  41  136  199  158  135 
 35  28  53  184  91  197  6  134  158  7  185  121  94  186  156  147  61  166  23  92  131 
 163  130  87  36  66  141  186  179  17  20  15  29  85  109  157  170  57  182  58  68  95  159  146  33  54  160  99 
 60  171  9  130  163  125  39  92  108  72  155  82  178  154  38  5  168  48  145  43  98  121  184  105  148  158  169 
 58  113  64  83  121  100  2  53  11  124  17  0  155  56  79  177  129  81  170  123 
 93  29  55  44  171  87  6  19  151  74  139  160  188  199  92  104  98  37  133  54  117  38  35  7  95  3  155  148  45  178 
 25  137  159  190  54  94  149  2  29  42  12  102  104  38  80  18  167  33  11  14  133  125  161  192  85  23  194  145  10  124 
 139  119  58  110  22  172  88  124  40  46  29  187  183  52  98  71  173  63  164  122  162  90  68  114  32  77  192  193 
 4  117  191  197  34  69  122  73  105  190  2  120  154  145  87  94  150  174  196  75  37  85  173  91  129  68  113  20  22  172  140  63 
 57  191  51  155  63  93  131  88  166  16  13  135  3  153  37  8  84  34  158  59  19  122 
 185  47  141  84  3  162  75  20  155  144  105  149  150  26  172  7  131  140  157  93  10  63  89  16  188  13  170  192  189  72  191  176 
 127  8  4  114  78  92  35  48  44  124  71  118  100  166  98  196  91  18  38  111  130  62  176  186 
 9  169  24  178  17  119  156  80  117  71  44  90  0  27  124  72  57  63 
 45  97  113  139  17  118  8  0  194  157  47  43  80  197  70  98  123  164  189  26  72  5  12  135  87  155  16  39  102  184  23  82  163  56  71  124 
 88  37  114  2  33  87  0  169  175  168  180  155 
 183  97  7  73  110  100  99  162  185  107  80  158  165  81  155  37  42  109  184  57  189 
 11  95  1  99  72  7  137  165  73  114  84  57  101  8  42  103  145  152  96  67  74  172  113  162  88  41  169  16  38  20  127  55  129  176  75  141  68  115  19 
 78  171  14  9  133  1  194  164  2  0  100  119  110  170  82  152  56  151  76  197  52  183  179  32 
 40  113  11  12  146  16  44  117  110  171  72  136  88  48  167  83  13  46  95  60  176  145  118  73  193  10  112  152  30  71  119 
 163  109  85  74  179  137  147  133  22  146  112  161  181  93  77  62 
 4  13  127  1  17  14  45  100  149  196  78  143  46  42  5  66  102  87  55  178  77  8  145  68  105  35  180  7 
 8  117  126  1  0  130  98  57  12  19  82  103  186  93  144  142  14  42  33  157  3  169  59  194  172  122  167 
 146  30  140  15  11  70  41  68  199  24  10  133  86  28  134  160  0  5  138 
 197  135  62  106  43  67  175  170  186  59  157  99  91  114  136  178  110  81  133  195  100  31  55  122  188  193  74  84 
 108  163  109  9  20  165  0  127  16  106  26  164  5  156  173  59  90  144  167  7  169  143  180  175  77  62  117  13 
 54  149  53  166  88  115  139  60  138  168  12  19  47  86  143  153  116  140  83  51  107  92  94  198  159 
 176  187  88  139 
 184  93  123  1  196  7  147  125  86  42  128  10  95  70  30  179  2  14  112  64  91  111  54  83  155  105  41  25  24  129  195  74  90 
 175  19  6  107  105  52  101  70  37  62  128  68  33  177  67  183  43  83 
 62  199  129  197  94  184  99  73  115  13  34  80  74  46  195  150  3  146  63  6  172  138  91  67  190  12  119  35  85  70  84  41  106  26  5  162  102 
 91  99  20  176  147  30  150  183  124  88  144  66  191  24  143  27  129  178  173  154  181  41  106  29  162 
 7  138  112  25  197  198  122  165  57  0  49  43  176  74  28  54  19  162  179  125  143  44  94  47  3  56  82  32 
 179  71  7  137  31  50  189  197  3  193  131  168  91  135  175  75  52  53  159  128  5 
 113  119  182  78  131  60  132  88  111  160  51  73  14  0 
 37  82  128  15  144  86  167  185  40  44  184  42  25  59  38  116  131  162  45  114  63  177  77  174  168  87  49 
 164  83  66  108  72  177  116  84  167  80  193  143  196  172  85  165  87  43  22  168  29  35  48  3  173  106  68  122  166 
 23  5  15  48  183  50  10  96  55  154  163  144  127  59  40  33  196 
 67  55  163  98  193  141  35  75  14  137  44  150  164  46  126  63  86  131  136  27  16  152  156  130  192 
 192  35  12  194  64  37  81  191  140  82  85  93  161  142  127  66  136  90  130  105  116  77  102  163  175  195  65  154  157 
 20  180  104  69  122  152  114  154  124  176  126  68  166  169  194  112  109  48  91  99  177  162 
 128  30  91  11  16  124  169  184  164  47  3  135  153  74  20  192  40  194  125  22  176  108  15  100  93 
 91  26  20  70  22  190  136  30  24  93  149  193  100  155  133  125  61  107  4  96  38  35 
 3  196  59  48  92  178  69  66  0  81  105  109  180  97  111  155 
 54  131  81  172  82  181  147  93  2  112  100  126  155  33  66  101  23  182  116  150  16  158  191  157  27  151  69  197 
 2  18  91  40  136  183  5  52  105  49  195  135  44  38  101  103  164  143  114  174  116  149  175  161  159  176  102  11  7  186  96  16  98  95  190  196  50 
 67  12  111  74  152  22  75  58  14  162  88  49  78  178  84  198  173  149  27  56  123  46  160 
 172  5  156  65  196  28  151  22  122  145  16  143  82  123  41  98  124  30 
 98  189  53  171  146  74  169  67  82  8  115  131  176  157  70 
 173  8  29  39  159  184  95  45  74  89  163  142  114  145  10  72  168  13  177  54  38  109  144  157  136  181  76 
 0  88  51  115  37  187  42  68  147  100  104  99  33  149  44  103  20  116  72  109  110  56  157  86  83  133  41  54  15  87  65  92  119  38  121  80  17  120  180  178  91  63  111  148 
 118  80  22  23  65  152  5  130  174  37  107  185  143  3  100 
 190  11  161  52  50  71  194  119  51  88  98  108  170  27  29  155  86  129  99  33  2  127  168  47  149  191  84  173  154  144  101  95  116  7  70  153 
 41  42  86  55  178  161  49  82  7  107  149  16  71  80  121  199  106  115  59  169  109  167  35 
 154  184  48  89  190  112  108  95  63  9  150  176  99  71  28  53  4  0  131  138 
 164  187  53  35  139  111  99  108  46  151  0  128 
 34  195  188  30  157  52  178  158  98  63  70  167  144  64  83  10  125  112  175  150  181  169  197  40 
 16  183  28  47  75  116  121  99  177  2  137  19  14  151  184  84  94  174  122  113  81  187  36  49  140  45  6  3  11  136  29  145  135  102 
 108  130  42  16  125  109  54  52  2  26  143  98  196  45  154  142  29  167  14  15  59  53  168  144  175  176  89  119  56  21  25 
 141  83  160  187  194  19  76  77  26  130  178  104  146  47  177  64  123  63  113  150  143  198  43  119  190  85 
 100  9  20  130  122  137  24  105  141  87  79  192  121  81  167  41  166  26  72 
 131  53  24  41  115  16  73  26  176  187  117  100  20  60  83  12  23  107  145  169  165  141 
 141  80  75  58  79  102  13  2  197  70  161  86  140  18  112  29  163  180  175  83  124  92  65  7  130  69  42  15  57  173  98  165  41  103  127  44  158  35  185 
 102  172  138  131  34  18  0  92  22  176  13  154  141  29  163  98  1  57  157  47  54  106  5  109  140  174  175  120 
 118  9  62  73  146  184  72  26  153  67  176  36  0  120  40  27  5  130  127  3  122  88  145  166  161  181  158  109  77 
 175  129  39  69  108  157  178  29  20  185  16  110  123  55  192  179  53  86  12  13  116 
 123  78  189  181  60  109  87  111  1  102  174  23  53  153  124  72  48  9  39  190  180 
 176  20  22  113  168  102  152  5  81  149  18  24  196  141  35  199  173  135  6  101  74  122  116  26  114  127  42  34 
 154  8  86  11  130  59  71  113  172  18  114  196  198  151  3  141  84  157  136  99  77  167  98  33  5 
 105  20  23  171  26  187  50  29  156  37  150  114  162  94  101  197  140  168 
 41  60  20  198  129  170  99  26  134  19  67  180  167  50  93  161  150  38  31  8  144  163  54  105  130  77  75  138  120  168  40  185 
 105  44  136  20  172  5  94  187  132  166  137  74  22  168  36  169  150  159  86  88  124  145  27  69  146  153  122  75  163  89  117  186  191  116 
 43  36  141  72  77  21  162  2  47  164  66  110  79  69  54  154  140  33  134  145  10  87 
 24  118  59  88  161  158  104  164  40  18  81  37  78  151  148  92  71  55  11  69  170  82  109  129  136  183  106  126  27  83  155  53  0  111  45  85  96 
 138  71  186  108  104  90  44  16  137  125  87  86  30  133  7  65  94  46  6  1  170  53  32  123 
 55  1  20  145  34  19  10  28  175  167  64  98  3  83  183  8  23  7  130  120  155  190  171  13  126  148  97 
 189  171  72  149  82  40  17  76  86  80  85  55  56  22  125  93  154  136  161  169  9  47 
 99  106  192  91  139  78  34  186  57  108  79  196  23  149  39  25  38  50 
 121  97  162  16  142  50  136  150  187  113  83  180  90  106  178  56  123  67  134 
 48  105  154  159  94  135  1  87  188  100  133  93  53  107  146  169  91  162  84  21  186  60  49  191  31  44  140  35  102  119  121  109  13  39  74  8 
 116  47  68  186  3  82  33  66  121  107  140  40  156  170  16  73  189  167  175 
 185  68  51  76  182  34  108  179  54  36  5  13  127  93  21  184  129  59  107  94  95  91  82  150  96  33  194  176  117 
 1  39  164  160  176  132  37  155  166  113  183  194  18  26  174  8  94  81  162  69 
 5  27  30  161  17  28  184  100  99  104  40  111  199  53  31  82  129  193  16  116  60  8 
 171  181  72  71  76  197  138  98  153  51  100  119  26  73  185  57  121  116 
 157  11  147  22  159  112  105  114  98  67  135  52  193  4  95  150  35  85  164  180  171  36  45 
 57  115  15  83  99  17  114  197  81  144  33  76  184  31  136  24  94  149  157  1  176  116 
 0  74  144  35  91  182  83  93  30  66  21  31  79  165  20  146  100  50  90  43  94  193  112  14  170  55  78  143  97  116  89  113 
 141  143  91  147  138  3  90  50  1  45  94  192  52  190  124  73  188  129  113 
 164  19  93  70  12  144  157  119  187  18  64  80  48  123  40  146  86  9  127  59  112  145  186  33 
 34  161  45  12  56  55  135  150  65  144  104  9  46  133  129 
 44  32  3  148  45  163  172  141  28  152  133  7  98  117  78  126  182  79  75  114  173  33  142  150  50 
 129  135  114  191  73  103  137  198  189  138  59  76  2  167  91  107  19  51  26  28  80  119  45  13  1  101  174  52  123  161  40  69  149 
 20  175  137  197  55  6  164  43  151  173  91  47  94  131 
 62  135  35  172  24  128  188  111  106  158 
-->CDecomWalshPart::vInitTrueLinkage-->GLBs: 2252
(Length: 3)  0  4  13 
(Length: 3)  0  6  32 
(Length: 4)  0  8  74  101 
(Length: 4)  0  88  155  178 
(Length: 3)  0  14  45 
(Length: 3)  0  45  178 
(Length: 3)  0  4  17 
(Length: 4)  0  88  120  169 
(Length: 4)  0  27  92  178 
(Length: 3)  0  120  168 
(Length: 3)  0  8  127 
(Length: 4)  0  17  99  155 
(Length: 4)  0  50  90  192 
(Length: 3)  0  13  45 
(Length: 4)  0  17  88  155 
(Length: 3)  0  4  57 
(Length: 3)  0  88  139 
(Length: 3)  0  17  32 
(Length: 3)  0  53  110 
(Length: 3)  0  50  81 
(Length: 3)  0  53  159 
(Length: 3)  0  13  101 
(Length: 3)  0  57  168 
(Length: 4)  0  88  120  155 
(Length: 3)  0  74  137 
(Length: 3)  0  128  160 
(Length: 3)  0  13  130 
(Length: 3)  0  53  160 
(Length: 3)  0  4  159 
(Length: 3)  0  13  168 
(Length: 4)  0  100  110  155 
(Length: 3)  0  14  139 
(Length: 4)  0  45  50  90 
(Length: 3)  0  6  53 
(Length: 3)  0  53  178 
(Length: 3)  0  14  127 
(Length: 3)  0  99  159 
(Length: 3)  0  14  123 
(Length: 4)  0  81  148  178 
(Length: 3)  0  119  139 
(Length: 3)  0  81  110 
(Length: 3)  0  32  123 
(Length: 3)  0  32  137 
(Length: 4)  0  50  100  192 
(Length: 3)  0  50  99 
(Length: 3)  0  50  92 
(Length: 3)  0  45  119 
(Length: 4)  0  27  118  178 
(Length: 3)  0  90  118 
(Length: 3)  0  99  160 
(Length: 4)  0  17  119  155 
(Length: 4)  0  74  90  192 
(Length: 3)  0  53  90 
(Length: 3)  0  139  160 
(Length: 3)  0  14  192 
(Length: 3)  0  8  119 
(Length: 4)  0  17  110  155 
(Length: 4)  0  17  118  119 
(Length: 4)  0  127  130  169 
(Length: 3)  0  90  130 
(Length: 3)  0  57  137 
(Length: 3)  0  57  127 
(Length: 3)  0  57  118 
(Length: 4)  0  100  110  123 
(Length: 3)  0  119  123 
(Length: 4)  0  27  118  169 
(Length: 5)  0  92  148  155  178 
(Length: 3)  0  92  168 
(Length: 3)  1  75  122 
(Length: 3)  1  133  184 
(Length: 3)  1  55  122 
(Length: 3)  1  99  191 
(Length: 4)  1  45  90  193 
(Length: 3)  1  49  75 
(Length: 3)  1  45  75 
(Length: 4)  1  3  98  127 
(Length: 4)  1  87  102  126 
(Length: 4)  1  57  98  127 
(Length: 3)  1  45  126 
(Length: 3)  1  15  41 
(Length: 4)  1  87  102  171 
(Length: 3)  1  45  197 
(Length: 4)  1  55  126  180 
(Length: 4)  1  57  98  168 
(Length: 4)  1  57  122  127 
(Length: 3)  1  3  193 
(Length: 4)  1  98  102  168 
(Length: 3)  1  39  187 
(Length: 3)  1  39  184 
(Length: 3)  1  39  171 
(Length: 3)  1  3  75 
(Length: 4)  1  49  87  184 
(Length: 3)  1  123  197 
(Length: 3)  1  191  197 
(Length: 3)  1  15  87 
(Length: 3)  1  41  98 
(Length: 4)  1  87  102  184 
(Length: 4)  1  123  133  179 
(Length: 3)  1  123  171 
(Length: 4)  1  3  98  180 
(Length: 3)  1  87  179 
(Length: 4)  1  90  133  179 
(Length: 4)  1  32  123  179 
(Length: 3)  1  41  122 
(Length: 3)  1  99  122 
(Length: 3)  1  49  90 
(Length: 3)  1  171  180 
(Length: 3)  1  184  191 
(Length: 4)  1  15  57  191 
(Length: 3)  1  3  39 
(Length: 3)  1  41  133 
(Length: 3)  1  126  127 
(Length: 3)  2  5  150 
(Length: 3)  2  5  26 
(Length: 4)  2  33  66  177 
(Length: 3)  2  82  149 
(Length: 3)  2  53  110 
(Length: 3)  2  5  62 
(Length: 4)  2  5  27  33 
(Length: 3)  2  27  55 
(Length: 3)  2  162  177 
(Length: 3)  2  33  120 
(Length: 3)  2  114  150 
(Length: 3)  2  110  123 
(Length: 3)  2  18  97 
(Length: 3)  2  5  15 
(Length: 3)  2  114  197 
(Length: 3)  2  114  120 
(Length: 3)  2  26  197 
(Length: 3)  2  62  97 
(Length: 3)  2  123  197 
(Length: 3)  2  82  123 
(Length: 3)  2  149  197 
(Length: 4)  2  29  53  163 
(Length: 4)  2  29  112  167 
(Length: 3)  2  149  150 
(Length: 5)  2  15  29  163  167 
(Length: 4)  2  33  66  149 
(Length: 4)  2  27  29  157 
(Length: 4)  2  18  112  167 
(Length: 4)  2  33  112  149 
(Length: 3)  2  110  177 
(Length: 3)  2  123  133 
(Length: 3)  2  112  133 
(Length: 3)  2  18  150 
(Length: 3)  2  62  82 
(Length: 3)  2  26  163 
(Length: 5)  2  27  33  149  157 
(Length: 3)  2  167  197 
(Length: 3)  2  29  162 
(Length: 3)  3  47  146 
(Length: 3)  3  116  141 
(Length: 4)  3  75  116  162 
(Length: 3)  3  11  146 
(Length: 3)  3  141  193 
(Length: 3)  3  138  193 
(Length: 3)  3  75  138 
(Length: 4)  3  47  82  185 
(Length: 4)  3  47  82  137 
(Length: 3)  3  137  138 
(Length: 4)  3  98  173  196 
(Length: 4)  3  60  79  95 
(Length: 3)  3  156  185 
(Length: 4)  3  47  137  162 
(Length: 3)  3  100  156 
(Length: 4)  3  141  173  196 
(Length: 3)  3  100  146 
(Length: 3)  3  51  115 
(Length: 3)  3  51  100 
(Length: 3)  3  98  111 
(Length: 4)  3  75  79  196 
(Length: 4)  3  11  98  173 
(Length: 3)  3  95  111 
(Length: 3)  3  82  127 
(Length: 3)  3  11  162 
(Length: 4)  3  47  116  162 
(Length: 4)  3  34  115  135 
(Length: 3)  3  111  148 
(Length: 3)  3  146  169 
(Length: 3)  3  148  196 
(Length: 3)  3  148  180 
(Length: 4)  3  39  47  82 
(Length: 3)  3  34  180 
(Length: 3)  3  127  169 
(Length: 3)  3  11  95 
(Length: 3)  3  135  162 
(Length: 3)  3  82  100 
(Length: 3)  3  135  146 
(Length: 3)  3  135  138 
(Length: 3)  3  34  95 
(Length: 4)  3  47  116  185 
(Length: 3)  4  11  58 
(Length: 3)  4  105  126 
(Length: 3)  4  25  57 
(Length: 3)  4  17  126 
(Length: 3)  4  89  159 
(Length: 3)  4  13  58 
(Length: 3)  4  13  62 
(Length: 3)  4  11  190 
(Length: 3)  4  13  89 
(Length: 4)  4  105  114  190 
(Length: 3)  4  13  126 
(Length: 3)  4  96  147 
(Length: 4)  4  57  84  89 
(Length: 3)  4  11  96 
(Length: 3)  4  114  117 
(Length: 3)  4  62  96 
(Length: 3)  4  62  117 
(Length: 3)  4  159  190 
(Length: 3)  4  147  190 
(Length: 4)  5  62  130  169 
(Length: 3)  5  130  173 
(Length: 3)  5  152  172 
(Length: 3)  5  33  142 
(Length: 4)  5  25  37  42 
(Length: 3)  5  135  150 
(Length: 4)  5  37  43  83 
(Length: 3)  5  135  138 
(Length: 3)  5  23  156 
(Length: 3)  5  27  188 
(Length: 4)  5  26  72  119 
(Length: 3)  5  128  138 
(Length: 4)  5  72  109  169 
(Length: 4)  5  26  130  169 
(Length: 3)  5  43  109 
(Length: 4)  5  96  150  186 
(Length: 4)  5  26  72  169 
(Length: 4)  5  109  130  169 
(Length: 4)  5  62  94  135 
(Length: 3)  5  109  168 
(Length: 4)  5  26  135  172 
(Length: 4)  5  13  15  48 
(Length: 3)  5  23  119 
(Length: 3)  5  62  96 
(Length: 3)  5  23  42 
(Length: 3)  5  138  168 
(Length: 3)  5  25  26 
(Length: 3)  5  27  52 
(Length: 4)  5  150  176  186 
(Length: 4)  5  13  62  130 
(Length: 3)  5  37  156 
(Length: 3)  5  15  83 
(Length: 3)  5  42  126 
(Length: 4)  5  27  169  176 
(Length: 3)  5  52  150 
(Length: 3)  5  52  138 
(Length: 3)  5  52  94 
(Length: 4)  5  48  96  142 
(Length: 3)  5  33  173 
(Length: 3)  5  48  109 
(Length: 3)  5  13  126 
(Length: 3)  5  42  172 
(Length: 3)  5  15  128 
(Length: 4)  5  15  48  142 
(Length: 3)  5  152  156 
(Length: 3)  5  43  119 
(Length: 3)  5  172  173 
(Length: 4)  5  13  62  135 
(Length: 3)  5  13  168 
(Length: 3)  5  23  142 
(Length: 4)  5  25  37  43 
(Length: 3)  5  13  186 
(Length: 4)  5  26  119  135 
(Length: 3)  5  130  156 
(Length: 4)  5  94  176  186 
(Length: 3)  5  33  186 
(Length: 4)  5  168  172  176 
(Length: 4)  5  37  62  94 
(Length: 3)  6  53  107 
(Length: 3)  6  19  162 
(Length: 3)  6  107  134 
(Length: 3)  6  16  38 
(Length: 3)  6  19  32 
(Length: 3)  6  55  111 
(Length: 3)  6  46  179 
(Length: 3)  6  85  105 
(Length: 4)  6  78  94  97 
(Length: 3)  6  32  97 
(Length: 3)  6  135  172 
(Length: 3)  6  32  179 
(Length: 3)  6  94  198 
(Length: 3)  6  94  179 
(Length: 4)  6  94  135  162 
(Length: 3)  6  94  107 
(Length: 3)  6  85  135 
(Length: 3)  6  105  134 
(Length: 3)  6  53  89 
(Length: 3)  6  38  78 
(Length: 3)  6  38  111 
(Length: 3)  6  53  179 
(Length: 3)  6  55  198 
(Length: 3)  6  16  162 
(Length: 3)  6  16  179 
(Length: 3)  6  19  46 
(Length: 3)  6  19  89 
(Length: 3)  6  19  111 
(Length: 3)  6  19  134 
(Length: 3)  6  46  135 
(Length: 4)  7  13  28  180 
(Length: 3)  7  126  196 
(Length: 4)  7  35  93  111 
(Length: 3)  7  65  179 
(Length: 3)  7  72  122 
(Length: 3)  7  28  85 
(Length: 3)  7  122  137 
(Length: 4)  7  137  138  179 
(Length: 3)  7  43  137 
(Length: 3)  7  133  179 
(Length: 3)  7  37  111 
(Length: 3)  7  37  88 
(Length: 3)  7  88  122 
(Length: 4)  7  28  35  107 
(Length: 3)  7  37  43 
(Length: 3)  7  133  196 
(Length: 3)  7  150  196 
(Length: 3)  7  88  157 
(Length: 3)  7  116  150 
(Length: 3)  7  13  116 
(Length: 3)  7  37  85 
(Length: 3)  7  116  157 
(Length: 3)  7  65  167 
(Length: 4)  7  93  111  133 
(Length: 3)  7  13  73 
(Length: 4)  7  37  73  121 
(Length: 3)  7  24  133 
(Length: 3)  7  24  88 
(Length: 3)  7  96  122 
(Length: 3)  7  73  122 
(Length: 3)  7  28  196 
(Length: 3)  7  96  150 
(Length: 3)  7  85  93 
(Length: 3)  7  85  96 
(Length: 4)  7  35  158  167 
(Length: 4)  7  35  107  158 
(Length: 3)  7  35  126 
(Length: 3)  7  28  137 
(Length: 4)  7  107  121  158 
(Length: 5)  7  13  130  167  180 
(Length: 4)  7  13  126  180 
(Length: 3)  7  93  116 
(Length: 3)  7  72  116 
(Length: 4)  8  74  101  122 
(Length: 3)  8  115  122 
(Length: 4)  8  20  96  122 
(Length: 4)  8  23  82  119 
(Length: 3)  8  31  37 
(Length: 4)  8  66  87  126 
(Length: 3)  8  76  77 
(Length: 3)  8  117  127 
(Length: 3)  8  82  188 
(Length: 3)  8  74  153 
(Length: 4)  8  74  154  184 
(Length: 4)  8  31  184  188 
(Length: 3)  8  75  122 
(Length: 3)  8  66  101 
(Length: 3)  8  23  180 
(Length: 3)  8  115  153 
(Length: 4)  8  60  77  175 
(Length: 3)  8  126  180 
(Length: 4)  8  20  101  122 
(Length: 3)  8  37  60 
(Length: 3)  8  122  127 
(Length: 3)  8  126  127 
(Length: 3)  8  77  173 
(Length: 3)  8  154  173 
(Length: 4)  8  87  94  184 
(Length: 4)  8  20  175  180 
(Length: 4)  8  60  184  188 
(Length: 3)  8  82  127 
(Length: 4)  8  31  75  175 
(Length: 3)  8  76  154 
(Length: 4)  8  87  119  184 
(Length: 3)  8  37  82 
(Length: 4)  8  75  77  175 
(Length: 4)  8  37  94  187 
(Length: 3)  8  77  126 
(Length: 3)  8  31  96 
(Length: 3)  8  82  153 
(Length: 3)  8  37  115 
(Length: 3)  9  39  47 
(Length: 4)  9  109  130  169 
(Length: 3)  9  118  169 
(Length: 3)  9  63  159 
(Length: 3)  9  14  123 
(Length: 3)  9  86  181 
(Length: 3)  9  100  123 
(Length: 3)  9  171  181 
(Length: 3)  9  37  46 
(Length: 3)  9  25  26 
(Length: 3)  9  21  25 
(Length: 4)  9  26  130  169 
(Length: 4)  9  39  109  171 
(Length: 3)  9  46  47 
(Length: 3)  9  123  171 
(Length: 3)  9  123  194 
(Length: 3)  9  63  118 
(Length: 3)  9  169  181 
(Length: 3)  9  100  165 
(Length: 4)  9  26  130  165 
(Length: 3)  9  52  123 
(Length: 3)  9  47  181 
(Length: 3)  9  86  194 
(Length: 3)  9  25  39 
(Length: 4)  9  21  52  86 
(Length: 3)  9  46  195 
(Length: 3)  9  25  37 
(Length: 3)  10  142  154 
(Length: 4)  10  83  93  133 
(Length: 3)  10  93  116 
(Length: 3)  10  72  124 
(Length: 3)  10  87  177 
(Length: 3)  10  112  133 
(Length: 3)  10  39  53 
(Length: 3)  10  83  124 
(Length: 3)  10  128  133 
(Length: 3)  10  28  128 
(Length: 3)  10  83  161 
(Length: 3)  10  28  180 
(Length: 3)  10  72  116 
(Length: 3)  10  83  180 
(Length: 3)  10  112  124 
(Length: 3)  10  39  93 
(Length: 3)  10  39  154 
(Length: 3)  10  112  161 
(Length: 4)  10  72  154  177 
(Length: 3)  10  96  142 
(Length: 3)  10  28  53 
(Length: 4)  11  95  99  122 
(Length: 3)  11  27  178 
(Length: 3)  11  91  146 
(Length: 3)  11  91  150 
(Length: 4)  11  95  157  190 
(Length: 3)  11  27  102 
(Length: 4)  11  98  157  190 
(Length: 4)  11  70  95  157 
(Length: 4)  11  99  157  173 
(Length: 4)  11  98  157  173 
(Length: 4)  11  85  96  178 
(Length: 4)  11  85  112  190 
(Length: 4)  11  85  95  190 
(Length: 4)  11  16  44  124 
(Length: 3)  11  95  124 
(Length: 3)  11  12  86 
(Length: 5)  11  16  27  33  44 
(Length: 4)  11  70  98  157 
(Length: 3)  11  70  128 
(Length: 4)  11  95  150  190 
(Length: 4)  11  78  96  178 
(Length: 3)  11  110  124 
(Length: 3)  11  54  98 
(Length: 3)  11  91  99 
(Length: 3)  11  58  110 
(Length: 3)  11  128  146 
(Length: 4)  11  95  99  157 
(Length: 4)  11  12  112  124 
(Length: 4)  11  54  85  86 
(Length: 4)  11  70  85  95 
(Length: 4)  11  98  150  190 
(Length: 3)  11  86  128 
(Length: 4)  11  16  124  146 
(Length: 4)  11  27  33  157 
(Length: 4)  11  33  157  173 
(Length: 4)  11  86  157  173 
(Length: 4)  11  27  70  157 
(Length: 5)  11  33  54  85  112 
(Length: 4)  11  98  102  150 
(Length: 4)  11  78  98  102 
(Length: 3)  11  102  112 
(Length: 3)  11  96  122 
(Length: 3)  11  96  150 
(Length: 3)  11  102  162 
(Length: 5)  11  16  44  98  150 
(Length: 5)  11  16  99  122  162 
(Length: 5)  12  19  42  103  127 
(Length: 3)  12  19  45 
(Length: 3)  12  83  124 
(Length: 4)  12  86  88  131 
(Length: 3)  12  119  194 
(Length: 3)  12  45  195 
(Length: 3)  12  42  86 
(Length: 3)  12  67  151 
(Length: 3)  12  53  170 
(Length: 4)  12  19  127  194 
(Length: 3)  12  112  194 
(Length: 3)  12  119  124 
(Length: 4)  12  83  131  166 
(Length: 3)  12  86  170 
(Length: 4)  12  127  144  194 
(Length: 3)  12  19  131 
(Length: 3)  12  45  119 
(Length: 3)  12  119  135 
(Length: 4)  12  53  131  166 
(Length: 3)  12  88  151 
(Length: 3)  12  88  124 
(Length: 3)  12  42  112 
(Length: 3)  12  144  195 
(Length: 3)  12  88  103 
(Length: 3)  12  86  194 
(Length: 3)  12  67  135 
(Length: 3)  12  135  195 
(Length: 4)  13  40  45  197 
(Length: 3)  13  44  56 
(Length: 3)  13  46  124 
(Length: 4)  13  63  89  116 
(Length: 3)  13  135  184 
(Length: 3)  13  40  89 
(Length: 4)  13  45  95  154 
(Length: 3)  13  48  184 
(Length: 3)  13  184  186 
(Length: 3)  13  95  101 
(Length: 3)  13  40  124 
(Length: 3)  13  167  197 
(Length: 3)  13  45  126 
(Length: 3)  13  95  186 
(Length: 3)  13  101  197 
(Length: 3)  13  116  170 
(Length: 3)  13  28  197 
(Length: 3)  13  44  89 
(Length: 4)  13  73  95  124 
(Length: 4)  13  63  115  135 
(Length: 4)  13  44  124  167 
(Length: 3)  13  58  167 
(Length: 3)  13  44  184 
(Length: 4)  13  62  73  135 
(Length: 3)  13  154  168 
(Length: 3)  13  39  170 
(Length: 3)  13  48  89 
(Length: 4)  13  48  95  124 
(Length: 3)  13  15  167 
(Length: 4)  13  73  135  197 
(Length: 4)  13  39  154  184 
(Length: 3)  13  46  126 
(Length: 3)  13  46  135 
(Length: 4)  13  39  89  154 
(Length: 3)  14  45  163 
(Length: 3)  14  15  163 
(Length: 3)  14  143  163 
(Length: 3)  14  126  143 
(Length: 3)  14  75  143 
(Length: 3)  14  24  133 
(Length: 3)  14  24  45 
(Length: 4)  14  42  112  133 
(Length: 4)  14  45  75  162 
(Length: 3)  14  45  126 
(Length: 4)  14  56  75  151 
(Length: 3)  14  42  163 
(Length: 4)  14  75  151  162 
(Length: 3)  14  123  133 
(Length: 4)  14  56  123  151 
(Length: 3)  14  24  56 
(Length: 3)  14  56  163 
(Length: 3)  14  112  192 
(Length: 3)  14  143  192 
(Length: 4)  14  42  126  127 
(Length: 3)  15  87  155 
(Length: 3)  15  41  128 
(Length: 3)  15  41  106 
(Length: 3)  15  108  146 
(Length: 3)  15  80  155 
(Length: 3)  15  47  146 
(Length: 3)  15  60  80 
(Length: 3)  15  47  106 
(Length: 3)  15  41  167 
(Length: 3)  15  128  146 
(Length: 3)  15  128  140 
(Length: 3)  15  41  155 
(Length: 3)  15  41  60 
(Length: 3)  15  140  167 
(Length: 3)  15  57  167 
(Length: 3)  15  142  163 
(Length: 4)  15  29  108  163 
(Length: 3)  15  83  191 
(Length: 3)  15  83  167 
(Length: 3)  15  83  155 
(Length: 3)  15  57  108 
(Length: 3)  15  29  47 
(Length: 3)  15  80  167 
(Length: 3)  15  87  140 
(Length: 3)  15  48  80 
(Length: 3)  15  87  108 
(Length: 4)  16  98  119  163 
(Length: 3)  16  162  183 
(Length: 3)  16  106  158 
(Length: 3)  16  106  130 
(Length: 3)  16  99  188 
(Length: 4)  16  98  143  163 
(Length: 3)  16  22  36 
(Length: 3)  16  122  152 
(Length: 3)  16  115  158 
(Length: 3)  16  149  158 
(Length: 3)  16  115  166 
(Length: 3)  16  124  152 
(Length: 3)  16  116  188 
(Length: 4)  16  72  119  124 
(Length: 4)  16  130  143  163 
(Length: 3)  16  33  185 
(Length: 3)  16  27  188 
(Length: 3)  16  67  143 
(Length: 3)  16  116  162 
(Length: 3)  16  39  50 
(Length: 4)  16  116  149  150 
(Length: 3)  16  38  122 
(Length: 3)  16  72  116 
(Length: 4)  16  98  143  152 
(Length: 4)  16  116  170  185 
(Length: 3)  16  170  179 
(Length: 4)  16  22  33  44 
(Length: 3)  16  36  42 
(Length: 4)  16  38  44  150 
(Length: 4)  16  38  50  80 
(Length: 5)  16  44  98  143  150 
(Length: 3)  16  22  152 
(Length: 4)  16  27  44  143 
(Length: 4)  16  27  33  149 
(Length: 3)  16  22  146 
(Length: 3)  16  44  179 
(Length: 3)  16  42  122 
(Length: 3)  16  42  158 
(Length: 3)  16  36  162 
(Length: 4)  16  67  106  183 
(Length: 3)  16  42  163 
(Length: 3)  16  99  106 
(Length: 3)  16  80  119 
(Length: 4)  16  38  50  150 
(Length: 3)  16  80  158 
(Length: 4)  16  67  72  122 
(Length: 4)  16  50  150  183 
(Length: 3)  16  115  122 
(Length: 3)  16  39  170 
(Length: 3)  16  39  119 
(Length: 3)  16  50  99 
(Length: 3)  17  32  59 
(Length: 3)  17  20  155 
(Length: 4)  17  40  59  104 
(Length: 4)  17  40  104  188 
(Length: 3)  17  32  34 
(Length: 3)  17  59  88 
(Length: 4)  17  38  59  76 
(Length: 3)  17  20  108 
(Length: 4)  17  24  61  88 
(Length: 3)  17  28  76 
(Length: 3)  17  99  191 
(Length: 3)  17  76  181 
(Length: 3)  17  76  191 
(Length: 3)  17  24  118 
(Length: 3)  17  40  181 
(Length: 4)  17  99  104  155 
(Length: 3)  17  99  108 
(Length: 3)  17  38  155 
(Length: 3)  17  24  191 
(Length: 4)  17  99  104  188 
(Length: 4)  17  28  99  188 
(Length: 3)  18  78  117 
(Length: 3)  18  172  173 
(Length: 3)  18  34  80 
(Length: 3)  18  167  173 
(Length: 3)  18  187  194 
(Length: 3)  18  57  168 
(Length: 3)  18  69  187 
(Length: 3)  18  57  167 
(Length: 3)  18  40  89 
(Length: 3)  18  78  80 
(Length: 4)  18  69  78  178 
(Length: 3)  18  35  172 
(Length: 4)  18  40  91  150 
(Length: 3)  18  57  89 
(Length: 3)  18  40  97 
(Length: 3)  18  40  178 
(Length: 3)  18  40  194 
(Length: 4)  18  35  91  117 
(Length: 4)  18  80  112  194 
(Length: 3)  18  24  178 
(Length: 3)  18  78  97 
(Length: 3)  18  24  172 
(Length: 4)  18  80  112  167 
(Length: 4)  18  34  168  172 
(Length: 3)  18  34  69 
(Length: 4)  18  35  69  167 
(Length: 3)  19  34  42 
(Length: 4)  19  47  137  162 
(Length: 3)  19  45  197 
(Length: 3)  19  58  90 
(Length: 3)  19  31  42 
(Length: 3)  19  36  42 
(Length: 3)  19  32  34 
(Length: 3)  19  31  175 
(Length: 4)  19  51  89  103 
(Length: 4)  19  46  51  103 
(Length: 3)  19  115  122 
(Length: 3)  19  46  47 
(Length: 3)  19  32  103 
(Length: 3)  19  32  137 
(Length: 3)  19  34  115 
(Length: 3)  19  175  180 
(Length: 3)  19  31  46 
(Length: 4)  19  122  137  162 
(Length: 3)  19  45  90 
(Length: 3)  19  47  164 
(Length: 3)  19  34  180 
(Length: 4)  19  51  103  197 
(Length: 4)  19  51  115  131 
(Length: 5)  19  42  103  122  127 
(Length: 3)  19  45  111 
(Length: 3)  19  134  175 
(Length: 4)  19  36  45  162 
(Length: 3)  19  137  197 
(Length: 3)  19  47  131 
(Length: 3)  19  164  194 
(Length: 3)  20  108  130 
(Length: 4)  20  29  101  174 
(Length: 3)  20  29  46 
(Length: 3)  20  70  101 
(Length: 4)  20  41  105  175 
(Length: 3)  20  130  165 
(Length: 4)  20  41  165  166 
(Length: 4)  20  105  116  176 
(Length: 3)  20  146  192 
(Length: 4)  20  116  170  192 
(Length: 3)  20  116  155 
(Length: 3)  20  165  192 
(Length: 3)  20  41  136 
(Length: 3)  20  41  155 
(Length: 3)  20  175  198 
(Length: 4)  20  41  122  165 
(Length: 4)  20  29  108  170 
(Length: 4)  20  114  122  145 
(Length: 3)  20  96  147 
(Length: 3)  20  155  180 
(Length: 4)  20  105  114  174 
(Length: 4)  20  122  172  176 
(Length: 4)  20  41  96  122 
(Length: 4)  20  145  166  176 
(Length: 4)  20  114  122  172 
(Length: 4)  20  122  145  176 
(Length: 3)  20  145  180 
(Length: 3)  20  70  147 
(Length: 3)  20  136  147 
(Length: 3)  20  147  155 
(Length: 4)  20  41  105  165 
(Length: 3)  20  170  175 
(Length: 3)  20  136  176 
(Length: 4)  20  116  172  176 
(Length: 3)  20  146  176 
(Length: 4)  20  101  122  172 
(Length: 4)  20  130  175  180 
(Length: 3)  20  29  136 
(Length: 3)  20  108  146 
(Length: 3)  20  46  71 
(Length: 3)  21  184  186 
(Length: 3)  21  87  184 
(Length: 4)  21  31  78  192 
(Length: 4)  21  52  98  163 
(Length: 3)  21  77  86 
(Length: 3)  21  31  184 
(Length: 3)  21  77  177 
(Length: 3)  21  40  77 
(Length: 3)  21  86  87 
(Length: 3)  21  69  78 
(Length: 3)  21  78  98 
(Length: 3)  21  40  98 
(Length: 3)  21  87  177 
(Length: 3)  21  69  177 
(Length: 3)  21  25  163 
(Length: 3)  22  44  56 
(Length: 3)  22  44  176 
(Length: 4)  22  168  172  176 
(Length: 3)  22  147  190 
(Length: 3)  22  125  181 
(Length: 3)  22  125  146 
(Length: 3)  22  114  190 
(Length: 4)  22  113  114  172 
(Length: 3)  22  36  190 
(Length: 3)  22  152  156 
(Length: 3)  22  36  176 
(Length: 3)  22  43  141 
(Length: 3)  22  125  147 
(Length: 3)  22  23  156 
(Length: 3)  22  56  151 
(Length: 3)  22  56  181 
(Length: 3)  22  146  176 
(Length: 3)  22  151  152 
(Length: 3)  22  152  172 
(Length: 4)  22  141  168  172 
(Length: 3)  22  36  43 
(Length: 3)  23  85  112 
(Length: 3)  23  171  174 
(Length: 3)  23  149  182 
(Length: 3)  23  107  156 
(Length: 3)  23  171  180 
(Length: 3)  23  156  174 
(Length: 3)  23  112  149 
(Length: 3)  23  73  166 
(Length: 3)  23  82  149 
(Length: 3)  23  107  166 
(Length: 3)  23  42  73 
(Length: 3)  23  42  112 
(Length: 3)  24  25  133 
(Length: 4)  24  88  136  178 
(Length: 4)  24  41  165  166 
(Length: 4)  24  41  128  133 
(Length: 4)  24  41  105  133 
(Length: 3)  24  45  178 
(Length: 4)  24  30  128  133 
(Length: 3)  24  118  178 
(Length: 4)  24  95  105  133 
(Length: 4)  24  30  88  136 
(Length: 4)  24  30  133  147 
(Length: 3)  24  128  199 
(Length: 3)  24  172  199 
(Length: 4)  24  45  95  105 
(Length: 4)  24  41  88  136 
(Length: 4)  24  30  136  147 
(Length: 4)  24  30  61  88 
(Length: 4)  24  30  61  147 
(Length: 4)  24  41  105  165 
(Length: 3)  24  136  191 
(Length: 3)  25  39  59 
(Length: 3)  25  26  163 
(Length: 3)  25  57  137 
(Length: 3)  25  43  137 
(Length: 3)  25  57  182 
(Length: 4)  25  37  42  103 
(Length: 3)  25  39  182 
(Length: 3)  25  59  163 
(Length: 3)  25  59  140 
(Length: 4)  25  42  112  133 
(Length: 4)  25  37  43  103 
(Length: 4)  25  37  42  140 
(Length: 3)  25  42  163 
(Length: 3)  25  59  75 
(Length: 3)  25  112  137 
(Length: 3)  26  166  187 
(Length: 3)  26  72  165 
(Length: 4)  26  72  116  189 
(Length: 3)  26  91  147 
(Length: 4)  26  119  135  197 
(Length: 4)  26  91  135  197 
(Length: 4)  26  73  99  135 
(Length: 4)  26  73  135  197 
(Length: 4)  26  91  99  135 
(Length: 4)  26  130  163  175 
(Length: 3)  26  60  91 
(Length: 4)  26  73  166  169 
(Length: 4)  26  73  189  197 
(Length: 3)  26  60  175 
(Length: 3)  26  164  187 
(Length: 4)  26  72  119  189 
(Length: 4)  26  119  189  197 
(Length: 3)  26  119  163 
(Length: 3)  26  174  187 
(Length: 3)  26  119  164 
(Length: 3)  26  30  147 
(Length: 3)  26  60  166 
(Length: 3)  26  116  172 
(Length: 3)  26  28  99 
(Length: 3)  26  174  197 
(Length: 3)  26  28  197 
(Length: 3)  26  99  175 
(Length: 3)  26  30  60 
(Length: 3)  26  165  166 
(Length: 3)  26  130  164 
(Length: 3)  27  52  157 
(Length: 3)  27  136  178 
(Length: 3)  27  44  176 
(Length: 3)  27  136  176 
(Length: 4)  27  44  55  143 
(Length: 3)  27  44  118 
(Length: 3)  27  40  188 
(Length: 3)  27  136  143 
(Length: 3)  27  69  178 
(Length: 3)  27  29  136 
(Length: 3)  27  44  64 
(Length: 3)  27  30  55 
(Length: 3)  27  64  102 
(Length: 3)  27  69  176 
(Length: 3)  27  40  169 
(Length: 4)  27  55  92  178 
(Length: 3)  27  69  149 
(Length: 3)  27  69  70 
(Length: 3)  27  30  136 
(Length: 3)  27  30  188 
(Length: 3)  27  149  151 
(Length: 3)  27  151  178 
(Length: 3)  27  40  178 
(Length: 3)  27  30  52 
(Length: 3)  27  52  64 
(Length: 3)  28  152  196 
(Length: 3)  28  82  103 
(Length: 4)  28  47  137  162 
(Length: 4)  28  47  82  137 
(Length: 4)  28  54  85  86 
(Length: 3)  28  86  97 
(Length: 3)  28  82  152 
(Length: 3)  28  54  137 
(Length: 3)  28  35  82 
(Length: 3)  28  47  53 
(Length: 3)  28  137  197 
(Length: 3)  28  97  180 
(Length: 3)  28  86  128 
(Length: 3)  28  99  162 
(Length: 3)  28  99  159 
(Length: 3)  28  53  188 
(Length: 3)  28  53  159 
(Length: 4)  28  35  53  107 
(Length: 3)  28  76  197 
(Length: 4)  28  76  85  86 
(Length: 3)  28  82  188 
(Length: 3)  28  103  197 
(Length: 3)  28  107  197 
(Length: 3)  29  36  108 
(Length: 3)  29  36  53 
(Length: 3)  29  74  111 
(Length: 4)  29  39  50  93 
(Length: 3)  29  36  162 
(Length: 3)  29  141  168 
(Length: 3)  29  108  141 
(Length: 3)  29  141  167 
(Length: 4)  29  39  53  170 
(Length: 3)  29  46  113 
(Length: 3)  29  136  162 
(Length: 3)  29  46  47 
(Length: 4)  29  47  157  168 
(Length: 3)  29  47  162 
(Length: 3)  29  168  174 
(Length: 3)  29  162  174 
(Length: 3)  29  101  157 
(Length: 3)  29  50  174 
(Length: 4)  29  154  157  168 
(Length: 4)  29  108  157  170 
(Length: 3)  29  74  154 
(Length: 3)  29  74  101 
(Length: 3)  29  93  111 
(Length: 3)  29  46  74 
(Length: 3)  29  39  154 
(Length: 3)  29  50  157 
(Length: 4)  29  39  47  53 
(Length: 3)  29  136  154 
(Length: 4)  29  154  163  168 
(Length: 3)  29  113  162 
(Length: 3)  30  52  161 
(Length: 3)  30  48  89 
(Length: 4)  30  88  124  136 
(Length: 3)  30  35  147 
(Length: 3)  30  55  192 
(Length: 3)  30  128  146 
(Length: 3)  30  124  152 
(Length: 3)  30  48  55 
(Length: 3)  30  35  48 
(Length: 3)  30  66  136 
(Length: 3)  30  66  192 
(Length: 3)  30  60  124 
(Length: 3)  30  52  61 
(Length: 3)  30  124  146 
(Length: 3)  30  39  89 
(Length: 3)  30  55  81 
(Length: 3)  30  89  192 
(Length: 3)  30  146  192 
(Length: 3)  30  35  192 
(Length: 3)  30  48  124 
(Length: 3)  30  60  188 
(Length: 3)  30  133  179 
(Length: 3)  30  161  188 
(Length: 3)  31  37  46 
(Length: 3)  31  37  42 
(Length: 3)  31  37  38 
(Length: 3)  31  129  175 
(Length: 4)  31  100  184  188 
(Length: 3)  31  48  96 
(Length: 4)  31  100  129  188 
(Length: 3)  31  78  96 
(Length: 3)  31  75  78 
(Length: 3)  31  48  75 
(Length: 3)  31  48  184 
(Length: 4)  31  53  184  188 
(Length: 4)  31  50  100  192 
(Length: 3)  31  184  191 
(Length: 4)  31  38  50  175 
(Length: 3)  31  38  48 
(Length: 5)  31  50  75  138  175 
(Length: 3)  31  53  138 
(Length: 3)  31  38  78 
(Length: 3)  32  82  103 
(Length: 3)  32  59  97 
(Length: 3)  32  77  113 
(Length: 3)  32  82  137 
(Length: 4)  32  44  137  179 
(Length: 3)  32  44  196 
(Length: 3)  32  82  123 
(Length: 3)  32  44  103 
(Length: 4)  33  149  157  191 
(Length: 4)  33  87  120  155 
(Length: 3)  33  44  196 
(Length: 3)  33  134  177 
(Length: 3)  33  173  196 
(Length: 4)  33  127  157  194 
(Length: 4)  33  54  149  155 
(Length: 4)  33  68  87  155 
(Length: 3)  33  127  142 
(Length: 3)  33  68  134 
(Length: 4)  33  68  87  108 
(Length: 3)  33  44  155 
(Length: 3)  33  76  191 
(Length: 3)  33  76  186 
(Length: 4)  33  84  157  173 
(Length: 4)  33  68  108  186 
(Length: 4)  33  149  155  157 
(Length: 4)  33  54  112  149 
(Length: 4)  33  66  85  108 
(Length: 3)  33  112  194 
(Length: 4)  33  127  186  194 
(Length: 3)  33  54  177 
(Length: 4)  33  76  84  85 
(Length: 3)  33  108  157 
(Length: 4)  33  54  108  186 
(Length: 4)  33  68  185  186 
(Length: 4)  33  66  87  177 
(Length: 4)  33  66  87  108 
(Length: 3)  33  66  185 
(Length: 3)  33  142  196 
(Length: 4)  33  54  85  108 
(Length: 3)  34  69  114 
(Length: 3)  34  42  172 
(Length: 3)  34  42  69 
(Length: 3)  34  114  172 
(Length: 3)  34  95  186 
(Length: 4)  34  84  115  135 
(Length: 3)  34  135  195 
(Length: 3)  34  42  95 
(Length: 3)  34  80  135 
(Length: 3)  34  161  195 
(Length: 3)  34  84  95 
(Length: 3)  34  182  186 
(Length: 3)  34  135  172 
(Length: 3)  35  93  184 
(Length: 3)  35  158  199 
(Length: 3)  35  141  143 
(Length: 4)  35  48  91  117 
(Length: 3)  35  98  167 
(Length: 4)  35  63  74  135 
(Length: 4)  35  53  107  184 
(Length: 3)  35  93  147 
(Length: 4)  35  91  107  184 
(Length: 3)  35  82  158 
(Length: 3)  35  82  144 
(Length: 4)  35  91  135  184 
(Length: 3)  35  91  192 
(Length: 3)  35  74  111 
(Length: 4)  35  48  91  184 
(Length: 3)  35  48  141 
(Length: 3)  35  111  199 
(Length: 4)  35  91  107  147 
(Length: 4)  35  48  105  184 
(Length: 3)  35  82  91 
(Length: 4)  35  63  91  135 
(Length: 3)  35  74  192 
(Length: 3)  35  143  192 
(Length: 4)  35  93  144  192 
(Length: 3)  35  141  172 
(Length: 4)  35  135  172  199 
(Length: 3)  35  126  143 
(Length: 3)  35  105  190 
(Length: 3)  35  141  167 
(Length: 4)  35  63  98  143 
(Length: 3)  35  63  93 
(Length: 4)  35  74  135  172 
(Length: 4)  35  74  135  184 
(Length: 3)  35  135  190 
(Length: 3)  35  111  160 
(Length: 3)  35  147  190 
(Length: 3)  35  105  126 
(Length: 3)  35  98  190 
(Length: 3)  35  53  160 
(Length: 3)  35  105  144 
(Length: 4)  35  98  111  117 
(Length: 3)  36  87  177 
(Length: 3)  36  169  176 
(Length: 3)  36  43  104 
(Length: 3)  36  42  95 
(Length: 3)  36  53  104 
(Length: 3)  36  43  49 
(Length: 4)  36  54  108  186 
(Length: 3)  36  162  177 
(Length: 3)  36  176  186 
(Length: 3)  36  54  177 
(Length: 4)  36  95  108  186 
(Length: 3)  36  49  87 
(Length: 3)  36  43  177 
(Length: 3)  36  87  108 
(Length: 4)  36  45  95  190 
(Length: 3)  36  49  162 
(Length: 4)  37  83  155  178 
(Length: 3)  37  62  134 
(Length: 4)  37  62  73  94 
(Length: 3)  37  64  144 
(Length: 4)  37  82  140  144 
(Length: 4)  37  42  103  155 
(Length: 3)  37  43  60 
(Length: 3)  37  82  178 
(Length: 4)  37  43  64  98 
(Length: 3)  37  62  82 
(Length: 3)  37  98  111 
(Length: 4)  37  88  103  155 
(Length: 3)  37  82  103 
(Length: 4)  37  88  120  155 
(Length: 4)  37  42  73  103 
(Length: 4)  37  88  155  178 
(Length: 3)  37  155  187 
(Length: 4)  37  38  111  155 
(Length: 3)  37  156  174 
(Length: 4)  37  94  174  187 
(Length: 4)  37  43  83  134 
(Length: 3)  37  81  144 
(Length: 3)  37  46  103 
(Length: 3)  37  85  144 
(Length: 3)  37  38  64 
(Length: 3)  37  38  140 
(Length: 4)  37  88  115  155 
(Length: 4)  37  42  73  121 
(Length: 3)  37  81  121 
(Length: 4)  37  73  94  114 
(Length: 3)  37  85  114 
(Length: 3)  37  114  120 
(Length: 4)  37  42  121  155 
(Length: 4)  37  114  140  174 
(Length: 4)  37  94  114  174 
(Length: 4)  37  43  64  83 
(Length: 4)  37  111  155  178 
(Length: 3)  37  85  178 
(Length: 3)  37  81  178 
(Length: 3)  37  81  187 
(Length: 3)  38  95  111 
(Length: 3)  38  70  147 
(Length: 3)  38  147  155 
(Length: 3)  38  95  122 
(Length: 3)  38  48  117 
(Length: 3)  38  80  112 
(Length: 3)  38  48  109 
(Length: 3)  38  50  182 
(Length: 4)  38  50  150  175 
(Length: 3)  38  59  140 
(Length: 4)  38  70  76  95 
(Length: 3)  38  80  155 
(Length: 3)  38  64  78 
(Length: 3)  38  78  80 
(Length: 3)  38  78  117 
(Length: 4)  38  59  76  95 
(Length: 4)  38  44  111  117 
(Length: 3)  38  50  76 
(Length: 4)  38  44  111  155 
(Length: 3)  38  95  150 
(Length: 3)  38  78  182 
(Length: 4)  38  76  95  154 
(Length: 3)  38  44  64 
(Length: 3)  38  44  140 
(Length: 3)  38  48  80 
(Length: 3)  38  109  154 
(Length: 3)  38  109  155 
(Length: 4)  38  48  59  95 
(Length: 3)  39  69  187 
(Length: 3)  39  50  92 
(Length: 4)  39  47  71  119 
(Length: 3)  39  59  76 
(Length: 3)  39  53  89 
(Length: 3)  39  69  170 
(Length: 3)  39  76  154 
(Length: 3)  39  59  93 
(Length: 3)  39  93  184 
(Length: 4)  39  109  154  184 
(Length: 3)  39  53  59 
(Length: 3)  39  53  171 
(Length: 4)  39  47  82  119 
(Length: 3)  39  82  109 
(Length: 3)  39  53  184 
(Length: 3)  39  50  182 
(Length: 4)  39  50  71  76 
(Length: 3)  39  92  109 
(Length: 3)  39  119  184 
(Length: 3)  40  146  169 
(Length: 3)  40  59  194 
(Length: 4)  40  105  150  175 
(Length: 3)  40  113  124 
(Length: 3)  40  175  185 
(Length: 4)  40  59  104  178 
(Length: 3)  40  77  140 
(Length: 3)  40  146  194 
(Length: 3)  40  124  146 
(Length: 3)  40  140  185 
(Length: 3)  40  59  142 
(Length: 3)  40  59  140 
(Length: 3)  40  59  97 
(Length: 3)  40  77  175 
(Length: 3)  40  96  150 
(Length: 3)  40  98  113 
(Length: 4)  40  150  161  175 
(Length: 4)  40  161  169  181 
(Length: 3)  40  161  178 
(Length: 3)  40  161  188 
(Length: 3)  40  77  169 
(Length: 3)  40  77  91 
(Length: 3)  40  77  113 
(Length: 3)  40  161  197 
(Length: 3)  40  96  142 
(Length: 3)  40  68  185 
(Length: 3)  40  68  113 
(Length: 3)  40  68  97 
(Length: 4)  40  45  96  178 
(Length: 3)  40  45  97 
(Length: 3)  40  45  105 
(Length: 3)  40  45  140 
(Length: 4)  40  98  150  161 
(Length: 3)  40  91  197 
(Length: 3)  40  59  197 
(Length: 3)  40  91  146 
(Length: 4)  41  42  68  122 
(Length: 4)  41  42  133  155 
(Length: 3)  41  96  106 
(Length: 4)  41  54  105  133 
(Length: 3)  41  92  155 
(Length: 3)  41  106  136 
(Length: 3)  41  92  167 
(Length: 4)  41  54  105  175 
(Length: 3)  41  54  98 
(Length: 3)  41  98  152 
(Length: 3)  41  60  175 
(Length: 3)  41  92  96 
(Length: 3)  41  98  167 
(Length: 3)  41  122  152 
(Length: 3)  41  106  158 
(Length: 3)  41  167  175 
(Length: 4)  41  54  133  155 
(Length: 3)  41  88  155 
(Length: 3)  41  88  122 
(Length: 3)  41  165  167 
(Length: 3)  41  68  128 
(Length: 3)  41  84  135 
(Length: 3)  41  60  166 
(Length: 3)  41  84  122 
(Length: 3)  41  106  135 
(Length: 4)  41  42  158  167 
(Length: 4)  41  42  68  155 
(Length: 4)  42  86  133  155 
(Length: 3)  42  69  167 
(Length: 4)  42  103  127  167 
(Length: 4)  42  86  140  167 
(Length: 3)  42  121  158 
(Length: 4)  42  73  103  122 
(Length: 3)  42  68  126 
(Length: 4)  42  73  95  122 
(Length: 3)  42  95  133 
(Length: 3)  42  163  167 
(Length: 4)  42  86  158  167 
(Length: 3)  42  112  167 
(Length: 4)  42  122  127  172 
(Length: 4)  43  47  104  164 
(Length: 4)  43  83  141  164 
(Length: 3)  43  83  192 
(Length: 3)  43  49  137 
(Length: 3)  43  90  192 
(Length: 3)  43  98  109 
(Length: 3)  43  49  90 
(Length: 3)  43  98  119 
(Length: 4)  43  64  83  164 
(Length: 3)  43  103  104 
(Length: 4)  43  47  119  164 
(Length: 4)  43  63  64  164 
(Length: 3)  43  134  177 
(Length: 3)  43  60  109 
(Length: 3)  43  90  104 
(Length: 4)  43  63  64  98 
(Length: 3)  43  67  129 
(Length: 4)  43  47  164  177 
(Length: 4)  43  47  137  198 
(Length: 4)  43  141  164  177 
(Length: 4)  43  47  164  198 
(Length: 3)  43  67  134 
(Length: 3)  43  49  60 
(Length: 3)  44  98  167 
(Length: 4)  44  98  150  196 
(Length: 3)  44  137  176 
(Length: 3)  44  137  143 
(Length: 3)  44  64  89 
(Length: 3)  44  89  176 
(Length: 3)  44  64  98 
(Length: 4)  44  117  118  124 
(Length: 3)  44  90  179 
(Length: 3)  44  55  103 
(Length: 3)  44  55  56 
(Length: 3)  44  103  167 
(Length: 3)  44  56  155 
(Length: 4)  44  105  150  176 
(Length: 3)  44  103  155 
(Length: 3)  44  103  150 
(Length: 3)  44  105  184 
(Length: 3)  44  89  103 
(Length: 3)  44  90  118 
(Length: 4)  44  117  124  176 
(Length: 3)  44  55  111 
(Length: 4)  44  98  117  196 
(Length: 3)  44  140  184 
(Length: 3)  44  56  137 
(Length: 4)  44  98  111  117 
(Length: 3)  44  140  167 
(Length: 3)  45  95  111 
(Length: 3)  45  66  126 
(Length: 3)  45  126  178 
(Length: 4)  45  75  79  196 
(Length: 4)  45  50  90  193 
(Length: 3)  45  66  85 
(Length: 3)  45  97  119 
(Length: 3)  45  119  163 
(Length: 4)  45  60  70  95 
(Length: 5)  45  85  95  105  190 
(Length: 3)  45  119  197 
(Length: 3)  45  154  163 
(Length: 3)  45  105  126 
(Length: 4)  45  79  95  105 
(Length: 3)  45  126  196 
(Length: 4)  45  50  75  196 
(Length: 3)  45  140  162 
(Length: 3)  45  190  193 
(Length: 4)  45  70  85  95 
(Length: 4)  45  60  79  95 
(Length: 3)  45  70  119 
(Length: 3)  45  111  178 
(Length: 3)  45  163  196 
(Length: 4)  45  85  96  178 
(Length: 3)  46  74  135 
(Length: 4)  46  71  113  124 
(Length: 3)  46  74  151 
(Length: 3)  46  126  143 
(Length: 3)  46  135  195 
(Length: 3)  46  47  71 
(Length: 3)  46  151  160 
(Length: 3)  46  71  179 
(Length: 3)  47  116  157 
(Length: 3)  47  131  168 
(Length: 3)  47  131  198 
(Length: 3)  47  56  181 
(Length: 3)  47  56  137 
(Length: 3)  47  106  168 
(Length: 3)  47  162  177 
(Length: 3)  47  146  164 
(Length: 3)  47  91  198 
(Length: 3)  47  91  146 
(Length: 4)  47  71  119  157 
(Length: 3)  47  56  119 
(Length: 3)  47  62  82 
(Length: 3)  47  116  131 
(Length: 4)  47  53  65  104 
(Length: 3)  47  53  131 
(Length: 3)  47  82  91 
(Length: 3)  47  62  104 
(Length: 3)  47  62  106 
(Length: 3)  47  82  181 
(Length: 4)  48  55  67  92 
(Length: 3)  48  55  142 
(Length: 3)  48  109  145 
(Length: 3)  48  89  159 
(Length: 3)  48  109  171 
(Length: 3)  48  159  184 
(Length: 4)  48  105  109  184 
(Length: 3)  48  95  105 
(Length: 3)  48  92  117 
(Length: 4)  48  91  99  145 
(Length: 3)  48  59  142 
(Length: 4)  48  67  92  96 
(Length: 3)  48  59  75 
(Length: 3)  48  124  145 
(Length: 4)  48  95  99  159 
(Length: 4)  48  105  109  148 
(Length: 3)  48  145  194 
(Length: 4)  48  92  109  148 
(Length: 3)  48  124  171 
(Length: 3)  48  117  124 
(Length: 3)  48  80  194 
(Length: 3)  48  80  141 
(Length: 3)  48  59  194 
(Length: 3)  48  59  148 
(Length: 3)  49  82  137 
(Length: 3)  49  88  151 
(Length: 3)  49  73  90 
(Length: 3)  49  105  150 
(Length: 3)  49  137  162 
(Length: 3)  49  82  140 
(Length: 4)  49  87  140  184 
(Length: 3)  49  105  184 
(Length: 4)  49  140  162  184 
(Length: 4)  49  75  151  162 
(Length: 3)  49  60  184 
(Length: 3)  49  82  158 
(Length: 4)  50  90  192  193 
(Length: 4)  50  93  100  192 
(Length: 3)  50  99  182 
(Length: 3)  50  99  175 
(Length: 3)  50  182  196 
(Length: 4)  50  71  99  157 
(Length: 3)  50  52  150 
(Length: 4)  50  52  94  193 
(Length: 3)  50  142  183 
(Length: 3)  50  71  138 
(Length: 3)  50  182  192 
(Length: 3)  50  80  81 
(Length: 3)  50  52  157 
(Length: 3)  50  94  174 
(Length: 4)  50  52  138  193 
(Length: 3)  50  93  175 
(Length: 3)  50  150  196 
(Length: 4)  50  94  192  193 
(Length: 3)  50  142  196 
(Length: 3)  50  92  103 
(Length: 3)  50  150  174 
(Length: 3)  50  90  183 
(Length: 3)  50  103  150 
(Length: 3)  51  54  155 
(Length: 4)  51  73  189  197 
(Length: 3)  51  100  189 
(Length: 4)  51  88  115  131 
(Length: 4)  51  57  76  189 
(Length: 4)  51  88  103  155 
(Length: 4)  51  76  189  197 
(Length: 4)  51  88  131  139 
(Length: 3)  51  73  139 
(Length: 4)  51  88  155  157 
(Length: 4)  51  88  115  155 
(Length: 3)  51  76  186 
(Length: 3)  51  57  115 
(Length: 3)  51  54  131 
(Length: 3)  51  57  89 
(Length: 3)  51  83  131 
(Length: 3)  51  54  186 
(Length: 3)  51  100  155 
(Length: 3)  51  54  89 
(Length: 4)  51  73  103  197 
(Length: 3)  51  83  155 
(Length: 3)  52  105  134 
(Length: 4)  52  105  150  190 
(Length: 3)  52  123  197 
(Length: 4)  52  98  157  161 
(Length: 3)  52  113  193 
(Length: 4)  52  98  150  190 
(Length: 4)  52  98  157  190 
(Length: 3)  52  161  197 
(Length: 3)  52  98  113 
(Length: 3)  52  53  138 
(Length: 3)  52  190  193 
(Length: 4)  52  64  98  161 
(Length: 3)  52  56  86 
(Length: 3)  52  53  163 
(Length: 3)  52  138  197 
(Length: 3)  52  54  86 
(Length: 3)  52  56  123 
(Length: 3)  52  86  157 
(Length: 3)  52  56  163 
(Length: 3)  52  54  94 
(Length: 3)  52  54  105 
(Length: 3)  52  61  64 
(Length: 4)  52  98  150  161 
(Length: 4)  52  54  98  163 
(Length: 3)  53  89  159 
(Length: 4)  53  59  104  178 
(Length: 3)  53  153  171 
(Length: 3)  53  73  166 
(Length: 3)  53  73  90 
(Length: 3)  53  104  188 
(Length: 4)  53  107  131  166 
(Length: 3)  53  138  179 
(Length: 4)  53  65  104  179 
(Length: 3)  53  110  170 
(Length: 4)  53  131  138  159 
(Length: 3)  53  159  184 
(Length: 3)  53  170  178 
(Length: 3)  53  89  163 
(Length: 4)  53  90  104  179 
(Length: 3)  53  59  163 
(Length: 3)  53  170  179 
(Length: 3)  53  131  153 
(Length: 3)  54  94  131 
(Length: 4)  54  98  163  168 
(Length: 3)  54  108  163 
(Length: 3)  54  86  131 
(Length: 3)  54  98  111 
(Length: 4)  54  154  163  168 
(Length: 4)  54  86  133  155 
(Length: 3)  54  154  177 
(Length: 3)  54  131  168 
(Length: 3)  54  131  149 
(Length: 3)  54  85  105 
(Length: 3)  54  94  186 
(Length: 4)  54  94  112  137 
(Length: 4)  54  163  168  175 
(Length: 4)  54  111  133  155 
(Length: 3)  54  112  133 
(Length: 4)  54  89  154  163 
(Length: 3)  55  73  77 
(Length: 3)  55  126  178 
(Length: 4)  55  67  122  129 
(Length: 4)  55  71  158  178 
(Length: 4)  55  71  86  158 
(Length: 3)  55  67  143 
(Length: 4)  55  92  111  178 
(Length: 3)  55  77  126 
(Length: 3)  55  86  143 
(Length: 3)  55  86  170 
(Length: 3)  55  143  192 
(Length: 4)  55  73  103  122 
(Length: 4)  55  81  129  178 
(Length: 5)  55  56  76  86  181 
(Length: 4)  55  71  76  86 
(Length: 3)  55  126  143 
(Length: 4)  55  129  170  178 
(Length: 3)  55  129  195 
(Length: 3)  55  170  192 
(Length: 3)  55  92  103 
(Length: 4)  55  76  77  86 
(Length: 3)  55  56  195 
(Length: 3)  55  86  92 
(Length: 3)  56  110  155 
(Length: 4)  56  75  78  151 
(Length: 3)  56  78  80 
(Length: 3)  56  123  183 
(Length: 3)  56  119  163 
(Length: 4)  56  80  119  155 
(Length: 4)  56  78  123  151 
(Length: 3)  56  76  123 
(Length: 3)  56  86  155 
(Length: 3)  56  110  123 
(Length: 3)  56  80  181 
(Length: 3)  56  119  123 
(Length: 3)  57  63  118 
(Length: 3)  57  76  84 
(Length: 3)  57  63  89 
(Length: 3)  57  76  191 
(Length: 4)  57  84  115  122 
(Length: 3)  57  108  182 
(Length: 3)  57  122  137 
(Length: 3)  57  121  189 
(Length: 3)  57  98  189 
(Length: 3)  57  115  191 
(Length: 4)  57  98  127  167 
(Length: 3)  57  63  98 
(Length: 3)  57  63  115 
(Length: 3)  58  88  113 
(Length: 3)  58  110  113 
(Length: 3)  58  88  151 
(Length: 3)  58  90  113 
(Length: 3)  58  75  167 
(Length: 3)  58  68  113 
(Length: 3)  58  67  92 
(Length: 3)  58  68  108 
(Length: 3)  58  75  151 
(Length: 3)  58  92  167 
(Length: 3)  58  67  151 
(Length: 4)  59  76  95  186 
(Length: 3)  59  127  142 
(Length: 3)  59  85  178 
(Length: 3)  59  127  130 
(Length: 3)  59  88  115 
(Length: 3)  59  148  178 
(Length: 3)  59  130  173 
(Length: 3)  59  85  93 
(Length: 3)  59  76  197 
(Length: 3)  59  129  186 
(Length: 3)  59  129  197 
(Length: 3)  59  158  178 
(Length: 3)  59  130  163 
(Length: 3)  59  93  115 
(Length: 3)  59  97  148 
(Length: 3)  59  142  163 
(Length: 3)  59  88  178 
(Length: 5)  59  93  127  186  194 
(Length: 4)  59  76  85  95 
(Length: 3)  59  129  178 
(Length: 3)  59  115  158 
(Length: 3)  60  91  184 
(Length: 3)  60  124  171 
(Length: 3)  60  131  166 
(Length: 3)  60  131  139 
(Length: 3)  60  109  184 
(Length: 3)  60  77  91 
(Length: 3)  60  95  124 
(Length: 3)  60  109  171 
(Length: 3)  61  107  147 
(Length: 3)  62  106  130 
(Length: 3)  62  117  130 
(Length: 3)  62  94  97 
(Length: 4)  62  73  77  169 
(Length: 4)  62  77  130  169 
(Length: 3)  62  96  106 
(Length: 4)  62  106  129  135 
(Length: 4)  62  106  135  199 
(Length: 3)  62  77  125 
(Length: 4)  62  73  94  135 
(Length: 4)  63  64  98  161 
(Length: 3)  63  98  113 
(Length: 3)  63  64  91 
(Length: 3)  63  64  89 
(Length: 3)  63  143  164 
(Length: 3)  63  116  140 
(Length: 3)  63  116  155 
(Length: 3)  63  89  159 
(Length: 3)  63  93  116 
(Length: 3)  63  115  155 
(Length: 3)  63  93  115 
(Length: 3)  63  91  155 
(Length: 3)  63  114  140 
(Length: 3)  63  113  114 
(Length: 3)  63  91  114 
(Length: 3)  63  74  89 
(Length: 3)  63  113  164 
(Length: 3)  64  91  133 
(Length: 3)  64  83  161 
(Length: 3)  64  144  194 
(Length: 3)  64  164  194 
(Length: 3)  64  83  133 
(Length: 3)  64  102  144 
(Length: 3)  64  83  180 
(Length: 3)  64  98  180 
(Length: 4)  64  78  98  102 
(Length: 3)  64  144  161 
(Length: 3)  64  83  110 
(Length: 3)  65  152  156 
(Length: 3)  65  92  167 
(Length: 4)  65  92  104  155 
(Length: 3)  65  144  195 
(Length: 3)  65  104  195 
(Length: 3)  66  69  149 
(Length: 3)  66  126  149 
(Length: 4)  66  85  108  141 
(Length: 3)  66  78  126 
(Length: 3)  66  69  177 
(Length: 3)  66  136  144 
(Length: 3)  66  69  85 
(Length: 3)  66  85  144 
(Length: 4)  66  87  108  141 
(Length: 3)  66  69  148 
(Length: 3)  66  144  192 
(Length: 4)  66  87  141  177 
(Length: 3)  66  78  192 
(Length: 3)  66  69  78 
(Length: 3)  66  101  149 
(Length: 3)  67  134  175 
(Length: 3)  67  96  122 
(Length: 3)  67  96  106 
(Length: 4)  67  106  129  135 
(Length: 3)  67  129  175 
(Length: 3)  67  134  183 
(Length: 4)  67  72  122  169 
(Length: 3)  67  153  169 
(Length: 3)  67  135  190 
(Length: 3)  68  122  141 
(Length: 3)  68  87  126 
(Length: 4)  68  114  122  145 
(Length: 3)  68  128  134 
(Length: 4)  68  113  114  122 
(Length: 3)  68  126  145 
(Length: 3)  68  87  114 
(Length: 4)  68  87  108  141 
(Length: 3)  69  145  176 
(Length: 3)  69  104  145 
(Length: 3)  69  114  197 
(Length: 3)  69  167  197 
(Length: 3)  69  145  177 
(Length: 3)  69  104  178 
(Length: 3)  69  114  145 
(Length: 3)  69  85  114 
(Length: 3)  69  85  178 
(Length: 3)  69  149  197 
(Length: 3)  69  70  85 
(Length: 3)  69  170  178 
(Length: 3)  69  70  167 
(Length: 3)  69  176  187 
(Length: 3)  69  148  178 
(Length: 3)  69  72  177 
(Length: 3)  70  85  135 
(Length: 4)  70  95  101  157 
(Length: 3)  70  128  134 
(Length: 4)  70  98  161  167 
(Length: 4)  70  93  133  147 
(Length: 3)  70  95  133 
(Length: 3)  70  119  135 
(Length: 3)  70  85  93 
(Length: 3)  70  128  133 
(Length: 4)  70  76  85  95 
(Length: 4)  70  98  157  161 
(Length: 3)  70  101  134 
(Length: 3)  70  93  194 
(Length: 4)  70  98  119  157 
(Length: 4)  70  98  153  157 
(Length: 4)  70  119  157  194 
(Length: 4)  71  118  119  124 
(Length: 3)  71  118  178 
(Length: 4)  71  99  157  173 
(Length: 3)  71  76  189 
(Length: 3)  71  138  189 
(Length: 4)  71  117  118  124 
(Length: 4)  71  86  157  173 
(Length: 3)  71  138  179 
(Length: 4)  71  113  119  124 
(Length: 3)  71  119  189 
(Length: 3)  71  113  173 
(Length: 3)  71  138  159 
(Length: 3)  71  86  179 
(Length: 3)  71  99  159 
(Length: 3)  72  119  155 
(Length: 3)  72  109  171 
(Length: 4)  72  122  141  165 
(Length: 3)  72  116  141 
(Length: 3)  72  116  155 
(Length: 4)  72  118  119  124 
(Length: 3)  72  141  177 
(Length: 3)  72  118  169 
(Length: 3)  72  169  181 
(Length: 3)  72  109  154 
(Length: 3)  72  124  171 
(Length: 3)  72  109  155 
(Length: 3)  72  154  181 
(Length: 4)  72  171  181  189 
(Length: 3)  73  99  121 
(Length: 4)  73  95  99  122 
(Length: 3)  73  114  122 
(Length: 3)  73  114  197 
(Length: 4)  73  121  185  189 
(Length: 3)  73  90  193 
(Length: 3)  73  122  169 
(Length: 3)  73  94  193 
(Length: 3)  73  124  193 
(Length: 3)  74  125  137 
(Length: 4)  74  122  137  176 
(Length: 3)  74  111  151 
(Length: 3)  74  111  133 
(Length: 3)  74  90  133 
(Length: 4)  74  84  135  184 
(Length: 3)  74  84  151 
(Length: 4)  74  135  146  184 
(Length: 3)  74  85  125 
(Length: 4)  74  84  122  129 
(Length: 3)  74  84  89 
(Length: 4)  74  146  153  176 
(Length: 3)  74  89  154 
(Length: 3)  74  133  184 
(Length: 3)  74  89  192 
(Length: 3)  74  146  192 
(Length: 4)  74  84  85  135 
(Length: 3)  74  89  176 
(Length: 4)  74  122  172  176 
(Length: 4)  74  101  122  172 
(Length: 3)  74  129  133 
(Length: 4)  74  84  129  135 
(Length: 3)  74  125  133 
(Length: 3)  74  125  146 
(Length: 3)  75  116  176 
(Length: 3)  75  122  162 
(Length: 3)  75  122  176 
(Length: 3)  75  114  196 
(Length: 3)  75  167  175 
(Length: 3)  75  114  122 
(Length: 3)  75  79  167 
(Length: 3)  75  78  196 
(Length: 3)  76  123  164 
(Length: 4)  76  85  86  181 
(Length: 3)  76  191  197 
(Length: 3)  76  181  189 
(Length: 3)  76  85  164 
(Length: 3)  76  154  181 
(Length: 3)  76  123  197 
(Length: 3)  76  77  164 
(Length: 4)  76  84  85  95 
(Length: 3)  77  102  126 
(Length: 3)  77  113  164 
(Length: 3)  77  113  173 
(Length: 3)  77  140  177 
(Length: 3)  77  86  140 
(Length: 4)  77  130  144  175 
(Length: 3)  77  140  144 
(Length: 3)  77  130  173 
(Length: 3)  77  86  173 
(Length: 3)  77  164  177 
(Length: 3)  77  130  164 
(Length: 3)  77  102  144 
(Length: 3)  78  182  192 
(Length: 3)  78  151  178 
(Length: 4)  78  98  117  196 
(Length: 3)  78  123  171 
(Length: 3)  78  139  182 
(Length: 3)  78  84  151 
(Length: 4)  78  94  97  192 
(Length: 3)  78  102  171 
(Length: 4)  78  92  96  178 
(Length: 3)  78  92  117 
(Length: 3)  78  126  178 
(Length: 3)  78  182  196 
(Length: 3)  78  126  196 
(Length: 3)  78  102  126 
(Length: 3)  79  165  167 
(Length: 3)  79  182  196 
(Length: 3)  79  182  192 
(Length: 3)  79  110  177 
(Length: 3)  79  102  167 
(Length: 3)  79  165  192 
(Length: 3)  79  105  165 
(Length: 3)  80  85  112 
(Length: 3)  80  85  181 
(Length: 3)  80  158  167 
(Length: 3)  80  85  141 
(Length: 3)  80  141  167 
(Length: 3)  80  118  156 
(Length: 4)  80  119  135  197 
(Length: 3)  80  85  135 
(Length: 3)  80  118  119 
(Length: 3)  80  121  155 
(Length: 3)  80  81  121 
(Length: 3)  80  167  197 
(Length: 3)  80  119  194 
(Length: 3)  80  121  158 
(Length: 3)  81  121  165 
(Length: 3)  81  110  129 
(Length: 3)  81  149  191 
(Length: 3)  81  149  172 
(Length: 3)  81  110  121 
(Length: 3)  81  162  187 
(Length: 3)  81  121  162 
(Length: 3)  81  144  191 
(Length: 3)  82  103  127 
(Length: 3)  82  127  186 
(Length: 3)  82  127  144 
(Length: 3)  82  149  158 
(Length: 3)  82  149  181 
(Length: 3)  82  100  149 
(Length: 3)  82  119  123 
(Length: 3)  82  185  186 
(Length: 3)  82  140  185 
(Length: 4)  82  109  158  178 
(Length: 3)  82  100  123 
(Length: 3)  82  100  188 
(Length: 3)  82  123  152 
(Length: 3)  82  91  186 
(Length: 3)  83  93  192 
(Length: 3)  83  155  180 
(Length: 3)  83  141  167 
(Length: 3)  83  167  180 
(Length: 3)  83  161  167 
(Length: 3)  83  141  166 
(Length: 3)  83  134  183 
(Length: 3)  83  110  155 
(Length: 3)  83  110  124 
(Length: 3)  83  161  178 
(Length: 3)  83  178  183 
(Length: 3)  83  164  178 
(Length: 3)  83  180  183 
(Length: 3)  83  133  155 
(Length: 3)  83  124  167 
(Length: 3)  84  122  162 
(Length: 3)  84  116  162 
(Length: 3)  84  129  157 
(Length: 3)  84  151  162 
(Length: 3)  84  141  173 
(Length: 3)  84  116  141 
(Length: 3)  84  151  173 
(Length: 3)  84  85  141 
(Length: 3)  84  95  122 
(Length: 4)  84  135  162  184 
(Length: 3)  84  95  157 
(Length: 3)  84  122  141 
(Length: 3)  84  89  116 
(Length: 3)  84  116  157 
(Length: 3)  85  164  178 
(Length: 3)  85  112  125 
(Length: 3)  85  105  144 
(Length: 4)  85  105  114  190 
(Length: 4)  85  93  125  181 
(Length: 3)  85  95  108 
(Length: 3)  85  141  164 
(Length: 3)  85  135  190 
(Length: 3)  85  93  144 
(Length: 3)  85  164  190 
(Length: 3)  86  131  140 
(Length: 3)  86  92  155 
(Length: 3)  86  131  143 
(Length: 3)  86  87  140 
(Length: 3)  86  88  176 
(Length: 3)  86  167  173 
(Length: 3)  86  92  167 
(Length: 3)  86  87  179 
(Length: 3)  86  170  179 
(Length: 3)  86  157  170 
(Length: 3)  86  157  194 
(Length: 3)  86  128  133 
(Length: 3)  86  128  140 
(Length: 3)  86  92  131 
(Length: 3)  86  133  179 
(Length: 3)  86  87  155 
(Length: 4)  86  88  155  157 
(Length: 3)  87  119  155 
(Length: 3)  87  114  140 
(Length: 3)  87  114  120 
(Length: 3)  87  94  114 
(Length: 4)  87  102  119  184 
(Length: 3)  87  140  177 
(Length: 3)  87  141  165 
(Length: 3)  87  111  171 
(Length: 3)  87  94  179 
(Length: 3)  87  111  155 
(Length: 3)  87  108  179 
(Length: 4)  88  122  169  176 
(Length: 3)  88  103  122 
(Length: 4)  88  124  136  176 
(Length: 3)  88  113  139 
(Length: 3)  88  132  176 
(Length: 3)  88  115  122 
(Length: 3)  88  132  139 
(Length: 3)  88  151  178 
(Length: 3)  88  113  122 
(Length: 3)  88  113  124 
(Length: 3)  89  163  176 
(Length: 3)  89  116  176 
(Length: 3)  89  116  192 
(Length: 3)  89  159  176 
(Length: 3)  89  154  159 
(Length: 3)  90  113  183 
(Length: 3)  90  144  192 
(Length: 3)  90  130  144 
(Length: 4)  90  113  192  193 
(Length: 3)  91  114  150 
(Length: 3)  91  147  193 
(Length: 3)  91  146  192 
(Length: 3)  91  138  193 
(Length: 3)  91  182  186 
(Length: 3)  91  197  198 
(Length: 3)  91  192  193 
(Length: 4)  91  114  129  197 
(Length: 4)  91  135  138  197 
(Length: 3)  91  117  186 
(Length: 3)  91  99  182 
(Length: 3)  91  129  133 
(Length: 4)  91  135  146  184 
(Length: 4)  91  133  147  155 
(Length: 3)  91  133  184 
(Length: 3)  91  107  197 
(Length: 3)  91  150  186 
(Length: 3)  91  129  186 
(Length: 4)  91  99  129  136 
(Length: 3)  91  129  193 
(Length: 4)  91  129  135  197 
(Length: 3)  91  182  192 
(Length: 4)  91  107  184  186 
(Length: 3)  91  99  155 
(Length: 4)  91  99  129  135 
(Length: 3)  91  135  150 
(Length: 3)  91  136  147 
(Length: 3)  91  136  150 
(Length: 3)  91  114  117 
(Length: 3)  91  114  145 
(Length: 3)  92  109  168 
(Length: 3)  92  111  117 
(Length: 3)  92  131  168 
(Length: 4)  92  103  104  155 
(Length: 3)  92  103  167 
(Length: 5)  92  111  148  155  178 
(Length: 5)  92  109  148  155  178 
(Length: 3)  92  107  131 
(Length: 5)  92  104  111  155  178 
(Length: 3)  93  184  186 
(Length: 4)  93  125  133  147 
(Length: 3)  93  133  184 
(Length: 3)  93  146  194 
(Length: 4)  93  100  146  184 
(Length: 3)  93  149  181 
(Length: 4)  93  116  144  192 
(Length: 4)  93  100  147  149 
(Length: 4)  93  100  146  192 
(Length: 3)  93  116  149 
(Length: 3)  93  125  146 
(Length: 4)  93  127  144  194 
(Length: 3)  93  144  175 
(Length: 3)  94  176  191 
(Length: 3)  94  137  179 
(Length: 3)  94  137  176 
(Length: 3)  94  137  162 
(Length: 4)  94  162  174  187 
(Length: 3)  94  184  191 
(Length: 4)  94  135  162  184 
(Length: 3)  94  107  131 
(Length: 3)  94  179  186 
(Length: 3)  94  176  187 
(Length: 4)  94  107  184  186 
(Length: 3)  94  137  198 
(Length: 3)  94  114  191 
(Length: 3)  94  131  198 
(Length: 3)  94  112  192 
(Length: 4)  95  105  150  190 
(Length: 4)  95  99  108  159 
(Length: 4)  95  99  108  157 
(Length: 3)  95  101  122 
(Length: 3)  95  111  133 
(Length: 3)  95  154  157 
(Length: 3)  95  101  150 
(Length: 4)  95  150  159  190 
(Length: 3)  95  150  186 
(Length: 3)  95  154  159 
(Length: 3)  96  106  178 
(Length: 3)  97  148  180 
(Length: 3)  97  121  183 
(Length: 3)  97  180  183 
(Length: 3)  98  163  196 
(Length: 3)  98  163  167 
(Length: 3)  98  113  119 
(Length: 3)  98  113  173 
(Length: 3)  98  117  127 
(Length: 3)  98  127  157 
(Length: 3)  98  157  168 
(Length: 4)  98  109  163  168 
(Length: 3)  98  153  189 
(Length: 3)  98  119  189 
(Length: 3)  98  167  173 
(Length: 3)  98  152  196 
(Length: 3)  98  180  190 
(Length: 3)  98  167  180 
(Length: 3)  98  102  119 
(Length: 3)  98  102  167 
(Length: 3)  99  106  182 
(Length: 4)  99  106  129  135 
(Length: 3)  99  104  145 
(Length: 3)  99  155  157 
(Length: 3)  99  122  129 
(Length: 3)  99  121  162 
(Length: 3)  99  108  182 
(Length: 3)  99  135  162 
(Length: 3)  99  136  162 
(Length: 3)  99  157  191 
(Length: 3)  99  121  155 
(Length: 3)  99  136  191 
(Length: 3)  99  136  173 
(Length: 3)  99  129  188 
(Length: 3)  99  129  175 
(Length: 3)  99  129  157 
(Length: 4)  99  122  145  162 
(Length: 3)  99  108  160 
(Length: 4)  99  106  129  136 
(Length: 3)  100  117  166 
(Length: 4)  100  147  149  155 
(Length: 3)  100  121  189 
(Length: 3)  100  165  192 
(Length: 3)  100  126  149 
(Length: 3)  100  121  165 
(Length: 3)  100  121  184 
(Length: 3)  100  165  166 
(Length: 4)  100  110  121  155 
(Length: 3)  100  110  129 
(Length: 3)  101  150  174 
(Length: 3)  101  103  122 
(Length: 3)  101  174  197 
(Length: 3)  101  103  150 
(Length: 3)  101  149  197 
(Length: 3)  101  149  172 
(Length: 3)  101  103  197 
(Length: 3)  101  149  157 
(Length: 3)  101  149  150 
(Length: 3)  102  104  112 
(Length: 4)  102  135  162  184 
(Length: 3)  102  112  167 
(Length: 4)  102  119  135  184 
(Length: 3)  102  168  172 
(Length: 3)  102  135  150 
(Length: 3)  102  135  172 
(Length: 3)  103  167  197 
(Length: 3)  104  164  178 
(Length: 3)  104  112  145 
(Length: 3)  104  111  188 
(Length: 4)  105  114  150  174 
(Length: 4)  105  116  150  176 
(Length: 3)  105  134  175 
(Length: 3)  105  133  184 
(Length: 3)  105  144  175 
(Length: 3)  105  116  144 
(Length: 4)  105  114  150  190 
(Length: 4)  106  129  136  178 
(Length: 4)  106  136  178  183 
(Length: 3)  106  158  199 
(Length: 3)  106  141  168 
(Length: 3)  106  158  178 
(Length: 3)  107  121  185 
(Length: 3)  107  121  184 
(Length: 3)  107  156  185 
(Length: 3)  107  185  186 
(Length: 3)  108  182  186 
(Length: 4)  108  109  130  163 
(Length: 3)  108  179  186 
(Length: 3)  108  170  179 
(Length: 3)  109  125  163 
(Length: 3)  109  169  184 
(Length: 3)  109  121  155 
(Length: 4)  109  154  163  168 
(Length: 3)  109  145  154 
(Length: 3)  109  121  184 
(Length: 3)  109  121  158 
(Length: 3)  109  145  169 
(Length: 3)  109  158  169 
(Length: 3)  110  113  124 
(Length: 3)  110  129  170 
(Length: 3)  110  123  170 
(Length: 3)  111  139  160 
(Length: 3)  111  151  178 
(Length: 3)  111  151  160 
(Length: 3)  111  188  199 
(Length: 3)  112  124  145 
(Length: 3)  112  161  167 
(Length: 3)  112  125  137 
(Length: 3)  112  145  194 
(Length: 3)  112  125  161 
(Length: 3)  112  124  167 
(Length: 3)  112  159  190 
(Length: 3)  112  125  133 
(Length: 3)  113  164  187 
(Length: 3)  113  119  164 
(Length: 4)  113  162  183  187 
(Length: 3)  113  124  193 
(Length: 4)  113  114  122  172 
(Length: 4)  113  114  172  173 
(Length: 3)  113  122  162 
(Length: 3)  113  119  139 
(Length: 4)  114  172  173  196 
(Length: 3)  114  117  196 
(Length: 3)  114  145  154 
(Length: 3)  114  122  129 
(Length: 3)  114  154  173 
(Length: 3)  114  174  197 
(Length: 3)  114  150  196 
(Length: 3)  114  191  197 
(Length: 3)  115  131  166 
(Length: 3)  115  131  153 
(Length: 3)  116  149  172 
(Length: 3)  116  176  191 
(Length: 4)  116  144  157  191 
(Length: 3)  116  185  189 
(Length: 3)  116  131  149 
(Length: 4)  116  149  155  157 
(Length: 4)  116  149  157  191 
(Length: 3)  116  140  144 
(Length: 3)  116  140  162 
(Length: 3)  116  140  185 
(Length: 3)  116  157  170 
(Length: 3)  116  141  172 
(Length: 3)  116  131  140 
(Length: 3)  117  127  186 
(Length: 3)  117  127  130 
(Length: 3)  117  166  176 
(Length: 3)  117  176  186 
(Length: 3)  119  155  157 
(Length: 4)  119  123  164  194 
(Length: 3)  119  123  197 
(Length: 3)  120  155  180 
(Length: 3)  120  175  180 
(Length: 3)  120  168  175 
(Length: 3)  121  162  183 
(Length: 3)  121  162  184 
(Length: 3)  122  137  165 
(Length: 3)  122  127  169 
(Length: 3)  122  145  152 
(Length: 4)  122  145  169  176 
(Length: 3)  122  141  172 
(Length: 3)  122  152  172 
(Length: 3)  123  151  152 
(Length: 3)  123  170  179 
(Length: 3)  124  145  152 
(Length: 3)  124  145  176 
(Length: 3)  124  146  176 
(Length: 3)  125  137  179 
(Length: 3)  125  161  181 
(Length: 3)  125  133  179 
(Length: 3)  126  145  180 
(Length: 3)  127  130  144 
(Length: 3)  127  142  144 
(Length: 3)  127  130  167 
(Length: 4)  127  144  157  194 
(Length: 3)  129  135  195 
(Length: 3)  129  170  175 
(Length: 3)  129  157  170 
(Length: 3)  129  188  193 
(Length: 3)  129  133  195 
(Length: 4)  130  167  175  180 
(Length: 3)  130  167  173 
(Length: 3)  130  143  164 
(Length: 4)  130  144  163  175 
(Length: 3)  130  143  156 
(Length: 3)  130  165  167 
(Length: 4)  130  163  167  175 
(Length: 3)  131  138  168 
(Length: 3)  131  140  168 
(Length: 3)  132  176  187 
(Length: 3)  135  150  195 
(Length: 3)  135  150  190 
(Length: 3)  136  154  181 
(Length: 3)  136  144  154 
(Length: 3)  136  176  191 
(Length: 3)  136  162  183 
(Length: 3)  136  143  150 
(Length: 3)  136  150  176 
(Length: 3)  136  150  183 
(Length: 3)  136  144  191 
(Length: 3)  136  154  173 
(Length: 3)  137  197  198 
(Length: 3)  137  138  197 
(Length: 3)  138  168  175 
(Length: 3)  138  189  197 
(Length: 3)  140  167  185 
(Length: 3)  140  168  174 
(Length: 3)  140  162  174 
(Length: 3)  140  162  177 
(Length: 3)  141  167  173 
(Length: 3)  141  143  164 
(Length: 3)  141  165  167 
(Length: 4)  141  172  173  196 
(Length: 3)  141  143  193 
(Length: 3)  141  165  166 
(Length: 3)  142  163  196 
(Length: 4)  142  144  154  163 
(Length: 3)  143  150  164 
(Length: 3)  143  192  193 
(Length: 3)  143  152  156 
(Length: 3)  144  157  161 
(Length: 3)  144  161  195 
(Length: 3)  144  161  175 
(Length: 3)  144  154  157 
(Length: 3)  145  162  177 
(Length: 4)  145  166  169  176 
(Length: 3)  145  154  177 
(Length: 3)  146  169  184 
(Length: 3)  146  164  194 
(Length: 4)  146  153  169  176 
(Length: 3)  147  190  193 
(Length: 3)  148  155  180 
(Length: 3)  149  191  197 
(Length: 3)  150  164  190 
(Length: 3)  150  161  195 
(Length: 3)  150  159  176 
(Length: 3)  151  173  198 
(Length: 3)  152  172  196 
(Length: 3)  153  171  189 
(Length: 3)  154  157  173 
(Length: 3)  154  159  184 
(Length: 3)  158  161  169 
(Length: 3)  158  161  178 
(Length: 3)  158  161  167 
(Length: 3)  160  164  187 
(Length: 3)  161  167  197 
(Length: 3)  161  167  175 
(Length: 3)  163  168  176 
(Length: 3)  164  187  194 
(Length: 3)  166  176  187 
(Length: 3)  167  175  185 
(Length: 3)  170  175  185 
(Length: 3)  171  180  190 
...model cost: 2.63 seconds  49637 FFE
 (opt) 894.00000000 == 894.00000000 (sur)  OPTIMALITY TEST PASSED!
   BESTimpr 769.00000000 -> 877.00000000
1111111**1***1***111**11**11*1*111*11**111***1****1*111*111*1**1***1***1**111111*11*111*111**1**1***111***11111*11**1***1****1***11111**11*1*1*****1*1*111**111111****1****11*1*11****111111111111****1*


*1*111**11*1***1*1*******1**1**11***1**11******11*1*11****111*1****1****1*11*1*1**11**1*1*1*1*1*1*111*1111*111***11*****1*1***111*11*******11**1*1**1**11*1*1111**1***1111*1*11***1*1*111**111***1***111

