Walsh model started...
 56  183  57  137  61  187  82  34  132  150  84  152  68  171  148  51  101  29  127 
 175  65  32  147  55  151  19  141  193  36  107  130  59  136  91  161  146  188  80  177  10  144  5  142 
 74  25  110  78  106  109  84  83  144  185  190  159  132  10  58  92  56  88  105  37  178  3  191  169  121  18  71  96  188  103 
 36  103  55  155  16  152  47  159  109  176  133  18  57  125  43  114  17  56  129  88  27  168  141  2  191  29  107  13  68  148 
 180  138  48  80  28  50  33  129  81  62  135  166  127  71  153  137  34  146  139  45  131  24  11 
 113  80  106  167  74  183  26  148  70  175  145  134  144  1  138  61  94  170  112  17  142  75  44 
 106  70  12  42  75  168  65  190  82  132  160  114  159  102  175  186  125  177  51  130  143 
 28  189  162  171  147  50  99  10  37  184  64  101  75  43  168  32  90  102  116  59  23  150  140  95  114  55 
 97  139  109  122  94  129  34  118  182  138  49  183  184  30  172  132  119  73  107  45  180  18  189  144  25  114  113  161  99  124  104 
 126  195  36  77  84  15  151  47  26  30  164  117  39  177  101  20  69  35  175  54  25 
 88  159  99  7  189  115  17  191  103  181  192  120  37  93  47  26  197  119  28  59  183  58  2  193  171  126  25  177  1  65  22 
 182  183  123  190  161  66  171  125  62  149  103  122  117  197  181  41  129  151  144  150  94  54  115  4  22  77  29  109 
 121  64  142  115  42  6  48  107  185  183  192  171  172  159  74  30 
 122  98  36  24  149  77  125  22  48  109  116  75  167  66  155  158  133  150  51  103  110  172  74  161  179  106  3  68 
 190  143  137  29  62  187  104  183  117  165  60  43  17  52  124  97  141  135  75 
 52  67  180  112  21  34  61  167  9  151  178  77  57  169  90  133 
 159  189  152  3  123  29  49  52  190  43  178  124  101  48  192  73  161  28  99  199  18  45  169  37  76 
 161  162  166  80  68  105  10  189  191  173  82  98  97  143  185  117  14  43  3  114  124  121  40  147  169  20  30  57  178  113  101  112  5  148 
 57  3  43  121  116  174  90  129  30  8  42  130  51  169  16  199  2  71 
 178  192  1  141  63  97  89  127  85  87  121  173  48  194  155  42  96  129  31  77  44  103  84 
 128  38  120  98  55  145  77  31  41  194  169  17  102  33  119  79  9  117  160  125 
 85  101  93  103  119  129  15  34  43  87  124  113  189  82  52  154  163  51  39  157  145  192  166  138  50 
 33  121  145  175  46  23  125  13  78  169  35  58  39  134  104  151  103  65  10  90  42  101  77  11  133  68  159  136 
 84  148  46  22  93  163  72  195  172  138  87  99  7  150  116  36  174  85  107  112 
 115  68  13  36  168  186  149  61  185  93  82  158  108  131  4  43  81 
 31  27  74  2  81  86  132  83  181  97  120  39  35  108  54  63  60  131  121  172  8  118  176  154  126  10  135  51  115  107  136  143  183  178  32  164  113  53  80  171  116  173  110  151  9 
 42  193  92  96  58  48  45  174  9  47  57  191  5  148  10  73  55  134  184  30  119  105  177  70  121  176  56  86  152  160  141 
 31  25  36  196  101  90  102  43  52  57  88  3  50  149  140  38  56  137  61  106  178  175  127  76  130  121  29  197 
 7  189  47  116  4  50  129  114  72  192  10  161  16  29  49  92  142  127  131  159  67 
 137  14  123  16  142  184  193  152  195  88  199  28  49  62  197  104  170  109  146  188  78  127  84  150  11  179  154  3  107  97  27  0 
 39  166  45  104  106  77  139  164  75  78  159  89  149  175  184  8  9  87  121  26  119  18  171  142  61  57  12  74  17 
 27  25  123  187  132  93  73  51  172  77  20  54  126  64  134  79  19  129  154  131 
 77  166  58  147  42  93  1  180  159  163  84  90  7  78  191  177  46  98  75  119  92  178  25  70  145  194  128 
 101  185  153  165  22  121  4  80  184  60  42  107  90  51  102  20  103  157  151  141  49  92  129  199  35  135  174 
 15  21  114  136  118  8  146  4  0  82  139  112  66  143  100 
 189  139  175  89  123  188  90  116  66  58  22  39  25  47  100  111  49  41  99  98  181  64  164  67  140  57  170  199  33  9  69  54  117  40  70 
 3  103  77  9  13  24  55  45  109  131  187  196  27  1  193  197  68  183  116  23  194  178 
 89  48  7  184  151  59  49  105  92  135  93  10  163  133  187  142  118  174  47  183  2  178  130  197  60  149  148  55  150  180  79  114  182  76  16 
 39  164  128  20  108  58  135  93  90  153  98  61  27  140  149  97 
 30  166  38  164  35  25  108  155  46  178  199  22  134  9  117  197  104  21  157  74  153 
 75  57  66  127  146  143  102  145  17  147  60  187  107  80  96  70  35  87  139 
 57  141  159  127  194  20  42  140  49  35  143  168  181  11  199  100  63 
 157  147  193  26  93  32  12  6  109  144  68  180  41  140  194  43  33  107  19  155  18  130  77  101  22  142  162  143  199  63 
 143  114  73  133  87  21  125  3  16  190  168  7  42  194  14  17  121  18  102  27  109  98  24  81 
 152  118  169  112  178  170  77  19  125  68  196  199  91  194  146  159  75  5 
 55  36  30  104  116  82  26  174  164  185  108  60  59  123  176  155  8  180  187  122  118  141  4  139  157  68  194  95  53  181  16  169 
 78  138  158  133  145  60  23  22  172  199  155  39  151  157  99  177  32 
 126  108  149  117  28  116  159  3  161  155  53  198  134  35  90  77  72  9  26  10  131  76  37  183  152  123  100  125 
 37  89  80  4  141  77  12  107  13  109  26  58  135  19  194  16  101  95  136 
 16  52  105  37  181  193  8  183  110  94  35  41  67  147  190  162  29  28  60  33  141  184  119 
 7  147  61  57  166  100  83  197  4  28  165  188  62  127  51  89  199  161  144  74  27  149  134  156  131  66  72  95  191  21 
 186  148  112  88  117  120  172  31  194  158  103  13  67  113  50  89  33  90  58  74  157  163  21  18  169  135  25  197  177  6  107  0  101  99  53 
 109  106  15  67  135  164  143  169  49  16  98  124  94  158  165  103  73  21  154  57  27  14  62  92 
 47  161  63  133  172  94  146  139  191  183  189  112  168  78  102  188  45  181  142  99  51  25  80  85  137 
 149  70  170  61  74  105  134  178  31  126  25  63  79  90  121  175  115  11  82  62  167  113  123  162  109  35  117  9 
 155  3  1  151  36  45  20  145  139  128  26  73  182  195  37  148  142  120  114  7 
 0  183  174  147  148  167  128  57  129  3  184  78  2  92  27  137  176  26  113  108  160 
 75  40  50  61  137  0  41  141  18  3  62  191  128  56  15  169  26  52  27  147  97  30  95  92  17  91  175  35  170 
 32  147  108  38  26  48  35  22  10  2  51  120  164  177  89  118  77  124  160  101  106  197 
 181  77  151  37  195  70  10  183  154  169  1  193  7  189  45  123  78  65  81  150  80  121 
 64  97  46  145  184  33  114  116  165  14  180  92  25  131  164  111  108  45  40  187  37  149  49  162  189  137 
 50  57  170  54  167  15  142  182  0  187  174  140  149  24  107  67  98  38  30  27  106  63  69  138  5 
 161  163  159  146  14  187  112  191  11  149  57  81  4  50  127  117  119  98  29  197  148  101  166  193  52  92  167  54  153  65  140  123 
 68  113  19  97  155  120  25  54  83  140  189  191  133  53  150  41  159  61  69  42  199 
 60  97  12  121  7  101  197  113  86  159  31  134  118  154  35  181  150  104  87 
 1  175  112  95  68  157  6  190  70  76  22  10  78  59  62  153  99  104 
 131  94  161  11  75  40  188  35  167  13  71  155  127  142  99  120  132  34  143  88  185  166  50 
 15  52  126  153  165  194  156  51  113  49  147  107  61  140  35  115  160  114  119  79  85  159  28 
 80  199  115  24  105  17  63  113  65  157  42  180  135  144  197  36  82  103  71  0  125  44  45  109  69  121  133  22  13  3  146  183 
 176  80  155  116  185  183  156  105  125  191  118  94  129  109  68  61  63  9  35  141  159 
 106  6  149  54  144  157  97  111  150  122  135  5  175  195  59  125  192  189  114  79  147  126  76  65  26  121  40  35  32  145 
 66  155  153  4  137  74  103  68  2  18 
 23  195  183  178  162  191  82  155  141  176  87  47  77  28  114  156  165  50 
 133  43  31  93  95  115  16  192  52  169  74  121  181  126  26  55  8  107  106 
 2  25  185  107  105  54  5  183  73  121  159  90  137  71  100  144  50  51  157  12  30  13  161  39  153  191  164 
 57  40  142  150  7  171  6  168  66  96  146  13  116  30  78  98  32  155  92  167  160  5  44  135  14 
 196  103  171  131  47  70  65  155  159  89  163  27  127  190  105  152  118  37  16  125 
 166  32  141  48  36  9  94  119  13  149  181  59  84  174  171  30  106  20  31  15  178  47  72  44  19  154  118  58  183  193  42  22  11  124 
 79  124  138  46  110  2  22  169  75  30  191  122  156  126  32  184  56  65  59  29  127  168  53  99  111 
 124  78  112  193  54  31  70  114  67  85  119  20  37  180 
 68  199  176  69  113  5  48  4  166  17  33  137  148  99  188  1  125  128  177  96  40  127  53  25  121  59 
 159  98  25  86  62  4  195  172  167  127  155  134  133  117  150  187  183  139  59  43  24 
 136  121  116  45  17  98  155  72  196  145  189  21  0  34  6  132  68  24  171  101  104  88  154  54  175 
 50  197  25  181  84  2  111  148  63  140  182  150  115  168  86 
 23  148  77  9  116  127  83  2  163  32  125  167  154  133  0  152  134  173  104  170  19  103  29  150 
 21  101  190  139  19  87  93  180  174  23  79  67  53  137 
 81  25  144  131  125  121  64  159  152  26  168  83  106  191 
 158  109  43  21  85  19  72  23  131  117  157  186  127  182  165  30  121  101  64  139  40 
 10  159  119  199  112  51  132  180  195  29  160  127  149  3  27  2  105  66  120  104  82  117  194 
 37  48  35  175  102  112  178  144  19  127  159  30  51  50  58  177  163  76  179  168  130  116 
 136  194  145  97  117  153  116  35  143  182  47  32  7  27  101  159  74  165  174  38  33  51  18  129  54  121  192  151  104  22  15  112  175  147  177 
 171  97  103  92  179  181  128  127  165  194  1  136  178  167  107  144  57  175  44 
 130  189  26  96  91  103  135  37  154  180  60  28  142  2  56  57  95  32  119  62  52  113  33  129  155  75  153  132 
 42  32  103  21  122  133  163  23  31  73  191  140  142  137  198  37  10  130  102  85  180  135  38  153  98  190  167  24  185  119  157 
 131  66  77  119  129  8  52  158  114  188  103  49  110  172  53  69  143  150  11  5  170 
 112  65  73  115  175  102  48  136  57  92  164  151  98  198  194  45  50  191  140  7  114  132 
 92  26  75  146  186  182  139  192  19  80  40  184  117  2  169 
 60  64  8  139  171  91  145  90  70  111  19  63  120  25  129  147  17  143  57  141  14  185  188  178  142  29  38  149 
 159  81  13  122  120  20  17  82  52  124  153  93  99  35  62  119  109  43  191  130  164  133  61  38  183  104  75  32  95  198  115  134 
 7  10  127  175  196  117  192  159  120  106  185  140  142  66  35  98  80  148  46  23  190  16  170  172  111  78  8  161  53  51  104  65 
 166  50  121  113  35  111  123  159  74  109  192  198  182  199  41  116  130  114  34  173  194  156  47  117 
 33  185  115  103  110  116  85  21  7  64  16  48  27  90  174  194  105  123  171  82  148  62  192  87  137  177  9  42  22  51  0  149  102  17  113  160  58 
 89  112  127  164  175  95  130  93  27  43  116  7  159  6  40  145  33  20  53  188  101  149 
 3  36  115  101  93  21  91  92  191  10  196  76  11  122  51  13  52  94  171  154  140  114  151  131  184  71  68  181  161  22  33  145  199  19  84  172  188  2 
 171  127  45  30  14  183  138  136  150  64  164  120  22  151  197  39  170  29  82  88  98  90  84  134  169  124  8  99  65 
 179  177  68  17  163  146  49  37  178  197  74  54  127  131  69  156  101  123  26  88  2  76  190 
 109  52  168  123  70  6  5  167  179  111  2  30  77  140  124  99  185  61  27  13  183  186  86  191  58  197  73  121 
 12  48  185  74  1  130  184  196  179  151  33  42  67  61  118  152  73  8  40  146  144  91  136  25  172  51  29  3  112  23 
 126  47  143  142  174  170  38  58  25  39  45  60  158  24  160  56  154  133 
 149  122  106  52  158  87  8  3  36  2  42  144  13  48  190  43  98  29  146  192  100  188  169  69  68  11  54  162  182  164 
 116  101  2  78  49  94  172  13  169  177  143  198  125  173  25 
 179  106  97  70  159  123  132  189  83  148  100  35  164  60  136  168  173  99  78  166 
 169  44  15  180  102  89  51  88  193  79  95  65  62  191  139  34  150  147  161  53  197  90  5  17  107  23 
 80  5  121  100  63  68  64  197  133  186  21  124  174  158  67  51  165  127  183  195  114  8  56  92  54  123  131  120  17  101  25  164  166 
 143  43  136  34  60  116  188  94  192  146  28  72  70  189  160  6  3  17  103  151  79  156  113  8  100  119  67  37  182  95  132  55  7 
 101  103  24  68  142  12  189  10  73  95  83  25  67  160  54  11  134  98 
 168  178  110  101  28  47  127  136  192  126  45  82  90  35  13  75  69  155  84  60  114  133  129  135  124  102  7  174  18  100  130  23  36  194  151  89  171  25 
 169  182  47  149  128  136  99  196  153  90  168  120  51  62  14  185  17  131  87  119  132  197  11  9  39  167  141  194  88  133  81  184  96  20  35  54  159  156  100 
 152  44  142  165  34  8  154  64  107  191  69  37  174  25  58  77  141  45  127  144  76  192  133 
 199  88  94  77  21  129  132  117  157  93  10  197  62  98  8  26  30  32  92  114  67  20  79  138  123  49  184 
 168  117  98  20  51  10  99  97  25  63  155  66  132  187  146  154  164  104  58  88  196  142  55  131  113  136 
 22  33  136  82  12  64  100  113  19  173  125  86  43  18  74  73  124  17  30  87  90  54  25  172  26  70  154  27  130  144  68  2  169  80  59  106 
 149  109  8  13  98  133  93  103  11  150  70  135  78  191  187  45 
 168  106  190  11  137  179  31  187  35  188  16  29  196  125  159  111  199  185  173  100  45  59  105  101  152  47  113  54  62  149  138  119 
 79  78  164  146  98  52  178  16  140  106  21  113  147  161  135  116  121  17  14  174  160  77  58  104  8 
 178  192  11  171  22  13  196  123  3  43  84  167  121  86  70  80  69  6  190  68  44  110  198  168  47  76  160  20 
 195  9  47  108  116  192  67  153  148  185  31  54  181  73  78  156  147  70  10  25  133  146 
 99  175  136  116  171  104  102  164  84  41  159  166  4  89  19  40  66  62  50  88  160  140  128  91  131  105  143  158  87  165  113  193  81  167  27  76  78  29  118  144  28  80  0 
 136  117  20  38  56  57  127  91  139  55  177  80  143  174  32  194 
 21  119  94  8  28  4  147  97  133  116  56  3  90  18  19  31  11  151  69  33  92  172  177  144  178 
 189  92  1  107  93  102  191  98  42  18  116  100  37  197  6  27  121  89  133  154  179  181  134  194 
 94  66  196  135  36  187  144  86  117  87  127  105  25  60  76  47  184  103  24  4  172  31  28  152  150  113  120  50 
 25  31  88  180  189  111  165  175  66  120  119  117  6  82  159  2  8  0  150  95  114  92  153 
 158  46  73  43  122  93  176  3  186  113  198  13  150  154  84  116  129  63  53  163  37  98  164  117  81  15  180  192  118  130  68  22  166  108  126  146 
 54  178  47  198  64  31  39  22  190  138  26  184  194  197  173  84  81  155  169  104  156  50  115  98  145  5  130 
 52  164  196  131  92  37  4  48  70  122  38  93  68  144  124  116  155  138  25  51  174  33  75  14 
 121  82  90  194  128  117  127  116  114  34  156  166  176  145  138  104  1  91  48  95  168  111  107  25  120  159  22 
 123  179  57  0  29  14  93  142  80  4  190  185  71  74  56  27  101  192  85  53  60  189 
 177  159  180  4  78  46  182  8  172  23  155  135  104  136  190  134  153  61  5  166  21  123  119 
 35  189  97  8  171  166  144  155  30  164  85  190  179  177  128  55  172  34  112  146  53  96  4  45  81  183  87  40 
 191  93  174  61  124  106  127  99  42  41  83  63  168  164  143  103  154  193  27  38  67  35  150  62  163  7  95 
 48  77  41  57  1  19  72  176  168  3  117  167  118  45  186  97  14  33  49  160  26  69  159 
 118  165  12  115  108  143  75  150  61  182  29  184  93  137  66  99  92  28  30  171  187  37  42  162  120  55  53  97  1  5 
 190  14  114  43  108  142  52  169  182  90  17  97  140  127  66  34  146  40  41  168  94  110  128  174  183  25  42  6 
 173  163  178  89  139  155  70  157  42  109  131  86  2  185  68  135  50  74  146  158  189  8  161  11  107  91  127  118  121  5  1  129 
 175  22  46  60  97  90  20  55  82  196  176  136  102  40  199  103  134  5  21  192  32  70 
 164  124  159  62  163  105  96  75  192  114  34  4  143  40  139  53  1  161  120  154  144  158  29  109  107  198  167  44  126  133  183  68 
 157  42  7  50  58  32  1  174  56  148  154  129  97  161  124  49  67  17  40  70  126  57  150  112  90  177 
 186  51  23  84  154  147  185  126  56  167  111  83  5  26  80  99  101  62  171  0  37  55  3  17 
 122  109  47  117  70  54  13  77  11  62  24  61  175  30  199  88  50  27  60  37  169  101  102  38  97  123 
 142  75  133  13  70  122  63  0  132  104  64  23  7  147  112  83  182  94  11  140  193  81  187  152  131  29  84  59  37 
 55  1  37  59  9  15  179  107  157  46  22  104  103  114  90  129  11  33  164  95  116  194  163  181  25 
 44  118  16  3  193  159  29  107  0  84  123  47  86  26  76  150  131 
 33  165  117  90  67  126  71  4  93  98  166  195  38  159  138  39  74  62  65  92  132 
 148  147  92  180  84  133  118  64  52  21  169  59  103  140  146  120  25  176  77  31  82  121  130  179  29  172  166  197  108 
 55  3  139  144  161  47  69  116  71  66  13  158  82  72  63  120  138  135  39  46  19  42  176  45  76  159  81  134  196  171  164  75  92 
 166  136  67  194  69  105  78  126  72  114  134  50  100  159  117 
 147  42  190  196  70  144  68  65  186  87  119  93  151  46  74  51  39  21  33  45 
 87  109  46  133  13  155  52  94  194  51  113  174  127  144  146  108  24  165  182 
 138  177  16  189  98  81  88  10  47  3  62  146  99  192  193  152  41  127  123  111  180  32  30  89  64  86  100  90  74  102  6  2  132  172  12  155  76  63  153  156  117  136  22  69  141  44  67  28 
 88  127  114  6  115  67  124  174  108  56  141  26  101  58  75  167  20  125 
 62  163  17  162  11  66  155  47  53  147  124  168  174  199  50  28  16  169  182  1  146  191  103  181  144  74  13  112  8  99 
 171  7  161  17  191  72  49  190  42  142  60  54  109 
 144  173  62  161  93  23  105  146  32  84  133  37  51  21  89  76  151  181  140 
 124  146  38  39  135  52  127  102  30  139  168  140  9  45  185  111  60  104  120  35  58  98  133  95  151  171  155  25  113  109  182  191  74 
 153  33  118  142  50  188  52  67  14  60  175  132  91  194  113  127  174  90  87  182  72  183  158 
 77  32  30  39  139  171  50  100  17  80  4  127  156  136  195  153  62  193  185  66  154  197  111  21  138  113  133 
 5  106  61  15  13  66  56  148  84  125  190  93  81  127  117  141  178  91  198  146  62  54  75  160 
 106  123  116  178  6  75  117  120  24  186  43  7  161  174  140  164  143  41  187  141  3  136  111  179  89  78  53  86  83  125 
 112  44  194  181  182  117  52  143  78  22  57  15  73  154  59  161  110  177  51  18  20  17  134  104  149  109  2  121  16  45  96 
 44  178  54  61  174  108  104  29  84  99  172  57  35  5  94 
 162  7  139  166  127  104  91  97  11  125  75  174  77  192  12  76  103  82  101  30  142  10  193  0  148  155  164  25  116 
 199  46  51  31  23  138  81  195  139  8  110  13  94  53  12  159  121  25  107  197  170  99  131  154  103  177  129 
 144  163  17  191  121  19  185  123  134  84  100  111  25  110 
 56  147  108  170  171  77  140  61  26  45  113  158  161  168  101  194  165  90  116  18  37  118  124  160  143  128  85  23  135  33  187 
 145  22  127  99  1  65  35  89  95  102  149  30  165  132  70  5  6  186  192  179  178  27  54  90  57  91  82  9 
 80  69  133  3  141  72  136  145  155  45  25  154  26  56 
 138  159  179  105  139  32  46  26  169  110  128  80  58  89  10  1  51  6  101  9  147  90  172  129 
 192  125  19  168  116  44  170  89  144  72  183  105  197  124  16  134  54  15  77  39  199  167  91  27  175  2  37  97  17  25  32  194  36  129 
 123  137  177  105  111  106  91  181  139  151  107  175  192  168  89  13  154  29  130 
 138  4  15  112  132  88  42  68  154  92  159  32  85  93  60  45  8  133  37  79 
 194  169  77  59  83  25  91  179  10  192  49  193  73  126  35  64  41  11  103  161  45  53  130  163  151 
 11  183  169  117  142  61  8  138  143  90  186  96  161  87  165  55  195  100  198  83  150  37  114  109  164  158 
 11  182  0  56  72  178  14  104  185  69  12  74  5  8  49  59  10  98  113  195  189  53  36  77  47  37  143  25  165  81  139  106  186  146  68 
 7  37  142  29  60  33  30  8  107  196  134  26  191  56  78  131  103  117  96  49  119 
 101  33  74  107  148  126  2  144  183  69  12  106  99  17  117  173  123  24  93  190  137  164  45  97  188  66  166 
 51  148  133  113  168  24  182  96  157  87  175  6  141  183  106 
 31  123  62  14  131  36  0  61  168  120  40  60  37  142  122  45  81  150  174 
 123  35  66  165  50  114  94  1  80  109  29  97  185  102  53  2  103 
 7  28  35  139  130  92  16  159  115  10  17  132  111  21  82  70  114  63  191  59  194  8  144  183  53  60  137 
 14  143  123  11  157  196  6  65  16  43  85  139  2  109  167  93  137  185  49  162  134  138  125  99  76  105 
 10  103  93  140  62  112  17  173  57  162  72  26  63  189  78  122  32  184  53  161  118  69  98  130  194  3  2  50  95  106  86  164  74 
 178  125  19  116  126  99  159  181  10  171  12  16  73  146  114  70  28  96  109  100  101  90  175  179  137  118  133  21  145 
 42  26  112  79  152  159  1  36  29  181  49  59  140  127  10  171  166  62  77  150 
 181  169  136  90  158  51  67  156  41  20  19  48  42  43  165  91  101  174  134  197  189  191  117  88  116  151  100  95  45  44  130  178  36  32  128 
 126  9  23  72  29  88  81  172  70  59  166  153  182  55  183  113 
 190  157  99  117  135  131  36  27  125  123  76  103  82  145  184  107  155  120  199  44 
 50  83  64  113  105  178  36  68  10  119  117  11  194  134  62  29  39  104  112  51  130  37  199  172  166  154  106  58  27 
 133  93  47  134  100  182  110  125  167  146  95  98 
 80  68  119  88  172  46  123  29  178  39  161  50  149  41  100  145  103  197  16  18  196  44  35  33  42  63 
-->CDecomWalshPart::vInitTrueLinkage-->GLBs: 2308
(Length: 4)  0  29  84  127 
(Length: 3)  0  34  82 
(Length: 3)  0  82  132 
(Length: 4)  0  51  101  148 
(Length: 4)  0  56  57  137 
(Length: 3)  0  61  187 
(Length: 3)  0  68  82 
(Length: 3)  0  132  150 
(Length: 4)  0  82  101  171 
(Length: 3)  0  29  137 
(Length: 3)  0  150  187 
(Length: 3)  0  84  148 
(Length: 3)  0  127  171 
(Length: 5)  0  29  84  150  152 
(Length: 3)  0  68  183 
(Length: 3)  0  101  137 
(Length: 4)  0  101  148  171 
(Length: 3)  0  56  148 
(Length: 3)  0  57  61 
(Length: 3)  0  56  183 
(Length: 4)  1  107  144  146 
(Length: 3)  1  5  142 
(Length: 3)  1  5  175 
(Length: 3)  1  55  151 
(Length: 3)  1  10  177 
(Length: 4)  1  10  59  193 
(Length: 3)  1  19  141 
(Length: 3)  1  80  188 
(Length: 4)  1  32  147  177 
(Length: 3)  1  59  151 
(Length: 4)  1  91  107  136 
(Length: 3)  1  91  175 
(Length: 4)  1  10  59  65 
(Length: 3)  1  80  177 
(Length: 3)  1  36  193 
(Length: 3)  1  65  175 
(Length: 4)  1  91  107  144 
(Length: 3)  1  147  161 
(Length: 3)  1  55  142 
(Length: 3)  1  107  130 
(Length: 3)  1  5  144 
(Length: 3)  1  5  80 
(Length: 4)  1  144  146  161 
(Length: 3)  1  59  80 
(Length: 3)  1  36  55 
(Length: 3)  1  107  151 
(Length: 3)  2  37  92 
(Length: 3)  2  109  144 
(Length: 3)  2  71  103 
(Length: 3)  2  71  74 
(Length: 3)  2  144  178 
(Length: 3)  2  3  18 
(Length: 3)  2  56  92 
(Length: 4)  2  74  121  144 
(Length: 4)  2  10  103  191 
(Length: 3)  2  92  132 
(Length: 3)  2  74  105 
(Length: 4)  2  3  103  191 
(Length: 3)  2  56  78 
(Length: 3)  2  109  188 
(Length: 3)  2  185  188 
(Length: 3)  2  109  190 
(Length: 4)  2  37  105  178 
(Length: 3)  2  185  190 
(Length: 3)  2  96  169 
(Length: 3)  2  84  103 
(Length: 4)  2  3  88  159 
(Length: 3)  2  106  191 
(Length: 3)  2  109  169 
(Length: 3)  2  106  185 
(Length: 3)  2  10  58 
(Length: 3)  2  10  37 
(Length: 3)  2  106  121 
(Length: 3)  2  10  25 
(Length: 3)  2  78  191 
(Length: 3)  2  88  105 
(Length: 3)  2  25  83 
(Length: 3)  2  3  56 
(Length: 3)  2  25  110 
(Length: 3)  2  92  96 
(Length: 3)  2  106  109 
(Length: 4)  2  25  74  121 
(Length: 3)  2  18  71 
(Length: 4)  2  74  144  185 
(Length: 3)  2  74  159 
(Length: 4)  2  88  132  159 
(Length: 4)  2  18  121  169 
(Length: 3)  2  74  191 
(Length: 4)  2  78  110  169 
(Length: 3)  2  103  188 
(Length: 3)  2  58  106 
(Length: 3)  2  105  190 
(Length: 4)  2  10  88  159 
(Length: 3)  2  3  109 
(Length: 3)  2  25  178 
(Length: 3)  2  92  103 
(Length: 3)  2  83  84 
(Length: 3)  2  25  132 
(Length: 4)  3  17  43  114 
(Length: 4)  3  13  68  133 
(Length: 4)  3  13  68  125 
(Length: 3)  3  57  141 
(Length: 4)  3  43  125  168 
(Length: 4)  3  17  57  191 
(Length: 3)  3  141  168 
(Length: 3)  3  17  148 
(Length: 3)  3  18  129 
(Length: 3)  3  103  114 
(Length: 3)  3  141  176 
(Length: 5)  3  13  36  68  109 
(Length: 3)  3  55  114 
(Length: 3)  3  13  155 
(Length: 3)  3  43  133 
(Length: 3)  3  36  55 
(Length: 5)  3  13  36  68  103 
(Length: 3)  3  17  68 
(Length: 3)  3  55  155 
(Length: 4)  3  16  29  152 
(Length: 3)  3  27  36 
(Length: 3)  3  27  43 
(Length: 3)  3  47  125 
(Length: 4)  3  27  56  57 
(Length: 3)  3  129  133 
(Length: 4)  3  29  107  152 
(Length: 3)  3  29  109 
(Length: 3)  3  155  176 
(Length: 3)  3  141  159 
(Length: 4)  3  16  152  159 
(Length: 4)  3  47  155  159 
(Length: 4)  3  27  29  88 
(Length: 3)  3  56  129 
(Length: 3)  3  56  148 
(Length: 3)  3  56  176 
(Length: 4)  3  47  152  159 
(Length: 3)  3  133  176 
(Length: 4)  3  16  18  43 
(Length: 3)  3  18  57 
(Length: 3)  3  55  148 
(Length: 3)  3  43  109 
(Length: 3)  4  48  135 
(Length: 4)  4  62  81  127 
(Length: 4)  4  34  139  146 
(Length: 4)  4  80  127  166 
(Length: 3)  4  33  80 
(Length: 3)  4  135  138 
(Length: 3)  4  11  129 
(Length: 3)  4  80  137 
(Length: 3)  4  28  129 
(Length: 3)  4  24  131 
(Length: 3)  4  48  80 
(Length: 3)  4  33  153 
(Length: 3)  4  62  146 
(Length: 5)  4  28  50  127  131 
(Length: 3)  4  131  135 
(Length: 3)  4  45  180 
(Length: 3)  4  11  62 
(Length: 3)  4  81  139 
(Length: 3)  4  33  129 
(Length: 5)  4  50  62  127  166 
(Length: 3)  4  71  137 
(Length: 3)  4  138  180 
(Length: 3)  4  139  166 
(Length: 3)  4  71  153 
(Length: 3)  4  33  135 
(Length: 3)  4  24  81 
(Length: 4)  4  62  153  166 
(Length: 4)  4  138  153  166 
(Length: 3)  4  45  139 
(Length: 4)  5  61  106  167 
(Length: 3)  5  44  170 
(Length: 3)  5  74  183 
(Length: 3)  5  113  183 
(Length: 4)  5  17  80  113 
(Length: 3)  5  17  112 
(Length: 4)  5  70  145  175 
(Length: 3)  5  26  148 
(Length: 3)  5  134  145 
(Length: 3)  5  134  138 
(Length: 3)  5  26  70 
(Length: 3)  5  75  167 
(Length: 3)  5  74  144 
(Length: 3)  5  70  106 
(Length: 3)  5  75  142 
(Length: 3)  5  70  144 
(Length: 3)  5  44  112 
(Length: 3)  5  94  170 
(Length: 3)  5  44  75 
(Length: 4)  5  17  80  148 
(Length: 3)  5  26  134 
(Length: 3)  5  106  183 
(Length: 3)  5  61  170 
(Length: 3)  5  61  142 
(Length: 3)  5  61  138 
(Length: 3)  5  148  167 
(Length: 3)  6  102  159 
(Length: 3)  6  51  186 
(Length: 3)  6  114  132 
(Length: 3)  6  132  159 
(Length: 3)  6  125  190 
(Length: 3)  6  42  130 
(Length: 3)  6  42  143 
(Length: 3)  6  143  190 
(Length: 3)  6  75  168 
(Length: 4)  6  106  168  186 
(Length: 3)  6  143  168 
(Length: 3)  6  75  160 
(Length: 3)  6  65  190 
(Length: 3)  6  12  42 
(Length: 3)  6  70  106 
(Length: 3)  6  51  177 
(Length: 3)  6  70  114 
(Length: 3)  6  125  160 
(Length: 3)  6  12  159 
(Length: 3)  6  125  168 
(Length: 4)  6  65  70  175 
(Length: 3)  6  70  125 
(Length: 3)  6  102  175 
(Length: 3)  6  175  186 
(Length: 3)  6  114  143 
(Length: 4)  6  82  132  175 
(Length: 3)  6  102  130 
(Length: 3)  6  159  177 
(Length: 3)  6  114  160 
(Length: 3)  7  140  168 
(Length: 4)  7  10  37  59 
(Length: 4)  7  75  116  171 
(Length: 3)  7  95  140 
(Length: 3)  7  64  150 
(Length: 4)  7  28  114  116 
(Length: 4)  7  75  116  168 
(Length: 3)  7  75  150 
(Length: 4)  7  90  101  116 
(Length: 3)  7  43  168 
(Length: 3)  7  147  150 
(Length: 3)  7  37  184 
(Length: 3)  7  162  171 
(Length: 3)  7  10  171 
(Length: 3)  7  43  114 
(Length: 4)  7  10  59  189 
(Length: 3)  7  43  102 
(Length: 4)  7  10  28  189 
(Length: 3)  7  28  50 
(Length: 3)  7  32  75 
(Length: 3)  7  23  150 
(Length: 3)  7  23  99 
(Length: 3)  7  10  99 
(Length: 4)  7  37  55  114 
(Length: 4)  7  37  59  150 
(Length: 3)  7  50  147 
(Length: 3)  7  50  95 
(Length: 3)  7  23  116 
(Length: 3)  7  99  140 
(Length: 3)  7  95  102 
(Length: 3)  7  95  114 
(Length: 4)  7  101  116  171 
(Length: 4)  7  101  102  116 
(Length: 3)  7  64  101 
(Length: 4)  7  32  90  147 
(Length: 3)  7  140  150 
(Length: 4)  7  28  114  189 
(Length: 3)  8  109  144 
(Length: 3)  8  49  183 
(Length: 3)  8  99  161 
(Length: 3)  8  107  184 
(Length: 3)  8  114  182 
(Length: 3)  8  45  122 
(Length: 4)  8  107  118  144 
(Length: 3)  8  104  138 
(Length: 3)  8  119  138 
(Length: 4)  8  94  119  129 
(Length: 4)  8  49  94  119 
(Length: 3)  8  132  180 
(Length: 4)  8  94  114  119 
(Length: 3)  8  34  118 
(Length: 3)  8  34  114 
(Length: 3)  8  104  183 
(Length: 3)  8  18  30 
(Length: 3)  8  139  172 
(Length: 4)  8  114  132  189 
(Length: 3)  8  99  172 
(Length: 3)  8  124  161 
(Length: 3)  8  45  180 
(Length: 4)  8  25  107  172 
(Length: 3)  8  109  122 
(Length: 4)  8  30  119  184 
(Length: 3)  8  34  139 
(Length: 3)  8  138  180 
(Length: 3)  8  73  107 
(Length: 3)  8  25  97 
(Length: 3)  8  138  172 
(Length: 4)  8  139  183  189 
(Length: 3)  8  97  139 
(Length: 4)  8  25  107  118 
(Length: 3)  8  113  114 
(Length: 3)  8  99  104 
(Length: 3)  8  18  129 
(Length: 3)  8  45  118 
(Length: 4)  8  139  144  189 
(Length: 3)  8  144  161 
(Length: 4)  8  114  119  132 
(Length: 3)  8  104  124 
(Length: 4)  8  25  113  183 
(Length: 4)  8  30  45  139 
(Length: 3)  8  129  144 
(Length: 3)  8  182  183 
(Length: 3)  8  161  182 
(Length: 4)  8  30  45  104 
(Length: 3)  8  138  182 
(Length: 3)  8  97  129 
(Length: 4)  8  94  129  172 
(Length: 3)  8  25  132 
(Length: 3)  8  109  182 
(Length: 3)  8  113  124 
(Length: 4)  8  49  119  184 
(Length: 3)  9  15  151 
(Length: 4)  9  25  151  164 
(Length: 4)  9  35  39  117 
(Length: 3)  9  35  69 
(Length: 4)  9  25  35  54 
(Length: 4)  9  35  47  117 
(Length: 4)  9  30  39  164 
(Length: 4)  9  35  54  117 
(Length: 3)  9  77  84 
(Length: 3)  9  15  77 
(Length: 3)  9  126  195 
(Length: 5)  9  25  35  39  164 
(Length: 3)  9  36  77 
(Length: 3)  9  101  177 
(Length: 3)  9  30  175 
(Length: 4)  9  35  54  175 
(Length: 4)  9  25  54  126 
(Length: 3)  9  26  177 
(Length: 3)  9  47  126 
(Length: 3)  9  20  117 
(Length: 3)  9  47  77 
(Length: 3)  9  30  77 
(Length: 3)  9  26  30 
(Length: 3)  9  26  47 
(Length: 3)  9  20  77 
(Length: 3)  10  22  65 
(Length: 3)  10  22  58 
(Length: 3)  10  25  183 
(Length: 3)  10  22  159 
(Length: 3)  10  115  189 
(Length: 3)  10  37  197 
(Length: 4)  10  28  159  189 
(Length: 4)  10  17  189  191 
(Length: 3)  10  119  197 
(Length: 3)  10  26  119 
(Length: 4)  10  37  59  183 
(Length: 3)  10  25  115 
(Length: 3)  10  25  120 
(Length: 4)  10  25  126  181 
(Length: 4)  10  59  183  189 
(Length: 3)  10  22  103 
(Length: 3)  10  65  99 
(Length: 3)  10  25  171 
(Length: 4)  10  93  103  191 
(Length: 3)  10  26  193 
(Length: 3)  10  26  47 
(Length: 3)  10  37  93 
(Length: 3)  10  88  119 
(Length: 4)  10  126  181  192 
(Length: 3)  10  88  120 
(Length: 3)  10  159  177 
(Length: 3)  10  103  171 
(Length: 3)  10  26  191 
(Length: 3)  10  47  126 
(Length: 3)  10  58  197 
(Length: 4)  10  59  181  193 
(Length: 4)  10  99  159  192 
(Length: 4)  10  26  58  177 
(Length: 3)  10  159  193 
(Length: 3)  10  171  192 
(Length: 3)  10  99  120 
(Length: 3)  10  58  120 
(Length: 3)  10  171  193 
(Length: 4)  10  28  47  159 
(Length: 3)  10  103  181 
(Length: 4)  10  37  47  183 
(Length: 4)  10  28  159  192 
(Length: 3)  10  93  119 
(Length: 3)  10  103  115 
(Length: 3)  11  103  122 
(Length: 3)  11  129  151 
(Length: 3)  11  103  171 
(Length: 4)  11  103  151  181 
(Length: 4)  11  29  62  123 
(Length: 3)  11  77  94 
(Length: 3)  11  22  125 
(Length: 3)  11  77  149 
(Length: 3)  11  77  171 
(Length: 3)  11  77  181 
(Length: 3)  11  77  183 
(Length: 3)  11  54  115 
(Length: 3)  11  117  182 
(Length: 4)  11  62  117  197 
(Length: 3)  11  22  77 
(Length: 3)  11  41  181 
(Length: 5)  11  54  62  117  149 
(Length: 3)  11  66  94 
(Length: 3)  11  94  103 
(Length: 3)  11  182  183 
(Length: 3)  11  29  109 
(Length: 4)  11  123  125  190 
(Length: 3)  11  94  129 
(Length: 5)  11  54  62  123  149 
(Length: 3)  11  29  150 
(Length: 3)  11  94  150 
(Length: 3)  11  62  161 
(Length: 3)  11  66  161 
(Length: 4)  11  29  62  197 
(Length: 4)  11  109  122  149 
(Length: 3)  11  109  144 
(Length: 3)  11  109  182 
(Length: 3)  11  109  190 
(Length: 3)  11  125  171 
(Length: 4)  11  54  109  149 
(Length: 4)  11  22  103  151 
(Length: 3)  11  122  150 
(Length: 3)  11  150  182 
(Length: 4)  11  103  161  181 
(Length: 3)  11  144  161 
(Length: 3)  11  161  182 
(Length: 3)  11  129  144 
(Length: 3)  11  103  115 
(Length: 4)  12  30  142  171 
(Length: 3)  12  64  159 
(Length: 3)  12  64  121 
(Length: 3)  12  42  107 
(Length: 4)  12  74  183  185 
(Length: 4)  12  30  74  121 
(Length: 3)  12  107  172 
(Length: 3)  12  121  172 
(Length: 3)  12  42  142 
(Length: 4)  12  74  107  185 
(Length: 3)  12  48  107 
(Length: 3)  12  171  192 
(Length: 4)  12  30  74  159 
(Length: 3)  12  115  142 
(Length: 3)  12  159  192 
(Length: 3)  12  159  172 
(Length: 4)  13  75  116  155 
(Length: 4)  13  66  75  155 
(Length: 3)  13  110  172 
(Length: 3)  13  125  167 
(Length: 3)  13  110  116 
(Length: 3)  13  48  77 
(Length: 3)  13  24  158 
(Length: 3)  13  133  158 
(Length: 4)  13  98  109  122 
(Length: 3)  13  106  167 
(Length: 3)  13  75  150 
(Length: 3)  13  24  149 
(Length: 3)  13  106  109 
(Length: 3)  13  109  158 
(Length: 3)  13  51  74 
(Length: 3)  13  116  133 
(Length: 4)  13  109  122  149 
(Length: 3)  13  103  161 
(Length: 3)  13  106  179 
(Length: 4)  13  98  122  133 
(Length: 3)  13  103  122 
(Length: 3)  13  36  116 
(Length: 3)  13  36  77 
(Length: 3)  13  48  109 
(Length: 3)  13  22  77 
(Length: 4)  13  24  36  68 
(Length: 3)  13  77  106 
(Length: 4)  13  22  68  133 
(Length: 4)  13  22  68  103 
(Length: 4)  13  66  155  161 
(Length: 3)  13  110  125 
(Length: 4)  13  51  103  172 
(Length: 4)  13  22  68  125 
(Length: 3)  13  77  149 
(Length: 3)  13  155  158 
(Length: 3)  13  51  158 
(Length: 3)  13  74  161 
(Length: 4)  13  66  75  167 
(Length: 3)  13  75  98 
(Length: 4)  13  122  133  150 
(Length: 3)  14  17  124 
(Length: 3)  14  29  62 
(Length: 3)  14  52  165 
(Length: 3)  14  60  165 
(Length: 3)  14  60  187 
(Length: 3)  14  75  135 
(Length: 3)  14  143  183 
(Length: 3)  14  97  141 
(Length: 3)  14  52  62 
(Length: 3)  14  29  137 
(Length: 3)  14  104  124 
(Length: 3)  14  17  117 
(Length: 3)  14  104  183 
(Length: 3)  14  62  187 
(Length: 3)  14  117  141 
(Length: 3)  14  137  190 
(Length: 4)  14  52  124  135 
(Length: 3)  14  29  104 
(Length: 4)  14  17  97  143 
(Length: 3)  14  52  143 
(Length: 4)  14  17  43  143 
(Length: 3)  14  60  97 
(Length: 3)  14  62  117 
(Length: 4)  14  43  143  190 
(Length: 3)  14  60  137 
(Length: 3)  14  29  97 
(Length: 3)  14  165  183 
(Length: 3)  15  21  52 
(Length: 3)  15  34  112 
(Length: 3)  15  57  61 
(Length: 3)  15  167  178 
(Length: 3)  15  52  67 
(Length: 3)  15  90  112 
(Length: 3)  15  61  167 
(Length: 3)  15  77  178 
(Length: 3)  15  90  151 
(Length: 3)  15  112  180 
(Length: 3)  15  61  67 
(Length: 4)  15  52  57  169 
(Length: 3)  15  112  169 
(Length: 3)  15  21  34 
(Length: 3)  15  133  180 
(Length: 3)  16  28  161 
(Length: 3)  16  99  161 
(Length: 3)  16  99  190 
(Length: 3)  16  101  123 
(Length: 3)  16  101  192 
(Length: 3)  16  43  73 
(Length: 3)  16  45  123 
(Length: 3)  16  73  192 
(Length: 3)  16  18  169 
(Length: 3)  16  43  190 
(Length: 3)  16  18  199 
(Length: 3)  16  178  192 
(Length: 3)  16  49  52 
(Length: 3)  16  178  199 
(Length: 3)  16  124  161 
(Length: 3)  16  124  178 
(Length: 4)  16  99  159  192 
(Length: 3)  16  37  48 
(Length: 4)  16  76  152  159 
(Length: 3)  16  37  76 
(Length: 4)  16  29  123  152 
(Length: 4)  16  28  159  189 
(Length: 3)  16  37  178 
(Length: 3)  16  49  190 
(Length: 4)  16  28  29  49 
(Length: 3)  16  45  169 
(Length: 4)  16  29  123  199 
(Length: 4)  16  28  159  192 
(Length: 3)  16  123  190 
(Length: 3)  16  161  199 
(Length: 4)  16  123  152  159 
(Length: 4)  16  52  73  169 
(Length: 3)  16  161  169 
(Length: 3)  16  52  124 
(Length: 3)  16  37  49 
(Length: 3)  16  76  190 
(Length: 3)  16  48  101 
(Length: 3)  17  20  98 
(Length: 4)  17  40  57  147 
(Length: 3)  17  43  98 
(Length: 3)  17  82  101 
(Length: 3)  17  98  124 
(Length: 3)  17  82  189 
(Length: 3)  17  98  191 
(Length: 3)  17  30  57 
(Length: 4)  17  101  148  185 
(Length: 3)  17  30  166 
(Length: 4)  17  57  97  147 
(Length: 3)  17  57  169 
(Length: 3)  17  113  114 
(Length: 3)  17  114  189 
(Length: 4)  17  20  117  169 
(Length: 3)  17  173  191 
(Length: 3)  17  40  80 
(Length: 3)  17  40  143 
(Length: 4)  17  112  147  161 
(Length: 4)  17  161  162  191 
(Length: 3)  17  124  178 
(Length: 4)  17  68  82  121 
(Length: 3)  17  101  105 
(Length: 3)  17  82  98 
(Length: 3)  17  121  173 
(Length: 3)  17  121  169 
(Length: 4)  17  124  147  161 
(Length: 5)  17  68  80  113  121 
(Length: 4)  17  112  161  191 
(Length: 3)  17  68  105 
(Length: 3)  17  101  113 
(Length: 3)  17  43  121 
(Length: 3)  17  30  121 
(Length: 3)  17  105  178 
(Length: 4)  17  112  161  169 
(Length: 3)  17  97  185 
(Length: 3)  17  117  185 
(Length: 3)  17  147  148 
(Length: 3)  17  166  185 
(Length: 3)  17  173  185 
(Length: 3)  17  143  169 
(Length: 4)  17  80  113  166 
(Length: 4)  17  113  121  124 
(Length: 3)  17  97  178 
(Length: 4)  17  43  114  143 
(Length: 3)  18  57  169 
(Length: 3)  18  51  169 
(Length: 3)  18  30  121 
(Length: 3)  18  121  130 
(Length: 3)  18  43  121 
(Length: 3)  18  42  130 
(Length: 3)  18  42  43 
(Length: 3)  18  116  130 
(Length: 4)  18  90  116  174 
(Length: 4)  18  90  116  129 
(Length: 3)  18  51  90 
(Length: 3)  18  90  121 
(Length: 3)  18  30  57 
(Length: 3)  18  42  199 
(Length: 3)  19  96  192 
(Length: 3)  19  87  121 
(Length: 3)  19  48  89 
(Length: 3)  19  48  194 
(Length: 3)  19  84  103 
(Length: 3)  19  85  87 
(Length: 3)  19  178  192 
(Length: 3)  19  84  127 
(Length: 3)  19  97  141 
(Length: 4)  19  97  129  178 
(Length: 3)  19  31  129 
(Length: 4)  19  44  178  194 
(Length: 3)  19  31  77 
(Length: 3)  19  77  84 
(Length: 3)  19  121  173 
(Length: 3)  19  42  77 
(Length: 3)  19  89  127 
(Length: 3)  19  63  97 
(Length: 3)  19  42  194 
(Length: 4)  19  42  63  155 
(Length: 4)  19  44  77  178 
(Length: 3)  19  89  178 
(Length: 3)  19  87  127 
(Length: 4)  19  48  77  141 
(Length: 3)  19  84  173 
(Length: 3)  20  38  98 
(Length: 3)  20  77  119 
(Length: 3)  20  55  128 
(Length: 3)  20  33  102 
(Length: 3)  20  38  128 
(Length: 3)  20  79  119 
(Length: 3)  20  102  145 
(Length: 3)  20  55  145 
(Length: 3)  20  117  120 
(Length: 3)  20  98  120 
(Length: 3)  20  31  77 
(Length: 3)  20  125  160 
(Length: 3)  20  41  194 
(Length: 3)  20  98  119 
(Length: 3)  20  31  79 
(Length: 3)  20  117  119 
(Length: 4)  20  117  169  194 
(Length: 4)  20  117  128  194 
(Length: 3)  20  55  120 
(Length: 3)  21  119  129 
(Length: 3)  21  87  157 
(Length: 3)  21  93  163 
(Length: 3)  21  82  145 
(Length: 3)  21  154  166 
(Length: 3)  21  82  189 
(Length: 3)  21  52  124 
(Length: 3)  21  103  145 
(Length: 3)  21  51  163 
(Length: 3)  21  50  166 
(Length: 4)  21  85  87  101 
(Length: 4)  21  51  101  103 
(Length: 3)  21  113  124 
(Length: 3)  21  113  166 
(Length: 3)  21  101  192 
(Length: 3)  21  138  166 
(Length: 3)  21  39  166 
(Length: 3)  21  145  192 
(Length: 3)  21  82  154 
(Length: 3)  21  82  101 
(Length: 3)  21  50  51 
(Length: 4)  21  51  101  113 
(Length: 3)  21  93  103 
(Length: 3)  21  39  157 
(Length: 3)  21  43  87 
(Length: 4)  21  93  119  157 
(Length: 3)  21  51  157 
(Length: 3)  21  85  93 
(Length: 3)  21  34  82 
(Length: 4)  21  52  103  154 
(Length: 3)  21  119  138 
(Length: 3)  22  78  169 
(Length: 3)  22  46  151 
(Length: 3)  22  46  145 
(Length: 4)  22  33  42  101 
(Length: 4)  22  33  90  121 
(Length: 3)  22  35  58 
(Length: 3)  22  103  145 
(Length: 4)  22  33  90  101 
(Length: 4)  22  90  104  151 
(Length: 4)  22  35  90  175 
(Length: 4)  22  33  90  151 
(Length: 3)  22  134  145 
(Length: 4)  22  33  35  90 
(Length: 3)  22  65  104 
(Length: 3)  22  121  169 
(Length: 3)  22  58  77 
(Length: 4)  22  33  103  151 
(Length: 3)  22  46  78 
(Length: 4)  22  90  104  136 
(Length: 4)  22  39  104  134 
(Length: 3)  22  35  39 
(Length: 4)  22  104  134  169 
(Length: 3)  22  42  68 
(Length: 4)  22  90  136  159 
(Length: 3)  22  65  68 
(Length: 3)  22  58  101 
(Length: 3)  22  42  77 
(Length: 4)  22  68  121  125 
(Length: 3)  22  23  46 
(Length: 4)  22  90  121  136 
(Length: 4)  22  90  136  145 
(Length: 4)  22  33  101  103 
(Length: 4)  22  90  145  175 
(Length: 3)  22  65  78 
(Length: 3)  22  46  133 
(Length: 3)  22  39  46 
(Length: 3)  22  65  175 
(Length: 3)  23  93  163 
(Length: 3)  23  85  93 
(Length: 3)  23  99  148 
(Length: 3)  23  172  195 
(Length: 3)  23  107  112 
(Length: 3)  23  85  174 
(Length: 3)  23  36  116 
(Length: 3)  23  84  148 
(Length: 3)  23  84  150 
(Length: 3)  23  84  163 
(Length: 3)  23  116  174 
(Length: 3)  23  107  172 
(Length: 3)  23  84  116 
(Length: 3)  23  72  87 
(Length: 4)  23  46  138  172 
(Length: 3)  23  85  87 
(Length: 4)  23  46  99  172 
(Length: 3)  23  112  150 
(Length: 3)  23  72  195 
(Length: 3)  24  36  131 
(Length: 3)  24  43  81 
(Length: 3)  24  93  185 
(Length: 3)  24  168  186 
(Length: 3)  24  61  149 
(Length: 3)  24  43  168 
(Length: 3)  24  68  82 
(Length: 3)  24  68  115 
(Length: 3)  24  108  158 
(Length: 3)  25  110  116 
(Length: 3)  25  116  126 
(Length: 3)  25  116  135 
(Length: 3)  25  83  181 
(Length: 3)  25  116  136 
(Length: 3)  25  116  151 
(Length: 3)  25  116  171 
(Length: 3)  25  116  178 
(Length: 3)  25  35  181 
(Length: 4)  25  80  113  121 
(Length: 3)  25  86  131 
(Length: 3)  25  60  108 
(Length: 3)  25  131  135 
(Length: 3)  25  35  116 
(Length: 4)  25  51  74  107 
(Length: 3)  25  60  164 
(Length: 3)  25  80  176 
(Length: 3)  25  107  136 
(Length: 3)  25  120  136 
(Length: 3)  25  121  136 
(Length: 3)  25  154  176 
(Length: 3)  25  32  178 
(Length: 4)  25  51  53  172 
(Length: 4)  25  31  51  172 
(Length: 4)  25  31  54  126 
(Length: 4)  25  51  113  120 
(Length: 4)  25  31  131  172 
(Length: 3)  25  31  132 
(Length: 3)  25  51  135 
(Length: 4)  25  31  154  172 
(Length: 3)  25  108  143 
(Length: 3)  25  110  172 
(Length: 3)  25  110  173 
(Length: 3)  25  143  183 
(Length: 4)  25  39  74  164 
(Length: 3)  25  60  131 
(Length: 3)  25  39  108 
(Length: 3)  25  135  164 
(Length: 3)  25  164  171 
(Length: 3)  25  39  178 
(Length: 3)  25  121  173 
(Length: 3)  25  53  183 
(Length: 3)  25  74  183 
(Length: 3)  25  81  183 
(Length: 3)  25  178  183 
(Length: 4)  25  121  154  172 
(Length: 3)  25  53  181 
(Length: 3)  25  63  83 
(Length: 3)  25  83  86 
(Length: 3)  25  83  115 
(Length: 3)  25  151  181 
(Length: 4)  25  54  74  121 
(Length: 3)  25  107  151 
(Length: 4)  25  51  107  172 
(Length: 3)  25  53  63 
(Length: 3)  25  53  80 
(Length: 3)  25  54  115 
(Length: 3)  25  54  178 
(Length: 4)  25  113  120  131 
(Length: 3)  25  120  132 
(Length: 3)  25  120  154 
(Length: 4)  25  113  120  164 
(Length: 3)  25  108  126 
(Length: 3)  25  108  154 
(Length: 3)  25  118  154 
(Length: 3)  25  27  31 
(Length: 4)  25  63  113  120 
(Length: 4)  25  54  113  121 
(Length: 3)  25  136  176 
(Length: 3)  25  86  121 
(Length: 3)  25  81  172 
(Length: 4)  25  54  63  113 
(Length: 3)  25  81  86 
(Length: 3)  25  27  121 
(Length: 3)  25  27  178 
(Length: 3)  25  60  97 
(Length: 4)  25  63  97  120 
(Length: 3)  25  97  143 
(Length: 3)  25  97  171 
(Length: 3)  25  97  178 
(Length: 3)  25  60  116 
(Length: 3)  25  110  143 
(Length: 3)  26  92  119 
(Length: 3)  26  92  96 
(Length: 4)  26  56  57  92 
(Length: 3)  26  42  193 
(Length: 3)  26  56  176 
(Length: 3)  26  30  45 
(Length: 3)  26  86  191 
(Length: 3)  26  58  160 
(Length: 3)  26  48  141 
(Length: 3)  26  134  184 
(Length: 3)  26  86  121 
(Length: 3)  26  96  184 
(Length: 3)  26  70  121 
(Length: 3)  26  47  134 
(Length: 3)  26  56  184 
(Length: 3)  26  73  121 
(Length: 3)  26  57  191 
(Length: 3)  26  141  160 
(Length: 3)  26  55  73 
(Length: 3)  26  30  121 
(Length: 3)  26  105  177 
(Length: 3)  26  55  148 
(Length: 3)  26  48  58 
(Length: 4)  26  30  119  184 
(Length: 4)  26  45  141  176 
(Length: 3)  26  184  191 
(Length: 3)  26  152  193 
(Length: 3)  26  47  152 
(Length: 3)  26  45  174 
(Length: 3)  26  30  57 
(Length: 3)  26  45  55 
(Length: 3)  26  86  152 
(Length: 4)  26  56  160  174 
(Length: 3)  26  56  148 
(Length: 3)  26  57  141 
(Length: 4)  27  101  102  149 
(Length: 4)  27  38  61  149 
(Length: 3)  27  38  90 
(Length: 3)  27  121  130 
(Length: 4)  27  36  178  197 
(Length: 3)  27  90  175 
(Length: 4)  27  38  61  140 
(Length: 3)  27  36  196 
(Length: 3)  27  43  102 
(Length: 3)  27  43  121 
(Length: 3)  27  52  106 
(Length: 3)  27  102  130 
(Length: 3)  27  90  101 
(Length: 4)  27  50  61  149 
(Length: 3)  27  90  121 
(Length: 3)  27  57  175 
(Length: 4)  27  56  57  137 
(Length: 3)  27  106  121 
(Length: 3)  27  175  178 
(Length: 3)  27  76  196 
(Length: 3)  27  52  57 
(Length: 3)  27  29  137 
(Length: 3)  27  88  149 
(Length: 3)  27  29  197 
(Length: 4)  27  50  57  61 
(Length: 4)  27  29  88  127 
(Length: 3)  27  130  197 
(Length: 3)  27  50  197 
(Length: 3)  27  106  197 
(Length: 3)  27  127  140 
(Length: 3)  27  50  127 
(Length: 3)  27  76  127 
(Length: 3)  27  101  137 
(Length: 4)  27  102  149  175 
(Length: 4)  27  102  127  175 
(Length: 4)  27  61  106  140 
(Length: 3)  28  47  131 
(Length: 3)  28  92  129 
(Length: 3)  28  67  159 
(Length: 3)  28  67  114 
(Length: 3)  28  116  127 
(Length: 3)  28  49  67 
(Length: 3)  28  47  72 
(Length: 3)  28  127  159 
(Length: 3)  28  47  116 
(Length: 3)  28  116  129 
(Length: 3)  28  47  161 
(Length: 3)  28  72  114 
(Length: 3)  28  50  72 
(Length: 3)  28  92  189 
(Length: 3)  28  92  142 
(Length: 3)  28  29  142 
(Length: 3)  28  50  161 
(Length: 4)  28  114  116  192 
(Length: 3)  28  29  127 
(Length: 3)  29  78  127 
(Length: 4)  29  84  104  127 
(Length: 3)  29  62  146 
(Length: 3)  29  197  199 
(Length: 3)  29  84  154 
(Length: 3)  29  109  146 
(Length: 4)  29  62  127  193 
(Length: 4)  29  84  104  150 
(Length: 3)  29  109  188 
(Length: 4)  29  84  104  170 
(Length: 3)  29  104  197 
(Length: 3)  29  107  146 
(Length: 3)  29  142  150 
(Length: 3)  29  49  184 
(Length: 3)  29  49  193 
(Length: 4)  29  150  152  193 
(Length: 3)  29  146  154 
(Length: 3)  29  154  179 
(Length: 3)  29  78  184 
(Length: 3)  29  137  142 
(Length: 4)  29  88  104  127 
(Length: 3)  29  88  195 
(Length: 3)  29  88  199 
(Length: 3)  29  154  197 
(Length: 3)  29  107  179 
(Length: 3)  29  97  142 
(Length: 3)  29  97  188 
(Length: 3)  29  123  188 
(Length: 3)  29  142  184 
(Length: 4)  29  123  137  179 
(Length: 3)  29  107  184 
(Length: 3)  30  87  121 
(Length: 4)  30  77  166  171 
(Length: 3)  30  61  106 
(Length: 3)  30  61  142 
(Length: 4)  30  45  104  164 
(Length: 3)  30  57  175 
(Length: 4)  30  104  164  171 
(Length: 4)  30  39  104  164 
(Length: 4)  30  75  142  171 
(Length: 4)  30  45  139  164 
(Length: 3)  30  78  184 
(Length: 4)  30  39  74  164 
(Length: 3)  30  57  75 
(Length: 3)  30  77  106 
(Length: 3)  30  142  184 
(Length: 3)  30  77  119 
(Length: 3)  30  57  61 
(Length: 3)  30  106  121 
(Length: 4)  30  139  164  171 
(Length: 3)  30  89  159 
(Length: 3)  30  89  175 
(Length: 3)  30  149  175 
(Length: 3)  30  87  139 
(Length: 3)  30  61  149 
(Length: 3)  30  77  149 
(Length: 4)  30  139  166  171 
(Length: 3)  30  75  78 
(Length: 3)  30  39  166 
(Length: 3)  31  123  187 
(Length: 3)  31  129  172 
(Length: 3)  31  73  93 
(Length: 3)  31  54  123 
(Length: 3)  31  77  154 
(Length: 3)  31  64  154 
(Length: 3)  31  54  134 
(Length: 3)  31  131  187 
(Length: 3)  31  73  126 
(Length: 3)  31  64  134 
(Length: 3)  31  54  79 
(Length: 3)  32  92  119 
(Length: 3)  32  75  98 
(Length: 4)  32  93  98  191 
(Length: 3)  32  128  177 
(Length: 3)  32  191  194 
(Length: 3)  32  42  194 
(Length: 3)  32  90  194 
(Length: 4)  32  90  147  177 
(Length: 3)  32  77  119 
(Length: 3)  32  84  163 
(Length: 3)  32  159  180 
(Length: 3)  32  77  166 
(Length: 3)  32  90  145 
(Length: 3)  32  77  178 
(Length: 3)  32  70  145 
(Length: 4)  32  90  159  177 
(Length: 3)  32  42  77 
(Length: 3)  32  93  163 
(Length: 4)  32  42  93  180 
(Length: 3)  32  75  92 
(Length: 4)  32  93  98  119 
(Length: 3)  32  46  78 
(Length: 3)  32  78  191 
(Length: 3)  32  178  194 
(Length: 3)  32  128  194 
(Length: 3)  32  46  177 
(Length: 3)  32  70  147 
(Length: 4)  32  58  147  177 
(Length: 3)  32  77  84 
(Length: 3)  32  46  145 
(Length: 3)  32  58  77 
(Length: 3)  32  75  78 
(Length: 3)  32  98  159 
(Length: 3)  32  42  147 
(Length: 3)  32  92  180 
(Length: 3)  33  107  184 
(Length: 3)  33  92  103 
(Length: 3)  33  80  121 
(Length: 3)  33  103  184 
(Length: 3)  33  35  49 
(Length: 4)  33  51  90  101 
(Length: 3)  33  42  157 
(Length: 3)  33  51  107 
(Length: 3)  33  49  141 
(Length: 3)  33  60  92 
(Length: 3)  33  101  185 
(Length: 3)  33  60  165 
(Length: 3)  33  107  185 
(Length: 4)  33  49  60  184 
(Length: 3)  33  35  199 
(Length: 4)  33  90  101  174 
(Length: 3)  33  51  157 
(Length: 3)  33  80  199 
(Length: 4)  33  90  153  165 
(Length: 3)  33  51  135 
(Length: 4)  33  90  165  174 
(Length: 3)  33  103  199 
(Length: 4)  33  90  129  151 
(Length: 3)  33  42  199 
(Length: 3)  33  92  153 
(Length: 3)  33  135  174 
(Length: 3)  33  92  135 
(Length: 3)  33  151  157 
(Length: 3)  33  92  129 
(Length: 3)  33  107  151 
(Length: 3)  33  42  107 
(Length: 3)  33  101  102 
(Length: 4)  33  51  101  103 
(Length: 3)  34  66  143 
(Length: 3)  34  100  114 
(Length: 3)  34  82  136 
(Length: 3)  34  114  136 
(Length: 4)  34  114  143  146 
(Length: 3)  34  112  139 
(Length: 4)  35  47  90  117 
(Length: 3)  35  99  140 
(Length: 4)  35  100  111  123 
(Length: 3)  35  98  99 
(Length: 3)  35  67  140 
(Length: 4)  35  47  100  116 
(Length: 3)  35  139  189 
(Length: 3)  35  64  181 
(Length: 3)  35  111  164 
(Length: 3)  35  58  164 
(Length: 3)  35  123  188 
(Length: 4)  35  54  70  175 
(Length: 4)  35  41  100  199 
(Length: 3)  35  39  199 
(Length: 3)  35  99  175 
(Length: 3)  35  99  170 
(Length: 3)  35  99  117 
(Length: 4)  35  54  90  175 
(Length: 3)  35  58  89 
(Length: 3)  35  40  57 
(Length: 3)  35  99  111 
(Length: 3)  35  66  99 
(Length: 3)  35  41  57 
(Length: 4)  35  54  90  117 
(Length: 3)  35  40  66 
(Length: 3)  35  40  70 
(Length: 3)  35  40  139 
(Length: 3)  35  139  164 
(Length: 3)  35  57  170 
(Length: 3)  35  57  175 
(Length: 3)  35  41  140 
(Length: 3)  35  98  164 
(Length: 3)  35  89  175 
(Length: 4)  35  70  111  189 
(Length: 3)  35  54  123 
(Length: 4)  35  41  49  181 
(Length: 4)  35  100  123  199 
(Length: 3)  35  54  170 
(Length: 3)  35  66  188 
(Length: 4)  35  47  100  123 
(Length: 4)  35  47  100  117 
(Length: 3)  35  49  67 
(Length: 3)  35  140  164 
(Length: 4)  35  47  90  116 
(Length: 3)  35  89  116 
(Length: 3)  35  69  116 
(Length: 4)  36  103  131  196 
(Length: 4)  36  77  178  183 
(Length: 4)  36  45  116  194 
(Length: 3)  36  45  55 
(Length: 3)  36  131  187 
(Length: 3)  36  68  197 
(Length: 3)  36  45  187 
(Length: 3)  36  77  193 
(Length: 4)  36  116  178  194 
(Length: 4)  36  178  194  197 
(Length: 3)  36  68  183 
(Length: 3)  36  45  68 
(Length: 3)  37  59  151 
(Length: 4)  37  93  130  133 
(Length: 3)  37  142  184 
(Length: 3)  37  118  174 
(Length: 4)  37  142  150  182 
(Length: 3)  37  92  142 
(Length: 3)  37  118  142 
(Length: 4)  37  142  150  187 
(Length: 3)  37  135  174 
(Length: 4)  37  76  89  163 
(Length: 3)  37  174  187 
(Length: 4)  37  55  114  151 
(Length: 4)  37  55  114  182 
(Length: 4)  37  105  178  197 
(Length: 3)  37  92  135 
(Length: 3)  37  60  187 
(Length: 4)  37  49  60  184 
(Length: 3)  37  79  114 
(Length: 3)  37  49  105 
(Length: 3)  37  49  183 
(Length: 3)  37  151  163 
(Length: 3)  37  47  149 
(Length: 4)  37  76  105  163 
(Length: 3)  37  60  149 
(Length: 3)  37  60  114 
(Length: 4)  37  60  92  180 
(Length: 3)  37  89  130 
(Length: 4)  37  55  142  182 
(Length: 3)  37  48  135 
(Length: 3)  37  92  130 
(Length: 3)  37  48  89 
(Length: 3)  37  118  133 
(Length: 3)  37  93  135 
(Length: 3)  37  93  142 
(Length: 3)  37  182  183 
(Length: 3)  37  55  148 
(Length: 3)  37  76  118 
(Length: 3)  37  178  183 
(Length: 3)  37  89  178 
(Length: 3)  37  133  150 
(Length: 4)  37  93  133  163 
(Length: 4)  37  93  133  180 
(Length: 3)  37  130  197 
(Length: 3)  37  79  180 
(Length: 3)  37  47  76 
(Length: 3)  38  58  108 
(Length: 3)  38  93  135 
(Length: 3)  38  135  164 
(Length: 3)  38  39  153 
(Length: 4)  38  93  98  153 
(Length: 3)  38  39  164 
(Length: 3)  38  140  164 
(Length: 3)  38  58  164 
(Length: 3)  38  39  108 
(Length: 3)  38  93  140 
(Length: 3)  38  98  164 
(Length: 3)  38  90  97 
(Length: 3)  38  97  149 
(Length: 3)  38  61  98 
(Length: 3)  38  90  153 
(Length: 3)  39  166  197 
(Length: 3)  39  74  157 
(Length: 3)  39  117  197 
(Length: 3)  39  134  155 
(Length: 4)  39  134  178  197 
(Length: 3)  39  155  164 
(Length: 4)  39  104  134  197 
(Length: 3)  39  74  153 
(Length: 3)  39  46  199 
(Length: 3)  39  117  153 
(Length: 3)  39  153  166 
(Length: 3)  39  46  157 
(Length: 4)  39  178  197  199 
(Length: 3)  39  46  155 
(Length: 3)  40  87  139 
(Length: 3)  40  60  145 
(Length: 3)  40  70  145 
(Length: 3)  40  70  147 
(Length: 3)  40  80  96 
(Length: 4)  40  66  127  143 
(Length: 3)  40  107  146 
(Length: 3)  40  102  145 
(Length: 4)  40  75  96  146 
(Length: 3)  40  57  75 
(Length: 3)  40  66  75 
(Length: 3)  40  80  127 
(Length: 3)  40  87  127 
(Length: 3)  40  102  127 
(Length: 3)  40  143  146 
(Length: 4)  40  96  139  146 
(Length: 3)  40  60  187 
(Length: 3)  41  63  159 
(Length: 3)  41  141  159 
(Length: 3)  41  127  159 
(Length: 3)  41  141  168 
(Length: 3)  41  49  141 
(Length: 3)  41  100  159 
(Length: 4)  41  127  140  143 
(Length: 3)  41  100  194 
(Length: 4)  41  42  140  143 
(Length: 3)  41  57  141 
(Length: 3)  41  42  194 
(Length: 4)  41  140  143  168 
(Length: 4)  41  42  63  199 
(Length: 3)  41  181  194 
(Length: 4)  41  42  63  140 
(Length: 3)  42  43  194 
(Length: 3)  42  101  194 
(Length: 3)  42  93  140 
(Length: 3)  42  77  193 
(Length: 3)  42  43  109 
(Length: 3)  42  130  194 
(Length: 3)  42  147  157 
(Length: 3)  42  93  130 
(Length: 3)  42  142  143 
(Length: 3)  42  140  193 
(Length: 4)  42  63  68  199 
(Length: 3)  42  107  130 
(Length: 3)  42  43  143 
(Length: 4)  42  68  109  144 
(Length: 3)  42  109  162 
(Length: 3)  42  93  157 
(Length: 4)  42  68  144  157 
(Length: 3)  42  107  144 
(Length: 3)  42  93  142 
(Length: 3)  42  68  180 
(Length: 3)  42  144  155 
(Length: 3)  42  142  162 
(Length: 3)  43  87  121 
(Length: 3)  43  143  168 
(Length: 3)  43  125  190 
(Length: 3)  43  98  109 
(Length: 4)  43  81  98  133 
(Length: 3)  43  73  121 
(Length: 3)  43  121  125 
(Length: 3)  43  109  190 
(Length: 3)  43  87  109 
(Length: 3)  43  73  133 
(Length: 3)  44  68  146 
(Length: 3)  44  196  199 
(Length: 3)  44  125  178 
(Length: 3)  44  169  194 
(Length: 3)  44  178  199 
(Length: 4)  44  91  178  194 
(Length: 3)  44  152  159 
(Length: 3)  44  112  169 
(Length: 3)  44  68  125 
(Length: 3)  44  75  146 
(Length: 3)  44  77  118 
(Length: 3)  44  170  178 
(Length: 3)  44  125  196 
(Length: 3)  44  68  199 
(Length: 3)  44  146  159 
(Length: 3)  44  118  152 
(Length: 4)  45  82  116  155 
(Length: 3)  45  118  141 
(Length: 3)  45  104  169 
(Length: 3)  45  68  82 
(Length: 3)  45  118  174 
(Length: 3)  45  164  185 
(Length: 4)  45  169  181  194 
(Length: 3)  45  95  194 
(Length: 3)  45  53  181 
(Length: 3)  45  95  164 
(Length: 3)  45  59  123 
(Length: 3)  45  60  180 
(Length: 3)  45  108  174 
(Length: 4)  45  59  169  181 
(Length: 3)  45  174  187 
(Length: 3)  45  122  187 
(Length: 4)  45  55  139  155 
(Length: 3)  45  82  104 
(Length: 3)  45  60  108 
(Length: 4)  45  116  174  194 
(Length: 3)  45  155  176 
(Length: 3)  45  123  185 
(Length: 3)  45  123  187 
(Length: 3)  45  68  157 
(Length: 3)  45  60  164 
(Length: 4)  45  139  155  164 
(Length: 3)  45  53  139 
(Length: 3)  45  60  187 
(Length: 3)  45  68  180 
(Length: 3)  45  60  116 
(Length: 3)  46  78  99 
(Length: 3)  46  60  145 
(Length: 3)  46  155  158 
(Length: 3)  46  138  155 
(Length: 3)  46  145  199 
(Length: 3)  46  78  138 
(Length: 4)  46  138  172  177 
(Length: 3)  46  151  157 
(Length: 3)  46  133  158 
(Length: 3)  46  172  199 
(Length: 3)  47  117  131 
(Length: 4)  47  90  117  159 
(Length: 4)  47  123  152  159 
(Length: 3)  47  77  149 
(Length: 3)  47  125  198 
(Length: 3)  47  123  149 
(Length: 4)  47  76  155  159 
(Length: 3)  47  123  125 
(Length: 3)  47  53  161 
(Length: 3)  47  53  183 
(Length: 4)  47  76  131  152 
(Length: 4)  47  100  117  159 
(Length: 4)  47  72  77  183 
(Length: 4)  47  100  123  159 
(Length: 3)  47  155  161 
(Length: 4)  47  76  152  159 
(Length: 3)  47  108  126 
(Length: 3)  47  134  198 
(Length: 3)  47  134  155 
(Length: 3)  47  76  125 
(Length: 3)  47  117  149 
(Length: 3)  47  100  198 
(Length: 3)  47  116  155 
(Length: 3)  47  116  126 
(Length: 3)  47  72  155 
(Length: 3)  48  58  89 
(Length: 4)  48  95  136  194 
(Length: 3)  48  58  101 
(Length: 3)  48  101  194 
(Length: 3)  48  58  77 
(Length: 3)  48  107  136 
(Length: 3)  49  67  119 
(Length: 3)  49  60  162 
(Length: 3)  49  52  67 
(Length: 3)  49  52  94 
(Length: 3)  49  181  193 
(Length: 3)  49  105  190 
(Length: 3)  49  94  110 
(Length: 3)  49  162  190 
(Length: 3)  49  67  147 
(Length: 4)  50  66  127  166 
(Length: 3)  50  66  161 
(Length: 4)  50  62  166  197 
(Length: 3)  50  149  199 
(Length: 4)  50  62  161  191 
(Length: 3)  50  51  74 
(Length: 3)  50  51  89 
(Length: 3)  50  62  149 
(Length: 3)  50  57  147 
(Length: 4)  50  57  95  191 
(Length: 4)  50  74  161  191 
(Length: 4)  50  57  62  191 
(Length: 4)  50  74  144  161 
(Length: 3)  50  51  197 
(Length: 3)  50  165  188 
(Length: 3)  50  161  199 
(Length: 3)  50  147  161 
(Length: 3)  50  134  197 
(Length: 4)  50  66  127  131 
(Length: 3)  50  100  199 
(Length: 3)  50  83  197 
(Length: 4)  50  100  156  166 
(Length: 4)  50  89  127  144 
(Length: 3)  50  74  100 
(Length: 3)  50  197  199 
(Length: 3)  50  134  156 
(Length: 4)  50  127  131  144 
(Length: 3)  50  127  165 
(Length: 3)  50  72  191 
(Length: 3)  50  72  165 
(Length: 3)  50  72  156 
(Length: 3)  50  66  188 
(Length: 3)  51  74  90 
(Length: 4)  51  88  117  120 
(Length: 3)  51  74  157 
(Length: 3)  51  90  112 
(Length: 4)  51  90  117  194 
(Length: 4)  51  58  89  177 
(Length: 3)  51  67  107 
(Length: 3)  51  88  112 
(Length: 4)  51  53  99  172 
(Length: 4)  51  88  117  194 
(Length: 3)  51  148  186 
(Length: 4)  51  90  101  177 
(Length: 4)  51  58  101  177 
(Length: 3)  51  89  163 
(Length: 3)  51  169  177 
(Length: 3)  51  112  197 
(Length: 3)  51  113  186 
(Length: 3)  51  113  197 
(Length: 3)  51  53  112 
(Length: 4)  51  99  117  120 
(Length: 3)  51  158  194 
(Length: 3)  51  112  169 
(Length: 3)  51  172  177 
(Length: 3)  51  99  148 
(Length: 3)  51  89  112 
(Length: 4)  51  90  101  194 
(Length: 3)  51  107  112 
(Length: 4)  51  117  194  197 
(Length: 3)  51  58  197 
(Length: 3)  51  157  186 
(Length: 3)  51  67  113 
(Length: 3)  51  113  158 
(Length: 3)  51  172  197 
(Length: 3)  51  58  120 
(Length: 4)  51  117  169  194 
(Length: 3)  51  67  194 
(Length: 3)  52  106  124 
(Length: 3)  52  73  106 
(Length: 3)  52  92  135 
(Length: 3)  52  94  103 
(Length: 3)  52  62  98 
(Length: 3)  52  154  169 
(Length: 3)  52  67  165 
(Length: 4)  52  124  135  164 
(Length: 4)  52  98  109  164 
(Length: 3)  52  94  158 
(Length: 4)  52  92  103  154 
(Length: 3)  52  109  169 
(Length: 4)  52  98  124  164 
(Length: 3)  52  109  158 
(Length: 3)  52  94  143 
(Length: 3)  52  158  165 
(Length: 3)  52  143  169 
(Length: 3)  52  106  109 
(Length: 4)  52  57  62  92 
(Length: 3)  53  102  188 
(Length: 4)  53  139  183  189 
(Length: 3)  53  85  139 
(Length: 3)  53  80  137 
(Length: 4)  53  139  146  183 
(Length: 3)  53  133  146 
(Length: 3)  53  63  133 
(Length: 3)  53  94  188 
(Length: 3)  53  94  172 
(Length: 3)  53  139  172 
(Length: 3)  53  78  99 
(Length: 3)  53  80  99 
(Length: 3)  53  161  168 
(Length: 3)  53  99  161 
(Length: 3)  53  80  188 
(Length: 4)  53  63  189  191 
(Length: 3)  53  102  112 
(Length: 3)  53  99  142 
(Length: 3)  53  137  189 
(Length: 3)  53  146  161 
(Length: 3)  53  78  191 
(Length: 3)  53  161  181 
(Length: 4)  53  112  161  191 
(Length: 3)  53  112  139 
(Length: 3)  53  137  142 
(Length: 3)  53  78  168 
(Length: 3)  53  85  137 
(Length: 3)  54  70  79 
(Length: 3)  54  61  63 
(Length: 3)  54  167  178 
(Length: 4)  54  74  90  121 
(Length: 3)  54  170  178 
(Length: 3)  54  61  167 
(Length: 3)  54  61  170 
(Length: 3)  54  70  126 
(Length: 3)  54  74  105 
(Length: 3)  54  105  178 
(Length: 3)  54  61  149 
(Length: 3)  54  82  121 
(Length: 3)  54  82  175 
(Length: 4)  54  62  117  167 
(Length: 4)  54  70  149  175 
(Length: 3)  54  134  178 
(Length: 3)  54  109  162 
(Length: 3)  54  115  134 
(Length: 3)  54  70  121 
(Length: 3)  54  175  178 
(Length: 3)  54  113  123 
(Length: 3)  54  105  123 
(Length: 3)  55  128  139 
(Length: 3)  55  120  155 
(Length: 3)  55  120  142 
(Length: 3)  55  182  195 
(Length: 3)  56  148  167 
(Length: 3)  56  113  174 
(Length: 3)  56  129  147 
(Length: 3)  56  147  148 
(Length: 3)  56  160  167 
(Length: 3)  56  128  174 
(Length: 3)  56  147  174 
(Length: 3)  56  92  129 
(Length: 3)  56  78  184 
(Length: 3)  56  57  147 
(Length: 3)  56  113  183 
(Length: 3)  56  57  128 
(Length: 4)  56  108  160  174 
(Length: 3)  56  92  113 
(Length: 3)  57  91  175 
(Length: 3)  57  61  170 
(Length: 3)  57  91  92 
(Length: 3)  57  75  92 
(Length: 3)  57  91  97 
(Length: 3)  57  97  141 
(Length: 3)  57  92  95 
(Length: 3)  57  95  175 
(Length: 3)  57  91  128 
(Length: 3)  58  106  197 
(Length: 3)  58  101  160 
(Length: 3)  58  108  160 
(Length: 3)  58  77  118 
(Length: 4)  58  77  106  124 
(Length: 3)  58  124  164 
(Length: 3)  58  124  147 
(Length: 3)  58  124  160 
(Length: 3)  58  120  164 
(Length: 3)  59  65  70 
(Length: 3)  59  80  121 
(Length: 3)  59  70  189 
(Length: 3)  59  70  121 
(Length: 4)  59  121  154  169 
(Length: 3)  59  77  154 
(Length: 3)  59  70  150 
(Length: 3)  59  65  78 
(Length: 3)  59  81  150 
(Length: 3)  59  70  195 
(Length: 3)  59  78  169 
(Length: 4)  59  81  183  195 
(Length: 4)  59  77  181  193 
(Length: 3)  59  77  183 
(Length: 3)  59  151  181 
(Length: 3)  59  150  193 
(Length: 3)  60  97  149 
(Length: 3)  60  137  189 
(Length: 3)  60  114  116 
(Length: 3)  60  64  97 
(Length: 3)  60  92  189 
(Length: 3)  60  131  187 
(Length: 3)  60  131  184 
(Length: 3)  60  97  145 
(Length: 3)  60  111  189 
(Length: 3)  60  114  189 
(Length: 3)  60  111  164 
(Length: 3)  60  97  111 
(Length: 3)  61  138  182 
(Length: 3)  61  142  187 
(Length: 3)  61  63  69 
(Length: 3)  61  170  174 
(Length: 3)  61  67  140 
(Length: 3)  61  63  140 
(Length: 3)  61  67  107 
(Length: 3)  61  140  174 
(Length: 3)  61  174  187 
(Length: 3)  61  142  182 
(Length: 3)  62  123  159 
(Length: 3)  62  123  187 
(Length: 4)  62  127  159  193 
(Length: 4)  62  127  166  193 
(Length: 3)  62  112  197 
(Length: 3)  62  81  187 
(Length: 3)  62  92  119 
(Length: 3)  62  119  123 
(Length: 3)  62  140  163 
(Length: 3)  62  146  159 
(Length: 3)  62  98  119 
(Length: 3)  62  148  167 
(Length: 3)  62  140  191 
(Length: 4)  62  81  117  159 
(Length: 4)  62  146  161  163 
(Length: 3)  62  146  167 
(Length: 4)  62  81  117  167 
(Length: 4)  62  101  123  149 
(Length: 4)  62  81  127  159 
(Length: 3)  62  101  148 
(Length: 4)  62  81  98  159 
(Length: 3)  62  92  153 
(Length: 4)  62  127  140  193 
(Length: 3)  62  112  193 
(Length: 4)  62  112  161  191 
(Length: 3)  62  65  153 
(Length: 4)  62  117  153  159 
(Length: 3)  62  98  191 
(Length: 4)  62  98  153  159 
(Length: 4)  62  117  119  197 
(Length: 3)  62  65  112 
(Length: 4)  62  81  127  167 
(Length: 4)  63  83  140  150 
(Length: 3)  63  133  150 
(Length: 4)  63  69  155  159 
(Length: 3)  63  159  189 
(Length: 3)  63  140  191 
(Length: 3)  63  68  69 
(Length: 4)  63  68  113  133 
(Length: 3)  63  120  155 
(Length: 3)  63  69  191 
(Length: 3)  64  104  150 
(Length: 3)  64  121  154 
(Length: 3)  64  118  154 
(Length: 3)  64  86  121 
(Length: 3)  64  86  159 
(Length: 3)  64  87  121 
(Length: 3)  64  87  101 
(Length: 3)  64  113  121 
(Length: 3)  64  113  197 
(Length: 4)  64  104  134  197 
(Length: 3)  64  101  113 
(Length: 3)  64  154  197 
(Length: 3)  65  99  104 
(Length: 3)  65  70  157 
(Length: 3)  65  95  175 
(Length: 3)  65  99  190 
(Length: 3)  65  76  190 
(Length: 3)  65  157  190 
(Length: 3)  65  99  175 
(Length: 3)  65  78  99 
(Length: 3)  65  95  112 
(Length: 3)  65  68  157 
(Length: 3)  65  70  76 
(Length: 3)  66  75  142 
(Length: 3)  66  99  161 
(Length: 3)  66  99  127 
(Length: 3)  66  166  185 
(Length: 3)  66  120  131 
(Length: 3)  66  94  131 
(Length: 4)  66  88  120  132 
(Length: 3)  66  88  127 
(Length: 3)  66  94  143 
(Length: 3)  66  71  155 
(Length: 3)  66  99  185 
(Length: 3)  66  94  188 
(Length: 4)  66  99  120  142 
(Length: 3)  66  120  155 
(Length: 3)  66  142  143 
(Length: 3)  66  185  188 
(Length: 3)  66  127  167 
(Length: 3)  67  126  153 
(Length: 3)  67  115  160 
(Length: 3)  67  113  114 
(Length: 3)  67  165  194 
(Length: 3)  67  113  165 
(Length: 3)  67  126  147 
(Length: 3)  67  156  194 
(Length: 4)  67  79  114  119 
(Length: 3)  67  156  159 
(Length: 3)  67  153  165 
(Length: 3)  67  114  156 
(Length: 3)  67  114  160 
(Length: 3)  67  153  159 
(Length: 3)  67  126  156 
(Length: 3)  67  79  85 
(Length: 3)  68  105  197 
(Length: 3)  68  135  144 
(Length: 3)  68  71  103 
(Length: 3)  68  197  199 
(Length: 4)  68  69  80  125 
(Length: 3)  68  105  146 
(Length: 3)  68  69  105 
(Length: 3)  68  146  183 
(Length: 3)  68  133  146 
(Length: 3)  68  113  183 
(Length: 3)  68  113  197 
(Length: 3)  68  69  183 
(Length: 3)  68  103  199 
(Length: 3)  68  133  180 
(Length: 3)  68  121  144 
(Length: 3)  68  80  199 
(Length: 3)  68  103  115 
(Length: 4)  68  80  121  125 
(Length: 4)  68  109  144  146 
(Length: 3)  68  69  109 
(Length: 3)  69  94  129 
(Length: 3)  69  118  141 
(Length: 3)  69  80  176 
(Length: 3)  69  116  129 
(Length: 3)  69  105  156 
(Length: 3)  69  156  159 
(Length: 3)  69  141  159 
(Length: 3)  69  141  176 
(Length: 3)  69  118  191 
(Length: 3)  69  155  176 
(Length: 3)  69  116  155 
(Length: 3)  69  183  185 
(Length: 3)  70  97  111 
(Length: 3)  70  114  192 
(Length: 3)  70  144  189 
(Length: 3)  70  97  145 
(Length: 3)  70  135  144 
(Length: 3)  70  126  147 
(Length: 3)  70  106  111 
(Length: 3)  70  121  125 
(Length: 3)  70  97  147 
(Length: 3)  70  147  157 
(Length: 3)  70  144  157 
(Length: 3)  70  122  149 
(Length: 3)  70  122  150 
(Length: 3)  70  121  144 
(Length: 3)  70  147  150 
(Length: 3)  70  97  149 
(Length: 3)  70  106  121 
(Length: 3)  70  122  135 
(Length: 3)  70  126  192 
(Length: 3)  70  79  114 
(Length: 4)  70  145  175  192 
(Length: 3)  70  126  195 
(Length: 3)  70  125  192 
(Length: 3)  70  76  125 
(Length: 3)  70  114  189 
(Length: 3)  71  74  153 
(Length: 3)  71  74  137 
(Length: 3)  72  141  176 
(Length: 3)  72  183  195 
(Length: 4)  72  77  178  183 
(Length: 3)  72  77  141 
(Length: 3)  72  162  191 
(Length: 3)  72  87  165 
(Length: 3)  72  114  156 
(Length: 3)  72  165  183 
(Length: 3)  72  82  155 
(Length: 3)  72  155  176 
(Length: 3)  73  121  169 
(Length: 3)  73  74  121 
(Length: 3)  73  169  181 
(Length: 4)  73  126  181  192 
(Length: 3)  73  95  115 
(Length: 3)  73  74  107 
(Length: 4)  73  126  133  192 
(Length: 3)  73  93  133 
(Length: 3)  73  106  121 
(Length: 3)  74  144  157 
(Length: 3)  74  137  185 
(Length: 4)  74  90  153  159 
(Length: 3)  74  164  185 
(Length: 4)  74  107  144  185 
(Length: 3)  74  100  159 
(Length: 3)  74  100  121 
(Length: 3)  74  164  191 
(Length: 3)  75  146  167 
(Length: 4)  75  92  135  155 
(Length: 3)  75  92  96 
(Length: 4)  75  116  135  155 
(Length: 3)  75  160  167 
(Length: 3)  75  92  142 
(Length: 3)  75  78  168 
(Length: 4)  75  116  155  171 
(Length: 3)  75  142  150 
(Length: 3)  76  125  171 
(Length: 3)  76  103  171 
(Length: 3)  76  105  190 
(Length: 4)  76  103  131  196 
(Length: 4)  76  125  190  196 
(Length: 3)  76  118  152 
(Length: 3)  76  118  127 
(Length: 4)  76  105  127  131 
(Length: 3)  76  155  171 
(Length: 3)  76  155  196 
(Length: 3)  76  127  171 
(Length: 4)  76  89  127  159 
(Length: 3)  77  154  166 
(Length: 3)  77  118  154 
(Length: 3)  77  171  174 
(Length: 3)  77  124  174 
(Length: 3)  77  124  178 
(Length: 3)  77  118  174 
(Length: 3)  77  118  141 
(Length: 3)  77  94  119 
(Length: 3)  77  84  154 
(Length: 4)  77  166  171  193 
(Length: 3)  77  106  183 
(Length: 3)  78  79  124 
(Length: 3)  78  99  111 
(Length: 3)  78  122  191 
(Length: 3)  78  126  156 
(Length: 3)  78  99  127 
(Length: 3)  78  184  191 
(Length: 3)  78  111  168 
(Length: 3)  79  85  180 
(Length: 3)  79  112  180 
(Length: 3)  79  112  193 
(Length: 3)  80  127  128 
(Length: 3)  80  99  148 
(Length: 3)  80  99  127 
(Length: 4)  80  113  127  166 
(Length: 3)  80  128  177 
(Length: 3)  81  150  187 
(Length: 3)  81  86  159 
(Length: 3)  81  139  183 
(Length: 3)  81  133  150 
(Length: 3)  81  139  172 
(Length: 3)  81  172  195 
(Length: 3)  81  139  155 
(Length: 3)  81  134  155 
(Length: 3)  81  98  183 
(Length: 3)  81  155  159 
(Length: 3)  81  159  172 
(Length: 3)  81  98  134 
(Length: 3)  81  117  133 
(Length: 3)  82  116  136 
(Length: 3)  82  121  154 
(Length: 3)  82  136  145 
(Length: 3)  82  121  136 
(Length: 3)  82  132  189 
(Length: 4)  82  101  116  171 
(Length: 3)  82  98  104 
(Length: 3)  82  104  171 
(Length: 3)  82  104  136 
(Length: 3)  82  88  104 
(Length: 3)  82  88  132 
(Length: 3)  82  145  196 
(Length: 3)  82  145  175 
(Length: 3)  82  155  196 
(Length: 4)  82  116  155  171 
(Length: 3)  83  86  168 
(Length: 3)  83  140  168 
(Length: 3)  83  111  168 
(Length: 3)  83  150  182 
(Length: 3)  83  84  150 
(Length: 3)  83  111  148 
(Length: 3)  83  84  148 
(Length: 3)  84  163  173 
(Length: 3)  84  125  167 
(Length: 3)  84  104  134 
(Length: 3)  84  127  167 
(Length: 3)  84  103  154 
(Length: 3)  84  116  127 
(Length: 3)  84  116  133 
(Length: 3)  84  133  163 
(Length: 3)  84  134  173 
(Length: 3)  84  133  150 
(Length: 3)  84  133  154 
(Length: 3)  84  148  167 
(Length: 3)  84  148  154 
(Length: 3)  85  93  180 
(Length: 3)  85  87  139 
(Length: 3)  85  139  190 
(Length: 4)  85  93  137  190 
(Length: 3)  85  101  137 
(Length: 3)  85  101  174 
(Length: 3)  86  106  121 
(Length: 3)  86  131  144 
(Length: 3)  86  121  144 
(Length: 3)  86  131  152 
(Length: 3)  86  106  168 
(Length: 3)  86  152  159 
(Length: 3)  86  121  125 
(Length: 3)  86  125  168 
(Length: 3)  86  106  191 
(Length: 3)  87  117  131 
(Length: 3)  87  182  186 
(Length: 3)  87  127  131 
(Length: 4)  87  127  158  165 
(Length: 3)  87  157  186 
(Length: 3)  87  117  182 
(Length: 4)  87  158  165  182 
(Length: 4)  87  109  158  182 
(Length: 3)  88  112  180 
(Length: 3)  88  117  149 
(Length: 3)  88  127  159 
(Length: 3)  88  105  127 
(Length: 3)  88  149  199 
(Length: 4)  88  117  119  132 
(Length: 3)  88  127  160 
(Length: 4)  88  117  120  132 
(Length: 3)  88  119  199 
(Length: 4)  88  117  132  159 
(Length: 4)  88  132  159  180 
(Length: 3)  88  104  120 
(Length: 4)  89  102  116  130 
(Length: 3)  89  130  179 
(Length: 3)  89  177  179 
(Length: 4)  89  102  116  127 
(Length: 3)  89  175  178 
(Length: 3)  89  159  177 
(Length: 4)  89  116  168  178 
(Length: 3)  89  102  112 
(Length: 3)  89  144  178 
(Length: 3)  89  144  163 
(Length: 3)  89  175  179 
(Length: 4)  89  102  127  175 
(Length: 4)  89  102  127  159 
(Length: 3)  89  168  179 
(Length: 3)  90  147  174 
(Length: 3)  90  97  145 
(Length: 3)  90  97  143 
(Length: 4)  90  97  129  147 
(Length: 3)  90  165  175 
(Length: 4)  90  129  147  177 
(Length: 4)  90  117  136  159 
(Length: 4)  90  117  153  159 
(Length: 3)  90  143  182 
(Length: 3)  90  165  182 
(Length: 4)  90  165  174  194 
(Length: 3)  90  159  192 
(Length: 4)  90  116  136  194 
(Length: 5)  90  101  116  174  194 
(Length: 4)  90  101  116  192 
(Length: 4)  90  116  151  194 
(Length: 4)  90  116  129  151 
(Length: 4)  90  145  175  192 
(Length: 3)  90  117  182 
(Length: 4)  90  117  136  194 
(Length: 3)  90  112  147 
(Length: 3)  90  143  174 
(Length: 3)  91  92  103 
(Length: 3)  91  179  181 
(Length: 3)  91  181  194 
(Length: 3)  91  167  178 
(Length: 3)  91  97  171 
(Length: 3)  91  144  178 
(Length: 4)  91  128  136  194 
(Length: 3)  91  127  171 
(Length: 3)  91  175  178 
(Length: 3)  91  127  144 
(Length: 3)  91  175  179 
(Length: 3)  91  103  171 
(Length: 3)  91  107  179 
(Length: 3)  91  127  167 
(Length: 4)  91  127  165  175 
(Length: 4)  91  127  128  136 
(Length: 3)  91  103  181 
(Length: 3)  91  97  178 
(Length: 3)  91  165  194 
(Length: 3)  92  132  153 
(Length: 3)  92  130  154 
(Length: 3)  92  132  180 
(Length: 3)  92  119  132 
(Length: 3)  92  130  189 
(Length: 3)  92  119  129 
(Length: 3)  92  95  132 
(Length: 3)  92  132  189 
(Length: 3)  92  154  180 
(Length: 3)  93  122  135 
(Length: 4)  93  98  122  133 
(Length: 4)  93  103  140  191 
(Length: 3)  93  157  190 
(Length: 4)  93  137  185  190 
(Length: 3)  93  167  198 
(Length: 3)  93  137  142 
(Length: 3)  93  102  130 
(Length: 3)  93  167  190 
(Length: 4)  93  103  122  191 
(Length: 3)  93  140  163 
(Length: 4)  93  98  133  198 
(Length: 4)  93  98  130  191 
(Length: 4)  93  98  122  191 
(Length: 4)  93  98  130  133 
(Length: 3)  94  110  172 
(Length: 3)  94  110  143 
(Length: 4)  94  103  114  188 
(Length: 3)  94  114  143 
(Length: 4)  94  103  131  172 
(Length: 3)  94  170  172 
(Length: 3)  94  131  150 
(Length: 4)  95  98  164  191 
(Length: 3)  95  132  175 
(Length: 3)  95  114  132 
(Length: 3)  95  102  164 
(Length: 3)  95  114  151 
(Length: 3)  95  114  136 
(Length: 4)  95  140  164  191 
(Length: 3)  95  151  164 
(Length: 3)  95  151  194 
(Length: 3)  95  102  175 
(Length: 3)  95  98  198 
(Length: 3)  95  98  115 
(Length: 3)  95  102  112 
(Length: 3)  95  191  194 
(Length: 3)  95  112  191 
(Length: 4)  96  117  169  182 
(Length: 3)  96  182  186 
(Length: 3)  96  146  192 
(Length: 3)  96  117  184 
(Length: 3)  97  139  171 
(Length: 3)  97  185  188 
(Length: 3)  97  142  171 
(Length: 3)  97  142  143 
(Length: 3)  97  120  142 
(Length: 3)  98  99  159 
(Length: 3)  98  133  164 
(Length: 3)  98  130  134 
(Length: 3)  98  115  134 
(Length: 3)  98  134  198 
(Length: 4)  98  104  120  164 
(Length: 4)  98  99  104  120 
(Length: 3)  98  104  183 
(Length: 4)  98  104  124  164 
(Length: 3)  98  104  134 
(Length: 3)  99  106  111 
(Length: 3)  99  106  185 
(Length: 3)  99  111  159 
(Length: 3)  99  175  192 
(Length: 3)  99  117  185 
(Length: 3)  99  148  185 
(Length: 3)  99  104  170 
(Length: 3)  99  104  127 
(Length: 3)  99  117  159 
(Length: 3)  99  106  140 
(Length: 3)  99  159  172 
(Length: 3)  99  111  148 
(Length: 4)  99  117  120  196 
(Length: 3)  99  127  175 
(Length: 3)  99  170  172 
(Length: 3)  99  127  159 
(Length: 3)  99  190  196 
(Length: 3)  99  185  190 
(Length: 3)  99  127  140 
(Length: 3)  100  117  182 
(Length: 3)  100  111  166 
(Length: 3)  100  159  192 
(Length: 3)  100  121  173 
(Length: 3)  100  113  123 
(Length: 3)  100  113  166 
(Length: 3)  100  121  130 
(Length: 4)  100  114  116  192 
(Length: 3)  100  114  156 
(Length: 4)  100  116  130  194 
(Length: 3)  100  114  182 
(Length: 4)  100  111  123  173 
(Length: 3)  100  113  114 
(Length: 4)  100  111  123  159 
(Length: 3)  100  113  121 
(Length: 3)  100  182  198 
(Length: 3)  100  109  192 
(Length: 4)  100  117  156  194 
(Length: 4)  100  117  156  159 
(Length: 3)  100  109  182 
(Length: 3)  101  160  174 
(Length: 3)  101  103  171 
(Length: 3)  101  115  160 
(Length: 3)  101  113  123 
(Length: 3)  101  105  123 
(Length: 3)  101  103  115 
(Length: 4)  101  116  171  192 
(Length: 3)  101  137  192 
(Length: 4)  101  116  171  174 
(Length: 4)  101  123  137  185 
(Length: 3)  101  110  177 
(Length: 3)  101  113  174 
(Length: 3)  101  105  177 
(Length: 3)  101  110  116 
(Length: 3)  102  127  164 
(Length: 3)  102  145  175 
(Length: 3)  103  140  154 
(Length: 4)  103  145  196  199 
(Length: 3)  103  161  199 
(Length: 4)  103  131  184  196 
(Length: 3)  103  114  151 
(Length: 3)  103  172  199 
(Length: 3)  103  154  172 
(Length: 3)  103  161  191 
(Length: 3)  103  184  191 
(Length: 3)  104  134  138 
(Length: 3)  104  136  138 
(Length: 3)  104  127  136 
(Length: 4)  104  127  164  171 
(Length: 3)  104  120  136 
(Length: 3)  104  151  164 
(Length: 3)  105  123  179 
(Length: 3)  105  177  179 
(Length: 3)  105  146  163 
(Length: 3)  105  123  190 
(Length: 5)  106  111  123  168  179 
(Length: 3)  106  124  140 
(Length: 3)  106  140  191 
(Length: 3)  106  121  124 
(Length: 3)  106  140  168 
(Length: 3)  106  183  186 
(Length: 3)  106  123  185 
(Length: 3)  106  183  185 
(Length: 3)  107  130  179 
(Length: 3)  107  184  196 
(Length: 3)  107  118  152 
(Length: 3)  107  151  179 
(Length: 3)  108  133  154 
(Length: 3)  108  143  174 
(Length: 3)  108  170  174 
(Length: 3)  108  142  143 
(Length: 3)  108  126  133 
(Length: 3)  108  158  174 
(Length: 3)  108  133  158 
(Length: 4)  109  144  146  158 
(Length: 3)  109  146  192 
(Length: 3)  109  169  182 
(Length: 3)  109  149  169 
(Length: 3)  109  146  164 
(Length: 3)  109  164  182 
(Length: 3)  109  162  190 
(Length: 3)  110  172  177 
(Length: 3)  110  125  198 
(Length: 3)  110  143  169 
(Length: 3)  110  169  177 
(Length: 4)  111  132  159  189 
(Length: 3)  111  136  168 
(Length: 3)  111  136  166 
(Length: 3)  111  164  168 
(Length: 3)  111  136  159 
(Length: 3)  112  150  193 
(Length: 3)  112  147  150 
(Length: 3)  113  166  195 
(Length: 3)  113  183  195 
(Length: 3)  113  183  186 
(Length: 3)  113  166  197 
(Length: 3)  113  127  131 
(Length: 4)  113  127  158  165 
(Length: 3)  113  124  164 
(Length: 3)  113  133  166 
(Length: 4)  113  158  165  174 
(Length: 3)  113  133  186 
(Length: 3)  113  165  183 
(Length: 3)  113  133  164 
(Length: 3)  113  127  164 
(Length: 3)  113  124  174 
(Length: 3)  113  133  158 
(Length: 3)  114  143  182 
(Length: 3)  114  116  151 
(Length: 3)  114  116  136 
(Length: 3)  114  136  156 
(Length: 3)  114  146  192 
(Length: 3)  116  178  192 
(Length: 3)  116  168  174 
(Length: 3)  116  129  178 
(Length: 4)  116  124  135  174 
(Length: 3)  116  129  133 
(Length: 3)  116  124  178 
(Length: 4)  116  126  133  192 
(Length: 3)  116  127  136 
(Length: 3)  116  127  171 
(Length: 3)  116  130  133 
(Length: 3)  116  136  168 
(Length: 3)  117  119  184 
(Length: 4)  117  120  136  168 
(Length: 3)  117  141  159 
(Length: 3)  117  141  168 
(Length: 4)  117  136  156  159 
(Length: 4)  117  132  153  159 
(Length: 4)  117  136  156  194 
(Length: 3)  117  141  167 
(Length: 4)  117  120  131  196 
(Length: 4)  117  128  136  194 
(Length: 3)  117  149  169 
(Length: 4)  117  131  184  196 
(Length: 3)  118  127  165 
(Length: 3)  118  165  174 
(Length: 3)  118  133  192 
(Length: 3)  118  142  165 
(Length: 3)  118  127  144 
(Length: 3)  118  133  154 
(Length: 3)  119  197  199 
(Length: 3)  119  123  138 
(Length: 3)  119  123  199 
(Length: 3)  120  168  187 
(Length: 3)  120  142  187 
(Length: 3)  120  146  154 
(Length: 3)  120  146  164 
(Length: 3)  120  131  187 
(Length: 3)  120  155  196 
(Length: 3)  120  155  164 
(Length: 3)  120  164  168 
(Length: 3)  121  144  173 
(Length: 3)  121  130  154 
(Length: 3)  122  150  187 
(Length: 3)  123  138  190 
(Length: 3)  123  196  199 
(Length: 3)  123  149  199 
(Length: 4)  123  137  185  190 
(Length: 3)  123  173  185 
(Length: 3)  123  125  168 
(Length: 3)  123  168  187 
(Length: 3)  123  185  188 
(Length: 4)  123  125  190  196 
(Length: 3)  123  138  159 
(Length: 4)  124  147  161  174 
(Length: 3)  124  140  174 
(Length: 3)  124  160  174 
(Length: 3)  124  140  164 
(Length: 3)  124  146  164 
(Length: 3)  124  146  161 
(Length: 3)  125  178  192 
(Length: 3)  125  168  178 
(Length: 3)  125  171  192 
(Length: 3)  125  167  190 
(Length: 3)  125  160  167 
(Length: 3)  125  167  178 
(Length: 3)  125  167  198 
(Length: 3)  126  153  195 
(Length: 3)  126  148  185 
(Length: 4)  126  133  146  192 
(Length: 3)  126  147  148 
(Length: 3)  127  160  167 
(Length: 4)  127  166  171  193 
(Length: 3)  127  140  164 
(Length: 3)  127  136  166 
(Length: 3)  127  128  143 
(Length: 3)  127  144  158 
(Length: 3)  127  136  159 
(Length: 3)  128  143  174 
(Length: 3)  128  174  194 
(Length: 3)  128  139  177 
(Length: 3)  129  144  178 
(Length: 3)  129  172  177 
(Length: 3)  130  181  194 
(Length: 3)  130  154  179 
(Length: 3)  130  179  181 
(Length: 3)  130  133  154 
(Length: 4)  130  134  194  197 
(Length: 4)  130  189  191  194 
(Length: 3)  130  154  197 
(Length: 3)  131  135  144 
(Length: 3)  131  135  196 
(Length: 3)  131  150  152 
(Length: 3)  131  150  187 
(Length: 3)  132  165  175 
(Length: 3)  132  153  165 
(Length: 3)  133  146  154 
(Length: 3)  133  146  163 
(Length: 3)  133  146  198 
(Length: 3)  133  154  180 
(Length: 3)  133  146  164 
(Length: 3)  133  154  176 
(Length: 3)  133  146  158 
(Length: 3)  133  154  166 
(Length: 3)  134  138  155 
(Length: 4)  134  178  194  197 
(Length: 3)  134  138  190 
(Length: 3)  134  169  194 
(Length: 3)  134  156  194 
(Length: 3)  135  155  164 
(Length: 3)  135  155  196 
(Length: 3)  135  144  155 
(Length: 3)  135  138  155 
(Length: 3)  136  138  159 
(Length: 3)  136  145  176 
(Length: 3)  136  138  166 
(Length: 3)  136  156  166 
(Length: 3)  137  179  192 
(Length: 4)  138  159  172  177 
(Length: 3)  138  155  159 
(Length: 3)  138  159  180 
(Length: 3)  138  153  159 
(Length: 3)  139  144  155 
(Length: 3)  139  144  146 
(Length: 3)  139  146  164 
(Length: 4)  139  155  164  171 
(Length: 3)  139  172  177 
(Length: 3)  139  177  179 
(Length: 3)  140  150  193 
(Length: 3)  140  164  168 
(Length: 4)  140  143  168  174 
(Length: 3)  141  160  167 
(Length: 3)  141  168  186 
(Length: 3)  142  143  182 
(Length: 3)  142  162  171 
(Length: 3)  142  165  182 
(Length: 3)  143  169  182 
(Length: 3)  143  146  183 
(Length: 3)  143  182  183 
(Length: 3)  144  173  185 
(Length: 3)  144  155  161 
(Length: 3)  144  155  158 
(Length: 4)  144  146  161  163 
(Length: 3)  144  163  173 
(Length: 3)  146  159  192 
(Length: 3)  146  167  198 
(Length: 3)  147  148  154 
(Length: 3)  151  163  181 
(Length: 3)  151  181  194 
(Length: 3)  151  179  181 
(Length: 3)  152  159  193 
(Length: 3)  153  166  195 
(Length: 3)  154  166  197 
(Length: 3)  154  172  197 
(Length: 3)  157  190  196 
(Length: 4)  158  165  174  194 
(Length: 3)  161  163  181 
(Length: 3)  161  168  174 
(Length: 3)  161  169  181 
(Length: 3)  161  169  182 
(Length: 3)  165  182  183 
(Length: 3)  168  174  187 
(Length: 3)  172  197  199 
(Length: 3)  175  178  192 
(Length: 3)  175  179  192 
(Length: 3)  179  181  192 
(Length: 3)  182  183  186 
(Length: 3)  182  183  195 
...model cost: 2.55 seconds  46261 FFE
 (opt) 894.00000000 == 894.00000000 (sur)  OPTIMALITY TEST PASSED!
   BESTimpr 779.00000000 -> 866.00000000
1*****1*11****11*****1*1**11**1*11******111111*111**11*1****11***11**11111*11****11111*1**1***11*1*1*11**1*11****1**1*11**1**1****11*11*1**1*1***1111*1**1***1*11*1****1****1**1111****1*1***1****1*1**1

   BESTimpr 866.00000000 -> 868.00000000
1**1*1*111*111***1**1**11111*11**11**1***11*11*1111*11*1**1**1*1*1*1******11*11*1*111111*11**11*1**1111***111**1*1****1111***1**1*11**1*1*111*111*1******11*11111**11*1*1111***1****1*111*1***1*111*1**1

