Walsh model started...
 109  131  76  27  12  122  41  14  163  148  186  19  168  100  10  17 
 129  4  163  119  87  29  152  181  199  174  145  187  153  116  64  196  6  59  149  34  137  156  74  16 
 73  168  29  42  78  120  181  169  197  105  107  87  193  60  188  33  51  45  79 
 151  129  190  171  7  48  102  55  168  158  179  105  83  193  87  108  115  126  98  192  137  28  39  153  10  141  72  81  124  54  157  169  187 
 129  1  177  179  196  114  48  77  44  186  7  92  113  197  91  155  166  94  157  33  169  149  86  82  54  60  130  64  98  66  67  43  80  135  39  188  74  199 
 93  19  64  182  44  26  164  102  198  12  48  9  79  56  110  168  125  32  143  20  136  174  17  185  170  127  158  133 
 41  106  114  60  45  124  19  40  110  51  138  85  182  37  62  168  44  195  159  120  48  17  59  1  181  78  69  103  117 
 171  154  45  90  3  48  4  92  192  122  95  24  189  53  64  190  101  88  131  107 
 96  54  191  61  24  167  34  19  159  21  180  113  90  190  195  101  179  74 
 115  22  117  32  135  87  48  172  84  132  145  57  130  42  5  106  13  16  113  60  152  15  160  187 
 127  75  78  51  44  89  165  171  48  117  40  20  50  190  157  18  110  85  95  153  3  43  179  70  72  0  17 
 175  86  143  164  19  188  61  121  25  101  146  40  54  57  185  149  68  113  120  100  178  158  32  109  196  79 
 146  127  133  27  20  110  189  77  23  156  198  5  112  18  0  122  177  141  137  144  119  93  56  81  179  191  159  178  196  64  68  30  69  125 
 174  57  185  83  134  32  184  107  101  23  61  99  21  190  106  9  104  163  14  67  63  85  178  149  166  35  132  138  71  179  199 
 75  167  177  91  173  54  35  153  84  138  184  83  194  131  41  0  99  64  13  67  88  154  196  77  111  160  44  159  163  161  97  151  80 
 106  65  98  75  70  37  60  31  82  46  179  136  122  139  124  140  149  145  154  9  152  64  62  85 
 62  39  41  162  23  92  33  143  163  9  22  71  119  151  114  197  78  108  147  121  74  1 
 168  158  185  102  152  31  153  177  71  127  92  49  58  108  47  125  194  126  157  171  133  6  48  10  0  5  174  18 
 114  47  115  121  126  182  27  169  152  155  112  12  132  110  10  93  53  38  101  52  19  125  160  148  29  79  113  187  65  157  17 
 94  111  93  124  5  126  98  188  11  6  40  117  183  119  42  34  8  150  86  92  127  75  137  140  81  151  72  0  186  91  179  50  104  170  101  18  74  88 
 73  48  75  32  12  110  178  104  137  128  10  50  161  199  115  106  143  58  37  47  56  136  5  82  163  84  55  177  86  30  63 
 40  112  84  198  8  159  13  190  153  142  66  47  158  189 
 115  9  49  38  107  56  16  176  149  46  54  136  87  195  183  93  161  150  30  160  117 
 187  146  158  154  186  166  16  41  156  12  101  13  46  79  94  98 
 183  120  55  101  167  8  95  7  155  87  121  68  74  194  127  69  137  29 
 182  176  11  101  137  145  26  111  168  112  27  91  136  104  88  31  187  181  141  79 
 73  194  144  99  5  44  136  50  111  25  46  60  150  68  42  123  164  188  143  67  129  82  52  181  174  72 
 12  133  181  74  186  83  109  158  194  95  169  18  76  0  53  154  155  25  101  37  180 
 193  30  110  121  60  72  128  95  134  162  171  179  3  39  185  41  156  174  142  114  129  120  188  33 
 117  150  2  42  87  1  98  127  162  119  133  145  45  32  190  109  54  137  24  148  18  58  163  36 
 88  42  70  50  193  28  103  134  118  79  43  114  169  173  82  77  143  39  95  68  141  181  129  121  12  22  150  63  20  109  168 
 131  168  152  17  128  79  167  74  15  60  77  116  195  106  120  123  124  94  25  187  99  43  58  90 
 20  75  194  41  188  190  117  9  134  13  149  43  124  84  36  42  180  87  120  35  199  29  45  5  143  166  191  157  100  109  11 
 196  145  57  178  4  169  92  16  2  188  36  55  168  74  53  154  167  65  71  91  28 
 158  41  115  122  180  51  121  113  148  182  8  19  138  53  142  109  194  80  164  107  190  71  1  149  196  146 
 115  43  186  168  79  111  133  69  14  153  141  160  55  84  107  75  120  32  56  78  67  13  132  166  112  134  121  156  178 
 130  114  111  92  187  193  43  167  121  123  148  191  32  42  62  196  33  55  38  65  182  163  29 
 115  139  126  176  15  70  56  188  82  48  6  182  58  20  57  144  160  149  74  158  27  180 
 139  135  49  22  176  90  118  92  77  81  95  171  39  51  170  197  128  110  186  167  36  101  18  181  111  45  183  164  198  66  97 
 16  62  90  127  175  143  147  55  98  107  129  113  171  38  85  63  190  56  28  3  30  117  181  121  4  188  114  164  193  177  178 
 139  69  152  125  21  112  19  6  185  169  102  44  123  117  10  77  94  11  164  107  181  110  45  188  118 
 106  6  194  32  34  158  126  105  16  162  92  81  67  84  156  171  108  174  23  0  14  42  28  172  69  119  116  47  52 
 88  30  55  163  29  2  119  19  74  96  149  44  32  36  130  9  68  26  123  41  171  121  100  161  54 
 56  138  176  70  115  35  32  149  167  36  44  181  112  46  173  51  164  30  79  148  10  179  4  67  47  129  99  31  196  124  113  61 
 84  180  4  186  51  10  134  144  5  26  157  181  43  149  42  40  123  88  79  54  103  55  155  130  6  195  121  131  14  159  154  146  166  150 
 6  124  90  7  55  133  51  2  196  198  29  32  171  108  110  40  65  175  189  158  54  183  38 
 127  188  67  117  15  82  172  61  43  173  26  60  50  163  115  193  23  79  22  54  78  113  149 
 18  114  17  125  108  141  92  81  169  62  132  20  56  66  21  43  129  41  52 
 20  73  151  157  4  77  7  3  9  172  171  10  186  76  100  79  57  60  174  120  5  142  138  83  37  70  169  139  81  99  6  17  188  177  178  131  52 
 112  115  187  52  22  38  92  17  177  178  166  89  74  76  86  131  58  194 
 70  30  188  63  127  74  114  168  136  26  156  61  118  67  59  104  132  46  163  10  20  179  57  19  119  150  133  162  66  186 
 181  127  195  77  169  92  88  122  10  44  128  156  180  34  90  110  6  43  164  38  170  45  2  54  113 
 85  73  49  187  188  161  70  154  135  63  57  163  82  69  72  65  104  146  81  26  101  18  100  92  48  172  41  47 
 177  187  182  175  58  168  67  134  99  169  34  138  27  154  18  93  155  115  189  7  33  71 
 96  8  173  14  169  68  126  144  57  191  44  79  4  82  11  46  22  51  113  162  59  45  29  157  3  179  188  125  189  161  42 
 115  187  24  101  163  42  144  178  71  89  147  39  3  102  35  84  133  45  103  44  68  173  36  33  140  72  145  177  182  188  196  20 
 138  43  132  122  176  37  128  153  190  39  35  22  107  81  12  79  5  196  161  20  47  160  74 
 13  174  114  64  178  33  52  163  60  48  145  9  191  54  11  168  120  179  50  104  144  37  185  139 
 53  168  17  108  96  83  185  175  163  20  37  183  65  49  194  31  90  89  162  29 
 135  88  163  191  187  114  50  67  96  151  68  188  6  1  54  162  159  186 
 114  6  28  72  15  31  26  46  57  48  193  2  155  4  109  141  113  9  79 
 106  104  191  8  121  11  50  156  118  172  46  99  13  179  157  177  85  86  170  108  102  150  138  94  187  130  113  43 
 129  170  16  39  113  131  139  177  140  169  47  196  36  6  168  75  85  15 
 79  116  50  188  181  88  135  52  128  193  179  127  85  39  13  149  97  101  164  119  113  30  20  150  126 
 57  114  153  138  182  5  166  156  99  14  151  196  1  130  4  7  190  12  127  104  179  15  116  117 
 106  15  69  172  110  117  146  165  101  179  52  104  58  183  175  45  164  173  167  33  36  182  89  187  18 
 115  98  100  79  161  122  85  149  157  92  145  173  138  126  4  131  179  181  110  38  21  47  50  186  141  108 
 135  112  41  84  53  134  117  46  50  59  78  35  13  14  143  26  191  115  158  97  4  43  168  105 
 178  101  99  187  169  54  142  110  150  26  176  155  42  55  121  24  188  59  11  113  95  30  129  158  12  74  196 
 139  40  143  191  133  35  65  172  52  82  124  116  156  96  24  127  78  6  41  12  125 
 43  176  30  50  52  154  130  143  156  78  15  37  73  138  48  146  169  10  72 
 177  17  55  89  16  119  72  163  53  34  33  91  13  138 
 97  87  60  28  52  73  71  163  140  55  151  19  141  3  192  150  10  70  174  26 
 20  48  85  52  2  168  194  26  129  115  72  70  138  172  88  161  142  100 
 27  181  76  167  31  42  96  127  50  49  86  95  92  24  194  33  168  56  160  126  19  8  195  1  16  37  158  4  199  196  68 
 20  32  15  98  14  167  10  127  97  187  78  146  141  104  181  107  35  124  137  19  119  80  169  62  136  166  144  148 
 74  167  49  88  147  186  48  27  0  134  198 
 195  51  4  48  189  12  81  38  149  91  129  151  31  116  40  94  196  14  132  152  118  30  111  92  142  161  84 
 10  75  2  120  70  156  126  99  35  67  166  113  169  118  46  108  16  69  6  84  147 
 116  63  35  111  66  100  128  31  118  159  106  146  48  44  54  184  95  30  43  135  193  46  23  56  5  148  109  161  196  11  60  2  141  25  113  18 
 120  173  199  119  194  34  75  196  192  96  135  4  98  178  151  14 
 41  92  77  38  194  47  95  56  12  99  48  19  140  100  3  124  146  52  187  143  122  139  90  199  93  185 
 105  140  158  121  164  127  15  46  52  69  37  188  4  54  30  173  126  139  26  163  20 
 185  13  186  27  157  188  184  14  96  58  48  3  160  121 
 192  94  97  131  180  44  179  100  124  32  67  41  14  138  9  132  35  55  21  198  145  146  176  183  147  78  20  104  140  185  123  161  77 
 73  52  150  125  182  196  149  66  138  6  39  63  174  117  112  193  13  177  61  104  10  95  179  62  15 
 175  11  96  144  74  49  4  149  150  19  61  170  20  177  169  125 
 129  151  118  88  90  171  97  72  9  135  29  1  155  24  137  130  188  89  128  180  32  107  2  111  181  3  179  136  22  146  156  193  119  105 
 42  30  59  135  118  87  63  181  51  122  76  147  158  97  44  186  159  130  172  73  154  14  169  104  25  101  7  134  182  19  119 
 71  55  10  165  153  147  166  49  188  87  163  91  173  143  137  172  131  98  161  58  65 
 172  197  127  39  87  171  45  7  38  176  177  121  128  51  151  103  152  195  8  190  158  183  81  199  92  58  31  145  132 
 177  14  155  4  77  149  174  163  89  19  179  25  136  127  122  71  33 
 111  36  51  169  7  4  41  81  49  17  184  185  118  38  106  126  187  103  47  95  74  33  16  66  157  127  19  77  90  52  100 
 124  19  5  183  141  173  122  130  136  119  12  96  97  18  53  189  185  81  22  161 
 192  84  111  19  166  4  132  139  106  199  138  164  77  40  31  124  61  145  97  189  157  23  98 
 7  24  138  165  194  27  28  128  38  81  92  74  184  79  85  10  185  30  68  182  113  117  112 
 8  54  163  188  86  144  42  74  110  193  120  145  83  58  177  178  59  151  97  93  69  156  158  173  80  101 
 195  199  72  87  75  187  84  131  158  88  96  93  178  135  149  63  67  112  181  14  160  145  94  111  38 
 15  75  19  126  115  66  163  103  29  127  107  39  3  89  166  4  123  168  80  178  142  119  23  94 
 68  187  144  26  105  127  169  53  61  13  78  126  64  14  81  48  100  145  121  31  43 
 66  79  199  125  179  84  48  99  81  142  73  120  11  32  157  0  168  42  121  149  197  194  184  52  92 
 24  55  178  68  173  144  11  25  23  13  179  65  27  164  63  38  18  119  185  169  177  52  88  7  19  122  181  193  96  8  139  174 
 185  17  153  3  55  164  5  40  169  193  61  108  191  131  133 
 136  129  98  163  187  92  30  134  44  55  151  90  117  6 
 106  61  178  20  75  181  50  132  13  163  127  180  52  65  85  182  57  25  88  193  190  19  170  64  84  140 
 140  82  41  126  127  99  179  3  197  2  67  168  119  87 
 15  65  104  61  155  188  41  6  92  126  94  199  79  146  9  13  198  116  195  31  20  143  162  150  130  172  152  181 
 144  147  98  39  184  13  75  35  87  2  22  56  181  40  164  34  136  121  194  133  7  131  155  166 
 152  164  191  163  17  58  41  174  141  47  3  115  78  16  45  171  61  102  112  199  66 
 167  141  27  158  0  131  142  34  116  159  60  190  29  79  161  32  11  30  168 
 20  12  119  183  96  193  28  121  68  142  65  117  6  51  38  186  5  168  18  10  45  40  181  66 
 198  117  94  19  36  92  35  79  130  118  128  152  26  25  149  113  125  181  87  156  167  146  14  160  159  199  38  77  166  188  97 
 135  67  49  115  40  21  187  120  43  149  18  12  25  168  150  199  193  85  131  97  181  162  117  95  108  35  166 
 62  131  197  4  147  134  34  121  129  39  111  125  166  78  9  60  180  8  46  159  136  68  11  51  54  95  182  119  63  195  79  18  43  61 
 57  64  130  36  18  47  6  60  4  196  187  59  122  172  50  168  182  30  169  197  16  198  179  28  39 
 55  187  112  49  35  43  37  139  98  66  22  9  121  18  73  129  122  34  193  46  108  3  199  20  166  186  191  67  155  53  131  197  149  118  189 
 79  63  77  31  109  159  69  124  198  106  153  1  134  141  119  182  41  117  64 
 198  111  29  150  162  160  9  32  19  183  131  145  67  46  110  65  40  10  174  85  181  39  95  112  103  6  116  64  22 
 88  87  130  111  79  159  92  38  153  177  170  131  50  61  119  149  134  30  142  157  169  78  156  77  180  126  40  188  115  189  145  136 
 1  163  183  110  19  42  162  29  199  80  118  149  71  16  93  12  75  151  50  101  185  116  182  63  113  160  143  41  98  142  88  105  87 
 183  24  80  173  135  137  197  134  2  78  112  187  145  96  174  48  35  32  57  168  199  123  31  159  6  175  166  150  100  11  158  178  28  129 
 158  82  115  18  123  36  61  11  34  113  110  28  177  90  160  83  68  24  197  178  131  44  147  16  39  107  42  100  99  145  171  148  129  30  35  134 
 56  132  189  177  172  114  192  7  51  88  115  34  66  161  166  160  126  133  12  0  173  93  178  168  15  139  123  127  91  81  101  181 
 199  134  156  155  121  36  44  40  180  187  42  26  120  31  122  132  98  168  185  84  197  170 
 93  19  45  6  84  32  75  15  151  137  69  116  165  159  31  94  81  3  43  196 
 150  85  152  40  199  100  17  47  113  111  5  198  54  189  18  160  69  12  169  86 
 181  190  19  98  41  105  176  37  182  18  106  92  177  146  122  133  144  54  78  99  194  17  169  145  128  192  3  138  66  82  139  180  118  74  150  63 
 146  12  46  188  181  51  90  39  10  75  185  17  98  29  105  99  50  74  164  82  179  63  92  19  157  180  104  24  69  91  122  64  174  187  158  5 
 31  79  137  20  152  111  63  193  156  51  56  153  90  28  95  188  87  149  161  145  38  197  126  192  167 
 151  3  4  1  87  62  170  136  103  73  115  39  113  77  196  131  68  26  47  43  30  121  28  120 
 114  36  118  111  70  143  87  137  9  42  155  44  159  88  136  93  64  4  106  172  61  187  161  169 
 31  168  84  97  113  62  170  118  117  145  0  109  194  14  196  129  89  172  181  197  121  44  115  66  49  112  178  48  191  102  7  107 
 56  122  94  139  84  9  104  50  18  47  152  77  123  13  35  145  90 
 12  27  35  69  122  126  29  145  55  45  171  17  196  194  107  50  162  102  5 
 199  123  13  32  120  197  44  144  113  147  53  67  194  182  103  30  118  28  162  76  198  141  116  88  35  121 
 67  112  59  88  120  137  139  38  9  87  52  63  195  169  193  79  178  97  80  4 
 148  147  129  103  26  50  15  179  130  93  22  87  91  25  159  113  189  107  20  5  75  166  145  118 
 120  135  173  197  20  128  25  145  87  130  143  89  151  124  12  144  75  19  192  3  29  24  156  1 
 56  43  153  64  14  84  34  53  165  95  94  164  142  48  85  6  73  70  126  66  61  194  162  13  71 
 115  37  69  40  135  38  62  177  132  94  122  15  169  48  82  126  81  57  185  174  101 
 105  82  170  62  19  81  72  55  15  149  104  84 
 93  183  167  109  160  35  146  75  151  145  108  47  12  177  60  134  116  3  72  30  181  25  79  66 
 68  110  109  34  138  48  118  157  21  153  100  73  77  28  174  98  119  194  192 
 11  164  191  69  175  39  70  130  16  163  137  89  20  106  67  26  30  5  32  187  81  160  119 
 152  188  86  96  55  178  173  101  44  134  99  26  107  147  126  54  12  137  190  57  37  148  75 
 153  167  196  33  120  96  137  25  151  141  117  131  133  29  9  57  161  128  84  146  66  173  169  126  187  1  154  15  177  55  99  121  136  118  147  186  94  97  90  132 
 12  127  187  23  176  158  75  141  177  126  79  106  188  11  145  84  65  165  70  169  167  111  87  156  154  44  81  52  196  34 
 148  136  55  39  113  134  107  144  153  89  88  76  169  171  151  16  121  189  175  84  78  145  186  191  172 
 147  136  176  152  34  182  36  191  163  0  43  79  121  171  144  75  18  29 
 32  43  42  44  112  77  91  85  66  111  128  4  86  119  118  176  22  185  11  140  15  97  63  197  115  13  166  188  1  34  46  100  160  37  184 
 29  117  85  125  68  26  86  19  112  199  162  106  120  174  50  61  192  72  166  44  22  30  126  63 
 3  129  48  157  87  141  145  77  59  96  137  124  103  90  179  163  16  119  64  156  72  19  171  147  80  14  194  154 
 108  164  176  148  40  125  144  188  31  17  128  111  160  198  1  181  18  155  132  77  90  195  9  15  106 
 138  64  145  167  102  17  14  35  118  177  89  147  128  56  1  116  21  142  10  3 
 171  7  158  23  52  70  27  53  197  191  155  88  14  145  15  146  44  33  194  151 
 106  188  156  123  91  4  24  87  152  18  44  130  176  68  158  154  60  27  181  115  53  193  107  166 
 155  123  128  51  41  171  70  78  50  61  23  12  166  64  190  180  151  69  96  111  118  146  87  28  137  1  35  178 
 151  48  83  188  44  4  182  187  61  179  66  92  142  118  190  10  17  127  32  100  54  3  94  189  18 
 17  168  121  82  34  41  146  176  154  23  109  27  3  97  88  155  67  45  189  96  120  90  183  11  68  21  74  37  127  5 
 118  79  8  21  116  109  130  88  165  124  6  120  136  113  111  199  44  14  166  174  12  178  59  186 
 162  117  152  198  141  35  122  166  121  83  111  14  9  187  97  143  119  18  125  56  74  149  37  22 
 188  52  66  122  128  145  20  73  196  56  163  14  89  173  79  109  42  54  130  169  93  22  77  84 
 160  117  41  16  119  29  28  134  150  106  112  181  54  59  194  138  133  50  58 
 96  188  55  42  59  191  108  1  119  98  103  57  52  58  175  91  89  50  46  143  16  104  13  179  151  148  0  71  72  14  161  82  20  29  36 
 108  152  143  11  5  102  82  127  138  94  43  51  40  181  179  188  26  107  34  101  63  173  65  198  38  193  39 
 10  89  138  95  146  65  159  124 
 4  94  186  23  122  160  89  49  156  64  113  78  115  98  175  120  13  149  191  32  174  159  44  150  136  75  111  188  155  107  35  112 
 75  14  153  145  109  141  76  74  31  24  8  43  36  38  111  146  128  33  65 
 131  31  73  2  17  158  53  58  35  186  114  50  3  25  112  122  178  6  62  57  120  110  5  33  74  123  98  0  100  67  105  109  30 
 51  92  185  40  54  68  181  2  99  53  102  4  33  27  18  135  195  47  62  146  70  126  145  48  139  30  114  118  78  75  88  147  101  177  3  187  161  130  86  125 
 129  62  118  131  140  51  38  61  86  19  104  185  5  123  197 
 7  154  90  87  190  3  156  41  48  10  38  39  28  179  133  17  42  147  151  45  108  185  183  121  148 
 197  90  122  114  69  65  48  9  61  46  182  89  131  88  73  130  106  41  52  191  147 
 187  192  120  80  14  54  197  137  101  144  46  43  93  122  55  89  145  66  30  82  96  164  65  161 
 13  57  108  41  177  91  120  48  199  1  117  85  150  186  183  166  159  5  17  28  142  72  26  127  187  139  101 
 86  11  53  182  39  143  185  58  163  65  45  166  120  147  189 
 43  70  148  152  182  25  146  158  126  37  38  90  56  84  183  155  68  22  149  198  185  188  184 
 53  187  14  91  4  179  189  122  17  71  62  139  49  178  153  118  146  126  121  90  174  96  12  141  85  61  145  55  48  188  101  169  20  86  39 
 68  101  104  20  55  144  57  33  49  177  96  122  168  97  135  190  13  197  121  120  11  131  48  159  12  98  80  35  156  39 
 177  4  100  84  105  3  63  127  61  157  15  136  101  65  181  164  151  163  50  57  87  28  171  19  91  12  191  85  66  10  43  188  54  198  114  64  8  13  199 
 84  44  34  51  87  32  123  187  156  190  8  113  127  104  118  126  37  27 
 126  190  51  127  27  74  63  88  1  152  75  104  2  169  44  43  111  87  155  164  179  107  40  131  197  97  112  162  38  110  66  117  39  6  25  26  141  30  101  122  106 
 53  175  64  5  196  85  176  25  126  18  148  34  157  187  194  134  6  37  172  114  104  116  119  55  188  95  113  36  65  88 
 120  24  93  141  117  19  119  110  84  176  58  65  195  22  186  174  90  158  185  171  45  38 
 92  185  83  14  107  13  95  79  149  176  194  100 
 102  17  83  13  169  40  127  184  92  175  58  149  11  95  28  198  176  101  119  183  171  5  170  93  81  123  84  57  139 
 35  168  83  27  4  44  166  23  48  76  88  110  38  115  0  19  183  174  159  59  50  66  145  147 
 55  115  53  177  192  173  49  52  193  36  23  146  97  75  59  114  99  68  112  120  92  103  182  157  180  123  145  1  143  81  31  25  160  9  61  130  3  169  127  174  65  18 
 155  106  46  127  152  144  163  96  52  161  190  32  50  63  19  11  83  157  146  89  87  128  37  82  2  33  68  59  164  26  48  177  149  176  182  55  179  54  40  118  166  111  4  39  28 
 177  122  77  12  7  53  45  158  136  93  147  175  54  125  118  115  21  94  157 
 126  181  188  32  171  3  13  21  156  180  39  56  10  157  178  8  90  144  29  109  64  7  34  193  104 
 8  61  163  59  143  69  108  148  36  57  54  197  154  67  115  179  12  166  32  102  131  172  147 
 94  84  187  173  7  122  128  126  3  137  196  80  150  72  194  142 
 30  28  187  36  128  63  110  96  60  2  135  79  3  102  115  46  112  85  87  155  190  104  101  164  39 
 41  32  73  26  81  95  27  131  14  134  182  17  126  80  34  74  24  138  162  133  107  58  49  184  100  151  154  192  142 
 97  199  77  51  135  169  106  31  44  6  90  152  22  183  8  113  74 
 33  145  4  114  182  85  131  129  62  36  198  45  77  14  192  80  56  161  64  1  133  55  12  79  11  43  124  34  146  74  68 
 172  90  173  137  113  4  120  134  2  105  154  191  38  128  114  16  131  181  121  178  149  115  100  123  170 
 117  111  152  160  21  84  5  12  106  116  196  45  76  134  176  185  125  164  38  179  114 
 97  195  134  123  125  100  94  106  80  119  174  1  150  112  120  32  115  20  111  159  90  81  108  4  74  13  179 
-->CDecomWalshPart::vInitTrueLinkage-->GLBs: 2289
(Length: 3)  0  10  17 
(Length: 3)  0  12  27 
(Length: 3)  0  14  41 
(Length: 3)  0  14  131 
(Length: 3)  0  19  186 
(Length: 4)  0  27  76  186 
(Length: 3)  0  148  163 
(Length: 3)  0  17  168 
(Length: 3)  0  122  168 
(Length: 3)  0  14  163 
(Length: 3)  0  100  168 
(Length: 4)  0  109  131  168 
(Length: 3)  0  27  109 
(Length: 3)  0  12  122 
(Length: 3)  0  168  186 
(Length: 4)  1  4  74  196 
(Length: 3)  1  145  196 
(Length: 3)  1  145  187 
(Length: 3)  1  174  187 
(Length: 3)  1  74  181 
(Length: 3)  1  34  149 
(Length: 3)  1  174  199 
(Length: 3)  1  119  199 
(Length: 3)  1  87  129 
(Length: 3)  1  119  149 
(Length: 4)  1  29  87  137 
(Length: 3)  1  16  74 
(Length: 3)  1  59  163 
(Length: 4)  1  4  74  199 
(Length: 3)  1  64  156 
(Length: 4)  1  87  137  156 
(Length: 3)  1  145  153 
(Length: 4)  1  4  129  196 
(Length: 3)  1  116  119 
(Length: 4)  1  16  119  163 
(Length: 4)  1  29  119  163 
(Length: 3)  1  87  181 
(Length: 3)  1  34  196 
(Length: 4)  1  29  137  145 
(Length: 4)  1  4  64  196 
(Length: 4)  1  29  87  119 
(Length: 3)  1  59  187 
(Length: 3)  1  152  181 
(Length: 3)  1  6  181 
(Length: 3)  1  4  149 
(Length: 3)  1  6  59 
(Length: 4)  1  64  116  153 
(Length: 3)  2  29  45 
(Length: 4)  2  60  79  193 
(Length: 4)  2  51  169  181 
(Length: 3)  2  105  197 
(Length: 3)  2  73  168 
(Length: 3)  2  105  168 
(Length: 3)  2  33  169 
(Length: 3)  2  33  188 
(Length: 4)  2  87  107  181 
(Length: 3)  2  45  51 
(Length: 3)  2  87  193 
(Length: 3)  2  87  188 
(Length: 3)  2  29  42 
(Length: 3)  2  181  197 
(Length: 3)  2  87  105 
(Length: 3)  2  120  197 
(Length: 3)  2  78  169 
(Length: 3)  2  29  87 
(Length: 3)  2  120  168 
(Length: 3)  2  78  120 
(Length: 3)  2  33  168 
(Length: 3)  3  48  81 
(Length: 4)  3  7  48  171 
(Length: 4)  3  151  157  179 
(Length: 3)  3  10  72 
(Length: 3)  3  157  187 
(Length: 3)  3  105  168 
(Length: 4)  3  115  187  193 
(Length: 3)  3  115  129 
(Length: 4)  3  28  39  193 
(Length: 3)  3  39  98 
(Length: 4)  3  72  87  151 
(Length: 3)  3  126  192 
(Length: 3)  3  7  192 
(Length: 3)  3  81  187 
(Length: 3)  3  55  72 
(Length: 4)  3  10  171  179 
(Length: 4)  3  124  137  151 
(Length: 3)  3  28  72 
(Length: 4)  3  48  83  157 
(Length: 3)  3  102  193 
(Length: 3)  3  108  171 
(Length: 4)  3  48  151  157 
(Length: 3)  3  102  169 
(Length: 3)  3  102  153 
(Length: 3)  3  108  141 
(Length: 3)  3  108  115 
(Length: 3)  3  98  168 
(Length: 3)  3  98  126 
(Length: 3)  3  98  115 
(Length: 3)  3  87  193 
(Length: 4)  3  54  157  179 
(Length: 4)  3  87  137  151 
(Length: 4)  3  10  157  190 
(Length: 4)  3  87  129  151 
(Length: 4)  3  87  105  179 
(Length: 3)  3  158  168 
(Length: 4)  3  55  115  187 
(Length: 3)  3  55  102 
(Length: 3)  3  39  55 
(Length: 4)  3  28  39  129 
(Length: 3)  3  105  126 
(Length: 3)  3  169  187 
(Length: 4)  3  39  190  193 
(Length: 4)  3  10  157  179 
(Length: 4)  3  10  171  190 
(Length: 3)  3  126  190 
(Length: 5)  3  87  151  171  179 
(Length: 4)  3  10  48  157 
(Length: 4)  3  10  48  171 
(Length: 4)  3  39  171  190 
(Length: 3)  3  10  153 
(Length: 4)  3  7  171  190 
(Length: 4)  3  28  39  171 
(Length: 4)  3  72  141  151 
(Length: 3)  3  81  124 
(Length: 3)  3  102  108 
(Length: 3)  3  187  192 
(Length: 3)  3  137  192 
(Length: 3)  3  72  192 
(Length: 4)  3  28  171  179 
(Length: 4)  3  54  126  169 
(Length: 4)  3  48  151  171 
(Length: 3)  3  48  169 
(Length: 3)  4  33  91 
(Length: 4)  4  177  179  188 
(Length: 3)  4  39  114 
(Length: 3)  4  64  166 
(Length: 3)  4  60  113 
(Length: 4)  4  66  92  157 
(Length: 3)  4  179  199 
(Length: 4)  4  94  98  166 
(Length: 4)  4  48  177  188 
(Length: 4)  4  91  177  179 
(Length: 3)  4  91  155 
(Length: 4)  4  44  155  166 
(Length: 3)  4  113  166 
(Length: 4)  4  39  113  129 
(Length: 4)  4  43  129  196 
(Length: 4)  4  54  82  188 
(Length: 3)  4  60  155 
(Length: 3)  4  33  188 
(Length: 3)  4  113  197 
(Length: 4)  4  149  166  188 
(Length: 3)  4  39  98 
(Length: 4)  4  33  92  169 
(Length: 4)  4  33  74  196 
(Length: 4)  4  66  157  179 
(Length: 3)  4  66  98 
(Length: 3)  4  7  64 
(Length: 4)  4  33  74  92 
(Length: 3)  4  7  48 
(Length: 3)  4  48  60 
(Length: 4)  4  77  91  149 
(Length: 3)  4  77  92 
(Length: 3)  4  77  94 
(Length: 4)  4  44  166  186 
(Length: 4)  4  77  129  196 
(Length: 4)  4  48  157  188 
(Length: 4)  4  48  169  177 
(Length: 3)  4  48  186 
(Length: 4)  4  86  169  177 
(Length: 4)  4  44  54  157 
(Length: 3)  4  66  186 
(Length: 4)  4  44  130  155 
(Length: 4)  4  43  113  129 
(Length: 3)  4  94  199 
(Length: 3)  4  74  86 
(Length: 3)  4  66  149 
(Length: 3)  4  80  199 
(Length: 4)  4  43  44  149 
(Length: 3)  4  43  67 
(Length: 4)  4  155  166  188 
(Length: 3)  4  86  149 
(Length: 3)  4  7  92 
(Length: 4)  4  44  149  166 
(Length: 3)  4  43  179 
(Length: 3)  4  149  197 
(Length: 4)  4  39  177  188 
(Length: 3)  4  94  157 
(Length: 3)  4  80  135 
(Length: 4)  4  64  114  130 
(Length: 3)  4  67  135 
(Length: 3)  4  114  197 
(Length: 3)  4  135  169 
(Length: 3)  4  54  113 
(Length: 3)  4  54  169 
(Length: 4)  4  64  114  196 
(Length: 5)  4  54  157  179  188 
(Length: 4)  4  64  114  179 
(Length: 3)  4  80  98 
(Length: 4)  4  114  130  169 
(Length: 3)  4  80  196 
(Length: 3)  4  48  77 
(Length: 3)  4  60  114 
(Length: 4)  5  12  20  56 
(Length: 4)  5  20  32  143 
(Length: 3)  5  19  127 
(Length: 3)  5  164  198 
(Length: 3)  5  26  136 
(Length: 3)  5  127  164 
(Length: 4)  5  17  127  185 
(Length: 3)  5  44  79 
(Length: 3)  5  26  174 
(Length: 3)  5  9  32 
(Length: 4)  5  17  127  174 
(Length: 4)  5  17  102  133 
(Length: 3)  5  20  136 
(Length: 3)  5  48  79 
(Length: 3)  5  9  48 
(Length: 3)  5  12  133 
(Length: 4)  5  26  143  164 
(Length: 4)  5  12  125  198 
(Length: 4)  5  12  20  110 
(Length: 3)  5  170  185 
(Length: 3)  5  12  93 
(Length: 3)  5  185  198 
(Length: 3)  5  56  79 
(Length: 3)  5  26  44 
(Length: 4)  5  17  158  168 
(Length: 3)  5  17  125 
(Length: 4)  5  17  127  158 
(Length: 4)  5  17  48  174 
(Length: 4)  5  12  64  127 
(Length: 3)  5  102  164 
(Length: 3)  5  20  48 
(Length: 3)  5  64  182 
(Length: 4)  5  17  102  185 
(Length: 3)  5  19  93 
(Length: 3)  5  110  168 
(Length: 3)  5  93  136 
(Length: 3)  5  19  170 
(Length: 3)  5  93  185 
(Length: 3)  6  19  124 
(Length: 3)  6  120  168 
(Length: 3)  6  114  168 
(Length: 3)  6  110  168 
(Length: 4)  6  45  51  110 
(Length: 5)  6  40  110  117  181 
(Length: 3)  6  106  181 
(Length: 3)  6  44  103 
(Length: 4)  6  44  51  181 
(Length: 3)  6  124  159 
(Length: 3)  6  120  159 
(Length: 3)  6  59  114 
(Length: 3)  6  106  195 
(Length: 4)  6  40  44  181 
(Length: 3)  6  37  48 
(Length: 3)  6  85  182 
(Length: 3)  6  62  168 
(Length: 4)  6  19  40  117 
(Length: 3)  6  85  138 
(Length: 3)  6  85  117 
(Length: 3)  6  41  69 
(Length: 3)  6  103  117 
(Length: 3)  6  48  60 
(Length: 3)  6  48  120 
(Length: 3)  6  48  138 
(Length: 3)  6  59  159 
(Length: 3)  6  17  168 
(Length: 4)  6  44  51  195 
(Length: 3)  6  17  48 
(Length: 3)  6  44  159 
(Length: 3)  6  37  182 
(Length: 3)  6  78  120 
(Length: 4)  6  51  110  181 
(Length: 3)  6  69  78 
(Length: 3)  6  41  106 
(Length: 3)  6  62  85 
(Length: 3)  6  45  124 
(Length: 3)  6  69  124 
(Length: 3)  6  114  182 
(Length: 4)  6  40  45  110 
(Length: 3)  6  40  69 
(Length: 3)  6  60  114 
(Length: 3)  7  122  192 
(Length: 3)  7  90  92 
(Length: 3)  7  92  95 
(Length: 3)  7  53  189 
(Length: 3)  7  24  101 
(Length: 3)  7  53  154 
(Length: 3)  7  24  95 
(Length: 4)  7  88  101  122 
(Length: 4)  7  45  90  171 
(Length: 3)  7  154  171 
(Length: 3)  7  48  131 
(Length: 3)  7  122  189 
(Length: 3)  7  88  154 
(Length: 4)  7  90  171  190 
(Length: 3)  7  45  189 
(Length: 3)  7  64  190 
(Length: 3)  7  107  131 
(Length: 3)  8  96  101 
(Length: 3)  8  54  113 
(Length: 3)  8  19  34 
(Length: 3)  8  113  159 
(Length: 4)  8  34  113  180 
(Length: 3)  8  74  96 
(Length: 3)  8  24  101 
(Length: 3)  8  21  190 
(Length: 4)  8  61  179  191 
(Length: 3)  8  21  159 
(Length: 3)  8  74  195 
(Length: 3)  8  61  113 
(Length: 3)  8  90  195 
(Length: 3)  8  113  195 
(Length: 4)  8  34  180  190 
(Length: 4)  8  24  74  167 
(Length: 3)  8  19  74 
(Length: 3)  8  54  96 
(Length: 4)  8  54  179  191 
(Length: 3)  8  90  190 
(Length: 4)  8  19  101  179 
(Length: 3)  9  15  145 
(Length: 3)  9  32  117 
(Length: 3)  9  13  32 
(Length: 3)  9  42  130 
(Length: 4)  9  22  117  160 
(Length: 4)  9  15  106  152 
(Length: 3)  9  48  172 
(Length: 3)  9  13  132 
(Length: 3)  9  15  60 
(Length: 4)  9  48  57  60 
(Length: 3)  9  132  152 
(Length: 4)  9  106  130  172 
(Length: 3)  9  32  87 
(Length: 3)  9  32  84 
(Length: 3)  9  13  57 
(Length: 3)  9  16  22 
(Length: 3)  9  152  160 
(Length: 4)  9  84  132  145 
(Length: 3)  9  32  42 
(Length: 3)  9  87  135 
(Length: 3)  9  57  145 
(Length: 3)  9  160  187 
(Length: 3)  9  130  187 
(Length: 3)  9  60  113 
(Length: 3)  9  87  130 
(Length: 3)  9  117  145 
(Length: 3)  9  22  115 
(Length: 3)  9  115  187 
(Length: 3)  9  22  87 
(Length: 3)  9  145  187 
(Length: 3)  9  13  106 
(Length: 3)  10  20  75 
(Length: 3)  10  48  70 
(Length: 4)  10  127  157  179 
(Length: 3)  10  20  50 
(Length: 4)  10  17  48  171 
(Length: 3)  10  44  157 
(Length: 3)  10  75  78 
(Length: 3)  10  75  127 
(Length: 4)  10  50  127  179 
(Length: 3)  10  18  110 
(Length: 3)  10  20  110 
(Length: 4)  10  17  18  157 
(Length: 3)  10  89  165 
(Length: 3)  10  17  153 
(Length: 3)  10  43  70 
(Length: 4)  10  17  127  157 
(Length: 3)  10  89  153 
(Length: 4)  10  85  95  117 
(Length: 3)  10  51  110 
(Length: 3)  10  70  78 
(Length: 3)  10  51  127 
(Length: 4)  10  17  48  157 
(Length: 3)  10  50  70 
(Length: 4)  10  43  44  51 
(Length: 3)  10  95  165 
(Length: 3)  10  43  179 
(Length: 3)  10  85  179 
(Length: 3)  10  40  44 
(Length: 3)  10  20  48 
(Length: 4)  10  40  110  117 
(Length: 3)  10  70  72 
(Length: 3)  11  100  121 
(Length: 3)  11  32  109 
(Length: 3)  11  79  100 
(Length: 4)  11  54  79  113 
(Length: 3)  11  101  164 
(Length: 3)  11  25  101 
(Length: 3)  11  79  109 
(Length: 3)  11  86  149 
(Length: 3)  11  86  175 
(Length: 3)  11  146  188 
(Length: 4)  11  68  113  121 
(Length: 3)  11  143  175 
(Length: 4)  11  32  149  188 
(Length: 4)  11  54  68  188 
(Length: 3)  11  175  185 
(Length: 3)  11  149  185 
(Length: 4)  11  32  100  120 
(Length: 4)  11  68  121  158 
(Length: 3)  11  101  185 
(Length: 3)  11  54  57 
(Length: 3)  11  143  164 
(Length: 4)  11  79  146  196 
(Length: 4)  11  61  113  121 
(Length: 3)  11  68  196 
(Length: 4)  11  68  121  178 
(Length: 3)  11  146  158 
(Length: 4)  11  68  101  178 
(Length: 4)  11  54  68  113 
(Length: 3)  11  40  185 
(Length: 3)  11  109  158 
(Length: 3)  11  57  185 
(Length: 4)  11  40  164  188 
(Length: 3)  11  19  101 
(Length: 3)  11  19  86 
(Length: 3)  11  61  86 
(Length: 3)  11  25  79 
(Length: 4)  11  57  120  178 
(Length: 4)  11  19  40  188 
(Length: 3)  11  120  175 
(Length: 3)  11  120  158 
(Length: 4)  11  32  100  149 
(Length: 3)  11  32  143 
(Length: 3)  12  68  196 
(Length: 3)  12  127  146 
(Length: 3)  12  93  141 
(Length: 3)  12  18  27 
(Length: 4)  12  23  146  156 
(Length: 3)  12  68  178 
(Length: 3)  12  30  68 
(Length: 3)  12  69  125 
(Length: 3)  12  30  141 
(Length: 3)  12  93  119 
(Length: 3)  12  27  133 
(Length: 3)  12  137  144 
(Length: 3)  12  68  110 
(Length: 3)  12  159  178 
(Length: 4)  12  64  127  179 
(Length: 3)  12  122  133 
(Length: 3)  12  77  189 
(Length: 4)  12  122  177  178 
(Length: 3)  12  177  179 
(Length: 3)  12  110  119 
(Length: 3)  12  30  77 
(Length: 4)  12  81  93  122 
(Length: 3)  12  133  196 
(Length: 4)  12  122  177  189 
(Length: 3)  12  122  127 
(Length: 3)  12  196  198 
(Length: 3)  12  146  196 
(Length: 3)  12  156  178 
(Length: 4)  12  141  146  177 
(Length: 3)  12  137  156 
(Length: 3)  12  144  178 
(Length: 3)  12  64  156 
(Length: 3)  12  69  156 
(Length: 3)  12  18  125 
(Length: 4)  12  93  122  189 
(Length: 3)  12  81  146 
(Length: 3)  12  18  112 
(Length: 3)  12  18  110 
(Length: 3)  12  125  189 
(Length: 3)  12  69  191 
(Length: 3)  12  18  93 
(Length: 3)  12  56  196 
(Length: 3)  12  179  191 
(Length: 4)  12  20  177  178 
(Length: 3)  12  20  137 
(Length: 3)  12  69  127 
(Length: 4)  12  56  81  122 
(Length: 3)  12  20  30 
(Length: 3)  12  179  198 
(Length: 3)  12  64  196 
(Length: 3)  12  77  81 
(Length: 3)  12  77  196 
(Length: 3)  12  69  133 
(Length: 3)  13  104  132 
(Length: 3)  13  21  190 
(Length: 4)  13  35  107  166 
(Length: 3)  13  57  174 
(Length: 4)  13  61  104  106 
(Length: 3)  13  23  101 
(Length: 3)  13  71  163 
(Length: 4)  13  14  35  67 
(Length: 3)  13  14  99 
(Length: 3)  13  14  138 
(Length: 3)  13  71  138 
(Length: 3)  13  23  166 
(Length: 3)  13  35  178 
(Length: 3)  13  101  178 
(Length: 4)  13  63  101  179 
(Length: 4)  13  32  134  199 
(Length: 3)  13  32  190 
(Length: 4)  13  61  85  104 
(Length: 3)  13  107  184 
(Length: 4)  13  149  184  185 
(Length: 4)  13  32  149  166 
(Length: 4)  13  83  184  185 
(Length: 3)  13  14  163 
(Length: 3)  13  85  174 
(Length: 3)  13  35  132 
(Length: 4)  13  32  35  166 
(Length: 3)  13  106  199 
(Length: 3)  13  101  185 
(Length: 3)  13  61  99 
(Length: 4)  13  63  85  149 
(Length: 4)  13  61  85  138 
(Length: 4)  13  35  67  134 
(Length: 4)  13  61  85  179 
(Length: 3)  13  57  185 
(Length: 3)  13  101  174 
(Length: 4)  13  14  83  184 
(Length: 3)  13  179  199 
(Length: 4)  13  63  85  179 
(Length: 3)  13  166  174 
(Length: 4)  13  57  163  179 
(Length: 3)  13  174  199 
(Length: 4)  13  32  35  134 
(Length: 4)  13  104  178  190 
(Length: 4)  13  57  104  163 
(Length: 4)  13  57  104  178 
(Length: 3)  14  35  75 
(Length: 4)  14  35  111  160 
(Length: 4)  14  84  97  131 
(Length: 3)  14  111  159 
(Length: 4)  14  67  84  97 
(Length: 3)  14  64  196 
(Length: 3)  14  64  151 
(Length: 3)  14  44  54 
(Length: 4)  14  44  88  159 
(Length: 3)  14  64  99 
(Length: 4)  14  41  67  84 
(Length: 4)  14  77  84  161 
(Length: 3)  14  75  80 
(Length: 4)  14  64  138  153 
(Length: 3)  14  83  160 
(Length: 4)  14  54  161  173 
(Length: 3)  14  91  177 
(Length: 3)  14  41  194 
(Length: 3)  14  84  138 
(Length: 3)  14  77  91 
(Length: 3)  14  77  111 
(Length: 3)  14  77  151 
(Length: 3)  14  161  163 
(Length: 4)  14  77  161  196 
(Length: 3)  14  75  97 
(Length: 4)  14  80  151  194 
(Length: 3)  14  75  167 
(Length: 3)  14  88  97 
(Length: 3)  14  80  173 
(Length: 3)  14  80  196 
(Length: 3)  14  131  194 
(Length: 3)  14  131  196 
(Length: 3)  14  91  163 
(Length: 3)  14  151  163 
(Length: 3)  14  153  177 
(Length: 3)  14  138  194 
(Length: 4)  14  151  154  194 
(Length: 3)  14  184  194 
(Length: 3)  14  35  153 
(Length: 3)  14  111  167 
(Length: 4)  14  44  88  154 
(Length: 3)  14  153  167 
(Length: 4)  14  44  84  131 
(Length: 4)  14  97  111  160 
(Length: 4)  14  35  67  84 
(Length: 3)  15  31  60 
(Length: 3)  15  46  82 
(Length: 3)  15  140  149 
(Length: 3)  15  62  140 
(Length: 3)  15  65  106 
(Length: 3)  15  46  60 
(Length: 4)  15  31  106  152 
(Length: 3)  15  75  98 
(Length: 3)  15  122  139 
(Length: 3)  15  37  149 
(Length: 3)  15  31  124 
(Length: 3)  15  75  124 
(Length: 3)  15  64  179 
(Length: 3)  15  136  145 
(Length: 3)  15  65  179 
(Length: 3)  15  85  149 
(Length: 3)  15  82  140 
(Length: 3)  15  46  149 
(Length: 4)  15  37  82  139 
(Length: 3)  15  70  154 
(Length: 3)  15  62  75 
(Length: 3)  15  62  139 
(Length: 3)  15  75  136 
(Length: 3)  15  85  179 
(Length: 3)  15  62  85 
(Length: 3)  15  136  179 
(Length: 3)  15  145  154 
(Length: 3)  15  37  70 
(Length: 3)  16  39  62 
(Length: 3)  16  108  163 
(Length: 3)  16  39  114 
(Length: 4)  16  41  119  162 
(Length: 4)  16  39  121  147 
(Length: 3)  16  33  71 
(Length: 4)  16  119  151  163 
(Length: 4)  16  119  143  163 
(Length: 3)  16  114  197 
(Length: 3)  16  121  197 
(Length: 3)  16  39  143 
(Length: 3)  16  41  108 
(Length: 3)  16  41  92 
(Length: 4)  16  71  119  163 
(Length: 3)  16  78  147 
(Length: 3)  16  23  41 
(Length: 3)  16  78  108 
(Length: 3)  16  147  151 
(Length: 4)  16  33  74  92 
(Length: 4)  17  49  58  194 
(Length: 3)  17  71  177 
(Length: 3)  17  108  152 
(Length: 3)  17  18  126 
(Length: 3)  17  153  177 
(Length: 3)  17  108  171 
(Length: 4)  17  18  47  125 
(Length: 4)  17  48  174  177 
(Length: 3)  17  49  92 
(Length: 3)  17  47  92 
(Length: 3)  17  47  108 
(Length: 3)  17  58  108 
(Length: 3)  17  92  126 
(Length: 3)  17  31  152 
(Length: 3)  17  126  177 
(Length: 3)  17  49  177 
(Length: 3)  17  171  185 
(Length: 4)  17  31  58  168 
(Length: 4)  17  92  127  185 
(Length: 4)  17  126  133  194 
(Length: 3)  17  133  171 
(Length: 4)  17  18  125  152 
(Length: 3)  17  102  108 
(Length: 3)  17  108  174 
(Length: 4)  17  92  127  157 
(Length: 3)  17  58  185 
(Length: 3)  17  102  153 
(Length: 3)  18  19  93 
(Length: 3)  18  29  148 
(Length: 3)  18  38  101 
(Length: 4)  18  52  65  101 
(Length: 3)  18  79  113 
(Length: 4)  18  53  115  155 
(Length: 4)  18  157  182  187 
(Length: 3)  18  79  148 
(Length: 3)  18  47  52 
(Length: 3)  18  160  187 
(Length: 4)  18  114  182  187 
(Length: 3)  18  38  110 
(Length: 3)  18  152  155 
(Length: 3)  18  148  182 
(Length: 3)  18  47  132 
(Length: 4)  18  27  53  169 
(Length: 4)  18  65  182  187 
(Length: 4)  18  52  65  187 
(Length: 3)  18  113  125 
(Length: 3)  18  126  169 
(Length: 4)  18  27  53  155 
(Length: 4)  18  27  101  169 
(Length: 4)  18  53  115  187 
(Length: 4)  18  53  182  187 
(Length: 3)  18  121  148 
(Length: 4)  18  114  169  187 
(Length: 4)  18  125  152  160 
(Length: 3)  18  121  160 
(Length: 3)  18  115  121 
(Length: 3)  18  113  121 
(Length: 3)  18  126  182 
(Length: 4)  18  112  115  187 
(Length: 3)  18  132  152 
(Length: 3)  18  19  101 
(Length: 3)  18  19  126 
(Length: 3)  18  148  152 
(Length: 3)  18  53  93 
(Length: 4)  18  53  169  187 
(Length: 3)  18  110  121 
(Length: 3)  18  65  110 
(Length: 4)  18  47  125  169 
(Length: 4)  18  47  114  169 
(Length: 3)  18  113  182 
(Length: 3)  19  42  74 
(Length: 4)  19  50  74  127 
(Length: 3)  19  72  140 
(Length: 4)  19  75  98  119 
(Length: 3)  19  81  92 
(Length: 4)  19  91  127  179 
(Length: 3)  19  117  150 
(Length: 3)  19  94  111 
(Length: 4)  19  42  88  119 
(Length: 4)  19  93  119  183 
(Length: 4)  19  74  92  126 
(Length: 4)  19  124  137  151 
(Length: 3)  19  111  188 
(Length: 3)  19  151  179 
(Length: 3)  19  183  186 
(Length: 3)  19  88  104 
(Length: 3)  19  50  119 
(Length: 3)  19  81  140 
(Length: 3)  19  50  150 
(Length: 3)  19  72  150 
(Length: 3)  19  72  151 
(Length: 5)  19  50  127  179  188 
(Length: 4)  19  104  140  170 
(Length: 4)  19  75  104  127 
(Length: 3)  19  86  150 
(Length: 4)  19  75  124  137 
(Length: 4)  19  81  93  124 
(Length: 3)  19  111  117 
(Length: 3)  19  88  186 
(Length: 4)  19  74  92  127 
(Length: 3)  19  98  126 
(Length: 4)  19  75  98  127 
(Length: 3)  19  119  151 
(Length: 3)  19  50  186 
(Length: 3)  19  117  183 
(Length: 4)  19  50  104  127 
(Length: 3)  19  40  94 
(Length: 4)  19  88  101  119 
(Length: 3)  19  92  111 
(Length: 3)  19  86  170 
(Length: 3)  19  94  98 
(Length: 3)  19  74  86 
(Length: 3)  19  126  150 
(Length: 3)  19  94  124 
(Length: 3)  20  37  58 
(Length: 3)  20  55  115 
(Length: 3)  20  37  56 
(Length: 3)  20  73  161 
(Length: 3)  20  37  115 
(Length: 3)  20  32  75 
(Length: 3)  20  104  178 
(Length: 3)  20  47  56 
(Length: 3)  20  55  84 
(Length: 3)  20  106  143 
(Length: 3)  20  73  115 
(Length: 3)  20  161  163 
(Length: 3)  20  30  143 
(Length: 3)  20  30  82 
(Length: 3)  20  50  136 
(Length: 3)  20  128  137 
(Length: 4)  20  56  128  161 
(Length: 3)  20  63  128 
(Length: 4)  20  50  104  163 
(Length: 3)  20  75  136 
(Length: 3)  20  106  199 
(Length: 3)  20  84  161 
(Length: 3)  20  58  163 
(Length: 3)  20  82  163 
(Length: 3)  20  115  199 
(Length: 3)  20  75  137 
(Length: 4)  20  48  177  178 
(Length: 3)  20  104  106 
(Length: 3)  20  75  104 
(Length: 3)  20  32  84 
(Length: 4)  20  30  50  63 
(Length: 3)  20  55  163 
(Length: 3)  20  32  199 
(Length: 3)  20  37  48 
(Length: 3)  20  48  73 
(Length: 3)  20  84  104 
(Length: 3)  20  86  177 
(Length: 3)  20  137  143 
(Length: 4)  20  55  177  178 
(Length: 3)  20  37  82 
(Length: 3)  20  143  163 
(Length: 3)  21  158  189 
(Length: 3)  21  40  112 
(Length: 3)  21  47  66 
(Length: 3)  21  84  198 
(Length: 3)  21  142  153 
(Length: 3)  22  56  107 
(Length: 3)  22  38  49 
(Length: 3)  22  56  161 
(Length: 3)  22  46  54 
(Length: 3)  22  49  115 
(Length: 3)  22  117  183 
(Length: 3)  22  149  160 
(Length: 3)  22  56  160 
(Length: 3)  22  54  161 
(Length: 4)  22  87  107  136 
(Length: 3)  22  56  176 
(Length: 3)  22  183  195 
(Length: 3)  22  93  161 
(Length: 3)  22  30  150 
(Length: 4)  22  46  115  149 
(Length: 3)  22  46  117 
(Length: 3)  22  117  150 
(Length: 3)  22  93  136 
(Length: 3)  22  93  183 
(Length: 3)  22  149  176 
(Length: 4)  22  38  176  183 
(Length: 3)  23  146  187 
(Length: 3)  23  41  158 
(Length: 3)  23  156  166 
(Length: 3)  23  41  156 
(Length: 4)  23  146  154  158 
(Length: 3)  23  79  146 
(Length: 3)  23  166  186 
(Length: 3)  23  46  79 
(Length: 4)  23  94  98  166 
(Length: 3)  24  120  183 
(Length: 3)  24  120  137 
(Length: 4)  24  29  87  137 
(Length: 3)  24  29  127 
(Length: 3)  24  69  127 
(Length: 4)  24  68  74  95 
(Length: 3)  24  74  127 
(Length: 3)  24  68  155 
(Length: 3)  24  87  155 
(Length: 4)  24  74  95  194 
(Length: 3)  24  68  121 
(Length: 4)  24  55  68  101 
(Length: 3)  25  176  182 
(Length: 3)  25  31  187 
(Length: 3)  25  91  136 
(Length: 4)  25  88  101  181 
(Length: 3)  25  137  145 
(Length: 4)  25  27  101  181 
(Length: 3)  25  112  181 
(Length: 3)  25  112  187 
(Length: 4)  25  26  111  181 
(Length: 4)  25  88  104  181 
(Length: 3)  25  145  187 
(Length: 3)  25  79  141 
(Length: 4)  25  88  104  182 
(Length: 3)  25  136  145 
(Length: 3)  25  141  145 
(Length: 3)  25  31  168 
(Length: 3)  25  26  136 
(Length: 3)  25  141  181 
(Length: 3)  25  31  79 
(Length: 3)  25  182  187 
(Length: 3)  25  79  111 
(Length: 3)  25  112  168 
(Length: 4)  26  52  82  188 
(Length: 4)  26  46  82  188 
(Length: 3)  26  46  60 
(Length: 3)  26  99  144 
(Length: 3)  26  164  181 
(Length: 4)  26  82  164  188 
(Length: 3)  26  68  99 
(Length: 3)  26  42  68 
(Length: 3)  26  111  188 
(Length: 4)  26  42  44  123 
(Length: 3)  26  60  72 
(Length: 3)  26  144  188 
(Length: 3)  26  68  129 
(Length: 3)  26  129  136 
(Length: 3)  26  73  194 
(Length: 3)  26  73  129 
(Length: 4)  26  46  50  67 
(Length: 3)  26  44  150 
(Length: 3)  26  50  150 
(Length: 3)  26  68  150 
(Length: 4)  26  72  150  174 
(Length: 3)  26  44  144 
(Length: 3)  26  44  181 
(Length: 3)  26  68  188 
(Length: 4)  26  52  72  73 
(Length: 4)  26  46  50  188 
(Length: 3)  26  67  143 
(Length: 3)  26  50  136 
(Length: 3)  27  83  186 
(Length: 4)  27  74  95  194 
(Length: 4)  27  101  169  181 
(Length: 4)  27  37  74  158 
(Length: 3)  27  74  181 
(Length: 3)  27  37  180 
(Length: 3)  27  74  76 
(Length: 4)  27  53  154  155 
(Length: 3)  27  154  194 
(Length: 3)  27  109  158 
(Length: 3)  27  155  181 
(Length: 4)  27  154  155  158 
(Length: 3)  27  133  194 
(Length: 3)  28  33  188 
(Length: 3)  28  120  174 
(Length: 3)  28  142  174 
(Length: 4)  28  39  121  171 
(Length: 3)  28  60  114 
(Length: 3)  28  134  162 
(Length: 3)  28  110  121 
(Length: 4)  28  41  156  171 
(Length: 3)  28  41  162 
(Length: 3)  28  179  188 
(Length: 3)  28  120  129 
(Length: 3)  28  110  142 
(Length: 3)  28  95  128 
(Length: 3)  28  120  134 
(Length: 5)  28  30  39  121  129 
(Length: 3)  28  72  174 
(Length: 3)  28  128  156 
(Length: 3)  28  30  95 
(Length: 3)  28  95  185 
(Length: 3)  28  114  179 
(Length: 3)  28  39  188 
(Length: 3)  28  41  174 
(Length: 4)  28  30  39  114 
(Length: 3)  28  60  193 
(Length: 3)  28  171  185 
(Length: 4)  28  30  39  193 
(Length: 3)  28  128  188 
(Length: 3)  28  110  193 
(Length: 3)  28  60  72 
(Length: 3)  28  128  193 
(Length: 4)  28  30  121  134 
(Length: 4)  29  36  148  163 
(Length: 3)  29  117  145 
(Length: 3)  29  133  145 
(Length: 3)  29  45  54 
(Length: 4)  29  32  109  190 
(Length: 3)  29  32  117 
(Length: 3)  29  54  162 
(Length: 4)  29  36  42  163 
(Length: 4)  29  42  119  163 
(Length: 4)  29  98  119  163 
(Length: 3)  29  58  162 
(Length: 3)  29  133  162 
(Length: 3)  29  98  127 
(Length: 3)  29  45  133 
(Length: 3)  29  32  87 
(Length: 3)  29  58  163 
(Length: 3)  29  32  45 
(Length: 3)  29  119  162 
(Length: 4)  29  117  150  162 
(Length: 3)  29  42  54 
(Length: 4)  29  32  36  42 
(Length: 3)  30  70  169 
(Length: 3)  30  43  173 
(Length: 3)  30  43  181 
(Length: 3)  30  68  150 
(Length: 3)  30  114  169 
(Length: 3)  30  50  70 
(Length: 3)  30  77  118 
(Length: 3)  30  79  118 
(Length: 4)  30  88  118  134 
(Length: 4)  30  50  114  168 
(Length: 4)  30  63  79  193 
(Length: 3)  30  141  181 
(Length: 4)  30  88  118  169 
(Length: 3)  30  109  168 
(Length: 3)  30  79  95 
(Length: 4)  30  50  63  150 
(Length: 3)  30  43  70 
(Length: 3)  30  50  118 
(Length: 4)  30  79  109  141 
(Length: 3)  30  103  129 
(Length: 4)  30  42  68  121 
(Length: 3)  30  68  95 
(Length: 3)  30  68  169 
(Length: 4)  30  88  169  181 
(Length: 3)  30  134  141 
(Length: 3)  30  82  121 
(Length: 3)  30  77  129 
(Length: 4)  30  68  121  129 
(Length: 3)  30  42  88 
(Length: 3)  30  103  134 
(Length: 3)  30  39  143 
(Length: 4)  30  39  63  181 
(Length: 4)  30  39  63  193 
(Length: 3)  30  82  173 
(Length: 3)  30  43  79 
(Length: 3)  30  43  129 
(Length: 3)  30  70  143 
(Length: 4)  30  63  88  181 
(Length: 3)  31  43  124 
(Length: 3)  31  99  187 
(Length: 3)  31  131  168 
(Length: 3)  31  74  195 
(Length: 4)  31  79  106  116 
(Length: 3)  31  94  106 
(Length: 3)  31  77  116 
(Length: 3)  31  128  167 
(Length: 3)  31  79  128 
(Length: 4)  31  77  152  195 
(Length: 4)  31  106  152  195 
(Length: 4)  31  90  152  195 
(Length: 3)  31  94  124 
(Length: 3)  31  74  168 
(Length: 4)  31  120  123  187 
(Length: 4)  31  90  128  152 
(Length: 3)  31  43  99 
(Length: 3)  31  60  79 
(Length: 3)  31  43  167 
(Length: 3)  31  43  79 
(Length: 3)  31  116  124 
(Length: 3)  31  74  167 
(Length: 3)  31  77  94 
(Length: 3)  31  58  90 
(Length: 4)  31  120  123  168 
(Length: 4)  32  149  166  188 
(Length: 3)  32  35  84 
(Length: 3)  32  84  100 
(Length: 4)  32  35  120  134 
(Length: 3)  32  43  124 
(Length: 3)  32  180  190 
(Length: 3)  32  143  191 
(Length: 3)  32  87  188 
(Length: 3)  32  45  124 
(Length: 4)  32  120  134  199 
(Length: 4)  32  35  120  166 
(Length: 3)  32  134  194 
(Length: 4)  32  157  188  190 
(Length: 3)  32  41  194 
(Length: 3)  32  41  42 
(Length: 4)  32  42  100  149 
(Length: 3)  32  41  84 
(Length: 3)  32  87  180 
(Length: 3)  32  166  191 
(Length: 3)  32  84  180 
(Length: 3)  32  36  191 
(Length: 3)  32  75  124 
(Length: 3)  32  84  124 
(Length: 3)  32  35  43 
(Length: 4)  32  35  75  166 
(Length: 3)  32  100  157 
(Length: 4)  32  100  120  199 
(Length: 3)  32  100  194 
(Length: 3)  32  43  149 
(Length: 3)  32  36  43 
(Length: 4)  33  36  65  167 
(Length: 3)  33  55  178 
(Length: 3)  33  36  92 
(Length: 3)  33  145  167 
(Length: 3)  33  145  169 
(Length: 3)  33  55  71 
(Length: 3)  33  71  91 
(Length: 4)  33  36  55  196 
(Length: 3)  33  53  71 
(Length: 3)  33  53  154 
(Length: 3)  33  55  188 
(Length: 3)  33  74  168 
(Length: 4)  33  57  168  178 
(Length: 4)  33  55  145  196 
(Length: 3)  33  57  145 
(Length: 3)  33  53  168 
(Length: 3)  33  74  167 
(Length: 3)  33  145  154 
(Length: 3)  33  53  169 
(Length: 3)  34  115  149 
(Length: 3)  34  107  194 
(Length: 3)  34  51  164 
(Length: 3)  34  182  194 
(Length: 3)  34  113  121 
(Length: 3)  34  146  196 
(Length: 3)  34  113  182 
(Length: 3)  34  109  190 
(Length: 3)  34  115  122 
(Length: 3)  34  109  158 
(Length: 4)  34  53  71  138 
(Length: 3)  34  115  121 
(Length: 3)  34  107  164 
(Length: 4)  34  51  113  180 
(Length: 3)  34  80  194 
(Length: 3)  34  182  196 
(Length: 3)  34  41  194 
(Length: 3)  34  107  121 
(Length: 3)  34  148  182 
(Length: 3)  34  53  115 
(Length: 4)  34  138  142  194 
(Length: 3)  34  138  164 
(Length: 3)  34  146  158 
(Length: 3)  34  53  182 
(Length: 3)  34  121  158 
(Length: 3)  34  41  158 
(Length: 3)  34  80  196 
(Length: 3)  34  121  148 
(Length: 3)  34  51  122 
(Length: 3)  34  109  142 
(Length: 4)  35  75  78  166 
(Length: 3)  35  56  160 
(Length: 3)  35  69  133 
(Length: 4)  35  78  120  166 
(Length: 4)  35  112  120  168 
(Length: 3)  35  55  84 
(Length: 4)  35  69  78  156 
(Length: 3)  35  84  132 
(Length: 3)  35  56  107 
(Length: 4)  35  111  156  166 
(Length: 4)  35  115  166  186 
(Length: 3)  35  121  160 
(Length: 3)  35  107  133 
(Length: 3)  35  156  178 
(Length: 3)  35  55  115 
(Length: 5)  35  43  67  112  115 
(Length: 3)  35  55  178 
(Length: 3)  35  107  121 
(Length: 3)  35  115  121 
(Length: 4)  35  111  160  166 
(Length: 3)  35  79  141 
(Length: 4)  35  75  107  166 
(Length: 3)  35  56  153 
(Length: 3)  35  134  141 
(Length: 4)  35  120  168  178 
(Length: 3)  35  168  186 
(Length: 3)  35  55  133 
(Length: 4)  35  67  78  84 
(Length: 3)  35  141  160 
(Length: 3)  35  121  178 
(Length: 3)  35  79  111 
(Length: 4)  35  78  156  166 
(Length: 4)  35  112  120  166 
(Length: 3)  35  56  132 
(Length: 3)  35  75  141 
(Length: 3)  35  121  134 
(Length: 4)  35  67  112  168 
(Length: 4)  35  112  115  166 
(Length: 4)  35  43  56  79 
(Length: 3)  36  42  130 
(Length: 4)  36  42  55  163 
(Length: 4)  36  114  182  187 
(Length: 3)  36  123  187 
(Length: 3)  36  121  148 
(Length: 4)  36  42  121  123 
(Length: 3)  36  148  182 
(Length: 4)  36  148  163  191 
(Length: 3)  36  62  196 
(Length: 4)  36  65  182  187 
(Length: 3)  36  43  148 
(Length: 3)  36  43  196 
(Length: 3)  36  92  187 
(Length: 4)  36  38  92  111 
(Length: 4)  36  114  182  196 
(Length: 3)  36  43  167 
(Length: 4)  36  55  182  196 
(Length: 3)  36  111  130 
(Length: 4)  36  114  130  187 
(Length: 4)  36  55  182  187 
(Length: 3)  36  187  193 
(Length: 4)  36  38  111  167 
(Length: 4)  37  48  57  139 
(Length: 3)  37  70  176 
(Length: 3)  37  82  188 
(Length: 4)  37  126  176  182 
(Length: 3)  37  48  188 
(Length: 3)  37  82  158 
(Length: 3)  37  126  144 
(Length: 3)  37  115  139 
(Length: 3)  37  144  188 
(Length: 3)  37  57  144 
(Length: 4)  37  82  126  139 
(Length: 3)  37  149  160 
(Length: 4)  37  176  182  188 
(Length: 3)  37  115  149 
(Length: 3)  37  48  70 
(Length: 3)  37  126  180 
(Length: 3)  37  56  176 
(Length: 4)  37  56  74  160 
(Length: 3)  37  74  126 
(Length: 4)  37  149  176  188 
(Length: 3)  37  158  176 
(Length: 3)  38  170  197 
(Length: 4)  38  51  110  181 
(Length: 3)  38  111  198 
(Length: 4)  38  66  110  181 
(Length: 3)  38  118  170 
(Length: 3)  38  97  135 
(Length: 4)  38  111  128  167 
(Length: 4)  38  39  90  171 
(Length: 3)  38  51  170 
(Length: 4)  38  51  164  181 
(Length: 5)  38  77  92  111  118 
(Length: 4)  38  77  81  92 
(Length: 4)  38  45  51  90 
(Length: 3)  38  49  92 
(Length: 4)  38  51  90  92 
(Length: 4)  38  45  51  110 
(Length: 4)  38  51  90  128 
(Length: 3)  38  164  198 
(Length: 4)  38  39  164  181 
(Length: 3)  38  176  198 
(Length: 4)  38  101  164  181 
(Length: 3)  38  81  139 
(Length: 4)  38  45  110  183 
(Length: 4)  38  90  176  183 
(Length: 4)  38  110  183  186 
(Length: 3)  38  101  139 
(Length: 3)  38  135  139 
(Length: 4)  38  90  128  197 
(Length: 4)  38  97  111  181 
(Length: 3)  38  181  197 
(Length: 4)  38  66  110  186 
(Length: 3)  38  66  92 
(Length: 5)  38  45  90  171  183 
(Length: 3)  38  45  198 
(Length: 4)  38  81  90  92 
(Length: 4)  38  81  92  95 
(Length: 4)  38  51  77  92 
(Length: 3)  38  95  128 
(Length: 5)  39  63  127  164  188 
(Length: 4)  39  55  177  178 
(Length: 4)  39  121  177  178 
(Length: 4)  39  62  85  177 
(Length: 3)  39  147  175 
(Length: 3)  39  143  164 
(Length: 3)  39  143  175 
(Length: 4)  39  90  171  190 
(Length: 3)  39  56  107 
(Length: 3)  39  178  190 
(Length: 4)  39  107  121  147 
(Length: 3)  39  181  190 
(Length: 4)  39  90  121  177 
(Length: 3)  39  188  190 
(Length: 3)  39  56  190 
(Length: 3)  39  90  127 
(Length: 4)  39  107  164  181 
(Length: 3)  39  63  113 
(Length: 3)  39  85  117 
(Length: 4)  39  55  177  188 
(Length: 3)  39  98  107 
(Length: 4)  39  62  113  129 
(Length: 3)  39  98  127 
(Length: 3)  39  98  178 
(Length: 4)  39  113  121  147 
(Length: 4)  39  90  121  171 
(Length: 4)  39  113  121  129 
(Length: 3)  39  55  147 
(Length: 4)  39  63  85  193 
(Length: 5)  39  63  127  164  181 
(Length: 4)  39  63  164  193 
(Length: 3)  39  117  181 
(Length: 4)  39  121  147  171 
(Length: 3)  40  69  125 
(Length: 4)  40  107  164  181 
(Length: 3)  40  118  188 
(Length: 3)  40  77  152 
(Length: 3)  40  94  139 
(Length: 3)  40  169  181 
(Length: 3)  40  44  123 
(Length: 3)  40  102  164 
(Length: 3)  40  94  164 
(Length: 3)  40  123  185 
(Length: 3)  40  118  169 
(Length: 4)  40  112  117  181 
(Length: 3)  40  125  169 
(Length: 4)  40  152  164  188 
(Length: 3)  40  69  139 
(Length: 4)  40  102  169  185 
(Length: 3)  40  77  94 
(Length: 3)  40  125  152 
(Length: 4)  40  139  169  185 
(Length: 3)  40  77  118 
(Length: 4)  40  152  164  181 
(Length: 3)  41  116  119 
(Length: 4)  41  52  69  172 
(Length: 3)  41  47  108 
(Length: 3)  41  69  156 
(Length: 3)  41  106  172 
(Length: 3)  41  105  126 
(Length: 3)  41  81  194 
(Length: 3)  41  105  119 
(Length: 3)  41  67  105 
(Length: 4)  41  92  106  126 
(Length: 3)  41  67  158 
(Length: 3)  41  126  194 
(Length: 3)  41  106  116 
(Length: 3)  41  69  116 
(Length: 5)  41  47  52  81  92 
(Length: 3)  41  108  171 
(Length: 3)  41  106  162 
(Length: 3)  41  42  119 
(Length: 3)  41  162  194 
(Length: 3)  41  108  174 
(Length: 3)  41  42  171 
(Length: 3)  42  44  149 
(Length: 3)  42  161  163 
(Length: 3)  42  44  55 
(Length: 3)  42  54  161 
(Length: 3)  42  130  161 
(Length: 3)  42  54  96 
(Length: 3)  42  68  74 
(Length: 3)  42  54  68 
(Length: 3)  42  119  149 
(Length: 3)  42  121  171 
(Length: 4)  42  44  121  123 
(Length: 3)  42  100  121 
(Length: 3)  42  55  68 
(Length: 3)  42  96  163 
(Length: 3)  42  44  54 
(Length: 4)  42  44  88  130 
(Length: 3)  42  74  96 
(Length: 4)  43  51  164  181 
(Length: 4)  43  46  61  113 
(Length: 3)  43  149  176 
(Length: 3)  43  56  176 
(Length: 3)  43  112  181 
(Length: 4)  43  46  115  149 
(Length: 4)  43  112  115  149 
(Length: 4)  43  164  179  181 
(Length: 3)  43  148  176 
(Length: 3)  43  61  138 
(Length: 3)  43  56  138 
(Length: 3)  43  164  173 
(Length: 3)  43  61  179 
(Length: 3)  43  44  79 
(Length: 3)  43  47  129 
(Length: 4)  43  46  79  113 
(Length: 3)  43  46  173 
(Length: 3)  43  70  138 
(Length: 4)  43  44  51  181 
(Length: 3)  43  47  56 
(Length: 3)  43  70  176 
(Length: 4)  43  56  79  196 
(Length: 3)  43  79  148 
(Length: 3)  43  115  129 
(Length: 3)  43  51  113 
(Length: 3)  43  124  196 
(Length: 3)  43  138  164 
(Length: 4)  43  46  67  115 
(Length: 3)  43  61  99 
(Length: 3)  44  55  103 
(Length: 3)  44  55  144 
(Length: 3)  44  51  180 
(Length: 4)  44  51  88  181 
(Length: 3)  44  51  54 
(Length: 3)  44  88  134 
(Length: 3)  44  79  146 
(Length: 3)  44  154  155 
(Length: 4)  44  88  159  186 
(Length: 3)  44  155  181 
(Length: 4)  44  84  123  180 
(Length: 3)  44  103  134 
(Length: 3)  44  131  181 
(Length: 4)  44  88  130  159 
(Length: 4)  44  121  123  134 
(Length: 3)  44  150  166 
(Length: 3)  44  79  159 
(Length: 3)  44  146  154 
(Length: 3)  44  84  146 
(Length: 3)  44  55  84 
(Length: 3)  44  54  144 
(Length: 3)  44  54  79 
(Length: 3)  44  134  144 
(Length: 3)  44  123  155 
(Length: 3)  44  121  131 
(Length: 4)  44  159  166  186 
(Length: 3)  45  124  196 
(Length: 3)  45  65  175 
(Length: 3)  45  158  189 
(Length: 3)  45  175  189 
(Length: 3)  45  196  198 
(Length: 3)  45  133  171 
(Length: 3)  45  51  54 
(Length: 4)  45  65  110  183 
(Length: 3)  45  54  189 
(Length: 3)  45  108  171 
(Length: 4)  45  90  158  183 
(Length: 4)  45  55  133  196 
(Length: 4)  46  60  79  193 
(Length: 3)  46  61  172 
(Length: 4)  46  54  82  173 
(Length: 4)  46  54  82  188 
(Length: 4)  46  82  163  188 
(Length: 3)  46  149  188 
(Length: 3)  46  50  61 
(Length: 3)  46  67  78 
(Length: 3)  46  67  117 
(Length: 3)  46  78  113 
(Length: 4)  46  50  127  188 
(Length: 4)  46  54  79  113 
(Length: 4)  46  60  79  113 
(Length: 4)  46  50  163  188 
(Length: 4)  46  82  127  188 
(Length: 3)  46  115  193 
(Length: 3)  47  56  81 
(Length: 3)  47  92  169 
(Length: 4)  47  66  108  141 
(Length: 3)  47  56  132 
(Length: 3)  47  62  129 
(Length: 3)  47  62  169 
(Length: 3)  47  66  92 
(Length: 3)  48  52  188 
(Length: 4)  48  73  138  142 
(Length: 4)  48  100  142  157 
(Length: 3)  48  70  169 
(Length: 4)  48  73  100  142 
(Length: 3)  48  77  81 
(Length: 4)  48  139  174  177 
(Length: 3)  48  77  142 
(Length: 3)  48  77  151 
(Length: 3)  48  60  79 
(Length: 3)  48  79  100 
(Length: 3)  48  83  186 
(Length: 4)  48  83  157  188 
(Length: 3)  48  100  120 
(Length: 4)  48  52  81  100 
(Length: 3)  48  81  139 
(Length: 3)  48  99  169 
(Length: 3)  48  131  172 
(Length: 3)  48  131  178 
(Length: 4)  48  139  169  177 
(Length: 3)  48  174  186 
(Length: 4)  48  57  139  174 
(Length: 3)  48  142  174 
(Length: 4)  48  70  73  138 
(Length: 3)  48  52  57 
(Length: 3)  48  76  186 
(Length: 4)  48  81  99  100 
(Length: 4)  48  52  70  73 
(Length: 4)  48  52  73  100 
(Length: 4)  48  52  73  172 
(Length: 4)  48  57  120  178 
(Length: 4)  48  57  120  174 
(Length: 4)  49  112  115  166 
(Length: 3)  49  89  131 
(Length: 3)  49  74  194 
(Length: 3)  49  89  166 
(Length: 3)  49  74  92 
(Length: 4)  49  112  115  131 
(Length: 3)  49  177  187 
(Length: 3)  49  58  89 
(Length: 3)  49  177  178 
(Length: 3)  49  74  86 
(Length: 3)  49  86  177 
(Length: 3)  49  131  194 
(Length: 4)  49  112  115  187 
(Length: 3)  49  131  178 
(Length: 3)  49  74  76 
(Length: 4)  49  52  92  187 
(Length: 3)  50  59  162 
(Length: 4)  50  61  118  156 
(Length: 3)  50  119  163 
(Length: 3)  50  104  132 
(Length: 4)  50  57  163  179 
(Length: 3)  50  59  114 
(Length: 3)  50  168  186 
(Length: 3)  50  70  156 
(Length: 3)  50  66  186 
(Length: 4)  50  59  163  188 
(Length: 3)  50  61  150 
(Length: 3)  50  150  162 
(Length: 3)  50  61  104 
(Length: 3)  50  63  119 
(Length: 3)  50  59  186 
(Length: 3)  50  61  179 
(Length: 3)  50  118  136 
(Length: 4)  50  57  104  163 
(Length: 3)  50  66  179 
(Length: 3)  50  74  168 
(Length: 3)  50  59  67 
(Length: 3)  50  133  162 
(Length: 3)  50  118  188 
(Length: 4)  50  163  179  188 
(Length: 4)  50  57  114  179 
(Length: 3)  50  67  168 
(Length: 4)  50  57  114  168 
(Length: 3)  50  118  119 
(Length: 3)  50  136  179 
(Length: 3)  50  119  162 
(Length: 5)  50  63  127  179  188 
(Length: 3)  51  113  195 
(Length: 4)  51  88  169  181 
(Length: 3)  51  169  195 
(Length: 3)  51  90  195 
(Length: 3)  51  156  180 
(Length: 3)  51  127  180 
(Length: 4)  51  88  122  181 
(Length: 3)  51  54  113 
(Length: 4)  51  90  92  127 
(Length: 3)  51  77  195 
(Length: 3)  51  128  156 
(Length: 4)  51  127  164  181 
(Length: 3)  51  54  169 
(Length: 4)  51  122  127  181 
(Length: 3)  51  92  169 
(Length: 4)  52  81  92  100 
(Length: 4)  52  81  92  187 
(Length: 4)  52  65  146  187 
(Length: 4)  52  57  104  163 
(Length: 3)  52  69  82 
(Length: 4)  52  65  69  172 
(Length: 4)  52  81  146  187 
(Length: 3)  52  73  161 
(Length: 3)  52  63  85 
(Length: 3)  52  72  163 
(Length: 4)  52  70  146  154 
(Length: 4)  52  70  72  73 
(Length: 3)  52  65  104 
(Length: 3)  52  63  188 
(Length: 4)  52  161  163  188 
(Length: 3)  52  146  188 
(Length: 3)  52  63  135 
(Length: 4)  52  82  163  188 
(Length: 3)  52  73  85 
(Length: 3)  52  63  101 
(Length: 3)  52  85  104 
(Length: 4)  53  99  169  187 
(Length: 3)  53  67  168 
(Length: 3)  53  67  115 
(Length: 4)  53  169  177  187 
(Length: 3)  53  175  182 
(Length: 3)  53  93  189 
(Length: 3)  53  71  177 
(Length: 3)  53  67  134 
(Length: 3)  53  58  175 
(Length: 3)  53  58  168 
(Length: 3)  53  175  189 
(Length: 3)  53  177  189 
(Length: 3)  53  134  182 
(Length: 3)  53  115  189 
(Length: 3)  54  82  126 
(Length: 4)  54  59  96  188 
(Length: 3)  54  59  162 
(Length: 3)  54  59  191 
(Length: 3)  54  125  169 
(Length: 3)  54  161  188 
(Length: 3)  54  161  169 
(Length: 3)  54  79  161 
(Length: 3)  54  157  189 
(Length: 3)  54  125  189 
(Length: 3)  54  68  169 
(Length: 3)  54  57  144 
(Length: 4)  54  96  144  173 
(Length: 3)  54  113  125 
(Length: 4)  54  57  179  191 
(Length: 4)  54  96  144  188 
(Length: 3)  54  126  144 
(Length: 4)  54  59  68  188 
(Length: 3)  55  102  133 
(Length: 4)  55  84  145  147 
(Length: 4)  55  71  72  163 
(Length: 3)  55  71  177 
(Length: 3)  55  89  173 
(Length: 4)  55  145  177  187 
(Length: 3)  55  103  163 
(Length: 3)  55  84  140 
(Length: 3)  55  182  188 
(Length: 3)  55  68  196 
(Length: 3)  55  144  147 
(Length: 4)  55  71  89  163 
(Length: 4)  55  89  163  188 
(Length: 4)  55  145  173  187 
(Length: 4)  55  101  144  178 
(Length: 3)  55  89  147 
(Length: 4)  55  133  145  196 
(Length: 3)  55  68  188 
(Length: 3)  55  68  187 
(Length: 4)  55  68  101  178 
(Length: 4)  55  101  177  178 
(Length: 3)  55  103  187 
(Length: 3)  55  72  140 
(Length: 4)  55  101  144  173 
(Length: 3)  55  144  188 
(Length: 3)  56  122  160 
(Length: 3)  56  122  132 
(Length: 4)  56  79  128  161 
(Length: 3)  56  74  196 
(Length: 3)  56  128  153 
(Length: 3)  56  122  161 
(Length: 3)  56  138  153 
(Length: 4)  56  79  161  196 
(Length: 3)  57  60  114 
(Length: 3)  57  64  104 
(Length: 3)  57  144  178 
(Length: 4)  57  163  179  191 
(Length: 3)  57  139  185 
(Length: 4)  57  120  168  178 
(Length: 3)  57  120  145 
(Length: 4)  57  64  114  179 
(Length: 3)  58  65  89 
(Length: 3)  58  162  194 
(Length: 3)  58  83  185 
(Length: 3)  58  96  163 
(Length: 3)  58  65  183 
(Length: 3)  58  65  175 
(Length: 3)  58  89  163 
(Length: 3)  58  163  175 
(Length: 3)  58  108  163 
(Length: 3)  58  175  185 
(Length: 3)  58  183  185 
(Length: 3)  58  90  183 
(Length: 3)  58  83  96 
(Length: 3)  59  68  187 
(Length: 3)  59  114  187 
(Length: 3)  59  67  191 
(Length: 4)  59  96  163  188 
(Length: 3)  59  88  135 
(Length: 4)  59  88  159  186 
(Length: 3)  59  67  135 
(Length: 4)  59  96  151  163 
(Length: 3)  59  163  191 
(Length: 3)  60  155  193 
(Length: 3)  60  72  141 
(Length: 4)  60  79  109  141 
(Length: 3)  61  99  121 
(Length: 3)  61  94  157 
(Length: 4)  61  102  108  191 
(Length: 3)  61  85  150 
(Length: 3)  61  104  170 
(Length: 4)  61  85  177  179 
(Length: 3)  61  94  138 
(Length: 4)  61  106  130  172 
(Length: 3)  61  157  187 
(Length: 3)  61  157  179 
(Length: 3)  61  172  191 
(Length: 3)  61  106  150 
(Length: 3)  61  86  177 
(Length: 3)  61  86  170 
(Length: 3)  61  86  150 
(Length: 3)  61  177  187 
(Length: 3)  61  130  187 
(Length: 3)  61  99  187 
(Length: 3)  61  121  177 
(Length: 3)  61  118  130 
(Length: 3)  61  118  157 
(Length: 3)  61  118  170 
(Length: 3)  61  118  177 
(Length: 3)  61  94  106 
(Length: 4)  62  129  131  196 
(Length: 3)  62  75  169 
(Length: 3)  62  85  196 
(Length: 4)  62  129  131  170 
(Length: 3)  62  131  168 
(Length: 3)  62  140  170 
(Length: 4)  62  113  129  131 
(Length: 4)  62  139  169  177 
(Length: 3)  63  79  113 
(Length: 4)  63  88  97  135 
(Length: 4)  63  128  149  188 
(Length: 5)  63  127  164  179  181 
(Length: 3)  63  126  150 
(Length: 4)  63  88  101  181 
(Length: 4)  63  88  101  119 
(Length: 3)  63  119  149 
(Length: 4)  63  79  128  193 
(Length: 3)  63  126  128 
(Length: 3)  63  126  181 
(Length: 3)  63  79  116 
(Length: 3)  63  113  119 
(Length: 4)  63  101  164  193 
(Length: 5)  63  127  164  179  188 
(Length: 3)  63  116  119 
(Length: 4)  63  88  97  181 
(Length: 4)  63  79  135  193 
(Length: 3)  63  85  150 
(Length: 3)  63  97  149 
(Length: 5)  63  101  164  179  181 
(Length: 3)  64  104  127 
(Length: 3)  64  99  127 
(Length: 3)  64  151  156 
(Length: 3)  64  116  182 
(Length: 3)  64  104  190 
(Length: 4)  64  114  182  196 
(Length: 3)  64  116  117 
(Length: 3)  64  156  166 
(Length: 3)  64  156  190 
(Length: 3)  64  104  182 
(Length: 3)  64  151  179 
(Length: 3)  65  146  167 
(Length: 3)  65  89  173 
(Length: 3)  65  89  172 
(Length: 3)  65  89  165 
(Length: 3)  65  106  172 
(Length: 3)  65  175  182 
(Length: 4)  65  101  164  173 
(Length: 3)  65  173  187 
(Length: 3)  65  146  165 
(Length: 4)  65  110  117  183 
(Length: 4)  65  101  164  179 
(Length: 3)  65  104  182 
(Length: 3)  65  104  106 
(Length: 3)  65  172  182 
(Length: 3)  65  106  146 
(Length: 3)  66  85  179 
(Length: 3)  66  131  145 
(Length: 3)  66  85  138 
(Length: 3)  66  115  131 
(Length: 3)  66  115  149 
(Length: 3)  66  141  181 
(Length: 3)  66  108  115 
(Length: 3)  66  126  138 
(Length: 3)  66  100  149 
(Length: 4)  66  122  126  181 
(Length: 3)  66  98  126 
(Length: 4)  66  122  161  173 
(Length: 3)  66  98  115 
(Length: 3)  66  85  149 
(Length: 3)  66  79  100 
(Length: 3)  66  131  181 
(Length: 3)  66  115  122 
(Length: 3)  66  79  141 
(Length: 4)  66  100  157  179 
(Length: 3)  66  145  186 
(Length: 3)  66  79  161 
(Length: 3)  66  115  186 
(Length: 3)  66  126  145 
(Length: 3)  66  92  126 
(Length: 4)  66  92  100  157 
(Length: 3)  66  179  181 
(Length: 4)  66  145  161  173 
(Length: 3)  66  141  145 
(Length: 3)  67  143  191 
(Length: 3)  67  97  158 
(Length: 3)  67  112  117 
(Length: 3)  67  115  191 
(Length: 3)  67  105  168 
(Length: 4)  67  97  112  135 
(Length: 3)  67  158  168 
(Length: 3)  68  74  158 
(Length: 4)  68  99  169  187 
(Length: 3)  68  110  121 
(Length: 3)  68  110  142 
(Length: 3)  68  129  196 
(Length: 3)  68  101  169 
(Length: 3)  68  74  196 
(Length: 4)  68  155  176  188 
(Length: 3)  68  99  121 
(Length: 4)  68  113  121  129 
(Length: 3)  68  95  113 
(Length: 4)  68  155  158  176 
(Length: 3)  69  172  191 
(Length: 3)  69  116  124 
(Length: 3)  69  82  139 
(Length: 3)  69  143  191 
(Length: 3)  69  96  156 
(Length: 3)  69  82  127 
(Length: 3)  70  146  176 
(Length: 3)  70  78  169 
(Length: 3)  70  78  156 
(Length: 3)  70  146  169 
(Length: 3)  70  146  156 
(Length: 3)  70  130  169 
(Length: 3)  70  130  143 
(Length: 3)  71  91  177 
(Length: 4)  71  89  91  163 
(Length: 3)  72  151  163 
(Length: 3)  72  150  192 
(Length: 3)  72  87  97 
(Length: 3)  73  88  172 
(Length: 3)  73  85  138 
(Length: 3)  73  100  168 
(Length: 3)  73  115  129 
(Length: 4)  73  100  142  194 
(Length: 4)  73  138  142  194 
(Length: 3)  74  127  181 
(Length: 3)  74  86  96 
(Length: 3)  74  126  181 
(Length: 3)  74  126  194 
(Length: 3)  74  127  158 
(Length: 3)  74  92  95 
(Length: 3)  74  76  167 
(Length: 3)  74  96  158 
(Length: 3)  74  195  199 
(Length: 3)  74  158  168 
(Length: 3)  75  78  169 
(Length: 3)  75  107  144 
(Length: 3)  75  144  148 
(Length: 3)  75  107  181 
(Length: 4)  75  80  98  119 
(Length: 3)  75  136  148 
(Length: 4)  75  98  107  166 
(Length: 3)  75  97  181 
(Length: 3)  75  97  187 
(Length: 4)  75  127  146  187 
(Length: 3)  75  137  144 
(Length: 3)  75  169  181 
(Length: 4)  75  107  136  166 
(Length: 4)  75  141  146  167 
(Length: 4)  75  146  169  187 
(Length: 4)  75  104  127  181 
(Length: 3)  75  141  181 
(Length: 4)  76  88  134  147 
(Length: 3)  76  134  198 
(Length: 4)  76  88  147  186 
(Length: 3)  77  118  142 
(Length: 3)  77  111  152 
(Length: 3)  77  118  189 
(Length: 3)  77  94  189 
(Length: 4)  77  111  118  149 
(Length: 3)  77  132  152 
(Length: 4)  77  84  94  132 
(Length: 3)  77  129  151 
(Length: 3)  77  94  111 
(Length: 3)  78  84  147 
(Length: 3)  78  113  147 
(Length: 3)  78  113  166 
(Length: 3)  78  147  169 
(Length: 4)  78  99  126  169 
(Length: 4)  78  118  126  169 
(Length: 3)  78  118  156 
(Length: 4)  79  111  118  159 
(Length: 3)  79  106  146 
(Length: 4)  79  109  116  159 
(Length: 3)  79  109  161 
(Length: 3)  79  100  184 
(Length: 3)  79  111  146 
(Length: 3)  79  95  128 
(Length: 3)  79  95  113 
(Length: 4)  79  109  116  141 
(Length: 4)  79  111  113  159 
(Length: 3)  79  95  184 
(Length: 3)  79  111  128 
(Length: 3)  79  141  146 
(Length: 4)  80  96  120  178 
(Length: 3)  80  120  199 
(Length: 4)  80  96  120  173 
(Length: 3)  80  119  151 
(Length: 3)  80  119  199 
(Length: 3)  80  96  151 
(Length: 3)  80  192  194 
(Length: 3)  80  173  192 
(Length: 4)  80  120  135  178 
(Length: 3)  80  98  178 
(Length: 3)  80  192  196 
(Length: 3)  81  93  185 
(Length: 3)  81  122  139 
(Length: 3)  81  95  194 
(Length: 3)  81  143  187 
(Length: 3)  81  90  199 
(Length: 3)  81  100  199 
(Length: 3)  81  100  194 
(Length: 3)  81  99  187 
(Length: 3)  81  139  185 
(Length: 4)  81  92  95  185 
(Length: 3)  82  121  158 
(Length: 3)  82  105  140 
(Length: 4)  82  127  164  188 
(Length: 3)  82  127  158 
(Length: 3)  82  105  127 
(Length: 3)  82  164  173 
(Length: 3)  82  105  126 
(Length: 3)  83  96  188 
(Length: 3)  83  121  160 
(Length: 3)  84  123  185 
(Length: 3)  84  94  138 
(Length: 3)  84  100  179 
(Length: 3)  84  145  161 
(Length: 3)  84  94  124 
(Length: 3)  84  104  180 
(Length: 4)  84  94  132  145 
(Length: 3)  84  145  146 
(Length: 3)  84  179  198 
(Length: 3)  84  104  132 
(Length: 4)  84  176  183  185 
(Length: 3)  84  123  132 
(Length: 4)  84  97  131  145 
(Length: 3)  84  146  176 
(Length: 4)  84  176  185  198 
(Length: 4)  84  94  97  145 
(Length: 3)  84  94  192 
(Length: 3)  84  104  140 
(Length: 4)  85  117  150  174 
(Length: 3)  85  104  193 
(Length: 3)  85  112  193 
(Length: 4)  85  95  112  117 
(Length: 4)  85  112  117  150 
(Length: 3)  85  125  150 
(Length: 3)  85  174  177 
(Length: 3)  85  112  149 
(Length: 3)  85  182  196 
(Length: 3)  85  95  138 
(Length: 3)  85  104  182 
(Length: 3)  85  95  182 
(Length: 3)  86  125  150 
(Length: 3)  86  96  177 
(Length: 3)  86  96  144 
(Length: 3)  86  125  169 
(Length: 4)  87  107  155  181 
(Length: 4)  87  97  111  181 
(Length: 4)  87  111  146  188 
(Length: 4)  87  151  156  171 
(Length: 3)  87  155  193 
(Length: 3)  87  119  151 
(Length: 3)  87  90  128 
(Length: 4)  87  128  137  156 
(Length: 3)  87  155  188 
(Length: 3)  87  89  137 
(Length: 3)  87  105  119 
(Length: 3)  87  179  188 
(Length: 3)  87  89  188 
(Length: 3)  87  179  181 
(Length: 4)  87  111  128  188 
(Length: 4)  87  137  151  156 
(Length: 4)  87  88  118  119 
(Length: 4)  87  118  130  136 
(Length: 4)  87  111  118  156 
(Length: 4)  87  111  118  188 
(Length: 4)  87  111  118  130 
(Length: 3)  87  128  193 
(Length: 4)  87  88  97  135 
(Length: 3)  87  135  137 
(Length: 3)  87  130  155 
(Length: 3)  87  130  137 
(Length: 3)  87  135  193 
(Length: 3)  87  136  179 
(Length: 3)  87  129  136 
(Length: 4)  87  90  151  171 
(Length: 3)  87  155  156 
(Length: 4)  87  88  97  181 
(Length: 4)  87  118  156  180 
(Length: 4)  87  88  118  130 
(Length: 4)  87  111  146  156 
(Length: 4)  87  111  128  156 
(Length: 3)  88  119  182 
(Length: 3)  88  97  158 
(Length: 3)  88  172  182 
(Length: 3)  88  147  172 
(Length: 4)  88  101  122  181 
(Length: 3)  88  135  169 
(Length: 4)  88  118  130  169 
(Length: 3)  88  122  172 
(Length: 3)  88  147  169 
(Length: 3)  88  154  158 
(Length: 4)  88  101  169  181 
(Length: 3)  88  134  182 
(Length: 3)  88  130  172 
(Length: 4)  88  118  130  159 
(Length: 3)  89  147  172 
(Length: 3)  89  161  173 
(Length: 3)  89  147  153 
(Length: 3)  89  166  188 
(Length: 3)  89  98  163 
(Length: 4)  89  161  163  188 
(Length: 3)  89  131  172 
(Length: 3)  89  137  173 
(Length: 3)  89  143  163 
(Length: 3)  89  137  143 
(Length: 3)  89  98  166 
(Length: 3)  90  145  151 
(Length: 3)  90  121  197 
(Length: 3)  90  152  176 
(Length: 3)  90  195  199 
(Length: 3)  90  103  151 
(Length: 3)  90  127  158 
(Length: 3)  90  121  158 
(Length: 3)  90  172  197 
(Length: 4)  90  158  176  183 
(Length: 3)  90  132  152 
(Length: 3)  90  183  195 
(Length: 3)  90  128  145 
(Length: 4)  90  121  145  177 
(Length: 3)  90  92  103 
(Length: 3)  90  132  145 
(Length: 3)  91  122  127 
(Length: 3)  91  174  177 
(Length: 3)  91  136  179 
(Length: 3)  91  122  177 
(Length: 3)  91  127  174 
(Length: 3)  91  163  179 
(Length: 3)  92  118  157 
(Length: 4)  92  118  126  169 
(Length: 3)  92  103  187 
(Length: 4)  92  127  157  187 
(Length: 3)  92  100  184 
(Length: 3)  92  169  185 
(Length: 3)  92  169  187 
(Length: 4)  92  95  184  185 
(Length: 3)  93  130  161 
(Length: 4)  93  119  183  185 
(Length: 3)  93  141  183 
(Length: 3)  93  130  136 
(Length: 4)  93  122  161  173 
(Length: 3)  93  96  173 
(Length: 3)  93  136  189 
(Length: 3)  93  96  97 
(Length: 3)  94  157  189 
(Length: 3)  94  106  199 
(Length: 4)  94  97  111  199 
(Length: 3)  94  111  166 
(Length: 3)  94  138  164 
(Length: 3)  94  132  139 
(Length: 3)  95  138  194 
(Length: 3)  95  113  182 
(Length: 3)  95  184  194 
(Length: 3)  95  182  194 
(Length: 3)  95  138  165 
(Length: 3)  96  101  193 
(Length: 3)  96  110  193 
(Length: 3)  96  145  177 
(Length: 4)  96  101  177  178 
(Length: 3)  96  120  158 
(Length: 3)  96  97  178 
(Length: 3)  96  97  145 
(Length: 3)  96  97  158 
(Length: 3)  96  156  178 
(Length: 3)  96  151  156 
(Length: 4)  96  120  145  173 
(Length: 3)  96  177  188 
(Length: 3)  96  145  151 
(Length: 4)  96  101  144  173 
(Length: 4)  96  101  144  178 
(Length: 3)  97  112  149 
(Length: 3)  97  112  187 
(Length: 3)  97  145  187 
(Length: 3)  97  112  199 
(Length: 3)  97  160  187 
(Length: 3)  97  195  199 
(Length: 3)  97  131  178 
(Length: 3)  97  135  195 
(Length: 4)  97  111  149  160 
(Length: 3)  97  135  178 
(Length: 4)  97  112  131  181 
(Length: 3)  98  119  142 
(Length: 3)  98  103  163 
(Length: 3)  98  168  178 
(Length: 3)  98  115  166 
(Length: 3)  98  123  168 
(Length: 4)  99  126  145  169 
(Length: 4)  99  145  169  187 
(Length: 3)  99  105  126 
(Length: 3)  99  100  121 
(Length: 3)  99  127  187 
(Length: 3)  99  105  127 
(Length: 3)  99  121  145 
(Length: 3)  99  126  144 
(Length: 3)  100  149  184 
(Length: 3)  100  120  168 
(Length: 3)  100  121  197 
(Length: 3)  100  120  197 
(Length: 3)  100  184  194 
(Length: 3)  100  125  199 
(Length: 3)  100  149  197 
(Length: 3)  100  179  199 
(Length: 4)  101  139  169  185 
(Length: 3)  101  119  185 
(Length: 4)  101  122  139  177 
(Length: 4)  101  139  174  177 
(Length: 4)  101  122  177  178 
(Length: 3)  101  177  179 
(Length: 3)  101  122  173 
(Length: 4)  101  139  169  177 
(Length: 3)  102  131  191 
(Length: 3)  102  108  164 
(Length: 3)  102  164  193 
(Length: 3)  103  151  163 
(Length: 3)  103  129  136 
(Length: 3)  103  129  151 
(Length: 3)  104  106  181 
(Length: 3)  104  181  190 
(Length: 3)  104  180  190 
(Length: 3)  104  127  180 
(Length: 3)  104  190  193 
(Length: 3)  105  127  179 
(Length: 3)  106  116  198 
(Length: 3)  106  130  143 
(Length: 3)  106  126  181 
(Length: 3)  106  126  150 
(Length: 3)  106  150  199 
(Length: 3)  106  195  199 
(Length: 3)  106  126  146 
(Length: 3)  106  150  162 
(Length: 3)  106  152  198 
(Length: 4)  106  152  155  188 
(Length: 3)  106  130  155 
(Length: 3)  106  146  188 
(Length: 4)  106  152  155  181 
(Length: 3)  106  162  181 
(Length: 3)  107  136  147 
(Length: 3)  107  184  194 
(Length: 3)  107  155  166 
(Length: 3)  107  133  194 
(Length: 3)  107  121  131 
(Length: 3)  107  131  181 
(Length: 3)  107  131  194 
(Length: 3)  107  144  147 
(Length: 4)  108  112  115  199 
(Length: 3)  108  174  199 
(Length: 3)  108  152  164 
(Length: 3)  108  163  191 
(Length: 3)  108  115  191 
(Length: 3)  109  158  168 
(Length: 3)  109  141  167 
(Length: 3)  110  168  186 
(Length: 3)  110  119  183 
(Length: 3)  110  119  142 
(Length: 3)  111  117  181 
(Length: 4)  111  117  160  198 
(Length: 3)  111  113  125 
(Length: 3)  111  152  181 
(Length: 3)  111  159  199 
(Length: 4)  111  128  149  188 
(Length: 5)  111  125  152  160  198 
(Length: 4)  111  118  149  188 
(Length: 4)  111  113  159  166 
(Length: 4)  111  149  160  166 
(Length: 3)  111  125  199 
(Length: 3)  111  146  167 
(Length: 4)  111  118  130  159 
(Length: 4)  111  128  152  188 
(Length: 4)  111  149  166  188 
(Length: 4)  112  115  149  166 
(Length: 3)  112  135  193 
(Length: 4)  112  117  150  162 
(Length: 4)  112  120  150  199 
(Length: 4)  112  115  187  193 
(Length: 3)  112  131  168 
(Length: 4)  112  117  162  181 
(Length: 3)  112  120  135 
(Length: 4)  112  120  150  166 
(Length: 3)  112  120  187 
(Length: 4)  112  117  131  181 
(Length: 4)  113  121  131  197 
(Length: 3)  113  129  136 
(Length: 4)  113  121  129  131 
(Length: 4)  113  136  159  166 
(Length: 3)  113  136  147 
(Length: 4)  113  121  134  197 
(Length: 3)  113  119  182 
(Length: 4)  113  121  134  147 
(Length: 3)  113  134  182 
(Length: 4)  114  130  169  187 
(Length: 3)  114  196  198 
(Length: 3)  114  179  198 
(Length: 3)  114  130  172 
(Length: 3)  114  172  197 
(Length: 3)  114  122  168 
(Length: 3)  114  172  182 
(Length: 3)  114  122  172 
(Length: 3)  115  149  197 
(Length: 4)  115  121  129  131 
(Length: 3)  115  155  193 
(Length: 3)  115  155  166 
(Length: 3)  115  166  191 
(Length: 3)  115  118  149 
(Length: 3)  115  122  166 
(Length: 3)  115  122  189 
(Length: 3)  115  118  189 
(Length: 4)  115  131  191  197 
(Length: 3)  115  118  131 
(Length: 4)  115  121  131  197 
(Length: 3)  115  122  139 
(Length: 3)  116  134  182 
(Length: 3)  116  119  182 
(Length: 3)  116  117  198 
(Length: 3)  116  124  159 
(Length: 3)  116  134  141 
(Length: 3)  116  134  198 
(Length: 3)  117  160  162 
(Length: 3)  117  131  145 
(Length: 3)  117  174  183 
(Length: 3)  118  131  170 
(Length: 3)  118  177  188 
(Length: 3)  118  126  180 
(Length: 5)  118  126  145  169  177 
(Length: 3)  118  119  149 
(Length: 3)  118  136  145 
(Length: 3)  118  136  189 
(Length: 4)  118  145  153  177 
(Length: 3)  118  142  157 
(Length: 3)  118  157  188 
(Length: 3)  118  142  153 
(Length: 4)  118  130  136  159 
(Length: 3)  118  119  142 
(Length: 3)  118  177  189 
(Length: 3)  118  157  189 
(Length: 3)  118  131  145 
(Length: 3)  119  149  185 
(Length: 3)  119  149  160 
(Length: 3)  119  143  160 
(Length: 3)  119  160  162 
(Length: 3)  120  166  175 
(Length: 3)  120  158  168 
(Length: 3)  120  135  137 
(Length: 4)  120  145  173  187 
(Length: 4)  120  150  166  174 
(Length: 4)  120  123  134  199 
(Length: 4)  120  137  145  173 
(Length: 3)  120  159  178 
(Length: 4)  120  123  134  197 
(Length: 3)  120  158  183 
(Length: 3)  120  178  197 
(Length: 4)  120  150  174  199 
(Length: 4)  120  159  166  174 
(Length: 3)  120  174  183 
(Length: 3)  120  174  187 
(Length: 4)  120  159  174  199 
(Length: 4)  120  137  173  197 
(Length: 4)  121  131  178  197 
(Length: 3)  121  145  147 
(Length: 3)  121  131  145 
(Length: 4)  121  147  148  171 
(Length: 4)  121  123  134  197 
(Length: 3)  122  168  178 
(Length: 3)  122  132  139 
(Length: 3)  122  123  168 
(Length: 3)  122  173  192 
(Length: 3)  122  160  166 
(Length: 4)  122  126  139  177 
(Length: 3)  122  126  192 
(Length: 3)  122  123  132 
(Length: 3)  122  126  133 
(Length: 3)  123  170  197 
(Length: 3)  123  155  156 
(Length: 3)  123  180  187 
(Length: 3)  123  170  185 
(Length: 3)  123  156  180 
(Length: 3)  124  159  165 
(Length: 3)  125  150  199 
(Length: 3)  126  138  194 
(Length: 3)  126  181  190 
(Length: 3)  126  169  181 
(Length: 3)  126  180  190 
(Length: 4)  126  139  169  177 
(Length: 3)  126  144  190 
(Length: 3)  126  133  145 
(Length: 5)  126  145  146  169  177 
(Length: 3)  126  128  145 
(Length: 3)  126  192  194 
(Length: 3)  126  182  194 
(Length: 3)  126  128  192 
(Length: 3)  126  150  192 
(Length: 3)  126  146  176 
(Length: 3)  127  146  158 
(Length: 3)  127  180  187 
(Length: 3)  127  174  187 
(Length: 4)  127  157  179  188 
(Length: 3)  127  146  188 
(Length: 3)  128  149  197 
(Length: 3)  128  137  197 
(Length: 3)  128  161  188 
(Length: 4)  128  145  153  167 
(Length: 3)  128  137  145 
(Length: 3)  128  145  161 
(Length: 3)  128  137  192 
(Length: 3)  130  137  143 
(Length: 3)  130  143  187 
(Length: 3)  130  161  169 
(Length: 3)  131  168  178 
(Length: 3)  131  181  197 
(Length: 3)  131  170  197 
(Length: 4)  131  172  191  197 
(Length: 3)  131  145  196 
(Length: 3)  133  162  194 
(Length: 3)  134  162  194 
(Length: 3)  134  182  194 
(Length: 3)  134  144  147 
(Length: 3)  135  169  195 
(Length: 3)  135  139  169 
(Length: 3)  136  147  189 
(Length: 3)  136  145  147 
(Length: 3)  136  147  148 
(Length: 3)  137  145  151 
(Length: 3)  137  173  192 
(Length: 3)  137  144  173 
(Length: 3)  138  142  153 
(Length: 3)  138  162  194 
(Length: 4)  141  145  146  177 
(Length: 4)  141  145  146  167 
(Length: 3)  141  145  151 
(Length: 3)  142  192  194 
(Length: 3)  143  160  187 
(Length: 3)  143  163  175 
(Length: 3)  143  163  191 
(Length: 3)  144  148  152 
(Length: 3)  144  188  190 
(Length: 3)  144  147  148 
(Length: 3)  144  178  190 
(Length: 3)  144  152  188 
(Length: 3)  145  147  151 
(Length: 3)  145  146  154 
(Length: 3)  145  147  169 
(Length: 3)  145  161  169 
(Length: 3)  145  151  154 
(Length: 5)  145  146  169  177  187 
(Length: 3)  145  161  196 
(Length: 3)  145  147  153 
(Length: 3)  145  146  196 
(Length: 3)  145  147  186 
(Length: 3)  146  158  176 
(Length: 3)  146  177  188 
(Length: 3)  146  176  188 
(Length: 3)  147  175  189 
(Length: 3)  147  172  191 
(Length: 3)  147  148  191 
(Length: 3)  147  151  171 
(Length: 3)  148  152  176 
(Length: 3)  148  176  182 
(Length: 4)  149  176  184  185 
(Length: 3)  151  154  171 
(Length: 3)  151  163  179 
(Length: 3)  152  164  198 
(Length: 3)  152  176  198 
(Length: 4)  152  155  176  188 
(Length: 3)  154  191  197 
(Length: 3)  155  156  166 
(Length: 3)  156  180  190 
(Length: 3)  156  171  190 
(Length: 3)  156  178  190 
(Length: 3)  157  182  188 
(Length: 4)  159  166  174  186 
(Length: 3)  164  179  198 
(Length: 3)  171  183  185 
(Length: 3)  173  187  192 
(Length: 3)  174  183  186 
(Length: 3)  174  177  187 
...model cost: 2.69 seconds  51841 FFE
 (opt) 894.00000000 == 894.00000000 (sur)  OPTIMALITY TEST PASSED!
   BESTimpr 789.00000000 -> 870.00000000
*1*1*1111*1*****1**11*1**111**1111*1*1*1111***1111*****1**1*1***11*****1**1*1111**1*1**111111***111****111111111**1**1111************111***111**1*1**1*11**1*********1***1**1**11*1*1***11**1*******11*1


*111***11*****1*1**1*****111*11*11*1**11*1*1111***1*1*1111*11**1*1*1*11*1*1*1*1*1*1**1*111*11*11**111****1*111*1*****111*1*11*11*1**1*11**1**1*1**1**11*1**1**1*1***111***1*****1**11****111**111*1*****

