-98 -81 -51 
-7 13 -83 
-22 46 -12 
93 -44 69 
30 -63 43 
69 -33 18 
4 -85 89 
-12 -76 -72 
-77 18 -38 
24 -16 43 
14 38 41 
-25 14 92 
11 -3 -22 
29 73 76 
3 73 72 
-69 -15 -7 
-62 55 -48 
-29 -40 9 
-8 60 13 
-63 -38 -1 
93 -1 -2 
19 55 38 
-81 50 73 
95 41 69 
61 29 88 
-40 -76 -36 
71 69 2 
56 69 30 
44 -49 84 
73 -45 96 
-96 18 33 
-21 -45 99 
22 59 -17 
-51 -1 92 
32 -2 -77 
-25 -71 -67 
-84 -34 -82 
-31 -2 -5 
64 -1 68 
23 65 29 
-100 69 63 
-62 41 21 
-92 55 74 
12 92 -94 
52 29 10 
96 37 -39 
-15 -48 -41 
1 29 35 
50 5 -40 
-42 -43 35 
-27 -7 -9 
17 92 -39 
40 1 -27 
-25 95 -23 
-8 -43 71 
32 90 78 
-23 19 -78 
98 59 80 
5 -22 -66 
84 100 -80 
1 -45 42 
-67 -91 25 
-41 26 14 
90 -49 -66 
-48 22 37 
-78 91 24 
8 6 27 
5 -42 46 
-19 -17 -23 
55 25 -47 
27 28 -66 
5 -47 7 
-48 57 14 
-51 2 75 
-50 9 -92 
78 26 -20 
-11 -61 18 
-18 -77 -29 
81 98 38 
64 93 36 
95 26 47 
57 -47 -54 
-94 -21 61 
34 -51 -65 
-81 83 20 
-62 1 -37 
-80 2 -23 
-49 9 8 
4 37 2 
55 52 11 
51 -26 57 
-3 -23 -51 
-32 10 -90 
35 24 81 
-42 -18 -52 
14 -22 18 
36 -35 60 
-28 -10 11 
-1 -56 5 
3 14 -49 
1 -5 -68 
24 -82 -21 
5 -1 28 
42 -21 -94 
31 -18 61 
-4 7 26 
-100 -84 65 
73 -41 -28 
54 36 -98 
12 14 24 
16 4 -31 
73 63 92 
-81 4 -30 
-96 97 -4 
90 -92 76 
4 -64 -12 
-46 6 33 
-81 3 -34 
19 16 -9 
-15 -62 6 
24 -22 -62 
-59 48 -16 
18 -69 20 
-56 -83 -3 
-39 -35 65 
1 -59 32 
8 -13 -61 
-9 -3 93 
54 -1 -7 
-9 33 -13 
-70 -31 -61 
1 -71 43 
-71 6 29 
-62 19 -6 
-65 50 11 
-89 38 12 
47 19 36 
16 67 -21 
-47 5 38 
-92 70 78 
-77 8 -3 
33 81 36 
-82 -18 61 
-79 72 87 
-9 19 -30 
-77 69 35 
-13 55 -16 
93 44 -4 
17 -53 -59 
10 -6 40 
-89 -25 2 
2 -98 -33 
-96 -2 82 
38 -28 81 
63 -98 52 
-14 73 -62 
-52 67 -89 
-57 -5 -76 
-11 80 -7 
25 88 8 
-81 -35 -86 
-4 -76 -64 
68 -69 -70 
86 23 -22 
-85 63 -86 
-94 16 32 
3 -2 100 
-68 -54 34 
-100 -83 19 
4 -40 -85 
36 32 69 
-14 28 87 
59 41 -2 
4 -61 -34 
53 -80 -6 
-35 14 -82 
6 33 61 
35 -82 20 
86 12 34 
46 -61 8 
-23 19 48 
1 12 70 
38 -41 -33 
-78 37 66 
-45 -65 99 
11 17 -22 
89 22 65 
-79 34 -62 
-14 46 -10 
-30 27 24 
-83 20 86 
-20 91 28 
-49 -41 -52 
8 -22 -19 
-18 -47 33 
-26 1 97 
-3 69 -23 
33 39 -51 
-63 -89 49 
74 91 -44 
94 26 -96 
-5 61 79 
-39 -99 5 
45 -53 -10 
-75 34 -9 
9 -1 -36 
-64 90 -9 
61 -4 35 
47 -73 -4 
48 -34 -46 
-43 36 74 
12 -53 -17 
-5 -39 -98 
7 -64 -4 
-50 -55 5 
-52 -46 -23 
28 59 -3 
88 81 59 
-13 50 61 
54 18 29 
-83 25 47 
95 13 -47 
-50 -2 24 
-11 -97 -43 
4 99 -53 
-59 -84 31 
75 27 -1 
3 -10 -26 
-74 25 -30 
65 12 44 
79 17 27 
-19 87 -51 
-39 50 94 
-50 4 -6 
44 40 78 
-81 28 7 
-58 -96 34 
-32 6 -58 
-35 42 -34 
60 -47 -90 
10 26 -81 
22 16 43 
-93 -1 23 
11 76 12 
-32 2 -47 
4 28 -6 
-59 -41 91 
-45 98 -2 
5 -36 61 
-84 -83 2 
-51 -18 -10 
-35 29 11 
1 -41 -98 
3 -47 25 
62 68 58 
-30 -86 56 
-21 -1 -71 
30 -25 -58 
87 6 2 
34 62 -35 
24 78 10 
-23 93 -56 
-62 -8 46 
75 -7 62 
8 31 93 
-1 -73 -46 
9 28 45 
-72 50 51 
23 58 -39 
43 -82 -15 
42 38 -16 
-18 -93 -36 
-3 51 32 
-43 -58 29 
33 -82 25 
37 -32 -27 
-8 -10 53 
-47 98 -18 
100 48 13 
74 1 -85 
-7 -90 -26 
25 -39 5 
6 -72 -8 
7 -8 -27 
-25 -30 -14 
13 -28 44 
-10 92 5 
41 70 -92 
-7 1 2 
-85 -52 61 
-16 1 45 
-29 68 5 
5 97 -39 
-81 -46 -20 
48 78 -19 
-15 94 3 
-96 2 -6 
-4 -11 36 
-88 -62 17 
-92 97 -36 
51 10 12 
-31 35 26 
100 51 86 
85 76 -1 
-4 70 29 
53 -96 23 
-17 73 91 
-2 -1 68 
-27 -88 -3 
28 -87 -32 
66 81 -12 
13 -14 -33 
-84 1 85 
-24 -19 -48 
-79 -24 3 
-2 -33 64 
8 -14 91 
-2 91 -36 
30 -36 -11 
-53 66 -18 
96 78 -2 
46 79 31 
-39 -14 15 
3 -56 16 
-36 -53 -48 
-62 -24 71 
-40 42 4 
25 -4 -23 
64 33 11 
77 62 -18 
16 -59 -17 
-83 -12 -21 
77 47 -53 
76 -31 -5 
40 87 67 
-9 85 55 
3 -59 -72 
-4 -39 -20 
-25 90 66 
52 -78 44 
-71 -27 -40 
56 64 22 
24 -14 31 
-10 79 -2 
50 -84 -52 
23 -43 24 
-27 -24 -56 
-81 -26 80 
-31 32 98 
-1 -41 3 
-60 -95 -5 
43 12 100 
89 -25 -90 
-45 -58 -35 
-69 97 -57 
93 -9 -27 
47 -27 -88 
3 -18 25 
83 -4 -30 
-41 45 -54 
47 -37 8 
-61 85 -40 
48 27 -4 
-85 -84 -39 
-76 -63 -67 
-85 84 -8 
-51 -13 88 
-4 1 -81 
85 -41 -21 
54 94 67 
66 -48 79 
-89 -3 -77 
-79 -67 -36 
56 49 2 
70 -98 63 
-11 69 -5 
-26 58 -7 
-12 29 -36 
-22 -49 -19 
80 -17 1 
-15 72 93 
-81 51 66 
64 3 20 
-87 -21 -25 
-68 -9 43 
-29 -52 -22 
56 -100 47 
-51 47 -23 
17 -94 -61 
85 14 83 
-39 -47 -92 
-28 29 31 
-53 85 -81 
-46 47 70 
-97 -75 -33 
42 -99 -90 
-32 16 41 
81 21 71 
-27 -6 42 
-50 -74 -58 
4 2 91 
30 44 -42 
-21 44 -40 
66 -32 13 
-47 41 -56 
-32 54 -72 
-43 -40 -33 
-5 50 -67 
-32 52 7 
-43 100 -20 
-91 31 -42 
-64 -59 -10 
-82 9 -46 
75 -53 -97 
25 -6 5 
74 13 -61 
-4 -87 -58 
14 37 -40 
52 77 -29 
-83 -75 -6 
-85 52 -13 
-78 -42 24 
5 -59 -38 
-27 -5 85 
74 2 6 
43 -79 -32 
44 -29 70 
