4 -3 -30 
47 40 6 
31 15 100 
-60 20 -35 
-47 -9 -7 
-1 -74 -66 
-61 74 27 
20 94 -22 
-41 -100 -52 
67 -12 -60 
-18 26 8 
7 85 -5 
48 -61 -28 
-24 -46 -8 
-17 64 -37 
77 -74 -25 
15 58 4 
-3 -60 -38 
99 18 -32 
-22 -7 -13 
-38 -78 -69 
70 74 -36 
-61 4 -48 
31 -18 -84 
30 -98 12 
7 14 -92 
8 19 49 
-30 -33 -65 
-76 -71 3 
-27 -2 15 
-61 97 13 
-22 31 4 
34 -44 51 
3 92 47 
-4 -25 27 
-89 -86 -52 
-60 -20 27 
15 45 -8 
-19 -75 91 
63 81 53 
-87 -81 -82 
-8 -6 87 
11 84 -89 
-8 60 1 
46 -38 -13 
13 -68 -83 
42 -54 94 
83 -6 41 
-97 96 -48 
48 -39 -9 
5 -77 -79 
-8 -3 22 
-79 18 74 
-78 15 -11 
-32 -10 67 
68 -86 -89 
-55 34 30 
-58 99 32 
-8 -13 -53 
26 -27 25 
-17 -46 -1 
62 79 -76 
79 80 -73 
23 -83 -96 
-47 2 57 
1 -30 28 
-43 -6 95 
8 -54 27 
-60 -48 33 
67 22 -93 
41 -18 -23 
-90 -9 -75 
51 41 24 
-62 -90 2 
88 11 -8 
-11 27 -8 
55 31 20 
83 -10 -66 
100 65 -81 
80 4 -22 
73 44 16 
4 54 49 
48 80 -34 
-84 3 -83 
2 21 -6 
11 6 -93 
33 4 -49 
-11 42 76 
9 -46 50 
14 -25 -58 
44 -4 68 
-20 -52 -100 
48 -6 79 
7 94 59 
66 88 4 
-48 68 77 
64 -72 -28 
87 72 60 
37 91 28 
11 16 67 
-10 35 72 
-23 -34 -4 
-99 -58 -12 
-6 53 -18 
67 26 -23 
-57 -32 -75 
61 -51 -2 
-80 -33 -68 
-64 -55 80 
48 7 -86 
19 42 -65 
-40 -35 -16 
75 -3 -17 
77 55 -56 
-64 3 -12 
71 20 -11 
98 -26 43 
65 16 5 
-21 98 -39 
36 -85 53 
70 -7 -24 
83 77 -73 
-86 34 16 
-47 -5 35 
44 -26 17 
1 -32 10 
-34 42 95 
7 -14 -85 
-39 59 51 
25 87 -24 
-71 20 -25 
30 65 -92 
-94 -37 45 
24 -76 -20 
-2 49 -46 
8 14 -1 
-23 -82 -97 
-63 -64 -49 
19 -30 10 
78 -68 76 
59 -15 26 
54 -57 -14 
-51 28 -75 
-44 -86 43 
56 -47 95 
-3 -82 -33 
-72 19 48 
-100 91 -5 
-43 20 9 
-69 -94 100 
-72 25 -43 
-38 39 4 
72 -19 91 
-9 28 19 
89 26 92 
-58 3 -2 
-95 79 1 
16 78 -49 
77 59 -1 
20 22 -5 
-4 46 8 
-8 66 -87 
-85 -3 -37 
15 -6 9 
36 15 -71 
-57 25 46 
85 -51 -95 
86 53 20 
45 -46 -78 
85 87 82 
20 1 -69 
59 1 -97 
-10 -59 66 
-11 -32 -86 
67 -27 11 
27 100 -8 
-38 2 -95 
-35 -48 -78 
21 -81 -41 
8 -63 -65 
8 44 23 
-2 -13 -38 
2 -25 -36 
1 62 -77 
-31 15 45 
49 -92 42 
55 -64 -76 
17 -81 36 
51 32 -69 
81 -6 -41 
40 -46 38 
-41 -30 -5 
78 25 28 
19 -35 -9 
-5 21 -2 
76 -91 -6 
-95 -61 -45 
66 -2 3 
17 -85 -73 
25 76 -90 
-36 48 -58 
9 -14 -8 
60 84 -7 
88 -81 18 
1 53 4 
-12 10 -28 
64 -25 34 
16 -99 -9 
31 -93 87 
2 -22 -35 
-7 100 24 
7 -78 47 
-48 3 -79 
-5 -83 -20 
-62 -78 -3 
-45 6 -73 
-32 51 -44 
93 -13 30 
22 30 17 
-8 -41 38 
-22 2 66 
-67 -15 95 
99 65 -28 
71 -42 -7 
-61 40 -60 
20 22 -17 
-85 -92 -21 
-86 -14 73 
51 53 78 
49 90 -63 
-66 1 15 
-13 58 -2 
-69 67 89 
-71 59 -4 
-60 -98 14 
-19 8 -54 
-74 11 15 
-19 -15 7 
-27 -65 85 
35 68 6 
-16 91 -6 
9 95 8 
8 -6 75 
58 14 34 
-35 88 99 
11 -48 -10 
95 26 -54 
-32 54 88 
76 21 2 
-65 -40 24 
-98 27 69 
-81 -39 100 
34 77 98 
-39 83 38 
56 52 2 
-29 36 13 
-11 -100 6 
-58 -32 75 
10 30 -94 
37 -15 -93 
51 -35 -30 
56 -95 70 
3 -79 70 
66 -27 -32 
-3 -100 -27 
73 -19 -80 
35 14 18 
15 -1 -10 
91 -12 98 
-2 60 48 
7 -61 -55 
40 13 -34 
10 49 13 
-86 91 -73 
-22 -20 29 
12 -20 -7 
-11 12 -93 
-17 31 71 
-80 -42 6 
95 -36 4 
15 -71 82 
-67 34 16 
77 -62 -44 
74 -7 -35 
-13 61 -23 
1 72 -6 
-38 30 -74 
-17 -38 -23 
-5 87 6 
-47 99 -24 
-60 -2 93 
-11 -4 -30 
-100 -79 -14 
-65 9 -75 
-4 -62 -96 
-20 9 -84 
90 38 -2 
-87 -12 -13 
15 -67 77 
-62 -45 4 
-65 -20 -74 
-91 -15 -38 
18 -46 29 
-100 -1 -53 
-97 80 7 
19 -12 22 
-11 22 13 
29 -33 -35 
-97 4 33 
-95 33 24 
9 -28 -82 
24 97 23 
18 -92 4 
33 75 -26 
27 -17 26 
3 -60 6 
63 55 49 
-3 28 30 
97 -53 6 
-95 43 56 
2 -17 -14 
18 -22 70 
-35 -51 57 
-64 -97 40 
87 -71 52 
49 37 -69 
-16 54 3 
-19 -98 47 
72 -36 7 
-43 -69 3 
-90 25 -15 
68 23 19 
91 63 -71 
-43 -37 -56 
-37 -57 -19 
25 98 -51 
-88 34 -74 
58 52 2 
-3 5 81 
31 -46 -1 
-41 1 64 
43 57 39 
-68 4 71 
-70 -65 -93 
-16 -68 77 
26 -6 -22 
6 -89 -45 
98 -7 94 
-21 -60 61 
-30 11 -45 
-56 -23 79 
93 33 -57 
40 23 -9 
-47 -46 -92 
35 -96 -28 
15 17 59 
-65 -55 13 
1 30 -45 
77 19 76 
97 -72 6 
100 -60 67 
56 39 -37 
80 81 52 
-34 -44 62 
3 68 57 
-10 93 -62 
6 28 -76 
65 -20 53 
25 35 79 
-9 88 -12 
33 -77 80 
-24 -41 -92 
-43 97 96 
47 -65 -40 
35 -95 -57 
-6 95 41 
67 -77 -28 
-56 -19 -100 
9 3 -67 
-72 65 2 
37 -5 -79 
-48 67 -5 
93 -8 64 
42 52 41 
-64 -100 -25 
-8 -25 -43 
-20 28 -70 
96 52 53 
41 90 -58 
69 76 55 
85 8 -21 
25 -29 -62 
-70 9 63 
78 1 98 
-1 31 2 
-15 79 -80 
-55 42 3 
87 -1 -74 
10 41 45 
-12 35 21 
6 -87 -67 
-73 75 -50 
-4 68 73 
64 68 94 
-37 -24 59 
26 -10 29 
34 -2 28 
-68 83 45 
25 94 -1 
-14 -3 75 
-76 57 -43 
-54 57 -87 
95 5 -67 
-20 -4 -58 
-8 3 -72 
33 -59 78 
95 -44 66 
-57 90 -96 
-49 -30 89 
-3 -76 -7 
100 -3 69 
3 -63 85 
-8 55 -84 
17 2 99 
29 -49 98 
-8 -12 -2 
-96 11 -58 
