-63 8 59 
-4 93 14 
37 -28 -98 
-47 -29 48 
97 60 84 
27 40 -23 
14 8 -5 
-40 85 67 
60 74 8 
-25 14 32 
3 26 10 
-46 -16 43 
-41 -8 -84 
-2 -6 9 
73 1 88 
26 84 -75 
-50 1 -67 
8 -97 47 
53 -48 6 
-91 64 23 
57 11 -3 
76 -77 -71 
-74 47 -7 
-1 6 -10 
-22 -97 64 
-8 -4 46 
-70 23 -27 
96 -2 17 
-9 11 25 
25 -11 -66 
-4 61 -98 
-76 -73 -59 
2 -80 74 
1 -77 -4 
67 -8 -22 
-22 -71 -2 
-27 -8 56 
-25 -59 96 
-50 35 -11 
-73 68 10 
-60 -43 82 
38 -93 -76 
-65 -11 89 
-82 83 20 
26 -10 13 
42 -11 -1 
-66 15 -72 
-7 77 -79 
-49 46 64 
-1 18 -20 
-22 70 2 
-3 90 96 
43 -77 11 
-13 -19 61 
21 11 -7 
-33 -31 72 
14 -68 63 
-1 60 -21 
98 72 -63 
24 36 -90 
-13 -25 -23 
-19 17 -92 
60 8 11 
-93 78 -4 
-98 -54 -52 
-23 -36 -64 
8 -65 3 
-2 -15 -68 
97 56 -96 
-90 4 -65 
26 78 44 
-90 -2 5 
7 4 -3 
61 18 82 
-92 -43 73 
-99 -31 -26 
-11 49 -8 
34 -15 -99 
-42 -50 86 
20 -1 -31 
-14 40 -65 
50 -18 -20 
-47 17 -68 
-47 -35 -84 
-14 -12 25 
-46 -42 39 
12 -95 6 
-66 -36 30 
-77 -73 -30 
12 18 -26 
60 44 -18 
84 -1 -54 
-1 35 91 
-51 19 -8 
59 -93 -97 
1 93 -52 
-43 92 -94 
-33 -64 89 
51 1 -79 
73 -15 -6 
-68 8 -69 
81 36 -28 
-17 1 -13 
-9 7 2 
2 -15 -49 
-19 63 12 
94 30 7 
-12 97 30 
-100 96 75 
-23 -26 -70 
1 94 -41 
-58 -92 -22 
-47 -39 -26 
4 -22 59 
29 11 39 
-57 69 94 
-26 -1 61 
55 -16 -2 
-10 4 28 
1 19 90 
-30 -24 -80 
80 24 29 
10 21 -97 
-50 100 59 
-84 15 18 
-1 94 21 
23 -21 -48 
5 88 -23 
7 -28 -1 
-6 -56 -73 
34 -37 44 
-24 -56 -43 
4 -37 31 
-11 -28 77 
37 28 -14 
-69 17 -27 
43 -10 -51 
32 -20 60 
-26 -56 19 
2 -42 -29 
5 87 41 
-75 -69 1 
-23 85 -98 
-42 -4 -37 
-67 -31 83 
-33 -52 26 
96 64 -100 
57 11 31 
-21 -40 53 
-82 -61 33 
4 -35 26 
5 18 27 
37 62 -63 
2 -72 -59 
94 38 37 
90 -30 15 
-92 19 21 
-52 -15 35 
-75 31 -3 
43 -23 -28 
25 32 -22 
33 5 -63 
54 -81 84 
8 11 63 
-5 -68 -87 
-22 53 -30 
13 50 83 
-35 -55 45 
77 7 65 
5 17 -25 
63 78 32 
-71 -64 -65 
-61 91 -60 
-15 -13 37 
66 60 -38 
7 43 -83 
9 82 -17 
32 46 27 
-91 -88 -82 
-47 92 -3 
87 -14 27 
21 1 -42 
-43 -44 -85 
27 11 -87 
-21 -36 -6 
-26 53 -69 
-14 41 -43 
53 25 -78 
-12 -68 87 
33 -30 -2 
-2 49 96 
-22 -71 2 
-70 87 72 
35 71 -93 
-3 -56 -43 
-13 45 -9 
63 -21 15 
-85 -93 -3 
-76 38 48 
32 -51 83 
7 62 58 
1 20 -96 
-60 -5 -7 
36 96 11 
-11 60 71 
34 89 48 
19 37 -28 
9 -4 -31 
23 -24 -40 
25 76 70 
87 -64 -8 
9 -4 -25 
71 -90 64 
1 -36 84 
21 -98 17 
-14 1 8 
52 -68 67 
68 -5 -81 
-32 -73 -21 
-84 -2 24 
25 -16 6 
-54 17 -97 
-97 11 4 
23 -11 1 
-1 -7 -13 
34 -41 -14 
67 -1 -28 
10 -26 94 
-86 -24 9 
-38 -44 76 
-16 88 71 
-15 -53 27 
-13 -79 73 
26 -36 -72 
81 70 90 
67 -71 13 
-9 96 -11 
-38 -37 -86 
58 25 16 
8 -41 14 
-51 -11 3 
10 -1 55 
83 43 47 
85 51 -41 
-43 81 -77 
-3 29 53 
27 55 -60 
-82 -65 20 
-83 5 96 
-75 96 -48 
-77 34 42 
-6 9 2 
39 61 -100 
39 -7 64 
49 100 17 
25 -24 66 
-44 -61 95 
-60 22 96 
90 -8 51 
-47 89 -28 
91 78 -35 
-42 72 27 
80 -98 -16 
-27 13 43 
-22 52 -30 
-85 16 2 
-27 12 66 
38 -25 30 
52 5 64 
-20 -80 -2 
42 36 -4 
-2 71 79 
52 14 -24 
-72 84 -38 
-61 -96 -13 
47 -86 -80 
19 7 -46 
-14 58 73 
-57 -95 9 
-41 69 -61 
-52 82 -11 
-43 -98 -11 
30 -52 21 
79 -24 43 
44 43 -36 
1 -84 29 
-31 14 -88 
-1 -31 -7 
19 51 17 
-76 1 -7 
-6 68 -36 
58 -19 -67 
-36 16 -41 
34 22 -36 
3 7 -10 
74 88 2 
12 -33 58 
-8 14 -82 
-59 -73 24 
62 -64 -97 
-90 -58 -35 
-40 94 -3 
-59 77 85 
75 -19 -50 
-12 -30 -16 
6 62 66 
66 -19 -5 
-46 -43 61 
-4 -90 52 
-80 26 45 
-72 10 -1 
-74 -62 -27 
-11 -6 63 
-19 -20 -46 
-9 73 -80 
60 -98 14 
57 -78 21 
86 -88 64 
36 83 -86 
17 -39 78 
84 4 -14 
85 57 -28 
38 -24 33 
46 53 -94 
24 32 97 
-43 -17 99 
98 -57 -99 
5 15 72 
-22 23 40 
64 53 17 
-30 34 86 
-29 7 100 
-8 46 -11 
-27 99 -49 
20 -31 -45 
-44 -57 6 
-15 69 98 
-3 -90 8 
-34 -96 -16 
9 62 -84 
23 51 14 
-10 -4 -68 
-44 38 50 
64 75 -51 
-87 -27 -7 
83 -80 -20 
-11 80 -35 
-30 29 -10 
22 -48 -99 
-33 99 45 
-66 -42 6 
-99 -56 -62 
-68 -17 -43 
-11 -54 -89 
-96 -61 -18 
-7 -41 9 
-4 47 -29 
26 -46 -60 
18 21 84 
-36 -5 3 
94 75 12 
-3 86 50 
-42 31 59 
-97 -4 48 
-100 24 55 
-3 2 -58 
32 19 -65 
-87 -22 -38 
-1 -15 -13 
60 -82 -40 
93 -40 16 
29 88 25 
1 -47 -72 
51 6 45 
-12 -72 59 
72 -62 -8 
52 50 -85 
-99 -86 -31 
90 8 16 
-12 25 -30 
-83 29 6 
12 -9 -55 
-74 -65 -28 
99 -10 -2 
80 -83 -50 
12 -25 73 
-35 -86 -7 
-83 17 -100 
8 44 -70 
16 92 -58 
89 -16 -71 
-20 -94 -22 
13 -92 18 
44 18 -94 
20 -57 28 
-87 -9 -59 
-3 -61 8 
-52 -8 -38 
-38 -66 96 
-33 47 -51 
-91 8 85 
-67 3 -35 
-77 -94 -41 
-48 4 -87 
-2 -16 -29 
30 85 -55 
32 17 -31 
51 12 -97 
8 -4 61 
-69 8 94 
72 77 38 
47 35 61 
-47 -1 -90 
-94 -71 -56 
-37 9 -31 
-19 29 1 
-85 8 29 
-25 18 -47 
-85 -45 -39 
-99 83 46 
69 5 73 
-22 -33 35 
-72 22 -6 
86 -97 -57 
24 4 -71 
47 -12 76 
-1 -36 -99 
