-59 -11 74 
-90 -48 33 
-35 -20 -40 
50 84 55 
-54 99 -12 
97 37 70 
95 39 -76 
-9 -6 -18 
86 92 6 
-70 91 54 
55 71 18 
83 10 -26 
46 67 -75 
-94 -78 28 
-51 -53 -25 
78 67 -16 
-53 -37 80 
18 -68 -65 
-57 -89 32 
-53 12 47 
-67 35 -7 
71 -44 38 
-85 17 -69 
-67 5 3 
15 14 37 
39 38 93 
66 64 -36 
-78 -46 -63 
-75 -3 9 
72 -5 53 
-22 59 56 
-74 1 -93 
-81 18 7 
-69 60 77 
-49 26 -2 
13 -42 -3 
-61 5 -2 
-85 40 -73 
63 -7 -81 
31 -91 -34 
83 -59 -28 
99 48 25 
63 -3 -58 
6 15 -14 
-41 -9 90 
-54 73 -15 
11 2 -31 
96 3 -83 
-72 -46 -79 
-1 43 8 
-81 17 -14 
-33 -60 -94 
26 98 -40 
-18 78 -94 
-29 71 -43 
-14 12 -47 
-66 -47 -48 
34 -66 92 
82 -7 -6 
42 33 89 
6 -4 36 
-39 -37 41 
74 -64 17 
29 94 14 
34 -78 74 
-1 95 -61 
-81 51 18 
-20 78 -23 
-4 34 68 
26 -76 25 
-89 3 33 
-2 -22 39 
52 81 -100 
80 -84 -93 
-47 24 -21 
-87 -78 -71 
-35 -23 -82 
18 16 -57 
5 4 -23 
30 -56 51 
-41 -13 -18 
-79 37 -5 
29 83 1 
-62 31 100 
-54 96 -65 
11 -1 -93 
5 -72 -16 
-90 72 -76 
-23 -46 5 
8 -62 77 
-16 86 90 
-24 -92 14 
54 -34 88 
-12 -18 -6 
-60 -3 98 
95 58 77 
-87 2 -86 
63 -3 -51 
5 31 87 
20 -22 -4 
-50 -5 37 
86 16 24 
-45 64 -22 
63 29 -58 
16 32 -25 
27 72 -81 
-1 -60 -33 
-49 -75 34 
60 18 8 
-10 -94 61 
-36 23 -66 
67 -8 -97 
-43 -54 23 
-37 13 -26 
-15 33 41 
86 35 98 
-47 -16 26 
-40 -9 14 
36 2 40 
14 74 -19 
-47 -14 86 
11 -50 58 
11 -4 -47 
-100 -35 64 
-47 -2 -89 
49 94 -53 
-65 -99 32 
48 -64 23 
-29 -48 -4 
91 65 98 
88 31 70 
7 -91 8 
-50 37 78 
-3 -75 -89 
11 7 -63 
-7 -89 -41 
-6 -20 -98 
-33 98 -10 
5 -76 -95 
-36 -11 18 
-88 -19 -71 
-63 -41 85 
23 80 12 
-23 89 4 
-17 37 5 
88 12 1 
-8 67 50 
32 -94 60 
79 35 66 
6 80 -91 
25 78 -43 
41 -99 -85 
-1 8 53 
-38 50 -79 
64 46 -7 
-54 -53 -27 
7 -67 11 
66 -64 29 
-100 80 -36 
86 -50 19 
34 81 -52 
72 18 6 
62 96 99 
-12 -62 39 
-6 -24 41 
80 -63 -83 
-5 -41 17 
9 1 69 
-62 -58 97 
61 28 68 
75 -14 -88 
60 -11 20 
-63 30 -47 
-1 -7 85 
-17 -53 1 
-20 -57 54 
-21 -75 47 
36 21 -4 
-87 69 -65 
10 76 44 
30 7 18 
-89 -45 -23 
19 -33 94 
6 92 4 
71 24 -29 
90 -12 2 
58 24 -44 
-3 -38 34 
-97 -78 5 
1 7 41 
-50 58 62 
89 -37 50 
90 -83 39 
76 12 30 
-21 16 2 
65 33 84 
-43 -10 -36 
17 22 11 
-79 -82 46 
-13 92 50 
-15 83 8 
-46 31 -54 
4 -54 19 
-42 79 -23 
14 34 97 
11 99 87 
-27 89 46 
10 51 -85 
-34 12 36 
-40 49 9 
8 83 -50 
-5 -49 -4 
4 17 98 
58 -49 -38 
43 12 -26 
-56 -83 82 
-33 -76 23 
88 -87 72 
-56 36 -46 
32 -68 22 
-64 -48 18 
-39 -22 12 
-84 86 78 
-32 -2 1 
-47 -23 -94 
16 70 -7 
-7 24 -86 
23 -89 -86 
-84 -56 48 
-97 -60 -2 
6 94 73 
-55 8 33 
-10 18 -16 
-16 -69 74 
-68 13 -95 
-87 1 -86 
-6 41 58 
-32 -8 -9 
-34 56 -68 
-100 23 -59 
77 -9 7 
92 46 -27 
-73 59 53 
96 -79 40 
50 2 -36 
13 45 -48 
-23 -12 73 
-23 9 18 
-9 99 -79 
88 79 9 
74 -31 -78 
-44 -28 -43 
-1 -25 -73 
58 -9 33 
-78 -27 40 
68 -96 76 
-97 -1 -65 
1 -69 -55 
-17 -61 -3 
-94 -66 2 
7 23 68 
28 46 -67 
3 -20 -60 
32 1 28 
-19 61 88 
-82 -7 70 
-6 95 45 
-70 9 -53 
-54 -85 -59 
45 37 -17 
20 -80 59 
31 13 -30 
65 55 47 
-53 76 1 
-96 -5 -52 
66 -77 -36 
42 80 3 
-38 -28 58 
67 35 -21 
-18 80 -2 
96 35 78 
90 -31 24 
-87 -17 -47 
12 -60 68 
50 -93 -18 
25 69 21 
-97 -61 -71 
-16 1 93 
4 3 15 
20 29 78 
-94 -56 -4 
-20 5 -78 
-94 80 -62 
-14 1 78 
60 -27 23 
24 1 -80 
-1 -23 96 
-23 9 -11 
91 -65 -15 
-3 51 -18 
26 25 62 
-75 -43 -1 
98 -21 -32 
76 -67 10 
-11 -32 -27 
-39 -59 30 
-19 15 46 
-83 65 -6 
89 44 43 
-92 -51 -5 
90 3 -87 
-94 3 40 
-87 -51 88 
13 23 -84 
75 -43 -88 
-62 -66 99 
43 13 8 
49 -8 -74 
-24 -77 -95 
52 -58 -15 
44 48 -62 
38 -96 -94 
-48 -9 -31 
-89 57 75 
-24 3 -59 
64 63 -13 
-76 26 39 
-22 57 3 
-13 88 -59 
77 -18 42 
71 -85 97 
24 -8 11 
-24 65 1 
2 84 59 
-15 -66 98 
-9 30 -8 
-92 -66 -29 
2 9 -12 
32 86 87 
-65 75 -85 
65 56 63 
98 -78 -97 
-68 -73 2 
97 -41 77 
-20 42 16 
-28 89 -30 
33 -20 17 
-50 -31 21 
-6 -49 27 
-97 69 36 
69 2 -42 
-70 -30 -15 
-83 -46 -20 
81 -72 -22 
-21 -8 91 
-23 18 -55 
-100 9 98 
19 24 7 
82 -5 -44 
-87 5 -24 
75 67 -8 
35 69 21 
53 51 62 
-14 29 8 
29 88 -40 
-16 7 -69 
57 19 60 
-49 -89 -19 
1 -76 42 
26 72 37 
-7 6 92 
-31 41 -69 
75 -65 -78 
-83 -5 -57 
-53 99 -80 
-76 39 -87 
-91 -81 -88 
49 -5 -61 
11 -51 12 
1 -39 64 
38 44 5 
32 19 77 
-39 -32 -85 
36 -82 53 
-25 49 -15 
-44 41 39 
80 32 50 
33 -51 -83 
-98 63 12 
52 17 -90 
-71 29 -67 
1 -73 16 
-46 9 55 
-93 -28 -37 
-70 22 29 
26 -94 -44 
100 -46 36 
-54 74 69 
14 45 -17 
-55 -20 -40 
51 75 87 
-48 85 86 
-26 -70 65 
8 30 -51 
39 28 -4 
2 7 3 
-17 -18 50 
-75 57 98 
-74 13 -37 
43 24 -3 
22 -6 -100 
93 -14 64 
19 -25 -55 
-1 -26 -59 
-70 90 -42 
-1 44 67 
-62 -73 84 
49 55 58 
31 -40 -90 
-90 15 74 
73 53 57 
-23 -57 -75 
76 36 -52 
-2 -71 -5 
-62 36 -7 
13 -49 -12 
6 -61 -12 
