-2 12 -64 
16 2 -4 
4 -20 47 
5 -143 -1 
-4 -28 -3 
127 -1 2 
66 9 145 
13 52 -43 
-2 -12 8 
19 -11 9 
-33 -48 4 
108 -49 29 
1 -119 2 
103 -7 -79 
3 -12 -113 
-1 -9 -6 
6 -129 -5 
1 -6 -4 
1 -2 -51 
2 -5 -35 
-43 -8 -37 
77 -23 11 
-65 -2 1 
-1 -12 4 
-15 -3 28 
2 -36 -18 
-95 57 84 
-91 1 4 
141 -9 20 
24 -1 -6 
-6 18 4 
105 -1 2 
-4 84 -6 
19 1 -3 
-6 -36 -11 
11 -8 -73 
-23 -108 14 
34 -7 1 
7 -8 -1 
6 11 -25 
3 -51 39 
-4 1 -47 
-11 23 1 
50 3 6 
43 65 -4 
38 31 -140 
5 -20 -94 
-68 10 -44 
-25 -68 112 
-1 5 -6 
4 -16 6 
61 -32 -11 
-34 1 2 
20 -66 -1 
8 1 -2 
146 -128 34 
-44 -36 -27 
-4 79 1 
-1 -66 -2 
-60 59 -15 
-20 -47 7 
-21 -32 -5 
2 3 58 
33 9 -27 
4 6 57 
4 72 11 
-52 -9 -1 
-6 -1 5 
-65 -24 -3 
-8 -109 1 
-7 110 3 
2 97 -3 
-1 60 88 
-1 4 2 
-2 50 -20 
9 3 1 
-4 1 -45 
13 -7 3 
-3 -33 1 
-5 1 -9 
-14 -23 -3 
-104 -29 -31 
87 2 8 
-56 20 -1 
62 -22 9 
88 53 -3 
-90 53 -44 
-52 -130 -1 
10 13 2 
-1 108 7 
7 77 -56 
-11 105 36 
-1 -4 -18 
-1 -30 5 
-8 2 1 
-16 2 -119 
2 -12 139 
115 -1 3 
-4 -35 53 
123 -7 -2 
-1 -2 3 
58 42 1 
7 -9 -4 
98 -45 -42 
1 -6 51 
104 -5 136 
-14 -1 12 
-4 2 -98 
-1 -6 12 
1 40 -31 
1 31 3 
-21 -1 2 
-3 -7 40 
8 -9 42 
-38 -1 4 
-1 2 116 
1 -36 -8 
3 1 2 
57 65 -1 
2 18 -28 
142 17 15 
-4 -6 -47 
60 7 18 
-3 -2 -33 
-144 -3 -1 
99 -3 -2 
5 -4 1 
-8 -3 52 
-4 3 1 
-1 2 -4 
-3 -106 -5 
9 -2 1 
44 1 8 
-2 -11 1 
-68 -98 7 
3 115 103 
-27 7 2 
8 -1 -67 
61 1 2 
-29 -31 -5 
75 -1 -81 
-11 -80 -2 
-23 -54 -27 
1 15 88 
-142 -28 -5 
-8 -1 -108 
-1 2 16 
-6 -17 34 
38 2 -18 
-33 2 24 
-118 -87 9 
-2 19 -115 
-11 -1 25 
-2 1 -15 
-1 -14 -3 
8 -3 7 
-36 -50 -29 
-16 -1 39 
-26 -2 -6 
4 5 112 
1 93 -99 
-91 1 2 
-6 146 111 
10 28 -2 
-5 -26 -12 
-16 -27 2 
-21 6 11 
-4 -62 -12 
-3 -2 -8 
-136 -3 7 
7 -91 37 
2 -109 -1 
6 -1 5 
8 6 7 
-1 -2 -3 
22 140 -24 
21 -3 -1 
1 -2 -15 
-2 -9 -5 
-59 1 -2 
-72 -2 -3 
2 -1 19 
-84 1 4 
-2 -1 -3 
-12 -1 9 
29 3 85 
-35 32 -133 
-77 35 -34 
8 32 -22 
-1 2 3 
19 -13 -50 
-33 -7 138 
-3 -1 -73 
1 -23 -2 
-94 -8 -3 
16 -85 5 
-1 5 -129 
-6 -8 2 
3 21 119 
-20 -100 -7 
-1 3 9 
-13 -1 2 
40 21 137 
117 -4 -2 
-1 -16 5 
-2 1 -4 
-1 47 16 
-142 -55 4 
-16 -3 1 
1 42 -6 
-25 -17 -2 
-53 -10 14 
2 -4 11 
3 2 -14 
31 6 -7 
-14 13 -37 
98 -22 5 
-124 -4 -3 
5 2 -19 
141 63 1 
-4 9 -14 
-8 -29 27 
6 -4 59 
-1 103 -46 
133 -1 -51 
24 16 -10 
5 -40 68 
122 4 1 
3 75 -13 
3 1 -9 
2 -23 -18 
-20 -18 7 
6 -150 -1 
4 -9 -6 
-2 -33 -1 
1 103 -10 
65 92 1 
19 -22 65 
-1 -32 12 
62 -15 92 
-18 60 48 
-92 -3 1 
3 -75 60 
-32 2 -1 
11 1 130 
1 6 9 
-1 34 -97 
124 -1 8 
2 41 -1 
86 45 1 
2 -146 -50 
1 3 88 
-1 -29 -106 
-2 -7 -30 
28 1 3 
-4 -22 -11 
17 24 -12 
-2 -3 -29 
-132 -2 23 
-2 -1 -14 
137 -119 59 
-40 -2 1 
-76 -129 5 
1 24 -85 
-1 -6 -2 
7 -1 -146 
-128 76 140 
-49 -36 -4 
-131 1 20 
-6 2 48 
36 1 75 
-1 121 -56 
62 -84 81 
-6 -1 -13 
-2 -66 -15 
1 -47 -15 
1 110 5 
-2 23 -3 
-29 3 -40 
79 -1 13 
3 -1 -2 
-3 -1 2 
-4 103 -5 
28 1 -100 
1 -2 -7 
-1 13 2 
-78 -34 2 
-148 49 7 
-6 17 4 
21 1 9 
15 -1 -4 
-5 -1 -20 
3 113 21 
81 -87 -1 
1 -13 10 
1 -39 11 
1 -53 -28 
-3 -1 -2 
24 -89 -55 
23 -1 15 
-15 24 -1 
8 10 -67 
1 -104 -97 
-31 1 -28 
-81 2 1 
23 -52 4 
-6 -32 -16 
128 -1 3 
10 31 -15 
-6 77 -1 
-1 -3 68 
2 8 1 
-99 -1 38 
19 115 -18 
7 -138 54 
-14 12 3 
52 -1 -2 
-127 46 -49 
20 -2 -52 
60 -23 -10 
1 19 -11 
17 4 7 
10 -4 1 
-13 -6 4 
-3 -1 -37 
-21 3 125 
72 -37 62 
-10 -1 6 
-15 116 -1 
59 -16 70 
81 -25 -10 
3 114 14 
65 2 -4 
-2 -90 1 
17 -43 -27 
1 -11 32 
-90 -2 20 
-10 -7 13 
-39 -31 -1 
-2 -9 20 
63 33 -22 
27 6 -2 
-129 66 30 
-1 -31 -2 
-22 2 63 
11 1 59 
68 -74 -1 
-35 15 -1 
2 1 -40 
-9 32 2 
9 5 -89 
14 -1 7 
2 -28 5 
70 3 22 
17 -3 4 
-1 3 -2 
5 3 -4 
-22 -1 -55 
-49 37 -135 
143 -6 -56 
2 11 31 
70 -29 -3 
-66 4 -12 
-8 5 18 
-4 -5 2 
-103 -6 1 
1 13 138 
33 136 4 
5 -8 36 
-10 2 8 
9 17 -16 
-4 20 -2 
8 7 -5 
28 -6 -13 
15 27 5 
-103 10 8 
-16 4 70 
-10 -1 -11 
-2 -5 -46 
2 -1 -5 
1 -5 -53 
-73 41 -5 
1 11 -3 
13 3 1 
57 -125 140 
-3 1 138 
-2 8 -12 
-1 -3 90 
5 11 -50 
-1 -98 121 
-7 -32 2 
-7 1 -74 
-1 97 -4 
37 4 -1 
-3 134 -14 
7 5 -117 
-5 -8 1 
-20 3 124 
-6 1 3 
129 1 24 
8 -113 -5 
-5 -2 -3 
9 -3 -27 
-1 -22 -5 
1 27 -124 
-1 -33 -2 
1 16 2 
-80 -4 5 
1 -77 50 
-6 -4 -7 
2 87 94 
-22 2 -12 
11 3 1 
-66 -1 12 
-12 21 -71 
-1 3 -118 
3 -2 -1 
3 1 -6 
78 -1 49 
5 -10 1 
2 -1 7 
-1 -3 2 
2 -7 3 
-1 18 -2 
39 -3 -2 
53 -4 -1 
-67 -74 -1 
77 -1 -84 
-38 140 1 
-34 4 -81 
78 -4 12 
5 -41 -7 
-1 44 5 
7 16 1 
1 2 125 
-65 -4 2 
1 -45 -4 
5 -27 6 
-1 70 -39 
-53 6 5 
17 47 -3 
-1 46 21 
128 -52 -3 
-9 -41 -1 
-89 1 13 
-4 114 -42 
-3 -10 -7 
-28 -3 -4 
46 -1 6 
-30 -111 -9 
1 -5 33 
34 1 21 
14 9 -43 
1 -70 -67 
1 3 -12 
1 -29 3 
-37 -50 -47 
1 54 -2 
-35 -45 -15 
-9 1 11 
10 1 34 
-2 -26 -4 
4 -75 -3 
98 1 89 
31 -57 2 
5 -81 -86 
145 -15 -11 
1 -4 -38 
1 -2 93 
-2 -5 -1 
-3 -1 -61 
-26 -11 86 
116 -42 15 
-3 38 -4 
5 1 6 
105 36 -1 
-64 -32 14 
114 -119 -2 
1 7 23 
22 2 1 
106 -1 75 
9 -23 3 
-5 -7 75 
-125 -1 -20 
-1 7 -5 
-16 -1 57 
3 -1 -55 
1 106 -59 
66 -2 6 
-1 40 29 
13 2 -1 
-1 -2 4 
-84 53 -6 
95 69 -16 
-3 -28 4 
-1 2 -7 
1 -22 2 
-73 1 -10 
-5 4 -23 
1 97 10 
-30 2 6 
-81 -5 1 
-1 -52 117 
1 -70 20 
5 1 24 
-1 -11 -24 
33 -32 70 
19 -23 -6 
40 12 -1 
-3 7 1 
1 -63 3 
-29 2 34 
35 -2 -112 
17 -108 -48 
-41 105 -7 
1 -69 -17 
-3 -41 1 
-35 1 17 
-26 -1 15 
7 -6 -15 
-1 115 -40 
1 -7 -57 
35 1 -55 
13 8 -21 
22 -5 2 
-146 1 116 
-35 138 22 
-37 10 -89 
4 -8 -144 
14 1 -2 
131 110 2 
-1 20 24 
30 8 34 
-1 3 71 
-5 1 -3 
6 12 -60 
1 -2 3 
1 13 2 
-26 -94 55 
2 7 3 
-3 16 32 
9 -5 -25 
-48 -69 87 
4 17 70 
-3 65 100 
9 69 1 
-103 41 3 
-14 -1 -100 
-44 -3 2 
1 76 9 
-24 -54 -1 
27 37 17 
40 -3 -1 
13 96 -11 
-107 -2 1 
1 31 5 
-3 5 -12 
91 -1 -26 
-10 -36 -30 
27 13 -2 
16 1 6 
2 -18 -6 
10 5 2 
124 3 -7 
-38 1 -126 
37 -114 87 
30 3 -27 
-4 -28 36 
2 -7 6 
-53 -1 49 
12 -122 -1 
-7 2 -25 
1 -112 -31 
-3 -1 5 
-3 -1 -81 
-118 66 144 
-2 -5 1 
2 24 -10 
-21 -47 -10 
-53 1 -81 
-77 -74 8 
4 -7 35 
-1 8 -3 
-5 1 73 
1 -16 4 
23 -29 6 
1 -6 -28 
-1 -68 16 
-6 12 30 
-12 -88 -3 
54 -5 -1 
1 -4 -2 
-1 -52 73 
76 -135 1 
-22 33 -20 
-11 1 -19 
-18 -1 -112 
143 3 -144 
21 -105 2 
1 95 -60 
