-2 -7 3 
-10 4 8 
-41 -2 3 
-9 6 25 
-2 101 1 
-12 -22 97 
-31 -139 -2 
-8 4 -3 
4 -1 -24 
2 12 -106 
-6 -23 -30 
-3 1 -8 
-25 -3 45 
26 117 -116 
3 13 124 
49 -2 75 
2 -48 -62 
-7 -8 61 
1 44 -2 
-6 10 48 
22 9 -53 
-110 -33 -39 
3 6 -22 
2 -42 4 
1 4 3 
-138 -2 -91 
144 -12 -58 
74 69 -3 
-63 1 -51 
-1 -5 -12 
1 -68 2 
1 -20 11 
-22 49 14 
-48 -9 1 
-4 -1 -5 
-5 -109 53 
8 4 -57 
1 5 -7 
-21 -35 14 
-16 1 -55 
3 -55 -5 
-4 119 96 
-2 -54 -25 
4 -28 10 
-5 1 -3 
-7 1 -3 
-1 -38 10 
111 -35 24 
2 3 1 
18 21 -2 
-2 -1 -60 
-1 -4 -75 
4 1 -13 
3 19 -139 
121 -3 102 
-45 13 -14 
-26 -10 3 
-3 -12 -31 
6 1 21 
19 4 33 
-2 19 -1 
-9 1 23 
-1 -2 6 
1 -143 -113 
-2 47 -6 
28 1 8 
106 28 -150 
1 -43 -4 
-13 22 24 
1 -11 -127 
17 73 72 
-2 26 83 
61 37 -12 
-20 1 5 
-1 142 -8 
51 -1 -5 
-18 81 -9 
13 -1 68 
8 15 -30 
4 2 11 
-124 -3 1 
-5 -20 2 
10 1 3 
31 -44 -3 
1 -20 7 
126 4 32 
34 1 -2 
85 -70 -24 
-28 -1 -4 
-67 45 36 
9 -18 5 
-2 -105 -9 
-140 97 -1 
-6 -4 2 
94 -77 -7 
51 -2 -77 
1 -58 -13 
4 118 114 
-22 -4 97 
-2 -4 -42 
-11 2 48 
-93 8 1 
1 -49 14 
6 1 -29 
-4 53 -15 
-1 -102 -5 
1 33 -120 
95 1 70 
2 55 50 
142 -4 -19 
-83 -65 91 
-135 4 18 
8 15 149 
10 -56 -4 
1 9 91 
101 43 35 
-6 -23 5 
2 128 -44 
-104 3 5 
23 -5 131 
-4 70 145 
-3 -17 1 
-4 -5 1 
-15 16 -40 
-1 20 3 
-81 21 -3 
-82 8 1 
-1 2 6 
112 -26 -2 
49 129 -51 
1 3 16 
-34 11 -46 
-1 72 4 
-73 3 7 
4 -7 -94 
-37 -43 -93 
1 4 -6 
-6 -22 3 
2 -29 138 
18 -2 -3 
1 19 55 
-75 5 2 
-103 -1 4 
-134 -4 -10 
1 19 65 
-1 19 -66 
-55 34 -45 
2 -79 10 
-3 1 7 
10 1 14 
-51 5 -57 
11 5 1 
10 1 -5 
2 31 10 
-25 -1 -60 
-1 -4 5 
-1 19 126 
25 -1 -64 
1 72 2 
-11 -7 3 
53 2 4 
78 -1 -2 
104 19 105 
78 -1 -44 
-2 -15 -79 
145 -50 -54 
-44 4 -2 
-91 10 -40 
3 1 33 
-31 7 -10 
55 2 -14 
-14 1 33 
-6 -4 -24 
-11 9 -2 
93 10 -13 
-6 -2 40 
-4 -3 -2 
-2 31 68 
12 99 6 
-1 -112 3 
-5 -6 -83 
61 -48 -138 
17 -11 -21 
-1 7 2 
-4 2 -8 
34 57 -74 
37 52 10 
58 1 -4 
-3 9 23 
12 -32 -98 
-24 6 -7 
-88 -1 -117 
7 -2 -12 
6 -2 1 
101 2 -20 
-18 -16 57 
-9 -2 4 
-8 95 1 
12 -117 2 
2 15 -26 
35 -44 3 
30 -3 2 
50 42 69 
-1 -5 -4 
-2 -148 -6 
-96 -1 2 
-2 -12 -50 
8 -2 -86 
-1 -126 -19 
3 36 1 
-13 1 -3 
5 1 37 
-1 11 9 
6 -4 -12 
3 -11 -55 
-3 28 1 
3 130 9 
26 -16 -3 
8 -2 -1 
-13 47 -1 
8 4 -5 
-41 1 94 
-69 -72 16 
93 -1 26 
-10 -1 80 
2 -5 -105 
82 -4 20 
58 -74 16 
2 6 -1 
1 -18 3 
-4 144 12 
-6 -128 15 
-21 1 -38 
-1 9 -129 
13 -7 -6 
-1 9 -2 
-2 -118 1 
-57 42 7 
1 51 14 
54 -34 23 
-10 -20 -105 
31 -1 6 
-36 1 44 
-2 39 1 
-4 9 -8 
-1 -24 -3 
-2 -16 -17 
3 2 22 
1 47 -3 
27 -6 3 
12 5 -23 
-5 2 -145 
-78 1 -18 
-1 -28 83 
14 -1 2 
-47 1 18 
43 -44 52 
-13 -87 6 
-62 -20 -2 
-13 1 -2 
1 3 23 
-2 69 -94 
1 27 11 
-7 17 -1 
-2 -1 121 
-11 39 -18 
1 5 -2 
-20 1 9 
1 -4 -28 
-19 -3 1 
-72 1 -38 
-5 24 -32 
107 1 7 
1 -2 -34 
1 -25 149 
6 -110 -29 
2 74 4 
61 -1 11 
2 -17 -16 
-29 -92 8 
2 -13 -114 
4 -1 -14 
-148 -10 -90 
14 -25 -64 
14 1 -2 
3 -52 -12 
40 -62 2 
-5 125 -8 
2 1 23 
-25 -7 28 
5 -30 -1 
11 -2 1 
86 -7 10 
3 9 -1 
1 -26 -53 
27 -1 -120 
2 18 -1 
5 -1 -6 
-6 -12 13 
-4 -5 -96 
-3 1 2 
39 -7 -10 
-1 20 4 
97 -1 60 
29 -2 -121 
143 -81 -24 
-4 -43 -56 
-39 -33 67 
1 -146 -3 
11 -2 100 
-12 -70 -42 
25 1 -45 
-133 -4 1 
-1 -140 -4 
49 -1 2 
-2 -117 47 
-12 -11 -6 
-7 -1 -104 
13 -4 12 
-36 17 -1 
-4 -47 6 
1 2 -21 
-1 4 -14 
22 -8 -62 
2 -23 55 
1 28 -111 
23 -4 1 
-14 -6 1 
-30 1 16 
-2 1 -32 
42 2 -52 
3 -107 110 
27 1 72 
-1 3 -7 
1 -33 141 
19 1 -103 
5 28 -66 
-146 -3 -2 
-42 90 10 
-1 -60 -117 
-38 4 -32 
-1 2 -37 
-29 -1 -13 
17 -3 -42 
-98 -40 3 
-13 -81 22 
-1 106 3 
1 3 -13 
35 111 -1 
82 1 91 
88 32 -24 
-1 58 -10 
-126 26 -1 
-2 41 15 
-1 20 -2 
-5 -27 -3 
-15 1 -6 
-10 -3 106 
138 35 -21 
-3 -1 -25 
-29 -114 -20 
2 -3 -1 
3 64 33 
1 -5 -2 
20 7 36 
-23 -34 -2 
-2 17 -15 
-2 25 5 
2 -8 6 
10 5 -24 
15 -99 -65 
14 2 -1 
1 -108 10 
-1 -14 3 
38 81 82 
1 2 14 
-33 1 2 
-4 -1 -28 
4 -18 3 
-13 10 -4 
-2 4 3 
-1 25 21 
23 14 3 
-7 26 68 
113 55 -1 
-32 8 -24 
-30 11 4 
84 -14 108 
48 -2 -65 
-2 -1 -8 
-28 -1 -3 
75 -2 -21 
15 -113 -5 
-24 13 19 
-64 -5 -3 
-5 40 44 
7 -94 -10 
1 -118 101 
49 -11 -3 
37 -1 2 
-104 2 1 
3 6 1 
45 -126 5 
-11 1 -3 
37 108 -12 
4 -6 -71 
-3 4 -1 
-51 3 -8 
-2 -14 4 
55 23 -12 
-30 -3 9 
13 -9 -8 
1 71 3 
-89 -4 1 
12 2 -9 
-140 11 41 
-43 -1 -116 
-65 1 3 
121 118 1 
1 24 -8 
1 -10 3 
-48 -5 -1 
-50 -3 44 
3 1 116 
-44 -3 80 
-3 9 -61 
-43 -70 35 
1 11 -27 
-1 -21 16 
-7 43 -17 
23 1 2 
-111 115 -17 
1 -12 -34 
3 5 2 
16 -87 -3 
-1 -9 98 
-77 31 -1 
-2 -39 6 
-22 -143 -4 
2 -1 66 
-35 -6 1 
-3 -128 1 
-3 -23 -96 
-20 -126 -4 
8 2 3 
-135 38 -1 
7 -59 13 
103 31 61 
11 17 1 
-1 144 -61 
2 1 -103 
71 59 -3 
-10 -28 2 
-15 -1 -29 
-38 4 -5 
8 -105 -1 
-1 -56 6 
-1 -11 -24 
21 62 -2 
11 13 1 
28 1 -2 
81 -3 -14 
31 3 -1 
43 26 49 
99 11 1 
-9 -101 23 
-9 3 -4 
-14 -58 -7 
70 -1 -105 
1 -3 8 
-8 6 12 
101 -80 48 
-8 97 -41 
-1 88 4 
-21 -13 97 
-7 -1 -4 
8 -52 1 
-18 -31 -124 
-11 10 -4 
-38 57 1 
-1 -3 -12 
48 -2 3 
-4 20 -149 
-22 -23 -9 
-1 -97 -114 
1 -139 -14 
2 -1 -3 
-1 143 -16 
2 -46 -1 
24 -3 -128 
6 3 47 
-3 -1 -14 
29 -96 13 
-1 117 120 
-40 1 5 
134 10 -3 
74 7 3 
9 -68 -3 
-2 -71 -23 
-1 6 -10 
122 51 -3 
15 -105 1 
-4 5 -86 
-15 -1 43 
19 1 3 
-42 8 1 
37 -18 -2 
-10 36 115 
-40 -14 57 
-16 1 -23 
18 46 -64 
-123 -2 52 
-35 4 -3 
1 -8 137 
3 29 -13 
96 -2 20 
1 3 -14 
5 -2 77 
-2 -18 3 
-2 -59 -53 
124 -19 -15 
-1 -3 6 
-2 -3 9 
1 87 -46 
1 59 2 
1 -9 4 
33 3 -17 
12 -1 35 
33 77 -1 
-31 -69 -39 
2 62 -50 
-1 122 3 
-6 -1 8 
23 -2 -8 
8 -3 66 
-9 -3 -1 
-3 2 24 
93 -6 2 
33 -81 -2 
-1 -2 137 
-27 -21 -1 
5 2 -30 
144 -2 1 
61 7 3 
6 2 -140 
-1 31 -44 
1 145 -8 
-1 4 14 
-143 2 -122 
85 8 1 
3 -2 8 
45 3 -5 
24 -54 -5 
20 79 -1 
-17 2 12 
-78 -19 -29 
21 -124 23 
2 3 4 
38 13 4 
-6 2 -10 
1 -6 43 
-26 -107 -13 
150 86 -2 
51 3 -1 
-1 11 -4 
11 -3 12 
5 -2 24 
-29 1 -2 
1 -123 -38 
-1 38 -26 
-21 3 -2 
-9 1 4 
6 1 13 
1 -30 -15 
2 -1 110 
-1 22 60 
2 47 57 
-4 91 1 
38 -1 79 
6 19 10 
1 16 14 
4 -12 119 
10 -12 3 
-4 -8 89 
-2 -81 17 
8 2 66 
-2 -88 -70 
-1 -25 -2 
12 1 -71 
-31 -6 -8 
-1 45 4 
1 -3 -70 
8 -62 2 
59 1 -13 
18 -13 -20 
3 -2 4 
1 5 9 
-15 128 -1 
-10 -55 -30 
15 -3 10 
