2 -4 -1 
16 -74 -72 
112 -72 -45 
-4 17 -37 
-3 -5 -1 
28 -3 2 
5 -31 -1 
-110 123 -8 
-1 -5 37 
1 68 -2 
-1 -19 -10 
-38 86 43 
7 40 -110 
-108 -60 -1 
4 9 -3 
3 -114 126 
14 1 12 
-110 -27 -20 
2 1 -4 
-2 15 89 
1 -21 99 
-14 -7 6 
-28 -1 91 
-2 1 20 
-2 -1 33 
20 3 1 
-5 99 140 
-13 1 -2 
8 -86 -2 
-10 -9 4 
-1 -2 -33 
10 14 -1 
-25 -14 -126 
43 -5 -34 
-11 3 -9 
-115 -33 -2 
39 52 95 
-122 9 46 
53 -9 4 
83 -3 63 
2 58 -26 
135 -1 -34 
-2 33 -47 
97 10 -78 
3 -48 14 
-40 -1 -68 
25 -1 6 
-15 4 -2 
53 -78 92 
1 7 -4 
-23 123 -31 
-2 -26 36 
11 -5 -79 
-1 91 -3 
-85 118 -8 
6 8 -96 
2 -13 -34 
12 29 -6 
72 3 10 
-53 1 -3 
-57 4 21 
-12 -55 4 
2 -43 129 
1 -43 21 
-1 -59 -32 
39 1 -14 
-5 43 -1 
1 2 28 
-1 25 -3 
138 43 -28 
-109 57 -1 
-2 -4 -3 
-37 -2 1 
24 1 8 
-1 -2 -36 
-3 2 -103 
-3 -7 -30 
128 20 -122 
4 57 11 
1 -31 22 
62 -1 -2 
-134 -18 -16 
3 7 -96 
-9 14 -10 
-2 4 1 
-2 -10 44 
-5 82 -3 
-54 125 1 
23 -108 -130 
15 1 111 
1 -3 -63 
9 -30 -2 
14 -56 4 
32 2 9 
3 -1 -5 
-3 36 -9 
1 -31 -2 
2 -14 9 
8 -92 37 
-2 136 -79 
-35 -5 -1 
34 16 8 
131 54 13 
1 -3 25 
6 1 -34 
1 4 86 
61 12 -48 
-25 150 -3 
40 -13 16 
-2 -52 -14 
2 1 5 
85 -19 -55 
113 1 -8 
-1 15 125 
2 6 32 
1 10 3 
-2 13 -86 
13 -42 -4 
-31 -2 106 
-1 3 5 
-39 -37 32 
-3 -1 24 
5 139 -8 
5 1 77 
-101 1 18 
6 3 -1 
-5 2 -4 
-78 -2 -11 
20 -146 -2 
-81 -8 1 
16 3 -67 
-1 -2 -55 
-1 -61 -3 
-39 -48 8 
-2 -72 -6 
-10 8 4 
-4 6 -7 
-44 1 89 
-3 -37 2 
-16 -1 -36 
-5 1 9 
1 2 -20 
-1 -37 8 
-6 -30 -1 
11 -3 -20 
6 -145 -7 
42 -43 9 
1 -6 -51 
-6 -1 -2 
-1 102 2 
-109 14 4 
-2 1 -4 
6 -67 25 
-146 15 1 
103 -34 -15 
-2 17 -11 
-1 -7 4 
-7 -60 -63 
3 95 -2 
6 1 2 
122 148 1 
-66 -26 6 
-28 1 -43 
31 1 3 
-25 -29 -3 
-107 3 5 
2 6 1 
3 -10 -97 
-5 29 56 
2 -3 17 
1 -17 -4 
-23 96 -5 
12 4 -84 
-32 1 -3 
-1 58 -7 
-11 -78 83 
1 -19 -12 
19 2 12 
-19 12 -2 
-2 8 -10 
20 -71 1 
-16 39 12 
-2 4 6 
14 1 86 
6 -16 70 
6 -5 -1 
17 4 -55 
-50 8 13 
-78 -107 -1 
10 5 92 
-1 14 125 
-2 -36 82 
3 2 -1 
-3 -40 1 
-2 11 -1 
-2 -17 6 
6 12 9 
-1 30 -133 
64 -111 -120 
14 -2 9 
29 60 -44 
27 8 -12 
4 17 -36 
34 -18 -1 
34 1 -7 
1 -23 34 
-123 75 17 
29 8 98 
-28 1 11 
11 -31 3 
1 4 -2 
50 1 15 
2 -18 -15 
-4 -16 63 
72 41 -96 
1 3 -137 
29 -128 1 
1 -17 -45 
-25 2 76 
-8 6 -1 
-5 -60 -1 
-10 -18 16 
11 -4 -2 
66 -3 2 
5 121 -107 
4 -61 -23 
2 1 54 
-50 27 1 
-83 1 -2 
-2 -5 1 
-1 2 37 
-18 4 1 
53 -18 -91 
-128 3 -54 
-7 31 125 
-70 -150 -1 
-1 2 29 
36 7 73 
-7 -136 -24 
64 -62 -2 
65 33 -21 
24 46 -59 
3 36 29 
-11 -26 119 
8 9 -19 
44 3 -99 
-2 -1 132 
8 25 -146 
1 -5 -57 
20 26 -2 
2 -91 -1 
-49 122 -14 
1 -22 -20 
14 149 2 
-1 -21 -2 
10 -7 1 
-15 -1 5 
4 -2 -9 
-2 -70 -4 
-7 5 -16 
-36 -1 -32 
45 11 10 
-1 3 17 
10 -4 2 
-14 -4 -2 
-1 13 -12 
-5 -4 2 
-1 -22 3 
-1 7 -120 
3 -9 37 
58 -2 22 
32 -1 42 
-132 -1 35 
-2 3 1 
6 17 1 
-62 -26 -126 
-12 58 -4 
-7 2 -6 
1 -6 2 
10 26 -29 
-67 22 -3 
22 -1 -5 
1 12 -82 
-35 -51 1 
-1 2 -94 
1 -7 -44 
-49 -2 -15 
29 -59 143 
5 7 1 
2 -16 -10 
6 5 1 
23 -3 -1 
-89 -1 -2 
-126 -35 -2 
1 33 8 
-19 51 -101 
-90 135 12 
27 -2 -32 
45 100 1 
1 29 3 
-150 21 -11 
1 11 101 
-4 123 31 
5 -20 -81 
17 -19 -11 
14 -1 -12 
-15 -10 11 
-92 4 1 
31 9 -1 
88 15 35 
-2 -1 49 
-17 -136 3 
-2 1 -96 
7 24 -4 
-8 -122 1 
-1 14 60 
12 1 31 
-66 1 14 
19 61 3 
54 -40 7 
65 87 -38 
1 8 5 
11 -5 26 
-2 -6 141 
2 70 -62 
3 -139 -31 
2 1 27 
-7 -6 -124 
-25 -30 -2 
-16 3 15 
2 -1 37 
-141 29 17 
-73 29 49 
-3 -1 62 
11 -5 -1 
138 134 -21 
-29 4 82 
-5 -34 -38 
100 12 1 
5 -90 8 
9 -2 3 
-14 4 -2 
13 7 1 
-22 -3 1 
1 11 -115 
-1 22 5 
1 3 -34 
-35 27 2 
-1 66 5 
-12 -43 16 
3 -31 -1 
4 19 6 
15 -78 -144 
1 -22 -2 
-42 23 24 
1 21 -88 
-2 3 -13 
-68 -9 -1 
19 1 4 
58 -115 -1 
-25 -2 1 
1 14 -126 
2 -92 -17 
-107 -2 12 
96 1 2 
-70 5 1 
1 11 -39 
-7 -80 -1 
-47 -30 -4 
61 -70 60 
-91 -6 -23 
-2 -11 5 
107 -9 2 
-83 -3 -8 
15 1 12 
3 -21 5 
-17 -4 78 
5 72 -2 
13 -57 7 
-8 -31 122 
5 2 -25 
-50 -1 -57 
11 2 -113 
13 1 -66 
-2 -16 -8 
2 -105 1 
28 -12 120 
-94 -1 -2 
-5 -53 1 
-138 -6 -1 
-26 22 -10 
-105 148 -125 
83 72 -1 
62 -18 -9 
11 -6 -142 
6 -5 2 
22 -11 -4 
34 1 -98 
-1 11 -7 
-131 -13 -1 
1 14 13 
4 52 36 
1 11 -73 
-37 50 4 
-1 -99 -10 
49 -1 -5 
-7 9 28 
-13 -1 -8 
5 -43 74 
5 127 -23 
97 -4 34 
14 -45 21 
125 36 46 
5 8 55 
1 45 -3 
-7 -15 16 
-4 37 -89 
-14 5 10 
11 18 125 
-21 -81 19 
-3 1 46 
-1 -2 33 
47 137 -2 
3 22 -11 
-9 43 -2 
-1 3 8 
-110 1 128 
4 -3 -2 
-2 -1 -17 
-2 46 -11 
-62 2 -75 
25 1 -4 
1 53 2 
-51 24 -3 
-22 -19 1 
4 -6 65 
1 33 -11 
1 9 -4 
-5 -9 -6 
-8 -11 -78 
14 -2 -29 
-2 -53 -35 
-5 -31 -7 
23 -3 -1 
6 1 64 
9 2 -11 
-38 65 -102 
3 -12 -28 
9 81 3 
-2 -4 -125 
7 -31 -2 
-52 -1 3 
-11 92 10 
-103 1 10 
-6 1 62 
-118 -87 113 
2 -5 -4 
1 -22 -83 
14 -3 -10 
-18 -2 17 
27 -10 8 
-6 10 -38 
1 80 9 
12 -3 24 
-1 99 84 
7 -9 41 
-2 37 5 
6 19 -17 
32 90 18 
-60 -73 29 
-1 -47 6 
54 -21 -1 
50 -29 -2 
-8 10 2 
-1 -16 -3 
11 3 -89 
-1 -33 10 
4 87 1 
-11 33 16 
-14 -5 -36 
1 -130 2 
13 -1 3 
70 -1 3 
-4 36 -22 
75 -1 -10 
22 -1 3 
2 5 78 
1 -150 -17 
-2 7 -4 
1 127 -4 
-2 34 -1 
1 6 48 
-1 40 -3 
-8 -2 -1 
1 5 -29 
4 39 -2 
-2 107 13 
1 -2 -70 
-5 1 42 
-1 127 -146 
-147 125 41 
-4 -67 -30 
92 -43 -9 
-2 9 -106 
-5 1 67 
-76 -107 -50 
22 -3 -1 
10 -71 -97 
-60 -24 -2 
28 8 4 
-33 9 143 
14 -11 3 
-2 -35 -11 
96 -3 2 
-13 26 58 
48 24 -1 
-19 76 -7 
1 -6 55 
96 29 -11 
2 -11 -1 
-5 -56 1 
-18 -2 1 
3 -1 -17 
-6 8 -105 
-4 -75 86 
10 6 -4 
-1 99 13 
-18 -8 -6 
-4 -9 1 
-46 -2 1 
-5 18 2 
-53 -10 -2 
-43 -68 -8 
-9 3 80 
-1 4 3 
2 -1 3 
65 -1 -4 
4 44 94 
-3 1 -4 
2 28 -16 
-2 -22 -5 
15 -17 -8 
-108 -120 3 
-97 -11 31 
-4 9 81 
-7 3 -58 
-17 -56 -15 
-19 38 64 
143 12 -17 
23 -3 80 
105 -2 44 
-8 -2 -15 
-1 -2 -51 
-87 11 -94 
-11 -1 7 
18 2 -6 
1 6 2 
-1 -55 -78 
-4 -3 -106 
-1 3 -9 
-68 -6 -32 
-2 -8 -52 
60 11 1 
-107 1 12 
7 2 10 
1 -4 113 
-3 -17 -93 
-53 -141 5 
-20 -148 7 
100 74 -7 
2 -81 118 
3 5 -47 
-3 -35 -5 
14 2 37 
8 -104 2 
-1 16 3 
-42 2 97 
-4 -2 -6 
3 5 -2 
69 4 -96 
22 1 -35 
-1 -64 46 
23 -5 10 
15 34 -49 
-1 -113 31 
-9 103 -1 
-23 -6 4 
-117 -47 -1 
1 2 41 
-1 22 -16 
11 -1 -35 
-8 -5 -14 
124 14 -2 
-2 -4 -1 
-33 -68 3 
1 -3 -18 
9 1 -52 
12 1 82 
13 8 -1 
6 3 1 
