-9 -3 -138 
-9 1 42 
3 17 -9 
-85 1 -2 
-6 11 -5 
-25 -100 -2 
8 3 81 
8 -100 -3 
6 1 -8 
-2 -5 1 
-133 4 -88 
-35 11 50 
-62 7 -3 
-15 -41 2 
-1 3 -14 
31 -132 3 
-12 -54 -2 
64 6 -22 
-84 1 7 
-12 -27 3 
-1 21 4 
-5 -9 -14 
4 37 52 
-95 1 -3 
1 27 -12 
1 25 -4 
10 -1 51 
2 55 -33 
-30 -2 13 
3 2 69 
-2 -62 8 
2 8 32 
73 3 -1 
49 36 84 
-1 -150 2 
-2 45 41 
-5 3 -62 
-3 -7 14 
-28 -3 -64 
-2 8 -1 
-118 12 -1 
-69 12 -149 
-2 8 -4 
27 -13 4 
12 9 101 
19 78 -2 
50 -1 -79 
6 20 -60 
-3 28 1 
1 -36 -45 
-77 25 -4 
1 10 -58 
-1 -2 -6 
-4 31 -62 
1 -57 -3 
-18 -5 46 
5 2 7 
49 1 2 
-4 64 16 
-1 -15 -2 
-8 63 68 
11 -28 1 
7 58 44 
-36 16 47 
53 20 -105 
-2 -1 31 
-2 73 1 
49 3 27 
31 -8 -6 
14 -33 1 
-1 -7 -3 
-63 1 48 
2 11 -9 
12 -25 106 
-36 -96 -129 
-18 21 -3 
-12 1 -47 
72 2 27 
3 -14 -37 
-24 19 1 
2 1 14 
-3 2 -46 
6 -1 32 
13 -70 1 
17 82 -19 
-2 65 18 
-33 -1 -8 
-93 1 -4 
14 -6 -137 
-6 1 8 
-6 3 -57 
-23 149 -18 
-2 -4 1 
-1 -3 -80 
-7 -133 -81 
-5 12 -11 
44 -150 81 
8 -5 -20 
-35 1 27 
-4 -39 99 
-2 6 119 
-7 -18 133 
-11 -18 -1 
2 -10 24 
5 -9 40 
3 -122 -13 
116 -28 -23 
-13 -62 -103 
4 -25 3 
-2 120 98 
5 -61 12 
3 6 109 
-62 121 -3 
-9 3 12 
35 -76 -25 
50 107 46 
-91 1 -34 
-12 -3 87 
45 1 56 
-1 5 -40 
86 -69 29 
-21 -1 -68 
-4 1 -2 
-63 21 -3 
17 -130 -86 
-2 13 4 
2 -6 -63 
34 -1 3 
-27 -66 29 
-2 -1 -6 
3 56 44 
40 4 32 
-110 -1 -3 
-2 -16 135 
22 -9 -1 
-3 134 40 
1 -106 9 
-7 2 -60 
-45 -4 11 
-27 1 -26 
1 25 -114 
55 11 10 
1 5 -43 
1 2 73 
76 5 1 
-129 -30 4 
-56 24 -7 
2 -10 -7 
-92 22 2 
-4 1 -40 
-1 7 20 
1 4 66 
12 -100 115 
-20 -3 -92 
7 -98 5 
-4 70 21 
-2 20 -1 
14 -1 -5 
7 -38 143 
-4 -37 -2 
-2 36 -11 
27 13 -2 
-1 18 12 
-42 -3 2 
-57 1 -10 
21 10 16 
4 -30 -2 
1 -10 88 
3 13 -20 
2 14 -125 
-9 -130 3 
-78 13 -4 
-81 -35 -2 
4 -6 15 
1 4 15 
26 -35 29 
-69 -1 -17 
114 10 -41 
-9 -10 6 
10 -1 14 
14 13 12 
2 -8 45 
-68 -38 19 
74 14 1 
1 33 2 
1 8 2 
-1 -2 -6 
-22 7 -4 
58 12 -7 
-5 3 -2 
-5 -2 -7 
-15 5 11 
17 9 -5 
10 17 -68 
-103 3 -80 
-1 30 -5 
6 1 40 
1 -2 -11 
-3 98 -9 
-2 -30 -13 
-1 -2 -68 
-5 2 1 
-49 2 5 
-2 -15 -98 
-2 -117 142 
-1 -46 3 
-58 -15 -26 
2 -7 26 
13 -1 43 
-57 18 -1 
-27 -44 -2 
-86 -6 -79 
7 -3 1 
-128 2 3 
-5 8 2 
-112 -3 56 
-6 -1 3 
90 -2 -8 
26 28 47 
-88 30 2 
3 -1 61 
-2 -5 34 
-8 2 -3 
-1 3 15 
2 143 -1 
1 -3 22 
-3 -1 -13 
-1 14 -65 
-1 3 -25 
-1 -19 -84 
-17 4 -1 
4 -55 36 
-4 -1 99 
-20 -4 15 
-62 17 1 
-52 3 1 
-1 5 11 
6 7 35 
-32 1 45 
-1 14 85 
-25 -18 -19 
3 9 -1 
-52 -1 93 
1 70 -2 
19 81 3 
20 22 1 
30 -48 -2 
-1 24 4 
26 -3 -5 
-9 -16 -41 
-64 -35 -62 
-116 17 -3 
-33 14 -45 
-8 -6 -4 
-15 -28 -1 
-1 13 3 
-30 26 -1 
-5 15 -1 
60 5 -31 
-4 26 -3 
1 10 -37 
-38 -101 -36 
2 32 18 
-5 17 18 
-108 48 -2 
-8 -139 -1 
57 -6 100 
-74 6 2 
-10 -63 -7 
-6 -2 -87 
-5 -4 89 
-1 2 47 
46 -3 -28 
54 -3 -2 
1 5 -44 
-141 33 -1 
2 -4 -149 
13 104 -5 
-2 -125 -1 
-33 -1 -17 
-1 -6 4 
-18 67 -73 
1 20 -5 
10 61 -98 
-1 60 77 
-1 -2 -4 
-9 1 43 
-81 -135 -1 
7 11 64 
-13 -19 54 
89 -4 1 
-5 -1 3 
-40 -22 1 
7 -46 -2 
4 89 2 
-53 1 3 
-24 -4 33 
-142 52 1 
-27 -5 -8 
2 -8 -39 
99 -91 1 
-1 -136 6 
9 74 -1 
3 -84 1 
4 -2 1 
66 -62 -1 
6 137 -51 
-5 -3 12 
-128 45 -41 
2 1 11 
3 15 16 
7 -94 31 
2 -133 41 
87 4 -47 
1 104 11 
-5 -13 -33 
-1 -29 -18 
-25 -77 -1 
1 2 36 
-1 5 58 
11 14 -19 
1 -78 5 
-4 29 -10 
-5 -4 3 
35 5 -8 
-40 7 24 
2 6 -1 
-91 8 -9 
-27 -4 1 
-142 67 23 
1 2 8 
1 -4 70 
-25 -2 -11 
-10 -1 102 
-28 -1 2 
-37 1 28 
12 70 -2 
-104 -30 -26 
-2 3 1 
-6 12 -1 
1 -2 -3 
-87 -10 -3 
26 -2 109 
16 1 100 
-3 75 -1 
-1 144 7 
2 -10 -1 
23 -4 -17 
10 -19 -2 
-60 9 12 
77 10 16 
-67 -1 -4 
-1 2 -21 
72 84 3 
-15 1 -2 
-2 -4 -12 
-63 -14 -91 
-3 5 43 
1 2 46 
1 102 -3 
13 -1 -17 
-18 -61 50 
43 -101 -56 
6 -4 34 
4 1 -54 
-2 -1 -3 
-2 -119 46 
-2 -9 -4 
4 13 -1 
-43 -135 31 
-24 31 -19 
-1 -3 9 
-5 69 1 
-7 19 10 
7 -80 23 
-44 -27 -76 
-1 -41 -89 
8 -55 2 
-1 -35 -11 
-25 2 14 
-12 -116 1 
-1 -107 -2 
-73 -71 -1 
35 -1 2 
2 -108 9 
4 -25 7 
-1 41 -15 
1 57 -2 
-17 3 -145 
4 -50 134 
-6 85 77 
-10 -2 -6 
18 -6 -1 
-37 11 2 
-1 -2 -8 
18 -1 -21 
-9 -1 31 
35 19 2 
-17 61 10 
57 -145 8 
-2 -127 10 
1 2 5 
-3 13 71 
86 9 -6 
-9 -16 13 
-16 148 1 
3 9 5 
4 -5 1 
-35 1 -126 
1 73 42 
13 12 29 
3 1 12 
1 24 2 
-56 -3 -27 
-4 -1 -75 
115 94 40 
90 -75 -12 
55 -4 -46 
-1 31 -7 
-4 17 2 
133 2 -71 
-1 12 80 
7 1 -2 
-49 1 -19 
2 -10 1 
-12 -21 -1 
-7 29 -40 
-5 56 42 
-140 30 1 
3 -5 -24 
1 -3 2 
1 3 -23 
1 2 -79 
-3 4 2 
-56 -32 1 
-1 -4 10 
5 4 1 
10 1 3 
7 -74 1 
5 -41 -2 
24 -5 -69 
1 13 -3 
119 2 60 
5 4 27 
8 35 -112 
1 -7 11 
-26 62 13 
72 1 -63 
23 -4 -1 
2 8 134 
19 1 132 
-12 -2 -3 
40 -1 118 
122 15 1 
131 -3 1 
45 -3 -1 
-5 6 57 
1 18 13 
-2 104 -10 
130 33 45 
1 -54 -3 
82 -5 -52 
-62 -23 107 
-1 -12 4 
18 -7 116 
-5 2 7 
-13 1 -112 
36 -8 1 
-5 -35 -2 
37 -96 -4 
-4 8 6 
-76 12 -6 
-29 -7 36 
-20 13 22 
1 55 -5 
73 5 4 
5 104 -39 
6 -2 -29 
-1 -59 -133 
-1 -96 -29 
-3 50 -45 
95 -2 35 
-132 -2 -8 
-17 3 -4 
2 -1 15 
47 -20 -14 
100 -4 12 
1 -2 26 
-63 54 7 
-25 2 -1 
59 5 1 
-82 51 84 
7 5 1 
-82 30 -11 
-102 -39 -17 
-71 53 -13 
-6 -141 -102 
31 119 68 
-5 -12 1 
5 2 24 
-3 -78 18 
6 -94 27 
-2 25 19 
23 7 -131 
-1 32 -52 
-8 5 2 
1 3 -9 
-1 -6 -9 
53 72 -18 
30 5 1 
-32 -14 -144 
98 -35 129 
70 41 -31 
1 3 -47 
22 1 96 
2 8 -14 
4 2 1 
-7 11 38 
82 -17 15 
23 24 58 
3 -2 1 
-50 -19 26 
-1 -36 3 
150 3 -54 
-8 28 -2 
2 1 -131 
-30 144 -46 
14 -3 50 
-128 -12 32 
2 -6 -7 
117 -2 -16 
2 1 -34 
-1 3 -133 
-1 -2 6 
11 -36 147 
-44 -24 -2 
-1 36 -2 
10 49 -47 
44 -3 54 
-7 -1 -4 
1 -3 -6 
1 -2 -59 
102 1 -5 
-131 -7 2 
56 24 32 
-10 39 7 
115 24 -50 
-5 94 8 
-14 -35 101 
-46 2 -25 
-2 -35 3 
65 145 25 
-3 -42 2 
-8 20 10 
-49 2 -72 
7 -116 -63 
2 -12 -125 
16 -2 -1 
122 -128 -5 
2 52 68 
106 -10 -20 
-52 -9 122 
7 -4 8 
123 -1 54 
-1 -101 -10 
-18 -11 14 
-4 1 -20 
12 124 -26 
-3 -97 -6 
-66 1 -31 
19 5 3 
-4 1 3 
3 1 -6 
1 -3 37 
-88 -20 1 
74 -5 -8 
-8 -1 -34 
-50 -3 -1 
-50 -4 -6 
6 10 -31 
-9 5 -24 
-41 -11 1 
122 1 12 
2 -33 -1 
-30 1 -43 
-7 72 12 
-28 -49 6 
1 -7 -65 
-142 -31 1 
-3 1 103 
-14 96 129 
-52 89 -31 
-70 -5 -20 
1 -10 -17 
-1 -11 73 
-14 -28 -83 
44 -2 -17 
1 24 -18 
54 -23 11 
-4 -1 -25 
