1 116 4 
-3 4 1 
-7 -1 -10 
2 -59 38 
74 -3 -75 
66 19 34 
-1 -62 5 
53 1 -3 
-1 51 17 
-16 -20 -15 
6 -7 1 
12 -1 2 
-12 1 15 
-2 30 1 
3 -19 -59 
-25 21 -121 
23 1 -36 
2 7 14 
103 -35 1 
-104 1 2 
-9 -2 8 
11 3 1 
1 7 2 
-5 7 66 
57 2 -3 
-1 7 -19 
-29 87 -38 
26 97 82 
-13 5 -3 
-9 -24 -2 
3 38 140 
8 -122 2 
1 77 10 
3 1 4 
-7 -60 14 
-42 -2 -3 
67 -8 1 
15 71 -13 
-6 55 -16 
5 -4 -9 
-4 -1 79 
-36 14 -1 
2 6 24 
97 -1 11 
-10 60 49 
-65 2 -18 
73 1 -2 
-1 -26 -36 
-1 -24 -13 
4 -61 -2 
76 -53 -1 
-14 1 37 
36 1 2 
-2 -12 88 
38 -50 -6 
3 -6 48 
13 1 -3 
1 -2 -32 
21 7 -124 
-53 30 71 
1 58 -7 
31 62 14 
-8 3 4 
-12 -5 -1 
-10 -1 5 
2 -4 -7 
-16 2 -1 
8 -3 2 
55 -25 -75 
111 19 -5 
-77 4 -1 
6 1 -32 
39 88 8 
-115 -1 123 
41 -58 1 
5 14 -1 
-17 -2 -1 
1 7 17 
-30 85 6 
-8 18 53 
19 2 6 
30 1 -5 
1 7 2 
-3 1 -61 
-1 -90 -32 
-1 24 12 
-42 -1 -4 
21 -1 55 
10 1 12 
-17 -27 -88 
-1 2 -41 
1 11 3 
40 12 2 
1 6 4 
8 -1 -61 
1 -15 52 
-1 -20 -136 
3 1 -16 
42 30 -66 
82 1 37 
-16 -3 -122 
3 -6 48 
-9 38 101 
-13 35 -7 
69 39 -2 
-62 -32 -1 
53 9 43 
3 -103 -4 
27 55 -11 
-125 18 3 
5 -4 106 
91 28 3 
-2 -1 -101 
4 7 -61 
-62 31 -34 
-10 73 4 
5 -21 -1 
1 -2 -94 
-1 -5 -9 
2 -1 -17 
-149 -1 -40 
-1 -79 -6 
6 -1 -10 
40 52 -82 
1 2 -51 
16 18 1 
-1 -6 -15 
-5 125 -54 
69 20 -3 
-8 1 3 
-1 38 -15 
-6 36 -5 
21 -107 -9 
2 -1 3 
87 -4 5 
-19 -2 -4 
-2 6 -47 
20 -5 -31 
2 58 -29 
32 29 -1 
-12 -1 19 
2 1 128 
-1 -67 109 
-66 112 -80 
-5 10 52 
-2 -6 -7 
2 -54 7 
95 -143 -1 
-1 124 -53 
48 -8 7 
-44 -1 -10 
1 99 3 
-1 -3 -12 
-5 86 16 
-38 1 80 
4 103 3 
1 2 -135 
3 4 47 
-10 21 7 
15 11 9 
-79 -1 24 
2 30 33 
-1 -28 127 
1 30 -8 
6 20 -1 
148 -55 1 
1 51 23 
1 128 7 
5 -6 -16 
114 -75 -74 
96 1 5 
5 1 -54 
-2 -13 1 
-59 -1 5 
14 29 8 
-22 136 -18 
-10 -104 -2 
-2 -1 13 
5 1 141 
4 1 31 
-7 -96 -2 
25 -142 -55 
35 2 -34 
-26 -97 -65 
-63 -35 -1 
129 8 -5 
18 17 -1 
-47 30 -8 
10 -14 24 
-5 80 99 
-2 1 51 
-4 -15 2 
-112 2 -4 
15 1 -6 
9 -2 -5 
34 -67 62 
2 -84 51 
42 30 -5 
-8 1 5 
125 1 -33 
-7 -9 8 
-78 7 -1 
1 -2 62 
-32 3 -1 
-60 -20 -10 
-5 -112 -6 
-8 -3 -5 
-5 -2 40 
-12 101 76 
-2 -3 55 
-20 63 -16 
18 -1 -9 
-1 -60 -82 
4 -8 3 
66 33 1 
-54 -22 -11 
-6 61 -3 
8 -4 95 
1 35 -2 
1 24 -40 
52 1 2 
-1 -48 10 
149 4 69 
144 -3 -78 
-83 -3 4 
-4 3 -1 
8 -16 -1 
-7 -1 4 
1 -27 -21 
6 -9 4 
-2 8 -25 
3 14 -127 
4 -15 1 
39 -52 -16 
2 6 44 
3 -2 -39 
-19 -3 16 
75 -6 1 
-15 67 -5 
-144 1 4 
-18 -3 -135 
-8 -17 -2 
-1 99 -22 
1 -5 -10 
7 70 115 
-16 106 1 
4 62 -64 
-64 15 34 
-2 -1 3 
-8 -5 -1 
7 -4 -32 
-36 2 62 
-2 -4 -3 
10 -6 1 
1 54 -4 
-2 -5 -1 
2 1 -44 
64 -31 4 
1 -9 -3 
17 -4 22 
-9 -32 97 
16 45 79 
-4 124 -60 
-32 -137 -1 
10 -1 50 
71 -4 1 
5 8 3 
-2 56 1 
2 3 57 
122 -5 25 
86 -1 8 
-4 10 41 
-1 59 -2 
-11 72 1 
78 1 9 
-1 8 -19 
86 -83 -2 
50 -61 -17 
-76 -133 119 
-20 8 103 
11 39 3 
-1 44 -3 
-16 98 -1 
-7 97 73 
9 -5 4 
1 -2 -38 
-16 -75 -21 
-109 1 -132 
42 -30 64 
141 23 1 
-10 -24 -2 
7 2 -32 
9 -36 3 
-4 -2 -91 
79 121 18 
-3 -1 -16 
2 134 -137 
-12 -2 100 
3 -88 -45 
8 -77 -45 
-65 -12 -13 
16 -10 8 
1 83 5 
-28 -18 -4 
1 4 -2 
-2 -13 7 
-122 48 1 
89 -116 94 
-1 -17 -127 
-10 17 -1 
18 19 -3 
139 -2 -64 
-4 -1 -3 
74 -37 -10 
-124 -67 -143 
11 29 -64 
-4 -2 127 
16 71 4 
1 -5 -110 
-2 -20 -9 
-8 1 5 
-44 91 1 
1 7 69 
18 138 -1 
17 1 -2 
3 26 -5 
143 -42 -24 
41 -80 78 
1 23 -32 
-7 -21 -56 
3 -79 129 
3 19 18 
6 9 94 
126 -103 -20 
3 1 2 
89 -144 -1 
3 1 -54 
13 3 -6 
3 15 49 
-2 -96 -138 
2 -102 -6 
-48 -4 -20 
2 -32 7 
7 -6 12 
1 79 6 
-9 23 -3 
-2 16 3 
1 68 72 
41 -1 26 
-16 -1 6 
2 -73 -72 
-132 -24 -28 
43 -33 2 
-41 5 6 
-1 5 41 
97 -3 7 
-4 7 -1 
11 17 -23 
1 29 138 
-26 -1 -2 
-14 6 -132 
-1 35 7 
9 51 -1 
28 -7 -34 
9 -11 -5 
-45 -1 2 
-4 -48 -1 
-1 -24 -20 
27 -112 9 
-1 -9 3 
14 -65 46 
-8 40 -17 
-10 -1 3 
-78 47 -98 
-1 -17 -7 
38 -95 -87 
47 -2 -113 
6 22 -93 
1 -4 2 
-45 -2 -4 
1 -91 33 
-1 -3 -102 
-3 2 7 
1 -2 27 
84 -105 -1 
-1 -100 5 
-96 8 -31 
98 6 -3 
-59 1 3 
1 -4 18 
2 -1 -9 
-25 15 -5 
91 -1 141 
-63 -5 1 
71 -94 32 
123 -2 1 
-25 -1 -22 
-1 76 -105 
-33 -4 -3 
1 47 -3 
-7 -141 2 
2 -9 -3 
6 12 -69 
5 65 -1 
-135 -5 -1 
-45 60 -69 
-46 71 -1 
5 -135 92 
-2 118 79 
17 -1 150 
4 27 24 
27 -138 -11 
43 -1 2 
4 -2 -102 
-3 1 6 
-6 -1 -12 
89 -61 6 
28 -1 3 
1 98 -47 
15 -16 -36 
-11 -10 149 
4 -1 -7 
-8 1 -2 
118 -13 2 
9 -1 3 
70 16 -1 
1 89 -2 
-19 1 102 
-45 -61 -1 
-1 122 19 
-3 113 4 
-5 -44 3 
-1 -3 -66 
-64 -9 44 
-90 4 -1 
-9 -1 50 
2 9 -108 
4 44 -1 
1 -59 -13 
1 81 42 
-122 -110 -29 
-124 -2 1 
1 -27 111 
-2 -39 3 
-1 45 129 
9 -1 -18 
-117 2 -67 
-25 33 -9 
1 -8 89 
-41 40 6 
-6 1 -2 
40 -1 -2 
-18 -2 -5 
-6 4 -2 
-1 27 -2 
-36 4 2 
-1 -101 13 
123 -1 6 
-7 -10 3 
23 -17 -6 
6 -1 14 
-50 136 -3 
1 4 -13 
34 4 -16 
1 6 -2 
-1 -17 -123 
2 -12 46 
-1 31 105 
-1 84 -65 
6 8 -4 
-3 54 5 
-5 7 127 
1 -46 30 
61 2 -72 
-13 -6 2 
118 -7 -2 
-24 -134 4 
-3 1 -2 
-21 1 3 
-1 2 3 
-4 -18 -10 
27 -1 20 
27 18 1 
1 -23 43 
-2 9 -42 
10 54 144 
-5 -4 -2 
2 6 39 
30 4 -10 
-6 45 -38 
-29 14 8 
81 8 -70 
-1 18 88 
44 -7 -1 
-3 -23 -2 
-4 -3 18 
-124 13 1 
81 1 -67 
4 -77 -59 
13 1 -34 
26 -2 43 
-2 -4 1 
-1 -20 2 
4 5 38 
97 -1 5 
-1 135 -2 
-143 -31 107 
15 2 17 
-6 -1 -72 
-1 2 -15 
-14 81 28 
-2 110 -56 
-7 -46 -1 
34 -1 4 
-2 -7 41 
-1 31 5 
-88 -6 1 
-2 16 -92 
72 -121 14 
140 3 -41 
-5 28 1 
8 7 131 
1 -41 -12 
11 23 -21 
-20 12 2 
1 -4 -12 
-123 29 1 
-59 2 41 
4 16 -17 
37 54 -3 
1 2 -126 
-10 -86 6 
-20 2 51 
11 -1 -2 
13 1 -12 
-4 26 95 
6 61 11 
42 115 27 
-29 13 1 
-81 116 1 
2 1 -5 
-1 -4 -13 
-57 -1 58 
82 2 -1 
-10 3 8 
-131 4 1 
-6 2 -31 
-38 -41 -34 
31 5 4 
2 43 1 
1 -23 -10 
-3 -1 112 
-7 85 -2 
-19 -1 26 
-31 -2 122 
1 35 2 
-6 -1 -2 
-28 -1 24 
1 7 11 
-3 21 -38 
-9 129 5 
8 1 -147 
-5 -3 16 
6 61 -2 
100 -137 12 
-1 -32 3 
2 -47 -76 
-1 -38 22 
-1 -98 2 
-2 -30 4 
-92 10 67 
1 2 -138 
21 31 -47 
-1 20 -143 
-19 -2 -16 
-82 6 -47 
100 -9 43 
2 -4 67 
-1 -11 -2 
-1 3 -30 
67 2 1 
77 70 -3 
1 65 3 
-7 -2 103 
5 2 10 
-8 -94 5 
2 1 6 
6 -9 -5 
5 -1 -4 
20 -6 11 
-35 11 -1 
1 -78 -106 
4 68 -2 
2 -31 -3 
8 -7 -123 
106 80 -1 
6 44 -67 
1 4 -15 
-27 23 3 
-34 -6 -35 
