-3 5 23 
1 -8 20 
2 1 11 
-4 1 3 
4 11 -15 
1 4 41 
95 147 12 
-28 1 -107 
-3 2 17 
10 -16 -56 
4 -15 6 
36 4 -10 
-1 149 2 
-8 3 -1 
74 -2 -12 
51 59 1 
11 -56 -1 
53 1 -55 
-25 -12 -17 
-18 -6 -105 
1 3 -40 
-1 -125 -8 
15 -1 26 
-26 2 -68 
2 -4 -43 
-9 51 -2 
8 1 -26 
2 1 -139 
1 -4 -20 
-2 1 50 
-4 8 25 
29 -70 1 
-124 136 -37 
-1 -31 -24 
-2 4 -6 
-16 -79 41 
1 -11 -127 
1 -2 -125 
-3 -2 -110 
-3 2 -5 
-12 34 6 
-2 -13 -9 
-34 57 -38 
9 94 40 
6 2 -20 
-6 2 101 
82 -73 1 
-29 -15 6 
128 -18 -11 
4 -2 -1 
11 19 49 
1 -42 -3 
51 3 1 
-7 1 -3 
-69 6 -44 
75 -2 -28 
1 -33 5 
2 19 -1 
-10 2 23 
1 -13 -2 
-1 -19 -8 
28 2 15 
24 -21 1 
-144 19 1 
6 5 16 
1 -2 74 
-11 -2 -12 
34 4 -3 
-1 -18 65 
-39 1 -4 
11 -91 2 
-31 4 -2 
42 35 -3 
1 -99 -89 
13 -38 -44 
10 8 7 
4 -24 -106 
-3 -1 6 
-1 -49 -11 
22 1 20 
-121 -3 -125 
-41 4 -9 
12 -92 -17 
1 45 -35 
139 1 -3 
-1 -3 4 
1 56 87 
-1 -5 -3 
-5 -1 -32 
94 31 10 
52 -1 23 
-54 -33 -72 
-74 -2 -28 
-25 -6 -5 
14 -64 -3 
-58 -2 66 
36 -1 -14 
5 -1 -20 
4 87 78 
-74 -138 2 
7 18 4 
-1 -124 3 
-2 87 51 
-49 1 12 
-24 -25 -16 
-7 -5 51 
9 1 -4 
32 -8 3 
3 -7 -2 
127 1 -8 
4 -13 5 
1 13 108 
3 1 -77 
77 57 -2 
3 16 -13 
1 22 7 
23 4 -41 
-4 -5 1 
-48 -1 9 
1 -9 -4 
3 1 2 
-1 -18 63 
-38 24 -6 
15 -1 -2 
-132 24 -6 
7 -99 -1 
10 125 1 
19 21 9 
-19 -20 10 
1 -4 39 
4 -23 1 
3 8 -2 
-24 12 85 
-3 16 2 
-1 -12 3 
-3 1 -37 
-2 -1 7 
1 17 23 
4 46 2 
-1 5 14 
-56 -35 -2 
75 -68 28 
-4 7 -2 
110 -1 4 
-5 -15 1 
11 -7 -12 
-2 -10 35 
-4 72 -101 
-9 -88 -53 
2 -23 6 
-35 66 34 
-9 1 -2 
103 -147 -1 
-3 -39 148 
-8 -6 74 
-1 5 3 
-3 39 -1 
1 113 -5 
-1 -6 5 
3 -8 -2 
-22 26 -15 
2 -7 10 
14 1 3 
-24 -1 5 
-10 -1 5 
-4 3 2 
-2 -105 -5 
2 23 147 
-28 -3 -81 
-17 8 23 
-125 -7 -33 
5 -39 3 
-3 -93 10 
-68 6 1 
-1 9 -39 
65 -115 -8 
-2 4 11 
-39 13 -120 
24 3 -41 
-1 93 -3 
-35 -47 -2 
-37 -100 -19 
-3 35 19 
6 138 -1 
-27 1 11 
25 28 150 
2 -5 8 
4 -13 -1 
27 3 42 
7 33 4 
-16 -2 129 
-39 -77 -5 
-1 68 -2 
-3 5 -1 
-36 6 4 
8 -1 63 
-5 103 41 
-4 27 -6 
1 31 -22 
79 94 21 
-1 8 -15 
-63 39 1 
3 -6 -20 
-13 -17 31 
-121 -8 84 
1 3 -6 
-2 49 4 
1 4 25 
1 4 -62 
38 -46 7 
-15 -5 16 
5 35 119 
56 21 -1 
3 -1 -71 
19 26 6 
-10 -1 -77 
3 -20 15 
-110 -16 1 
50 63 -1 
29 14 -53 
-99 20 1 
-66 5 70 
1 65 22 
-49 8 2 
-3 -11 -1 
-14 3 73 
-35 146 -9 
-4 -7 3 
-9 -8 5 
80 -1 -64 
2 34 -1 
-62 1 -3 
140 5 72 
71 -1 -138 
-1 34 -5 
1 128 -11 
-5 53 7 
47 86 -3 
2 -1 6 
109 -15 -148 
17 8 47 
2 -10 14 
-84 2 -1 
54 17 -14 
1 -48 5 
20 -139 -13 
65 -130 -1 
-27 -22 -6 
12 14 3 
-89 28 15 
-7 83 130 
-1 -4 -27 
2 -1 -20 
98 -4 21 
1 -8 -70 
2 107 4 
-13 1 3 
-28 1 -23 
-125 -6 -126 
1 -15 -38 
5 8 -10 
13 28 3 
-1 -31 15 
-58 -107 2 
-51 103 1 
-19 -13 -25 
9 38 -1 
-6 5 3 
31 -1 46 
-52 16 78 
-29 118 -20 
-33 90 1 
-15 125 -29 
8 1 5 
-39 147 23 
39 -21 -79 
-20 7 -14 
8 20 -23 
57 -3 11 
32 1 -146 
30 -25 1 
30 147 124 
-30 132 -11 
2 -26 -43 
-2 25 47 
63 -2 -28 
40 -39 -1 
-1 119 -4 
1 -15 6 
3 1 -12 
5 10 4 
2 -8 3 
-8 34 35 
-56 -6 -5 
-1 -117 -2 
68 -8 25 
4 -9 -1 
31 2 -3 
-9 -8 1 
-9 -38 -4 
-10 -2 -14 
16 39 -114 
-38 14 33 
-2 -20 148 
-42 13 -14 
-21 7 4 
126 32 -9 
2 -60 -3 
40 -1 -2 
19 53 18 
2 -54 4 
-1 -120 8 
14 2 82 
62 -2 -4 
90 4 80 
-7 41 1 
2 -57 6 
-7 -42 -36 
-4 -8 137 
1 3 -9 
2 1 -50 
-12 -128 1 
-70 37 -78 
1 -2 10 
-4 1 -2 
7 -28 2 
78 8 -1 
16 -19 1 
-44 -6 -3 
127 -6 -10 
10 136 105 
-1 -47 -14 
1 -13 10 
3 -1 43 
-1 -77 -38 
-98 3 24 
-1 -8 -37 
54 79 -73 
115 -3 4 
12 31 11 
131 3 21 
2 14 -4 
4 -26 5 
4 -23 1 
8 50 -9 
-119 1 123 
-132 148 139 
7 1 3 
-8 1 14 
2 48 46 
7 -94 -1 
-118 -22 -1 
-1 50 145 
113 27 33 
-41 69 5 
-53 146 2 
-2 -6 4 
3 -5 1 
-16 94 -4 
-31 17 -5 
65 1 2 
5 9 -1 
-4 23 -7 
-4 -106 -17 
1 6 33 
6 7 11 
-16 66 -2 
-1 126 136 
46 -3 -2 
-125 -65 -13 
-141 -11 -35 
14 43 -145 
-13 -18 30 
55 -8 -4 
-43 23 -102 
-10 -40 11 
2 -1 -12 
15 -2 39 
1 -21 -3 
1 49 -111 
-5 -15 -1 
-27 13 41 
8 -9 18 
1 115 -2 
-2 4 42 
115 -70 -6 
-18 33 1 
-35 2 -81 
-144 -31 -14 
4 -21 -76 
10 -2 -1 
-1 114 -7 
-66 -5 58 
-71 -88 -1 
2 37 -68 
2 17 -1 
7 79 4 
3 12 -1 
2 21 -1 
-1 37 -62 
2 -33 -16 
7 2 6 
-45 1 -51 
-4 -2 -1 
2 1 -10 
1 -3 -18 
-1 106 -4 
-1 120 110 
-1 -3 -16 
-4 -2 -3 
-3 74 -134 
-30 1 -53 
41 119 -1 
-54 6 51 
48 2 85 
149 48 -1 
38 -1 -56 
12 3 -7 
-2 -64 11 
-8 -1 3 
-2 33 74 
26 -7 -92 
136 5 -11 
59 77 -12 
2 -14 -6 
-30 -21 1 
38 10 4 
1 6 39 
10 -13 3 
115 24 2 
-37 25 -1 
4 21 27 
-12 113 -3 
10 -1 -8 
-7 -1 -4 
-19 -1 -8 
34 -40 28 
114 -14 31 
51 7 -119 
-1 -47 34 
-1 138 25 
-134 -3 5 
31 2 -117 
13 7 1 
-13 7 -5 
-1 -11 -2 
3 6 96 
10 20 17 
-34 -7 -86 
-24 -12 17 
22 -3 -8 
-1 48 -8 
106 -134 135 
-36 59 -67 
2 -42 4 
57 11 27 
2 11 -18 
29 1 -19 
4 2 -11 
-10 1 6 
98 22 1 
28 132 -60 
2 115 4 
80 -135 1 
-6 -1 -73 
3 -80 128 
-2 -3 52 
60 2 4 
1 -21 -92 
4 40 -2 
4 -3 -1 
-69 -2 1 
131 -24 -7 
-2 -96 -8 
2 -1 -33 
-47 1 6 
-1 -5 -39 
122 -1 -2 
1 -114 4 
7 1 8 
27 -55 -1 
12 146 -81 
16 1 9 
26 -1 4 
1 -6 5 
1 2 -105 
-57 2 1 
-7 28 46 
6 -29 1 
7 1 -5 
-69 150 3 
1 -45 3 
-16 -82 -1 
-87 7 4 
-138 -25 -62 
-4 10 -64 
129 -1 -77 
-40 1 49 
6 -7 1 
8 74 15 
1 16 -31 
96 10 -1 
-1 -5 13 
-6 44 -14 
-2 -53 16 
19 1 2 
2 -1 -5 
4 6 7 
2 1 6 
-29 10 -1 
-13 1 -23 
34 63 101 
76 75 -13 
3 -56 -87 
10 -2 -15 
-7 -6 -5 
3 -2 45 
-92 -15 -23 
-1 37 12 
-18 -1 42 
-5 79 2 
-3 6 39 
-1 -52 -2 
-1 -81 19 
-2 -31 -110 
6 38 1 
2 -50 3 
102 76 19 
-1 136 5 
-2 -123 -12 
10 -62 81 
-35 1 -102 
35 -4 -140 
110 -34 12 
2 -1 -4 
-15 -30 4 
1 6 -5 
-11 -13 8 
-39 -59 -57 
59 -60 12 
42 -102 1 
94 -73 -23 
-12 1 -49 
1 -3 5 
-1 3 91 
3 39 -103 
-3 1 2 
-6 7 -1 
3 23 -24 
1 -44 -2 
-1 -25 126 
-13 -19 27 
-4 46 56 
70 -2 -5 
6 -54 -125 
-32 -62 -1 
37 -17 11 
108 -8 -1 
4 -70 -5 
-1 -77 -4 
-23 -2 3 
107 -22 -6 
9 86 -68 
-7 20 -1 
124 -2 1 
94 3 93 
-140 31 -5 
7 -12 -25 
8 130 71 
9 -69 1 
3 -43 -6 
96 62 34 
22 -99 -34 
-10 14 2 
2 -5 -20 
-3 -18 35 
-1 8 12 
8 20 -56 
-22 -2 20 
-32 2 1 
21 -2 65 
-8 47 -16 
30 2 -5 
-32 -8 1 
-1 -6 -2 
99 -1 106 
-11 1 -9 
-57 11 -3 
1 23 -94 
8 -3 -6 
-3 -17 4 
-4 -2 31 
1 -33 -89 
137 21 -60 
3 -12 15 
143 -39 1 
108 17 1 
127 -139 -94 
4 11 -1 
-16 11 145 
