67 -51 1 
-81 3 9 
23 4 3 
14 28 9 
12 6 13 
-18 -3 -4 
-21 -6 17 
-19 3 84 
2 -3 -92 
-2 51 1 
-7 -9 21 
1 -6 2 
-19 -6 -3 
-27 -65 -26 
-23 1 25 
5 1 -98 
1 -40 -37 
-6 -2 60 
4 8 42 
2 5 23 
-1 11 2 
11 -1 -84 
56 16 18 
1 -5 89 
-2 -53 11 
1 2 -3 
-61 -1 2 
-2 -7 -16 
-52 -31 -4 
-9 1 6 
-1 2 26 
28 -1 -4 
-5 79 -39 
-2 -76 -1 
-59 -25 17 
2 -92 1 
-55 -4 3 
10 -71 81 
-13 -2 -1 
-98 -14 5 
-8 -1 -2 
-90 2 1 
-4 17 73 
-6 1 87 
49 20 -75 
1 5 21 
36 1 39 
-3 37 11 
1 -32 -90 
1 13 -36 
82 -21 23 
-1 8 5 
84 -6 -10 
9 8 11 
-18 1 38 
6 14 -75 
3 -62 -76 
-13 -9 -12 
83 1 25 
3 -1 -2 
-34 28 5 
6 -18 -2 
-19 14 -16 
68 -1 7 
21 -5 -36 
68 -1 -18 
-25 -7 51 
97 3 -11 
-7 -18 -2 
17 -75 -76 
22 10 -2 
-4 -7 -5 
-24 -2 -1 
65 -31 -21 
20 -1 -99 
-9 16 -1 
92 -2 -10 
2 84 86 
-1 51 82 
-6 1 38 
-45 -39 -13 
-5 8 1 
-11 46 6 
29 -2 -10 
-37 -1 -59 
-2 -8 99 
7 2 1 
-1 -13 -2 
-1 -89 13 
-1 4 -8 
1 23 -32 
2 8 -1 
2 65 -1 
-1 9 22 
-11 18 -24 
1 3 2 
38 7 34 
2 1 -12 
-96 9 71 
9 -26 -5 
-2 1 82 
18 22 -66 
-8 -1 -30 
-2 1 3 
-3 82 -1 
-14 -2 3 
6 1 3 
58 2 17 
10 2 30 
11 -1 38 
1 10 -91 
1 3 2 
-40 -85 25 
6 -4 -73 
83 -49 7 
59 1 -2 
-3 1 6 
42 7 -3 
-43 4 24 
-1 4 -67 
49 1 34 
1 5 4 
9 -52 -3 
-1 28 3 
-37 -94 79 
-2 8 -5 
-1 -11 -13 
37 5 -48 
-1 -17 14 
2 -76 -20 
4 -77 58 
6 -3 -1 
-2 46 17 
12 -61 -54 
-26 57 -1 
-1 -4 3 
-4 -7 6 
-13 5 97 
6 74 2 
-9 5 21 
2 4 5 
27 -24 18 
-7 -12 -68 
-51 29 1 
-1 3 15 
25 29 11 
25 -2 1 
5 62 -13 
-82 -2 21 
6 -7 -4 
80 30 -61 
2 3 -8 
18 -2 -64 
13 -42 75 
-1 35 3 
1 4 -5 
-16 -1 -2 
-1 6 3 
84 42 1 
-1 5 3 
-4 -41 27 
-54 34 -61 
-11 -6 -57 
-2 18 -16 
3 -6 2 
14 1 12 
-1 -2 21 
73 6 7 
5 -42 35 
36 -58 -3 
-2 -12 -10 
-7 -4 -23 
-1 -41 2 
-1 57 -5 
6 2 54 
-8 -65 5 
-50 1 32 
44 1 42 
-2 45 96 
-18 12 -10 
5 -28 -16 
1 6 -5 
-11 2 -27 
19 1 8 
4 -21 -1 
1 -8 -15 
-4 -10 -59 
5 -2 71 
-4 2 -1 
2 1 -13 
-60 -88 -14 
3 -98 1 
-19 -23 -7 
-1 -48 -2 
1 82 22 
-10 -8 43 
-96 -1 5 
-3 -26 -2 
-61 -1 2 
14 7 -12 
-1 23 12 
-90 -3 -9 
-3 -1 7 
-7 -16 100 
100 -1 -2 
-47 4 -21 
4 -3 1 
49 99 2 
-62 2 -28 
-36 52 -65 
-4 -40 1 
18 -55 3 
-1 9 50 
2 1 -5 
-2 5 -10 
-2 -6 -4 
-1 -6 32 
1 2 -5 
2 1 21 
1 -26 -36 
-1 -8 -30 
4 -2 5 
52 6 16 
29 34 22 
5 45 -17 
-1 -2 -8 
3 14 1 
-5 -2 -12 
30 -7 14 
-18 14 36 
-1 -2 -82 
1 5 -57 
3 -1 47 
5 73 -13 
-18 -3 2 
78 -7 3 
-38 40 -36 
-18 21 -2 
10 -11 54 
-2 66 -9 
1 79 82 
37 -54 2 
-13 -41 -3 
-2 3 19 
-2 10 -49 
2 -1 -15 
43 -93 6 
-2 32 42 
1 5 69 
-4 -30 5 
12 -3 -9 
3 -1 -8 
-7 4 2 
-9 1 -95 
2 24 12 
-37 -4 -38 
-3 -19 4 
19 1 13 
4 1 -25 
-3 1 83 
33 -15 21 
95 -8 33 
-4 -1 6 
11 -2 85 
-48 55 1 
11 5 9 
-38 1 13 
2 -1 9 
68 -2 -58 
-89 21 -12 
5 -77 -81 
-1 30 -64 
2 1 -17 
-1 32 -4 
1 -66 -39 
5 3 1 
93 -3 -39 
53 1 5 
-20 -10 -12 
12 -7 18 
9 1 -28 
7 -16 2 
-24 -8 -3 
-17 6 -31 
-4 -14 6 
-1 -69 3 
59 -4 44 
-6 -1 -26 
-56 3 4 
-2 37 7 
-85 1 -99 
-64 -43 42 
94 -91 -52 
13 -2 29 
31 99 6 
-1 3 24 
-31 10 6 
80 -8 -39 
4 21 -3 
-4 -7 1 
3 -1 -44 
-1 -6 2 
13 -1 4 
1 22 38 
31 41 5 
-1 81 16 
-1 12 -7 
1 -47 8 
-6 -16 10 
24 -2 19 
11 18 74 
37 1 -4 
-2 -26 74 
-2 7 -16 
1 -35 62 
-36 11 46 
1 -4 92 
1 2 -30 
56 -79 46 
58 28 -8 
-4 -2 79 
-3 11 -18 
-4 18 -14 
-43 -1 -6 
-8 4 -7 
7 25 -1 
57 1 3 
-19 10 -1 
63 -39 67 
-12 -16 -3 
-43 65 -5 
-4 -24 83 
-4 21 1 
-4 -22 -11 
-61 5 65 
-9 1 15 
-55 -8 -2 
-3 26 1 
-36 -4 16 
49 -5 11 
-2 73 85 
18 -49 3 
3 56 -1 
-12 -52 -1 
1 3 -28 
3 -1 29 
-6 41 -65 
-66 2 -91 
-94 -1 -80 
6 1 9 
