-6 66 13 
-28 78 -2 
1 -4 2 
-3 -1 -8 
-18 -1 4 
-1 28 4 
-37 70 -9 
14 1 -8 
-7 -29 3 
-62 -20 2 
-16 3 13 
-1 20 -77 
-1 -6 3 
1 -2 53 
-36 -20 50 
3 2 9 
99 -1 -100 
-5 73 -36 
-1 -4 9 
-3 33 -1 
-12 -81 2 
-14 -27 -6 
-29 11 -31 
11 24 -20 
-7 -11 1 
3 -1 4 
30 -1 -42 
1 19 63 
-54 -18 1 
34 -12 9 
-1 4 -69 
28 29 -59 
2 -1 -78 
5 -30 -18 
77 4 5 
-1 3 -11 
-86 26 7 
1 -27 73 
65 -2 -1 
86 -4 -36 
-91 -1 16 
-6 28 2 
99 -7 -71 
-2 10 -1 
23 -1 -2 
-10 4 1 
-23 -4 28 
-35 -1 13 
4 1 3 
-10 -88 20 
-1 5 -4 
5 2 -54 
-1 -33 -88 
60 -3 -6 
-37 2 11 
2 62 5 
-12 1 28 
79 -5 -50 
-58 9 33 
1 11 -3 
1 7 -25 
2 -53 17 
-44 65 6 
-1 61 -2 
-8 47 -1 
2 9 -8 
3 -52 -1 
6 11 -38 
-2 57 7 
-9 1 -25 
-28 -1 -33 
-32 -2 3 
-1 -22 92 
-2 -27 54 
77 14 1 
-18 35 -14 
-5 15 97 
2 -3 1 
-1 -4 -33 
31 -3 -2 
-9 26 -1 
24 -13 -22 
-96 -85 60 
9 -6 1 
20 -7 6 
-11 -1 24 
-1 77 -8 
-25 100 2 
-23 1 -2 
-4 30 -63 
62 -8 -1 
-5 -98 31 
5 -17 -1 
1 -94 27 
-1 4 -15 
-14 62 -49 
-92 7 1 
-7 38 -46 
13 -1 -11 
-20 -54 -3 
11 66 1 
31 -4 1 
-79 -1 -54 
5 -77 -71 
-73 -3 -57 
-39 -2 9 
-58 3 44 
-2 1 13 
3 2 -18 
-1 -3 -56 
-32 1 69 
10 16 38 
-31 -4 8 
2 -37 -3 
-3 -2 -6 
-14 -1 3 
93 -6 8 
6 18 -28 
-65 37 7 
2 -1 20 
-1 18 3 
15 1 54 
-39 1 -60 
88 -80 30 
-7 -4 1 
34 -1 -2 
-72 -5 3 
38 -15 -69 
7 -5 1 
-2 7 -1 
-1 -6 -2 
25 -1 32 
-2 17 10 
-6 -25 1 
1 -27 -14 
5 -4 -2 
67 -36 -1 
-61 24 -7 
-34 -11 66 
1 -4 21 
-4 58 -1 
5 1 31 
2 1 11 
-10 -24 -2 
-2 94 -5 
24 1 -4 
71 -2 -8 
-1 -12 -10 
1 3 -5 
33 -1 5 
1 -46 -83 
-55 -1 -3 
-78 -6 -1 
-5 3 -2 
-7 17 19 
44 18 75 
1 30 -73 
-14 1 -5 
-1 5 2 
14 -1 27 
-61 -15 10 
9 48 43 
21 -2 -3 
-4 5 14 
-1 34 3 
15 2 -14 
-1 22 10 
12 -10 -67 
46 88 -1 
5 3 32 
6 -19 1 
-49 47 -38 
-16 1 -5 
4 1 -73 
16 46 -7 
68 7 1 
-2 7 -5 
-31 6 -3 
18 -13 -23 
3 49 -15 
-77 -1 -12 
-1 -94 13 
-16 10 8 
62 -1 5 
-1 -41 45 
1 15 -4 
-1 9 -6 
10 45 -1 
-2 9 -4 
2 18 4 
-91 -16 22 
-16 11 2 
2 63 87 
4 -15 -57 
51 2 -27 
-9 -1 -3 
1 -3 56 
-1 4 13 
-1 4 -84 
1 3 -30 
-33 52 -24 
-2 -8 -30 
1 2 -11 
-17 12 1 
-13 -1 -2 
-58 1 -2 
3 73 -34 
-21 -10 -1 
-2 22 10 
1 29 30 
-5 3 -2 
-4 -10 7 
-28 18 85 
21 -2 -30 
-14 -6 5 
14 22 59 
-70 74 -2 
-17 2 -1 
-3 -1 29 
4 -2 -81 
-10 -1 -3 
-7 84 -44 
51 -13 -25 
-3 1 15 
1 6 14 
-8 -5 -3 
13 -2 12 
-4 14 -1 
24 -1 -6 
55 3 -2 
12 1 -34 
5 -12 64 
78 5 8 
9 16 1 
-44 21 2 
2 -14 -7 
-6 38 -9 
-40 -3 1 
-34 -16 1 
-56 -12 -1 
-19 13 -1 
-6 -18 3 
1 -61 -35 
-4 9 14 
6 -70 -3 
-7 -1 -81 
-2 -3 -20 
5 -3 2 
1 12 2 
87 -6 -28 
-8 -1 -4 
-15 67 -2 
-1 5 -7 
7 15 1 
9 1 51 
3 -63 19 
-80 5 43 
2 6 -3 
25 36 -45 
-21 17 41 
-47 -19 40 
1 -96 -13 
54 28 -18 
91 19 1 
4 -2 -7 
1 -4 -92 
-1 -11 14 
-3 15 -10 
1 -18 12 
87 -4 7 
-54 5 -2 
-1 85 88 
-1 4 -2 
1 -21 91 
1 -3 -2 
2 -57 -1 
1 -13 -2 
-4 49 -20 
-1 -4 17 
30 8 -63 
-14 1 88 
5 32 -14 
-9 1 -4 
-15 20 1 
1 -6 -11 
20 -5 -9 
14 22 90 
4 78 20 
7 -56 -1 
9 3 -98 
71 3 -7 
1 2 44 
15 -100 2 
-19 55 -5 
-66 64 -42 
5 -70 29 
-9 22 10 
-22 78 56 
4 11 13 
-63 -35 6 
35 1 69 
-2 -7 8 
7 -2 -16 
-4 81 -71 
3 -6 1 
-1 4 62 
-9 -60 -71 
-20 -54 -4 
1 -20 -5 
-56 7 -12 
-1 -2 57 
87 -6 57 
-1 -62 -3 
-16 5 47 
-8 -3 15 
40 14 -1 
-15 -3 1 
5 -45 1 
1 17 -65 
2 73 -42 
7 1 -2 
-83 89 85 
1 -19 2 
2 12 -7 
72 5 10 
95 20 1 
-25 1 2 
32 3 2 
-19 -11 57 
10 59 2 
-41 1 2 
18 -14 6 
1 -8 4 
55 20 -2 
-38 -36 5 
3 1 -55 
-80 -1 14 
1 24 49 
-25 -19 -2 
74 26 41 
-20 -1 -7 
3 -44 45 
-10 -1 -11 
30 20 -7 
1 6 13 
-1 48 -51 
-25 -16 18 
-16 -11 4 
-1 39 -10 
2 12 -68 
