3 -15 -42 
-6 -1 -8 
6 4 1 
9 -1 -4 
1 79 3 
-2 22 1 
-3 -5 -41 
-5 10 1 
48 3 55 
1 12 -94 
38 1 -3 
12 -2 -4 
-1 37 13 
-9 1 12 
94 6 -83 
13 -1 2 
-50 -7 -1 
-1 -7 -18 
-11 27 -1 
8 3 1 
-3 6 -47 
-3 -32 9 
5 2 -3 
-2 -3 -1 
1 3 -2 
56 3 28 
-2 29 3 
-17 39 2 
-11 -32 -10 
1 -2 -9 
-26 -11 1 
9 -27 11 
1 72 33 
61 67 -1 
-1 53 -38 
-28 1 8 
-1 27 5 
-2 -1 -20 
18 -1 -2 
11 50 5 
1 -2 48 
11 28 -36 
-34 5 44 
50 1 41 
5 -57 -2 
55 -95 -86 
28 23 44 
-3 1 -4 
-3 55 1 
-5 -38 22 
-6 16 -1 
-5 4 -13 
9 -94 -4 
-15 -3 59 
16 -24 20 
4 -2 -40 
-4 -13 2 
-2 1 -33 
-30 -54 -2 
2 -4 88 
41 -2 70 
34 4 -10 
-20 8 -32 
5 -3 33 
5 4 11 
2 -60 -1 
-41 17 -19 
99 2 9 
3 -11 -24 
-12 -13 -1 
-31 -1 -4 
-88 4 3 
-14 34 -4 
1 -8 21 
1 -13 98 
-24 7 -11 
-1 56 -24 
8 2 9 
7 -1 -43 
30 10 2 
1 9 3 
-1 -16 -91 
1 -12 38 
3 -5 35 
-11 26 -6 
31 22 -47 
57 1 28 
3 1 -13 
49 28 -2 
1 5 3 
-12 -3 -82 
-8 28 69 
-44 -24 -1 
-9 -2 1 
2 -71 -4 
4 6 -44 
-85 14 2 
3 1 -2 
38 8 31 
-44 23 -26 
4 -16 -1 
4 -1 30 
-2 1 21 
-65 20 40 
55 1 -46 
-39 -1 -4 
1 -4 85 
-5 -2 -13 
-45 -88 2 
6 63 -39 
-13 -7 1 
3 -1 -5 
-35 56 -82 
-1 29 36 
1 -100 -3 
-37 2 -1 
-8 -1 -55 
2 1 3 
-12 1 3 
-97 2 3 
6 4 1 
-50 -3 -5 
-14 1 -25 
-2 1 32 
8 -4 -1 
3 -1 5 
-4 1 2 
1 7 42 
-22 -10 -1 
-16 39 -57 
15 2 -39 
6 -2 -5 
24 -16 -53 
-1 17 -15 
-6 66 -96 
3 -51 -61 
-26 23 17 
2 -57 5 
-2 41 42 
-12 3 34 
-37 -2 -38 
3 -4 -85 
-1 -8 -2 
34 1 86 
18 1 37 
6 2 22 
86 -8 16 
-2 5 1 
1 3 4 
-27 3 -30 
6 4 -5 
-13 -1 -21 
18 99 -40 
-91 12 9 
8 1 23 
-8 -71 -2 
-1 -12 38 
19 -96 -39 
-30 -7 28 
20 34 40 
3 1 23 
-42 -1 4 
11 22 7 
6 2 -9 
4 1 95 
-9 7 3 
79 31 11 
-17 92 -14 
-34 23 -7 
-20 -67 -46 
26 2 -5 
12 1 -5 
-4 56 68 
-6 -66 -2 
8 -11 18 
87 7 -5 
-77 2 -3 
-3 -12 2 
-2 1 37 
-45 -26 -1 
14 13 -1 
23 -3 44 
-7 -2 -4 
9 -4 7 
85 1 -24 
68 76 -45 
-23 -1 -82 
81 35 -1 
99 -7 -1 
60 -1 -42 
31 22 -4 
-4 -77 -5 
-6 1 5 
3 2 -1 
23 65 81 
-5 43 -3 
2 -58 -59 
100 -13 -1 
-5 -69 -1 
-27 -38 11 
1 26 -2 
10 -29 -16 
-1 30 -2 
-6 4 13 
-1 3 -57 
1 18 -29 
-4 7 -1 
47 1 20 
-1 3 -15 
-25 -30 -41 
7 3 28 
3 -7 -38 
-2 5 1 
1 -60 -3 
-5 11 -10 
-13 1 -6 
25 4 11 
-1 -70 -11 
-3 -2 23 
-2 -29 8 
-22 -44 -75 
5 18 1 
-74 1 76 
-1 -2 -31 
-52 -17 -23 
-11 54 20 
-7 -1 2 
1 5 -43 
-35 -6 46 
44 1 2 
-1 -6 3 
1 -3 67 
-5 1 6 
-1 -32 -3 
84 -43 1 
-4 -3 -46 
-1 3 -39 
-5 -1 28 
2 44 -1 
12 58 3 
-11 36 74 
-4 -24 -7 
39 -4 -27 
11 26 45 
-23 3 -2 
-4 17 -1 
-52 -9 -28 
9 -1 -12 
57 4 -1 
-67 25 -83 
-66 13 53 
-73 56 -26 
-7 -3 2 
3 -2 4 
31 -6 -15 
12 19 60 
-1 7 13 
-2 30 60 
2 -99 -25 
7 1 -2 
-63 46 2 
-8 -80 -34 
-4 -2 -32 
28 -1 6 
-71 -37 2 
-58 -2 -1 
1 -32 57 
85 -1 -17 
-70 1 -3 
2 21 46 
-3 31 -23 
1 -8 -18 
-2 -3 -20 
-13 7 -2 
2 -1 -5 
3 2 64 
46 95 17 
-1 -6 69 
1 39 8 
-4 -32 -1 
1 -11 -2 
7 -12 1 
7 4 24 
7 -2 -46 
-1 27 -61 
13 1 -8 
11 -16 -1 
-10 3 -49 
1 -3 15 
-14 -2 4 
55 2 3 
1 10 3 
2 9 25 
3 -2 4 
11 -87 2 
12 -34 15 
-8 -32 63 
-45 -3 -2 
86 13 50 
4 85 -71 
-2 7 -16 
-96 52 -28 
-75 14 15 
-3 94 -1 
-45 -7 1 
-7 -84 -47 
4 1 2 
1 9 22 
-33 -3 -1 
55 -6 -16 
2 14 93 
-40 13 1 
-24 2 -56 
87 1 6 
-4 1 18 
-16 2 1 
-18 2 20 
-1 96 -31 
48 3 15 
3 16 7 
65 30 -56 
2 -70 -5 
10 -35 -4 
-2 6 -5 
10 2 -5 
5 3 1 
6 1 55 
-2 -66 -93 
1 48 50 
-8 17 -2 
-1 27 -39 
-15 62 -97 
-1 2 -24 
-2 13 3 
9 13 -18 
-30 4 5 
-20 -1 -17 
30 -1 19 
-1 4 30 
2 12 35 
2 -51 -50 
-12 -1 5 
-33 22 93 
-11 5 -89 
32 -24 2 
-89 -18 -21 
-3 6 -1 
-4 -35 -1 
-1 -7 2 
67 -3 6 
