54 -2 -3 
-8 -13 1 
2 42 -1 
-1 2 90 
13 4 3 
-37 -26 -2 
73 -1 -45 
-11 4 -3 
38 2 -41 
-3 4 1 
-31 1 -2 
1 -15 2 
-21 14 11 
-36 -2 1 
-1 -45 -2 
2 39 4 
-20 -1 2 
-20 -16 1 
-10 1 -7 
-1 4 46 
-2 88 -6 
11 26 17 
-67 -42 -59 
4 38 2 
-2 45 38 
-6 36 7 
5 -28 -1 
-84 -13 22 
2 1 -38 
-94 22 -2 
1 -9 23 
29 -65 -1 
-13 5 -10 
-9 97 33 
-34 26 13 
-2 -4 57 
-1 -11 -22 
-1 -15 -2 
-5 60 7 
-1 3 -7 
-4 -1 3 
-10 3 15 
2 -51 -31 
-49 -14 -16 
1 58 -40 
-12 -11 82 
-2 -95 -15 
-17 -3 32 
-2 5 -35 
-11 -3 99 
-16 15 -95 
70 -1 5 
-1 -44 -71 
-35 -1 5 
-32 1 6 
27 5 38 
-45 3 -56 
1 2 -3 
1 -24 9 
-38 -1 -4 
3 -1 2 
-2 -1 11 
-34 100 28 
-73 -1 -57 
-1 18 -5 
-1 -2 -3 
-9 8 1 
-1 3 -2 
-2 86 -9 
-22 50 1 
1 -3 8 
30 58 -4 
-7 -27 -98 
17 -7 3 
-1 -3 -8 
1 4 -9 
14 27 1 
73 -8 -36 
3 -46 58 
-12 -1 6 
-1 -36 -47 
-11 -59 -17 
-6 42 1 
9 6 40 
3 -88 -11 
-88 -1 3 
-89 -2 -53 
28 1 31 
3 20 2 
-87 -11 -8 
82 1 11 
-3 -44 -1 
3 -15 -52 
4 2 27 
-2 4 -46 
5 13 -25 
-9 21 10 
61 -1 9 
-27 -9 -12 
1 3 2 
65 -30 -3 
17 1 88 
-2 32 31 
-49 4 38 
-75 -1 62 
4 1 42 
4 -26 -15 
44 -1 12 
80 -5 30 
-4 -21 -81 
6 -1 4 
-1 -16 7 
2 -31 -26 
1 3 -12 
-20 -6 5 
-78 1 -72 
-3 1 10 
-41 -31 -98 
4 -23 -2 
-6 -29 10 
-41 1 -28 
-94 -1 -80 
67 1 -21 
3 -2 -6 
12 -79 3 
75 -4 -3 
-31 1 -6 
5 -3 -1 
-27 34 -1 
-1 -7 3 
-61 -71 -1 
-3 43 77 
85 1 -26 
-16 -1 -68 
12 -5 19 
-33 30 1 
1 2 -63 
3 2 -20 
-1 -2 74 
16 -2 66 
-96 -41 17 
3 -2 14 
-3 -4 65 
-48 4 -17 
4 16 -3 
1 5 -2 
9 -2 -59 
9 -2 7 
-5 2 -1 
1 11 14 
-5 -10 11 
-1 11 14 
-29 3 27 
62 -89 70 
1 8 -89 
1 6 -68 
-27 35 -4 
-4 1 15 
3 -2 -18 
-3 -6 -63 
-6 -53 -5 
-2 -3 -5 
-45 3 -1 
-16 14 50 
2 -4 48 
8 42 -20 
-2 -45 3 
-1 4 -5 
-1 -6 69 
-1 -2 -6 
-9 1 73 
2 -1 -4 
-1 -8 -27 
-7 10 -1 
-9 -19 16 
20 -54 -2 
-1 2 37 
1 -9 15 
-2 5 -22 
5 -2 1 
6 12 -26 
9 2 -11 
1 33 9 
5 55 -17 
5 -13 -1 
54 1 -97 
-3 20 28 
-20 16 6 
2 -6 13 
1 -12 -21 
25 -3 4 
-2 12 4 
-98 17 1 
-4 -51 1 
-35 5 -1 
12 77 -11 
2 -5 -3 
-1 -24 -3 
-66 40 -9 
4 16 -7 
-4 2 -12 
12 -27 -7 
-1 33 8 
24 1 18 
-1 -4 -21 
14 -5 3 
-1 -19 -86 
37 17 -1 
2 -10 -1 
-1 -13 -46 
1 34 37 
-87 8 16 
-8 -3 99 
17 -5 -28 
1 2 -6 
33 -7 51 
1 -7 3 
21 -29 35 
-3 23 -62 
-1 -72 -6 
39 2 11 
-1 4 -87 
3 -1 41 
-1 13 23 
-10 -1 -6 
-10 2 -1 
-45 -1 -5 
-1 5 22 
2 1 4 
-2 42 27 
12 1 30 
-2 -14 10 
-9 -1 -22 
-10 9 5 
28 -12 -31 
44 35 2 
-12 -2 -19 
12 46 1 
-1 9 7 
3 -4 -20 
-6 13 1 
-14 -86 2 
17 -2 4 
-10 -2 46 
-1 -3 2 
19 82 -7 
1 40 98 
-76 10 2 
1 7 -3 
-35 39 -3 
-2 -19 12 
1 70 80 
-6 -34 26 
2 -1 -30 
-1 -61 40 
-8 1 -34 
3 2 -9 
3 11 5 
17 57 48 
-27 8 -1 
-89 4 84 
94 1 14 
-1 -10 78 
-1 -4 -43 
-9 -62 36 
26 1 10 
-21 30 -57 
2 -1 7 
5 -2 10 
-5 29 36 
-8 -36 6 
-2 1 -81 
-86 -22 1 
-6 -94 1 
-14 -84 -2 
1 -35 3 
1 100 9 
1 2 35 
6 -2 31 
-1 -86 2 
46 -75 6 
-93 5 50 
-2 17 1 
-2 -6 73 
-3 5 -67 
-17 6 -34 
23 -1 -49 
-26 27 2 
-1 -2 -19 
-4 -50 -22 
-15 -2 9 
-8 -21 59 
-99 10 -2 
4 -35 -2 
21 16 3 
3 97 7 
2 24 -46 
-7 -1 4 
4 94 -1 
-33 5 -91 
19 23 8 
11 -65 53 
-19 1 -2 
81 20 -1 
2 9 6 
33 2 94 
-29 4 2 
-13 -19 7 
-79 -21 -2 
-1 -2 -96 
36 -3 -67 
-5 36 -61 
19 -51 68 
6 2 -58 
2 -1 -30 
-81 1 -17 
60 38 -3 
86 58 1 
-2 14 1 
9 2 1 
19 14 -42 
47 -20 -2 
-2 6 82 
-1 31 6 
-26 11 29 
1 -27 -22 
92 1 2 
1 -53 -16 
-17 -3 5 
23 -56 -2 
-9 -23 1 
1 -6 2 
-10 7 -86 
1 8 6 
-20 -15 46 
-15 -4 -26 
12 30 32 
-12 -9 27 
-1 24 -44 
-9 -32 -6 
44 -37 35 
43 -16 29 
1 7 -21 
-4 -67 -13 
-55 -52 -6 
2 1 -29 
-13 35 28 
-4 39 -1 
-34 -81 -4 
-2 -31 -77 
