14 -88 27 
-13 -1 -24 
-10 4 -9 
46 -10 23 
-5 -2 19 
8 -76 13 
-18 1 -15 
-7 -50 -4 
67 16 18 
17 -18 -64 
48 2 3 
-15 3 -1 
-1 -71 4 
-3 -2 19 
-40 -1 3 
1 -6 -14 
-50 -87 1 
-4 -1 -27 
6 -1 -99 
3 -22 2 
-1 -8 -43 
3 1 93 
-1 -14 -3 
-1 -7 4 
-1 -3 11 
2 -1 53 
-18 1 27 
1 -81 49 
-2 3 1 
23 -39 35 
-10 1 -4 
17 -3 1 
14 1 39 
10 -59 14 
-13 -32 -47 
2 68 1 
7 59 -75 
3 47 16 
5 -26 1 
-1 -2 16 
1 2 50 
8 -12 -6 
7 91 -1 
2 1 -32 
-79 -10 -7 
-1 48 -75 
18 11 1 
1 -5 -13 
28 48 -3 
-9 1 -12 
6 -39 -23 
75 5 28 
98 -7 13 
-6 71 2 
2 -10 -3 
25 -2 -1 
43 -1 -31 
31 -1 -8 
44 2 -1 
25 -59 3 
47 32 -15 
-26 -1 42 
-7 -1 68 
38 -2 1 
-3 -1 15 
-1 -56 -80 
-1 -3 99 
-5 -1 -2 
10 -39 -41 
-43 -59 1 
20 1 -5 
42 -1 -6 
-8 3 -1 
-4 24 -15 
-1 49 -3 
-10 -6 29 
39 -7 -1 
1 -6 -37 
-17 2 1 
-76 -95 -42 
-83 -1 56 
-24 40 7 
11 -7 -14 
1 4 7 
-2 -58 12 
-9 -1 5 
2 73 -93 
2 -5 -3 
-15 -1 6 
-30 -6 1 
-4 6 -13 
-84 -2 4 
-5 61 -3 
-6 83 1 
1 -28 -73 
-61 -1 -34 
-55 1 42 
5 34 -24 
-22 2 1 
9 -50 15 
84 5 -13 
16 1 7 
4 -81 -47 
1 52 13 
-3 -10 -9 
-12 45 -4 
2 -1 32 
-4 -9 10 
-5 3 -12 
-71 -2 -29 
-30 1 19 
2 29 18 
-1 -80 5 
6 1 19 
5 -1 81 
-9 -27 -1 
1 -58 86 
1 7 41 
-11 -3 28 
15 -2 1 
6 -3 -12 
3 -8 47 
2 61 7 
-1 39 -33 
-4 -1 -6 
25 -1 3 
-13 -1 7 
90 80 39 
12 -58 3 
2 5 77 
-2 3 -10 
14 8 -9 
-16 -1 -28 
20 -74 23 
-71 44 59 
14 -13 -16 
-1 -2 80 
-1 -4 63 
1 35 13 
-3 15 -1 
2 -4 20 
-57 4 -14 
44 -4 1 
-21 -2 -9 
52 36 -3 
-37 -2 -24 
15 48 1 
6 9 37 
-29 -70 9 
3 9 -7 
22 -3 7 
-32 -1 -8 
-9 10 -7 
20 13 95 
42 -63 1 
-27 1 39 
-7 15 79 
14 3 -18 
70 67 1 
1 47 38 
12 3 86 
-1 -17 7 
1 40 3 
-28 -14 13 
-6 60 3 
-62 49 -1 
-8 -3 -2 
-57 1 91 
-40 -14 2 
3 -79 -4 
1 -3 18 
-13 3 1 
4 -20 -3 
35 -73 1 
-13 5 -1 
-4 -25 -5 
1 3 -9 
1 -14 4 
-1 93 13 
49 3 26 
2 -20 -7 
-44 -35 3 
21 1 13 
-1 -91 4 
4 18 45 
-18 -5 -10 
4 -3 -1 
11 3 38 
-16 2 -11 
31 59 34 
12 -65 2 
3 72 -50 
6 -7 2 
-25 -53 27 
3 -1 2 
-4 57 -5 
1 -36 -17 
18 -3 -6 
23 1 2 
-1 -23 76 
-19 2 -6 
3 -12 1 
14 1 33 
15 -40 3 
13 -1 -19 
-35 2 7 
-1 -3 -2 
6 -1 70 
24 -7 60 
6 22 -49 
-4 1 -3 
3 -81 -63 
5 -13 -1 
-24 17 2 
-4 -14 -1 
9 -82 6 
-28 4 96 
-2 8 77 
-13 -1 -26 
-5 -4 -1 
-1 11 24 
-8 -2 10 
9 -92 2 
10 -8 2 
2 20 1 
8 -6 4 
12 45 -8 
-6 20 1 
-6 -4 -13 
2 98 8 
-22 -10 -2 
6 2 -14 
-1 -2 -7 
-1 33 73 
7 37 -22 
31 -61 -1 
-1 -28 44 
-1 -2 23 
-5 -49 -66 
2 -12 -18 
7 30 -2 
56 -6 -3 
83 -12 1 
-28 8 -36 
1 37 100 
-75 31 13 
-6 46 -5 
-1 97 47 
1 26 -27 
1 -4 -86 
-4 11 16 
7 12 27 
1 -54 -42 
1 -7 41 
-2 70 45 
-8 -2 -1 
44 67 -27 
-1 -66 2 
3 11 -1 
45 -14 -2 
-11 7 -51 
-5 17 -3 
-3 -44 -23 
10 -46 1 
-5 1 12 
2 -4 -7 
-6 -13 -24 
-1 -8 -50 
-70 1 -11 
1 -9 13 
-3 -6 61 
6 83 -14 
2 1 6 
51 4 16 
-2 27 -1 
63 -86 44 
2 -1 -26 
-7 3 10 
-6 -15 81 
3 -1 2 
-17 3 -1 
-3 -24 -1 
14 -2 -70 
62 -26 1 
15 -45 -4 
-8 16 81 
-64 6 -2 
1 3 -29 
-38 -9 -12 
-2 -1 22 
-68 -36 -47 
3 -36 -2 
24 15 -1 
76 -40 19 
-7 1 -73 
-1 68 59 
12 -3 1 
2 -19 8 
-1 7 -81 
-1 7 -35 
-1 -23 -83 
7 2 -55 
18 -5 -17 
-30 -13 -1 
8 28 -23 
2 -5 -39 
95 3 5 
8 -3 -7 
53 7 8 
-8 46 58 
5 -3 -7 
8 -33 -16 
-86 36 -54 
1 -45 11 
-2 24 25 
65 1 -68 
2 -12 5 
-75 4 10 
18 2 -1 
-73 3 -17 
-3 -10 34 
-1 25 2 
36 -4 9 
-15 -54 11 
-1 4 75 
-42 3 5 
-4 -2 -1 
2 -9 -1 
-6 -4 82 
-3 1 -4 
15 3 28 
-2 -39 -6 
8 1 13 
-1 -3 -22 
6 -5 -1 
-39 2 31 
1 -56 -3 
-3 -6 51 
-1 16 11 
-1 3 82 
-30 -6 -2 
1 -67 12 
-47 -1 -15 
-23 11 -1 
-39 -51 -1 
72 -78 27 
3 20 68 
1 -3 88 
31 -1 -30 
44 2 -42 
