25 87 5 
1 2 -45 
-8 61 2 
-4 16 71 
2 13 -18 
3 -11 -1 
15 -63 -2 
2 1 40 
-2 3 -6 
2 1 47 
-54 -2 -3 
-90 79 -85 
2 -34 -55 
-12 -13 -3 
-77 -40 4 
-18 24 -73 
-2 26 -10 
40 -5 -4 
-22 -11 81 
5 -4 -22 
-19 31 7 
-1 36 25 
-4 -45 -10 
-36 -1 4 
89 55 14 
-16 -64 5 
-2 23 -10 
41 26 -2 
-32 49 -17 
15 -28 19 
1 4 -68 
-5 -19 1 
39 97 11 
-46 31 -1 
-1 2 -8 
-1 -45 2 
1 -54 7 
-4 21 -1 
13 -3 18 
5 -24 71 
8 5 63 
-2 1 -10 
1 -27 6 
35 -22 2 
1 -79 5 
-64 1 21 
-33 -11 9 
-2 41 -3 
16 1 -2 
1 54 6 
2 1 -16 
-47 12 2 
-1 -6 16 
-1 -3 7 
-1 -93 -9 
43 -51 -76 
95 36 7 
4 -15 12 
4 77 2 
2 11 1 
-66 -84 -4 
1 -4 -2 
-59 -40 -30 
1 -19 57 
-3 -1 2 
32 -91 -7 
-20 59 12 
28 1 -11 
4 -15 -74 
-51 1 3 
9 -2 18 
13 -15 1 
-26 -73 -1 
2 -5 -1 
-12 -26 -14 
-3 -68 28 
93 92 -14 
-37 -2 -24 
11 1 -5 
36 27 6 
-1 25 7 
-2 -4 -80 
85 17 -9 
-15 22 -1 
-43 3 88 
-34 -63 23 
2 72 -1 
38 -3 1 
1 -59 -6 
-57 15 -1 
40 1 -6 
23 74 15 
-36 5 -1 
24 6 -14 
1 7 -11 
72 -45 6 
1 -3 2 
-35 -91 1 
-8 1 3 
-1 2 16 
2 -3 6 
-19 -5 -7 
-1 -21 13 
-4 -2 -23 
-16 1 -72 
17 -10 -1 
-1 11 79 
1 -69 -3 
74 -81 21 
91 1 2 
1 -63 -40 
2 1 -12 
-14 68 23 
-63 -4 -11 
1 -2 21 
-6 -13 -98 
6 41 1 
8 -94 -54 
3 40 -8 
1 -21 5 
1 43 -67 
-14 -13 -4 
-80 -12 2 
-5 -37 1 
-1 -3 -12 
-46 -7 -1 
-37 -79 1 
-27 -2 -93 
-62 -2 -29 
-65 4 -1 
-1 41 94 
1 60 -15 
1 45 2 
-1 22 10 
-2 -1 13 
16 -1 3 
1 4 -2 
12 32 82 
4 -63 -29 
-1 -2 6 
-1 37 -11 
-6 -21 -5 
27 4 -92 
-17 87 5 
-12 2 32 
-70 -1 -20 
1 -5 -18 
-22 4 56 
-16 14 -3 
-35 10 4 
43 -6 24 
-25 11 -4 
45 -13 -97 
2 1 -48 
3 -4 1 
-1 -3 12 
-1 53 36 
37 9 -2 
-13 1 6 
1 2 -21 
4 -10 -57 
1 7 23 
27 -23 -1 
3 -1 -62 
-2 -62 1 
-21 -1 26 
-9 -3 30 
4 3 -1 
66 -1 10 
47 6 22 
1 55 71 
67 -50 7 
-93 -6 4 
15 -1 -5 
1 5 -49 
-52 2 -12 
-29 63 71 
6 -2 -3 
28 12 52 
1 89 6 
-5 3 -6 
-1 8 22 
2 -3 -4 
1 96 58 
-48 -3 57 
2 -1 4 
11 -57 26 
-1 -4 9 
-1 -2 -20 
72 1 29 
-19 3 -5 
4 -6 5 
34 -4 2 
32 -7 11 
-5 2 6 
8 1 -3 
17 -11 -7 
1 50 -11 
-8 -1 -6 
-15 6 -10 
1 12 -54 
-42 -48 9 
23 5 52 
-15 -49 47 
-1 -11 5 
-1 61 -59 
-56 -10 -3 
11 -22 -10 
-79 -88 -19 
33 2 29 
-1 -7 -3 
2 3 -64 
-57 -1 3 
1 -5 -37 
3 1 2 
3 1 78 
91 5 -27 
-1 -51 -15 
-2 -1 7 
-56 -98 3 
7 -1 2 
40 -5 -1 
-79 -5 16 
1 -52 55 
1 -2 -27 
-4 39 -1 
1 -26 2 
5 72 10 
34 -59 1 
-18 -15 1 
-26 84 -42 
-8 -1 -3 
-33 26 -83 
-11 -41 -4 
100 2 96 
-6 2 9 
13 -2 30 
-7 -2 5 
-42 -87 -1 
37 34 -4 
-40 17 -1 
5 11 1 
89 -5 9 
-23 -9 -4 
4 8 2 
2 -3 -1 
15 1 19 
-3 -25 -77 
-1 28 17 
4 -2 -19 
5 -7 3 
6 2 -10 
-24 1 -47 
32 5 1 
-1 -12 -3 
1 -80 6 
7 -3 1 
-1 -44 -40 
6 41 66 
10 -1 3 
99 -43 -3 
-7 -1 -2 
8 5 1 
-38 16 -64 
-29 37 -1 
44 -1 84 
64 -1 -8 
-7 -1 -40 
16 3 2 
2 6 -52 
1 75 19 
4 41 -2 
-19 -30 -2 
44 -20 -79 
1 2 3 
-5 3 23 
-75 -2 1 
15 10 -89 
-16 -1 12 
1 -40 -79 
-18 26 -2 
-4 3 1 
23 -1 -35 
1 -43 -3 
-5 -4 3 
-3 -5 -2 
-23 -2 -1 
3 20 -7 
-26 1 93 
2 10 -1 
28 3 68 
-17 4 37 
-3 85 -50 
1 41 3 
-8 -1 3 
2 3 -51 
13 -17 -2 
1 -3 83 
67 -2 5 
-21 -24 93 
-71 -12 -1 
-3 -73 8 
48 2 -35 
-2 82 -1 
8 2 1 
-76 1 7 
52 -1 -7 
67 1 -59 
22 21 -2 
-5 -3 1 
-2 61 -18 
87 -62 16 
1 51 18 
7 -11 -1 
-3 23 1 
-3 -39 -80 
3 -1 -54 
-3 16 1 
38 -2 8 
36 6 -83 
-77 -36 3 
41 -3 49 
-12 1 -6 
-1 74 -2 
3 71 -1 
-18 1 -2 
7 -27 -1 
-1 63 -21 
6 -3 16 
-3 13 1 
9 30 -11 
1 53 21 
1 3 55 
-10 1 -11 
1 -8 -87 
13 2 1 
28 6 -3 
17 -3 -4 
-1 70 47 
-1 -9 -12 
-5 3 -1 
4 7 3 
-11 4 -1 
40 -8 -86 
1 24 -2 
-52 2 27 
2 19 4 
1 -27 -33 
1 70 16 
61 -7 -2 
