-35 -15 -8 
-48 7 76 
8 -48 9 
17 -19 -2 
20 31 -3 
-34 1 10 
3 15 -1 
-8 -3 7 
-20 -35 3 
1 -28 20 
1 7 -9 
-5 -8 58 
24 -45 -16 
-8 -18 2 
6 13 -16 
1 -20 -52 
-43 2 12 
1 -2 -9 
-19 9 1 
-3 -1 -6 
13 40 1 
-33 -38 -12 
-1 4 2 
-1 -15 -2 
44 -5 -1 
-56 1 5 
-1 2 -68 
29 -6 5 
-6 -93 27 
-90 16 12 
-83 -81 -10 
1 -20 -14 
98 -11 -2 
-2 14 -4 
25 4 3 
-1 42 -3 
27 -3 2 
-2 -55 -21 
8 -1 51 
-3 41 1 
4 -5 1 
83 -26 -45 
-4 1 2 
-4 2 -1 
2 -28 9 
-2 -10 7 
27 -1 14 
-99 -1 2 
-2 3 -65 
18 -10 21 
51 -2 -3 
-1 72 24 
4 -34 11 
-1 -45 -18 
-19 -1 -8 
1 -95 54 
4 -1 6 
-1 -9 7 
42 85 -64 
1 -25 -3 
-3 -20 -61 
-25 -10 8 
-7 2 -3 
7 -1 12 
4 -21 13 
-26 3 2 
-41 9 16 
1 6 -14 
-77 1 11 
12 -2 -53 
-1 5 -11 
-7 1 -9 
-63 1 5 
-70 -24 3 
7 -2 3 
1 -6 2 
2 -50 -1 
1 -5 3 
-1 34 31 
-1 -4 2 
-5 -41 1 
-50 1 3 
31 9 1 
4 96 -51 
-38 -10 6 
-3 -1 27 
87 -9 17 
98 -68 6 
2 -51 -36 
51 -37 -3 
-47 -75 -58 
1 -2 13 
1 2 10 
8 1 7 
-1 -14 6 
1 5 -14 
14 -1 35 
-4 7 14 
-1 -2 71 
20 -30 33 
11 -28 3 
-12 2 -47 
10 65 -93 
-49 -6 -43 
68 -1 -21 
-32 2 -97 
-17 3 -7 
-3 -14 2 
8 -3 2 
54 -1 -7 
7 -29 5 
10 -64 -3 
61 -94 -21 
-2 -7 11 
17 -4 -70 
-18 -100 36 
-2 -57 -54 
-1 8 10 
52 -2 -6 
-9 1 21 
6 -1 -3 
-29 23 8 
-3 -2 -5 
-10 -2 44 
-25 -1 82 
22 -89 -28 
10 2 -13 
6 -2 -16 
7 2 -77 
5 -99 29 
6 31 72 
42 26 39 
-8 -11 9 
8 1 19 
-1 -7 42 
-25 -18 -5 
-1 -35 6 
-12 -7 -13 
-12 -86 -1 
97 3 -8 
2 -1 9 
2 4 -19 
1 -2 -12 
2 -22 27 
3 12 -17 
5 -1 11 
-1 31 25 
12 24 3 
50 -7 -86 
2 4 -71 
3 -20 -1 
12 -1 22 
-1 -2 -16 
-82 77 -8 
75 -48 2 
2 1 4 
-67 -1 36 
-6 26 -100 
-19 24 -8 
9 2 -7 
1 62 -4 
-9 -13 -30 
19 11 2 
-3 67 7 
2 -6 1 
12 -94 -4 
4 -97 -80 
8 -2 33 
-26 -2 5 
11 -4 1 
-8 28 -26 
-4 15 6 
-85 -1 54 
-19 13 -9 
-1 27 -3 
-12 28 -96 
58 9 1 
66 3 14 
-26 -24 -1 
4 1 -13 
-20 77 6 
-1 61 3 
2 19 1 
11 1 36 
2 3 1 
-24 -97 4 
-45 1 2 
36 6 -1 
79 1 -9 
-10 38 2 
1 5 3 
51 -1 -3 
1 14 -50 
43 2 8 
-13 3 45 
44 26 -100 
3 -4 -1 
-1 -3 -59 
1 -23 56 
-36 -2 10 
10 -3 -14 
-2 -1 -11 
-23 1 4 
3 1 16 
41 -28 6 
-1 -3 -24 
-2 6 -3 
-99 -13 10 
9 17 -32 
-6 8 -42 
-9 -2 15 
-2 -29 -19 
2 -3 4 
100 -9 -7 
-1 2 9 
1 -13 46 
-88 -27 -22 
14 5 -43 
-52 1 14 
8 -1 45 
58 -10 -26 
-36 -1 46 
3 5 1 
-1 -23 13 
55 -1 32 
-20 51 -68 
-3 -1 2 
-28 -15 -3 
-9 7 3 
-14 -1 22 
-1 20 -30 
-1 4 8 
25 -7 -13 
2 -63 49 
2 -17 -10 
34 -1 2 
3 71 1 
-13 3 -16 
14 32 5 
33 1 2 
-8 -2 13 
-2 -12 -1 
13 -28 75 
1 61 -14 
35 1 17 
6 -8 9 
56 -1 5 
-8 12 -1 
16 24 5 
9 -5 -1 
-15 93 1 
-12 -2 48 
-19 -44 2 
-3 18 4 
30 4 34 
-26 -5 8 
82 3 -1 
16 -6 -15 
-54 10 -34 
42 -69 1 
-16 -1 -2 
-1 23 -3 
11 -8 2 
64 1 18 
8 -33 -73 
-3 1 -45 
-1 -14 -3 
64 1 44 
5 3 38 
41 69 -5 
1 -51 92 
53 84 -1 
9 22 -16 
1 2 3 
-2 6 7 
37 -5 -1 
12 2 -59 
15 -2 3 
25 -6 -27 
-4 80 60 
-1 18 -2 
6 2 1 
-75 -19 1 
-4 5 -3 
-68 6 2 
-5 1 55 
-99 23 -8 
1 -43 2 
70 1 21 
-1 -3 16 
5 -52 -34 
32 -40 -2 
-1 30 -50 
10 -1 3 
4 -20 15 
5 1 2 
12 -1 21 
1 -2 7 
5 73 4 
-15 -2 76 
19 54 4 
-4 -58 45 
7 -5 2 
-7 -54 1 
14 2 -98 
39 8 5 
26 69 -2 
-3 1 -76 
-1 -65 -4 
79 2 6 
-15 41 1 
-2 -18 3 
11 -12 68 
-3 30 12 
-2 49 10 
-7 -49 -1 
-1 -13 17 
-46 25 -1 
2 -1 25 
-1 2 -22 
44 7 -28 
-22 3 -9 
4 1 16 
-23 -94 1 
-2 1 24 
-9 1 -16 
-1 -2 4 
-3 1 -31 
-6 -1 -23 
-1 -83 18 
62 1 2 
-28 4 3 
7 1 -6 
1 6 16 
-1 -9 7 
75 -1 -70 
1 40 -3 
41 6 19 
-16 31 -21 
-2 1 15 
21 1 29 
-48 -11 30 
9 -51 -38 
46 -83 -2 
8 3 33 
-16 -9 26 
9 -4 6 
51 3 -1 
-2 -26 1 
50 1 92 
