37 42 1 
3 9 -12 
4 -12 5 
52 -2 -10 
38 1 -39 
9 -40 -1 
-1 100 2 
-7 2 -1 
1 3 30 
8 -12 -13 
-7 37 -2 
2 1 9 
1 -7 15 
-1 -83 2 
-3 1 2 
13 -53 1 
2 -4 -31 
3 1 -13 
-3 5 18 
-10 -56 -1 
2 1 -20 
14 -24 44 
-19 -10 -13 
-4 7 -6 
1 -86 99 
12 -1 -27 
-14 -5 -72 
-20 2 -48 
12 -1 19 
-2 1 36 
1 3 -29 
1 23 9 
1 38 23 
-22 -12 5 
-27 -1 -8 
-1 2 -25 
-10 25 5 
-3 57 -35 
2 -4 -1 
41 -28 -84 
91 -27 -3 
-9 7 -14 
-14 1 31 
-1 -55 30 
-2 -11 -7 
87 -14 -9 
4 -1 -74 
-49 5 -32 
-76 -1 -29 
13 -29 1 
-49 1 -61 
1 18 -16 
3 -1 -5 
48 1 2 
-65 48 -81 
2 49 -85 
5 -21 -2 
69 2 -51 
1 5 4 
-3 -1 -14 
46 2 15 
1 -2 23 
-67 -15 42 
1 9 -2 
1 46 6 
12 -96 15 
52 -1 -14 
-1 21 2 
-26 55 2 
32 16 -3 
-23 1 -3 
-2 -28 -13 
-7 8 -2 
9 -63 2 
-30 3 -7 
-19 -5 -4 
10 -28 -32 
-21 7 6 
4 -18 -72 
11 -46 -3 
10 -64 -13 
1 21 2 
-82 -2 -84 
-3 -1 5 
-23 4 -2 
-1 -5 -3 
93 1 -3 
-39 -24 -50 
65 23 8 
-52 -2 -21 
4 -1 -15 
37 -1 17 
1 40 60 
1 33 -26 
-4 -1 -24 
27 -1 -11 
-1 -3 4 
7 1 -3 
1 10 74 
-35 1 10 
6 14 3 
-1 -84 3 
4 60 54 
-52 -93 1 
-6 -5 37 
3 1 -54 
24 -6 2 
-2 61 37 
-18 -19 -12 
-42 -2 47 
-1 -13 42 
-6 56 -8 
-3 27 65 
-2 -11 1 
54 -8 53 
-9 78 -1 
3 -6 -2 
-2 28 1 
5 54 -1 
3 -8 -2 
4 7 1 
8 -13 -2 
2 -3 1 
2 -24 40 
-6 -1 -5 
-10 6 -1 
4 -18 1 
11 1 -19 
10 1 5 
-88 25 -2 
1 6 -2 
-3 13 12 
-18 23 -1 
2 16 -1 
-12 4 7 
3 2 1 
-5 6 3 
-4 57 -1 
-46 -5 7 
5 -10 1 
-7 -58 -1 
-4 15 53 
7 -1 28 
1 35 4 
-39 3 -1 
1 4 6 
6 -1 4 
-55 1 -9 
24 10 -12 
59 -95 6 
-3 51 -69 
71 -98 -1 
3 11 21 
-1 4 2 
26 2 1 
1 -29 99 
39 96 -2 
-2 -8 26 
-7 1 -2 
-1 -5 4 
1 77 -5 
-8 -1 4 
-2 -72 -4 
2 18 99 
-2 -18 6 
-3 18 28 
-18 -1 4 
3 -7 -2 
4 -29 2 
-4 2 26 
-85 -6 -24 
11 1 3 
1 -6 8 
-5 -69 51 
3 -14 -20 
6 -34 -1 
-40 16 11 
41 86 98 
-1 9 -30 
2 -54 5 
13 2 -28 
3 5 -4 
-13 2 -1 
1 19 33 
-52 26 2 
-1 2 7 
-3 11 -9 
6 -1 -84 
2 -36 4 
-1 38 -2 
-1 86 26 
36 -7 -1 
11 16 -12 
-9 2 -3 
-31 -24 6 
-14 5 -9 
-30 2 62 
-1 3 -46 
20 -42 4 
4 -10 -8 
-70 3 -5 
18 -2 -15 
-2 13 -3 
1 -2 -4 
4 6 56 
82 10 -3 
16 19 7 
2 -1 -96 
94 51 16 
-71 -35 2 
-5 1 -4 
2 39 -3 
-5 -2 1 
16 1 2 
-2 6 27 
74 -11 -80 
-13 1 -68 
25 -1 -44 
12 -3 5 
26 81 -47 
-2 -1 -8 
4 49 40 
16 -1 14 
-4 13 -75 
19 5 -12 
6 1 4 
1 -2 -7 
25 -4 -11 
2 51 94 
-40 13 -17 
5 11 18 
3 18 1 
4 51 1 
3 -1 -20 
-1 35 -37 
-17 -5 34 
-7 5 -1 
1 -87 -11 
3 -86 -1 
9 1 40 
26 -15 -2 
-3 66 71 
1 2 5 
3 -26 4 
60 -3 -58 
2 1 -3 
-4 -2 -1 
36 -16 2 
2 -1 83 
-4 59 -17 
-2 1 15 
-6 -2 -26 
3 18 -1 
2 18 4 
88 -3 9 
-6 -17 87 
-24 1 -31 
3 35 -2 
-2 -11 1 
-1 32 -13 
-15 18 3 
-1 -12 -22 
-35 4 16 
-2 3 1 
2 -3 -19 
38 -33 -8 
-98 7 15 
57 14 -5 
-2 -10 -3 
4 19 3 
-2 1 14 
1 3 7 
1 -15 6 
-11 45 -2 
-2 20 4 
-21 24 1 
53 1 25 
-9 2 -20 
-32 29 -16 
-1 -62 -36 
-55 41 -3 
-1 22 98 
-11 18 6 
84 -29 98 
-17 -22 89 
9 30 -28 
-3 85 4 
-6 -63 35 
18 23 2 
-19 -26 -79 
1 -63 -53 
-1 14 -16 
11 24 85 
2 17 27 
-1 -3 -28 
10 -11 -2 
-59 1 3 
-2 17 3 
-8 2 26 
3 38 4 
93 -65 -2 
24 -8 -31 
2 -39 3 
-50 27 -55 
62 3 56 
11 2 57 
-9 -87 1 
-1 64 -3 
13 29 -78 
6 3 -8 
-6 -31 -27 
2 -41 5 
-1 -81 7 
-4 -7 92 
-2 -11 29 
6 -21 2 
1 2 -8 
1 -2 8 
-6 30 1 
54 6 -1 
44 -2 -3 
8 92 72 
2 1 -36 
-4 1 -2 
86 -5 -8 
-89 99 93 
2 -1 31 
2 11 -3 
6 1 2 
-1 -7 -28 
13 -15 1 
-1 -34 -11 
-6 1 11 
39 55 -51 
-32 -5 -3 
-68 3 18 
-1 -54 -28 
1 -10 8 
1 97 -13 
-2 4 -8 
65 -4 -1 
-1 -60 47 
-94 -1 -5 
-5 42 14 
-4 5 -19 
7 36 1 
-19 -6 16 
1 -4 2 
-3 -27 7 
2 -6 -1 
