-7 1 10 
-2 -17 -1 
-1 -26 -50 
34 1 -4 
-3 -82 -1 
-1 -33 -2 
19 2 56 
-1 -29 -2 
1 -5 3 
18 -2 -24 
-5 -8 48 
55 -4 30 
9 -25 -4 
27 -2 -32 
8 67 -1 
23 4 48 
9 11 46 
-24 -91 -7 
94 -14 1 
9 3 2 
-46 -1 2 
32 -79 2 
1 -2 -5 
13 8 -1 
-80 -17 6 
16 1 2 
-3 -23 15 
34 49 -1 
48 5 72 
-1 3 100 
-19 2 4 
45 -56 73 
-7 3 33 
12 -13 -2 
85 4 22 
8 -14 -12 
-1 -82 15 
-13 -30 25 
-41 2 -3 
-2 -1 4 
10 -9 81 
3 23 2 
1 -60 -39 
-1 -3 14 
1 -3 -51 
-24 2 -9 
-10 -1 2 
-12 -1 -64 
17 -2 -29 
13 1 -85 
5 -1 -54 
-2 89 -26 
4 1 2 
-17 30 -2 
9 -11 1 
4 11 -30 
-64 -9 -2 
-75 92 -20 
-6 -17 -10 
1 -27 -2 
-4 21 -1 
-61 3 -6 
-35 -40 3 
-79 -8 -54 
-1 5 -4 
-31 -1 10 
-85 18 -3 
-89 6 35 
5 1 -4 
-13 16 84 
-3 7 -8 
-8 -1 -7 
-3 -2 -10 
-1 5 -11 
1 43 13 
-5 -8 6 
21 1 2 
2 -24 67 
-12 25 -1 
-31 -12 56 
-3 10 -2 
2 -20 -11 
-19 1 51 
43 -1 50 
2 -1 -83 
1 8 -47 
-44 59 -12 
-2 -8 77 
1 63 -85 
20 -19 -2 
-20 -1 -93 
9 -22 -5 
-22 -6 -35 
1 2 7 
1 -4 -30 
7 -5 -19 
-80 -94 8 
-62 -1 -2 
39 -1 7 
-1 32 -3 
-5 2 15 
13 3 21 
6 -8 14 
7 -5 1 
-4 16 -10 
-46 -62 -1 
-9 2 11 
-62 -11 -5 
-2 -17 5 
1 6 -29 
11 19 5 
-1 3 -2 
-3 10 -1 
-45 -2 -7 
-6 12 -1 
-2 9 1 
28 7 1 
16 13 -4 
1 19 45 
49 7 34 
6 4 -99 
48 2 -5 
2 -6 34 
-28 -18 79 
19 -1 98 
56 -5 -6 
1 -2 -45 
-8 6 1 
44 1 -35 
-94 -2 1 
13 12 44 
-1 84 4 
-35 -1 -40 
-16 -67 40 
7 -8 -2 
-1 5 2 
-1 -33 -4 
-26 3 37 
-71 11 22 
-13 -3 49 
5 -11 20 
-3 25 -69 
-3 -10 -29 
23 -40 39 
1 27 18 
-1 -5 -3 
-6 4 -31 
1 -4 3 
-65 5 3 
-33 51 10 
-2 6 49 
1 43 -8 
-5 -4 42 
5 -6 8 
-91 -87 11 
-63 41 4 
-3 19 26 
-23 42 -37 
12 -2 -3 
1 -29 -16 
8 -1 20 
-7 -2 -18 
17 -10 8 
1 2 -31 
-1 -5 -4 
-1 3 -29 
9 7 14 
-1 2 -16 
48 45 -4 
-53 44 8 
29 -4 1 
10 52 91 
-52 -5 -41 
-29 -1 69 
-4 3 -25 
-1 11 -7 
-10 -14 -9 
-5 11 3 
8 -2 -1 
10 -4 3 
59 50 1 
14 -9 12 
2 -42 -21 
-1 2 -78 
-46 1 -59 
32 -6 92 
-72 -55 -1 
-22 1 -55 
-2 1 -6 
-1 -15 -4 
-3 1 -44 
-80 -1 10 
30 -2 11 
2 39 -4 
2 1 -12 
31 58 1 
-13 4 6 
86 15 -78 
-3 36 -6 
-2 -21 -8 
-1 19 -22 
-2 33 1 
1 -2 -41 
-1 7 41 
1 3 22 
40 21 28 
2 4 -6 
6 1 -13 
1 -39 -12 
2 -6 1 
-22 -80 3 
61 -1 -27 
12 -1 3 
2 -4 12 
31 -7 57 
-3 -6 1 
78 -3 1 
1 3 18 
-16 34 -43 
-12 -58 -70 
-40 12 -1 
-7 20 88 
-89 -5 1 
-1 26 -10 
4 57 -20 
-8 -5 2 
-2 -12 -1 
2 -7 6 
-17 -1 -13 
1 17 15 
9 16 2 
99 -4 -98 
26 11 -4 
23 1 -49 
-1 59 -11 
6 1 -13 
47 -3 71 
-20 19 -99 
4 -1 5 
-5 -10 -44 
-1 5 -7 
1 3 34 
-22 -67 25 
91 2 -26 
-15 -2 91 
3 56 -1 
-33 -13 -1 
-2 -1 10 
40 -57 1 
1 16 -24 
-1 79 -3 
1 -12 -79 
-5 9 2 
-6 -17 -1 
-4 14 -24 
1 -3 -4 
1 38 12 
6 -70 -2 
-12 -23 26 
-5 -84 9 
-90 82 -19 
-68 -1 2 
-4 10 57 
-34 6 -12 
13 9 -1 
3 -41 -16 
-2 -81 1 
-23 4 41 
54 4 82 
37 -12 -30 
2 39 1 
-11 21 29 
1 -3 -5 
-24 19 4 
23 -3 -9 
9 -23 -12 
-3 1 -12 
-9 1 -2 
4 -97 18 
87 -12 -3 
99 1 7 
-1 4 -45 
-26 2 -3 
-31 -32 -2 
73 1 22 
11 23 -1 
10 -11 2 
-4 1 -62 
-8 4 1 
-19 -18 -21 
93 -10 -6 
-2 -8 -5 
14 -4 7 
-5 -12 -6 
-15 4 -1 
-6 -2 -18 
-2 -72 55 
1 7 3 
32 22 15 
18 -1 -26 
-92 6 25 
-1 8 -33 
-3 -1 -25 
2 -87 3 
8 39 -41 
-1 29 5 
-1 -6 3 
6 -4 -1 
-3 2 -16 
9 1 5 
-2 -3 12 
1 -22 88 
5 -1 -28 
14 -1 86 
25 -17 -26 
-26 -7 2 
-9 -6 -22 
5 -2 28 
7 -6 2 
97 1 -5 
2 -1 7 
-7 -19 -5 
-8 -77 19 
-23 -9 -63 
-1 -2 -16 
1 2 -26 
-2 7 -78 
-41 -2 1 
-96 -5 -83 
-11 -3 1 
18 10 -1 
38 -80 -8 
1 7 2 
5 -11 15 
3 2 -1 
-2 17 -68 
-54 7 -1 
-14 -1 -22 
37 2 9 
1 11 13 
25 -3 -57 
1 49 40 
-2 8 -28 
-6 1 8 
21 -8 6 
80 -1 68 
-2 -73 1 
-1 -3 -10 
65 17 -29 
8 2 -97 
