5 -55 -136 
-15 89 10 
108 -105 -47 
59 130 -139 
129 -9 -110 
-58 46 -52 
-34 -124 97 
90 111 -117 
14 86 -3 
59 112 -3 
-5 3 30 
-149 107 -21 
8 -41 -30 
-77 62 -148 
40 27 100 
-2 -79 -81 
100 61 -40 
142 -30 -141 
-26 121 -127 
70 -102 -33 
-101 -137 -50 
-63 106 -3 
47 49 59 
118 2 85 
54 64 16 
34 20 -73 
-6 81 -32 
-7 39 -38 
82 -32 133 
-69 -41 -136 
60 14 -53 
-3 -85 102 
137 133 -97 
-95 -1 -148 
-25 -50 6 
-1 146 78 
1 12 -135 
-57 -17 4 
-85 -91 25 
-81 133 30 
-16 -53 111 
-142 -40 3 
78 -90 37 
-127 -33 -2 
60 -56 -16 
14 43 130 
100 139 62 
-38 -112 118 
23 35 18 
30 -36 141 
48 22 28 
-138 -30 -75 
-63 73 -5 
-49 12 -4 
-78 -75 66 
23 -25 -68 
42 -28 3 
-141 -123 -114 
-85 102 -38 
60 -147 -16 
-142 67 -89 
-149 -5 89 
-13 -32 -140 
-2 -69 -24 
69 89 117 
116 -29 118 
66 75 -104 
-10 43 75 
-89 111 46 
37 86 67 
-24 8 76 
-10 -62 83 
144 117 139 
-1 108 -109 
-82 -124 -15 
98 -3 77 
-142 10 -51 
75 -53 10 
3 -71 53 
-113 -142 -30 
39 -115 -149 
-80 -125 -9 
-57 5 69 
-85 128 -9 
-26 140 -114 
88 9 139 
56 -117 14 
-77 42 -76 
38 -78 81 
14 27 68 
-3 -94 -4 
-14 -53 -70 
-21 3 -53 
-99 18 -130 
7 -80 101 
15 -2 95 
123 -38 -41 
1 -120 42 
-101 74 -47 
11 40 1 
133 69 -12 
95 46 29 
107 108 91 
-56 -139 -70 
138 111 118 
24 -84 -97 
120 66 -104 
26 94 11 
-113 40 11 
-101 -50 2 
28 -25 -54 
35 8 -54 
136 120 -106 
-87 -57 -3 
-42 -114 -77 
24 145 123 
-113 -114 -4 
10 -4 73 
107 -150 -52 
-77 59 67 
-77 -18 -129 
128 68 -74 
148 5 -23 
67 -18 -20 
10 -64 -49 
-54 18 -128 
-47 16 59 
-22 -5 -72 
-45 6 -47 
44 -116 12 
-40 -60 -62 
35 58 -34 
-17 -29 -145 
-104 -16 80 
113 -4 32 
-61 74 -129 
-122 -4 9 
-125 58 -139 
120 72 -9 
76 111 80 
-40 127 -37 
-72 -67 130 
14 115 -48 
-29 81 -93 
-79 113 -56 
94 -114 -13 
116 -10 47 
21 -15 4 
-133 14 39 
142 -1 111 
-134 59 -80 
-38 31 119 
-64 21 -81 
-71 5 -24 
-49 -85 -11 
-28 -20 -108 
134 136 140 
149 78 -26 
-149 9 16 
53 -32 -88 
-50 134 109 
-23 -10 17 
79 123 -44 
30 8 -85 
-144 132 -32 
128 -40 -8 
-138 -98 39 
-144 139 10 
-91 -55 -37 
143 -37 -3 
-112 1 6 
19 -74 -92 
36 -1 3 
54 89 1 
5 3 21 
-19 9 36 
-49 2 9 
82 -14 -65 
-99 103 -145 
-65 110 -20 
-61 -49 -32 
54 -45 -126 
-104 62 -44 
5 108 -105 
-91 79 4 
114 -41 9 
-56 -34 -120 
-20 140 79 
123 -3 4 
-1 42 -3 
60 -138 -136 
21 14 49 
105 15 -73 
-11 -128 -20 
27 -67 1 
129 64 -9 
14 9 -148 
31 62 123 
23 97 117 
-105 -138 149 
-41 68 118 
85 -99 12 
99 -36 -30 
-22 -33 -89 
101 71 -22 
105 -23 -84 
4 -109 -56 
-139 -29 -41 
42 -61 17 
4 105 -80 
50 -71 72 
25 31 -59 
42 12 75 
-40 118 -37 
-90 10 77 
7 9 41 
-11 1 -35 
-12 -150 -34 
139 -93 128 
12 47 95 
137 -93 109 
-31 7 -92 
-91 53 -46 
98 -62 -40 
79 111 2 
-23 -24 55 
-2 49 86 
-8 127 -24 
-8 21 127 
-35 -84 19 
-1 108 -112 
23 -52 -25 
-95 30 120 
66 -140 136 
111 2 8 
64 -102 -2 
-89 -37 137 
3 -6 1 
-3 -123 52 
44 1 124 
4 19 32 
-97 51 -67 
-48 -103 78 
3 -30 45 
99 -45 -114 
-100 -3 149 
23 -7 -58 
-141 -94 -29 
70 -131 49 
-38 123 71 
-111 4 13 
17 41 82 
-22 11 -79 
83 15 48 
-140 -34 6 
93 64 89 
-7 -93 70 
46 68 61 
84 1 139 
65 19 138 
-38 26 -6 
-129 109 -12 
-81 13 -31 
-118 11 -79 
50 -84 144 
111 11 28 
54 -67 -119 
-8 -49 15 
117 -50 94 
69 -6 108 
-96 -118 -141 
59 -117 -83 
124 -22 -121 
-146 -23 -83 
66 44 90 
52 -42 20 
78 -117 -36 
-130 -97 12 
125 -35 -99 
13 -81 55 
44 -148 28 
-50 6 -44 
10 16 -53 
29 -93 104 
69 -6 49 
42 -101 -68 
-33 45 -144 
-141 31 -8 
-7 124 115 
124 -15 39 
143 55 -17 
7 -9 44 
-150 -21 -88 
134 -77 115 
-113 94 84 
2 -112 -18 
102 -27 -104 
2 -99 -108 
120 -119 -105 
3 72 44 
-59 84 7 
-11 6 -144 
26 -119 -21 
-40 -109 57 
-14 94 -1 
52 132 114 
42 -63 -125 
8 109 -3 
-85 -43 -147 
76 39 122 
-146 62 -74 
-66 -150 18 
-120 -72 41 
29 23 -142 
82 -7 118 
-44 -101 -67 
-135 -51 26 
108 -29 37 
-42 -65 93 
-6 5 -67 
-13 -131 -42 
27 25 -57 
-23 -27 120 
-9 -44 5 
5 134 -60 
83 -96 -27 
-16 40 -126 
-98 -7 104 
14 28 90 
9 -36 23 
116 86 4 
-54 37 131 
-13 -14 -120 
130 -119 -74 
-21 43 -73 
-97 -26 56 
-71 63 46 
-2 25 8 
-66 58 9 
94 -123 -149 
9 -24 97 
46 37 20 
57 -35 -13 
-16 -49 104 
33 -129 -94 
15 19 -120 
-36 -35 -127 
-134 94 -10 
-78 12 88 
74 -33 88 
18 -63 -149 
22 139 125 
-103 81 -112 
-15 128 106 
17 22 -126 
-43 -142 50 
23 -106 136 
-89 -28 -87 
-13 -145 26 
-65 96 39 
98 78 -3 
46 12 -13 
-41 109 -19 
-34 -3 13 
-47 -28 95 
108 41 111 
-112 -127 -2 
107 121 -101 
132 -144 24 
-99 62 -110 
55 -66 110 
15 -60 66 
63 52 82 
-76 52 -125 
53 -142 -46 
-37 -84 -114 
48 96 -22 
-142 4 -74 
74 -133 -76 
38 -45 64 
-53 75 150 
-1 -24 2 
72 111 -15 
-128 -9 27 
-111 -55 89 
21 3 131 
-71 141 -91 
83 -4 58 
138 -91 13 
23 150 -109 
-48 101 -32 
31 -11 150 
-59 -72 -107 
-40 95 -23 
-39 30 70 
-91 69 85 
-1 98 -4 
9 130 -62 
-147 -93 43 
58 131 -57 
-73 -147 -61 
69 -30 -134 
10 -136 -137 
11 48 143 
92 104 -8 
73 55 50 
-72 -77 7 
-44 -122 7 
4 9 -51 
67 128 -72 
-121 123 -21 
86 130 24 
117 59 119 
-18 74 -91 
-139 -15 -125 
-109 -35 111 
-1 -81 -54 
12 -121 -7 
-23 -145 -77 
10 -130 -62 
108 -69 39 
125 35 -61 
14 140 16 
18 95 45 
40 -104 -33 
-72 27 49 
-88 -39 91 
-93 67 -127 
105 -9 28 
76 36 63 
124 -10 -87 
-51 26 108 
-68 -101 14 
-47 -128 -116 
13 -110 -18 
127 -20 25 
-147 -9 32 
-19 -123 22 
13 -18 148 
-64 -1 -24 
-95 92 -1 
83 150 36 
-134 -95 -63 
10 -9 -149 
-119 -136 73 
8 56 -37 
-11 48 -18 
73 51 -132 
-85 111 1 
-2 26 1 
