-129 -25 -82 
60 -145 118 
-139 12 -75 
-112 83 17 
133 74 -49 
12 13 -150 
-39 -26 -64 
-21 92 29 
-52 97 80 
-33 -52 -37 
-96 -18 -57 
-91 -38 113 
-135 -147 -12 
-42 37 -139 
-67 13 -37 
87 -74 119 
-75 -64 59 
143 -87 88 
86 -90 17 
-23 -83 -149 
21 -76 -26 
-13 108 83 
-73 -81 4 
54 90 27 
4 -81 116 
-1 125 115 
-1 -106 -64 
-136 -68 46 
-80 -39 -145 
4 5 -90 
18 25 13 
-17 10 -98 
-103 117 -109 
-35 52 -45 
42 -54 63 
10 112 -58 
-22 74 -17 
-98 -100 82 
78 92 54 
43 87 -34 
63 147 -36 
-52 5 -28 
-63 24 125 
62 -71 -135 
-114 40 45 
-39 84 -19 
31 136 1 
93 8 15 
-8 150 -141 
-56 57 -24 
122 133 87 
119 50 -61 
1 -98 21 
50 -98 -41 
116 78 -98 
4 16 74 
5 -128 42 
-12 -109 93 
-97 -2 129 
-51 47 -146 
-44 124 92 
-17 3 -26 
-137 97 57 
-128 -141 127 
-11 37 44 
68 -56 -121 
96 49 -145 
-92 2 114 
25 -37 1 
-71 35 -146 
77 -4 -11 
132 17 143 
-89 1 -125 
84 11 -37 
61 47 18 
-112 119 -65 
99 -44 -33 
-64 -28 -36 
-67 103 -28 
-79 147 68 
-1 -148 -21 
-12 18 -53 
2 -35 -92 
-35 -116 -54 
-13 15 22 
-82 -108 -88 
74 -63 -8 
-3 -137 -16 
21 6 144 
23 -95 -145 
146 4 -62 
-83 -41 -77 
-22 19 82 
64 143 -11 
-47 -92 -86 
130 83 47 
7 101 127 
89 70 94 
12 -133 58 
33 -29 53 
54 -16 -98 
1 -147 -127 
143 -34 3 
-71 141 107 
40 65 -13 
39 -125 -9 
2 6 -29 
-43 92 33 
-85 -124 2 
123 -48 34 
76 -137 88 
-7 26 79 
-38 -55 -140 
65 -42 46 
107 -13 -60 
-6 1 -137 
47 50 -44 
-149 49 -1 
1 -97 62 
-106 -50 -27 
-35 2 -105 
71 -98 81 
16 -2 -54 
76 45 -2 
125 57 -14 
-80 7 33 
-122 -79 -140 
-39 12 28 
-127 -5 85 
116 -140 -91 
-1 64 -93 
115 -95 62 
85 51 74 
-121 -61 6 
35 18 -108 
-43 51 81 
-135 150 79 
-9 69 -129 
25 1 4 
-61 -27 37 
30 -33 -1 
-143 -48 25 
5 115 88 
-86 -111 89 
88 81 -35 
-106 138 56 
147 -26 58 
97 32 64 
57 -5 -39 
17 -5 -36 
-41 97 -104 
-77 -58 -61 
-11 -108 -88 
-150 116 -49 
-39 100 80 
9 35 134 
73 34 74 
2 -108 -134 
-84 78 -52 
-117 72 90 
19 76 57 
-109 53 114 
66 -15 48 
-6 -7 12 
-105 -39 -94 
94 -132 -23 
88 -6 142 
-15 3 5 
110 -15 -92 
13 70 1 
52 -73 58 
-71 37 -52 
77 89 93 
-64 -11 40 
-131 -90 62 
-27 -133 64 
114 83 4 
-126 -3 -142 
13 59 93 
-87 -45 55 
18 -77 -75 
1 -92 -136 
128 -98 25 
141 84 34 
74 3 -71 
13 -67 -55 
-123 72 143 
97 -98 3 
-109 33 37 
138 141 -114 
-98 109 -35 
-48 1 112 
-124 115 -65 
-16 86 87 
115 11 61 
-24 87 6 
-146 -63 3 
41 86 111 
-5 -75 109 
-74 -4 -66 
43 86 27 
-102 107 74 
65 94 -75 
-19 40 111 
74 105 46 
28 83 56 
-109 -118 38 
45 -8 15 
-25 87 -131 
40 -29 -131 
-138 131 98 
36 122 101 
121 56 -6 
-119 -62 -146 
80 13 64 
-10 52 -12 
-106 82 -144 
-82 4 48 
19 141 -7 
12 110 15 
-14 -20 1 
149 64 -45 
104 -5 -56 
35 23 42 
16 -50 150 
-35 -1 5 
-1 14 -145 
35 132 15 
131 75 59 
105 -50 -131 
26 75 99 
-117 -113 20 
72 1 14 
73 74 -76 
50 -148 -144 
-27 -15 -59 
-45 73 -120 
-31 36 -87 
136 -17 -120 
48 -17 147 
67 107 -13 
92 135 138 
113 -74 -28 
38 3 -117 
-33 -109 130 
117 102 35 
16 -5 -58 
86 -99 125 
-136 -14 -121 
55 -52 5 
38 -52 -93 
-85 34 82 
-72 105 116 
-49 -55 15 
77 -16 -20 
33 -109 -93 
-52 19 -126 
132 122 -29 
-12 43 -35 
-72 -60 46 
29 39 48 
-135 42 -75 
48 -82 149 
32 -34 -19 
43 -21 100 
-108 -22 131 
94 18 53 
16 -139 -2 
-2 -56 97 
-27 -71 40 
-83 -46 38 
71 58 -66 
149 59 -12 
-90 76 -63 
9 115 77 
-108 -1 -143 
-46 -54 8 
15 80 57 
64 -70 -21 
-146 -43 -2 
-69 -2 -11 
-79 -48 28 
-140 10 -20 
4 -97 85 
-3 -53 126 
23 2 132 
-135 -28 -149 
102 -28 119 
129 19 -88 
-17 -52 64 
-116 2 24 
107 46 -53 
126 -66 -120 
-19 -110 -134 
115 -42 103 
-82 30 -119 
-1 -6 -52 
-128 -23 2 
-10 107 92 
-70 -121 59 
128 -52 -112 
2 8 43 
-46 17 117 
-6 124 10 
13 -8 4 
132 -135 -35 
-41 -4 18 
-7 -145 -51 
-60 -8 -9 
-124 21 1 
24 41 144 
-3 150 38 
63 117 124 
37 -140 64 
-3 88 -149 
-95 -9 -24 
34 -115 -84 
-86 -96 6 
-70 45 -2 
45 128 -117 
114 96 -34 
-26 5 -4 
108 69 -87 
-130 -69 101 
-42 56 28 
108 -22 -49 
-70 -1 -20 
14 -9 131 
13 150 -6 
1 -45 -26 
-31 2 -57 
24 -20 -90 
-28 -33 -95 
-32 -7 13 
-22 125 1 
2 -112 51 
95 -8 16 
40 -137 -76 
-72 -129 -31 
40 -127 115 
-97 66 -3 
-28 -33 -122 
51 -146 -76 
104 -41 32 
9 40 -123 
139 -107 52 
-31 -6 -105 
-60 14 72 
-68 3 -1 
27 -2 95 
16 -149 -40 
50 16 108 
-104 94 -103 
100 33 -29 
136 1 143 
2 -8 -124 
23 -82 -24 
126 -109 -71 
71 -27 -55 
-48 69 -37 
67 6 22 
-104 -98 18 
119 131 69 
27 -74 -54 
1 -141 -39 
5 -6 -31 
-144 -130 24 
-72 3 23 
-8 104 -137 
11 -75 88 
-14 -95 34 
7 -40 70 
26 147 -131 
-83 -55 -111 
2 -55 132 
-31 65 58 
28 -148 -141 
78 122 79 
90 60 -69 
-24 -66 -94 
-64 -6 1 
-66 -128 -103 
70 100 -9 
-26 -139 -102 
-48 -79 -22 
7 112 -54 
22 133 86 
-53 -118 77 
94 -120 40 
83 -23 -34 
-117 -50 36 
29 -69 12 
14 62 -54 
-48 12 -80 
3 -46 -9 
150 58 100 
-83 -51 38 
-5 -12 -63 
7 -148 -142 
-97 62 22 
-55 75 -16 
15 -126 -33 
-7 75 14 
-28 -55 136 
34 10 -81 
-67 -78 -71 
-40 48 29 
21 -8 141 
141 -12 2 
-149 -82 67 
13 -1 -83 
-36 -76 -44 
-17 -104 126 
39 132 -133 
30 132 -44 
-14 4 147 
13 -83 3 
52 -78 -136 
20 -86 -40 
22 148 -64 
68 -13 -118 
-32 9 141 
-99 135 -111 
3 -84 73 
-92 62 102 
56 86 -124 
-91 -85 -71 
67 41 -64 
92 126 -105 
-34 120 107 
121 -125 -56 
-11 73 -18 
62 140 -112 
-97 45 107 
121 -143 -133 
45 -127 -149 
123 69 28 
137 84 149 
-131 -133 47 
-43 -57 -25 
128 -6 113 
-28 77 -24 
-145 -1 -72 
-75 89 117 
138 50 -88 
87 93 143 
18 -13 130 
-83 127 19 
-77 26 143 
-92 -19 79 
