-101 -73 11 
-7 -4 -54 
71 -1 -14 
146 21 25 
78 -12 -53 
78 61 58 
27 -78 8 
80 -50 -7 
-84 -20 140 
140 3 -2 
23 32 -124 
108 -117 -26 
99 4 -48 
-87 53 142 
10 96 28 
80 141 -139 
78 117 17 
-4 -103 19 
54 78 -84 
-37 31 -98 
42 -53 38 
134 81 82 
-93 -92 -54 
51 -128 13 
-72 -28 120 
51 -9 -82 
-18 -146 86 
20 -136 150 
7 -78 -29 
-92 -81 -8 
-49 -18 -55 
-148 103 -9 
23 -143 -142 
12 22 45 
-68 105 -53 
76 143 -101 
-38 -22 -71 
12 -45 -74 
2 -16 118 
-4 22 -104 
60 103 -3 
26 103 -33 
22 -40 26 
6 75 -3 
123 28 52 
68 -34 118 
-121 -45 14 
7 -29 95 
-8 -141 131 
94 19 47 
14 -9 96 
-62 -13 -40 
3 149 111 
36 -136 -89 
-12 138 98 
-91 -6 -62 
44 -1 15 
-8 91 -31 
142 124 79 
10 136 -44 
-84 -133 16 
-61 -34 -31 
-80 106 50 
49 -25 125 
13 -67 -34 
-116 38 -120 
65 -125 -142 
136 -4 106 
4 -3 39 
-15 -120 118 
-91 17 124 
-93 -132 -12 
-4 80 -144 
32 -37 -1 
-24 112 -131 
-80 107 65 
-125 17 -48 
33 -18 -40 
37 -125 15 
-48 -142 -141 
6 60 -27 
26 44 149 
31 -115 -71 
33 -64 55 
16 -51 -117 
56 -137 -99 
-28 24 21 
148 11 -122 
29 -39 -73 
-80 56 1 
103 3 9 
-140 13 26 
-14 -107 -21 
49 -81 -2 
91 73 148 
-43 -9 119 
13 57 11 
9 111 -16 
26 69 64 
-38 136 -81 
11 -1 57 
-59 -75 29 
24 71 134 
109 -123 -55 
26 92 -106 
49 -109 28 
62 -59 -73 
-119 57 -105 
141 -131 38 
-147 -87 34 
-149 62 -35 
-81 -75 -32 
-123 136 -1 
35 21 114 
-128 -117 -111 
-6 87 -29 
26 -130 -5 
-95 127 -1 
7 -115 85 
81 -115 -86 
-72 -23 95 
19 25 -20 
11 29 103 
-73 -42 -58 
-11 -17 -24 
104 114 47 
33 62 70 
76 -112 66 
-75 19 -34 
-71 -21 120 
-37 100 -5 
86 -41 -137 
-9 -1 4 
9 -35 66 
-115 -38 39 
-37 -133 -85 
69 20 -78 
21 -92 30 
63 139 -84 
-13 -96 -41 
-144 -9 125 
-3 -2 -76 
-59 -145 29 
-123 -42 103 
-67 17 101 
-24 21 127 
-74 -130 60 
11 88 -124 
-37 9 -8 
137 72 -76 
-87 20 45 
1 -45 -58 
-137 24 -95 
62 28 -46 
20 -48 -136 
100 37 77 
25 72 13 
-25 -142 -50 
66 -7 108 
102 -74 -60 
-91 12 -28 
-77 24 45 
-9 2 20 
92 -135 97 
-42 -2 20 
-76 -33 45 
-27 -16 -80 
-27 100 113 
92 11 57 
100 -66 74 
-65 -64 -33 
-44 -24 -61 
-3 -1 -114 
-71 -103 -2 
5 -93 -52 
-94 -78 18 
-102 63 -21 
-40 71 -43 
27 55 9 
-64 -49 133 
25 21 -1 
57 -112 -84 
41 -49 -101 
-106 -64 104 
3 -67 -79 
-119 115 7 
83 55 11 
110 27 -56 
52 76 -148 
81 21 90 
2 -101 -25 
54 -5 103 
127 5 132 
27 41 -149 
-38 -101 -99 
-142 -38 135 
-6 135 31 
60 -144 -7 
48 91 73 
17 -92 141 
-41 29 34 
-22 143 114 
12 120 110 
47 5 -94 
-64 -2 71 
119 27 -26 
58 -87 78 
-82 29 63 
-17 42 8 
23 -135 -20 
-134 46 -109 
55 -62 95 
65 -45 -5 
-13 -132 44 
139 149 127 
67 15 93 
135 -92 -65 
78 -148 -133 
-12 -1 -117 
-134 128 -68 
13 -124 77 
79 103 5 
6 -5 117 
83 134 -112 
-21 -147 -24 
70 17 30 
56 -138 130 
-57 142 83 
81 47 -48 
-68 -15 3 
-150 -79 71 
19 -58 -3 
7 -121 53 
20 -99 -93 
-112 -20 68 
145 -109 -100 
-111 123 30 
36 17 86 
-30 52 -33 
-67 -26 82 
107 78 65 
3 49 36 
-9 34 81 
-107 99 -57 
-80 29 -43 
138 -8 -102 
12 4 -7 
-130 -88 41 
19 -147 64 
104 10 -118 
41 125 -77 
-66 -60 -126 
-3 121 150 
-12 28 -87 
24 31 137 
145 -9 -17 
-77 -80 -6 
95 29 -133 
26 41 -87 
-12 73 19 
30 -24 -76 
-2 129 -10 
124 -33 -16 
-71 110 -1 
5 -68 58 
123 -102 -51 
-5 85 -56 
140 83 -14 
20 -3 -8 
67 2 131 
-14 111 -35 
-10 54 -29 
-81 -52 -72 
30 -135 39 
-83 97 -10 
22 19 -93 
64 67 -51 
33 28 -63 
-139 72 -61 
147 63 -109 
-38 143 30 
24 67 95 
-84 47 30 
21 -11 97 
-83 106 43 
111 -90 -120 
-9 -128 69 
-110 118 -136 
10 -32 88 
42 2 -125 
7 -83 147 
-89 -125 -1 
-121 134 6 
35 134 16 
58 117 136 
89 -7 11 
3 53 20 
-50 7 30 
-14 -36 10 
45 -82 -139 
71 -57 -78 
120 126 144 
-96 133 74 
115 -27 52 
100 -56 -103 
18 4 52 
-56 -8 -21 
113 -49 -14 
-99 49 102 
-51 10 128 
-150 97 -63 
-45 142 131 
-140 -91 2 
52 29 16 
-125 58 -16 
121 -52 -79 
-110 130 53 
-79 99 -26 
145 38 -46 
140 -66 -117 
97 -122 58 
27 -4 -78 
36 -109 79 
55 -15 -149 
94 112 48 
-51 -13 -25 
52 17 91 
1 70 -74 
-50 106 -53 
-43 -74 -54 
101 -51 -64 
47 94 -63 
-83 22 -85 
18 -114 -19 
16 70 63 
50 -115 12 
29 -120 69 
-22 -125 -38 
4 -94 29 
-69 83 -84 
-75 34 103 
17 56 84 
58 92 -20 
-65 100 35 
59 8 -53 
80 105 14 
-56 -9 -14 
139 -104 -23 
47 -64 23 
-1 -65 61 
-8 -30 41 
-104 41 33 
13 -21 -94 
38 -114 -131 
-101 16 -22 
-44 53 -123 
-13 105 68 
-46 1 -20 
-74 106 -19 
-17 147 125 
-125 -115 -69 
132 5 57 
-95 -33 -80 
31 -13 66 
-141 50 46 
-6 2 13 
-21 93 -56 
85 -91 20 
-94 -99 44 
-40 -14 138 
-139 -1 -57 
-134 -10 122 
-32 44 -77 
139 -148 122 
-117 -92 -56 
-133 35 -114 
-102 -7 14 
115 -110 91 
1 -125 13 
-19 -146 83 
-104 66 116 
26 40 76 
131 -27 80 
-149 -54 141 
69 125 126 
-8 -3 -106 
-146 -115 -73 
-67 -9 -74 
-113 20 -65 
-115 49 -40 
59 65 113 
-94 9 93 
-62 71 -138 
42 30 99 
129 -111 -103 
70 -20 22 
82 -58 -12 
147 9 99 
118 -68 -141 
-23 69 -76 
-119 -9 -26 
20 9 -18 
-95 -120 -100 
-58 146 70 
53 -121 48 
-5 -80 -104 
-88 42 -6 
-101 81 -82 
-39 -66 -120 
27 -8 29 
-117 -10 4 
-66 -20 -10 
1 29 -33 
-67 75 99 
2 -35 36 
-89 24 3 
-2 -110 -89 
-31 22 112 
81 -31 86 
51 97 74 
-38 72 -14 
5 82 128 
-7 -31 -141 
-84 -57 -121 
34 127 99 
61 -92 138 
-71 -22 2 
55 -49 83 
-45 32 102 
3 1 9 
2 -99 -81 
-45 104 -18 
2 -48 -128 
-51 -14 -20 
133 41 -17 
-52 -26 -3 
-62 -5 -1 
68 -86 81 
121 79 17 
-60 49 -29 
-13 -42 -4 
-78 -53 41 
90 62 -117 
-4 -82 -42 
34 -87 -18 
-114 -78 111 
73 39 -95 
140 131 61 
-106 -21 2 
-111 89 59 
