-132 58 139 
-94 29 17 
10 81 70 
-150 -122 -3 
105 9 -66 
-15 87 94 
25 149 -76 
-47 86 2 
-45 -1 8 
-11 73 -36 
54 -51 -13 
-85 -63 -142 
36 19 133 
-130 118 132 
-4 -2 85 
20 -42 -86 
-89 61 -65 
88 63 -145 
-28 108 -21 
-113 34 -25 
-77 53 1 
7 47 96 
-103 104 134 
18 -2 142 
35 24 39 
-23 -33 134 
-118 -32 -16 
60 -112 41 
150 -111 134 
-12 143 51 
-149 120 -66 
-7 11 -56 
13 71 31 
45 -56 51 
-31 5 118 
2 66 -124 
-1 76 -16 
109 -51 67 
4 -5 32 
-87 34 119 
-7 19 34 
123 137 -53 
-3 -143 141 
-25 142 96 
-59 -11 113 
143 -116 -139 
-5 -77 -91 
56 -59 -149 
-76 110 1 
49 99 38 
16 -82 107 
-105 -30 -2 
-7 42 -141 
2 -20 55 
106 -48 -36 
-29 -11 -3 
6 -104 -50 
27 -140 -4 
1 71 -47 
-105 -2 17 
87 -130 -57 
63 -5 139 
71 -2 52 
-77 88 -14 
69 -3 -48 
101 -106 -41 
25 47 96 
-42 53 -55 
118 96 20 
-149 -2 130 
130 -48 67 
-14 148 -91 
110 92 85 
-23 8 113 
-144 -87 -124 
-19 136 133 
-49 -44 16 
-106 -4 -19 
-73 -136 13 
136 1 32 
127 -11 -6 
-56 -29 -54 
-9 -5 70 
20 25 -85 
-30 -31 137 
144 -55 -132 
-8 -125 78 
63 -35 113 
-39 52 69 
72 -68 -146 
-8 -126 -41 
69 -2 145 
-133 -90 73 
102 72 3 
27 -145 15 
90 -17 30 
50 30 -63 
-15 -40 -150 
55 -5 7 
-4 -95 38 
-56 125 -107 
-65 70 8 
21 119 62 
38 -73 -145 
145 148 -119 
-144 -3 111 
-22 -79 -88 
41 13 -119 
33 -129 131 
124 131 48 
-10 -34 -77 
-28 73 -34 
-20 -118 6 
48 -71 -111 
-96 42 81 
139 1 -13 
110 -18 8 
-10 44 -17 
12 55 -5 
-21 135 119 
-24 3 -139 
-131 -95 -5 
-4 111 -56 
75 103 49 
-130 -86 -84 
76 -55 115 
7 -53 55 
17 -2 38 
139 125 -55 
81 145 -61 
74 120 -110 
42 -46 -33 
-109 28 60 
133 -80 -105 
136 -5 52 
-119 42 51 
121 -10 -31 
24 39 -54 
75 62 -32 
125 20 111 
-77 -83 38 
24 18 97 
15 112 8 
-13 -30 -94 
99 -50 -75 
-99 138 -31 
56 -1 -24 
107 20 74 
-108 4 -53 
-82 109 19 
2 -119 38 
2 75 86 
-77 -21 -100 
-92 17 -43 
-128 -89 50 
149 -118 85 
-131 108 96 
-42 -35 -120 
-71 140 -45 
115 102 -70 
79 85 -6 
-104 13 -69 
87 -74 -149 
10 -113 90 
-9 -16 42 
46 -12 51 
38 9 94 
114 150 25 
74 -67 95 
145 80 111 
-118 -15 44 
111 -112 143 
53 -91 -7 
92 2 52 
-12 -97 -49 
91 -59 -2 
141 12 111 
-51 -144 147 
-81 -64 -7 
-29 -4 94 
54 29 62 
45 -143 -127 
-44 -13 -4 
-112 -114 147 
90 36 3 
-102 147 -50 
-38 33 75 
39 -17 36 
-57 -128 -8 
104 135 114 
-2 125 127 
50 -136 -6 
69 -143 -114 
-54 -30 37 
54 -1 -65 
12 -53 10 
9 -141 148 
-84 29 57 
-1 64 -73 
102 5 -46 
-14 -1 -72 
45 98 105 
-21 -81 150 
22 126 96 
2 -40 -5 
41 103 70 
-46 -48 89 
-24 44 -99 
107 135 -68 
-87 -17 50 
50 -19 130 
104 43 -142 
4 24 -42 
-87 42 -86 
-62 142 141 
9 -94 -124 
-51 -10 58 
-79 75 111 
-24 -51 103 
112 -8 -143 
-135 -116 134 
117 -98 16 
87 -80 23 
111 -52 -126 
7 110 -122 
71 136 -132 
-51 -110 -126 
-53 -28 111 
12 -51 -50 
68 16 -96 
-126 -7 118 
-5 17 21 
26 110 72 
-147 146 24 
98 40 -59 
-118 14 -123 
-113 -82 -127 
64 -12 145 
-142 -62 -143 
19 -9 35 
-94 16 1 
-135 -84 86 
-47 -67 -22 
41 -32 58 
29 122 67 
-25 -141 131 
-42 79 -109 
-36 -108 55 
-84 -25 -64 
113 44 -1 
62 -105 -31 
-92 133 29 
31 80 46 
-90 -37 29 
110 1 89 
-70 111 56 
28 65 108 
-8 -122 9 
-27 -149 96 
-31 58 24 
18 99 -58 
-89 84 -40 
137 83 14 
93 22 31 
56 149 47 
25 -80 -55 
-67 68 -28 
-17 31 99 
31 145 38 
-114 -138 84 
1 81 -143 
91 -118 -82 
106 91 8 
116 48 6 
72 -22 27 
-131 2 121 
-20 8 -116 
-11 -102 -60 
-26 116 -127 
6 -125 122 
-98 56 -93 
34 -115 -93 
-100 -81 -8 
66 9 52 
-150 -58 62 
-38 69 -94 
-118 2 148 
-139 -9 -13 
122 96 7 
46 -87 60 
-37 4 34 
-8 88 68 
12 6 -81 
-26 137 11 
26 61 -78 
-119 46 -76 
57 -28 20 
-83 -75 26 
-62 26 144 
-64 -142 100 
-3 119 -6 
77 -116 -139 
5 -94 103 
103 -84 -73 
146 30 103 
61 -39 100 
-136 47 -133 
50 -55 -64 
14 88 -82 
22 8 28 
55 -86 28 
99 10 -28 
-2 -1 -71 
120 99 -141 
-35 130 -85 
27 131 123 
146 -127 3 
-3 -1 74 
-74 -22 -69 
104 -12 -120 
88 -102 -94 
81 76 -49 
88 71 10 
-138 37 12 
115 15 59 
-16 112 -3 
-64 -150 131 
71 -14 68 
-63 6 8 
-59 -52 -29 
-59 -109 76 
-7 19 -22 
38 131 -132 
-47 -93 -83 
-19 -64 -84 
-18 -7 -132 
-48 18 35 
4 89 9 
125 93 83 
-2 52 -48 
68 129 55 
5 -120 85 
95 -143 54 
-127 67 -32 
83 129 88 
-20 13 91 
-41 42 39 
49 144 62 
90 -30 -148 
72 -16 -141 
32 68 -122 
39 7 11 
-38 63 8 
47 81 12 
-68 4 -99 
38 -122 81 
-42 148 61 
70 72 6 
2 -63 28 
8 -59 130 
-32 -93 -6 
20 -26 134 
-61 95 -96 
82 22 103 
-55 43 -99 
13 102 70 
102 -62 32 
115 93 -57 
14 -74 -127 
61 -147 -123 
106 107 -47 
-26 129 64 
-105 22 -54 
82 -3 -61 
99 147 81 
-86 -122 19 
99 96 -73 
117 -93 25 
3 59 13 
7 -4 -59 
-99 6 -27 
65 38 80 
-119 -30 18 
33 -134 3 
87 -8 -139 
-86 51 122 
111 132 -115 
-29 145 77 
135 -97 68 
-41 -25 70 
59 28 -133 
-31 50 -34 
82 84 77 
135 67 -81 
124 -34 -76 
-44 -138 -36 
-30 -16 -35 
90 -118 13 
69 -98 20 
-25 -28 129 
-92 93 27 
96 -53 -12 
-131 -134 -1 
114 15 -17 
9 81 -113 
37 -76 122 
-137 -89 129 
-9 -82 -22 
3 -57 -55 
136 96 63 
-75 -123 -47 
79 42 -66 
-32 4 -64 
45 12 109 
95 -77 -101 
20 114 -29 
-93 52 88 
-140 -37 -18 
99 128 -5 
-60 134 70 
-95 9 4 
82 -103 -129 
111 147 90 
32 44 -144 
10 -20 9 
74 117 35 
13 -2 94 
17 -20 -19 
-123 105 9 
68 67 66 
-102 -33 119 
-2 81 39 
-81 52 54 
122 -88 2 
-5 52 27 
135 -100 -20 
81 27 -26 
-37 11 67 
128 -104 61 
-35 -17 -43 
-86 29 -135 
110 -150 -115 
89 -88 40 
-9 -39 145 
66 10 67 
-31 91 -12 
-75 99 145 
-120 -13 31 
115 -43 -4 
17 112 122 
