136 -18 147 
52 21 27 
-32 -30 43 
22 -2 -15 
-4 -150 -39 
14 73 20 
10 -91 -82 
-2 90 71 
-121 -57 150 
83 -142 104 
109 -27 -119 
17 -30 -10 
59 19 -50 
143 -54 5 
-56 44 -110 
1 107 -9 
22 -106 122 
-71 148 -35 
-20 91 -33 
-7 131 8 
115 -93 -66 
-25 46 107 
-16 18 -139 
-25 -56 -34 
-129 137 -109 
-100 51 24 
-93 -67 6 
-136 -21 -57 
-119 -62 8 
135 57 -3 
110 -9 -51 
-5 -92 -144 
22 -101 115 
-90 -3 139 
-130 -17 -19 
-150 -118 -20 
-97 -30 -110 
-97 12 -112 
-30 13 -126 
28 -18 32 
-16 33 19 
26 -68 43 
40 39 -15 
-101 -75 -104 
54 -92 -135 
-24 -28 -4 
26 -137 5 
48 112 -39 
-150 -1 -79 
-16 -6 -45 
-145 120 10 
-146 5 49 
117 98 51 
54 -108 -116 
96 24 21 
123 113 -130 
5 -29 -10 
54 48 118 
-3 37 -30 
-9 -34 37 
-5 -29 -16 
-8 55 -3 
-42 -116 -103 
-109 13 -62 
15 55 108 
100 37 -26 
45 119 -66 
123 -142 -49 
47 62 56 
126 110 -74 
-20 -56 -35 
83 -94 -96 
-109 1 149 
79 123 -86 
126 -131 -47 
-141 -66 -3 
48 40 -14 
-125 -132 61 
129 -66 18 
12 11 24 
-46 57 -129 
-54 52 119 
-78 23 91 
50 105 -21 
-52 -3 -120 
-47 8 -6 
124 -21 52 
122 -21 -36 
-59 2 -63 
61 -105 149 
-98 -3 -1 
135 50 -133 
56 6 -32 
-6 4 -101 
77 9 47 
128 16 -98 
60 -71 -117 
-53 -29 -126 
-19 -20 -7 
-48 -72 42 
84 114 149 
-37 -41 -115 
23 140 -56 
3 62 -69 
-66 -119 53 
150 8 53 
-52 127 -83 
69 105 -14 
101 -4 -129 
19 1 -68 
-108 -37 74 
60 34 -40 
-14 32 -51 
-38 85 67 
12 -143 141 
40 113 -48 
-97 84 -53 
-74 13 -114 
-3 -74 -26 
110 -63 70 
-16 107 23 
-87 54 27 
3 -6 2 
-10 33 -8 
12 1 -61 
-35 20 11 
-134 93 -38 
-144 -41 -54 
-111 35 71 
-144 -80 6 
91 103 -143 
4 62 -135 
116 -34 -19 
-118 49 14 
107 104 27 
127 38 25 
111 -136 128 
-20 16 6 
13 65 -116 
129 -80 -20 
-77 -114 64 
4 -107 142 
113 -150 39 
10 141 -1 
85 -130 -114 
85 -65 55 
59 56 115 
130 -88 2 
-66 99 -80 
-79 10 -134 
43 -51 116 
84 -82 -23 
141 -1 -12 
-45 59 3 
4 -146 43 
58 138 32 
65 6 30 
-112 82 -106 
-7 42 13 
86 -122 54 
42 -26 -107 
-27 21 -15 
39 147 106 
65 127 70 
30 -129 -110 
19 -54 -133 
-131 51 95 
88 7 126 
-16 -32 51 
28 -55 56 
-79 33 55 
38 52 -11 
3 -98 121 
40 -56 109 
77 1 48 
-14 131 -35 
-41 2 65 
-38 -20 -93 
-51 -81 37 
45 -91 46 
-44 -48 -47 
-14 -146 -79 
59 36 -77 
-87 38 -70 
53 -29 -80 
107 84 -37 
-84 -19 88 
147 21 9 
22 86 5 
-33 -10 -18 
-56 -116 -104 
-4 -89 -56 
-35 -69 -12 
105 111 -54 
-92 6 -71 
148 27 -47 
-25 96 -55 
-39 -2 23 
-44 -49 -97 
47 -26 -125 
10 20 -138 
12 28 73 
51 -65 76 
-114 -106 4 
-32 46 6 
-6 -37 39 
-133 -129 -78 
115 -110 -37 
-91 145 19 
45 -146 18 
-12 -8 131 
-130 -121 -122 
62 -80 141 
69 -56 -19 
-90 -29 40 
17 126 -133 
-28 -112 137 
4 137 71 
-12 89 2 
95 122 79 
22 66 -11 
124 -8 61 
48 109 59 
-82 51 44 
-87 148 47 
-143 -116 -60 
18 -101 -124 
79 -128 -74 
64 -18 -99 
38 -39 -88 
-145 144 -72 
-20 102 139 
-25 -68 -1 
-48 -14 100 
-37 -19 18 
43 133 -22 
-12 -28 18 
-120 117 43 
1 -53 -76 
3 39 56 
1 -82 -32 
102 17 -136 
-69 -124 -2 
6 41 94 
-121 -132 28 
75 107 -29 
-67 -20 -71 
22 97 32 
-16 -41 -12 
-82 20 -4 
19 128 -47 
-113 -24 6 
-138 -14 -137 
-46 -74 -29 
-5 9 146 
48 90 -81 
144 -146 15 
94 25 136 
-6 15 13 
75 119 -23 
-63 8 81 
3 25 -79 
97 -12 47 
-50 -29 -4 
128 -48 -28 
63 53 -88 
-41 -130 -48 
-24 5 41 
-72 -37 65 
-10 -126 121 
-12 -101 -83 
-9 113 108 
3 8 -13 
41 40 -141 
-128 38 -147 
-64 31 116 
53 -15 91 
-87 67 117 
-9 59 41 
-43 -50 24 
35 80 -55 
33 -3 -27 
-48 30 110 
-3 -34 97 
-89 5 -94 
-131 13 84 
80 -3 150 
32 -132 -49 
144 -8 -73 
46 -97 98 
-3 -46 110 
-19 96 -92 
101 -42 -24 
14 -142 -36 
115 143 -39 
-54 -48 93 
-43 13 48 
37 -142 -25 
44 -118 112 
-48 -124 -10 
-129 -67 133 
9 131 -30 
76 -14 96 
29 41 38 
-3 -12 21 
-22 -133 -119 
11 -38 -62 
39 76 9 
-59 40 46 
-57 44 59 
127 -2 9 
116 -37 55 
120 31 -132 
-58 148 123 
31 149 -12 
-147 -75 -25 
88 -22 38 
-40 62 29 
-76 -114 -59 
111 77 -8 
91 -114 -115 
77 6 61 
-20 -29 13 
93 4 64 
-93 18 -3 
108 -28 136 
-12 98 -130 
-86 5 -3 
115 88 -2 
133 38 137 
117 -102 114 
23 -8 13 
24 116 -73 
-57 58 6 
30 33 -7 
-142 119 1 
-5 68 12 
-127 -4 -55 
128 -76 -142 
-16 -47 -129 
127 131 122 
99 -40 15 
88 1 -145 
-57 3 -142 
-14 -88 98 
128 79 29 
-13 42 27 
53 23 -106 
-84 37 69 
29 1 -102 
76 47 -102 
24 -121 53 
-52 -72 -117 
40 149 -11 
-3 -18 -56 
11 66 34 
121 -9 -61 
67 -69 -117 
31 -121 -60 
2 -37 -53 
12 -95 -97 
82 -95 -114 
-45 22 67 
-7 30 -3 
1 93 -115 
98 -3 4 
27 -52 -13 
24 -127 -109 
13 -21 -11 
114 -136 -8 
59 -69 57 
-53 71 -87 
116 38 42 
36 113 -135 
-141 -92 -66 
73 -138 63 
-18 15 -41 
-93 -117 -4 
-7 -124 -29 
89 125 -11 
10 -117 69 
46 -139 129 
96 -37 51 
-71 4 -117 
132 -121 26 
-10 150 35 
24 -148 -13 
-62 -45 -7 
2 79 6 
-70 -12 -10 
105 -62 -10 
139 -19 45 
-91 60 -89 
3 -33 -52 
148 97 -42 
-48 75 -66 
29 33 -25 
-66 8 -109 
32 44 25 
-100 -22 142 
-33 2 99 
-11 -61 57 
46 22 150 
29 141 -32 
70 60 8 
26 54 25 
-9 48 -143 
101 -17 -90 
-74 -61 133 
12 30 7 
71 -90 -41 
-91 110 40 
-1 -110 -98 
-61 -150 149 
-74 -101 3 
-66 -30 118 
-7 -137 -142 
131 58 -63 
-53 63 112 
-36 69 128 
-63 12 -55 
-6 29 -147 
90 -68 143 
16 -46 149 
-5 -49 9 
-113 -54 -128 
145 -90 -75 
-138 39 -81 
21 -126 15 
-34 147 135 
-58 125 56 
-4 -25 -37 
11 -9 112 
-59 -94 -50 
92 85 -56 
-48 80 131 
-23 137 -9 
86 20 50 
18 -12 -9 
16 -72 -14 
-86 -48 112 
-43 53 18 
4 -118 105 
-16 -150 9 
51 115 147 
99 -39 -48 
14 44 -141 
84 77 3 
54 -22 -138 
76 -52 -45 
