-16 11 -45 
73 -145 125 
-140 58 -15 
63 -59 -142 
-15 -33 -124 
71 -21 -36 
15 -122 1 
-79 -83 -14 
-141 -13 -8 
83 118 4 
-125 -90 16 
-102 82 27 
-6 -57 -13 
-94 -30 64 
-47 -4 39 
90 -86 150 
-125 -15 -4 
-104 -120 -39 
-87 -104 66 
23 9 -76 
-20 119 47 
-17 -67 64 
6 78 79 
108 -56 -123 
-141 43 50 
50 -82 17 
145 -98 -10 
-45 18 123 
-103 4 140 
-40 -51 135 
-24 -36 -43 
53 -18 85 
23 -123 75 
-133 -84 25 
-11 -121 -64 
131 -109 -18 
4 -17 -108 
-77 30 -60 
133 36 -98 
-18 86 110 
-101 67 -143 
-96 8 -29 
26 135 7 
-10 -3 -48 
-13 -4 -51 
1 62 110 
-140 51 138 
-68 -34 -94 
-63 -13 7 
-16 85 90 
136 23 -55 
-102 41 -143 
77 59 -53 
67 35 -10 
25 -10 -91 
-103 136 -110 
66 -137 -31 
11 -125 91 
-79 71 149 
68 2 -10 
-74 33 -35 
55 -59 45 
40 -73 50 
-89 9 124 
141 43 5 
-72 -21 19 
-25 -109 -143 
61 -92 -70 
38 -65 40 
98 46 -80 
-68 15 89 
-103 -66 92 
115 -84 -75 
39 -126 -98 
-25 35 98 
-14 -9 -15 
98 25 -18 
125 -16 107 
62 -107 -145 
-116 108 143 
130 103 93 
38 19 -23 
-104 -5 19 
103 -31 -91 
8 58 36 
40 18 37 
11 -20 -142 
-30 -84 -109 
71 -28 41 
-120 60 109 
16 -29 5 
-80 -146 60 
59 53 -71 
-8 75 -108 
36 53 -112 
4 -1 -89 
149 -39 19 
15 38 69 
142 -52 -75 
133 139 -29 
-17 4 8 
24 -41 -148 
-4 11 -45 
-1 132 61 
72 -2 -19 
142 62 91 
-25 -19 14 
93 -64 -128 
-92 -40 -74 
-112 -15 -63 
2 -140 -133 
-120 -38 79 
87 66 120 
-78 40 -136 
13 132 -4 
123 132 96 
134 -34 -13 
-103 29 1 
57 116 2 
65 -37 92 
101 58 -34 
-75 89 2 
8 -95 62 
-140 -144 -45 
-141 -133 44 
123 -8 17 
9 -42 -129 
-147 -69 110 
22 78 -43 
55 -29 -96 
-103 -40 -20 
142 -8 -49 
137 -22 113 
-1 41 -91 
16 53 46 
149 -116 55 
-100 150 -18 
-79 130 -137 
105 26 129 
-101 119 -52 
98 32 20 
-121 15 7 
67 -13 -59 
-31 91 -85 
77 -85 102 
63 1 -74 
-89 -131 -119 
45 73 -121 
-72 105 -2 
145 -84 -33 
-68 -138 110 
-36 -28 66 
-98 -82 -54 
9 -37 5 
12 115 -68 
-34 -1 -77 
-10 49 98 
-23 11 -49 
-54 33 -111 
-4 -45 -10 
-101 -116 134 
13 -9 -5 
12 2 -57 
66 3 -13 
-5 -81 -136 
120 -8 29 
-64 37 147 
-13 -93 25 
19 131 -109 
52 142 36 
-137 -27 61 
-2 7 46 
-33 -38 -6 
-106 23 8 
-17 148 -92 
42 -109 61 
-141 -122 16 
-117 -149 -29 
126 127 -18 
-46 -47 -53 
-9 -50 -1 
60 6 -119 
106 31 -105 
-2 121 104 
-13 149 121 
15 85 125 
125 140 77 
-10 137 -13 
24 43 -94 
-28 60 -149 
31 -72 -1 
68 -108 100 
12 -19 -58 
-103 138 -102 
-69 43 -1 
118 -66 -69 
-96 -55 4 
39 84 122 
-75 -91 2 
-7 48 -87 
-1 -128 21 
66 25 -101 
-68 -42 38 
47 27 29 
-22 -14 -80 
139 -5 1 
-110 129 150 
143 73 93 
127 -27 67 
41 -83 80 
3 39 4 
76 30 -150 
-5 -39 115 
47 -146 -5 
36 -16 -80 
-147 44 -40 
13 -51 -2 
-71 -133 78 
113 -48 121 
-72 18 -75 
147 74 -10 
-138 -10 55 
89 48 -35 
-3 -2 90 
14 -79 -36 
100 -18 114 
83 -72 -63 
-36 -73 122 
142 -21 14 
-148 -101 50 
-78 -68 -132 
-95 -91 -147 
-12 11 7 
146 -109 112 
-120 106 -2 
-126 -74 9 
-84 5 70 
-46 1 19 
1 -13 -23 
-136 -36 -120 
-114 135 49 
-92 -121 34 
79 18 10 
-85 90 22 
46 6 -112 
5 -58 121 
111 63 -50 
80 -102 -11 
54 -136 -3 
112 -131 33 
-21 -80 131 
22 48 -6 
-74 -30 -115 
15 -110 142 
-58 80 29 
-115 -81 113 
-71 27 46 
50 -131 -117 
9 -5 3 
-101 84 77 
-88 9 73 
6 -89 -11 
128 -74 -8 
-104 24 -106 
-124 -28 138 
-54 -29 60 
-123 125 -9 
118 8 117 
32 -132 -16 
-29 -99 -117 
-91 -47 -1 
-40 91 74 
81 -117 44 
-93 -121 -40 
1 -24 -61 
1 -31 -61 
-36 -100 56 
-77 -81 36 
-59 -31 -114 
73 43 5 
72 -86 4 
115 -72 -73 
23 31 32 
30 -89 -58 
-9 -121 21 
-45 124 144 
78 -107 135 
-6 16 120 
-5 32 -10 
98 -88 -38 
103 9 -105 
-83 62 26 
100 40 -74 
84 -59 -7 
58 -61 -53 
31 -49 -18 
107 148 143 
8 67 76 
-80 75 -68 
114 149 98 
-46 -17 -126 
-98 -63 -112 
-21 70 -17 
-83 -30 139 
4 -7 -127 
-34 24 99 
120 39 29 
-124 -150 -100 
-2 25 -124 
37 -140 137 
12 120 -88 
-62 48 -64 
-80 99 -119 
-144 21 -31 
-147 76 -108 
-102 65 -1 
-105 -68 28 
149 -19 -8 
75 -2 -33 
-43 -24 81 
138 45 -114 
-88 -65 -60 
-134 78 135 
-48 112 -70 
-2 60 -87 
52 -142 136 
-115 92 -3 
-45 -123 -76 
137 -119 21 
42 -35 3 
-11 86 -117 
145 110 75 
-140 20 107 
-125 72 103 
12 61 -46 
-143 -18 20 
46 138 26 
138 25 6 
105 50 -44 
52 47 92 
-63 -34 -42 
32 -117 -58 
-87 55 29 
150 95 -5 
-135 18 -50 
114 2 127 
111 -139 80 
-66 59 4 
-25 -99 -77 
68 150 71 
-22 -113 8 
-30 -12 -61 
-143 4 68 
-123 94 54 
131 45 -26 
147 -117 94 
48 -136 1 
60 -1 138 
-12 -59 -29 
66 30 -32 
-27 -104 -58 
54 -27 48 
145 34 92 
-2 -111 -62 
146 71 63 
48 -85 120 
-20 54 22 
137 -65 -63 
64 98 -6 
-106 -126 146 
-20 -56 -65 
81 33 -52 
-88 -72 51 
68 -25 117 
17 28 54 
36 -128 -53 
-7 -126 70 
26 -103 20 
109 149 -88 
86 110 141 
99 -12 19 
-12 38 24 
-101 -91 -51 
83 46 43 
-98 60 -42 
-18 -107 97 
22 19 -25 
-119 77 53 
11 28 -60 
-107 53 78 
-41 72 93 
-4 -5 -30 
-42 -64 -88 
52 55 -13 
-48 44 -105 
-58 29 80 
17 53 2 
-75 145 -37 
111 -115 -15 
36 -128 116 
-57 -58 -64 
-3 -113 82 
141 -13 143 
-1 -93 -126 
-90 -28 115 
-35 -76 -31 
-5 138 -132 
-4 91 -103 
-103 -4 120 
29 144 -102 
-20 7 58 
83 -6 -14 
-48 -9 -1 
127 8 -97 
-3 66 76 
133 -62 -59 
-115 -49 -37 
36 78 -77 
-6 20 110 
78 -18 82 
8 32 -104 
-126 20 -16 
130 47 -69 
-40 62 -36 
33 147 142 
124 42 71 
-122 118 104 
32 -24 38 
85 132 59 
-47 -3 -75 
31 -15 34 
-84 100 131 
-52 68 -59 
46 44 131 
-21 -14 -44 
128 -27 -1 
21 124 -116 
-93 15 95 
74 43 -69 
-76 -132 60 
-32 86 79 
56 -50 89 
150 -62 -135 
-81 -57 -12 
122 22 147 
-129 150 -143 
55 -123 -59 
-107 22 12 
-104 -17 -95 
-19 -89 119 
