-7 35 8 
13 1 30 
-117 -6 2 
2 -29 36 
2 5 -103 
4 16 -22 
-15 -9 -16 
1 -3 -2 
2 5 -26 
-6 -101 10 
3 -5 2 
12 2 -9 
-22 7 117 
1 30 3 
17 56 2 
7 17 -20 
17 113 -107 
95 18 19 
-1 -36 2 
-4 3 -31 
5 -7 4 
-6 -2 -7 
-12 39 -7 
6 -79 1 
-2 -134 21 
2 -123 -120 
-138 37 -1 
-14 -3 61 
1 -16 -3 
-26 -19 -1 
1 2 5 
2 -100 147 
6 -1 -19 
-27 -26 -7 
72 4 -6 
5 -128 -54 
2 -4 24 
-64 -5 1 
-1 -11 -30 
-8 17 -143 
1 -61 -68 
2 37 -3 
18 33 5 
3 -2 -79 
-27 10 -2 
15 122 -35 
-18 4 28 
-126 -142 77 
14 -29 -1 
4 -47 13 
1 -148 -50 
-1 99 17 
-2 8 3 
-59 25 1 
4 -27 34 
-93 -30 38 
111 -2 3 
1 -48 -7 
-52 1 31 
71 -9 -3 
-3 -27 -88 
-1 6 -14 
15 -2 -76 
-33 -13 10 
59 -25 2 
-3 11 -72 
-1 -12 8 
6 -1 -62 
-113 1 13 
-117 1 -11 
-35 3 41 
1 -33 -3 
93 -1 -3 
2 -134 1 
-37 -8 3 
1 7 -18 
-71 1 3 
4 -111 42 
-6 -57 1 
9 -2 4 
-2 -4 1 
-25 2 -3 
4 -32 -5 
42 11 1 
-90 1 6 
2 -1 -42 
-5 9 18 
2 -71 -1 
-1 47 43 
1 2 12 
2 25 14 
1 6 -18 
1 -3 2 
142 -113 1 
-2 10 -9 
10 1 8 
-14 1 -83 
-1 -18 8 
-1 -86 26 
7 80 4 
-4 -8 -1 
72 -51 -4 
-8 124 2 
-2 -25 4 
-86 -3 6 
-92 15 -100 
52 28 65 
18 -28 -70 
1 -28 3 
-3 4 5 
-44 3 1 
-140 -28 7 
-1 -3 -39 
1 2 9 
30 10 -4 
5 7 61 
25 -113 -1 
-150 6 -22 
-3 104 14 
10 -1 -2 
-38 3 87 
-4 -39 31 
-9 14 -1 
-21 59 35 
-5 -10 -14 
11 -10 5 
2 -1 -7 
59 7 42 
1 -2 3 
-1 -143 3 
7 10 1 
-48 -1 -4 
104 -1 -48 
54 6 -148 
39 -34 -24 
25 8 -2 
-1 71 -8 
-113 16 33 
-127 3 -1 
-38 -34 -1 
-1 43 33 
-9 7 -1 
121 9 2 
1 -16 -127 
-1 -16 11 
11 29 -132 
4 145 3 
-6 -10 83 
3 19 -1 
86 1 6 
-26 -48 3 
-49 -20 -10 
1 -2 18 
-68 9 111 
-10 11 1 
-10 -3 8 
1 -2 -65 
40 1 12 
1 -38 26 
1 8 -11 
13 -5 1 
-5 19 7 
-10 38 -35 
2 -8 1 
-34 -2 6 
32 -63 -21 
-11 -17 -41 
25 14 2 
23 -25 -2 
10 -2 45 
9 -68 12 
27 42 -4 
15 -140 -4 
-145 6 2 
1 -3 -55 
-14 -1 10 
131 6 -1 
-125 -1 76 
25 64 1 
1 89 -4 
-44 -10 14 
3 -21 -117 
-2 -5 -59 
-4 97 9 
-34 -13 7 
4 -145 -117 
-2 123 51 
50 7 -1 
60 2 10 
-17 3 63 
73 -1 -3 
-10 -1 13 
-2 5 1 
61 34 -150 
11 -5 -1 
116 1 -11 
1 6 4 
7 -10 29 
-94 5 -44 
-12 53 3 
12 -3 -18 
12 22 -43 
-2 -3 -32 
-31 1 4 
-64 1 3 
-3 -1 -14 
-1 -3 -84 
-7 9 -59 
58 -38 7 
-3 7 71 
1 -31 80 
-32 9 -1 
-1 15 127 
-37 1 70 
-1 -49 -2 
-7 10 6 
20 2 -8 
3 -2 -20 
8 -2 -23 
-82 -1 4 
-14 -11 -2 
-1 106 6 
1 -4 6 
18 -8 119 
79 -1 44 
6 -11 38 
-18 -1 29 
3 -90 70 
33 -8 -16 
73 -16 2 
3 -5 4 
-3 -1 2 
-52 -12 -90 
-40 -74 -108 
-138 10 -41 
-1 -100 2 
1 -58 -18 
3 104 1 
46 -1 2 
1 87 -18 
7 -10 11 
48 2 22 
18 43 6 
-12 8 3 
-10 -2 17 
-16 4 -21 
80 -1 6 
2 -22 -13 
-2 -16 -1 
17 -37 109 
21 -8 -19 
-21 -1 -2 
41 5 47 
-1 31 -4 
-15 -2 68 
20 32 5 
121 3 -1 
-78 12 -46 
11 -7 -1 
-10 16 -1 
-25 -61 2 
46 1 2 
-35 -6 10 
-19 138 1 
-8 -35 140 
1 -72 137 
6 3 53 
11 29 -20 
13 -9 2 
58 -100 1 
-2 7 8 
57 100 -6 
1 3 7 
10 -45 -107 
-3 23 5 
-120 -9 1 
2 64 42 
-116 1 -141 
7 -139 -1 
2 -61 3 
-53 51 78 
-4 6 -1 
-149 31 -10 
26 2 -1 
48 1 6 
15 2 -85 
6 23 1 
4 -18 -3 
-20 -2 111 
6 107 4 
18 -6 -1 
-5 118 86 
51 -6 -1 
44 -56 -2 
2 3 -70 
2 1 7 
13 -1 3 
25 78 5 
-110 -26 1 
33 1 -6 
7 3 1 
-4 1 -112 
-8 -76 1 
102 1 28 
34 101 -2 
54 9 6 
18 2 -146 
4 -27 19 
-1 -3 21 
116 2 8 
-19 57 1 
-2 -94 -5 
-5 -84 63 
6 -75 -48 
-2 -24 4 
-2 69 12 
-1 2 -30 
-1 -17 22 
62 8 -38 
-8 -70 -1 
-65 34 -1 
13 -15 98 
2 -1 33 
9 -6 2 
-30 -140 1 
5 1 21 
-29 3 -11 
110 -1 -102 
-2 1 31 
-11 1 -21 
1 56 -4 
8 1 -7 
-1 -3 4 
-38 4 3 
2 8 20 
-1 -11 9 
-8 -1 -31 
89 2 3 
-4 41 15 
82 -2 1 
-7 -6 1 
58 7 25 
-21 42 -27 
-4 43 7 
-59 2 1 
28 2 1 
1 2 10 
-2 1 19 
-1 -123 24 
-20 -12 35 
-67 1 38 
-3 1 -43 
10 3 45 
-4 21 1 
50 -9 -77 
69 136 -8 
2 1 4 
-12 2 1 
-1 106 -45 
-25 2 -4 
4 11 1 
1 -10 -49 
-142 1 4 
-53 -86 21 
64 -123 -2 
-109 120 1 
-40 6 1 
56 28 -1 
4 -60 2 
2 3 118 
95 72 -4 
20 -1 46 
-1 -40 -127 
5 -113 2 
-4 1 26 
1 65 67 
-100 11 -7 
15 60 -8 
-72 21 57 
13 -2 3 
21 -57 86 
132 -142 1 
-12 -118 -13 
5 3 32 
1 -9 -14 
59 -12 -116 
-9 13 -106 
-61 -1 -2 
137 1 32 
60 -1 -27 
2 -30 -33 
-116 1 -6 
-89 -2 -5 
6 35 -29 
-26 -108 -4 
2 22 -55 
-118 36 -6 
-9 1 41 
-8 -69 2 
-102 -142 138 
3 7 -60 
-1 21 115 
83 9 1 
99 -11 -1 
-1 -53 2 
20 -1 -46 
-3 -28 -11 
21 -13 -2 
-18 -2 -3 
104 -4 14 
2 49 -1 
35 8 -6 
-24 9 -26 
1 -5 3 
6 -47 -3 
-1 123 -6 
5 -1 -3 
-3 -115 -20 
-1 -9 -4 
-114 -2 -48 
126 -3 1 
-43 -26 1 
17 2 -1 
-5 -1 -15 
-33 -18 65 
-14 -50 -49 
24 2 -6 
80 2 -7 
-8 -63 1 
-1 6 28 
-3 -2 -22 
29 -140 13 
81 6 -3 
-55 2 -50 
6 -12 1 
1 2 -19 
-109 14 -136 
-2 -101 104 
-2 128 -47 
14 6 -2 
-13 -45 27 
-2 144 -29 
-1 2 14 
-25 18 14 
34 2 148 
76 8 3 
24 -2 27 
-72 -34 1 
-27 -45 133 
-9 -118 6 
