13 2 1 
-13 -105 -49 
48 2 13 
-41 4 117 
3 -41 -97 
-55 2 129 
1 28 -8 
30 -1 -104 
2 20 8 
46 1 14 
-1 2 17 
120 1 -2 
-1 19 13 
-24 -41 14 
75 58 41 
-16 8 -59 
-1 2 4 
5 56 23 
1 -12 -126 
128 -2 8 
22 1 -2 
1 8 -76 
15 -25 -1 
-55 1 -8 
26 1 -18 
94 -56 115 
6 -79 1 
-105 9 -44 
-2 1 -9 
16 12 1 
4 5 -27 
-26 2 -1 
9 1 -5 
1 -11 2 
-27 -16 -63 
3 57 19 
-76 -134 -13 
124 -129 10 
49 3 -1 
9 -1 4 
-1 -3 -19 
-24 1 3 
55 -1 -6 
-1 -42 -13 
4 -10 2 
3 5 4 
-39 -96 2 
3 1 5 
-18 -5 -4 
-3 89 -7 
-1 2 -3 
10 -2 -81 
-1 123 -49 
-2 3 -1 
1 2 3 
-1 18 -5 
132 35 55 
-60 -1 21 
-20 1 -10 
-42 1 3 
-1 4 -139 
14 7 -143 
103 -2 -7 
2 1 -136 
-35 -1 8 
-1 -6 -48 
-31 8 -51 
-5 -116 -4 
-75 -1 -2 
20 34 -2 
-10 -14 58 
-1 -26 -3 
-63 16 2 
-2 148 -1 
-4 6 -121 
-11 64 47 
2 -10 -8 
5 1 -30 
147 -2 -11 
-8 9 25 
2 1 17 
1 -3 -150 
-71 3 -17 
1 -21 -62 
-15 -1 -76 
1 -6 14 
139 1 -2 
83 3 7 
1 6 -7 
-19 4 -1 
-1 -4 -128 
-1 3 2 
1 -20 41 
105 12 1 
22 16 39 
19 -2 1 
-3 -1 26 
65 5 4 
-1 -15 3 
-16 1 -4 
1 9 10 
-131 16 -19 
143 83 1 
-3 -5 -2 
41 -86 -3 
14 -3 -12 
-78 10 3 
1 51 -2 
1 -2 68 
9 3 1 
-142 -3 -2 
3 1 17 
-3 -144 -37 
-21 -95 108 
2 1 27 
60 -1 6 
-1 -4 9 
-2 -9 48 
46 42 9 
146 1 -10 
1 -4 -34 
51 4 1 
-1 2 -105 
114 63 24 
1 2 -78 
-1 -2 25 
28 7 4 
6 1 5 
-2 -1 3 
-2 67 -49 
30 94 -5 
1 101 -13 
-67 -1 9 
-1 12 54 
-28 4 -60 
62 -6 -2 
9 1 147 
-20 -15 4 
-2 3 -26 
23 -122 1 
2 -1 -22 
-1 -21 13 
-6 4 23 
-6 -4 1 
26 -1 -2 
2 7 4 
1 -13 27 
81 -125 7 
66 1 2 
144 -99 51 
-4 51 -2 
-112 -3 2 
6 19 11 
2 -1 -35 
4 1 -5 
-1 7 -5 
2 85 -22 
1 -9 -40 
-1 -3 2 
149 -105 -1 
-12 -131 -20 
-42 2 24 
6 2 16 
8 10 4 
3 1 -2 
65 -1 -113 
87 -6 -2 
-11 29 1 
-122 -12 -8 
10 -3 99 
70 -23 12 
-30 -56 -62 
-66 2 19 
148 -108 3 
-122 2 -1 
-1 -9 18 
2 3 43 
2 -23 -4 
5 93 -26 
150 -10 -27 
-11 41 -4 
-1 2 -61 
1 11 97 
-10 -7 -9 
5 24 -109 
3 -15 -50 
-68 -8 -1 
-12 -4 -56 
11 3 -67 
-54 -91 40 
-8 12 128 
-12 -18 10 
-1 -6 26 
4 -39 -1 
2 44 -1 
19 2 3 
-4 -80 2 
1 -33 -8 
-4 -3 143 
59 3 -130 
90 3 1 
1 -11 5 
-2 4 14 
2 40 3 
-16 7 -3 
13 83 -1 
2 -42 47 
119 -1 -12 
-1 15 3 
6 -1 -82 
-8 -1 17 
-3 5 32 
1 4 3 
10 140 27 
-31 30 -13 
-4 -23 1 
1 36 -20 
3 -6 134 
20 -139 -2 
113 13 -114 
-19 -9 1 
17 -4 58 
3 -9 -7 
-19 -29 -120 
61 -1 70 
-4 10 -2 
16 4 2 
-8 -74 -2 
-4 -120 150 
51 4 3 
107 27 109 
6 -1 8 
-5 -95 -3 
1 -14 -83 
-55 95 17 
4 82 -5 
18 144 -3 
81 108 -39 
27 -69 -1 
144 -12 -50 
3 -18 2 
142 -5 -1 
6 5 3 
1 -4 -21 
1 -50 4 
36 -71 2 
-118 69 -13 
19 -5 -14 
24 -4 -1 
-29 -3 5 
4 -19 -3 
4 -2 38 
14 -1 -15 
-14 70 -2 
-30 1 2 
93 -50 2 
-6 -2 11 
84 -3 63 
69 75 -19 
-1 -2 11 
-6 -7 11 
-62 4 9 
1 5 -39 
34 -22 -14 
1 56 -6 
-4 17 113 
85 9 -24 
-18 -1 -3 
-21 -97 -7 
-1 -4 2 
-1 -3 11 
-27 -1 65 
-29 1 -117 
10 -61 1 
-11 -68 -3 
2 48 -8 
23 30 -9 
-113 -2 -9 
-1 -5 -137 
2 -9 -100 
-59 -5 24 
3 141 16 
25 -22 -1 
1 -101 -82 
-16 -43 -13 
20 8 31 
64 1 -63 
-3 21 15 
50 -70 -5 
1 -2 8 
-1 -28 -146 
140 -93 4 
-31 2 1 
1 -3 5 
-13 -86 46 
10 2 34 
8 1 -4 
1 -34 4 
11 5 -2 
1 74 -4 
-7 -1 47 
-10 -2 12 
16 -1 20 
-142 122 1 
1 9 -130 
2 13 37 
-2 9 4 
-2 -53 82 
1 55 -34 
12 1 -139 
30 -18 -12 
-5 6 -12 
73 -3 -2 
-101 -11 3 
-18 57 22 
-28 -1 -3 
3 136 -135 
1 -53 -4 
3 23 -8 
-54 69 -1 
-4 -3 17 
-31 87 -13 
-66 22 2 
19 -1 -12 
21 39 30 
-4 46 5 
-13 -103 -9 
-13 10 6 
3 11 -1 
-5 -3 17 
3 9 28 
-3 70 -1 
78 -1 -103 
-2 -21 -9 
2 -3 -68 
6 1 105 
114 1 -16 
6 -4 -13 
-62 1 57 
3 6 -122 
-46 36 41 
3 43 -6 
-1 2 -77 
-3 1 60 
7 137 22 
-14 -58 -1 
66 22 1 
17 -12 1 
-6 51 52 
-17 -1 -7 
-85 5 -35 
-1 -2 13 
-8 -4 60 
25 -12 5 
8 1 -3 
-32 5 -3 
-135 -117 -2 
-49 -1 115 
-26 14 80 
-7 -1 146 
3 144 5 
-1 -5 111 
-60 -12 -22 
11 -14 135 
-94 -1 -37 
-1 10 5 
-1 66 6 
3 70 17 
-20 46 26 
-51 11 -43 
-1 -3 4 
2 1 13 
1 100 -16 
1 24 67 
54 -5 -11 
-1 -2 -15 
17 -35 -1 
119 108 53 
-120 114 24 
-32 -91 12 
-105 -4 2 
-1 2 -5 
1 9 -3 
2 -49 -1 
14 -4 -71 
129 2 9 
-2 8 -5 
25 -4 2 
-3 -28 -4 
10 -103 -1 
7 -2 -111 
13 2 9 
-8 2 64 
-17 41 3 
68 -15 3 
1 -2 3 
-8 -46 -2 
73 6 1 
-4 -32 -87 
3 11 -48 
87 -2 -1 
-113 -26 -39 
-4 19 -1 
-17 -14 -3 
-60 5 -22 
2 40 3 
53 -46 121 
-6 -65 -1 
2 -17 -15 
-8 -1 58 
-27 106 -68 
4 13 145 
-16 -116 -46 
-1 -15 3 
-2 8 -25 
7 1 53 
-1 2 13 
-14 -16 -91 
-3 85 13 
-7 -1 2 
20 -4 29 
15 -50 -12 
1 -8 12 
-85 92 5 
-24 -2 -7 
2 7 -27 
5 -29 -17 
22 41 -38 
-2 1 -32 
1 11 -19 
-10 -54 2 
-30 34 -41 
-54 -33 2 
18 -1 -90 
-2 11 1 
-1 -4 -92 
15 1 -65 
-1 -2 107 
31 12 -4 
-1 34 -16 
-9 10 -75 
-23 1 -2 
-16 -1 -6 
-80 -112 2 
-2 24 -19 
1 -21 129 
-77 -9 -4 
-1 -3 2 
8 1 2 
-5 -82 9 
