8 -92 -7 
-7 -63 -1 
-2 -6 9 
-1 -6 -21 
-2 -14 1 
-2 8 -1 
-7 -22 48 
-30 26 -74 
8 -68 66 
1 13 -2 
-22 -59 11 
5 -12 -9 
-62 60 -1 
1 -125 10 
1 3 13 
-8 34 5 
-134 76 36 
-19 -68 -1 
1 144 -16 
-10 2 -15 
2 1 -47 
-101 1 9 
10 -15 1 
-30 -1 -5 
5 4 -65 
21 1 25 
-66 -2 -16 
1 -6 -13 
3 -1 2 
10 -134 9 
8 144 -18 
-2 -98 -56 
102 -5 17 
-38 -2 -61 
-1 -22 29 
-7 -1 -74 
16 102 3 
-11 15 128 
-2 29 -18 
5 1 87 
2 -5 -33 
2 1 -3 
98 2 -1 
-3 -2 4 
2 31 -27 
-1 -3 2 
-14 -5 -1 
13 88 1 
39 -4 11 
-34 -7 -1 
-58 118 -22 
-43 46 149 
34 -1 36 
-124 19 138 
-84 61 -11 
-12 -4 -11 
43 4 1 
54 -5 4 
-122 -1 -69 
-1 -20 -112 
89 119 2 
-1 -13 113 
-6 -3 2 
-6 -37 -63 
-10 -1 9 
4 12 127 
-18 -14 -21 
7 9 16 
1 -38 136 
104 -144 -6 
-1 -3 4 
93 -57 15 
32 10 -1 
14 36 -1 
9 6 -3 
7 -24 12 
13 -1 -2 
-128 -7 112 
-2 65 -143 
-16 3 120 
21 6 91 
59 1 46 
-5 7 -50 
-2 10 -1 
1 -2 -30 
-83 51 44 
-88 -1 -76 
10 -6 1 
14 -3 9 
-1 -102 5 
-14 -62 2 
25 -15 -1 
55 109 22 
-111 -36 -17 
2 1 29 
2 4 7 
99 147 -2 
2 7 -8 
2 -6 4 
19 11 1 
-11 -27 1 
6 -1 -93 
3 -4 -1 
-60 -106 3 
4 -13 5 
4 17 3 
-79 75 -50 
-74 -89 -53 
50 2 -5 
-1 4 -121 
1 -5 -89 
-4 20 -113 
1 10 -3 
1 8 4 
3 -43 -27 
6 3 -2 
1 33 2 
22 1 -16 
-51 -112 -64 
2 10 16 
-9 -8 -26 
-1 18 -59 
4 -21 2 
-2 -61 6 
-3 77 -27 
9 36 1 
-79 33 -91 
79 -21 -5 
-13 -24 -3 
141 -1 3 
12 4 -40 
-15 1 -5 
1 -2 -48 
-6 -1 2 
4 -5 -8 
1 14 11 
1 4 124 
-5 -1 -2 
-44 -6 -1 
-37 3 -1 
-2 21 3 
2 1 -4 
10 3 -1 
-3 2 1 
-3 4 26 
-8 10 1 
-3 -64 -2 
-140 -8 6 
12 -49 -2 
-6 -57 130 
-1 15 -9 
12 46 -4 
46 -105 2 
-1 13 -5 
12 -7 75 
3 16 2 
-126 16 34 
-16 -9 -3 
-36 1 140 
-3 -1 2 
11 1 -111 
-8 28 33 
-4 -1 25 
1 -3 2 
-122 36 4 
60 9 1 
102 1 -43 
19 -3 1 
2 -74 -127 
-94 -4 68 
53 40 -6 
2 6 1 
-25 1 13 
9 1 5 
17 -34 -1 
48 83 -17 
-4 3 -72 
-42 -1 3 
89 6 -1 
1 -87 -2 
11 -52 -1 
-1 -4 -18 
19 -8 -31 
111 -7 -6 
3 -4 1 
-10 14 -3 
-7 43 3 
1 -4 -2 
-2 1 33 
5 3 -2 
-65 -1 -87 
-4 40 1 
-5 -3 -94 
1 -25 -16 
3 4 8 
-50 5 -8 
-16 -2 3 
-7 1 71 
-3 7 28 
-84 11 -7 
3 -35 2 
-78 32 -1 
31 2 38 
-128 1 55 
1 -40 12 
-11 4 1 
-9 -13 -4 
27 -2 -1 
15 61 -1 
18 36 33 
84 2 -1 
3 24 13 
-61 79 -137 
12 1 110 
3 135 -11 
19 53 -8 
-126 90 12 
139 30 -51 
74 -4 93 
-71 4 1 
-2 17 60 
39 34 1 
-150 -4 -47 
46 -2 4 
3 -124 8 
12 -36 -14 
11 34 -54 
1 -76 -2 
-30 3 1 
-4 13 144 
133 -1 10 
-1 2 -19 
102 98 82 
-107 -35 -21 
-101 78 6 
142 -5 -13 
18 78 6 
1 -4 -3 
-99 1 -14 
53 24 -13 
-3 1 2 
-6 2 4 
-59 1 8 
66 -4 1 
2 9 79 
-2 3 5 
-3 -1 -2 
-15 -2 4 
2 1 -27 
6 141 -130 
1 -46 -30 
147 -13 23 
14 -1 -28 
5 118 -7 
-2 68 4 
1 3 7 
1 -63 -12 
-1 -7 54 
93 -13 -2 
-150 1 3 
-9 -2 51 
-1 -3 -28 
64 5 -15 
-4 -3 5 
-1 -33 -2 
134 -6 9 
-1 13 9 
14 3 -66 
-10 -3 2 
9 -11 -1 
-10 -8 2 
-22 -17 -4 
2 40 -1 
1 -10 -5 
-32 -17 -4 
87 -45 5 
8 -108 -1 
-67 5 32 
123 -7 42 
59 1 50 
3 -84 -8 
25 -35 33 
-96 -1 -3 
2 -22 -6 
-56 7 2 
-100 2 -5 
11 -3 -2 
-12 -14 -38 
15 -132 47 
9 2 -1 
15 41 -17 
73 1 13 
-36 -60 -3 
-22 134 -21 
89 2 -31 
6 -22 -114 
5 101 11 
-18 25 1 
1 2 103 
3 6 -1 
-5 -2 -112 
2 -15 -6 
13 -101 -1 
2 -1 -7 
11 1 2 
49 7 -45 
150 1 -47 
-7 2 12 
1 -13 -101 
29 28 56 
51 33 -71 
-5 2 69 
-1 24 42 
75 -6 -12 
-122 -5 1 
-14 -1 -7 
-106 9 -1 
1 -83 80 
-39 1 -56 
7 -4 3 
-3 19 -12 
51 -10 -4 
90 -1 -125 
-62 97 61 
118 1 3 
-9 1 -4 
-64 2 3 
-66 146 -2 
-10 -47 -5 
35 -70 -3 
3 -9 -1 
-2 42 -41 
-10 3 -60 
12 -53 3 
1 -80 12 
6 -1 3 
-81 19 3 
27 50 1 
-56 -1 -26 
1 25 -7 
-53 19 2 
-2 -1 71 
-46 -11 -1 
-1 -5 13 
-5 2 -3 
1 -16 108 
-2 35 -6 
118 4 2 
-15 -39 -90 
-73 -139 3 
1 -2 6 
11 -1 -2 
1 -24 22 
2 -43 -1 
-2 28 -57 
41 2 3 
-36 -38 116 
-59 -90 -29 
1 68 -2 
5 26 8 
-2 -91 5 
-6 -3 -99 
-4 2 -83 
134 -13 -6 
3 -55 -40 
-18 107 48 
3 51 -131 
-40 -1 -7 
85 11 -8 
27 5 1 
-2 6 -12 
29 -18 -3 
-3 -6 37 
1 8 3 
-1 -2 -59 
-55 -144 -9 
2 77 -14 
-105 138 -1 
-26 -11 -2 
3 116 108 
-30 -6 9 
9 -42 104 
-1 -64 62 
-3 -10 -109 
-2 -73 -1 
1 65 -6 
33 90 -44 
6 -3 47 
9 -14 -6 
-8 4 -2 
1 67 -4 
1 -2 -13 
43 -30 1 
-5 2 36 
13 -23 -11 
55 -13 2 
1 -3 -9 
-2 1 -4 
-6 1 16 
-49 79 50 
1 -14 12 
82 -1 34 
62 -1 25 
13 -40 -5 
22 2 -73 
5 -13 40 
-1 -115 12 
-41 20 -2 
4 67 3 
-2 15 -79 
-2 21 95 
-9 -1 -3 
7 1 6 
-1 23 -7 
-45 -1 12 
2 19 9 
-69 -9 2 
76 116 6 
-4 -19 63 
13 18 -26 
3 74 2 
-57 -47 -29 
9 5 43 
49 -3 -18 
24 75 136 
1 130 133 
-15 1 3 
1 -2 4 
-108 -2 -1 
-9 2 -1 
1 -62 -12 
-3 88 2 
5 -54 96 
63 -5 7 
1 33 53 
-4 1 102 
-4 79 1 
-119 -14 57 
2 8 -65 
-1 53 -90 
35 25 -30 
-66 26 -31 
-11 5 1 
36 -2 71 
-2 -8 30 
-38 1 10 
-27 -1 19 
-6 127 -5 
32 1 2 
-3 28 11 
