31 -132 3 
-2 -62 8 
-12 -54 -2 
-1 21 4 
-1 3 -14 
64 6 -22 
-30 -2 13 
-15 -41 2 
73 3 -1 
-12 -27 3 
3 2 69 
-84 1 7 
2 8 32 
19 78 -2 
4 37 52 
-5 -9 -14 
12 9 101 
1 25 -4 
10 -1 51 
1 27 -12 
-2 45 41 
2 55 -33 
-95 1 -3 
49 36 84 
-3 -7 14 
-28 -3 -64 
6 20 -60 
-69 12 -149 
-2 8 -1 
-1 -150 2 
27 -13 4 
-2 8 -4 
-77 25 -4 
-5 3 -62 
1 -57 -3 
-3 28 1 
-4 64 16 
-118 12 -1 
1 10 -58 
-18 -5 46 
-1 -2 -6 
5 2 7 
53 20 -105 
1 -36 -45 
11 -28 1 
-36 16 47 
49 1 2 
50 -1 -79 
-1 -7 -3 
14 -33 1 
-4 31 -62 
-24 19 1 
13 -70 1 
-8 63 68 
-2 73 1 
-63 1 48 
-3 2 -46 
31 -8 -6 
7 58 44 
-1 -15 -2 
49 3 27 
-36 -96 -129 
-12 1 -47 
-2 -1 31 
12 -25 106 
-18 21 -3 
3 -14 -37 
2 11 -9 
72 2 27 
14 -6 -137 
-5 12 -11 
6 -1 32 
-93 1 -4 
17 82 -19 
-33 -1 -8 
2 1 14 
2 -10 24 
-11 -18 -1 
-6 3 -57 
-1 -3 -80 
-2 -4 1 
-6 1 8 
5 -9 40 
-2 6 119 
-23 149 -18 
-4 -39 99 
44 -150 81 
-2 65 18 
-7 -133 -81 
45 1 56 
8 -5 -20 
-2 120 98 
50 107 46 
4 -25 3 
-13 -62 -103 
-35 1 27 
-7 -18 133 
-1 5 -40 
3 -122 -13 
-62 121 -3 
-21 -1 -68 
116 -28 -23 
-9 3 12 
-63 21 -3 
-2 -1 -6 
17 -130 -86 
5 -61 12 
86 -69 29 
-91 1 -34 
-12 -3 87 
-3 134 40 
-4 1 -2 
3 6 109 
34 -1 3 
35 -76 -25 
2 -10 -7 
-110 -1 -3 
40 4 32 
-45 -4 11 
-27 -66 29 
3 56 44 
-92 22 2 
1 -106 9 
-2 -16 135 
22 -9 -1 
2 -6 -63 
-2 13 4 
76 5 1 
7 -38 143 
-129 -30 4 
1 2 73 
1 25 -114 
-7 2 -60 
1 5 -43 
-4 -37 -2 
-4 1 -40 
-56 24 -7 
-1 7 20 
55 11 10 
-27 1 -26 
-57 1 -10 
-78 13 -4 
12 -100 115 
14 -1 -5 
1 4 66 
-20 -3 -92 
4 -6 15 
-2 20 -1 
-9 -130 3 
-4 70 21 
-2 36 -11 
27 13 -2 
7 -98 5 
21 10 16 
1 4 15 
1 -10 88 
2 14 -125 
-42 -3 2 
-1 18 12 
-9 -10 6 
3 13 -20 
-81 -35 -2 
4 -30 -2 
14 13 12 
-68 -38 19 
-60 9 12 
-24 31 -19 
-2 -119 46 
-2 -1 -3 
1 102 -3 
-2 -9 -4 
-63 -14 -91 
43 -101 -56 
-1 -3 9 
23 -4 -17 
-18 -61 50 
4 1 -54 
-15 1 -2 
-15 5 11 
-1 -2 -6 
74 14 1 
2 -8 45 
114 10 -41 
10 -1 14 
-103 3 -80 
1 8 2 
-69 -1 -17 
1 33 2 
-5 3 -2 
26 -35 29 
-86 -6 -79 
1 -2 -11 
-3 98 -9 
6 1 40 
-2 -30 -13 
-5 -2 -7 
-2 -117 142 
-1 30 -5 
10 17 -68 
17 9 -5 
2 -7 26 
-22 7 -4 
58 12 -7 
-57 18 -1 
-1 -2 -68 
7 -3 1 
-5 2 1 
-49 2 5 
-6 -1 3 
3 -1 61 
-58 -15 -26 
13 -1 43 
-112 -3 56 
-27 -44 -2 
-2 -15 -98 
-1 -46 3 
-1 14 -65 
6 7 35 
-1 3 15 
-88 30 2 
2 143 -1 
26 28 47 
-3 -1 -13 
90 -2 -8 
-5 8 2 
-1 5 11 
-8 2 -3 
-2 -5 34 
-128 2 3 
-32 1 45 
-4 -1 99 
-52 3 1 
1 -3 22 
-20 -4 15 
-62 17 1 
4 -55 36 
-1 3 -25 
20 22 1 
-17 4 -1 
-1 -19 -84 
-1 14 85 
26 -3 -5 
-25 -18 -19 
-1 24 4 
-9 -16 -41 
19 81 3 
-52 -1 93 
-38 -101 -36 
-30 26 -1 
2 32 18 
30 -48 -2 
-64 -35 -62 
1 70 -2 
3 9 -1 
-15 -28 -1 
-33 14 -45 
-141 33 -1 
-5 17 18 
-5 15 -1 
-1 13 3 
-116 17 -3 
-4 26 -3 
-108 48 -2 
1 5 -44 
60 5 -31 
1 10 -37 
-8 -6 -4 
13 104 -5 
-6 -2 -87 
-1 -6 4 
-8 -139 -1 
-74 6 2 
46 -3 -28 
-10 -63 -7 
-5 -4 89 
57 -6 100 
54 -3 -2 
-1 2 47 
7 11 64 
2 -4 -149 
-142 52 1 
-1 60 77 
-81 -135 -1 
-33 -1 -17 
-9 1 43 
2 -8 -39 
89 -4 1 
-13 -19 54 
-18 67 -73 
-1 -2 -4 
-2 -125 -1 
1 20 -5 
10 61 -98 
-5 -3 12 
2 1 11 
7 -46 -2 
-1 -136 6 
-53 1 3 
-27 -5 -8 
99 -91 1 
-5 -1 3 
-40 -22 1 
-24 -4 33 
7 -94 31 
-128 45 -41 
4 89 2 
35 5 -8 
1 2 36 
3 -84 1 
4 -2 1 
1 104 11 
-25 -77 -1 
9 74 -1 
2 -133 41 
87 4 -47 
66 -62 -1 
3 15 16 
6 137 -51 
-6 12 -1 
11 14 -19 
-1 -29 -18 
-1 5 58 
-5 -4 3 
-91 8 -9 
-4 29 -10 
-40 7 24 
-2 3 1 
1 -2 -3 
-5 -13 -33 
2 6 -1 
1 -78 5 
16 1 100 
-27 -4 1 
-104 -30 -26 
-28 -1 2 
-142 67 23 
26 -2 109 
-37 1 28 
12 70 -2 
-10 -1 102 
1 2 8 
-25 -2 -11 
1 -4 70 
-87 -10 -3 
-3 75 -1 
-62 7 -3 
6 1 -8 
-35 11 50 
8 -100 -3 
-6 11 -5 
-85 1 -2 
-1 144 7 
3 17 -9 
2 -10 -1 
-2 -5 1 
-9 1 42 
-9 -3 -138 
1 2 46 
-25 -100 -2 
-3 5 43 
8 3 81 
-1 2 -21 
10 -19 -2 
-133 4 -88 
-2 -4 -12 
72 84 3 
-67 -1 -4 
77 10 16 
-1 -35 -11 
-7 19 10 
-1 -41 -89 
-12 -116 1 
4 13 -1 
-44 -27 -76 
-43 -135 31 
13 -1 -17 
-73 -71 -1 
7 -80 23 
8 -55 2 
6 -4 34 
35 -1 2 
-17 3 -145 
-1 -107 -2 
-25 2 14 
-37 11 2 
-1 41 -15 
-6 85 77 
4 -25 7 
-1 -2 -8 
2 -108 9 
35 19 2 
-5 69 1 
18 -6 -1 
-9 -1 31 
-3 13 71 
4 -50 134 
1 57 -2 
-2 -127 10 
18 -1 -21 
1 2 5 
13 12 29 
57 -145 8 
-10 -2 -6 
1 73 42 
-17 61 10 
-9 -16 13 
-35 1 -126 
4 -5 1 
86 9 -6 
-56 -3 -27 
-1 31 -7 
-4 -1 -75 
55 -4 -46 
-1 12 80 
133 2 -71 
3 9 5 
1 24 2 
90 -75 -12 
-16 148 1 
2 -10 1 
-5 56 42 
-12 -21 -1 
3 -5 -24 
-7 29 -40 
3 1 12 
7 1 -2 
1 3 -23 
-56 -32 1 
-4 17 2 
-49 1 -19 
115 94 40 
-140 30 1 
119 2 60 
5 4 27 
5 -41 -2 
1 2 -79 
1 -3 2 
-3 4 2 
8 35 -112 
10 1 3 
-26 62 13 
-1 -4 10 
1 13 -3 
7 -74 1 
5 4 1 
1 -7 11 
72 1 -63 
23 -4 -1 
24 -5 -69 
45 -3 -1 
