-112 -55 4 
-16 -17 -4 
-30 -14 119 
-2 36 -12 
56 -5 -8 
-24 31 -106 
142 -100 -30 
132 79 18 
-2 31 -12 
-25 42 9 
-21 -93 6 
-2 50 34 
57 34 -2 
-5 -63 -12 
-50 -1 4 
1 5 2 
-3 -13 -1 
-3 1 -2 
28 3 -5 
1 -25 19 
3 16 -7 
-2 -45 -53 
91 1 -7 
-30 -143 1 
12 -79 -1 
119 8 4 
1 -111 2 
-13 -39 -45 
-126 2 17 
2 -36 7 
6 -134 116 
2 93 22 
3 -71 -42 
-12 -58 -9 
-24 -4 21 
104 -77 -2 
-1 94 -6 
-24 -116 1 
1 -5 -65 
2 33 129 
-3 2 -47 
-2 -63 -13 
1 25 6 
91 5 113 
-8 -19 -45 
8 -85 -55 
21 1 -3 
-6 -17 99 
-46 -14 11 
-23 -13 -20 
-93 1 28 
2 1 -20 
1 78 7 
2 -1 -3 
-111 1 -25 
2 -67 -7 
16 61 -72 
-6 -58 5 
-2 15 1 
-41 5 -20 
81 1 -4 
-5 -1 -7 
-11 -95 -123 
20 -72 1 
33 2 -138 
3 17 -19 
-8 -35 -107 
48 50 -26 
15 1 -84 
37 5 -19 
-18 -3 -99 
-108 38 1 
1 -80 -2 
-2 -94 -135 
1 -15 -35 
1 40 -42 
-1 -26 85 
37 -3 10 
-40 -2 14 
-1 -113 25 
31 -1 34 
-1 -2 -5 
7 1 9 
1 50 37 
37 1 -91 
-1 -61 3 
-1 14 3 
-118 53 -4 
8 -81 20 
-2 -1 105 
130 -19 29 
-7 2 -4 
-14 -50 6 
13 -29 3 
1 -100 -3 
-13 -2 4 
-7 3 -32 
33 -1 -129 
109 -119 29 
81 7 136 
-1 -25 -6 
-9 -1 2 
-2 6 9 
-10 -18 3 
24 2 1 
-117 -15 2 
-91 -5 -14 
2 1 -15 
22 -12 -1 
-5 -3 -30 
-17 99 31 
136 1 3 
-21 1 -105 
1 -92 -56 
1 -3 28 
-8 -17 -146 
-1 14 115 
-65 -9 -1 
-51 -117 1 
-6 -52 1 
-86 5 1 
1 -28 6 
-49 -5 -34 
-37 -36 88 
-1 21 -98 
-18 -17 -4 
7 57 1 
-2 38 -36 
-1 51 -14 
-1 -3 -15 
-1 -2 7 
9 26 126 
35 1 140 
-1 29 12 
1 60 7 
24 -1 -9 
2 -1 -4 
32 6 -114 
5 -91 -40 
139 25 4 
-2 -1 17 
1 86 2 
-33 13 -5 
5 -12 -82 
31 2 -3 
3 -1 18 
-102 -2 1 
-2 3 -27 
-3 5 -18 
9 11 -4 
3 -23 61 
-55 -4 -2 
5 -3 -2 
-13 27 -3 
-3 4 -17 
-5 39 8 
95 -2 1 
-17 1 7 
3 -1 -90 
-11 -3 42 
-2 -90 1 
51 11 -2 
3 -5 1 
36 -31 -1 
-1 76 50 
-28 -1 35 
-1 -3 15 
97 -70 8 
1 9 31 
-74 3 -15 
38 15 74 
-138 -8 5 
19 -1 -5 
8 -2 -3 
5 3 -1 
1 79 103 
1 6 -70 
105 1 40 
1 132 7 
2 -1 5 
66 7 30 
1 106 103 
-1 -5 11 
-1 10 29 
-1 -2 -26 
47 -5 2 
5 -7 6 
-68 -3 81 
-5 3 -7 
1 144 83 
13 -82 35 
-10 -1 -7 
-25 4 -6 
3 -2 -4 
1 72 -14 
1 -6 -51 
22 -14 -8 
-59 -68 12 
1 15 -78 
31 6 74 
10 2 -4 
-1 -14 5 
-1 89 -85 
-20 7 -12 
-6 2 7 
43 -9 14 
-20 -70 66 
2 -10 -1 
3 1 114 
-16 72 -9 
-1 -73 -20 
-98 31 4 
-39 -14 -7 
2 -36 76 
3 1 2 
13 -29 -12 
6 52 -12 
-4 -7 84 
46 2 39 
134 6 -36 
2 7 -1 
2 -117 -6 
20 -35 123 
-58 9 -1 
-43 -53 -4 
-55 22 -5 
-1 -15 98 
5 -2 18 
2 -1 -36 
9 -3 -26 
-4 -10 -40 
5 -4 2 
-1 -61 -64 
-57 -4 9 
2 41 1 
-40 -47 -64 
-3 -103 5 
-3 -2 45 
62 1 -111 
-1 -2 -48 
-3 1 2 
6 1 5 
5 -4 -135 
2 1 -71 
3 79 -15 
-1 -144 -13 
1 3 35 
1 -37 -19 
-1 119 12 
-2 -25 -1 
-67 -1 38 
5 12 -33 
11 7 -2 
-3 25 88 
-18 -76 -24 
1 -3 -24 
-112 -32 1 
-39 1 -17 
31 19 13 
10 62 1 
5 2 26 
119 -1 -11 
33 -55 -7 
-17 50 1 
-1 -30 22 
-2 62 -1 
-127 -1 -17 
33 7 -3 
124 7 57 
3 -60 23 
95 -5 3 
-5 -69 14 
-132 -25 -41 
25 -4 3 
15 -110 -2 
2 -24 35 
-3 1 -56 
-5 -2 -3 
25 2 10 
-115 -20 -1 
-116 62 -26 
1 -46 -3 
14 -137 24 
-2 1 109 
-14 -15 -9 
-11 -1 3 
-34 7 12 
5 4 -10 
32 -3 39 
-9 16 -2 
1 3 -10 
-1 3 18 
2 -110 -140 
-4 -6 -1 
-22 -2 -112 
-32 138 -4 
2 1 16 
-3 5 67 
2 -3 -83 
-4 122 74 
-15 -1 10 
1 -85 2 
-1 -9 98 
3 -73 -27 
-15 88 93 
11 10 -104 
1 9 97 
8 -122 -112 
31 1 -46 
-13 -1 -5 
41 -77 129 
-3 21 1 
-54 -117 -3 
-50 4 8 
1 6 -23 
4 -1 2 
29 28 -2 
-3 1 -24 
53 -2 10 
-90 21 50 
1 -2 9 
-132 -3 10 
2 -145 1 
-37 -1 3 
1 -15 -20 
103 -1 3 
-1 3 2 
-1 -7 -3 
2 -31 50 
28 133 -57 
-31 -12 9 
-77 -104 -32 
-5 31 20 
2 102 21 
7 33 -52 
-58 11 41 
-3 7 23 
-22 -12 10 
2 -7 -95 
11 -1 -3 
-135 -6 -33 
53 1 2 
-43 2 -114 
137 -70 -12 
-16 -7 10 
1 -37 -46 
-38 88 -43 
1 -8 -12 
22 18 1 
88 -9 -2 
10 -93 1 
-4 -84 149 
15 -138 3 
2 24 5 
-143 4 -34 
14 4 16 
19 -108 -41 
53 8 -24 
15 -79 -43 
-43 -2 -9 
-53 -46 4 
29 2 117 
40 -31 -4 
-2 1 -125 
-6 3 90 
7 -3 1 
-4 -53 8 
16 -111 -4 
1 87 9 
3 -5 78 
92 -21 -8 
1 -11 -2 
15 49 84 
-7 32 16 
1 2 -94 
-45 88 24 
150 -12 7 
-11 9 8 
61 6 15 
8 4 -1 
113 -55 -31 
1 -44 2 
-39 3 5 
-111 -4 -8 
-2 1 -9 
-2 -24 -66 
-5 -47 2 
2 11 -132 
47 -4 28 
-23 -3 -21 
1 -28 -15 
5 59 -43 
-49 5 -9 
8 -36 -1 
-110 -2 53 
7 73 -9 
-7 -1 -4 
33 14 19 
-97 50 7 
-16 -27 -45 
39 65 -36 
22 110 111 
72 44 17 
-141 -27 -10 
46 -39 97 
-10 -1 11 
8 117 -52 
44 1 14 
21 -95 2 
-49 -42 4 
-60 -5 4 
1 -63 145 
-28 4 2 
-3 34 9 
-1 -17 3 
22 -20 85 
-3 11 -30 
39 65 3 
31 2 65 
-14 -10 -116 
40 -1 -7 
-13 -19 20 
76 -1 -15 
-81 2 56 
1 8 -125 
3 1 -9 
-7 39 -1 
-14 -2 10 
1 25 -2 
1 -28 -5 
-1 7 8 
4 -1 14 
4 1 16 
59 -14 25 
-11 -14 7 
-69 -1 2 
67 -47 -3 
10 26 -2 
-80 -8 -2 
36 6 17 
-5 3 8 
-7 3 2 
44 10 -1 
-7 4 -60 
-132 -11 -25 
-61 103 -16 
-40 -1 -19 
1 -17 46 
37 147 -1 
-44 10 1 
