-2 -1 6 
-36 -70 -2 
20 19 4 
-22 -1 -8 
-1 23 31 
54 -1 -40 
-1 -59 -17 
79 -4 41 
12 51 -7 
44 -117 2 
23 -3 -32 
1 13 3 
-65 -1 3 
31 5 68 
10 98 -1 
11 4 2 
31 -1 -43 
-14 4 -9 
-36 8 64 
-44 1 -101 
-5 -1 7 
-15 28 -6 
12 14 13 
-105 -1 -123 
8 30 1 
15 -1 -144 
-85 -13 4 
3 1 -12 
-1 -27 -7 
-33 -135 -9 
-1 5 -13 
2 -3 -1 
-1 2 -15 
-1 2 83 
-2 -6 -58 
-3 17 -2 
-1 3 -32 
3 -11 -1 
6 105 1 
-4 1 -7 
-48 -92 37 
4 35 -10 
2 -21 -30 
-62 27 12 
-61 -4 -99 
40 -2 7 
-1 -77 -93 
-121 20 13 
-15 1 18 
-11 119 1 
5 -15 142 
1 -54 6 
-1 -41 -22 
-9 2 11 
24 1 20 
-11 -2 68 
46 14 86 
30 -1 3 
-56 127 5 
8 4 -17 
-7 -17 -26 
21 -54 2 
-128 26 121 
23 -75 5 
39 13 -30 
-116 9 -1 
-3 -1 2 
-3 -21 -10 
-32 -2 -4 
30 -36 4 
42 -92 15 
1 7 -2 
-44 -2 -95 
7 41 -12 
1 46 -135 
100 4 11 
-1 -26 -2 
-6 2 9 
-7 32 1 
1 -5 -41 
-62 85 -15 
-17 -8 1 
5 87 -56 
-1 -16 -10 
9 -7 -26 
53 -137 -31 
1 3 9 
3 1 -5 
-30 -7 -48 
9 1 106 
-4 -132 -21 
-5 20 -12 
-81 7 32 
1 -2 44 
8 -6 1 
141 -4 -10 
-90 -14 -6 
-3 -22 6 
1 -24 -53 
-4 9 -8 
1 3 76 
51 -2 -4 
-4 62 54 
1 2 28 
1 7 -39 
-12 2 14 
-89 -1 -2 
-65 -89 -1 
-1 44 -3 
75 138 -13 
9 149 138 
55 -1 8 
-2 11 23 
14 25 6 
-9 -23 -14 
-14 -8 -5 
-80 -6 -11 
1 -2 19 
-4 3 -31 
-48 -1 -56 
-4 -5 -7 
-38 -24 116 
16 15 62 
1 -2 -63 
4 -17 -3 
18 2 36 
-140 -2 -14 
-1 64 -2 
2 10 5 
-10 7 1 
9 -10 -2 
-3 -2 37 
-122 -62 1 
-20 -98 55 
2 -8 3 
62 1 -49 
12 42 -4 
-9 16 -1 
27 4 12 
-45 -4 53 
1 6 -7 
-100 -47 -8 
-54 83 -4 
-13 -39 -6 
-25 -4 31 
34 -101 -36 
-5 58 -31 
-56 54 -3 
24 35 -2 
7 70 -45 
3 51 -1 
72 13 -91 
57 5 -1 
6 2 -4 
60 -51 -4 
-39 7 49 
51 8 -62 
-110 -1 -7 
139 32 -57 
-4 -8 -5 
-41 -11 24 
-17 -1 -61 
-6 -130 -20 
13 24 1 
-30 -5 -2 
6 -3 -23 
-1 -2 31 
62 -1 -6 
-13 -19 -11 
-1 15 -8 
22 -13 10 
-9 -3 -23 
-65 1 -85 
-1 2 -115 
-57 11 26 
-76 62 10 
-2 3 -20 
18 -11 16 
-74 -6 -57 
2 -59 -28 
1 2 -42 
13 -4 3 
-6 -5 2 
-69 93 1 
-3 14 -1 
9 -3 -1 
44 -7 138 
37 50 -10 
56 14 -8 
84 71 1 
-1 13 41 
-40 -1 100 
-3 8 -118 
-1 92 3 
-5 34 2 
-6 -1 -2 
2 1 6 
7 96 -8 
17 -3 33 
-30 43 -3 
-43 -4 1 
-57 -4 1 
21 1 -2 
-95 -15 72 
-66 -16 -1 
-1 -16 9 
-8 2 6 
7 114 -17 
-1 -8 -5 
13 7 3 
41 -3 -1 
-9 -1 -37 
-1 2 5 
-3 -7 14 
-26 2 -27 
-1 -107 43 
48 -47 1 
-7 2 10 
-21 -18 28 
-1 12 16 
-22 -1 -17 
31 1 -69 
-3 -7 1 
2 -8 7 
1 23 2 
9 -8 1 
74 20 119 
42 -8 82 
1 -11 38 
-8 5 -21 
114 -6 11 
61 -1 34 
-9 -5 2 
149 -5 -147 
4 80 -1 
1 4 46 
-32 -17 2 
36 13 -5 
31 -90 -102 
104 -1 103 
7 1 -17 
-2 -1 13 
-2 -15 -1 
5 -2 56 
-1 85 -13 
-20 -2 135 
1 52 15 
1 21 -32 
-98 -1 2 
119 7 -35 
55 -82 1 
-1 116 -3 
-134 121 -25 
-4 12 82 
7 -103 -2 
-1 6 -9 
-30 -98 33 
-5 -12 -62 
-31 4 58 
31 -4 -11 
77 4 121 
-8 -23 -1 
-5 -124 11 
-5 19 -32 
1 -15 -116 
-47 7 -15 
-6 11 2 
1 -3 -4 
52 -15 -40 
-16 -31 35 
2 54 1 
-44 -2 -36 
-32 25 4 
16 12 -1 
5 4 37 
4 -58 -21 
14 -11 -37 
1 -3 -6 
12 -31 -15 
-3 -120 1 
-14 28 40 
4 -64 -42 
121 -7 1 
-14 3 -39 
18 -1 -19 
52 12 2 
22 -90 -32 
-13 -7 3 
1 8 129 
24 1 15 
-16 -3 106 
1 30 13 
1 -15 139 
1 -3 -5 
1 -89 147 
2 -3 -12 
-1 39 6 
71 -16 24 
11 2 -39 
2 -129 3 
-1 -2 -25 
18 -48 2 
27 -2 -23 
-3 -28 70 
-145 10 -33 
8 -5 -1 
-1 12 -5 
5 -1 -38 
-5 1 -9 
3 -22 -11 
3 -1 8 
-48 -1 -6 
-31 -12 -91 
9 -7 2 
-9 -24 -6 
-7 -3 128 
-2 1 130 
33 -23 -35 
-1 10 -45 
2 1 -35 
-3 -95 42 
-3 23 14 
-35 -8 2 
5 -14 20 
-57 -2 1 
3 2 -1 
-143 -5 -122 
6 -3 38 
-10 -112 25 
144 1 -6 
-1 -2 -21 
52 -117 -9 
-11 -7 -30 
-2 9 -114 
2 14 17 
-2 61 -4 
-77 9 8 
-71 5 -30 
93 -3 1 
51 2 11 
8 -1 -4 
-2 -3 -6 
-81 -1 -3 
24 12 -1 
-18 -1 -29 
1 9 2 
-2 22 -99 
18 -1 -3 
-88 -33 -17 
-32 -41 1 
-1 -21 2 
-1 -22 -14 
-87 -76 -17 
29 27 -56 
1 6 -89 
18 -52 -6 
-150 90 4 
40 7 6 
-1 5 -7 
3 -30 -2 
-79 1 -66 
-4 1 2 
-1 5 59 
1 134 78 
-15 4 -3 
-1 143 -2 
-70 -99 -13 
-1 -4 -3 
30 1 2 
-1 -7 -96 
-1 -20 5 
32 -13 -21 
-2 4 -28 
-121 1 -11 
1 -4 -22 
36 -8 -146 
20 -3 2 
31 77 126 
-40 -2 -5 
7 -22 -5 
72 140 33 
-4 -69 -6 
-1 5 141 
-34 35 1 
1 26 8 
-8 -1 -16 
60 -2 -1 
2 1 23 
19 73 21 
-4 -9 -33 
-1 -50 -10 
12 -35 7 
-49 14 -8 
-119 -1 3 
7 17 98 
-31 -2 47 
43 -11 -1 
-20 -18 -6 
51 -1 -45 
-78 1 40 
2 -91 20 
1 11 -7 
-5 91 -35 
-1 28 -7 
-12 27 8 
-72 -44 3 
3 5 9 
30 88 1 
2 -1 4 
-9 2 13 
1 14 37 
-77 39 -134 
-40 -3 8 
8 -27 13 
1 -8 4 
-6 -22 -53 
-26 -52 2 
7 106 -91 
-12 -17 -1 
1 -3 -13 
2 -25 -59 
1 4 -14 
-1 -3 -71 
1 25 -81 
-1 8 5 
-1 -29 31 
84 68 -56 
3 1 2 
6 1 11 
3 96 15 
-2 -19 -41 
-33 1 -3 
4 -1 -3 
-2 -46 -1 
4 -2 1 
48 -60 -4 
-4 -7 46 
-4 3 1 
1 -15 7 
26 -19 13 
33 6 53 
-2 -11 -65 
-11 22 -28 
58 -4 -3 
-2 104 -14 
-124 36 1 
33 -5 -11 
-3 -1 16 
51 -52 -4 
-4 28 10 
