-1 -71 2 
3 120 1 
-5 -22 1 
92 -11 -3 
-31 -7 18 
1 7 150 
-1 131 19 
8 -1 -2 
-49 -5 -114 
7 5 -28 
21 36 -12 
1 -9 6 
-2 -118 7 
-16 17 1 
52 113 111 
2 -28 6 
-86 129 17 
1 70 -16 
-73 10 -1 
-1 71 6 
12 2 5 
-63 28 1 
26 -101 63 
-5 18 1 
16 -110 1 
-2 -84 -52 
-114 -41 -10 
-1 100 4 
9 26 -6 
-1 34 -51 
5 -8 2 
46 10 -106 
-75 88 5 
40 82 -1 
-1 34 -37 
-109 13 -38 
38 6 103 
-2 1 87 
-9 12 -1 
3 -1 -43 
-1 12 88 
11 -9 -3 
-4 7 1 
8 1 -103 
-3 6 4 
126 -5 12 
-1 -5 -2 
-7 79 -115 
-113 -2 -1 
126 37 -1 
-111 -1 17 
-3 57 37 
-5 2 3 
4 6 -1 
-70 -13 -1 
-1 142 -2 
-26 -3 -4 
24 3 -76 
-2 5 80 
-6 -2 -7 
3 1 -23 
6 1 81 
-71 -149 -1 
17 -5 -2 
-35 22 1 
1 122 -3 
7 -86 4 
-104 -4 78 
16 7 -1 
-14 -4 3 
-61 73 20 
-39 20 -116 
6 24 68 
1 6 -64 
4 -135 32 
143 -1 36 
-76 -9 6 
-1 -33 2 
108 124 -90 
21 -113 1 
13 -55 22 
-64 -5 -90 
-36 -59 2 
5 1 -48 
-10 -29 63 
14 1 121 
-50 -5 14 
-7 -32 47 
-1 3 136 
-8 -20 7 
38 -9 62 
-73 -21 -37 
-9 5 -48 
-117 48 29 
-13 3 1 
-74 77 -24 
24 3 -2 
1 -69 8 
10 4 -39 
1 8 -22 
37 56 -20 
2 -4 1 
-70 -1 -2 
-43 1 97 
11 -22 63 
-108 -46 1 
-21 -14 -4 
1 60 83 
85 -27 17 
68 -3 -52 
-1 90 7 
-129 -2 -3 
-2 5 24 
128 -119 -26 
80 -15 -3 
-4 2 6 
-77 8 -2 
-7 -1 -15 
1 -18 17 
-83 -7 88 
1 -137 -4 
3 -4 150 
-42 -113 5 
141 -132 63 
2 -1 19 
-1 18 95 
-14 -101 -2 
-7 -33 -1 
6 9 22 
14 9 -29 
89 -15 27 
4 -78 -1 
5 -1 -24 
-68 16 -17 
-60 20 -1 
-33 63 41 
-13 14 33 
1 -133 -24 
53 -25 8 
-20 33 -1 
7 -11 -1 
63 -3 -1 
-1 -142 -16 
-1 14 -28 
-1 4 -3 
-22 -143 -40 
-25 -2 36 
-145 -1 -66 
2 5 -1 
28 -7 -8 
-13 -1 11 
1 76 44 
19 66 105 
2 -89 4 
-4 -60 -1 
-11 2 17 
16 12 -1 
14 -1 -9 
-15 -1 69 
68 -11 18 
1 31 -33 
-3 99 18 
-35 12 3 
-110 3 -79 
-1 21 47 
1 -15 53 
-41 13 -8 
1 -4 20 
94 -83 49 
1 -40 74 
118 -2 -4 
-11 3 17 
-5 2 -11 
-1 10 -11 
2 -1 5 
10 -19 -31 
-42 3 18 
-58 147 1 
13 3 35 
28 -1 -3 
-102 14 -6 
8 -1 -14 
-49 3 43 
-31 -2 -25 
32 3 -4 
-3 -6 -125 
94 -26 -34 
-19 -5 9 
1 -13 41 
-134 1 -55 
-2 21 -108 
3 1 2 
-103 4 -3 
137 15 130 
-11 2 -22 
-1 -3 -2 
1 -124 -36 
-29 81 -2 
4 41 49 
2 -26 -76 
-59 1 3 
-17 -3 -21 
8 -4 1 
12 -125 -8 
-103 2 44 
3 1 7 
49 9 1 
-10 7 -133 
30 -95 -6 
-68 -53 -2 
19 8 3 
-30 -78 19 
-47 -1 25 
144 17 -4 
-1 17 -16 
-128 1 29 
44 1 -6 
82 -1 -11 
2 -1 9 
1 129 42 
-15 24 -1 
-17 2 -20 
-19 -4 -1 
18 10 -7 
-4 15 3 
1 -7 -5 
-99 2 13 
44 4 5 
9 -40 104 
-2 -17 -9 
-30 8 5 
-6 116 25 
-49 -12 -4 
-32 8 4 
-2 -4 1 
-141 -4 -1 
115 -3 -1 
1 -10 3 
-52 -71 -4 
8 112 1 
2 12 21 
-2 3 21 
6 -8 1 
-93 -12 108 
117 75 2 
2 -19 -18 
-20 -70 -21 
-22 -78 1 
1 4 2 
9 1 -122 
63 45 -1 
-71 -45 -62 
4 -139 2 
2 27 37 
-1 -7 -56 
105 -57 -11 
-21 -52 -31 
-12 -2 -1 
5 32 -3 
62 6 1 
-144 16 10 
121 33 -1 
-7 -49 -10 
-33 4 67 
20 2 1 
36 5 6 
12 -30 5 
-47 13 -3 
134 -13 2 
10 138 31 
128 -4 2 
1 -99 111 
4 -21 -112 
-7 2 16 
2 -3 60 
-125 -37 8 
8 -3 -1 
5 8 -1 
136 -1 121 
-2 -7 -3 
145 2 -9 
111 -1 -12 
-6 -1 -12 
-1 147 26 
-17 -7 -89 
1 -15 75 
-87 1 80 
-142 11 -1 
-8 -75 -38 
5 30 -21 
30 42 26 
-2 -21 25 
-1 -19 74 
25 -107 -2 
-15 -4 67 
8 -2 -6 
1 -29 -73 
-1 -3 -5 
76 -7 -6 
-26 -8 2 
-26 -9 80 
-1 -31 98 
11 -49 6 
78 1 -18 
-16 6 86 
-149 2 -16 
-20 -2 -26 
-4 1 -2 
17 -48 -57 
-1 32 3 
113 -2 23 
61 -2 -15 
1 5 -143 
3 1 105 
-128 1 -2 
-40 24 36 
-11 6 1 
-6 -43 -45 
-2 10 1 
-3 -30 29 
-1 39 5 
-19 52 9 
9 1 -3 
-11 -1 69 
-119 5 -10 
61 -15 -85 
-7 -12 1 
1 62 -25 
-6 -1 61 
1 -4 7 
-2 -1 -15 
6 -5 53 
2 3 1 
-1 13 -50 
18 40 58 
84 -20 2 
6 -5 -1 
1 -2 11 
17 1 -16 
-17 -1 98 
1 21 2 
3 37 -25 
7 -42 2 
-21 4 1 
-4 -18 -3 
4 -101 42 
79 15 -11 
-46 -31 79 
1 5 -2 
-9 1 18 
-1 15 79 
-29 1 -4 
105 -139 5 
-2 -14 -1 
-81 1 3 
5 1 7 
20 19 3 
4 26 -1 
8 -10 17 
-48 1 -111 
2 1 4 
22 -104 3 
-1 3 10 
10 6 -2 
17 -8 -2 
-94 6 5 
-134 1 40 
1 -17 -3 
-3 -70 -16 
14 -6 -13 
-73 2 61 
40 -2 28 
2 -6 1 
-1 38 -12 
3 -4 -42 
-13 -3 1 
6 47 -1 
-3 1 126 
-3 -7 23 
-1 2 22 
-3 2 -23 
18 -3 -1 
-58 1 -8 
-1 -53 -13 
1 -73 -3 
18 25 6 
-1 27 3 
4 -20 1 
-89 1 -51 
2 -34 -41 
140 26 1 
-1 27 -5 
-1 -5 15 
-6 -73 1 
-1 -2 86 
-6 -29 -1 
-45 1 8 
-54 2 4 
59 -42 2 
1 -78 -11 
-9 3 -106 
-145 7 150 
37 -5 -4 
1 34 2 
1 -4 7 
-26 37 100 
-14 1 110 
1 2 -15 
4 14 -31 
2 -1 -41 
-5 4 -10 
-3 -1 -5 
-4 -5 104 
87 1 9 
-1 -4 61 
3 4 -125 
-16 71 -64 
4 17 -1 
4 -26 68 
-25 -1 12 
-1 17 113 
-6 -109 -75 
54 -16 1 
6 -143 1 
-15 -47 -9 
-1 3 -2 
-13 7 -125 
3 -2 20 
13 -2 1 
4 1 -5 
83 17 -128 
-26 -125 1 
-17 -15 115 
31 -56 -92 
1 3 126 
138 2 -4 
-1 26 10 
12 -1 79 
1 3 -40 
-16 -47 1 
-11 -23 -109 
-142 1 -5 
1 21 27 
-9 -65 43 
-16 24 -1 
-14 -2 21 
-2 1 -116 
-3 14 -15 
-5 15 -65 
-1 -2 37 
