1 -7 -100 
8 84 -109 
-1 24 3 
81 -1 -45 
-1 -54 -2 
-1 -98 89 
-35 5 -1 
-113 -25 2 
-5 4 -8 
-18 -31 -1 
-1 -43 8 
8 -18 -36 
5 -4 -40 
21 -20 7 
-46 28 4 
-35 -3 17 
1 -39 5 
-6 23 -1 
-3 99 -57 
-13 -12 3 
1 -10 2 
3 32 7 
35 34 69 
-28 -6 21 
-98 109 9 
62 -116 -4 
3 102 -2 
16 -13 -69 
-28 -2 -4 
-120 21 -11 
-1 -4 6 
-2 -23 3 
31 -1 6 
-4 76 -59 
1 -12 5 
-1 5 -124 
2 3 -97 
48 -3 2 
-38 -1 -3 
-1 26 -64 
-30 -29 27 
16 -1 -69 
3 -1 134 
7 -22 4 
11 -90 -35 
11 -1 73 
-3 -6 1 
-1 -3 78 
-48 3 1 
-100 -44 -10 
61 1 8 
-42 6 1 
-22 2 -1 
15 72 -2 
8 1 -5 
-23 -6 18 
7 15 -30 
1 82 69 
-116 -4 -15 
2 18 -56 
138 1 -62 
5 55 -3 
-23 -24 47 
-74 -14 -22 
14 8 1 
59 1 -13 
3 1 -12 
1 -2 10 
-2 -117 11 
-1 -2 107 
136 -3 -12 
5 3 107 
-22 -1 -3 
-3 -60 19 
121 -30 -1 
16 -2 5 
-1 16 5 
-132 -3 38 
8 -118 1 
47 -1 2 
-33 55 1 
10 6 -104 
-24 -5 -1 
17 56 19 
-55 -2 26 
-1 -19 -15 
51 -14 19 
-2 -3 -20 
-25 82 51 
106 6 -5 
17 1 7 
-74 2 4 
40 29 2 
-124 -43 -131 
-7 -4 -20 
-23 -5 48 
1 -80 -127 
120 -9 144 
-48 105 -1 
-4 -89 5 
123 2 11 
-3 -16 7 
-27 3 -24 
4 17 70 
12 81 2 
-6 1 -2 
10 -2 4 
48 6 -10 
-2 22 -1 
-44 1 6 
-1 36 -53 
-8 43 7 
6 -15 2 
37 -20 -13 
-2 30 -3 
4 136 -14 
2 7 79 
-38 -9 19 
16 -5 1 
1 6 98 
19 -27 16 
-5 15 -4 
-23 -97 -1 
-9 7 -31 
71 43 30 
-4 102 -8 
1 26 -119 
1 -90 -103 
-1 7 53 
-8 -42 19 
14 -1 -3 
-15 -41 6 
-145 -55 10 
-1 -3 -23 
1 -5 -4 
2 -1 -6 
-3 19 -1 
-101 45 1 
17 44 2 
47 18 -17 
-1 3 4 
-3 1 16 
-3 84 -1 
51 -8 -65 
-1 63 -2 
-73 6 39 
-2 -97 77 
17 59 32 
67 2 -12 
18 -42 -8 
-19 33 -2 
4 -1 29 
-108 -10 -25 
1 6 -10 
16 -2 -145 
-150 13 2 
1 -25 -26 
4 -1 98 
2 -18 145 
-9 3 2 
-32 -5 -1 
21 12 7 
25 -100 6 
-103 77 10 
6 7 9 
-8 -16 -71 
4 28 -1 
-30 -39 -63 
56 -39 82 
6 5 1 
34 56 14 
-43 7 -1 
-10 42 2 
13 24 -122 
-20 -7 2 
4 30 -5 
40 -16 -6 
2 4 -22 
-1 -5 39 
-123 87 -1 
33 96 -1 
-50 -41 55 
-16 23 81 
-125 11 -92 
-60 -2 34 
-58 -21 -1 
-53 -16 117 
2 -1 -115 
80 -1 -6 
-36 -102 75 
-78 -2 63 
1 -11 52 
1 4 21 
-4 1 12 
3 -38 66 
34 13 -2 
-2 -3 -24 
-1 6 28 
-3 6 -8 
1 40 -18 
3 10 69 
2 31 57 
5 1 15 
-4 59 64 
3 -54 -28 
4 5 -7 
104 -27 44 
148 1 -20 
2 19 3 
6 -13 14 
-11 -62 1 
5 -2 -31 
29 -15 -46 
2 3 -9 
-9 2 42 
-4 2 -6 
-3 1 -27 
8 34 -1 
-1 7 -4 
1 43 5 
1 15 2 
13 -14 -2 
1 87 -3 
4 1 -37 
17 47 1 
-121 60 16 
-27 6 100 
-33 -1 143 
4 -13 -7 
-30 14 67 
32 16 13 
-5 62 -67 
-17 -4 -96 
9 -47 48 
103 -31 6 
-11 2 -1 
71 2 4 
3 32 -5 
-3 -1 -68 
-8 -116 -28 
-52 5 1 
19 -2 1 
17 -24 -4 
7 1 2 
104 5 12 
-17 11 2 
1 20 -4 
-3 -81 45 
5 -118 9 
-1 12 4 
13 -18 1 
1 -92 117 
-2 19 1 
13 -1 -27 
11 2 1 
1 -78 143 
6 27 10 
24 -111 -3 
6 13 -85 
1 -5 11 
-58 -113 -1 
5 24 3 
-35 -12 1 
-2 -65 6 
-18 7 -83 
-57 -20 5 
-2 -20 56 
-6 1 70 
-6 28 8 
-31 1 -6 
-100 6 -30 
-20 126 -131 
-4 27 -17 
-140 3 -10 
-1 55 37 
-46 -1 30 
1 -7 12 
15 1 6 
-1 6 5 
10 3 -1 
-27 93 14 
1 -5 76 
-2 28 -6 
-27 38 1 
76 -1 -2 
59 -14 26 
-2 22 -8 
-2 -15 -3 
7 -33 1 
-140 -2 5 
7 -2 79 
4 -1 19 
4 -3 -2 
-20 105 -3 
-1 -73 14 
-3 -1 -19 
3 108 -79 
17 -130 -29 
83 -4 -3 
12 1 53 
-11 -20 2 
87 101 -1 
2 -81 1 
6 7 75 
1 -73 75 
7 1 4 
-114 -5 12 
19 -1 58 
3 -53 -67 
-96 -6 2 
-1 124 6 
-65 1 -14 
-2 -1 -32 
2 135 -5 
-1 21 49 
-21 -58 -52 
-93 9 -2 
1 79 -33 
-13 16 5 
-5 1 -13 
9 -30 -12 
3 -6 1 
-102 -81 30 
5 19 -30 
-1 -4 -3 
1 3 -81 
31 -94 28 
-1 -11 8 
-2 8 -4 
8 -2 5 
-76 28 -67 
-143 1 -2 
1 -13 10 
-6 1 -4 
-14 56 22 
1 -31 -2 
-6 -1 -13 
3 1 91 
-1 8 -36 
-61 5 4 
2 -1 -6 
1 -12 -69 
38 2 115 
14 -2 -55 
-3 119 5 
77 -9 -10 
35 -102 8 
-28 1 2 
-6 43 -3 
-8 1 42 
64 -35 -48 
1 10 -46 
-6 -3 29 
40 149 -65 
7 1 108 
4 -54 -50 
-125 -148 -13 
-4 45 -2 
-16 7 -72 
-77 -1 5 
137 4 -9 
43 4 48 
44 7 -113 
-5 10 15 
-10 -114 -1 
10 7 19 
8 -11 45 
115 -25 -117 
1 3 -16 
-1 42 124 
-1 -2 9 
1 -14 4 
2 -104 -53 
2 -53 -13 
-16 5 1 
6 -28 -13 
-92 -15 -7 
29 -2 104 
15 148 2 
40 9 -19 
-1 -27 5 
149 -45 -4 
-11 47 6 
8 85 1 
5 -32 2 
11 -16 -13 
-25 1 -119 
-13 -7 -2 
-86 -10 5 
12 -2 9 
1 5 -3 
-8 51 -1 
-1 5 4 
3 -34 -5 
-29 107 -22 
41 1 -3 
1 28 71 
1 -2 14 
16 39 1 
-94 11 78 
3 14 54 
49 21 2 
22 -101 -58 
2 -104 -1 
-2 -13 -52 
1 -34 -8 
-1 -109 41 
2 -34 1 
12 -53 39 
-55 -74 -148 
-2 24 4 
-79 38 -1 
6 136 73 
28 -4 -2 
-1 2 -9 
-9 5 99 
-4 32 -48 
-86 115 -1 
1 4 10 
-7 2 43 
-1 6 -2 
-102 -4 -57 
-12 -35 1 
-106 2 -71 
-22 -7 -13 
1 -21 48 
7 -1 -2 
14 6 -87 
-2 -94 -29 
-10 -29 26 
4 -10 -1 
20 1 27 
-61 -101 14 
1 20 149 
-1 -49 -3 
39 30 -52 
-1 11 -146 
-1 122 -25 
-1 11 -64 
-2 1 17 
2 -141 -7 
-105 -7 27 
97 4 -118 
1 140 8 
-32 -6 -108 
1 6 3 
-75 14 50 
54 -6 1 
1 30 -3 
147 -1 -2 
