-30 -41 -1 
2 37 -35 
68 22 -21 
-81 2 26 
127 14 -105 
-67 19 130 
-3 -23 93 
-2 95 -38 
-1 -8 -32 
-25 2 -10 
-103 1 -48 
-1 -37 -43 
5 11 -1 
1 82 19 
-15 27 -8 
-86 5 15 
-27 1 -2 
-93 4 -59 
2 4 1 
25 -70 -3 
-30 -4 -42 
7 93 -1 
1 43 -21 
20 2 111 
-19 -7 -45 
-14 4 45 
5 17 -20 
1 13 2 
-1 21 129 
-50 -131 3 
-20 109 -66 
-37 2 63 
-9 -2 1 
-24 -18 -82 
-28 8 -15 
126 15 -69 
-141 2 28 
-122 28 40 
1 -2 89 
5 -26 -2 
-3 -1 -66 
-5 23 -1 
16 63 -2 
-5 -2 -3 
-17 1 5 
-1 2 10 
1 14 -90 
-2 -11 -1 
1 8 3 
10 -1 -5 
-4 1 73 
6 13 -3 
77 -7 -119 
-35 50 41 
33 17 -5 
9 -1 2 
17 -83 101 
2 1 100 
-15 -7 75 
-8 -1 -17 
-3 -44 43 
-15 8 -22 
15 1 10 
64 -1 6 
-2 9 85 
-3 5 1 
-52 -58 -1 
-2 112 61 
34 117 -5 
7 -30 5 
11 -2 -1 
3 -28 1 
27 -2 -35 
1 10 27 
7 -21 -18 
16 -25 7 
-16 94 -1 
50 -1 41 
5 4 -10 
-99 9 19 
5 -1 -148 
1 2 -6 
3 68 -7 
36 55 1 
1 2 68 
-15 -3 2 
25 -76 -40 
-16 -1 -69 
4 -1 124 
36 -58 4 
-4 -88 13 
-2 20 -1 
-1 -4 16 
128 -12 14 
-8 -17 -2 
3 -89 2 
-12 85 -2 
-1 -126 59 
-126 2 -18 
148 4 3 
-1 2 129 
-2 -7 -43 
-66 -144 4 
-1 11 -29 
-1 -139 -33 
-1 -43 -9 
-54 9 -31 
50 -23 1 
100 3 9 
-67 22 -61 
-84 -4 -38 
-1 3 -30 
2 -1 6 
-129 -1 2 
-2 3 9 
-2 70 16 
133 15 -97 
-27 1 3 
6 4 11 
-1 16 4 
-105 -25 30 
59 -1 25 
-15 -77 39 
84 2 -1 
6 1 120 
-2 -72 -5 
2 -29 -8 
-29 -2 -129 
3 90 4 
11 3 108 
7 -21 88 
55 -1 -8 
-3 -5 4 
45 32 1 
19 -24 30 
5 -52 -1 
7 -2 -3 
-8 1 -126 
1 6 -55 
1 2 20 
-64 89 38 
50 -16 3 
1 -56 -8 
1 -2 -3 
-22 -1 -6 
-2 -62 5 
41 7 -11 
-8 -1 -87 
5 2 -7 
-5 -29 131 
-47 -21 -62 
76 3 2 
-2 1 5 
1 4 -49 
-40 25 1 
46 -32 1 
82 -2 99 
1 93 3 
24 -1 7 
-10 29 17 
-20 36 -19 
19 -65 -6 
4 78 -32 
2 -10 -11 
-2 -3 19 
-38 18 2 
43 1 19 
37 90 -2 
-111 2 -1 
-6 -4 -1 
10 -76 -11 
3 47 -25 
1 12 -4 
-2 84 -34 
105 26 10 
-1 -7 36 
-78 1 4 
22 4 -81 
145 1 -24 
-5 1 -3 
-2 -1 19 
29 -21 2 
-37 -2 -35 
-1 -14 2 
111 3 7 
-13 -26 -24 
-96 -18 84 
1 -36 -20 
-3 -4 -70 
-1 -9 5 
13 -122 2 
4 10 -29 
1 -7 10 
-2 4 17 
8 -97 -137 
1 3 -5 
-9 -4 -3 
-1 8 -2 
-4 17 -50 
-2 1 -103 
122 -3 -1 
43 -13 -2 
-3 -13 -55 
10 -38 1 
-1 -12 13 
-5 10 -30 
7 1 -6 
-7 -5 -77 
-25 3 5 
135 24 11 
-4 12 27 
-1 -12 3 
31 -25 -21 
108 10 -60 
-3 5 2 
6 11 -67 
53 2 -1 
-103 -3 97 
-55 2 118 
-1 -2 -138 
-10 12 7 
1 -14 -12 
-10 2 22 
27 21 59 
1 -14 -4 
-2 59 1 
-32 -57 128 
-1 5 -55 
-22 117 -148 
-136 -15 -143 
1 -13 10 
20 7 -35 
1 4 -16 
125 -105 -1 
-1 -11 -21 
18 -2 -4 
-8 1 76 
43 -4 -34 
-8 4 1 
7 2 -29 
-62 83 -116 
-1 -142 4 
-3 31 4 
14 35 10 
-21 -7 73 
-14 7 -1 
1 -33 65 
40 -16 1 
-84 8 7 
-1 5 -30 
-4 102 -16 
-4 2 -22 
73 70 -57 
-19 4 -2 
40 -69 -101 
-4 -42 -2 
1 -72 -4 
-65 1 25 
93 1 99 
-9 5 1 
-2 -1 95 
2 -1 10 
-19 35 -2 
69 6 -3 
9 20 2 
50 -1 52 
2 -43 -8 
2 30 -12 
133 -24 -96 
5 27 1 
-1 5 -76 
19 12 2 
-34 6 -13 
5 -48 -8 
-4 -1 -6 
-62 -14 15 
-24 -5 -2 
1 -10 9 
-8 24 -28 
8 -73 -10 
-17 10 -135 
-4 8 -1 
1 -12 -5 
49 13 -1 
1 -9 76 
-136 -1 6 
-6 -11 94 
-2 4 -149 
-33 -78 41 
-109 5 2 
-132 -12 -22 
62 65 76 
-7 -59 150 
12 6 86 
-2 1 -17 
4 34 2 
-122 -29 64 
45 -26 85 
-43 8 65 
-12 -81 3 
5 1 6 
10 -2 101 
114 85 19 
10 4 34 
-12 -13 38 
-36 46 -1 
84 18 -73 
2 1 -16 
-6 -22 1 
-43 -15 1 
-1 2 -3 
-7 -5 -49 
-6 -39 1 
-4 2 1 
2 -13 47 
8 96 -1 
26 -1 -8 
11 -1 -70 
3 -25 -18 
-26 8 -106 
2 3 33 
52 -6 -2 
1 88 71 
-8 -29 11 
2 30 11 
1 59 -46 
-5 9 72 
4 -7 -10 
-111 -1 65 
96 -2 -53 
3 -2 -23 
-1 4 101 
-4 1 3 
16 56 14 
4 -1 94 
59 -23 70 
7 -1 18 
-12 7 -2 
-101 8 81 
4 3 -141 
19 -4 7 
2 -4 -5 
-6 -4 -80 
1 15 2 
2 6 10 
18 -1 8 
-1 -4 8 
123 -12 -15 
4 1 15 
7 50 87 
-22 50 -60 
-3 -1 71 
1 19 3 
1 -17 81 
-1 3 55 
-27 20 18 
27 -2 -1 
-102 -4 -23 
-2 9 144 
-79 114 1 
129 5 -139 
-32 -2 31 
-2 95 -21 
-1 -12 -5 
2 13 -1 
1 -4 3 
5 -62 -2 
-1 -31 4 
-32 -4 -3 
62 -1 -40 
-5 18 53 
-1 -18 3 
-127 -1 -33 
-58 2 -13 
-16 2 -3 
-1 3 2 
1 -5 -83 
2 -1 -10 
-18 -1 97 
-7 21 -1 
32 9 102 
104 36 25 
56 19 -3 
28 -148 1 
-19 1 17 
1 6 -70 
-1 10 9 
13 1 -40 
31 2 -49 
-2 -26 -1 
-2 -18 34 
-5 -2 -21 
1 -111 -43 
-6 12 107 
67 2 4 
1 2 -16 
4 -20 -1 
7 -107 39 
23 22 -5 
-42 -2 -59 
-137 85 6 
5 2 -23 
131 -1 18 
-16 43 7 
139 -56 1 
2 -11 -1 
15 40 -34 
125 -71 98 
29 -45 -94 
53 62 8 
-13 -1 2 
126 -2 31 
10 -72 -70 
-21 6 119 
79 -68 51 
52 88 21 
3 1 -37 
-1 -11 24 
30 -3 1 
-44 -38 -7 
6 -18 1 
-49 111 2 
4 65 -5 
2 90 8 
-1 -18 -31 
94 -11 1 
-86 -143 -2 
1 -82 -147 
4 87 -6 
-1 40 -115 
-47 -1 -2 
27 -16 1 
52 -16 -9 
36 -38 -2 
1 -13 7 
4 31 1 
4 -1 -6 
-2 1 -10 
46 -4 12 
-1 -2 6 
-1 -34 -113 
2 -4 12 
-37 -27 -3 
-39 85 -54 
61 -117 -123 
1 -10 2 
-35 36 1 
-5 -34 2 
22 -64 1 
-2 -8 -1 
