-19 -20 10 
77 57 -2 
-48 -1 9 
-38 24 -6 
4 -13 5 
7 -99 -1 
15 -1 -2 
1 -9 -4 
10 125 1 
-4 -5 1 
127 1 -8 
1 22 7 
23 4 -41 
-3 16 2 
-132 24 -6 
3 8 -2 
19 21 9 
1 -4 39 
-1 -18 63 
110 -1 4 
4 -23 1 
-24 12 85 
75 -68 28 
-1 5 14 
-2 -1 7 
-56 -35 -2 
4 46 2 
-3 1 -37 
2 -23 6 
-8 -6 74 
-9 -88 -53 
-3 39 -1 
1 17 23 
-1 -12 3 
-4 7 -2 
-35 66 34 
11 -7 -12 
-5 -15 1 
-2 -105 -5 
-3 -39 148 
-1 -6 5 
1 113 -5 
103 -147 -1 
3 -8 -2 
2 -7 10 
-4 72 -101 
-125 -7 -33 
-1 5 3 
14 1 3 
-2 -10 35 
-9 1 -2 
2 23 147 
-24 -1 5 
-39 13 -120 
5 -39 3 
-22 26 -15 
-4 3 2 
-28 -3 -81 
65 -115 -8 
-37 -100 -19 
6 138 -1 
-2 4 11 
-10 -1 5 
-17 8 23 
25 28 150 
-68 6 1 
-3 35 19 
-1 9 -39 
7 33 4 
-35 -47 -2 
-27 1 11 
24 3 -41 
-16 -2 129 
-4 27 -6 
8 -1 63 
-3 -93 10 
-1 93 -3 
-3 5 -1 
27 3 42 
38 -46 7 
1 3 -6 
1 31 -22 
-13 -17 31 
4 -13 -1 
-36 6 4 
-63 39 1 
-5 103 41 
-1 68 -2 
2 -5 8 
-39 -77 -5 
1 4 25 
3 -20 15 
50 63 -1 
-10 -1 -77 
1 4 -62 
79 94 21 
-2 49 4 
3 -1 -71 
-1 8 -15 
1 65 22 
3 -6 -20 
-121 -8 84 
-1 34 -5 
-66 5 70 
5 35 119 
-15 -5 16 
19 26 6 
-14 3 73 
29 14 -53 
-110 -16 1 
-62 1 -3 
-99 20 1 
-9 -8 5 
2 34 -1 
56 21 -1 
80 -1 -64 
140 5 72 
-84 2 -1 
-4 -7 3 
71 -1 -138 
2 -10 14 
-27 -22 -6 
47 86 -3 
-35 146 -9 
-5 53 7 
-3 -11 -1 
-49 8 2 
1 128 -11 
109 -15 -148 
12 14 3 
54 17 -14 
65 -130 -1 
1 -15 -38 
-89 28 15 
-125 -6 -126 
1 -8 -70 
98 -4 21 
17 8 47 
20 -139 -13 
2 -1 6 
1 -48 5 
-58 -107 2 
2 107 4 
9 38 -1 
13 28 3 
-28 1 -23 
-1 -4 -27 
-1 -31 15 
-19 -13 -25 
-13 1 3 
5 8 -10 
-6 5 3 
-7 83 130 
2 -1 -20 
-2 25 47 
-20 7 -14 
-51 103 1 
-15 125 -29 
-52 16 78 
30 -25 1 
32 1 -146 
63 -2 -28 
-29 118 -20 
31 -1 46 
8 1 5 
-33 90 1 
57 -3 11 
39 -21 -79 
30 147 124 
1 -15 6 
31 2 -3 
-56 -6 -5 
-30 132 -11 
2 -26 -43 
40 -39 -1 
-39 147 23 
-9 -38 -4 
3 1 -12 
8 20 -23 
68 -8 25 
126 32 -9 
-42 13 -14 
-38 14 33 
5 10 4 
-9 -8 1 
2 -8 3 
-2 -20 148 
19 53 18 
-8 34 35 
-1 119 -4 
-1 -117 -2 
4 -9 -1 
2 -60 -3 
-21 7 4 
40 -1 -2 
-4 -8 137 
-70 37 -78 
16 39 -114 
-7 -42 -36 
2 -57 6 
-12 -128 1 
2 -54 4 
-1 -120 8 
-10 -2 -14 
14 2 82 
1 -2 10 
-98 3 24 
7 -28 2 
-1 -77 -38 
2 1 -50 
10 136 105 
62 -2 -4 
90 4 80 
-7 41 1 
127 -6 -10 
-4 1 -2 
1 3 -9 
78 8 -1 
-1 -8 -37 
-44 -6 -3 
-1 -47 -14 
-132 148 139 
16 -19 1 
7 1 3 
3 -1 43 
54 79 -73 
2 14 -4 
-8 1 14 
8 50 -9 
1 -13 10 
12 31 11 
2 48 46 
4 -23 1 
-41 69 5 
131 3 21 
-2 -6 4 
7 -94 -1 
115 -3 4 
-119 1 123 
4 -26 5 
3 -5 1 
-53 146 2 
-31 17 -5 
-1 126 136 
-118 -22 -1 
113 27 33 
-4 23 -7 
55 -8 -4 
-13 -18 30 
-141 -11 -35 
1 6 33 
5 9 -1 
65 1 2 
-1 50 145 
-4 -106 -17 
-16 94 -4 
-16 66 -2 
2 -1 -12 
1 115 -2 
115 -70 -6 
46 -3 -2 
6 7 11 
-5 -15 -1 
-43 23 -102 
-10 -40 11 
-125 -65 -13 
4 -21 -76 
14 43 -145 
-27 13 41 
8 -9 18 
-66 -5 58 
1 -21 -3 
1 49 -111 
15 -2 39 
-1 37 -62 
3 12 -1 
2 37 -68 
-35 2 -81 
10 -2 -1 
-144 -31 -14 
-18 33 1 
-2 4 42 
2 -33 -16 
7 2 6 
-4 -2 -1 
-71 -88 -1 
2 17 -1 
2 21 -1 
-3 74 -134 
48 2 85 
-1 106 -4 
7 79 4 
-1 114 -7 
-4 -2 -3 
41 119 -1 
59 77 -12 
-30 -21 1 
136 5 -11 
-1 -3 -16 
-1 120 110 
2 1 -10 
1 6 39 
38 10 4 
-45 1 -51 
1 -3 -18 
-30 1 -53 
-54 6 51 
-8 -1 3 
-2 33 74 
-2 -64 11 
51 7 -119 
-37 25 -1 
26 -7 -92 
149 48 -1 
10 -1 -8 
-1 138 25 
34 -40 28 
12 3 -7 
2 -14 -6 
38 -1 -56 
10 -13 3 
-34 -7 -86 
-13 7 -5 
-134 -3 5 
-19 -1 -8 
115 24 2 
114 -14 31 
4 21 27 
13 7 1 
-12 113 -3 
31 2 -117 
-1 -47 34 
-7 -1 -4 
-1 -11 -2 
22 -3 -8 
10 20 17 
3 6 96 
4 -15 6 
1 -8 20 
1 4 41 
-4 1 3 
4 11 -15 
-3 5 23 
74 -2 -12 
-8 3 -1 
53 1 -55 
11 -56 -1 
2 1 11 
-1 149 2 
51 59 1 
-26 2 -68 
15 -1 26 
10 -16 -56 
-3 2 17 
-28 1 -107 
8 1 -26 
2 -4 -43 
-9 51 -2 
-18 -6 -105 
-25 -12 -17 
1 3 -40 
36 4 -10 
95 147 12 
1 -4 -20 
-2 1 50 
-3 -2 -110 
-124 136 -37 
-3 2 -5 
29 -70 1 
-1 -125 -8 
-34 57 -38 
2 1 -139 
1 -2 -125 
-4 8 25 
1 -11 -127 
9 94 40 
-29 -15 6 
4 -2 -1 
1 -33 5 
-12 34 6 
11 19 49 
-2 -13 -9 
128 -18 -11 
-16 -79 41 
75 -2 -28 
-69 6 -44 
-1 -31 -24 
-2 4 -6 
6 2 -20 
-144 19 1 
28 2 15 
-7 1 -3 
6 5 16 
24 -21 1 
82 -73 1 
1 -42 -3 
-39 1 -4 
-1 -18 65 
2 19 -1 
-6 2 101 
51 3 1 
-121 -3 -125 
-1 -19 -8 
42 35 -3 
-11 -2 -12 
1 -13 -2 
22 1 20 
-1 -49 -11 
1 -99 -89 
1 -2 74 
10 8 7 
-10 2 23 
-3 -1 6 
34 4 -3 
13 -38 -44 
14 -64 -3 
-54 -33 -72 
-5 -1 -32 
1 45 -35 
12 -92 -17 
4 -24 -106 
1 56 87 
-31 4 -2 
-1 -3 4 
11 -91 2 
-25 -6 -5 
-41 4 -9 
36 -1 -14 
-1 -124 3 
-74 -138 2 
94 31 10 
4 87 78 
-7 -5 51 
-1 -5 -3 
-74 -2 -28 
-24 -25 -16 
52 -1 23 
-2 87 51 
5 -1 -20 
139 1 -3 
32 -8 3 
1 13 108 
3 16 -13 
-58 -2 66 
9 1 -4 
3 1 -77 
3 -7 -2 
3 1 2 
-49 1 12 
7 18 4 
