97 21 24 
-12 5 -1 
-6 4 -18 
-15 76 -75 
1 -7 -18 
-5 4 -92 
-2 -1 85 
18 -131 37 
-39 -1 -2 
-17 -1 -32 
2 -1 5 
-71 -128 1 
-146 -103 4 
-24 1 -20 
65 -12 31 
-6 -2 25 
-9 -72 -5 
10 -111 17 
-39 -1 8 
142 30 2 
-61 132 2 
17 16 -32 
-11 72 6 
3 -1 10 
6 -22 -1 
-1 -11 -3 
-2 -7 13 
46 -2 -18 
38 -28 120 
-2 -105 3 
30 -54 48 
67 3 4 
49 1 21 
-19 3 -1 
22 -3 1 
-1 -17 -4 
-3 -2 25 
2 -1 76 
-2 3 4 
4 1 138 
1 -83 -4 
-75 -1 -2 
1 -120 69 
-2 94 1 
-11 -69 -17 
1 2 -39 
-44 4 3 
1 17 -2 
1 9 85 
-7 -5 -1 
-10 -11 3 
-110 6 -36 
-3 16 -1 
-109 1 2 
21 2 98 
71 -1 68 
5 107 47 
13 1 -4 
5 -30 108 
1 36 -4 
31 -131 -4 
-2 -17 3 
2 -49 85 
-10 -66 2 
6 41 27 
36 -4 -8 
-1 119 -4 
-22 9 4 
146 -9 16 
-34 9 -2 
31 45 2 
2 60 -56 
56 -67 -3 
13 -2 -58 
-8 -1 98 
26 1 -6 
1 68 -4 
-60 -85 1 
8 -54 -31 
53 -3 2 
-3 -1 19 
-3 -9 1 
-109 11 3 
2 69 -1 
11 -126 -1 
17 -43 -5 
9 15 25 
40 -41 1 
-1 25 5 
-3 -8 2 
-87 3 -1 
1 -36 -3 
-1 -4 -17 
120 -25 -1 
1 -7 -51 
-6 88 -3 
6 47 -32 
-4 8 -17 
-11 -1 6 
1 -38 -106 
-19 -1 7 
54 -9 -1 
-7 122 2 
-10 4 -2 
-5 32 -19 
-78 1 58 
-32 56 8 
-26 4 -3 
2 -7 -4 
-71 19 -29 
-89 -1 -47 
1 51 7 
-124 -2 5 
-40 -7 2 
-41 2 1 
-1 -3 95 
-4 -13 -12 
37 -16 11 
2 107 -139 
-10 -2 17 
120 1 -14 
3 -16 20 
2 1 -104 
3 -104 2 
-12 92 94 
-2 -1 -60 
-3 -40 -6 
-1 120 2 
74 17 6 
1 8 5 
40 23 1 
-120 -67 1 
-1 3 19 
3 77 33 
-1 10 9 
12 5 8 
3 4 -78 
-1 -3 -4 
-76 16 -107 
-42 21 8 
-7 -43 -1 
-93 63 -11 
-17 -20 -3 
-1 3 -41 
4 -1 -12 
86 4 6 
-3 9 1 
-65 132 -11 
-15 -53 -110 
26 -40 -101 
12 74 49 
6 8 -4 
1 31 -39 
59 3 5 
-3 -1 15 
-4 3 -1 
2 29 -3 
-1 13 2 
-6 -1 -69 
3 -24 -17 
-18 -79 -42 
1 43 -4 
50 20 12 
49 2 -8 
-4 1 2 
6 -46 4 
-2 -4 20 
-28 -8 -124 
-26 15 -3 
-10 -94 -13 
5 2 48 
29 -5 -2 
17 -28 2 
-1 -2 33 
-4 12 55 
72 2 -9 
-112 -37 25 
-2 63 6 
-11 13 -9 
15 4 3 
12 42 -16 
18 3 -23 
5 4 10 
-17 -22 2 
3 -115 -2 
1 -7 64 
-75 -59 -19 
3 1 -51 
31 -22 -1 
-60 -2 -25 
-23 -6 -12 
-1 -23 -2 
1 -11 17 
1 -18 4 
-3 78 -18 
-9 132 -66 
70 3 35 
43 84 46 
-33 -76 36 
3 105 -70 
7 -8 2 
-4 -34 -6 
1 4 -11 
-1 139 16 
-1 -135 5 
5 -3 -1 
1 -50 -22 
-62 -48 4 
2 -26 -8 
23 -4 -7 
3 -1 4 
-3 -2 -43 
141 -2 -3 
-15 -1 -3 
-11 -9 -17 
9 -3 -19 
-1 93 -2 
-49 -124 -3 
-9 -3 -2 
-1 -136 -8 
75 130 -3 
38 15 -9 
-1 3 -120 
1 23 13 
1 -2 10 
37 -79 -85 
-9 45 -1 
55 2 79 
1 -4 -17 
10 15 18 
-1 -6 -4 
113 -1 14 
-91 -10 -2 
2 11 -137 
13 12 -10 
5 37 1 
-25 33 -3 
-2 -3 8 
-2 79 1 
-95 4 -1 
-1 11 -121 
2 -8 26 
143 -32 22 
1 4 -68 
7 -38 5 
-1 6 -12 
-4 33 6 
3 6 -16 
-3 21 -74 
-1 -7 -20 
109 7 16 
-84 -16 1 
44 -5 -7 
22 1 -2 
-13 34 -32 
-34 -1 -12 
-115 -111 -9 
41 -4 11 
28 -57 -87 
-1 2 -6 
-14 9 8 
-87 -123 13 
-24 -50 -54 
1 -9 57 
-10 -2 -1 
65 -6 -133 
-2 103 63 
3 13 -1 
-1 -96 2 
-2 30 122 
-4 -30 -5 
-16 1 -7 
-1 5 21 
1 -10 20 
113 46 9 
-1 42 90 
9 -1 40 
-3 -1 18 
-78 -58 2 
-1 112 -70 
114 84 -1 
-65 52 2 
38 -1 -4 
38 -2 -51 
-1 -10 11 
106 24 -18 
20 -11 2 
-8 -2 -10 
-71 -92 7 
11 2 -3 
4 -8 11 
-1 -116 98 
-2 1 4 
4 -2 16 
-1 113 -6 
-4 -1 -3 
-5 2 1 
-121 13 -2 
5 -19 -1 
-106 -1 -30 
-123 -99 -50 
25 -1 9 
-67 -53 -12 
1 2 -70 
10 112 -55 
-8 -1 7 
-1 -55 16 
25 -1 4 
-3 -4 1 
-119 3 -25 
-48 -8 1 
-1 10 -3 
49 5 -10 
18 -42 -12 
-15 -1 98 
-1 -15 -3 
-18 1 3 
85 3 -50 
-34 3 8 
4 149 1 
141 -1 -62 
-2 40 -7 
37 -5 1 
1 -7 -4 
4 1 -3 
21 -3 -38 
3 -19 -2 
-2 45 4 
11 -4 51 
-124 10 -7 
-3 -1 5 
-5 65 -6 
15 -1 -91 
1 -6 -72 
-53 9 -55 
-113 -2 -8 
-25 -80 13 
110 1 -64 
-99 -7 -5 
121 -4 5 
-30 2 -55 
-6 2 -5 
8 -28 -48 
2 39 -5 
14 93 1 
-29 9 11 
1 3 -8 
10 22 -5 
1 9 5 
11 127 -1 
1 -53 16 
-4 122 13 
3 26 4 
25 51 57 
94 84 7 
-2 -1 11 
11 -17 -1 
5 -19 101 
7 49 -44 
58 -3 -53 
5 14 17 
106 -114 37 
47 59 -17 
1 10 5 
27 -33 1 
-31 -24 -13 
28 -2 -14 
-4 14 -44 
13 3 -17 
-5 -40 -1 
-69 2 -77 
45 9 -13 
-73 3 59 
-16 9 -24 
7 69 -1 
7 11 -1 
-1 39 -3 
-127 6 1 
-4 -103 1 
-5 90 -21 
1 10 25 
-6 3 51 
-2 -70 5 
12 -35 146 
-70 37 52 
106 11 2 
102 3 69 
13 -7 -31 
11 4 143 
-15 4 -7 
-3 -1 -13 
-6 112 -2 
-6 -31 1 
-129 1 72 
87 -19 -6 
-6 -66 1 
-3 90 -148 
1 29 13 
36 -6 -4 
-2 14 -4 
-11 -2 -21 
-22 1 6 
-1 14 150 
-7 -69 2 
-8 1 3 
8 52 -1 
7 50 15 
1 15 26 
1 -4 -7 
-121 12 126 
-19 3 -62 
1 -2 -16 
14 -59 -3 
-5 -56 -72 
-1 -124 2 
8 -1 115 
-2 126 -6 
11 5 3 
-8 -24 -2 
-2 -16 5 
1 -2 7 
-1 -89 7 
1 -13 24 
-47 10 -12 
1 -2 -101 
1 -4 119 
-62 -1 -22 
1 -4 -45 
107 -1 -6 
-13 9 59 
10 -13 -21 
-11 2 10 
9 -13 -7 
144 1 -55 
10 -11 38 
-1 -8 36 
21 1 126 
-1 -2 109 
-1 12 8 
-1 40 2 
-17 -19 -8 
-70 -1 28 
-98 6 7 
37 -3 139 
-7 -1 -52 
-58 -3 2 
9 43 13 
-65 8 6 
4 -5 3 
4 -14 -40 
