-12 -22 97 
2 12 -106 
-9 6 25 
-8 4 -3 
-41 -2 3 
-31 -139 -2 
3 6 -22 
4 -1 -24 
-10 4 8 
-2 101 1 
-2 -7 3 
3 13 124 
49 -2 75 
22 9 -53 
-3 1 -8 
-6 -23 -30 
26 117 -116 
2 -48 -62 
-110 -33 -39 
-25 -3 45 
-6 10 48 
-7 -8 61 
1 44 -2 
-5 -109 53 
-4 -1 -5 
74 69 -3 
-22 49 14 
1 -68 2 
-138 -2 -91 
1 4 3 
144 -12 -58 
2 -42 4 
-48 -9 1 
-1 -5 -12 
1 -20 11 
-63 1 -51 
-1 -38 10 
-7 1 -3 
4 -28 10 
-16 1 -55 
-5 1 -3 
-21 -35 14 
2 3 1 
111 -35 24 
1 5 -7 
8 4 -57 
-2 -54 -25 
-4 119 96 
3 -55 -5 
19 4 33 
-2 -1 -60 
121 -3 102 
-45 13 -14 
18 21 -2 
3 19 -139 
-2 19 -1 
-3 -12 -31 
-26 -10 3 
-1 -4 -75 
6 1 21 
1 -143 -113 
4 1 -13 
106 28 -150 
1 -43 -4 
61 37 -12 
17 73 72 
-20 1 5 
-2 47 -6 
-13 22 24 
10 1 3 
28 1 8 
-9 1 23 
1 -11 -127 
-1 -2 6 
-2 26 83 
-5 -20 2 
51 -1 -5 
34 1 -2 
13 -1 68 
126 4 32 
-1 142 -8 
31 -44 -3 
4 2 11 
-124 -3 1 
8 15 -30 
-18 81 -9 
1 -20 7 
1 -58 -13 
9 -18 5 
4 118 114 
-2 -4 -42 
-6 -4 2 
85 -70 -24 
51 -2 -77 
-28 -1 -4 
-67 45 36 
94 -77 -7 
-140 97 -1 
-22 -4 97 
-2 -105 -9 
6 1 -29 
-11 2 48 
-1 -102 -5 
2 55 50 
-135 4 18 
-3 -17 1 
8 15 149 
1 -49 14 
142 -4 -19 
-93 8 1 
95 1 70 
-4 53 -15 
1 33 -120 
-104 3 5 
-6 -23 5 
23 -5 131 
2 128 -44 
101 43 35 
-73 3 7 
-83 -65 91 
-4 70 145 
1 9 91 
4 -7 -94 
10 -56 -4 
-4 -5 1 
-34 11 -46 
-103 -1 4 
-81 21 -3 
-1 2 6 
-82 8 1 
-75 5 2 
-1 20 3 
112 -26 -2 
1 3 16 
2 -29 138 
-1 72 4 
18 -2 -3 
-15 16 -40 
49 129 -51 
-6 -22 3 
-1 19 -66 
-1 19 126 
-37 -43 -93 
10 1 -5 
1 19 55 
2 -79 10 
1 19 65 
1 72 2 
-134 -4 -10 
-55 34 -45 
1 4 -6 
10 1 14 
-25 -1 -60 
-11 9 -2 
-51 5 -57 
-1 -4 5 
-2 -15 -79 
11 5 1 
53 2 4 
55 2 -14 
-3 1 7 
-11 -7 3 
2 31 10 
25 -1 -64 
78 -1 -2 
-6 -2 40 
-4 2 -8 
145 -50 -54 
-6 -4 -24 
-31 7 -10 
3 1 33 
-14 1 33 
78 -1 -44 
104 19 105 
-5 -6 -83 
-91 10 -40 
-44 4 -2 
-2 31 68 
93 10 -13 
61 -48 -138 
12 99 6 
-4 -3 -2 
37 52 10 
-8 95 1 
-1 -112 3 
58 1 -4 
17 -11 -21 
12 -32 -98 
34 57 -74 
-1 7 2 
-1 -5 -4 
5 1 37 
7 -2 -12 
12 -117 2 
-3 9 23 
-96 -1 2 
-2 -12 -50 
-9 -2 4 
-88 -1 -117 
6 -2 1 
101 2 -20 
-18 -16 57 
-24 6 -7 
-1 -126 -19 
3 130 9 
3 -11 -55 
-13 47 -1 
3 36 1 
30 -3 2 
2 15 -26 
8 -2 -86 
-13 1 -3 
-2 -148 -6 
35 -44 3 
50 42 69 
-1 11 9 
-1 9 -129 
8 -2 -1 
-10 -1 80 
-41 1 94 
8 4 -5 
6 -4 -12 
26 -16 -3 
-3 28 1 
1 -18 3 
2 -5 -105 
-69 -72 16 
93 -1 26 
-2 39 1 
58 -74 16 
-1 -24 -3 
13 -7 -6 
-57 42 7 
-21 1 -38 
-4 144 12 
-1 9 -2 
-2 -118 1 
2 6 -1 
-6 -128 15 
82 -4 20 
-2 -16 -17 
-4 9 -8 
1 51 14 
31 -1 6 
-36 1 44 
1 47 -3 
54 -34 23 
-62 -20 -2 
-10 -20 -105 
-13 -87 6 
1 3 23 
27 -6 3 
3 2 22 
-78 1 -18 
1 -4 -28 
-7 17 -1 
-1 -28 83 
-13 1 -2 
-5 2 -145 
-2 69 -94 
43 -44 52 
-47 1 18 
14 -1 2 
12 5 -23 
107 1 7 
1 27 11 
-11 39 -18 
1 -25 149 
-20 1 9 
-19 -3 1 
1 5 -2 
-5 24 -32 
-72 1 -38 
1 -2 -34 
-2 -1 121 
6 -110 -29 
2 74 4 
2 -17 -16 
2 -13 -114 
-148 -10 -90 
3 -52 -12 
-5 125 -8 
61 -1 11 
4 -1 -14 
2 1 23 
40 -62 2 
-29 -92 8 
27 -1 -120 
14 -25 -64 
14 1 -2 
3 9 -1 
39 -7 -10 
-4 -5 -96 
11 -2 1 
1 -26 -53 
86 -7 10 
-6 -12 13 
-3 1 2 
-12 -70 -42 
2 18 -1 
5 -30 -1 
-25 -7 28 
5 -1 -6 
11 -2 100 
1 -146 -3 
-4 -43 -56 
-133 -4 1 
143 -81 -24 
-39 -33 67 
-1 -140 -4 
97 -1 60 
-1 20 4 
29 -2 -121 
25 1 -45 
-2 -117 47 
-1 4 -14 
1 28 -111 
-4 -47 6 
-7 -1 -104 
-36 17 -1 
23 -4 1 
2 -23 55 
-12 -11 -6 
1 2 -21 
49 -1 2 
22 -8 -62 
-1 3 -7 
13 -4 12 
3 -107 110 
27 1 72 
17 -3 -42 
5 28 -66 
-30 1 16 
19 1 -103 
-2 1 -32 
1 -33 141 
42 2 -52 
-42 90 10 
-14 -6 1 
-1 -60 -117 
-146 -3 -2 
-5 -27 -3 
35 111 -1 
88 32 -24 
-98 -40 3 
1 3 -13 
-1 58 -10 
-29 -1 -13 
-13 -81 22 
-38 4 -32 
-1 2 -37 
-1 106 3 
82 1 91 
-126 26 -1 
-29 -114 -20 
-3 -1 -25 
-23 -34 -2 
138 35 -21 
20 7 36 
3 64 33 
-2 41 15 
2 -3 -1 
-10 -3 106 
1 -5 -2 
-4 -1 -28 
-1 20 -2 
-15 1 -6 
-33 1 2 
15 -99 -65 
-2 25 5 
1 2 14 
14 2 -1 
1 -108 10 
38 81 82 
-2 17 -15 
10 5 -24 
113 55 -1 
-1 -14 3 
2 -8 6 
48 -2 -65 
-11 1 -3 
-2 -1 -8 
84 -14 108 
-2 4 3 
-1 25 21 
-28 -1 -3 
4 -18 3 
-13 10 -4 
-30 11 4 
23 14 3 
-32 8 -24 
-7 26 68 
75 -2 -21 
1 -118 101 
15 -113 -5 
-24 13 19 
3 6 1 
45 -126 5 
-64 -5 -3 
49 -11 -3 
37 -1 2 
-5 40 44 
-104 2 1 
-43 -1 -116 
7 -94 -10 
-3 9 -61 
55 23 -12 
-30 -3 9 
12 2 -9 
-89 -4 1 
37 108 -12 
4 -6 -71 
-2 -14 4 
1 71 3 
-51 3 -8 
13 -9 -8 
-140 11 41 
-3 4 -1 
-22 -143 -4 
1 11 -27 
1 -10 3 
121 118 1 
-1 -21 16 
-65 1 3 
-43 -70 35 
-50 -3 44 
3 1 116 
-44 -3 80 
-7 43 -17 
1 24 -8 
-48 -5 -1 
2 -1 66 
1 -12 -34 
-77 31 -1 
-1 -9 98 
16 -87 -3 
3 5 2 
-2 -39 6 
-15 -1 -29 
-111 115 -17 
23 1 2 
-3 -128 1 
-35 -6 1 
-1 144 -61 
8 2 3 
2 1 -103 
-38 4 -5 
-10 -28 2 
-135 38 -1 
71 59 -3 
