11 31 -1 
-22 -38 2 
-19 -14 -20 
2 1 10 
-2 -1 16 
1 6 -48 
5 14 -36 
-1 6 126 
31 -125 -6 
64 -144 -116 
116 -4 113 
-1 -9 16 
-11 1 14 
77 -2 -3 
17 4 3 
2 59 -1 
-13 2 -8 
-1 2 134 
-10 -16 1 
-52 -35 -2 
-26 -1 2 
-50 -2 1 
-1 -63 -2 
-14 5 -4 
107 -1 -63 
-4 5 1 
-42 1 -2 
-1 4 65 
-28 18 14 
-27 -20 1 
53 2 -57 
1 -20 2 
3 54 5 
6 -38 -1 
1 -11 31 
-2 130 -7 
-124 -17 30 
-97 -58 -85 
-140 29 -2 
2 1 -53 
-7 49 9 
5 53 3 
39 -93 -1 
14 35 22 
-2 63 52 
-2 -5 -4 
-18 -21 -4 
-6 -28 -4 
-39 -2 3 
-1 -14 -29 
-1 -8 -16 
-58 6 -32 
1 38 29 
6 -12 -69 
8 -15 1 
4 -3 -1 
-121 111 -2 
-1 3 -12 
1 -23 63 
2 -43 -14 
-71 -1 22 
6 -1 -62 
-103 -64 3 
-81 -44 1 
-48 -15 -13 
121 -14 -4 
-1 -51 2 
83 -55 -21 
19 -20 -1 
-2 65 -91 
148 -49 -1 
11 -1 2 
-1 52 11 
28 99 114 
-4 -3 66 
-6 -2 5 
-3 -1 31 
33 -7 18 
6 1 -7 
121 80 -4 
-1 -2 20 
-56 1 10 
-4 1 -2 
30 -5 4 
-37 -146 40 
-15 11 39 
-89 39 -52 
-9 3 107 
37 1 -53 
22 -3 -7 
4 -34 -1 
84 -5 1 
1 19 -4 
-9 -51 18 
111 -4 -9 
14 94 24 
5 -11 22 
-3 7 -1 
-62 -1 12 
17 -33 -131 
-131 -14 6 
-50 -66 -129 
1 13 -4 
-20 -73 4 
-14 -9 120 
8 55 -2 
5 -64 4 
2 36 4 
27 2 3 
-1 3 -131 
-1 15 -70 
-11 -15 5 
-35 -19 -110 
1 58 5 
-6 41 88 
44 42 -37 
4 53 -2 
-2 -75 38 
-1 11 25 
1 130 61 
-1 90 118 
1 43 22 
5 14 -66 
3 30 -1 
1 -38 7 
-1 4 -2 
31 -13 140 
-22 18 -1 
-1 -21 8 
-1 -6 12 
-105 9 3 
-12 -34 -6 
-5 -28 -119 
-38 -118 25 
35 7 -9 
2 -42 -36 
19 122 1 
1 -101 5 
15 -116 3 
4 -2 -7 
-4 1 42 
-3 61 113 
-27 -7 6 
126 2 -35 
98 1 -28 
6 -3 -1 
109 -4 68 
-17 -63 -11 
21 -2 96 
-45 40 1 
-3 -4 94 
5 20 -3 
-1 -2 109 
-68 5 -23 
3 2 -27 
11 -2 -85 
-143 -58 22 
145 -1 -91 
4 -2 18 
3 -2 -10 
-1 5 24 
-36 48 -4 
-1 13 18 
1 7 -99 
8 -2 1 
1 10 -132 
90 -132 102 
11 -2 9 
-4 1 19 
-24 3 -1 
15 -6 26 
129 -3 2 
2 14 -1 
-1 -5 -6 
10 58 -26 
-20 18 71 
-2 -4 -5 
-1 2 -7 
-11 1 107 
-1 -44 101 
-7 -75 -6 
5 -3 6 
6 -1 -12 
2 -5 67 
-3 -63 4 
-63 4 -1 
-3 6 2 
6 -17 5 
2 -1 -4 
1 -110 3 
5 70 56 
-2 -9 -36 
1 -11 19 
-6 -1 -20 
-78 45 11 
-1 2 51 
-45 37 -7 
11 2 -13 
39 14 36 
-14 -23 27 
1 7 -19 
-137 -1 -5 
-6 -47 -1 
-13 -1 62 
-1 -116 -15 
-43 -9 5 
-1 84 -6 
-4 33 29 
8 -1 11 
14 -12 -1 
-47 -7 -12 
-114 1 125 
23 1 47 
1 2 -122 
-1 -37 -9 
-145 8 45 
-14 -50 -5 
-9 33 2 
7 10 111 
-1 -7 5 
24 4 1 
13 -9 -47 
-59 104 1 
-5 11 3 
10 15 -37 
51 -1 2 
1 3 -2 
11 -6 -2 
12 -7 -2 
-1 -16 20 
-1 -8 -2 
2 -1 83 
133 -1 -26 
25 5 121 
-1 -27 -11 
-27 -17 64 
1 -4 19 
-42 -1 6 
13 71 -15 
-68 123 1 
59 -138 17 
-5 1 -34 
-36 4 -1 
142 -17 -16 
65 -1 88 
1 -29 -30 
13 11 -18 
6 39 -15 
3 1 -19 
6 1 -92 
-1 9 -6 
-2 -3 -8 
-1 -3 2 
62 14 65 
-111 12 2 
5 -128 2 
15 65 1 
1 8 -3 
25 120 -9 
-1 11 8 
-48 54 -4 
3 -5 -26 
-105 2 4 
-8 -47 35 
-3 -2 -8 
-57 -1 -135 
-8 17 -7 
3 14 6 
2 -1 -40 
2 101 118 
23 82 68 
-2 -25 16 
-10 1 -47 
-1 -3 5 
-6 -1 18 
-72 -9 -3 
-2 1 -119 
-28 40 -81 
-10 -50 7 
-1 -89 55 
-11 -90 50 
-18 -125 -2 
2 -1 8 
-1 -13 114 
-127 -30 1 
6 -3 13 
-6 39 50 
34 1 13 
-1 -4 -61 
30 -1 -70 
-2 -7 106 
-3 6 -97 
8 -2 43 
1 150 11 
-7 -140 1 
1 2 49 
-1 -127 2 
66 -110 7 
-2 22 1 
-139 6 71 
1 -49 4 
66 5 118 
28 21 3 
137 -129 -27 
-2 1 -69 
4 5 2 
-1 4 11 
6 -98 131 
5 -45 -32 
-22 7 -46 
-35 36 2 
-4 -21 -6 
-86 -113 16 
1 -79 -39 
2 -1 -120 
-28 -2 -49 
1 135 48 
-2 103 -1 
-16 -1 -36 
121 14 13 
-1 42 140 
-3 -4 -50 
1 28 2 
-7 1 -2 
-1 32 -62 
1 10 7 
1 -8 2 
-12 8 -128 
1 -36 -29 
-22 -4 6 
-35 14 40 
-3 -22 -41 
136 1 2 
-120 1 -23 
-12 -31 1 
-16 -12 37 
31 -80 -3 
-108 2 -1 
61 -21 39 
1 -75 -20 
1 22 29 
-26 -19 64 
15 41 44 
3 2 1 
-17 49 38 
-19 -4 -34 
-5 -98 -17 
1 -2 -82 
-4 54 -2 
-17 -1 -139 
-14 -36 4 
-34 4 -2 
-150 5 1 
73 4 -62 
-23 -3 4 
-25 12 123 
-70 -32 26 
-122 2 1 
-140 -1 -44 
18 24 79 
123 -21 -25 
59 18 1 
1 3 8 
57 -55 1 
-7 -11 54 
-21 -3 -2 
2 25 1 
1 60 -32 
1 123 68 
-1 7 6 
73 -4 1 
12 -77 -3 
127 1 -35 
6 72 5 
-4 -1 7 
3 -99 64 
-1 8 -76 
36 1 -41 
90 -8 -78 
-37 108 4 
-3 8 1 
-23 78 3 
-73 2 49 
7 1 3 
-20 -5 -8 
-4 -32 -55 
1 -137 -15 
2 35 1 
-80 78 -16 
-17 -2 -76 
-1 3 2 
11 109 -13 
44 -26 -1 
-65 -9 -1 
4 5 -1 
49 61 -2 
2 -1 -8 
1 2 -3 
16 -7 1 
-29 -79 -67 
125 1 -2 
53 3 -2 
1 6 43 
24 -1 7 
2 -1 -18 
-143 36 -10 
46 2 40 
4 -7 -144 
1 -6 -7 
2 -7 1 
1 -2 11 
-46 -7 110 
7 -1 46 
-6 -1 -69 
-1 -3 118 
-2 -13 44 
2 7 -13 
5 -2 -15 
10 -2 -1 
-142 17 -4 
-1 -5 11 
-31 -2 32 
1 96 -24 
2 -32 107 
-1 -22 57 
51 -1 21 
3 -8 11 
14 -3 -1 
-24 -1 -15 
-29 -12 1 
-2 41 1 
-1 -6 -12 
69 94 -105 
4 -110 -41 
-1 -4 135 
30 2 -7 
1 -114 33 
45 5 4 
45 2 -37 
51 -1 -4 
-41 -3 1 
-1 4 -40 
-60 -6 -3 
2 -1 -12 
19 4 2 
1 -23 -63 
100 1 2 
-36 31 -15 
41 1 12 
-64 3 -2 
