43 89 -37 
-80 -82 18 
-27 -24 -22 
54 -31 -8 
8 68 -140 
13 24 -2 
3 -60 8 
-2 23 -1 
31 16 2 
34 -1 -50 
1 7 19 
-1 2 -40 
74 9 -14 
-9 -64 -18 
-131 -10 1 
16 -2 -1 
-1 -13 -11 
18 13 -7 
14 -3 68 
1 -3 46 
2 8 -1 
4 -1 -87 
81 2 -31 
-27 -14 6 
1 92 -47 
-21 -1 -8 
8 -2 10 
6 2 -29 
-1 -42 61 
19 -56 -76 
-17 -46 3 
4 -5 86 
134 -82 -5 
5 50 23 
67 1 38 
20 -6 -1 
14 8 57 
-13 2 25 
-1 11 52 
-51 50 -33 
-3 -2 -6 
-11 85 -139 
-2 -71 1 
-19 41 -16 
93 39 1 
129 -1 -7 
79 -1 -2 
5 -8 25 
136 -9 5 
-18 -54 14 
111 10 20 
-13 -33 5 
-35 22 1 
-1 -82 -5 
-2 -123 -7 
99 -1 5 
4 -6 10 
-1 -33 -97 
-89 2 -97 
-5 -61 -6 
-3 -78 46 
-3 19 -95 
129 -7 -8 
6 -4 -103 
-62 -149 6 
6 1 -9 
-3 2 91 
3 -18 -2 
-33 102 -61 
-1 25 51 
3 5 -86 
12 -9 30 
53 -1 -39 
-1 -38 -99 
1 84 51 
-1 -8 -2 
-15 -38 21 
-28 88 -119 
-102 -87 -11 
-5 -1 91 
-1 -76 58 
-3 -1 123 
1 -4 -90 
2 38 135 
14 23 3 
-17 15 -59 
-3 1 34 
23 -79 1 
20 -3 1 
-14 -8 1 
-3 23 -2 
-2 115 9 
4 1 -2 
-29 -76 -63 
-6 1 8 
-24 -128 -19 
5 -150 12 
13 -1 -11 
1 -3 11 
37 1 2 
-41 1 -25 
56 -33 -1 
1 -2 -90 
1 -21 -22 
10 4 63 
-31 1 150 
59 -150 3 
-17 -4 -1 
-4 -147 -1 
-5 11 -3 
-1 -136 -6 
145 71 1 
-38 -97 79 
3 5 -15 
-9 7 -34 
-4 -3 1 
3 -100 1 
3 4 -2 
10 -25 -27 
-54 18 -34 
-17 -64 103 
-1 -53 -25 
-1 -14 -40 
-4 2 1 
22 -19 1 
-8 1 56 
-44 10 -8 
-5 2 9 
56 70 13 
-1 12 -21 
-44 16 -57 
-15 -4 -6 
-1 2 16 
-1 76 61 
1 -19 86 
-39 -69 7 
-1 -25 2 
-8 -2 1 
-24 3 2 
1 31 4 
-89 2 -11 
32 5 20 
18 -78 148 
19 -5 2 
1 12 14 
-1 28 4 
-27 -12 -11 
2 3 31 
-1 -54 72 
18 -1 17 
-1 -81 137 
-42 -6 -1 
-3 2 1 
-4 -1 3 
-7 -82 -75 
-47 -1 -2 
3 -6 69 
12 5 10 
2 -43 -23 
-11 3 -15 
-67 -2 -1 
45 2 1 
-3 15 122 
-88 -34 19 
-26 -3 -1 
-32 -5 23 
-4 -106 14 
126 5 -32 
15 -58 -66 
-2 80 43 
30 1 11 
-1 9 28 
-2 69 1 
7 -4 -1 
3 -1 20 
-1 2 -91 
11 16 -127 
-18 -8 -1 
1 10 -12 
-70 5 -33 
-23 6 -7 
-16 3 12 
14 23 -53 
-1 -7 -69 
-25 49 -1 
-53 -8 133 
2 -8 -3 
-1 -42 -11 
-2 11 -3 
25 1 -37 
-85 -9 29 
-2 -121 5 
-2 4 -13 
-10 -2 103 
-11 5 -10 
-3 8 -17 
1 25 89 
16 6 -12 
1 6 -9 
-14 39 -11 
2 -8 -1 
41 4 16 
7 -123 27 
-1 12 2 
1 -25 2 
-4 1 16 
4 84 -9 
-1 30 -4 
-1 4 -21 
45 -1 69 
-80 1 6 
1 19 -15 
13 -2 -25 
15 -111 9 
117 1 38 
85 -17 -1 
1 -29 -2 
118 144 -1 
2 1 -10 
-23 -1 -6 
55 -19 86 
73 -19 6 
-5 144 32 
38 -3 -1 
2 -1 -28 
2 95 29 
-9 7 11 
-1 2 -5 
-1 2 5 
2 -3 15 
-1 -25 8 
2 1 52 
-1 -32 -2 
14 60 -16 
3 -70 -1 
3 -75 -2 
-4 -6 54 
-2 28 3 
-13 7 26 
-30 14 -62 
82 85 -22 
66 1 -2 
-12 1 -14 
2 -10 56 
-31 -68 -2 
2 1 -11 
2 1 40 
-42 -20 24 
-11 -7 -1 
1 38 14 
3 -36 -103 
1 9 -99 
1 -5 61 
2 -71 -1 
-11 21 -12 
19 6 -9 
4 8 -73 
-11 -150 -1 
32 36 -7 
127 -57 -1 
-1 -6 -37 
72 14 145 
20 33 -1 
-30 -6 -76 
136 5 -1 
1 104 36 
71 -1 5 
4 -13 3 
-69 4 -43 
27 -1 139 
-3 -51 10 
13 -5 -8 
-62 1 -8 
1 -28 -60 
-68 2 -4 
-4 1 134 
-3 2 110 
-2 -37 3 
94 -43 -2 
-70 2 -28 
87 -77 -2 
-4 -16 -36 
38 10 -36 
23 138 -149 
-14 9 -45 
1 -6 -28 
-112 -1 15 
-47 23 -1 
-3 -1 -2 
-1 -112 -38 
-1 24 5 
-64 -150 -3 
1 132 10 
-34 71 5 
1 20 38 
79 33 -2 
24 -6 5 
56 34 43 
71 79 -1 
-1 33 25 
-97 -115 -1 
7 -2 -143 
15 -3 -11 
1 -3 -133 
12 5 -32 
21 2 1 
-47 -3 -11 
1 -3 2 
-5 1 4 
-29 4 1 
2 4 122 
-137 -6 1 
-1 9 -112 
-2 139 -4 
50 48 1 
7 -24 -1 
-2 51 81 
1 -4 56 
42 -12 1 
27 -2 -20 
32 -36 -97 
2 -47 -39 
133 1 -8 
-86 9 10 
-14 3 -15 
4 -27 -21 
-115 10 134 
1 -15 17 
-2 -54 7 
7 97 10 
7 36 6 
-8 24 -1 
1 -3 -4 
134 25 34 
124 6 1 
-14 -2 -6 
-2 -3 -1 
31 -1 -8 
-11 7 -1 
-57 20 -1 
-10 63 1 
-7 124 -2 
6 113 22 
-13 -80 -1 
-1 3 112 
-7 -19 -1 
-7 32 45 
-23 1 -3 
-39 -52 6 
39 63 -1 
-58 -1 4 
1 -2 -43 
1 26 6 
44 -2 -38 
-1 5 3 
-1 33 2 
6 -110 -2 
3 95 -2 
101 38 5 
1 12 -10 
32 11 -29 
6 -65 -3 
-2 -3 38 
-3 -95 -1 
-5 -2 107 
-1 10 -141 
-1 40 2 
115 -1 -6 
8 -1 -131 
59 -2 6 
7 18 1 
31 21 42 
-1 70 -95 
63 -121 -4 
-18 -9 66 
9 -2 -12 
-3 20 -105 
-2 -16 -1 
-1 -8 2 
-2 1 18 
-2 6 -5 
3 2 4 
-1 -2 34 
20 -114 -2 
-24 -3 -1 
-146 1 41 
2 44 -1 
2 3 -80 
25 -57 -5 
126 -3 -5 
-122 29 15 
-18 -4 32 
-18 -2 1 
1 -36 50 
24 86 123 
-9 3 -36 
-84 49 -116 
51 21 -15 
-28 -3 -1 
1 -2 -16 
-1 3 -97 
1 11 -5 
-30 6 -74 
-98 2 -8 
1 -57 -47 
3 -4 66 
25 70 -1 
-11 2 101 
42 -69 11 
68 -3 -43 
-66 24 1 
-1 -80 6 
-1 -5 35 
-1 -15 -10 
17 1 52 
-1 -23 -10 
1 44 -99 
-37 113 21 
-17 -42 2 
38 1 15 
61 5 -8 
28 4 -2 
5 9 2 
-33 7 105 
38 9 15 
21 4 -102 
-1 36 4 
93 28 -1 
1 -2 -4 
23 21 104 
60 -17 -2 
-1 -2 -15 
-1 -93 -2 
-8 15 1 
-142 -99 6 
2 4 -108 
39 -60 -24 
-23 1 -14 
-104 2 6 
-1 -11 -6 
130 -1 -52 
47 -1 -91 
-25 -60 -1 
-3 32 -2 
5 56 -2 
-97 2 53 
6 32 103 
40 -1 -23 
-86 13 50 
92 -4 -53 
