61 -32 -11 
-1 5 -6 
3 -51 39 
50 3 6 
-20 -47 7 
-44 -36 -27 
20 -66 -1 
-4 79 1 
-4 1 -47 
38 31 -140 
4 -16 6 
-34 1 2 
4 -20 47 
16 2 -4 
-4 -28 -3 
127 -1 2 
5 -143 -1 
-2 12 -64 
-2 -12 8 
19 -11 9 
-33 -48 4 
103 -7 -79 
-1 -9 -6 
3 -12 -113 
2 -5 -35 
6 -129 -5 
1 -119 2 
1 -6 -4 
66 9 145 
13 52 -43 
108 -49 29 
-65 -2 1 
-4 84 -6 
-95 57 84 
1 -2 -51 
-43 -8 -37 
19 1 -3 
141 -9 20 
11 -8 -73 
-15 -3 28 
105 -1 2 
-1 -12 4 
-91 1 4 
77 -23 11 
2 -36 -18 
34 -7 1 
-11 23 1 
5 -20 -94 
-6 18 4 
6 11 -25 
-25 -68 112 
-6 -36 -11 
-68 10 -44 
-23 -108 14 
43 65 -4 
24 -1 -6 
7 -8 -1 
4 6 57 
-65 -24 -3 
-60 59 -15 
-8 -109 1 
-1 -66 -2 
-7 110 3 
8 1 -2 
146 -128 34 
-6 -1 5 
4 72 11 
-1 4 2 
-1 60 88 
33 9 -27 
-21 -32 -5 
87 2 8 
-2 50 -20 
2 97 -3 
-4 1 -45 
62 -22 9 
-104 -29 -31 
-90 53 -44 
-3 -33 1 
-56 20 -1 
9 3 1 
-52 -9 -1 
2 3 58 
-16 2 -119 
88 53 -3 
123 -7 -2 
2 -12 139 
10 13 2 
13 -7 3 
-1 -4 -18 
-4 -35 53 
-5 1 -9 
-14 -23 -3 
-1 -30 5 
-11 105 36 
-8 2 1 
1 40 -31 
104 -5 136 
7 77 -56 
-1 -6 12 
98 -45 -42 
58 42 1 
1 -6 51 
-52 -130 -1 
7 -9 -4 
-1 108 7 
115 -1 3 
-4 2 -98 
-14 -1 12 
-1 -2 3 
-1 2 116 
57 65 -1 
1 31 3 
-21 -1 2 
-38 -1 4 
3 1 2 
2 18 -28 
-3 -2 -33 
8 -9 42 
60 7 18 
-4 -6 -47 
-8 -3 52 
44 1 8 
-144 -3 -1 
99 -3 -2 
-4 3 1 
5 -4 1 
-1 2 -4 
-68 -98 7 
9 -2 1 
-3 -7 40 
142 17 15 
-3 -106 -5 
1 -36 -8 
8 -1 -67 
-2 -11 1 
3 115 103 
-23 -54 -27 
-142 -28 -5 
-29 -31 -5 
-27 7 2 
-33 2 24 
61 1 2 
-11 -80 -2 
38 2 -18 
-6 -17 34 
-8 -1 -108 
8 -3 7 
75 -1 -81 
-1 2 16 
-2 1 -15 
-16 -1 39 
-91 1 2 
-118 -87 9 
-26 -2 -6 
-2 19 -115 
1 15 88 
1 93 -99 
-1 -14 -3 
-36 -50 -29 
-4 -62 -12 
-3 -2 -8 
8 6 7 
2 -109 -1 
-136 -3 7 
-16 -27 2 
7 -91 37 
-21 6 11 
-1 -2 -3 
-5 -26 -12 
4 5 112 
10 28 -2 
-11 -1 25 
21 -3 -1 
-6 146 111 
1 -2 -15 
2 -1 19 
-72 -2 -3 
-12 -1 9 
-84 1 4 
-2 -9 -5 
-59 1 -2 
6 -1 5 
-77 35 -34 
-35 32 -133 
-33 -7 138 
3 21 119 
-1 2 3 
22 140 -24 
8 32 -22 
29 3 85 
-2 -1 -3 
-20 -100 -7 
1 -23 -2 
-1 5 -129 
19 -13 -50 
-6 -8 2 
-1 3 9 
117 -4 -2 
-1 -16 5 
16 -85 5 
-25 -17 -2 
-2 1 -4 
-94 -8 -3 
2 -4 11 
1 42 -6 
40 21 137 
-3 -1 -73 
-16 -3 1 
-13 -1 2 
3 2 -14 
-1 103 -46 
5 2 -19 
98 -22 5 
-124 -4 -3 
-142 -55 4 
-8 -29 27 
6 -4 59 
-53 -10 14 
-4 9 -14 
24 16 -10 
133 -1 -51 
141 63 1 
-1 47 16 
-1 -32 12 
122 4 1 
2 -23 -18 
4 -9 -6 
-14 13 -37 
-20 -18 7 
5 -40 68 
6 -150 -1 
-2 -33 -1 
31 6 -7 
3 1 -9 
3 75 -13 
19 -22 65 
11 1 130 
86 45 1 
1 3 88 
-92 -3 1 
3 -75 60 
2 -146 -50 
1 103 -10 
-1 34 -97 
-32 2 -1 
65 92 1 
-18 60 48 
124 -1 8 
-2 -7 -30 
-2 -1 -14 
1 6 9 
2 41 -1 
17 24 -12 
62 -15 92 
1 24 -85 
-2 -3 -29 
-1 -6 -2 
28 1 3 
-76 -129 5 
-4 -22 -11 
14 9 -43 
-3 -10 -7 
4 -75 -3 
-4 114 -42 
1 54 -2 
-9 -41 -1 
-9 1 11 
1 -4 -38 
5 -81 -86 
-2 -26 -4 
-37 -50 -47 
10 1 34 
-35 -45 -15 
-2 -66 -15 
-128 76 140 
-2 23 -3 
-131 1 20 
137 -119 59 
62 -84 81 
36 1 75 
7 -1 -146 
-132 -2 23 
-1 -29 -106 
-6 2 48 
-49 -36 -4 
-40 -2 1 
-1 13 2 
-3 -1 2 
21 1 9 
1 110 5 
-6 17 4 
28 1 -100 
-29 3 -40 
1 -47 -15 
-78 -34 2 
-148 49 7 
-6 -1 -13 
-1 121 -56 
8 10 -67 
-4 103 -5 
24 -89 -55 
-3 -1 -2 
1 -2 -7 
1 -53 -28 
15 -1 -4 
3 113 21 
79 -1 13 
1 -13 10 
3 -1 -2 
-5 -1 -20 
1 -39 11 
2 8 1 
-99 -1 38 
19 115 -18 
81 -87 -1 
128 -1 3 
-6 -32 -16 
7 -138 54 
-1 -3 68 
1 -104 -97 
-15 24 -1 
-31 1 -28 
-81 2 1 
23 -1 15 
-3 -1 -37 
-14 12 3 
-21 3 125 
10 -4 1 
10 31 -15 
60 -23 -10 
-6 77 -1 
-13 -6 4 
23 -52 4 
72 -37 62 
17 4 7 
1 19 -11 
52 -1 -2 
20 -2 -52 
-2 -90 1 
3 114 14 
-10 -7 13 
-15 116 -1 
-10 -1 6 
65 2 -4 
-2 -9 20 
-90 -2 20 
-127 46 -49 
17 -43 -27 
1 -11 32 
81 -25 -10 
59 -16 70 
27 6 -2 
2 -28 5 
-22 2 63 
68 -74 -1 
-129 66 30 
11 1 59 
2 1 -40 
14 -1 7 
-9 32 2 
-39 -31 -1 
63 33 -22 
9 5 -89 
70 3 22 
-4 -5 2 
-66 4 -12 
143 -6 -56 
-1 -31 -2 
70 -29 -3 
-35 15 -1 
2 11 31 
-8 5 18 
17 -3 4 
-103 -6 1 
-22 -1 -55 
-10 -1 -11 
8 7 -5 
5 -8 36 
-103 10 8 
-4 20 -2 
33 136 4 
-2 -5 -46 
-10 2 8 
5 3 -4 
9 17 -16 
-1 3 -2 
-49 37 -135 
28 -6 -13 
-16 4 70 
-3 1 138 
5 11 -50 
15 27 5 
-1 -3 90 
1 11 -3 
1 13 138 
57 -125 140 
2 -1 -5 
-7 -32 2 
1 -5 -53 
-1 -98 121 
-2 8 -12 
-1 -22 -5 
-1 97 -4 
-5 -8 1 
37 4 -1 
13 3 1 
129 1 24 
-6 1 3 
-20 3 124 
7 5 -117 
-73 41 -5 
-3 134 -14 
-7 1 -74 
8 -113 -5 
2 87 94 
-1 3 -118 
-5 -2 -3 
3 -2 -1 
-22 2 -12 
-12 21 -71 
1 27 -124 
-1 -33 -2 
1 16 2 
-6 -4 -7 
-66 -1 12 
9 -3 -27 
2 -7 3 
2 -1 7 
3 1 -6 
1 -77 50 
77 -1 -84 
-80 -4 5 
11 3 1 
-1 18 -2 
-67 -74 -1 
5 -10 1 
-34 4 -81 
-1 -3 2 
78 -1 49 
-1 46 21 
17 47 -3 
128 -52 -3 
1 -45 -4 
39 -3 -2 
5 -27 6 
1 2 125 
53 -4 -1 
-38 140 1 
-65 -4 2 
5 -41 -7 
7 16 1 
78 -4 12 
-89 1 13 
1 3 -12 
1 -5 33 
-28 -3 -4 
34 1 21 
-53 6 5 
-30 -111 -9 
1 -70 -67 
-1 44 5 
46 -1 6 
-1 70 -39 
98 1 89 
-3 -1 -61 
-2 -5 -1 
145 -15 -11 
5 1 6 
-3 38 -4 
1 -29 3 
114 -119 -2 
105 36 -1 
-26 -11 86 
31 -57 2 
1 7 23 
22 2 1 
95 69 -16 
106 -1 75 
1 106 -59 
13 2 -1 
-125 -1 -20 
3 -1 -55 
116 -42 15 
66 -2 6 
-84 53 -6 
1 -2 93 
-1 7 -5 
-64 -32 14 
-1 -2 4 
-73 1 -10 
5 1 24 
-5 -7 75 
-5 4 -23 
-81 -5 1 
-3 -28 4 
1 -22 2 
-16 -1 57 
-1 2 -7 
33 -32 70 
-30 2 6 
9 -23 3 
-1 40 29 
35 -2 -112 
1 -70 20 
19 -23 -6 
40 12 -1 
-29 2 34 
-1 -52 117 
-3 7 1 
-3 -41 1 
1 97 10 
1 -69 -17 
-35 1 17 
-1 -11 -24 
22 -5 2 
-146 1 116 
7 -6 -15 
1 -63 3 
-1 115 -40 
17 -108 -48 
14 1 -2 
1 -7 -57 
131 110 2 
-41 105 -7 
