1 -7 -100 
-5 4 -8 
8 -18 -36 
-6 23 -1 
-18 -31 -1 
81 -1 -45 
8 84 -109 
-1 -43 8 
-1 -54 -2 
-1 -98 89 
-46 28 4 
-1 24 3 
-113 -25 2 
-35 5 -1 
-98 109 9 
35 34 69 
-28 -6 21 
-3 99 -57 
21 -20 7 
3 32 7 
-28 -2 -4 
5 -4 -40 
16 -13 -69 
1 -39 5 
-1 -4 6 
-35 -3 17 
3 102 -2 
1 -10 2 
62 -116 -4 
-1 26 -64 
-13 -12 3 
-120 21 -11 
3 -1 134 
-4 76 -59 
48 -3 2 
1 -12 5 
7 -22 4 
-30 -29 27 
-1 5 -124 
-2 -23 3 
-42 6 1 
-1 -3 78 
-23 -6 18 
31 -1 6 
11 -90 -35 
-22 2 -1 
-38 -1 -3 
16 -1 -69 
11 -1 73 
15 72 -2 
8 1 -5 
2 3 -97 
-23 -24 47 
1 82 69 
-3 -6 1 
-48 3 1 
2 18 -56 
138 1 -62 
-116 -4 -15 
1 -2 10 
3 1 -12 
-74 -14 -22 
61 1 8 
-2 -117 11 
-100 -44 -10 
8 -118 1 
-3 -60 19 
-132 -3 38 
59 1 -13 
7 15 -30 
10 6 -104 
5 55 -3 
14 8 1 
-22 -1 -3 
-33 55 1 
136 -3 -12 
-1 -2 107 
17 56 19 
47 -1 2 
-1 16 5 
5 3 107 
-74 2 4 
-25 82 51 
-24 -5 -1 
121 -30 -1 
-124 -43 -131 
-1 -19 -15 
106 6 -5 
16 -2 5 
-7 -4 -20 
1 -80 -127 
-27 3 -24 
-3 -16 7 
123 2 11 
51 -14 19 
40 29 2 
-4 -89 5 
17 1 7 
-55 -2 26 
120 -9 144 
-23 -5 48 
-2 -3 -20 
12 81 2 
4 17 70 
-8 43 7 
6 -15 2 
10 -2 4 
1 6 98 
-2 30 -3 
-1 36 -53 
48 6 -10 
-48 105 -1 
-6 1 -2 
-44 1 6 
-38 -9 19 
37 -20 -13 
-15 -41 6 
-23 -97 -1 
-145 -55 10 
16 -5 1 
-9 7 -31 
4 136 -14 
-4 102 -8 
-8 -42 19 
2 7 79 
-2 22 -1 
-5 15 -4 
1 26 -119 
71 43 30 
-3 84 -1 
14 -1 -3 
1 -90 -103 
51 -8 -65 
-3 1 16 
17 44 2 
-1 -3 -23 
47 18 -17 
19 -27 16 
-1 7 53 
1 -5 -4 
-1 63 -2 
-150 13 2 
2 -1 -6 
-73 6 39 
1 6 -10 
-3 19 -1 
16 -2 -145 
-101 45 1 
-108 -10 -25 
2 -18 145 
18 -42 -8 
-19 33 -2 
-1 3 4 
1 -25 -26 
-8 -16 -71 
-103 77 10 
17 59 32 
4 -1 98 
6 5 1 
6 7 9 
4 28 -1 
21 12 7 
-2 -97 77 
67 2 -12 
4 -1 29 
-32 -5 -1 
34 56 14 
56 -39 82 
4 30 -5 
-20 -7 2 
-123 87 -1 
-43 7 -1 
25 -100 6 
-10 42 2 
33 96 -1 
-9 3 2 
-50 -41 55 
13 24 -122 
40 -16 -6 
-30 -39 -63 
-36 -102 75 
1 -11 52 
-16 23 81 
-78 -2 63 
-125 11 -92 
2 -1 -115 
80 -1 -6 
2 4 -22 
-53 -16 117 
3 -38 66 
-1 -5 39 
-4 1 12 
-58 -21 -1 
5 1 15 
2 31 57 
148 1 -20 
34 13 -2 
3 -54 -28 
-3 6 -8 
1 40 -18 
-60 -2 34 
1 4 21 
3 10 69 
-2 -3 -24 
4 5 -7 
-1 7 -4 
-11 -62 1 
104 -27 44 
-3 1 -27 
-1 6 28 
29 -15 -46 
2 3 -9 
1 43 5 
6 -13 14 
2 19 3 
-9 2 42 
5 -2 -31 
-4 59 64 
-30 14 67 
-121 60 16 
13 -14 -2 
32 16 13 
-4 2 -6 
1 15 2 
-27 6 100 
8 34 -1 
-5 62 -67 
-17 -4 -96 
4 -13 -7 
-52 5 1 
-11 2 -1 
-33 -1 143 
17 47 1 
-8 -116 -28 
-3 -1 -68 
17 -24 -4 
103 -31 6 
3 32 -5 
7 1 2 
4 1 -37 
1 87 -3 
6 27 10 
6 13 -85 
13 -1 -27 
24 -111 -3 
-17 11 2 
104 5 12 
1 -92 117 
71 2 4 
19 -2 1 
9 -47 48 
5 -118 9 
-2 19 1 
1 20 -4 
-100 6 -30 
-20 126 -131 
-3 -81 45 
-58 -113 -1 
-57 -20 5 
-2 -20 56 
-2 -65 6 
-1 12 4 
-6 1 70 
13 -18 1 
-6 28 8 
11 2 1 
1 -78 143 
15 1 6 
-27 38 1 
1 -5 11 
-31 1 -6 
-18 7 -83 
-46 -1 30 
-2 28 -6 
1 -7 12 
-35 -12 1 
-140 3 -10 
-4 27 -17 
5 24 3 
-1 6 5 
-3 -1 -19 
4 -1 19 
-1 55 37 
-2 -15 -3 
7 -33 1 
-1 -73 14 
76 -1 -2 
10 3 -1 
3 108 -79 
1 -5 76 
59 -14 26 
7 -2 79 
-27 93 14 
-11 -20 2 
87 101 -1 
-140 -2 5 
2 -81 1 
3 -53 -67 
-20 105 -3 
-2 22 -8 
4 -3 -2 
17 -130 -29 
1 -73 75 
83 -4 -3 
12 1 53 
-114 -5 12 
3 -6 1 
-93 9 -2 
-96 -6 2 
19 -1 58 
-65 1 -14 
-1 124 6 
-21 -58 -52 
-1 21 49 
-102 -81 30 
6 7 75 
7 1 4 
-2 -1 -32 
-5 1 -13 
2 135 -5 
1 79 -33 
8 -2 5 
-1 -4 -3 
1 -13 10 
-6 1 -4 
-13 16 5 
9 -30 -12 
5 19 -30 
1 -31 -2 
-14 56 22 
-2 8 -4 
-3 119 5 
-1 -11 8 
2 -1 -6 
-28 1 2 
-61 5 4 
38 2 115 
77 -9 -10 
31 -94 28 
-143 1 -2 
14 -2 -55 
1 3 -81 
-76 28 -67 
-1 8 -36 
-77 -1 5 
-6 -1 -13 
4 -54 -50 
-6 43 -3 
35 -102 8 
3 1 91 
7 1 108 
137 4 -9 
1 -12 -69 
40 149 -65 
-8 1 42 
-125 -148 -13 
64 -35 -48 
2 -104 -53 
43 4 48 
44 7 -113 
8 -11 45 
-16 7 -72 
-6 -3 29 
-4 45 -2 
10 7 19 
-1 42 124 
1 10 -46 
-1 -2 9 
1 3 -16 
-25 1 -119 
40 9 -19 
-16 5 1 
115 -25 -117 
149 -45 -4 
29 -2 104 
-10 -114 -1 
1 -14 4 
15 148 2 
-5 10 15 
-92 -15 -7 
-11 47 6 
2 -53 -13 
-13 -7 -2 
-1 -27 5 
3 -34 -5 
-1 5 4 
6 -28 -13 
16 39 1 
-94 11 78 
-29 107 -22 
1 28 71 
11 -16 -13 
5 -32 2 
8 85 1 
41 1 -3 
-1 -109 41 
-86 -10 5 
-79 38 -1 
1 5 -3 
12 -2 9 
1 -34 -8 
2 -34 1 
3 14 54 
2 -104 -1 
22 -101 -58 
49 21 2 
1 -2 14 
-8 51 -1 
-9 5 99 
-22 -7 -13 
6 136 73 
28 -4 -2 
-86 115 -1 
12 -53 39 
-55 -74 -148 
-2 -13 -52 
-2 24 4 
-102 -4 -57 
-106 2 -71 
-4 32 -48 
-1 2 -9 
-1 122 -25 
-12 -35 1 
-7 2 43 
-61 -101 14 
-2 -94 -29 
-10 -29 26 
1 4 10 
1 -21 48 
-1 6 -2 
4 -10 -1 
14 6 -87 
1 20 149 
7 -1 -2 
54 -6 1 
1 6 3 
2 -141 -7 
1 30 -3 
39 30 -52 
1 140 8 
-1 11 -146 
-1 11 -64 
-105 -7 27 
20 1 27 
-32 -6 -108 
-1 -49 -3 
-37 58 -2 
23 6 -36 
145 -40 -70 
10 -102 -6 
-5 1 112 
-75 14 50 
-1 2 144 
-1 -83 5 
-2 1 17 
97 4 -118 
-29 3 -43 
147 -1 -2 
2 11 18 
4 -23 2 
-2 89 -75 
-35 12 -61 
3 2 25 
40 42 37 
32 1 86 
-38 -3 45 
3 2 15 
1 -33 15 
-9 62 -1 
-1 2 -23 
-58 15 22 
-6 63 5 
-70 -92 -37 
-3 14 52 
-28 -1 -77 
4 -3 9 
-64 -2 1 
1 -121 -12 
-1 -66 42 
28 -15 5 
-71 -18 -8 
-11 24 1 
4 6 13 
12 -23 -3 
-1 -2 80 
12 9 -1 
31 78 -92 
2 -1 32 
61 -7 -5 
-136 149 1 
18 7 1 
3 101 -2 
-2 1 -38 
3 10 -2 
-2 -13 -1 
111 -2 -62 
9 -10 -92 
-3 -1 70 
49 -26 -3 
-50 80 17 
-138 4 1 
-4 12 -1 
5 15 -12 
-2 7 -14 
14 -62 5 
-22 2 76 
11 6 56 
-5 -38 -1 
70 37 1 
56 -1 124 
10 -128 3 
-85 -4 -3 
75 -6 -150 
-3 -1 17 
-1 -5 6 
30 1 7 
14 -1 -131 
33 1 -25 
100 -1 -21 
-5 -20 7 
1 2 -15 
-1 -4 -46 
7 1 -25 
-2 -4 6 
12 -2 114 
