1 -5 -63 
-1 -8 -20 
4 -64 -3 
1 -14 10 
10 -2 18 
1 -38 -86 
-1 114 19 
1 32 -17 
-5 2 53 
12 2 -7 
-29 42 -3 
1 18 3 
9 -1 -2 
3 2 11 
1 -3 76 
-18 -37 -7 
-50 -27 71 
-1 -5 11 
-6 107 -49 
148 -1 -150 
-1 -8 3 
1 25 91 
-3 45 -1 
-15 -119 2 
-9 -13 1 
-78 -23 1 
113 4 5 
-1 5 -100 
-40 14 -42 
3 -1 4 
47 -15 12 
6 -41 -23 
37 40 -84 
40 -1 -59 
148 -8 -103 
14 33 -27 
2 -1 -114 
-8 38 2 
2 -58 -39 
11 14 10 
30 -1 -2 
-14 -1 -2 
-1 -53 -14 
13 1 125 
3 -2 1 
-3 12 2 
15 6 -1 
-3 51 6 
-37 6 1 
-106 1 18 
36 -7 1 
18 1 -10 
-52 3 15 
-4 -1 -9 
-39 114 -2 
-1 27 -113 
-49 -1 16 
-90 -26 2 
-51 102 -11 
-2 38 4 
-7 96 17 
2 89 6 
-20 3 16 
5 1 3 
50 1 10 
-1 6 -5 
6 2 -77 
-13 -130 26 
-15 1 38 
1 14 -4 
86 -3 -8 
-1 -46 -130 
-45 -3 12 
-83 12 46 
116 -6 -70 
-52 15 -12 
3 117 -2 
1 4 -2 
26 5 2 
-5 -2 47 
-107 -1 30 
-3 -69 67 
-11 3 -6 
1 6 3 
-97 7 -25 
44 89 -1 
1 5 -21 
13 -1 47 
2 -3 1 
-1 4 -19 
-2 -24 48 
145 11 -7 
51 -27 -62 
-1 -5 -46 
21 -7 77 
1 -14 -4 
-18 -143 -126 
15 9 -2 
87 -6 20 
-12 35 -1 
-1 112 -9 
-34 150 2 
6 -22 -1 
-18 89 -69 
-5 41 -91 
1 -140 37 
-55 -3 2 
-31 1 -3 
-9 53 -64 
16 -1 -14 
-5 -146 43 
-136 8 1 
89 -10 -1 
1 4 17 
148 7 -132 
-116 -2 -1 
40 -1 -2 
-13 -2 -19 
9 -91 97 
10 62 31 
-4 -14 55 
-14 -5 -2 
-80 63 20 
21 10 80 
1 10 15 
94 -1 4 
-8 135 -9 
-3 27 -42 
-7 -3 -1 
-39 145 2 
51 8 13 
6 -56 18 
21 53 3 
-15 -7 -3 
-51 -4 1 
20 38 73 
24 -38 -93 
-37 -18 6 
-5 10 7 
-6 7 33 
24 27 -2 
16 -30 -1 
-1 45 47 
37 -3 34 
1 38 78 
-2 -1 -88 
-5 -2 -7 
-3 -5 2 
32 -9 2 
60 -18 -29 
-34 1 -2 
-1 132 5 
84 -11 -2 
39 54 -70 
-16 -28 29 
-44 -6 -37 
2 -33 11 
-101 -13 21 
83 -1 -46 
-15 -1 7 
-3 -114 -7 
1 13 -4 
-14 96 -2 
31 133 -1 
-91 12 2 
5 1 53 
36 -9 22 
-1 13 3 
12 45 -1 
-13 -113 -29 
69 -56 6 
2 17 -1 
-2 -88 -19 
-1 -6 4 
1 73 9 
-10 -1 2 
-90 1 -2 
10 -43 7 
17 -1 11 
-30 3 69 
-4 -1 -58 
63 24 -17 
-1 26 8 
-5 -21 13 
-6 1 19 
-19 -1 -140 
-8 21 65 
-9 99 -1 
-2 -38 18 
-84 9 5 
24 -1 -5 
128 13 64 
11 1 -6 
-40 -11 -1 
29 -2 11 
-1 -21 14 
2 -135 -21 
-4 -1 5 
-81 2 92 
16 4 -20 
5 1 4 
-4 1 -17 
-1 -3 -22 
-8 -7 1 
12 -38 24 
126 -3 -1 
5 10 145 
3 35 2 
-14 -45 74 
-119 95 37 
-32 -3 29 
15 1 -6 
40 41 -17 
8 68 9 
67 1 2 
40 -13 -1 
18 -73 -1 
132 130 1 
-41 -4 1 
-10 -1 -11 
-6 57 -26 
-1 -4 -115 
-4 27 -2 
9 -28 1 
19 1 7 
-2 -1 70 
3 56 -1 
-4 1 11 
1 -47 11 
21 1 6 
6 10 2 
-18 -9 -5 
-2 16 15 
-1 -8 16 
15 2 -46 
14 11 115 
-15 93 -56 
18 -2 79 
16 -27 1 
3 -2 32 
-33 54 3 
-3 2 7 
-72 4 2 
10 -18 144 
-21 1 6 
-2 -11 -1 
-44 -21 1 
-6 -119 -2 
-3 -26 2 
-7 -38 -8 
-15 -1 128 
-7 -3 29 
-102 -3 -81 
-64 65 1 
4 -15 -77 
19 -2 102 
4 -49 144 
2 -7 6 
-9 3 -91 
101 3 -74 
-1 -81 56 
52 1 -79 
25 -2 125 
130 3 -81 
4 -9 -1 
-71 7 2 
84 44 8 
60 27 -2 
-5 31 1 
5 -1 -79 
-52 3 136 
-1 -2 -13 
135 4 -3 
17 135 25 
1 2 -32 
93 -5 12 
-40 -72 6 
-1 2 6 
5 35 1 
43 12 10 
11 -16 149 
-128 12 13 
-16 -9 3 
-17 -49 2 
13 -67 -3 
-116 3 5 
2 -1 9 
-51 -1 10 
34 -5 1 
8 1 32 
-112 -139 -10 
-37 12 -102 
2 -7 9 
1 -4 23 
-11 3 -120 
-1 -99 3 
-90 -11 1 
11 24 -25 
-16 14 35 
26 1 -7 
73 2 1 
2 47 -1 
20 15 -2 
12 4 -146 
19 -149 3 
48 1 101 
-92 -48 7 
1 2 62 
103 4 -9 
-11 30 12 
-96 92 -59 
6 -103 39 
-26 79 -6 
1 10 131 
-29 115 80 
5 14 17 
-11 -87 -104 
-20 6 66 
4 -8 1 
2 -27 -6 
-1 -2 82 
-2 -8 10 
9 -2 -20 
-1 -89 -3 
-79 8 -15 
-27 -77 -4 
-1 5 90 
-4 119 -104 
128 -7 82 
-19 -4 1 
2 106 -59 
1 -24 2 
3 15 -8 
1 23 -94 
6 -63 1 
-123 132 126 
-33 2 3 
9 1 -2 
105 5 12 
142 26 1 
55 18 -1 
-9 -3 19 
109 36 58 
-28 -73 -21 
-25 -13 82 
79 27 -2 
1 -10 4 
24 -19 7 
-1 83 90 
12 84 2 
44 4 -3 
-117 -1 18 
-33 -25 -3 
-103 1 6 
-58 1 3 
-3 -12 59 
41 27 -8 
26 1 2 
-3 -75 -21 
1 23 -31 
-82 49 136 
7 2 -42 
47 -112 86 
-125 -5 -3 
67 -3 4 
-1 2 -33 
2 16 -98 
-2 -57 -19 
61 16 3 
-4 18 -109 
-77 -23 132 
-7 -19 -1 
-27 -44 18 
-15 19 -1 
-14 107 1 
2 145 -1 
-69 -1 -2 
3 -5 -6 
-2 3 4 
-1 -64 -92 
37 -1 60 
-15 -2 -18 
1 -2 8 
1 -65 14 
-2 -75 14 
11 1 -6 
-86 -4 2 
3 -32 19 
-22 -4 1 
5 -30 21 
6 -133 70 
-30 -1 -31 
-1 -2 -5 
-1 -21 -2 
5 11 7 
1 98 -5 
-18 3 -1 
-13 113 -2 
51 -1 -5 
25 2 -8 
-6 2 1 
41 -12 23 
1 -5 9 
2 -22 74 
-1 -22 9 
-5 -18 -7 
1 -41 -20 
-111 -97 -127 
-90 -64 -37 
149 29 1 
64 -33 -14 
16 -11 8 
-6 -3 -52 
-104 -7 -3 
-7 -11 -1 
-2 3 82 
1 75 -89 
-21 56 6 
1 -55 -4 
-42 -123 62 
11 1 24 
-10 67 5 
-1 -2 6 
-54 -1 -123 
2 -1 3 
7 10 -48 
65 4 -18 
10 -1 12 
-14 -8 -1 
-4 -3 84 
-2 -113 6 
1 -90 -36 
-14 -15 -2 
-11 122 -69 
-3 -4 41 
-135 11 1 
25 -58 35 
-3 98 56 
-4 138 -6 
-2 -3 1 
-34 -10 16 
-3 -2 90 
-3 -1 -6 
29 5 -11 
14 66 -4 
-3 -6 28 
-1 -22 23 
1 -101 -6 
-2 -22 -1 
4 -2 20 
1 -9 3 
24 -2 -19 
32 -6 -2 
-19 142 4 
50 3 26 
-68 -1 99 
-3 2 -19 
90 -121 13 
28 127 5 
-4 2 -142 
22 -1 15 
-76 -5 -1 
-21 1 7 
12 -1 -120 
144 8 -53 
-1 5 24 
16 -6 3 
5 -1 2 
2 29 106 
-12 -7 -6 
17 -1 -3 
7 -36 -5 
-14 -4 2 
-66 -23 4 
-2 -6 -43 
-2 5 -55 
-51 -1 -118 
-2 73 39 
1 21 14 
-21 -7 -54 
3 -10 1 
-1 98 -55 
38 -36 10 
102 -68 -39 
3 -29 1 
11 -82 -1 
18 -6 14 
1 -38 -15 
1 5 77 
67 -110 -68 
-11 -1 6 
6 68 1 
3 -36 -2 
-1 -5 3 
-23 17 1 
98 53 -14 
20 18 2 
-89 5 -65 
-2 1 58 
52 -2 -128 
35 3 63 
-4 5 -79 
-24 27 -1 
-3 -8 -5 
-5 4 -79 
89 148 3 
2 7 14 
-2 17 -1 
-18 -3 20 
-2 69 -7 
-66 -10 3 
-99 24 -69 
-2 3 48 
-51 1 -5 
-14 -1 87 
-30 -89 34 
1 -122 -61 
2 1 -4 
-1 -32 2 
-17 -19 5 
2 -1 3 
8 -51 33 
-14 2 106 
-18 -36 1 
-20 -24 21 
