72 4 -6 
-52 1 31 
18 33 5 
1 -148 -50 
111 -2 3 
1 -48 -7 
4 -27 34 
-59 25 1 
-93 -30 38 
14 -29 -1 
-27 10 -2 
-1 99 17 
3 -2 -79 
95 18 19 
-1 -36 2 
-4 3 -31 
17 56 2 
5 -7 4 
17 113 -107 
-22 7 117 
7 17 -20 
-6 -2 -7 
1 2 5 
1 30 3 
-14 -3 61 
1 -16 -3 
2 -123 -120 
6 -79 1 
2 -100 147 
-12 39 -7 
-26 -19 -1 
-138 37 -1 
6 -1 -19 
-27 -26 -7 
15 122 -35 
-18 4 28 
-2 -134 21 
-8 17 -143 
2 -4 24 
2 37 -3 
5 -128 -54 
1 -61 -68 
-1 -11 -30 
-64 -5 1 
-1 6 -14 
-2 8 3 
-35 3 41 
-126 -142 77 
1 -33 -3 
59 -25 2 
4 -47 13 
71 -9 -3 
6 -1 -62 
-117 1 -11 
-3 -27 -88 
-1 -12 8 
-3 11 -72 
4 -111 42 
93 -1 -3 
-90 1 6 
-33 -13 10 
42 11 1 
-6 -57 1 
-71 1 3 
15 -2 -76 
1 7 -18 
-113 1 13 
-2 -4 1 
-25 2 -3 
9 -2 4 
1 -3 2 
2 25 14 
2 -134 1 
1 6 -18 
142 -113 1 
2 -1 -42 
1 2 12 
2 -71 -1 
-1 -18 8 
10 1 8 
-37 -8 3 
4 -32 -5 
-1 47 43 
-8 124 2 
-44 3 1 
18 -28 -70 
-86 -3 6 
72 -51 -4 
-92 15 -100 
-5 9 18 
-3 4 5 
-2 10 -9 
-2 -25 4 
-14 1 -83 
7 80 4 
-3 104 14 
52 28 65 
-1 -3 -39 
-38 3 87 
1 -28 3 
-140 -28 7 
-4 -8 -1 
25 -113 -1 
-4 -39 31 
5 7 61 
-1 -86 26 
-150 6 -22 
30 10 -4 
1 -2 3 
104 -1 -48 
-1 -143 3 
11 -10 5 
-9 14 -1 
25 8 -2 
7 10 1 
-21 59 35 
1 2 9 
10 -1 -2 
2 -1 -7 
59 7 42 
-48 -1 -4 
54 6 -148 
39 -34 -24 
11 29 -132 
-1 -16 11 
4 145 3 
-113 16 33 
-38 -34 -1 
1 -16 -127 
-1 71 -8 
-5 -10 -14 
-9 7 -1 
121 9 2 
-127 3 -1 
1 -3 -2 
-6 -101 10 
-15 -9 -16 
2 5 -26 
13 1 30 
12 2 -9 
2 5 -103 
4 16 -22 
3 -5 2 
-1 43 33 
-7 35 8 
-117 -6 2 
2 -29 36 
40 1 12 
1 -2 -65 
1 -2 18 
3 19 -1 
-10 -3 8 
1 -38 26 
-10 11 1 
-26 -48 3 
86 1 6 
-68 9 111 
-49 -20 -10 
1 8 -11 
2 -8 1 
-5 19 7 
-6 -10 83 
9 -68 12 
-11 -17 -41 
23 -25 -2 
10 -2 45 
27 42 -4 
32 -63 -21 
-10 38 -35 
13 -5 1 
-34 -2 6 
15 -140 -4 
1 -3 -55 
3 -21 -117 
1 89 -4 
-34 -13 7 
-4 97 9 
-145 6 2 
131 6 -1 
-44 -10 14 
4 -145 -117 
-2 -5 -59 
-125 -1 76 
25 14 2 
25 64 1 
61 34 -150 
1 6 4 
-2 5 1 
-2 123 51 
7 -10 29 
11 -5 -1 
50 7 -1 
-10 -1 13 
-94 5 -44 
-14 -1 10 
-17 3 63 
73 -1 -3 
60 2 10 
-3 -1 -14 
-7 9 -59 
-1 -3 -84 
-2 -3 -32 
58 -38 7 
-3 7 71 
12 -3 -18 
-12 53 3 
-31 1 4 
12 22 -43 
-64 1 3 
116 1 -11 
1 -31 80 
3 -2 -20 
-7 10 6 
-1 15 127 
-32 9 -1 
-1 106 6 
-14 -11 -2 
-1 -49 -2 
-37 1 70 
8 -2 -23 
20 2 -8 
-82 -1 4 
18 -8 119 
33 -8 -16 
-18 -1 29 
-3 -1 2 
6 -11 38 
73 -16 2 
-1 -100 2 
1 -58 -18 
3 -90 70 
-52 -12 -90 
-138 10 -41 
3 -5 4 
-40 -74 -108 
1 -4 6 
79 -1 44 
1 87 -18 
2 -22 -13 
46 -1 2 
48 2 22 
17 -37 109 
-10 -2 17 
-16 4 -21 
3 104 1 
-12 8 3 
80 -1 6 
-2 -16 -1 
7 -10 11 
18 43 6 
21 -8 -19 
-25 -61 2 
121 3 -1 
20 32 5 
11 -7 -1 
-21 -1 -2 
-10 16 -1 
-35 -6 10 
-15 -2 68 
41 5 47 
-1 31 -4 
46 1 2 
-8 -35 140 
10 -45 -107 
11 29 -20 
1 -72 137 
58 -100 1 
-78 12 -46 
-3 23 5 
13 -9 2 
57 100 -6 
-19 138 1 
-2 7 8 
1 3 7 
6 3 53 
-53 51 78 
4 -18 -3 
26 2 -1 
6 23 1 
-116 1 -141 
2 64 42 
-4 6 -1 
7 -139 -1 
15 2 -85 
48 1 6 
-120 -9 1 
2 -61 3 
18 -6 -1 
2 3 -70 
13 -1 3 
7 3 1 
2 1 7 
-20 -2 111 
25 78 5 
-110 -26 1 
-5 118 86 
44 -56 -2 
-149 31 -10 
33 1 -6 
51 -6 -1 
6 -75 -48 
34 101 -2 
102 1 28 
-2 -94 -5 
-5 -84 63 
-1 -3 21 
4 -27 19 
54 9 6 
18 2 -146 
6 107 4 
116 2 8 
-8 -76 1 
-4 1 -112 
-1 -17 22 
62 8 -38 
-8 -70 -1 
-29 3 -11 
13 -15 98 
-19 57 1 
-2 -24 4 
9 -6 2 
-2 69 12 
5 1 21 
-1 2 -30 
2 -1 33 
-65 34 -1 
-8 -1 -31 
89 2 3 
110 -1 -102 
-30 -140 1 
8 1 -7 
2 8 20 
-1 -11 9 
-11 1 -21 
-38 4 3 
-2 1 31 
-4 41 15 
-1 -3 4 
1 56 -4 
-7 -6 1 
1 2 10 
-21 42 -27 
-67 1 38 
82 -2 1 
-1 -123 24 
28 2 1 
-20 -12 35 
58 7 25 
-4 43 7 
-59 2 1 
-3 1 -43 
69 136 -8 
-4 21 1 
-1 106 -45 
2 1 4 
10 3 45 
-142 1 4 
-12 2 1 
-25 2 -4 
-2 1 19 
4 11 1 
1 -10 -49 
-53 -86 21 
64 -123 -2 
15 60 -8 
5 -113 2 
95 72 -4 
-4 1 26 
2 3 118 
50 -9 -77 
-109 120 1 
20 -1 46 
56 28 -1 
-1 -40 -127 
-40 6 1 
1 65 67 
4 -60 2 
60 -1 -27 
-61 -1 -2 
132 -142 1 
-72 21 57 
1 -9 -14 
5 3 32 
137 1 32 
59 -12 -116 
2 -30 -33 
-100 11 -7 
-12 -118 -13 
-9 13 -106 
21 -57 86 
-26 -108 -4 
13 -2 3 
-102 -142 138 
3 7 -60 
-89 -2 -5 
-9 1 41 
-8 -69 2 
2 22 -55 
83 9 1 
-1 21 115 
-116 1 -6 
-118 36 -6 
6 35 -29 
-1 123 -6 
104 -4 14 
6 -47 -3 
-1 -53 2 
-3 -28 -11 
-18 -2 -3 
35 8 -6 
21 -13 -2 
1 -5 3 
99 -11 -1 
20 -1 -46 
-24 9 -26 
-43 -26 1 
-114 -2 -48 
24 2 -6 
-33 -18 65 
-8 -63 1 
2 49 -1 
-5 -1 -15 
-14 -50 -49 
17 2 -1 
5 -1 -3 
-3 -115 -20 
-1 -9 -4 
80 2 -7 
-55 2 -50 
-13 -45 27 
14 6 -2 
-2 -101 104 
126 -3 1 
6 -12 1 
81 6 -3 
-3 -2 -22 
1 2 -19 
-2 144 -29 
-1 6 28 
29 -140 13 
-109 14 -136 
-72 -34 1 
3 5 4 
-9 -118 6 
-1 2 14 
-2 128 -47 
-2 3 -59 
-27 -45 133 
-25 18 14 
2 4 -45 
34 2 148 
76 8 3 
24 -2 27 
-42 3 -4 
1 -6 -5 
-1 11 -3 
-42 -3 -122 
-3 24 -25 
-97 6 -2 
-1 10 -32 
13 -26 21 
-130 -1 9 
-7 8 -4 
1 4 -20 
11 59 -1 
3 1 52 
13 -7 1 
7 26 95 
-135 -46 1 
-69 16 -83 
-52 -3 -6 
92 -1 6 
127 -15 1 
12 -21 4 
-5 4 9 
1 -39 -2 
9 -1 43 
-5 -3 13 
1 -9 -43 
-5 1 -20 
2 45 8 
-18 138 -5 
5 -80 31 
-4 16 -2 
1 -50 -6 
-9 -6 -135 
6 -2 -73 
38 16 -19 
-34 1 -2 
1 -9 61 
-4 5 -1 
10 -2 8 
-1 5 101 
-4 -3 1 
-6 -62 -5 
1 8 7 
4 -48 -5 
47 -3 2 
-16 -67 1 
4 93 -1 
1 62 77 
-5 -117 -8 
-54 52 2 
-49 3 -19 
109 139 2 
4 -9 -1 
10 1 -23 
3 -1 106 
-6 14 -21 
1 2 -5 
4 1 -110 
-6 12 3 
-1 -17 4 
25 -9 -1 
2 150 -1 
-132 -2 8 
2 -149 -25 
1 -62 23 
-1 -4 74 
-2 7 148 
1 -11 10 
-1 2 23 
-63 -97 -5 
19 94 -2 
3 22 -1 
