-6 -1 23 
-15 -16 -64 
21 3 123 
1 -21 -59 
-44 32 -1 
2 110 7 
-39 -6 -2 
8 11 -5 
-1 -134 -49 
7 1 -18 
1 61 -129 
8 -1 -35 
101 -1 31 
3 -95 27 
-2 -15 1 
-6 2 -4 
-1 -20 22 
7 -1 8 
1 -14 -34 
-71 10 -97 
1 -3 19 
22 -44 -4 
6 -14 84 
-14 -124 -32 
1 -31 3 
1 -53 25 
37 -1 -4 
-62 72 -10 
-11 21 -18 
-1 71 -14 
14 -127 6 
1 -6 -2 
-29 1 30 
-1 -28 6 
-2 25 -64 
14 -144 17 
-25 1 9 
17 -1 9 
2 -14 -9 
2 -3 -21 
143 -7 2 
70 -33 -12 
37 10 4 
1 -7 4 
28 -18 1 
-71 1 -4 
-36 -7 -17 
3 -1 13 
1 34 -122 
-24 138 15 
10 -133 -17 
112 77 2 
-79 -116 8 
-8 -2 -33 
59 -1 -3 
24 1 -29 
13 -2 9 
32 -41 1 
7 -2 -70 
3 15 -2 
135 70 4 
1 -3 10 
-6 -13 5 
121 -76 108 
138 -9 3 
-1 3 24 
-43 -1 -116 
89 -4 1 
-18 -130 -1 
-9 75 -63 
-11 27 -6 
14 -1 -6 
31 -20 41 
31 -1 -78 
1 78 49 
90 -1 19 
-2 1 -28 
-64 2 -1 
5 -6 -28 
-48 2 15 
13 115 -70 
-1 -25 11 
3 1 -7 
-5 -1 -88 
-19 -10 -9 
59 -9 4 
113 -6 33 
18 -5 6 
-3 35 4 
-14 -1 -9 
1 7 2 
-4 -1 7 
1 10 -2 
-11 -1 2 
45 1 -23 
-53 5 -88 
4 -70 -87 
121 -126 134 
1 7 17 
-15 -2 -12 
2 5 -33 
72 4 -28 
3 84 37 
-1 2 -9 
1 28 -16 
-4 9 -2 
3 5 -80 
19 5 3 
-2 -9 3 
12 -10 -51 
-53 21 47 
-2 11 -80 
4 135 -18 
-25 3 1 
11 30 -25 
-3 5 -13 
-7 10 -35 
126 1 3 
24 -5 21 
129 -122 -23 
-1 6 -18 
2 -85 -31 
-2 6 1 
17 -5 2 
-6 7 15 
97 -1 -58 
132 -118 -28 
-1 -7 4 
-1 -5 13 
-1 22 5 
-1 -4 2 
138 -32 -24 
1 16 -90 
-3 -1 -8 
-6 23 -56 
1 -2 -73 
108 105 82 
-1 -9 -5 
5 40 22 
-1 -30 5 
-119 -3 -15 
8 -135 1 
1 -7 5 
-24 11 -59 
-1 -84 -8 
5 -30 35 
-119 -4 64 
-140 14 9 
2 9 10 
-3 -1 10 
4 5 -23 
-11 -5 -1 
-37 1 -26 
-67 -1 42 
85 2 -6 
-11 -29 1 
62 19 1 
-4 6 100 
-1 -82 -11 
24 8 1 
54 131 -3 
-11 1 -3 
4 -1 3 
-21 -7 -14 
-111 -5 125 
-26 -2 -42 
31 4 -3 
1 -17 5 
-6 -10 -32 
98 8 9 
-1 -13 3 
9 4 -11 
-3 -13 1 
-8 1 -2 
-34 -148 -7 
-1 135 5 
5 48 24 
95 106 1 
-13 -3 39 
-106 -19 -4 
-94 1 -3 
-28 2 14 
-52 -7 2 
-71 40 -6 
-7 -85 5 
18 -1 -2 
16 50 -4 
1 2 103 
17 -36 -25 
-14 5 4 
5 29 -30 
-1 12 78 
-79 -8 -1 
1 67 -53 
1 -3 7 
35 1 -96 
1 -39 -3 
130 82 -2 
-34 127 -10 
-46 11 -58 
-35 -88 4 
-145 -53 70 
-5 -33 -29 
-2 10 -16 
-2 45 7 
-1 -8 -3 
12 34 1 
111 10 1 
-1 33 -3 
65 -35 -1 
-15 -9 -18 
-15 -1 -32 
2 -1 8 
-2 6 3 
116 11 -3 
102 -1 -2 
-1 -6 -149 
1 -124 7 
-2 -44 24 
-15 -9 -19 
-107 -15 1 
99 11 -46 
-6 9 -8 
-38 1 -39 
-1 -6 11 
2 -101 -31 
-10 1 -124 
1 8 -25 
2 7 11 
27 5 131 
33 -5 9 
125 24 1 
20 1 2 
-11 19 3 
1 -46 -26 
-66 -2 19 
1 -21 -49 
2 5 7 
-29 17 -4 
2 3 30 
79 1 -7 
2 1 -20 
101 1 138 
-4 16 -40 
-2 33 5 
1 89 -3 
12 3 -1 
1 -113 10 
-1 -22 -26 
1 -23 -2 
-53 41 -30 
-7 8 -21 
1 32 41 
-50 -4 -5 
11 -101 -2 
-12 70 -3 
44 -14 -7 
95 28 -6 
-1 -71 -10 
101 -3 92 
-46 -57 1 
-37 1 83 
3 1 -109 
-98 -9 -15 
-44 -4 -2 
50 5 24 
16 22 -7 
54 -21 1 
-1 -15 62 
-87 1 45 
-29 -5 -16 
-1 -3 -23 
-34 94 -2 
-1 85 -13 
-6 5 -1 
-20 80 87 
10 -144 5 
2 -46 -8 
-19 1 17 
-51 -3 -10 
-117 -1 -6 
7 148 134 
-42 -1 28 
1 -2 -37 
2 -7 13 
24 -85 3 
3 1 -25 
146 -4 1 
73 71 -22 
30 -20 -1 
-10 1 -26 
-1 3 13 
1 -147 2 
112 4 1 
2 4 8 
-2 78 -47 
-1 -49 2 
-143 -15 -1 
2 -23 -15 
23 -5 -11 
-1 -12 -6 
1 -6 -9 
37 -2 -94 
32 26 -1 
28 -4 -16 
15 3 1 
5 134 50 
-4 1 67 
-35 -45 -41 
5 -1 -2 
-3 80 4 
-1 69 -3 
-3 87 -18 
-10 -1 123 
9 42 -29 
3 -90 -33 
-39 149 30 
-7 105 2 
-21 42 -1 
-5 19 3 
150 -2 109 
-4 1 143 
-14 -1 7 
-137 -39 -1 
1 -7 2 
-123 -8 5 
15 -85 -5 
-24 -22 -2 
9 1 -49 
-10 8 58 
47 -14 -77 
106 -3 -87 
-82 41 21 
-2 -37 -1 
10 -17 -113 
-7 -70 1 
9 21 2 
-7 -62 -134 
-7 3 -31 
77 9 -42 
97 -13 38 
-1 102 9 
-55 15 19 
65 -25 -64 
-96 2 -26 
-5 1 6 
-56 -89 8 
42 9 -15 
13 -10 3 
-2 -70 -9 
17 2 -4 
-75 -137 118 
-133 -17 -131 
2 -36 -3 
16 4 2 
12 7 -2 
-2 3 21 
-9 1 8 
-65 -1 -5 
-111 2 -65 
1 3 -106 
-1 39 -24 
-7 51 -5 
8 5 1 
-140 54 15 
10 7 121 
-1 -5 -58 
34 37 23 
-116 50 1 
-13 -25 -6 
-1 -16 20 
1 -114 3 
-5 -6 -3 
-9 -15 1 
-41 6 1 
16 -63 -6 
12 1 -59 
21 -2 3 
2 -107 -3 
-13 -9 86 
17 1 -2 
2 -17 49 
-14 -1 -85 
-1 -2 13 
3 1 -8 
12 -4 -41 
-6 1 67 
-1 4 119 
62 77 19 
-41 2 -1 
53 -13 112 
-28 3 -2 
106 8 -22 
51 23 -2 
8 3 1 
-23 18 -28 
-1 5 10 
2 -10 -112 
-1 103 -2 
-38 1 2 
-3 17 -80 
47 -1 -53 
1 53 -31 
-7 2 6 
71 26 -73 
-52 9 43 
-1 -5 -2 
-4 -15 -26 
29 -2 80 
65 -10 -1 
-2 17 9 
-1 11 149 
-1 7 123 
39 -1 5 
20 -1 -39 
16 1 64 
-1 -14 42 
1 3 -7 
33 1 -11 
-1 2 -32 
11 30 -137 
-4 -30 -15 
57 109 1 
-14 -15 1 
-13 86 -24 
1 9 -4 
-2 -1 -66 
5 12 -6 
-1 -117 32 
62 -1 -4 
-4 -1 43 
8 -41 1 
-30 99 5 
10 100 3 
2 9 3 
-25 -8 -135 
30 42 23 
-1 -3 104 
27 4 1 
10 -35 52 
-1 2 24 
-59 3 -1 
-15 67 60 
-2 110 10 
3 -15 5 
2 113 -4 
-31 17 15 
-42 -5 3 
-140 1 8 
-5 1 -117 
1 29 -4 
-20 -2 -1 
6 -1 4 
-30 6 -77 
-1 -15 2 
-11 9 -26 
-25 -7 -6 
-38 -2 -55 
4 2 10 
6 -4 30 
-29 -136 -1 
3 -65 1 
3 -8 14 
50 -2 47 
-5 -121 -55 
-14 -4 -17 
1 8 118 
12 -63 -19 
-3 -8 -94 
-6 1 2 
-11 -1 90 
8 -11 1 
5 119 -108 
-100 -1 -12 
20 12 93 
-1 -28 40 
-7 1 -2 
150 3 1 
-4 -14 -1 
1 3 -43 
-12 29 1 
-5 -26 15 
45 7 17 
-2 1 -115 
32 122 -31 
-9 -4 -3 
-4 -94 7 
-39 1 -15 
1 122 -4 
6 -66 -18 
6 -1 77 
30 1 2 
-3 2 -1 
56 -4 -51 
74 -20 1 
98 -7 49 
-29 1 -5 
-2 -135 107 
1 143 7 
-1 8 3 
-3 -64 14 
19 -1 -35 
-3 5 -13 
-118 -4 -9 
-6 2 -40 
143 56 1 
2 38 -99 
-1 80 -2 
-8 -1 -37 
-18 7 1 
1 33 -3 
-38 1 102 
11 1 15 
3 4 7 
40 8 1 
4 35 6 
-35 133 58 
-33 -17 1 
50 1 2 
-78 1 4 
-16 -2 -88 
2 28 4 
-2 1 106 
-55 21 -31 
36 1 53 
