-2 -7 3 
-2 101 1 
-6 -23 -30 
-31 -139 -2 
2 12 -106 
-10 4 8 
-41 -2 3 
-9 6 25 
3 13 124 
26 117 -116 
4 -1 -24 
-8 4 -3 
3 6 -22 
-12 -22 97 
-1 -5 -12 
1 -68 2 
-110 -33 -39 
49 -2 75 
-3 1 -8 
1 44 -2 
-5 -109 53 
-22 49 14 
-6 10 48 
2 -48 -62 
22 9 -53 
-25 -3 45 
-7 -8 61 
-48 -9 1 
74 69 -3 
1 -20 11 
144 -12 -58 
4 -28 10 
-21 -35 14 
-4 -1 -5 
2 -42 4 
1 4 3 
-138 -2 -91 
-7 1 -3 
-4 119 96 
-63 1 -51 
6 1 21 
2 3 1 
-45 13 -14 
-5 1 -3 
-2 -54 -25 
111 -35 24 
1 5 -7 
3 19 -139 
8 4 -57 
-16 1 -55 
3 -55 -5 
-1 -38 10 
-3 -12 -31 
106 28 -150 
-2 -1 -60 
4 1 -13 
19 4 33 
18 21 -2 
1 -11 -127 
1 -143 -113 
-20 1 5 
-1 -4 -75 
121 -3 102 
-2 19 -1 
-26 -10 3 
13 -1 68 
-124 -3 1 
1 -43 -4 
-1 -2 6 
61 37 -12 
-9 1 23 
34 1 -2 
10 1 3 
28 1 8 
-2 26 83 
-2 47 -6 
17 73 72 
-13 22 24 
51 -2 -77 
-5 -20 2 
31 -44 -3 
51 -1 -5 
-22 -4 97 
1 -20 7 
4 2 11 
-18 81 -9 
4 118 114 
-140 97 -1 
8 15 -30 
126 4 32 
-1 142 -8 
1 -58 -13 
9 -18 5 
94 -77 -7 
-28 -1 -4 
-2 -105 -9 
-6 -4 2 
-11 2 48 
-67 45 36 
1 -49 14 
-4 53 -15 
85 -70 -24 
1 33 -120 
-2 -4 -42 
-83 -65 91 
6 1 -29 
2 55 50 
-3 -17 1 
-135 4 18 
-93 8 1 
8 15 149 
-1 -102 -5 
142 -4 -19 
95 1 70 
10 -56 -4 
-4 70 145 
1 3 16 
-82 8 1 
2 128 -44 
-104 3 5 
-6 -23 5 
1 9 91 
101 43 35 
-34 11 -46 
-4 -5 1 
-1 2 6 
23 -5 131 
4 -7 -94 
-73 3 7 
1 4 -6 
-75 5 2 
2 -79 10 
-103 -1 4 
-1 72 4 
2 -29 138 
-15 16 -40 
1 19 55 
49 129 -51 
112 -26 -2 
18 -2 -3 
-81 21 -3 
-1 20 3 
-1 19 -66 
1 72 2 
-134 -4 -10 
1 19 65 
-37 -43 -93 
10 1 14 
-6 -22 3 
-1 19 126 
11 5 1 
-11 -7 3 
53 2 4 
-55 34 -45 
10 1 -5 
-51 5 -57 
78 -1 -44 
-2 -15 -79 
-6 -4 -24 
-11 9 -2 
55 2 -14 
25 -1 -64 
2 31 10 
-1 -4 5 
-3 1 7 
-31 7 -10 
78 -1 -2 
-25 -1 -60 
145 -50 -54 
61 -48 -138 
-5 -6 -83 
-14 1 33 
-6 -2 40 
-44 4 -2 
104 19 105 
3 1 33 
-4 2 -8 
-91 10 -40 
-1 7 2 
34 57 -74 
-8 95 1 
93 10 -13 
58 1 -4 
12 99 6 
12 -32 -98 
37 52 10 
-1 -112 3 
-2 31 68 
-4 -3 -2 
17 -11 -21 
-18 -16 57 
2 15 -26 
12 -117 2 
-2 -12 -50 
5 1 37 
6 -2 1 
-1 -5 -4 
-96 -1 2 
7 -2 -12 
-24 6 -7 
101 2 -20 
-3 9 23 
-9 -2 4 
-88 -1 -117 
-1 -126 -19 
3 -11 -55 
8 -2 -86 
3 130 9 
3 36 1 
-13 1 -3 
30 -3 2 
-2 -148 -6 
-13 47 -1 
50 42 69 
35 -44 3 
-10 -1 80 
93 -1 26 
6 -4 -12 
8 4 -5 
-69 -72 16 
-41 1 94 
8 -2 -1 
-1 11 9 
-3 28 1 
2 6 -1 
26 -16 -3 
-1 9 -129 
1 -18 3 
2 -5 -105 
-1 -24 -3 
82 -4 20 
-4 9 -8 
-2 -16 -17 
-2 39 1 
-4 144 12 
-6 -128 15 
58 -74 16 
13 -7 -6 
-21 1 -38 
-57 42 7 
-2 -118 1 
-1 9 -2 
3 2 22 
31 -1 6 
-10 -20 -105 
-36 1 44 
27 -6 3 
-62 -20 -2 
-78 1 -18 
1 51 14 
1 47 -3 
54 -34 23 
1 3 23 
1 27 11 
-13 -87 6 
-19 -3 1 
-1 -28 83 
14 -1 2 
-13 1 -2 
107 1 7 
-47 1 18 
43 -44 52 
-5 2 -145 
-11 39 -18 
1 -4 -28 
-7 17 -1 
12 5 -23 
-2 69 -94 
-5 24 -32 
14 -25 -64 
-72 1 -38 
1 5 -2 
6 -110 -29 
-2 -1 121 
2 74 4 
1 -25 149 
-148 -10 -90 
-20 1 9 
4 -1 -14 
1 -2 -34 
-4 -5 -96 
2 -17 -16 
-5 125 -8 
14 1 -2 
3 -52 -12 
27 -1 -120 
-29 -92 8 
39 -7 -10 
40 -62 2 
2 -13 -114 
2 1 23 
61 -1 11 
-25 -7 28 
-39 -33 67 
-12 -70 -42 
1 -146 -3 
86 -7 10 
2 18 -1 
-3 1 2 
-6 -12 13 
11 -2 1 
3 9 -1 
11 -2 100 
5 -1 -6 
1 -26 -53 
5 -30 -1 
97 -1 60 
-1 -140 -4 
13 -4 12 
23 -4 1 
143 -81 -24 
-4 -43 -56 
-2 -117 47 
-36 17 -1 
25 1 -45 
-1 20 4 
-1 4 -14 
-133 -4 1 
29 -2 -121 
-1 3 -7 
1 -33 141 
-1 -60 -117 
-12 -11 -6 
-42 90 10 
22 -8 -62 
-4 -47 6 
49 -1 2 
-14 -6 1 
1 2 -21 
2 -23 55 
-7 -1 -104 
1 28 -111 
35 111 -1 
-1 106 3 
42 2 -52 
19 1 -103 
5 28 -66 
82 1 91 
17 -3 -42 
27 1 72 
3 -107 110 
-2 1 -32 
-30 1 16 
-146 -3 -2 
3 64 33 
1 3 -13 
-3 -1 -25 
-1 58 -10 
-13 -81 22 
-38 4 -32 
-1 2 -37 
-98 -40 3 
-5 -27 -3 
-29 -1 -13 
88 32 -24 
-126 26 -1 
-29 -114 -20 
-4 -1 -28 
-23 -34 -2 
138 35 -21 
1 -5 -2 
15 -99 -65 
-15 1 -6 
2 -3 -1 
10 5 -24 
-2 41 15 
-10 -3 106 
20 7 36 
2 -8 6 
-1 20 -2 
113 55 -1 
-33 1 2 
1 2 14 
-2 17 -15 
1 -108 10 
23 14 3 
-30 11 4 
-1 -14 3 
-32 8 -24 
14 2 -1 
84 -14 108 
-2 25 5 
38 81 82 
-24 13 19 
1 -118 101 
-13 10 -4 
-2 4 3 
4 -18 3 
-7 26 68 
-11 1 -3 
-104 2 1 
-1 25 21 
75 -2 -21 
-2 -1 -8 
-28 -1 -3 
48 -2 -65 
-51 3 -8 
15 -113 -5 
55 23 -12 
-2 -14 4 
-43 -1 -116 
37 -1 2 
7 -94 -10 
-5 40 44 
3 6 1 
-64 -5 -3 
49 -11 -3 
45 -126 5 
37 108 -12 
-3 4 -1 
1 71 3 
4 -6 -71 
12 2 -9 
-30 -3 9 
-140 11 41 
-89 -4 1 
-3 9 -61 
13 -9 -8 
-44 -3 80 
-48 -5 -1 
-43 -70 35 
3 1 116 
-7 43 -17 
-3 -128 1 
1 24 -8 
-1 -21 16 
1 -10 3 
121 118 1 
-111 115 -17 
-50 -3 44 
-1 -9 98 
1 11 -27 
-65 1 3 
-22 -143 -4 
-77 31 -1 
71 59 -3 
8 2 3 
2 1 -103 
3 5 2 
1 -12 -34 
16 -87 -3 
23 1 2 
-15 -1 -29 
-35 -6 1 
2 -1 66 
-1 144 -61 
-2 -39 6 
43 26 49 
7 -59 13 
-20 -126 -4 
103 31 61 
99 11 1 
-135 38 -1 
11 13 1 
-10 -28 2 
-38 4 -5 
-3 -23 -96 
11 17 1 
31 3 -1 
81 -3 -14 
-18 -31 -124 
70 -1 -105 
-8 6 12 
-14 -58 -7 
28 1 -2 
-1 -56 6 
-1 -11 -24 
-1 -3 -12 
8 -105 -1 
21 62 -2 
-9 3 -4 
-9 -101 23 
-21 -13 97 
8 -52 1 
-38 57 1 
-1 117 120 
-3 -1 -14 
-7 -1 -4 
-11 10 -4 
1 -3 8 
-8 97 -41 
2 -46 -1 
-1 88 4 
101 -80 48 
6 3 47 
-15 -1 43 
48 -2 3 
134 10 -3 
2 -1 -3 
29 -96 13 
-1 -97 -114 
-2 -71 -23 
24 -3 -128 
-4 20 -149 
-22 -23 -9 
-1 6 -10 
1 -139 -14 
-1 143 -16 
9 -68 -3 
-10 36 115 
-42 8 1 
122 51 -3 
-4 5 -86 
19 1 3 
74 7 3 
5 -2 77 
-16 1 -23 
-40 1 5 
15 -105 1 
18 46 -64 
-123 -2 52 
1 59 2 
-31 -69 -39 
3 29 -13 
33 3 -17 
-2 -3 9 
37 -18 -2 
1 -8 137 
96 -2 20 
-35 4 -3 
1 -9 4 
-40 -14 57 
1 3 -14 
-2 -18 3 
12 -1 35 
