25 -4 3 
1 -46 -3 
31 19 13 
-3 1 -56 
25 2 10 
-132 -25 -41 
-2 1 109 
2 -24 35 
-5 -69 14 
-5 -2 -3 
-116 62 -26 
-115 -20 -1 
15 -110 -2 
-30 -14 119 
-50 -1 4 
142 -100 -30 
-24 31 -106 
-21 -93 6 
-2 31 -12 
56 -5 -8 
-16 -17 -4 
57 34 -2 
-112 -55 4 
-5 -63 -12 
-3 1 -2 
-3 -13 -1 
-30 -143 1 
132 79 18 
1 -25 19 
-25 42 9 
3 16 -7 
-2 36 -12 
1 5 2 
119 8 4 
-2 50 34 
-2 -45 -53 
2 93 22 
-24 -4 21 
-3 2 -47 
12 -79 -1 
104 -77 -2 
91 1 -7 
-126 2 17 
6 -134 116 
-13 -39 -45 
28 3 -5 
1 -111 2 
2 33 129 
1 -5 -65 
21 1 -3 
3 -71 -42 
2 -36 7 
-2 -63 -13 
-8 -19 -45 
1 78 7 
-46 -14 11 
-1 94 -6 
-93 1 28 
2 1 -20 
-6 -17 99 
-12 -58 -9 
-24 -116 1 
-111 1 -25 
-23 -13 -20 
81 1 -4 
-41 5 -20 
8 -85 -55 
1 25 6 
2 -1 -3 
-2 15 1 
2 -67 -7 
-6 -58 5 
16 61 -72 
91 5 113 
-108 38 1 
-40 -2 14 
48 50 -26 
3 17 -19 
1 40 -42 
33 2 -138 
20 -72 1 
37 -3 10 
-18 -3 -99 
37 5 -19 
1 -15 -35 
-11 -95 -123 
-5 -1 -7 
37 1 -91 
-1 -2 -5 
-2 -94 -135 
-1 -26 85 
-8 -35 -107 
1 -80 -2 
31 -1 34 
8 -81 20 
-118 53 -4 
1 50 37 
-2 -1 105 
15 1 -84 
-1 -61 3 
-2 6 9 
33 -1 -129 
-10 -18 3 
7 1 9 
81 7 136 
-1 -113 25 
-9 -1 2 
-13 -2 4 
-1 -25 -6 
-14 -50 6 
-7 2 -4 
-1 14 3 
130 -19 29 
13 -29 3 
1 -3 28 
-5 -3 -30 
-1 14 115 
136 1 3 
109 -119 29 
1 -100 -3 
22 -12 -1 
-17 99 31 
2 1 -15 
24 2 1 
-7 3 -32 
-91 -5 -14 
7 57 1 
-51 -117 1 
-49 -5 -34 
-1 -3 -15 
-6 -52 1 
1 -28 6 
-37 -36 88 
-21 1 -105 
-8 -17 -146 
1 -92 -56 
-65 -9 -1 
-117 -15 2 
-1 21 -98 
1 86 2 
1 60 7 
-1 -2 7 
-18 -17 -4 
-1 51 -14 
5 -91 -40 
24 -1 -9 
32 6 -114 
-2 38 -36 
-2 -1 17 
-1 29 12 
-86 5 1 
-13 27 -3 
5 -3 -2 
-5 39 8 
-102 -2 1 
9 26 126 
-33 13 -5 
-3 5 -18 
-3 4 -17 
35 1 140 
-55 -4 -2 
9 11 -4 
139 25 4 
2 -1 -4 
51 11 -2 
-1 76 50 
5 -12 -82 
31 2 -3 
-17 1 7 
3 -1 -90 
-11 -3 42 
-2 3 -27 
36 -31 -1 
3 -23 61 
3 -5 1 
3 -1 18 
-2 -90 1 
-28 -1 35 
1 132 7 
-74 3 -15 
66 7 30 
1 79 103 
97 -70 8 
-1 -3 15 
1 106 103 
1 6 -70 
95 -2 1 
1 9 31 
38 15 74 
8 -2 -3 
-1 -2 -26 
3 -2 -4 
-1 10 29 
47 -5 2 
19 -1 -5 
2 -1 5 
-25 4 -6 
-138 -8 5 
105 1 40 
-1 -5 11 
5 3 -1 
13 -82 35 
-6 2 7 
31 6 74 
22 -14 -8 
-10 -1 -7 
-20 7 -12 
-68 -3 81 
1 72 -14 
1 144 83 
-5 3 -7 
5 -7 6 
10 2 -4 
-20 -70 66 
-59 -68 12 
-1 -73 -20 
43 -9 14 
3 1 114 
134 6 -36 
6 52 -12 
1 15 -78 
-1 89 -85 
13 -29 -12 
1 -6 -51 
-1 -14 5 
3 1 2 
46 2 39 
-16 72 -9 
5 -4 2 
-98 31 4 
5 -2 18 
-4 -7 84 
-43 -53 -4 
2 -36 76 
-4 -10 -40 
2 -1 -36 
2 -117 -6 
2 -10 -1 
20 -35 123 
9 -3 -26 
-39 -14 -7 
-1 -2 -48 
2 41 1 
-1 -61 -64 
-40 -47 -64 
-3 -103 5 
-55 22 -5 
5 -4 -135 
62 1 -111 
3 79 -15 
-58 9 -1 
-1 -15 98 
2 7 -1 
2 1 -71 
-1 119 12 
5 12 -33 
-112 -32 1 
-3 1 2 
6 1 5 
1 -3 -24 
-1 -144 -13 
-3 -2 45 
-2 -25 -1 
1 -37 -19 
-67 -1 38 
-57 -4 9 
-39 1 -17 
3 -60 23 
-17 50 1 
-3 25 88 
-18 -76 -24 
33 -55 -7 
1 3 35 
5 2 26 
10 62 1 
-127 -1 -17 
11 7 -2 
33 7 -3 
119 -1 -11 
95 -5 3 
124 7 57 
-1 -30 22 
-2 62 -1 
-1 3 18 
-9 16 -2 
-11 -1 3 
32 -3 39 
2 -110 -140 
-1 -9 98 
-4 -6 -1 
-4 122 74 
-34 7 12 
-14 -15 -9 
5 4 -10 
14 -137 24 
1 3 -10 
1 9 97 
-15 88 93 
2 1 16 
11 10 -104 
1 -85 2 
3 -73 -27 
-54 -117 -3 
-3 5 67 
-15 -1 10 
-32 138 -4 
2 -3 -83 
31 1 -46 
-22 -2 -112 
-13 -1 -5 
1 6 -23 
41 -77 129 
4 -1 2 
29 28 -2 
8 -122 -112 
1 -2 9 
53 -2 10 
-3 21 1 
-50 4 8 
-90 21 50 
-3 1 -24 
-77 -104 -32 
137 -70 -12 
-132 -3 10 
103 -1 3 
-37 -1 3 
2 -31 50 
-1 -7 -3 
28 133 -57 
2 -145 1 
1 -15 -20 
-1 3 2 
-5 31 20 
-31 -12 9 
7 33 -52 
-58 11 41 
11 -1 -3 
53 1 2 
-22 -12 10 
2 102 21 
-135 -6 -33 
-43 2 -114 
2 -7 -95 
2 24 5 
88 -9 -2 
-3 7 23 
-16 -7 10 
-43 -2 -9 
1 -37 -46 
10 -93 1 
15 -138 3 
-143 4 -34 
22 18 1 
14 4 16 
1 -8 -12 
-38 88 -43 
1 87 9 
19 -108 -41 
53 8 -24 
-4 -84 149 
16 -111 -4 
-6 3 90 
15 -79 -43 
113 -55 -31 
7 -3 1 
3 -5 78 
40 -31 -4 
92 -21 -8 
-53 -46 4 
1 -11 -2 
-4 -53 8 
29 2 117 
-2 1 -125 
-11 9 8 
-39 3 5 
15 49 84 
8 4 -1 
61 6 15 
1 2 -94 
1 -44 2 
-45 88 24 
-2 1 -9 
150 -12 7 
-7 32 16 
-111 -4 -8 
-97 50 7 
2 11 -132 
-2 -24 -66 
47 -4 28 
5 59 -43 
1 -28 -15 
-7 -1 -4 
7 73 -9 
-49 5 -9 
-110 -2 53 
-23 -3 -21 
8 -36 -1 
-5 -47 2 
33 14 19 
8 117 -52 
-141 -27 -10 
22 110 111 
-3 11 -30 
39 65 -36 
72 44 17 
22 -20 85 
-16 -27 -45 
-10 -1 11 
46 -39 97 
44 1 14 
21 -95 2 
40 -1 -7 
31 2 65 
-81 2 56 
1 -63 145 
-60 -5 4 
-28 4 2 
59 -14 25 
-14 -10 -116 
-49 -42 4 
39 65 3 
-1 -17 3 
-13 -19 20 
-3 34 9 
3 1 -9 
-14 -2 10 
-7 39 -1 
4 1 16 
-40 -1 -19 
4 -1 14 
-1 7 8 
1 25 -2 
-11 -14 7 
1 8 -125 
76 -1 -15 
67 -47 -3 
1 -28 -5 
-7 4 -60 
-7 3 2 
-61 103 -16 
-5 3 8 
36 6 17 
-132 -11 -25 
10 26 -2 
-80 -8 -2 
44 10 -1 
-69 -1 2 
-44 10 1 
1 -17 46 
-42 29 25 
40 -2 -9 
-2 -10 -1 
3 -2 -5 
2 -26 -4 
3 1 70 
37 147 -1 
-60 76 -131 
-2 -4 -1 
2 36 1 
-83 -1 7 
8 -2 -1 
-16 1 -78 
-17 -1 5 
-8 4 -7 
-135 4 -23 
19 -9 -15 
6 -29 36 
-1 115 -46 
-26 2 7 
-8 -4 -33 
1 9 7 
-4 1 -135 
-20 15 -1 
17 1 18 
-37 -101 24 
-9 -2 1 
-63 13 -4 
-9 -78 -1 
-26 18 -8 
-1 -2 15 
15 3 -2 
28 -7 14 
1 2 21 
-67 105 -38 
-107 -1 7 
-1 -112 16 
1 80 10 
4 -2 -18 
33 -2 115 
124 85 13 
67 3 -7 
75 2 1 
-1 -29 -2 
-63 -45 5 
2 -7 -10 
5 -3 20 
-98 -55 -81 
-30 4 14 
-3 1 -2 
5 102 14 
-12 -2 -1 
17 -1 -48 
2 -9 10 
1 3 -120 
-132 118 1 
-2 53 135 
3 53 -5 
-27 -25 -2 
-6 -4 -28 
-98 -66 126 
-2 -16 -21 
-51 -8 -99 
-62 -9 -20 
7 13 4 
6 -12 -1 
5 -2 -8 
-1 -8 4 
-2 -26 -10 
-1 -37 12 
-56 -9 4 
30 -1 -85 
16 2 -80 
1 -88 40 
8 19 2 
1 -3 -38 
