-3 -1 -8 
-7 -29 3 
-1 28 4 
-37 70 -9 
-91 -1 16 
-28 78 -2 
-16 3 13 
-6 66 13 
1 -4 2 
-62 -20 2 
-1 20 -77 
14 1 -8 
-18 -1 4 
-1 -4 9 
1 -2 53 
-3 33 -1 
-36 -20 50 
3 2 9 
-5 73 -36 
-12 -81 2 
-14 -27 -6 
99 -1 -100 
2 -1 -78 
1 19 63 
34 -12 9 
11 24 -20 
-7 -11 1 
-54 -18 1 
-1 -6 3 
-29 11 -31 
3 -1 4 
5 -30 -18 
77 4 5 
-1 4 -69 
28 29 -59 
99 -7 -71 
-1 3 -11 
-86 26 7 
-6 28 2 
30 -1 -42 
86 -4 -36 
23 -1 -2 
-23 -4 28 
-2 10 -1 
1 -27 73 
-10 4 1 
65 -2 -1 
-1 77 -8 
13 -1 -11 
-92 7 1 
-5 -98 31 
-23 1 -2 
-9 26 -1 
1 -94 27 
-14 62 -49 
5 -17 -1 
62 -8 -1 
-4 30 -63 
-1 4 -15 
-10 -88 20 
-1 5 -4 
-37 2 11 
2 62 5 
-35 -1 13 
-1 -33 -88 
-58 9 33 
-12 1 28 
60 -3 -6 
4 1 3 
5 2 -54 
79 -5 -50 
1 11 -3 
-28 -1 -33 
2 -53 17 
6 11 -38 
3 -52 -1 
-1 -22 92 
-2 57 7 
-9 1 -25 
-32 -2 3 
-44 65 6 
2 9 -8 
-1 61 -2 
1 7 -25 
-8 47 -1 
2 -3 1 
77 14 1 
-2 -27 54 
31 -3 -2 
-5 15 97 
9 -6 1 
-1 -4 -33 
-11 -1 24 
24 -13 -22 
-18 35 -14 
-96 -85 60 
20 -7 6 
-9 -1 -3 
-1 4 13 
-16 11 2 
1 -3 56 
1 3 -30 
2 63 87 
51 2 -27 
2 18 4 
10 45 -1 
-77 -1 -12 
-91 -16 22 
-2 9 -4 
4 -15 -57 
-73 -3 -57 
3 2 -18 
-25 100 2 
-2 1 13 
-7 38 -46 
-1 -3 -56 
31 -4 1 
-39 -2 9 
-20 -54 -3 
5 -77 -71 
-58 3 44 
-79 -1 -54 
11 66 1 
93 -6 8 
-39 1 -60 
6 18 -28 
-14 -1 3 
-65 37 7 
88 -80 30 
-1 18 3 
-31 -4 8 
-32 1 69 
15 1 54 
10 16 38 
-3 -2 -6 
2 -1 20 
38 -15 -69 
7 -5 1 
2 -37 -3 
-72 -5 3 
25 -1 32 
5 -4 -2 
-7 -4 1 
-6 -25 1 
67 -36 -1 
-1 -6 -2 
1 -27 -14 
-2 7 -1 
-2 17 10 
1 3 -5 
-1 -12 -10 
2 1 11 
34 -1 -2 
-34 -11 66 
-2 94 -5 
71 -2 -8 
-4 58 -1 
5 1 31 
1 -4 21 
24 1 -4 
-61 24 -7 
-10 -24 -2 
-14 1 -5 
-1 5 2 
14 -1 27 
-55 -1 -3 
44 18 75 
9 48 43 
-78 -6 -1 
1 30 -73 
1 -46 -83 
33 -1 5 
-5 3 -2 
-61 -15 10 
21 -2 -3 
6 -19 1 
5 3 32 
46 88 -1 
15 2 -14 
-7 17 19 
-4 5 14 
-16 1 -5 
-1 34 3 
-49 47 -38 
12 -10 -67 
-1 22 10 
4 1 -73 
1 15 -4 
18 -13 -23 
-1 -41 45 
-1 9 -6 
-31 6 -3 
16 46 -7 
3 49 -15 
-1 -94 13 
-16 10 8 
68 7 1 
-2 7 -5 
62 -1 5 
1 2 44 
15 -100 2 
-66 64 -42 
5 -70 29 
71 3 -7 
-22 78 56 
-63 -35 6 
-14 1 88 
-9 22 10 
35 1 69 
14 22 90 
-19 55 -5 
4 11 13 
1 2 -11 
-2 -8 -30 
-33 52 -24 
-17 12 1 
3 73 -34 
-58 1 -2 
-2 22 10 
-1 4 -84 
-4 -10 7 
-13 -1 -2 
-5 3 -2 
1 29 30 
-21 -10 -1 
-10 -1 -3 
-8 -5 -3 
-7 84 -44 
4 -2 -81 
-14 -6 5 
-3 -1 29 
-17 2 -1 
14 22 59 
1 6 14 
-28 18 85 
-3 1 15 
21 -2 -30 
9 16 1 
5 -12 64 
-6 38 -9 
24 -1 -6 
12 1 -34 
2 -14 -7 
-4 14 -1 
-70 74 -2 
78 5 8 
-44 21 2 
55 3 -2 
51 -13 -25 
13 -2 12 
-34 -16 1 
5 -3 2 
-19 13 -1 
87 -6 -28 
-56 -12 -1 
1 -61 -35 
-4 9 14 
-7 -1 -81 
-2 -3 -20 
-6 -18 3 
1 12 2 
6 -70 -3 
-40 -3 1 
3 -63 19 
54 28 -18 
-8 -1 -4 
2 6 -3 
25 36 -45 
-15 67 -2 
9 1 51 
-21 17 41 
7 15 1 
-1 5 -7 
1 -96 -13 
-47 -19 40 
-80 5 43 
1 -21 91 
-54 5 -2 
-1 85 88 
-1 4 -2 
91 19 1 
1 -3 -2 
-1 -11 14 
2 -57 -1 
4 -2 -7 
87 -4 7 
1 -4 -92 
1 -18 12 
-3 15 -10 
7 -56 -1 
1 -6 -11 
-4 49 -20 
5 32 -14 
-1 -4 17 
30 8 -63 
1 -13 -2 
-15 20 1 
4 78 20 
20 -5 -9 
-9 1 -4 
