-60 87 13 
-12 13 1 
-1 50 5 
2 -21 5 
1 49 -13 
9 1 4 
38 77 76 
-4 14 1 
4 -6 2 
-51 8 -1 
-1 25 -37 
13 -75 1 
-45 21 1 
-1 69 3 
7 20 -5 
-53 61 4 
-2 1 61 
-2 -58 -38 
33 8 -73 
20 -70 45 
-78 -30 -8 
85 -4 10 
-1 25 -27 
-2 5 4 
2 -1 -31 
6 1 -70 
85 27 -1 
-3 6 1 
-7 10 -1 
28 5 71 
-75 10 -28 
18 3 -53 
-20 -3 -4 
29 57 -1 
-1 9 61 
9 -8 -2 
10 11 -43 
2 1 -6 
-1 -2 3 
-3 41 27 
2 -49 -10 
73 -41 1 
-1 -77 -2 
-1 -9 68 
-1 -4 -2 
-76 -1 13 
-1 95 -2 
-6 55 -78 
68 89 -1 
84 -62 -1 
57 -5 25 
12 -18 -2 
-4 54 -53 
1 78 5 
-3 4 -16 
1 4 -71 
3 -5 1 
-2 -1 4 
-7 5 1 
5 -45 74 
1 56 -11 
48 -10 2 
1 -80 35 
-3 -2 -8 
2 5 18 
1 -46 -4 
-25 1 -11 
-63 -27 -42 
22 -51 -16 
-46 -5 17 
2 1 -9 
4 -11 -9 
2 -30 -4 
-3 2 51 
-43 3 8 
-1 -14 -8 
-38 -46 36 
6 -52 54 
2 -11 1 
-7 -14 -19 
34 -36 -4 
44 -7 4 
-18 -47 -21 
-28 -1 3 
-35 -6 -24 
92 28 -7 
11 -6 -15 
-2 -4 1 
-20 2 3 
23 6 1 
-77 4 -3 
1 57 -19 
-44 -2 48 
53 -22 1 
7 -31 2 
-2 -38 1 
16 -3 -31 
2 5 -87 
-49 -1 -7 
-2 -3 -58 
-6 61 87 
-92 -4 3 
-3 100 -54 
4 18 1 
-44 -1 -4 
1 -31 5 
-81 -20 -2 
-33 69 3 
34 -1 -5 
7 -1 2 
-14 13 1 
7 -43 -20 
-34 -42 1 
-11 -10 -89 
3 -55 -1 
-48 13 -14 
76 -1 90 
5 8 17 
1 -89 45 
11 7 -22 
2 -1 15 
-1 14 66 
-15 25 -1 
-1 6 71 
-47 -9 2 
-12 -19 -2 
4 -2 -1 
-1 -49 9 
2 1 16 
-2 -17 -96 
-29 -97 -1 
-1 6 4 
12 -1 -49 
-28 -13 -89 
-19 -1 -95 
-1 -8 2 
27 2 5 
21 -87 13 
2 1 -29 
-43 -3 14 
49 48 -9 
-25 -1 16 
13 -26 10 
-3 31 -9 
-23 22 13 
14 1 23 
14 -9 2 
3 -20 1 
50 -18 4 
1 -3 68 
-99 3 -31 
-46 -1 -5 
18 3 20 
-13 -5 2 
30 1 29 
-68 1 -2 
1 18 8 
1 -26 -62 
-1 16 -2 
5 1 -7 
-82 -4 91 
-89 -3 -2 
1 12 -24 
31 8 -15 
-74 2 -20 
-11 -35 2 
-4 3 30 
-2 -17 16 
17 -1 -55 
2 18 11 
-5 7 -1 
-23 24 2 
27 -2 -55 
36 -71 3 
78 2 -41 
-14 13 8 
-2 -15 -5 
-1 -4 -6 
6 -49 2 
-17 -13 -2 
-16 2 1 
5 -71 2 
32 6 -3 
-53 -22 56 
2 -1 7 
-27 3 1 
7 1 -10 
30 1 -84 
-5 10 -84 
-1 -13 -76 
-6 -48 -38 
-90 -42 1 
-6 -12 18 
-9 -2 -1 
-1 14 7 
3 -8 6 
1 35 7 
3 14 8 
1 -23 -55 
19 22 -66 
15 -34 -1 
49 1 -3 
2 -16 -1 
2 -39 6 
1 62 4 
-22 -5 -27 
-55 56 -1 
1 5 52 
-13 16 -26 
1 9 -2 
-1 -2 -68 
7 -1 2 
-84 -1 -19 
4 14 -5 
10 -22 7 
4 7 -29 
71 -2 -13 
-31 3 2 
-2 -48 14 
-1 -5 80 
4 2 -1 
1 -12 57 
-48 2 1 
27 19 2 
53 2 1 
-7 -24 -5 
5 1 51 
33 -1 2 
-1 31 27 
2 16 -15 
10 16 -38 
-55 1 2 
-15 -14 7 
-50 -4 5 
1 -83 44 
72 -41 -9 
-6 1 -17 
-16 -38 -23 
-49 -16 45 
89 50 -4 
-10 -2 -9 
58 -3 -28 
2 72 8 
-24 4 48 
-6 -36 -8 
4 -93 2 
2 -3 43 
27 5 45 
82 24 -1 
8 93 23 
-50 -33 -44 
1 -68 76 
-76 6 -3 
-3 1 -12 
1 87 -4 
53 -61 1 
56 97 2 
-26 -1 11 
-1 16 2 
-2 90 -11 
2 -85 -27 
7 3 -16 
-1 -69 13 
1 -2 -6 
-8 -95 9 
27 2 56 
1 44 76 
-1 -10 -5 
46 -5 -3 
-46 -90 16 
-73 -2 -20 
-6 -5 -1 
-6 2 -19 
-8 56 7 
31 20 54 
-16 19 22 
-14 52 19 
-1 -9 -2 
-2 -5 4 
-20 -3 4 
3 -1 -43 
-6 -1 -29 
23 -4 51 
4 2 -6 
-4 1 -22 
-2 83 3 
1 77 -2 
1 59 55 
-3 -1 61 
17 -16 -2 
-41 -2 -35 
-4 -47 5 
5 1 4 
-9 -58 -27 
-29 18 27 
-13 2 -66 
1 -2 8 
43 -12 -59 
4 22 3 
-13 5 60 
