-3 -21 2 
-39 1 -12 
4 -16 34 
47 8 97 
74 -36 22 
2 -9 -77 
-46 -2 1 
-1 -10 7 
33 10 -45 
2 -30 -3 
86 -1 7 
4 -96 -1 
11 37 -32 
-25 -35 4 
-1 -9 -10 
2 -16 -33 
13 9 -2 
1 -5 -4 
2 -4 -26 
71 -6 -55 
-1 -8 7 
-89 13 25 
-41 -10 3 
-54 -11 51 
-3 16 -17 
-12 10 -64 
2 -1 47 
9 -6 -51 
-5 14 4 
-5 -27 -9 
25 -6 1 
1 -8 -2 
95 -8 16 
32 46 -3 
18 -1 -5 
-19 -48 76 
-63 1 4 
2 -26 -14 
-1 -10 4 
88 -54 -1 
-18 -74 11 
-1 -16 -5 
5 9 -19 
-9 17 1 
-25 -28 -1 
4 -15 -65 
-3 1 -34 
-48 8 -32 
2 -37 3 
6 -7 -1 
-30 4 14 
-2 5 -1 
58 2 -1 
-41 9 -53 
-25 1 2 
16 -47 -1 
-16 -34 6 
44 -24 -9 
7 1 8 
2 16 -1 
-1 -2 9 
-32 -27 -20 
-3 55 1 
-1 -3 -6 
-1 9 2 
2 8 -1 
-20 -22 -2 
6 3 2 
7 -3 1 
-38 -20 31 
-11 4 -3 
-62 4 82 
2 5 -85 
54 89 -8 
8 4 -27 
-30 1 13 
-16 -46 -1 
-7 10 -6 
1 -61 -2 
4 -1 63 
-32 -3 -24 
-14 -13 2 
2 -62 38 
-81 -3 -26 
1 -2 36 
-3 -4 1 
-3 -1 -22 
-15 -11 -18 
3 61 38 
-1 31 15 
-12 -3 64 
-100 -1 15 
-1 4 -13 
-47 -20 1 
19 -48 -10 
79 -1 -16 
38 83 -6 
4 -17 54 
-2 1 82 
-2 11 -70 
5 -9 -14 
-50 -1 -4 
-1 -4 73 
-3 13 -59 
25 54 -2 
4 -1 -13 
2 15 -11 
-36 -3 -1 
-2 -1 4 
81 1 -18 
-51 -65 -6 
4 -19 -13 
1 -66 -7 
13 -1 100 
4 -20 14 
-1 2 79 
-1 -11 2 
-3 -44 -18 
5 18 -27 
-2 -21 6 
-5 17 -8 
-18 1 2 
5 82 22 
-12 3 1 
-2 39 -9 
4 -2 -1 
41 46 -1 
95 13 12 
7 6 -21 
2 -1 -5 
5 -3 4 
96 -85 19 
1 -27 -7 
-4 -53 1 
7 21 10 
-3 -6 29 
1 -64 73 
-21 1 6 
1 50 -4 
8 2 84 
-1 -3 85 
-1 41 95 
-2 3 6 
6 -2 -35 
-6 -87 7 
1 -6 -2 
5 -3 -59 
46 -59 -41 
-6 -54 -27 
2 -25 -1 
-3 -2 -16 
-7 -6 61 
90 -10 56 
5 4 43 
-59 53 17 
9 -2 17 
42 65 -26 
1 80 -12 
-1 -57 7 
-13 -1 29 
-8 1 -2 
-1 13 53 
1 64 -68 
3 5 -15 
-48 2 8 
-9 -20 -1 
33 -2 1 
-1 -11 -3 
-20 -2 -5 
60 -1 -74 
6 -81 -91 
23 22 16 
-6 5 4 
-1 -92 -3 
-2 15 -78 
-2 -50 17 
6 -3 -79 
-27 -36 -22 
1 -74 -3 
-25 -26 24 
-12 1 2 
4 1 -2 
-12 -51 -2 
15 -58 1 
-3 -54 26 
76 5 -1 
-2 -27 98 
-90 2 -1 
-6 7 5 
9 -1 -2 
6 -16 5 
-1 3 29 
2 5 1 
3 -10 -1 
92 -1 2 
-23 6 -4 
59 17 94 
-18 -25 -6 
-4 10 1 
7 16 -3 
3 -1 -63 
-43 -1 64 
-1 -10 3 
5 -4 42 
90 -1 -37 
-3 -1 -10 
4 2 -15 
-1 -76 2 
7 -71 -2 
1 78 -9 
95 -1 24 
3 2 -19 
-38 -8 11 
3 14 13 
67 -17 4 
7 6 -11 
1 2 -6 
12 -1 52 
-84 -4 -3 
-3 7 -11 
18 12 -8 
3 1 2 
-23 -6 2 
95 45 1 
-21 90 -1 
-11 10 -27 
-1 71 -33 
23 5 -6 
-6 -22 21 
-3 -6 -7 
75 1 54 
-3 71 1 
37 22 3 
3 20 7 
-80 1 2 
1 92 7 
2 -10 53 
-2 12 62 
8 -87 -69 
-2 36 12 
-1 62 -95 
-4 1 -21 
-1 -5 -2 
-17 -58 -8 
48 -12 -3 
-62 -3 16 
-2 -1 -11 
-45 1 -23 
-3 -17 -9 
-84 33 92 
5 6 -11 
18 -1 8 
-1 -52 -2 
40 6 3 
44 -58 57 
-86 54 94 
-1 -3 -22 
1 19 -59 
-89 -1 17 
92 -81 42 
21 1 2 
-36 -27 -4 
-53 -87 5 
-1 -22 -73 
-29 -2 1 
13 18 -10 
27 1 53 
-1 10 2 
-2 17 -3 
-2 -47 -12 
1 -34 -12 
-99 36 6 
-5 -1 -10 
-3 -1 2 
-22 2 -29 
1 75 4 
-1 82 -40 
-88 1 15 
6 -1 -98 
-5 2 35 
-13 4 -16 
1 -38 -21 
18 -61 -39 
-4 70 60 
21 1 -69 
-24 -4 -1 
4 -1 -3 
-8 -6 -1 
16 1 8 
-55 -25 2 
3 18 16 
-5 13 4 
2 1 -67 
-3 -1 -2 
-11 19 -1 
57 -61 -1 
1 -11 8 
12 -1 -3 
3 77 16 
18 -1 12 
