-5 118 86 
-149 31 -10 
-53 51 78 
6 23 1 
-110 -26 1 
4 -18 -3 
-4 6 -1 
-116 1 -141 
2 -61 3 
15 2 -85 
-120 -9 1 
2 64 42 
7 -139 -1 
1 -16 -3 
17 56 2 
7 17 -20 
5 -7 4 
95 18 19 
-1 -36 2 
-4 3 -31 
17 113 -107 
1 30 3 
-27 -26 -7 
-22 7 117 
6 -1 -19 
-26 -19 -1 
15 122 -35 
-12 39 -7 
6 -79 1 
-64 -5 1 
-138 37 -1 
-14 -3 61 
2 -100 147 
-2 -134 21 
-6 -2 -7 
1 2 5 
2 -123 -120 
-27 10 -2 
1 -61 -68 
-18 4 28 
3 -2 -79 
72 4 -6 
18 33 5 
-1 -11 -30 
2 37 -3 
1 -148 -50 
2 -4 24 
5 -128 -54 
-93 -30 38 
-8 17 -143 
1 -33 -3 
4 -27 34 
4 -47 13 
14 -29 -1 
1 -48 -7 
-59 25 1 
-1 99 17 
-2 8 3 
111 -2 3 
-126 -142 77 
-52 1 31 
-1 -12 8 
-90 1 6 
-35 3 41 
6 -1 -62 
1 7 -18 
-113 1 13 
71 -9 -3 
-3 -27 -88 
-1 6 -14 
-33 -13 10 
-3 11 -72 
-117 1 -11 
59 -25 2 
15 -2 -76 
-25 2 -3 
-71 1 3 
2 -71 -1 
93 -1 -3 
4 -32 -5 
-6 -57 1 
9 -2 4 
2 -134 1 
4 -111 42 
42 11 1 
-37 -8 3 
-2 -4 1 
-1 47 43 
-3 4 5 
10 1 8 
1 -3 2 
-14 1 -83 
2 -1 -42 
-1 -18 8 
1 2 12 
-5 9 18 
2 25 14 
142 -113 1 
-2 10 -9 
1 6 -18 
72 -51 -4 
-3 104 14 
-38 3 87 
7 80 4 
-44 3 1 
52 28 65 
-8 124 2 
1 -28 3 
-86 -3 6 
-4 -8 -1 
-1 -86 26 
-2 -25 4 
18 -28 -70 
-92 15 -100 
-9 14 -1 
10 -1 -2 
-1 -143 3 
1 2 9 
-48 -1 -4 
5 7 61 
30 10 -4 
-140 -28 7 
-1 -3 -39 
-150 6 -22 
-4 -39 31 
25 -113 -1 
54 6 -148 
25 8 -2 
11 -10 5 
59 7 42 
104 -1 -48 
39 -34 -24 
2 -1 -7 
7 10 1 
11 29 -132 
-5 -10 -14 
-21 59 35 
1 -2 3 
-38 -34 -1 
-15 -9 -16 
4 145 3 
2 -29 36 
-1 71 -8 
-1 43 33 
-9 7 -1 
1 -16 -127 
-127 3 -1 
-113 16 33 
-1 -16 11 
4 16 -22 
121 9 2 
2 5 -103 
1 -2 -65 
-117 -6 2 
-6 -101 10 
1 -3 -2 
3 -5 2 
2 5 -26 
-7 35 8 
86 1 6 
1 -2 18 
13 1 30 
-10 11 1 
40 1 12 
12 2 -9 
-68 9 111 
9 -68 12 
-5 19 7 
1 -38 26 
-26 -48 3 
1 8 -11 
-49 -20 -10 
32 -63 -21 
27 42 -4 
3 19 -1 
-10 -3 8 
-6 -10 83 
23 -25 -2 
1 89 -4 
15 -140 -4 
-34 -2 6 
25 14 2 
-11 -17 -41 
-10 38 -35 
4 -145 -117 
-4 97 9 
10 -2 45 
2 -8 1 
13 -5 1 
-125 -1 76 
-10 -1 13 
-94 5 -44 
25 64 1 
-2 -5 -59 
-34 -13 7 
-2 5 1 
3 -21 -117 
-44 -10 14 
-2 123 51 
131 6 -1 
1 -3 -55 
-14 -1 10 
-145 6 2 
-64 1 3 
-12 53 3 
50 7 -1 
1 -31 80 
116 1 -11 
11 -5 -1 
61 34 -150 
7 -10 29 
73 -1 -3 
1 6 4 
60 2 10 
-1 -3 -84 
-17 3 63 
-3 -1 -14 
-32 9 -1 
58 -38 7 
-3 7 71 
12 22 -43 
-7 10 6 
-7 9 -59 
-1 -49 -2 
12 -3 -18 
3 -2 -20 
-2 -3 -32 
-31 1 4 
-37 1 70 
-40 -74 -108 
-1 -100 2 
-52 -12 -90 
1 -4 6 
6 -11 38 
-82 -1 4 
1 -58 -18 
18 -8 119 
8 -2 -23 
-1 15 127 
-14 -11 -2 
20 2 -8 
-1 106 6 
79 -1 44 
3 -90 70 
73 -16 2 
-138 10 -41 
33 -8 -16 
2 -22 -13 
3 104 1 
-18 -1 29 
46 -1 2 
-3 -1 2 
-12 8 3 
3 -5 4 
-16 4 -21 
-21 -1 -2 
18 43 6 
80 -1 6 
48 2 22 
-10 -2 17 
7 -10 11 
17 -37 109 
-2 -16 -1 
20 32 5 
46 1 2 
1 87 -18 
-10 16 -1 
121 3 -1 
-3 23 5 
1 -72 137 
11 -7 -1 
21 -8 -19 
-1 31 -4 
-35 -6 10 
58 -100 1 
-25 -61 2 
41 5 47 
-19 138 1 
-15 -2 68 
-78 12 -46 
57 100 -6 
11 29 -20 
-8 -35 140 
10 -45 -107 
48 1 6 
26 2 -1 
13 -9 2 
1 3 7 
-2 7 8 
6 3 53 
13 -1 3 
2 3 -70 
18 -6 -1 
33 1 -6 
7 3 1 
51 -6 -1 
-20 -2 111 
2 1 7 
25 78 5 
6 107 4 
44 -56 -2 
-1 -3 21 
-2 -94 -5 
-19 57 1 
-2 -24 4 
4 -27 19 
-5 -84 63 
102 1 28 
-4 1 -112 
116 2 8 
18 2 -146 
34 101 -2 
54 9 6 
6 -75 -48 
-8 -76 1 
-2 69 12 
-30 -140 1 
2 -1 33 
-1 -17 22 
-8 -70 -1 
62 8 -38 
-2 1 31 
-29 3 -11 
-65 34 -1 
9 -6 2 
13 -15 98 
5 1 21 
-1 2 -30 
-4 41 15 
110 -1 -102 
-11 1 -21 
-38 4 3 
89 2 3 
-1 -3 4 
1 56 -4 
8 1 -7 
-8 -1 -31 
2 8 20 
-1 -11 9 
58 7 25 
-3 1 -43 
-59 2 1 
-2 1 19 
10 3 45 
-1 -123 24 
82 -2 1 
-20 -12 35 
28 2 1 
-21 42 -27 
-67 1 38 
64 -123 -2 
1 2 10 
-4 43 7 
-7 -6 1 
-4 21 1 
50 -9 -77 
56 28 -1 
-12 2 1 
-25 2 -4 
-142 1 4 
-53 -86 21 
1 -10 -49 
69 136 -8 
-1 106 -45 
2 1 4 
4 11 1 
-12 -118 -13 
15 60 -8 
1 65 67 
2 3 118 
20 -1 46 
4 -60 2 
-100 11 -7 
5 -113 2 
-109 120 1 
-40 6 1 
-1 -40 -127 
95 72 -4 
-4 1 26 
-9 1 41 
-9 13 -106 
137 1 32 
-61 -1 -2 
13 -2 3 
60 -1 -27 
1 -9 -14 
5 3 32 
-72 21 57 
21 -57 86 
2 -30 -33 
132 -142 1 
59 -12 -116 
-1 21 115 
-26 -108 -4 
-1 123 -6 
2 22 -55 
83 9 1 
-116 1 -6 
-89 -2 -5 
-8 -69 2 
3 7 -60 
-118 36 -6 
-102 -142 138 
6 35 -29 
99 -11 -1 
2 49 -1 
-3 -115 -20 
-8 -63 1 
1 -5 3 
-3 -28 -11 
6 -47 -3 
20 -1 -46 
-24 9 -26 
-18 -2 -3 
104 -4 14 
-1 -53 2 
21 -13 -2 
35 8 -6 
-114 -2 -48 
-43 -26 1 
126 -3 1 
-14 -50 -49 
-1 -9 -4 
-5 -1 -15 
-33 -18 65 
80 2 -7 
17 2 -1 
24 2 -6 
5 -1 -3 
-2 144 -29 
29 -140 13 
-1 2 14 
81 6 -3 
-55 2 -50 
6 -12 1 
-2 -101 104 
-13 -45 27 
-1 6 28 
-3 -2 -22 
-109 14 -136 
14 6 -2 
1 2 -19 
-2 128 -47 
2 4 -45 
3 5 4 
-27 -45 133 
-97 6 -2 
1 -6 -5 
34 2 148 
-2 3 -59 
-9 -118 6 
-72 -34 1 
-42 3 -4 
-25 18 14 
24 -2 27 
76 8 3 
-3 24 -25 
-1 11 -3 
1 -39 -2 
12 -21 4 
3 1 52 
-1 10 -32 
13 -26 21 
11 59 -1 
1 4 -20 
-42 -3 -122 
13 -7 1 
-130 -1 9 
-7 8 -4 
127 -15 1 
92 -1 6 
1 -50 -6 
5 -80 31 
-5 4 9 
-9 -6 -135 
9 -1 43 
-52 -3 -6 
-135 -46 1 
7 26 95 
-69 16 -83 
1 -9 61 
-5 1 -20 
-4 -3 1 
6 -2 -73 
-18 138 -5 
-34 1 -2 
-5 -3 13 
38 16 -19 
47 -3 2 
-1 5 101 
-4 16 -2 
-16 -67 1 
1 -9 -43 
2 45 8 
1 8 7 
4 1 -110 
-1 -17 4 
4 -48 -5 
-5 -117 -8 
-4 5 -1 
-54 52 2 
10 1 -23 
-49 3 -19 
4 93 -1 
10 -2 8 
-6 -62 -5 
1 62 77 
1 -62 23 
-132 -2 8 
3 22 -1 
-6 12 3 
2 150 -1 
-1 -4 74 
2 -149 -25 
1 2 -5 
-6 14 -21 
109 139 2 
3 -1 106 
25 -9 -1 
4 -9 -1 
-1 13 -60 
-38 121 95 
19 7 27 
-8 5 -11 
-98 -1 24 
-63 -97 -5 
-2 7 148 
-38 -4 3 
19 94 -2 
-1 2 23 
1 -11 10 
-2 -54 114 
-17 -4 103 
81 5 -2 
-15 28 1 
34 1 6 
-1 -93 80 
2 119 -5 
-1 -150 -4 
-6 -1 4 
1 3 67 
1 20 -149 
1 -135 -18 
17 -5 -6 
28 -21 1 
-25 -1 -138 
32 84 1 
-31 -1 -8 
1 -4 -48 
-2 1 -19 
-4 -2 -25 
-7 -25 106 
52 -19 -1 
4 126 2 
13 21 -9 
2 -3 13 
18 3 1 
12 11 24 
1 72 -90 
1 26 -21 
-3 -45 61 
1 -15 11 
-125 -1 102 
1 32 -101 
-52 -1 113 
43 -59 -1 
26 112 -2 
1 9 -6 
5 -8 -81 
-2 31 6 
-57 -1 2 
4 14 -11 
2 18 128 
-1 -4 -43 
9 28 -76 
5 -15 1 
24 8 3 
8 24 31 
-110 35 111 
7 -25 76 
35 1 8 
21 1 -6 
-9 5 -31 
-1 -3 12 
-5 24 93 
-122 12 -1 
1 113 64 
101 -149 2 
-112 -5 -15 
-41 69 2 
2 -38 -21 
53 -14 -86 
93 140 -28 
7 6 -2 
-81 1 -4 
18 -43 -8 
-3 -1 -4 
-83 -2 -132 
-56 45 -1 
3 8 -24 
34 -1 -18 
78 -13 125 
143 61 30 
2 -6 125 
2 -4 6 
-54 -4 -87 
34 -10 14 
8 -4 3 
-5 33 52 
10 7 -12 
2 -76 -14 
20 -27 -8 
29 -15 112 
10 -134 -46 
-1 -4 59 
6 -8 -14 
34 -5 1 
-19 -1 -59 
-1 -27 -120 
73 -58 -4 
69 -28 1 
-1 -87 4 
50 -12 -19 
15 48 8 
9 5 -21 
-106 -51 5 
9 -69 28 
3 -134 1 
16 2 77 
36 -9 27 
1 -128 -6 
1 -6 4 
-2 56 86 
-7 -1 38 
-8 22 -29 
-71 -15 -4 
-5 -2 -81 
71 102 -3 
-1 3 4 
2 -123 10 
