3 2 11 
-50 -27 71 
-1 -5 11 
-3 45 -1 
-6 107 -49 
-15 -119 2 
-18 -37 -7 
-1 -8 3 
1 -3 76 
1 25 91 
148 -1 -150 
113 4 5 
-40 14 -42 
3 -1 4 
2 -1 -114 
-78 -23 1 
40 -1 -59 
148 -8 -103 
37 40 -84 
6 -41 -23 
-1 5 -100 
14 33 -27 
-9 -13 1 
47 -15 12 
30 -1 -2 
13 1 125 
-3 12 2 
-37 6 1 
2 -58 -39 
15 6 -1 
11 14 10 
-14 -1 -2 
-106 1 18 
-3 51 6 
-1 -53 -14 
3 -2 1 
-8 38 2 
-20 3 16 
-2 38 4 
-51 102 -11 
36 -7 1 
18 1 -10 
-7 96 17 
-1 27 -113 
-4 -1 -9 
-52 3 15 
-39 114 -2 
2 89 6 
-49 -1 16 
-90 -26 2 
50 1 10 
5 1 3 
-1 6 -5 
116 -6 -70 
-13 -130 26 
-83 12 46 
1 14 -4 
-1 -46 -130 
-15 1 38 
6 2 -77 
-45 -3 12 
86 -3 -8 
4 -64 -3 
1 18 3 
1 -5 -63 
10 -2 18 
1 -14 10 
1 32 -17 
-5 2 53 
1 -38 -86 
-1 114 19 
12 2 -7 
9 -1 -2 
-1 -8 -20 
87 -6 20 
145 11 -7 
15 9 -2 
51 -27 -62 
-18 -143 -126 
-1 112 -9 
-12 35 -1 
-29 42 -3 
-2 -24 48 
21 -7 77 
-1 -5 -46 
1 -14 -4 
2 -3 1 
-9 53 -64 
-55 -3 2 
16 -1 -14 
-1 4 -19 
1 -140 37 
6 -22 -1 
-136 8 1 
-5 -146 43 
-31 1 -3 
-18 89 -69 
-5 41 -91 
89 -10 -1 
-34 150 2 
-4 -14 55 
10 62 31 
21 10 80 
-14 -5 -2 
-116 -2 -1 
40 -1 -2 
94 -1 4 
1 4 17 
-13 -2 -19 
1 10 15 
148 7 -132 
9 -91 97 
-80 63 20 
-3 27 -42 
-8 135 -9 
-51 -4 1 
-7 -3 -1 
21 53 3 
-39 145 2 
20 38 73 
-37 -18 6 
-5 10 7 
51 8 13 
6 -56 18 
-15 -7 -3 
24 -38 -93 
60 -18 -29 
1 38 78 
-6 7 33 
-1 132 5 
-5 -2 -7 
-2 -1 -88 
16 -30 -1 
-3 -5 2 
24 27 -2 
37 -3 34 
-1 45 47 
-34 1 -2 
-101 -13 21 
32 -9 2 
83 -1 -46 
-16 -28 29 
31 133 -1 
84 -11 -2 
2 -33 11 
-91 12 2 
1 13 -4 
-14 96 -2 
-44 -6 -37 
39 54 -70 
-15 -1 7 
69 -56 6 
-3 -114 -7 
36 -9 22 
12 45 -1 
-1 13 3 
-1 -6 4 
5 1 53 
-13 -113 -29 
1 73 9 
2 17 -1 
-10 -1 2 
-2 -88 -19 
-107 -1 30 
3 117 -2 
1 4 -2 
44 89 -1 
-11 3 -6 
-52 15 -12 
-97 7 -25 
1 6 3 
-5 -2 47 
26 5 2 
13 -1 47 
1 5 -21 
-3 -69 67 
-4 -1 -58 
-9 99 -1 
63 24 -17 
-30 3 69 
-2 -38 18 
-8 21 65 
-90 1 -2 
17 -1 11 
-5 -21 13 
10 -43 7 
-1 26 8 
-6 1 19 
-19 -1 -140 
-1 -21 14 
-4 1 -17 
5 1 4 
128 13 64 
29 -2 11 
-81 2 92 
-4 -1 5 
2 -135 -21 
-40 -11 -1 
-84 9 5 
11 1 -6 
16 4 -20 
-1 -3 -22 
24 -1 -5 
-8 -7 1 
15 1 -6 
-32 -3 29 
5 10 145 
3 35 2 
40 41 -17 
-119 95 37 
12 -38 24 
8 68 9 
67 1 2 
-14 -45 74 
-41 -4 1 
18 -73 -1 
-10 -1 -11 
19 1 7 
3 56 -1 
-1 -4 -115 
-6 57 -26 
40 -13 -1 
-2 -1 70 
126 -3 -1 
-4 27 -2 
9 -28 1 
132 130 1 
21 1 6 
-15 93 -56 
-4 1 11 
6 10 2 
1 -47 11 
-2 16 15 
15 2 -46 
-18 -9 -5 
16 -27 1 
3 -2 32 
-1 -8 16 
14 11 115 
18 -2 79 
-2 -11 -1 
-21 1 6 
-7 -3 29 
10 -18 144 
-44 -21 1 
-6 -119 -2 
-7 -38 -8 
-3 -26 2 
-3 2 7 
-15 -1 128 
-72 4 2 
-33 54 3 
-102 -3 -81 
101 3 -74 
4 -15 -77 
-1 -81 56 
52 1 -79 
2 -7 6 
-9 3 -91 
4 -9 -1 
19 -2 102 
-71 7 2 
4 -49 144 
-64 65 1 
-21 1 7 
28 127 5 
12 -1 -120 
-19 142 4 
22 -1 15 
90 -121 13 
-4 2 -142 
2 29 106 
-76 -5 -1 
16 -6 3 
144 8 -53 
-1 5 24 
-3 2 -19 
84 44 8 
-5 31 1 
-1 -2 -13 
5 -1 -79 
135 4 -3 
1 2 -32 
-40 -72 6 
25 -2 125 
-52 3 136 
-1 2 6 
130 3 -81 
60 27 -2 
17 135 25 
73 2 1 
2 47 -1 
2 -7 9 
-90 -11 1 
11 24 -25 
26 1 -7 
-1 -99 3 
1 -4 23 
-16 14 35 
93 -5 12 
-37 12 -102 
-11 3 -120 
20 15 -2 
-92 -48 7 
6 -103 39 
-96 92 -59 
-11 30 12 
1 10 131 
19 -149 3 
-26 79 -6 
48 1 101 
-29 115 80 
103 4 -9 
5 14 17 
12 4 -146 
1 2 62 
9 -2 -20 
4 -8 1 
2 -27 -6 
-79 8 -15 
-4 119 -104 
-1 -89 -3 
-1 5 90 
-20 6 66 
128 -7 82 
-2 -8 10 
-1 -2 82 
-11 -87 -104 
-27 -77 -4 
-19 -4 1 
105 5 12 
55 18 -1 
-123 132 126 
2 106 -59 
142 26 1 
-33 2 3 
6 -63 1 
3 15 -8 
-9 -3 19 
1 23 -94 
9 1 -2 
12 84 2 
79 27 -2 
109 36 58 
-58 1 3 
-117 -1 18 
44 4 -3 
1 -24 2 
-25 -13 82 
1 -10 4 
24 -19 7 
-1 83 90 
-103 1 6 
-28 -73 -21 
-33 -25 -3 
1 23 -31 
67 -3 4 
-82 49 136 
7 2 -42 
-3 -12 59 
2 16 -98 
-1 2 -33 
-3 -75 -21 
47 -112 86 
41 27 -8 
26 1 2 
-125 -5 -3 
-77 -23 132 
-69 -1 -2 
-7 -19 -1 
-15 19 -1 
3 -5 -6 
2 145 -1 
61 16 3 
-27 -44 18 
-14 107 1 
-112 -139 -10 
-2 3 4 
-2 -57 -19 
-4 18 -109 
-17 -49 2 
-116 3 5 
13 -67 -3 
11 -16 149 
34 -5 1 
8 1 32 
-51 -1 10 
5 -30 21 
-16 -9 3 
43 12 10 
5 35 1 
-128 12 13 
2 -1 9 
-1 -64 -92 
-22 -4 1 
6 -133 70 
1 -65 14 
-2 -75 14 
-15 -2 -18 
3 -32 19 
1 -2 8 
11 1 -6 
37 -1 60 
-30 -1 -31 
-86 -4 2 
51 -1 -5 
-1 -2 -5 
-1 -21 -2 
5 11 7 
2 -22 74 
-13 113 -2 
25 2 -8 
-6 2 1 
1 -5 9 
-18 3 -1 
-1 -22 9 
1 98 -5 
41 -12 23 
-104 -7 -3 
-6 -3 -52 
1 75 -89 
-90 -64 -37 
-7 -11 -1 
65 4 -18 
16 -11 8 
-2 3 82 
-111 -97 -127 
-5 -18 -7 
1 -41 -20 
149 29 1 
64 -33 -14 
11 1 24 
2 -1 3 
-54 -1 -123 
-14 -8 -1 
10 -1 12 
-1 -2 6 
7 10 -48 
-10 67 5 
25 -58 35 
-4 -3 84 
-42 -123 62 
-21 56 6 
1 -55 -4 
-3 -2 90 
-2 -113 6 
-11 122 -69 
-4 138 -6 
-14 -15 -2 
1 -90 -36 
-135 11 1 
-2 -22 -1 
-34 -10 16 
-2 -3 1 
-3 -4 41 
-3 98 56 
-3 -1 -6 
24 -2 -19 
32 -6 -2 
-3 -6 28 
14 66 -4 
-68 -1 99 
-1 -22 23 
1 -9 3 
29 5 -11 
1 -101 -6 
50 3 26 
4 -2 20 
17 -1 -3 
-2 73 39 
-14 -4 2 
-12 -7 -6 
7 -36 -5 
1 21 14 
-51 -1 -118 
5 -1 2 
3 -10 1 
-66 -23 4 
-2 -6 -43 
-21 -7 -54 
-2 5 -55 
-1 98 -55 
1 -38 -15 
1 5 77 
-11 -1 6 
102 -68 -39 
67 -110 -68 
6 68 1 
-1 -5 3 
3 -29 1 
3 -36 -2 
38 -36 10 
18 -6 14 
-23 17 1 
2 7 14 
-89 5 -65 
11 -82 -1 
89 148 3 
20 18 2 
-4 5 -79 
-3 -8 -5 
52 -2 -128 
35 3 63 
-24 27 -1 
-5 4 -79 
98 53 -14 
-18 -3 20 
-30 -89 34 
-14 -1 87 
1 -122 -61 
-2 17 -1 
-2 69 -7 
-51 1 -5 
-66 -10 3 
-1 -32 2 
-99 24 -69 
-17 -19 5 
-2 3 48 
-2 1 58 
1 12 35 
-30 -7 70 
2 -1 3 
5 -51 -7 
-36 -2 5 
8 -51 33 
80 -120 1 
-14 2 106 
2 1 -4 
-20 -24 21 
-18 -36 1 
-1 87 7 
39 -3 2 
-46 1 4 
-1 4 81 
7 -28 -2 
1 -22 15 
-10 16 1 
-22 8 17 
11 -2 -14 
2 37 5 
3 -149 -12 
12 -2 76 
20 -28 -48 
12 7 -1 
-18 2 29 
2 -114 87 
-101 8 -1 
-1 -100 128 
16 1 59 
-2 -72 -23 
-2 9 -1 
11 33 -4 
12 1 -44 
-1 -3 26 
13 -144 3 
1 -2 -14 
-5 10 -1 
-8 3 -2 
34 85 6 
1 99 -11 
109 -111 3 
-1 3 5 
-64 -1 3 
28 5 71 
-8 16 57 
-1 -3 -43 
1 -6 109 
-18 -40 -17 
-47 -45 -90 
-53 -2 -1 
96 1 121 
-4 8 -78 
-75 -23 -45 
-75 -107 4 
37 -11 49 
-88 1 -18 
-101 -20 -1 
-13 -17 -3 
-5 57 -3 
-2 -150 12 
-47 -4 9 
126 2 64 
10 -1 9 
3 2 -19 
-2 40 106 
-37 -3 -4 
-5 -9 31 
37 4 -2 
-1 -2 -72 
-19 105 22 
-2 5 -3 
-9 -1 135 
-101 124 2 
2 -4 -69 
3 2 -18 
-11 1 -29 
13 1 -97 
50 27 -2 
1 39 -63 
-2 -1 -23 
-84 6 -20 
-40 -13 -1 
-34 -135 -3 
3 -1 -33 
1 21 13 
24 -1 74 
-2 -7 -5 
-1 9 80 
-3 -45 -1 
-10 -8 1 
26 -5 16 
-58 1 -14 
5 -15 2 
-1 -11 -49 
23 -36 -2 
-1 -3 -4 
-2 -1 44 
22 7 5 
-2 -13 1 
-16 -2 -14 
-107 -2 -42 
-1 64 11 
19 -1 57 
-1 -20 4 
-1 -48 8 
-46 -147 -9 
4 33 5 
-1 -55 -23 
9 -1 99 
3 2 -1 
114 -1 116 
-1 -5 3 
4 -3 -1 
7 -14 2 
-3 2 -43 
-31 108 -1 
38 2 -18 
-36 -1 -61 
-1 -62 -39 
1 2 -23 
