-29 118 -20 
2 -26 -43 
39 -21 -79 
-20 7 -14 
63 -2 -28 
-33 90 1 
-2 25 47 
30 -25 1 
32 1 -146 
-15 125 -29 
8 1 5 
8 20 -23 
-30 132 -11 
74 -2 -12 
11 -56 -1 
53 1 -55 
-3 5 23 
-3 2 17 
95 147 12 
4 -15 6 
51 59 1 
1 -8 20 
2 1 11 
-4 1 3 
10 -16 -56 
4 11 -15 
-8 3 -1 
1 4 41 
-1 149 2 
-25 -12 -17 
1 3 -40 
-28 1 -107 
-2 1 50 
36 4 -10 
2 -4 -43 
-9 51 -2 
-26 2 -68 
15 -1 26 
-18 -6 -105 
-4 8 25 
8 1 -26 
1 -4 -20 
1 -2 -125 
-2 4 -6 
-1 -31 -24 
29 -70 1 
-34 57 -38 
2 1 -139 
-3 -2 -110 
-1 -125 -8 
-16 -79 41 
9 94 40 
1 -11 -127 
-3 2 -5 
-124 136 -37 
1 -42 -3 
11 19 49 
-7 1 -3 
75 -2 -28 
-12 34 6 
6 2 -20 
-29 -15 6 
128 -18 -11 
51 3 1 
-69 6 -44 
1 -33 5 
-2 -13 -9 
4 -2 -1 
-6 2 101 
-39 1 -4 
82 -73 1 
24 -21 1 
6 5 16 
-144 19 1 
1 -2 74 
-1 -18 65 
28 2 15 
-1 -19 -8 
2 19 -1 
34 4 -3 
13 -38 -44 
4 -24 -106 
-3 -1 6 
11 -91 2 
1 -13 -2 
-121 -3 -125 
10 8 7 
-11 -2 -12 
22 1 20 
-1 -49 -11 
42 35 -3 
-10 2 23 
1 -99 -89 
14 -64 -3 
1 56 87 
94 31 10 
-31 4 -2 
-54 -33 -72 
-25 -6 -5 
12 -92 -17 
-1 -3 4 
-5 -1 -32 
-41 4 -9 
139 1 -3 
52 -1 23 
1 45 -35 
-7 -5 51 
32 -8 3 
36 -1 -14 
-1 -124 3 
-24 -25 -16 
4 87 78 
-49 1 12 
-74 -138 2 
5 -1 -20 
-74 -2 -28 
7 18 4 
-1 -5 -3 
-2 87 51 
-4 -5 1 
4 -13 5 
127 1 -8 
1 22 7 
-58 -2 66 
23 4 -41 
3 -7 -2 
3 1 2 
3 1 -77 
3 16 -13 
1 13 108 
77 57 -2 
9 1 -4 
-1 -18 63 
10 125 1 
-38 24 -6 
-19 -20 10 
7 -99 -1 
1 -9 -4 
1 -4 39 
-48 -1 9 
15 -1 -2 
19 21 9 
-132 24 -6 
3 8 -2 
4 46 2 
-1 -12 3 
-1 5 14 
-4 7 -2 
4 -23 1 
75 -68 28 
-2 -1 7 
-24 12 85 
-56 -35 -2 
110 -1 4 
-3 16 2 
-5 -15 1 
1 17 23 
11 -7 -12 
-9 1 -2 
-8 -6 74 
103 -147 -1 
1 113 -5 
2 -23 6 
-3 -39 148 
-1 5 3 
-4 72 -101 
-35 66 34 
-3 39 -1 
-9 -88 -53 
-3 1 -37 
-2 -105 -5 
-1 -6 5 
2 -7 10 
-125 -7 -33 
14 1 3 
-10 -1 5 
-4 3 2 
-24 -1 5 
3 -8 -2 
2 23 147 
5 -39 3 
-22 26 -15 
-2 -10 35 
-39 13 -120 
-3 35 19 
-3 -93 10 
6 138 -1 
-27 1 11 
-1 9 -39 
-1 93 -3 
-28 -3 -81 
-2 4 11 
65 -115 -8 
-17 8 23 
-37 -100 -19 
-35 -47 -2 
8 -1 63 
-5 103 41 
25 28 150 
7 33 4 
-1 68 -2 
-36 6 4 
4 -13 -1 
-4 27 -6 
-68 6 1 
24 3 -41 
2 -5 8 
-16 -2 129 
27 3 42 
-1 8 -15 
-39 -77 -5 
-121 -8 84 
3 -6 -20 
-3 5 -1 
1 31 -22 
-63 39 1 
1 4 25 
38 -46 7 
1 3 -6 
-13 -17 31 
-2 49 4 
1 65 22 
-10 -1 -77 
79 94 21 
3 -1 -71 
50 63 -1 
56 21 -1 
1 4 -62 
5 35 119 
29 14 -53 
-66 5 70 
3 -20 15 
19 26 6 
-15 -5 16 
-4 -7 3 
80 -1 -64 
71 -1 -138 
2 34 -1 
140 5 72 
-35 146 -9 
-1 34 -5 
-62 1 -3 
-14 3 73 
-99 20 1 
-110 -16 1 
1 128 -11 
-9 -8 5 
-5 53 7 
109 -15 -148 
65 -130 -1 
1 -48 5 
-49 8 2 
2 -10 14 
-3 -11 -1 
-27 -22 -6 
-84 2 -1 
12 14 3 
47 86 -3 
2 -1 6 
54 17 -14 
-125 -6 -126 
2 107 4 
20 -139 -13 
1 -8 -70 
17 8 47 
-1 -4 -27 
5 8 -10 
-28 1 -23 
-7 83 130 
-89 28 15 
98 -4 21 
1 -15 -38 
31 -1 46 
13 28 3 
-51 103 1 
9 38 -1 
-13 1 3 
-58 -107 2 
-1 -31 15 
-6 5 3 
-19 -13 -25 
-52 16 78 
2 -1 -20 
-8 34 35 
31 2 -3 
3 1 -12 
1 -15 6 
-56 -6 -5 
30 147 124 
57 -3 11 
-39 147 23 
40 -39 -1 
-9 -38 -4 
-1 -117 -2 
5 10 4 
-2 -20 148 
-10 -2 -14 
-42 13 -14 
40 -1 -2 
2 -8 3 
4 -9 -1 
68 -8 25 
126 32 -9 
-38 14 33 
-9 -8 1 
-21 7 4 
19 53 18 
-1 119 -4 
-70 37 -78 
-7 -42 -36 
14 2 82 
2 -54 4 
-1 -120 8 
90 4 80 
2 -60 -3 
16 39 -114 
-4 -8 137 
-12 -128 1 
2 -57 6 
2 1 -50 
-4 1 -2 
16 -19 1 
3 -1 43 
-98 3 24 
-7 41 1 
127 -6 -10 
-1 -77 -38 
7 -28 2 
1 3 -9 
-1 -8 -37 
1 -2 10 
78 8 -1 
62 -2 -4 
10 136 105 
-1 -47 -14 
2 14 -4 
4 -23 1 
115 -3 4 
7 -94 -1 
-44 -6 -3 
-8 1 14 
1 -13 10 
-132 148 139 
54 79 -73 
7 1 3 
8 50 -9 
4 -26 5 
131 3 21 
5 9 -1 
2 48 46 
-4 -106 -17 
-41 69 5 
-2 -6 4 
-31 17 -5 
-53 146 2 
3 -5 1 
65 1 2 
12 31 11 
-119 1 123 
55 -8 -4 
-1 126 136 
-125 -65 -13 
-1 50 145 
-118 -22 -1 
2 -1 -12 
-141 -11 -35 
113 27 33 
-4 23 -7 
-16 94 -4 
46 -3 -2 
1 6 33 
-13 -18 30 
-16 66 -2 
6 7 11 
8 -9 18 
-43 23 -102 
-5 -15 -1 
4 -21 -76 
-144 -31 -14 
1 115 -2 
115 -70 -6 
14 43 -145 
-18 33 1 
-10 -40 11 
-27 13 41 
2 37 -68 
2 -33 -16 
-35 2 -81 
-1 37 -62 
1 -21 -3 
15 -2 39 
3 12 -1 
1 49 -111 
-2 4 42 
10 -2 -1 
-66 -5 58 
7 2 6 
-71 -88 -1 
7 79 4 
-1 106 -4 
-4 -2 -3 
1 -3 -18 
2 17 -1 
48 2 85 
-45 1 -51 
-1 114 -7 
2 21 -1 
-1 120 110 
-3 74 -134 
-4 -2 -1 
2 1 -10 
-1 -3 -16 
59 77 -12 
26 -7 -92 
-2 -64 11 
-30 1 -53 
2 -14 -6 
41 119 -1 
-54 6 51 
-30 -21 1 
136 5 -11 
1 6 39 
38 10 4 
4 21 27 
51 7 -119 
-37 25 -1 
-1 138 25 
-12 113 -3 
38 -1 -56 
-8 -1 3 
34 -40 28 
-2 33 74 
12 3 -7 
149 48 -1 
10 -1 -8 
-1 -47 34 
-7 -1 -4 
3 6 96 
-13 7 -5 
-1 -11 -2 
13 7 1 
-19 -1 -8 
114 -14 31 
-34 -7 -86 
115 24 2 
31 2 -117 
-134 -3 5 
10 -13 3 
10 20 17 
29 1 -19 
-24 -12 17 
2 115 4 
2 11 -18 
-10 1 6 
-36 59 -67 
57 11 27 
98 22 1 
106 -134 135 
22 -3 -8 
2 -42 4 
28 132 -60 
4 2 -11 
80 -135 1 
-47 1 6 
-1 48 -8 
-69 -2 1 
131 -24 -7 
-6 -1 -73 
-1 -5 -39 
-2 -96 -8 
4 -3 -1 
3 -80 128 
60 2 4 
1 -21 -92 
4 40 -2 
-7 28 46 
6 -29 1 
-2 -3 52 
27 -55 -1 
1 2 -105 
12 146 -81 
26 -1 4 
1 -6 5 
1 -114 4 
16 1 9 
2 -1 -33 
-57 2 1 
1 -45 3 
6 -7 1 
-16 -82 -1 
7 1 8 
-40 1 49 
1 16 -31 
129 -1 -77 
-69 150 3 
-4 10 -64 
122 -1 -2 
7 1 -5 
96 10 -1 
8 74 15 
-2 -53 16 
-6 44 -14 
4 6 7 
76 75 -13 
-29 10 -1 
-87 7 4 
34 63 101 
-13 1 -23 
2 1 6 
10 -2 -15 
-1 -5 13 
-138 -25 -62 
3 -56 -87 
-5 79 2 
19 1 2 
-18 -1 42 
6 38 1 
-1 -52 -2 
102 76 19 
-1 -81 19 
-92 -15 -23 
-2 -31 -110 
-1 37 12 
-7 -6 -5 
-3 6 39 
2 -1 -5 
-11 -13 8 
10 -62 81 
-39 -59 -57 
42 -102 1 
2 -50 3 
-15 -30 4 
2 -1 -4 
3 -2 45 
-1 136 5 
110 -34 12 
35 -4 -140 
-35 1 -102 
59 -60 12 
-12 1 -49 
1 -44 -2 
-13 -19 27 
1 -3 5 
-3 1 2 
94 -73 -23 
3 39 -103 
1 6 -5 
-4 46 56 
-2 -123 -12 
-1 -25 126 
-6 7 -1 
70 -2 -5 
-7 20 -1 
3 23 -24 
6 -54 -125 
9 86 -68 
107 -22 -6 
124 -2 1 
-1 3 91 
4 -70 -5 
108 -8 -1 
94 3 93 
-32 -62 -1 
-23 -2 3 
22 -99 -34 
7 -12 -25 
3 -43 -6 
-22 -2 20 
8 130 71 
96 62 34 
-10 14 2 
2 -5 -20 
37 -17 11 
-1 -77 -4 
-1 8 12 
9 -69 1 
8 20 -56 
-32 -8 1 
99 -1 106 
-140 31 -5 
-32 2 1 
-3 -18 35 
30 2 -5 
1 23 -94 
-57 11 -3 
-11 1 -9 
-1 -6 -2 
8 -3 -6 
-3 -17 4 
-4 -2 31 
4 11 -1 
-8 47 -16 
13 -7 2 
-4 -59 -1 
137 21 -60 
108 17 1 
143 -39 1 
-16 11 145 
3 -12 15 
1 -33 -89 
1 -60 7 
21 -2 65 
127 -139 -94 
-94 -22 -2 
-1 -26 112 
-22 10 108 
31 -2 22 
-9 -59 24 
77 -39 66 
-1 -105 8 
2 50 -11 
39 -1 110 
12 -45 47 
1 -26 41 
6 1 -51 
-1 3 -9 
3 55 7 
-1 25 -142 
35 72 13 
-11 10 32 
-77 54 -18 
-1 89 -43 
-50 81 -15 
4 -109 50 
3 72 1 
-33 -40 7 
9 -6 26 
126 -2 25 
-14 1 -82 
-4 -18 -21 
3 1 50 
6 85 -1 
43 1 113 
-115 -1 3 
7 -2 26 
-12 62 5 
91 146 -3 
-29 1 44 
-1 -2 -12 
-35 1 -32 
