3 -2 1 
-10 -2 -1 
2 -35 26 
-28 -1 -4 
-30 54 -1 
1 141 -70 
-53 47 2 
1 32 -2 
-29 -15 2 
2 132 82 
150 38 -20 
5 1 2 
93 6 -3 
4 -92 -15 
39 12 -13 
3 137 11 
-1 -50 -2 
-10 13 -68 
-1 -2 11 
5 -3 -4 
1 -25 -124 
6 -1 -22 
-1 96 14 
1 -12 -26 
3 -11 -13 
1 -109 -5 
-60 106 111 
-1 -23 19 
-1 5 -45 
3 36 -1 
-9 1 -2 
122 -70 9 
-4 1 7 
1 103 -17 
-3 122 -1 
13 -1 53 
13 2 41 
-2 10 -6 
2 16 -6 
-2 -3 -6 
69 1 46 
52 6 -68 
-3 -1 -4 
-1 -14 -17 
-1 5 -98 
-1 38 4 
59 8 -4 
-51 -140 116 
2 -111 -27 
-60 4 32 
12 -74 -3 
1 6 5 
37 -32 24 
1 38 6 
1 -76 -38 
-36 82 -35 
-1 2 49 
4 -112 83 
3 -2 120 
-5 -9 7 
-17 7 145 
-19 84 -4 
-90 69 1 
1 -60 -11 
38 -2 3 
40 1 2 
-4 -2 1 
4 19 -3 
23 -21 107 
1 -150 -2 
-11 20 -1 
96 2 29 
-9 -4 -1 
-2 28 -72 
19 1 -121 
3 -10 33 
40 14 7 
-48 24 -1 
-43 -13 1 
-90 16 139 
65 30 6 
8 48 -1 
-110 7 3 
-12 -108 -19 
33 6 1 
-124 -15 -8 
36 1 3 
-10 74 -44 
-39 42 -1 
1 -5 -66 
-1 23 98 
-21 2 1 
1 16 67 
117 1 74 
19 -5 1 
-58 2 -1 
-22 11 -10 
-18 -11 105 
-2 -22 1 
-14 -5 15 
-13 6 -37 
9 5 -109 
2 97 -57 
25 1 10 
-5 -12 -85 
38 -15 20 
1 -6 -2 
-14 2 -37 
-1 6 60 
76 -2 13 
1 -3 -22 
-3 5 2 
1 -126 57 
105 7 -6 
-18 1 -9 
-17 -87 -130 
-1 -2 30 
-1 -6 -66 
-147 -21 36 
-9 -5 -1 
15 -4 -36 
101 -6 2 
-25 -30 12 
11 -56 -28 
-12 -10 60 
2 39 11 
-134 -4 -11 
4 3 -2 
-3 -4 -56 
-5 23 -78 
85 3 -2 
-1 25 -3 
-99 2 84 
3 -1 -7 
-95 1 2 
-2 -73 1 
6 -7 22 
-4 -50 73 
1 15 28 
1 -2 -8 
-2 29 28 
4 38 -1 
6 -7 -44 
-1 -9 -41 
-1 -19 5 
5 64 -22 
-6 -2 -15 
-2 27 -120 
73 8 7 
-20 -36 -74 
-1 -3 -10 
4 -3 18 
1 6 -82 
44 6 -1 
-2 95 -12 
3 -1 67 
-17 -58 -3 
115 -8 3 
-1 32 2 
-23 28 -2 
-24 -3 13 
6 106 -17 
-1 14 -4 
13 -14 76 
51 -77 2 
-53 56 -50 
1 116 121 
-113 -85 -87 
1 43 59 
48 -1 -9 
-3 1 58 
-33 -8 -34 
2 31 1 
10 -55 -1 
-2 1 81 
2 -76 -1 
-108 97 -1 
-23 1 -40 
66 -2 -49 
3 -1 -2 
58 6 -5 
-1 39 29 
-2 45 -1 
51 4 14 
12 23 26 
-114 45 136 
-11 7 3 
-1 12 -68 
78 1 14 
6 11 76 
1 6 -7 
-1 -35 -62 
3 1 -22 
-149 3 -1 
7 -42 -2 
-26 39 119 
16 132 22 
-4 -79 1 
11 -37 -21 
66 8 -1 
9 -93 6 
1 45 11 
-15 -51 3 
-7 3 1 
4 -13 -10 
-1 -28 112 
1 -148 -80 
-74 -4 -18 
2 49 -68 
77 31 -1 
52 9 -32 
-10 -4 -126 
-36 -93 -60 
59 139 -135 
-1 -14 -132 
3 5 -1 
7 17 -2 
39 1 29 
3 62 -1 
-61 32 -2 
5 -4 -27 
17 -92 -70 
37 53 1 
4 -13 54 
53 -4 -9 
1 42 58 
133 98 -5 
6 -43 1 
20 -1 15 
-8 -1 3 
3 7 26 
-5 1 -66 
80 -116 65 
-5 -32 122 
-1 -12 137 
-7 -1 78 
-20 51 1 
-7 -5 -48 
1 2 -41 
-1 -127 2 
-1 -6 -5 
14 23 107 
90 1 -5 
25 -2 8 
-15 -21 -4 
-5 24 -18 
-61 94 -6 
9 33 -1 
-25 12 -1 
-10 4 -9 
82 1 3 
91 -54 97 
-60 -1 -7 
-5 -2 116 
83 37 -10 
-4 14 -24 
-5 27 1 
3 79 -2 
-79 -10 -2 
-50 -5 20 
-16 -74 -1 
-4 36 1 
-11 1 19 
70 -6 13 
1 3 -38 
-4 -29 -14 
24 -70 3 
-2 107 126 
-88 6 94 
-103 -14 -15 
2 -30 6 
-2 -25 1 
1 4 6 
117 -1 5 
-140 -1 -118 
7 1 11 
-4 -2 -58 
3 -1 39 
-7 57 -94 
-96 3 -134 
-93 1 -8 
57 -74 -30 
-69 107 -2 
3 13 -149 
-3 31 4 
-63 -36 1 
4 94 2 
-2 1 -17 
-132 -79 -15 
5 -13 8 
-1 -2 -55 
59 -5 93 
149 68 -75 
17 5 -2 
35 30 1 
3 1 2 
22 -81 -24 
24 3 36 
3 -1 2 
16 2 1 
-1 117 2 
66 45 83 
11 34 5 
-30 -53 -26 
-103 -76 -1 
60 63 -12 
-3 2 -100 
-33 -7 -1 
-46 -3 -5 
-2 -6 1 
11 6 -1 
80 13 1 
113 7 77 
114 -112 -45 
-31 1 -2 
-8 -51 -4 
12 -22 18 
-6 -4 8 
37 -29 -22 
-67 3 -18 
27 3 -80 
117 -8 -31 
-4 13 10 
-2 -80 5 
-2 1 -23 
1 -145 -5 
-23 6 21 
-34 3 -8 
26 -131 11 
4 69 14 
13 -17 -1 
-15 -8 38 
22 -1 40 
-15 102 -1 
54 -1 4 
28 4 42 
-21 95 -11 
-11 -3 1 
-9 -12 58 
8 45 7 
-46 -1 -144 
-46 76 1 
17 1 27 
-54 39 3 
120 -32 -12 
2 -24 1 
5 -120 13 
-34 16 69 
1 -84 65 
9 -24 -10 
140 -1 -2 
-73 44 2 
11 43 1 
77 -25 21 
94 80 -1 
-1 -8 -51 
6 -87 59 
14 -13 6 
-3 38 -15 
-42 2 1 
-23 -19 -137 
2 -3 1 
55 14 -24 
-6 -4 10 
-16 -78 1 
-1 -6 29 
1 3 -4 
96 58 71 
13 -1 3 
-22 30 1 
-5 -105 -6 
60 24 -85 
43 98 11 
63 1 -10 
-37 -1 36 
-10 49 -9 
-3 4 2 
14 -2 -61 
4 -2 -15 
-32 43 3 
-100 2 -57 
-12 -3 -34 
-23 11 -144 
-2 -17 22 
14 -30 -3 
4 36 18 
135 12 -50 
-1 -58 -56 
13 -40 -3 
-79 -86 -26 
64 13 -2 
3 41 13 
16 -14 5 
83 -32 1 
1 -150 2 
-1 8 7 
26 -2 -34 
-8 80 14 
-28 8 -55 
-41 -1 10 
-45 -2 16 
2 21 1 
-1 -148 -116 
-60 -6 27 
1 -10 -2 
-5 16 105 
1 -51 9 
-23 -137 -4 
-25 4 125 
-119 3 11 
-24 -3 -5 
2 -3 -137 
97 -73 1 
-2 73 1 
-8 -11 28 
-36 -94 -5 
1 -7 132 
-82 -6 17 
90 -7 -41 
23 -110 -2 
2 6 31 
-1 -9 -2 
14 -1 -123 
5 9 59 
-1 147 3 
6 1 -146 
-27 -2 54 
-18 41 1 
-3 -76 14 
38 -1 -5 
-89 -1 2 
-94 2 4 
-50 3 -5 
-7 -2 86 
-3 16 -9 
-2 3 -18 
-1 -15 -65 
1 2 -3 
-1 14 2 
1 -56 -52 
79 21 24 
-136 1 -84 
-8 -21 -17 
67 27 124 
-34 23 -2 
6 3 8 
-42 -4 -12 
3 7 11 
-2 -1 -74 
1 7 -6 
1 2 5 
14 7 2 
134 5 -4 
-7 -12 50 
-122 62 -7 
-9 -54 -1 
-43 -134 -7 
1 54 121 
-28 30 -3 
-127 120 -5 
-55 -4 -1 
52 13 1 
97 18 -120 
1 129 -66 
-1 124 5 
-27 33 2 
10 6 -7 
3 -43 20 
-146 -110 -59 
-3 1 125 
-5 12 79 
-2 130 1 
2 -8 -78 
65 -30 -13 
-2 43 -5 
-2 -8 1 
34 -4 -28 
2 -1 -145 
-18 9 -17 
-58 -8 145 
-32 11 -138 
-110 -111 -32 
12 -2 22 
6 11 -84 
9 -10 23 
3 91 1 
14 -1 -85 
-1 -45 -76 
-2 -5 -1 
18 -3 -140 
37 -121 -85 
12 -5 1 
-1 -102 24 
-39 -14 -5 
12 -45 -1 
11 -1 -20 
-38 -10 2 
35 -47 53 
-5 12 -1 
-9 29 96 
72 80 98 
-1 -3 -17 
76 2 3 
-34 38 -1 
-1 11 16 
4 13 -43 
1 -14 -5 
-85 1 -42 
-1 -3 19 
-1 2 10 
3 -83 7 
26 -2 -74 
16 -1 -51 
97 6 -57 
-103 -3 -5 
16 119 -9 
-1 44 -40 
-1 -7 -10 
7 1 -2 
-4 -9 104 
94 -13 -9 
58 -128 -5 
1 -29 -10 
4 -2 -3 
-1 -78 -7 
28 8 -2 
-6 -77 1 
1 -11 -2 
-6 -25 -96 
7 1 9 
-3 5 -1 
-4 84 -19 
29 5 -120 
78 -50 -1 
-4 -15 -1 
32 21 1 
25 -27 -1 
11 -1 -3 
-5 1 -2 
-65 29 -69 
-4 22 1 
-3 72 -1 
19 -114 3 
33 -1 -84 
11 -1 145 
31 -3 -6 
1 -97 -4 
136 1 3 
-1 37 -113 
-1 -136 13 
69 23 6 
-81 1 41 
-1 17 78 
22 28 -32 
82 23 12 
-26 -1 113 
118 -60 2 
-2 7 -78 
31 1 50 
-7 89 -3 
44 14 -54 
-5 2 -1 
-9 19 1 
6 41 1 
24 -1 -9 
81 1 11 
14 13 10 
50 -2 -47 
-2 39 1 
1 20 -104 
18 2 -69 
123 8 9 
-7 110 16 
-14 86 13 
4 -19 5 
-1 -17 -55 
-44 1 3 
-69 -7 -6 
-2 1 -12 
2 88 -3 
-27 6 12 
-2 10 22 
50 -52 -28 
3 14 22 
15 -3 32 
-85 -137 -8 
-9 -74 5 
-1 -84 -6 
14 71 -19 
-85 1 5 
-3 -4 1 
3 2 13 
14 59 -1 
28 -1 24 
71 -1 -82 
7 -103 13 
6 5 -1 
-1 42 136 
-53 3 -1 
1 -2 130 
6 32 -87 
-3 98 14 
73 29 -40 
35 -31 60 
-56 -3 -112 
-1 -20 3 
59 4 -56 
-5 14 43 
52 2 -94 
-35 2 22 
-22 -120 -2 
-18 -1 41 
123 10 -15 
-4 -1 6 
-1 4 -19 
-1 51 14 
116 25 2 
-34 -5 -13 
-2 9 71 
-16 1 -17 
-6 7 1 
-119 -3 -21 
4 -19 -1 
11 9 105 
-66 -9 -7 
42 -141 3 
1 -143 116 
22 -34 23 
-55 62 72 
68 -52 -24 
1 -29 108 
1 136 43 
2 -4 -104 
-5 1 -7 
65 8 -2 
-1 3 -97 
-4 -105 -20 
-1 -30 -4 
-108 3 -36 
-9 18 8 
