-141 -120 48 
-91 -136 54 
121 106 -29 
-83 -85 -43 
-106 59 -14 
-117 -6 17 
-130 31 -107 
-19 10 -4 
23 -70 -5 
-86 22 77 
27 26 61 
31 -106 -103 
110 -73 63 
-86 -62 122 
-105 9 6 
97 62 6 
64 -53 148 
-36 53 -81 
104 101 -60 
-124 32 13 
21 3 -52 
127 -93 -48 
-108 96 119 
-115 1 -141 
112 -10 85 
-38 94 90 
-130 66 -113 
-79 45 -4 
-125 31 -25 
-87 114 -27 
149 78 44 
100 -14 -125 
-1 143 -96 
100 -5 -93 
144 6 -127 
57 -120 115 
-2 71 15 
-68 -17 136 
-56 -95 -142 
-50 111 -70 
11 27 -25 
-32 120 -142 
125 -13 -11 
-112 -75 -121 
45 147 -66 
12 -7 60 
69 56 135 
-64 -62 68 
-125 82 32 
-133 -120 -111 
-36 121 -41 
-26 23 -76 
-4 -38 64 
-104 -76 -79 
57 -104 139 
50 142 26 
115 -101 30 
-135 5 55 
51 -90 83 
-137 111 -117 
-67 -24 -32 
87 -57 133 
-76 42 -36 
45 -117 44 
123 -128 -141 
83 125 -150 
10 7 -40 
-7 58 106 
-59 -41 -126 
32 29 -90 
-22 -32 -12 
50 128 1 
-99 53 150 
-42 -140 26 
9 -112 -30 
21 -2 -141 
-86 145 -102 
-40 -75 10 
-121 62 -9 
-29 131 136 
100 50 -92 
15 -98 119 
-133 5 -131 
-19 -142 96 
47 112 -125 
-82 -9 62 
-74 101 -38 
28 54 -43 
143 92 119 
35 -38 -9 
61 3 66 
-95 -6 148 
9 53 132 
-61 24 -45 
99 -6 -83 
131 29 41 
105 -15 -146 
-70 -87 40 
13 -138 15 
-66 -16 26 
-77 -28 44 
-77 -25 132 
-1 -96 -56 
131 58 147 
95 32 16 
-79 -117 57 
-60 41 -103 
-27 56 68 
78 -100 40 
-103 -149 54 
20 -9 -76 
137 102 147 
134 53 109 
-50 -79 -7 
26 115 -34 
79 142 -86 
-60 -21 32 
-55 148 -18 
-76 -4 -135 
-150 -59 101 
20 -81 92 
68 -148 -130 
-134 -34 -110 
-40 135 8 
10 -117 -143 
-81 62 121 
21 13 -99 
43 120 -71 
-14 -136 -67 
-12 -35 -148 
-6 -116 -136 
11 123 -137 
-99 -68 130 
40 123 23 
-31 62 10 
133 22 3 
122 59 103 
-87 -85 -47 
-64 81 -121 
54 -142 95 
-9 -68 31 
-12 -42 68 
-15 105 80 
98 145 148 
100 76 -13 
-2 15 85 
13 -106 20 
123 -100 -127 
104 -101 50 
96 48 106 
18 2 107 
34 -55 141 
131 -82 34 
95 -21 36 
112 32 11 
58 124 -84 
-36 -91 87 
-98 -93 146 
-149 122 -61 
-23 -98 65 
19 118 72 
111 42 -50 
-30 -85 2 
51 14 33 
-132 107 -103 
-135 -73 -41 
1 13 68 
-99 52 -76 
-3 -13 130 
117 -26 -134 
61 37 -9 
-37 -116 76 
-5 -63 57 
-146 -120 10 
93 42 -73 
-87 149 -22 
-82 92 98 
135 -62 81 
146 62 109 
81 129 88 
11 140 8 
-137 -78 56 
136 -22 4 
137 -127 65 
131 139 12 
127 78 -9 
88 110 32 
143 65 -118 
-109 138 86 
75 105 -116 
-24 139 81 
-17 -11 -33 
127 19 -45 
9 -87 8 
-94 -21 115 
-145 -42 35 
-59 -35 -67 
3 -19 1 
149 -92 -60 
-9 129 132 
-122 -126 74 
58 -126 -41 
102 55 129 
-90 61 -75 
-71 -19 -61 
-60 9 149 
92 -79 -64 
131 -53 39 
15 128 -80 
70 23 -45 
-57 23 60 
-89 -127 125 
28 109 -13 
-100 -77 32 
-9 -79 -8 
54 -107 38 
134 -133 112 
12 142 114 
-67 80 16 
8 31 147 
19 82 -130 
-47 135 75 
-56 -117 40 
-128 -90 78 
-150 40 -94 
-13 42 -131 
-129 130 120 
-88 15 55 
-77 -40 -142 
139 76 -47 
119 -17 13 
-146 -96 -4 
-30 -107 115 
-64 -39 22 
39 -135 -131 
-133 1 -131 
-55 -3 1 
-53 74 150 
15 -115 -23 
32 -34 -96 
144 -121 66 
27 8 -43 
-83 -77 66 
-107 23 -143 
-18 32 -29 
-58 90 -106 
-11 68 -67 
-30 54 84 
-25 111 147 
-38 76 -105 
91 -75 -133 
-135 -6 -115 
-91 131 78 
63 36 -121 
-141 -103 3 
21 146 128 
66 -147 64 
32 -9 -49 
89 -57 -82 
-72 -149 -8 
-126 -138 -95 
84 86 -82 
-12 143 74 
-33 96 134 
73 61 -31 
7 -36 -95 
105 59 -36 
104 -119 -61 
-110 17 -85 
-87 -129 -94 
13 41 106 
-145 -10 -84 
-125 -14 109 
35 -122 94 
70 123 5 
143 -140 -28 
91 39 44 
-10 51 -6 
-14 4 -150 
53 24 -51 
-85 117 2 
61 -76 -53 
-133 -31 -76 
-63 -47 48 
84 40 56 
14 -127 118 
-19 82 93 
76 -70 -73 
-126 79 -52 
22 70 79 
-16 34 -105 
3 144 146 
-114 -41 -52 
60 76 53 
77 45 92 
-81 -67 -66 
53 -91 -88 
-147 95 -72 
48 -69 -79 
-28 -35 97 
-61 56 141 
75 -94 -123 
135 73 71 
-103 -38 88 
73 78 -99 
83 -30 -45 
-33 -137 -134 
-35 109 20 
80 -15 -115 
-13 -81 8 
34 -6 51 
-56 -10 103 
-132 -82 134 
-41 103 1 
-24 134 -94 
137 6 -133 
-42 -119 -143 
25 41 -128 
71 24 15 
-99 -103 148 
119 -32 69 
-141 5 67 
3 128 94 
-139 -82 -9 
-38 91 6 
84 -93 -28 
-28 25 -53 
100 148 -76 
140 -45 -89 
-99 106 -32 
5 60 -12 
147 -48 135 
-15 -28 -104 
-133 -53 10 
-52 146 -67 
26 36 -114 
42 -51 19 
-14 75 -138 
4 -16 52 
30 -103 116 
13 -109 -52 
-146 -35 70 
-36 34 42 
-49 102 89 
119 54 132 
100 147 -121 
133 56 -35 
148 -127 -75 
-27 -40 33 
-88 124 -112 
29 -149 16 
-130 -139 -104 
-72 -81 -53 
-34 -53 67 
38 -11 -79 
-70 -146 108 
139 91 33 
95 49 134 
-66 -29 13 
-108 1 -117 
70 -79 -135 
61 -37 -16 
138 126 -11 
47 -14 11 
-39 107 3 
-97 61 -125 
15 44 111 
37 86 82 
-129 79 -10 
119 20 -82 
-42 116 105 
-15 58 107 
-108 -26 49 
-134 -64 -54 
86 55 34 
98 -138 -124 
61 -133 10 
-27 2 -64 
-105 -75 17 
101 116 -102 
-133 -127 -10 
-122 56 -82 
-127 -87 115 
-72 -111 50 
108 -147 99 
23 45 -142 
-90 63 72 
10 -43 80 
-120 -86 149 
22 -117 65 
60 2 -113 
-8 82 116 
-136 150 -75 
35 -46 -132 
50 -141 -48 
16 -50 -9 
64 123 54 
81 -88 -35 
30 -72 67 
89 85 31 
-62 65 47 
133 -31 -33 
81 -109 38 
115 -48 100 
-62 -1 -44 
-28 -95 -125 
81 -49 -112 
-141 -24 119 
-49 -115 24 
13 -99 -82 
63 -107 -5 
-93 -41 -91 
-116 53 -66 
101 34 -43 
114 -109 137 
-23 -98 61 
91 -136 28 
-9 23 -79 
-137 117 61 
-13 12 -96 
92 141 -25 
128 113 85 
-89 -4 -111 
105 79 88 
-83 -98 -114 
-70 -2 72 
-22 -2 76 
36 -124 26 
88 42 -94 
-46 86 -77 
-19 -15 -109 
68 -38 36 
121 -148 149 
65 70 -94 
-6 30 -148 
135 6 17 
7 90 142 
-123 -6 13 
96 109 39 
-4 -81 11 
-34 -145 45 
28 -88 -2 
53 26 18 
72 7 -108 
14 47 36 
113 83 66 
86 121 106 
96 -32 42 
19 83 -110 
-5 80 129 
-88 -35 118 
-73 24 -14 
130 6 49 
138 -2 -27 
128 -133 150 
88 -8 -1 
10 71 -115 
-79 69 -37 
-38 -57 -36 
-110 105 34 
-21 116 -39 
-40 -8 -141 
4 113 55 
-106 -120 -37 
-11 4 -57 
95 -62 -31 
28 -134 69 
-7 119 -11 
78 41 84 
-51 -112 121 
-62 -132 76 
-30 102 136 
149 -118 36 
69 -60 -14 
97 -72 -7 
-21 -70 34 
-60 92 140 
89 -68 -81 
-98 25 61 
57 -101 107 
-22 -66 -42 
-63 -46 -105 
-45 12 -147 
-63 48 -59 
-90 82 -1 
-108 -138 94 
-60 -117 -66 
45 -79 -102 
-11 142 -114 
84 9 86 
47 -22 48 
-116 121 80 
-86 -145 3 
-85 -2 52 
-126 139 -109 
-39 19 140 
4 68 58 
-19 -32 82 
-101 11 57 
-47 78 1 
54 -142 -25 
117 -130 34 
-147 43 -93 
104 -23 142 
-101 43 80 
-90 52 -33 
-140 -19 58 
-37 11 -25 
51 -36 89 
-10 -100 -27 
126 34 -62 
129 26 12 
145 133 77 
25 -62 -71 
-76 -26 -20 
8 131 70 
-46 149 -29 
78 1 -15 
10 -68 102 
52 51 45 
78 -147 89 
-74 -18 60 
-44 -92 -112 
-40 142 -99 
137 -30 128 
-64 65 11 
72 150 -131 
-97 18 -145 
-124 -114 50 
-76 -15 -27 
-98 -71 17 
-80 9 108 
-107 -78 -114 
74 -99 -25 
-133 29 13 
-83 -91 55 
-105 -108 10 
12 36 -134 
6 147 -30 
122 -33 -139 
-1 17 -138 
-144 -92 21 
-27 -124 -106 
7 2 -119 
-28 -66 94 
145 -109 -50 
-66 -148 47 
8 -1 -42 
48 141 -150 
17 -24 74 
-43 -106 -39 
-64 20 -106 
-3 52 -93 
14 -36 -148 
-34 -126 22 
88 -47 19 
-84 48 120 
7 21 95 
87 53 71 
-34 43 -64 
83 43 38 
60 126 11 
-13 -10 127 
-110 72 149 
-38 -48 -61 
-131 -99 47 
-57 120 -13 
-129 -76 -83 
88 -95 -12 
-81 9 64 
68 55 44 
-33 -77 102 
97 -88 40 
54 -144 14 
-31 79 -33 
51 5 -13 
-71 65 16 
29 90 -126 
-122 113 31 
-99 39 18 
-143 -82 101 
-109 79 25 
78 -48 81 
122 52 -73 
-31 -91 105 
64 -104 141 
-65 89 -24 
130 -133 113 
149 -56 30 
-136 65 117 
-120 146 144 
-147 58 8 
120 89 150 
-48 -13 -21 
-44 -65 -14 
41 -150 26 
-118 -117 42 
50 115 -128 
-83 13 -93 
-118 26 1 
