36 99 60 
-28 -58 61 
72 -117 -51 
-32 -84 125 
-74 10 33 
48 45 123 
91 29 -16 
46 63 -65 
53 -10 113 
75 -140 -71 
99 -66 -6 
4 -107 53 
55 -134 -44 
-45 -35 -61 
-56 -87 -71 
-124 -93 15 
-143 79 -9 
-44 -52 -19 
129 87 -59 
-90 46 -64 
144 20 51 
-80 -15 -75 
-33 -4 -50 
64 -52 17 
85 81 -15 
-20 97 -4 
62 67 -96 
21 62 -26 
-76 -146 -32 
32 112 61 
83 -4 110 
-92 -106 79 
75 100 35 
-46 143 136 
149 -76 -121 
-60 3 -41 
129 127 -34 
64 48 -121 
-78 42 38 
34 -120 -50 
30 -111 45 
17 -70 99 
72 -1 127 
47 -99 71 
-88 -67 -17 
38 36 4 
70 4 81 
-50 17 -4 
141 -106 95 
-32 -48 -132 
-10 91 -34 
-21 -108 69 
103 -110 118 
-93 12 -108 
-56 -85 149 
-74 36 -6 
-30 96 -132 
-19 -27 113 
-142 -89 13 
132 102 148 
-145 -105 -46 
-34 19 98 
46 33 10 
-54 -72 -95 
-21 -30 89 
-145 85 128 
-150 7 -74 
-129 87 91 
51 140 99 
-44 -77 93 
95 123 108 
56 -25 97 
63 -68 20 
-75 69 3 
94 -6 -23 
-55 1 -112 
128 99 11 
-1 99 -67 
132 -22 115 
29 -55 52 
-29 78 -19 
37 105 7 
-100 34 -62 
142 117 -23 
-34 9 -21 
64 35 -7 
-102 74 30 
-68 45 143 
-44 140 47 
-148 68 -105 
72 117 -3 
-49 -87 131 
-130 -93 -42 
137 -148 -144 
-123 34 -25 
79 -6 -34 
-26 86 -79 
71 -40 -66 
7 -24 -13 
143 -108 49 
-50 -97 100 
-128 121 -41 
7 99 -33 
-19 -113 11 
-47 -86 -8 
-91 140 -44 
4 -11 142 
-112 16 -8 
46 -118 81 
81 150 71 
100 66 -8 
111 -134 33 
107 -49 1 
89 -70 -128 
51 -144 -7 
72 -95 57 
-134 30 -15 
84 -145 -67 
41 84 -145 
87 64 -16 
-120 -48 57 
-2 -103 -37 
-94 115 33 
34 58 -113 
115 11 -21 
19 13 37 
-103 -126 102 
105 -14 5 
50 -35 -61 
-18 61 -130 
87 36 -100 
-4 71 33 
-1 -15 -70 
-16 -3 121 
-1 44 86 
-54 -5 71 
-33 -39 1 
6 -12 -139 
4 21 45 
-104 16 92 
-70 -85 -2 
-54 26 -131 
18 -108 105 
142 15 -95 
40 -37 -99 
9 6 135 
3 -6 -138 
-60 41 127 
76 -16 -51 
-61 112 44 
-22 15 -130 
-120 105 -113 
70 18 6 
-100 88 125 
-9 88 -125 
-107 -112 -135 
-121 55 80 
18 -5 50 
6 -137 38 
-7 -79 -39 
58 63 -5 
-93 -76 97 
105 7 93 
129 -49 37 
-69 36 -22 
116 -73 131 
-54 -111 114 
-104 -70 -103 
68 -71 114 
110 119 81 
5 -135 116 
-67 -103 -136 
83 97 1 
-106 13 44 
5 40 -111 
-110 9 -87 
75 -128 -80 
61 110 -95 
-21 -98 39 
50 27 -126 
125 88 -54 
-27 122 -123 
-34 38 -1 
-119 -89 85 
65 -61 -122 
-62 63 -32 
-51 -99 -67 
-78 95 -81 
-48 -33 -27 
76 137 58 
6 14 29 
-60 -70 58 
85 -73 -92 
136 70 -77 
-16 -141 34 
108 118 69 
-26 102 126 
63 -21 73 
82 132 -102 
-26 113 29 
-29 -88 -112 
-22 24 -112 
60 -46 6 
148 -75 -20 
-19 -143 58 
-65 -74 149 
6 -33 115 
-107 37 80 
140 149 69 
-54 93 -134 
-93 -13 132 
-134 -124 -62 
14 68 -77 
132 146 -113 
-127 110 113 
34 120 -74 
10 65 -56 
24 116 -5 
-145 -21 -97 
75 86 42 
127 143 31 
9 -149 119 
103 83 2 
72 68 57 
115 -14 -70 
99 15 136 
-14 97 -111 
110 116 123 
-7 131 63 
-31 -13 -127 
-84 -34 -40 
-47 -75 3 
-128 83 97 
48 -53 -17 
4 136 65 
-87 9 -3 
-110 18 88 
-25 16 -47 
-146 -43 66 
86 141 -49 
-58 15 -39 
56 -10 26 
18 75 89 
-22 -18 48 
68 120 -93 
2 -22 -83 
-14 -145 15 
114 113 92 
-30 47 111 
30 57 38 
-37 76 67 
141 -3 -120 
73 36 -39 
-30 -79 -77 
-24 53 102 
6 -132 -99 
95 138 -136 
-1 -102 145 
35 146 -133 
149 25 72 
-41 -149 -18 
2 -100 -9 
-99 -8 4 
-96 -37 -143 
50 105 -52 
-25 7 -98 
-112 64 95 
-17 130 2 
112 4 139 
-45 -27 144 
-134 -103 -92 
91 7 -123 
-148 68 7 
84 -68 -106 
-86 124 9 
-71 -31 3 
116 -5 73 
-35 -134 41 
44 -100 -33 
130 2 -85 
48 -15 -38 
109 72 78 
101 -65 2 
-44 121 52 
32 46 -126 
129 -134 -54 
-78 -1 -41 
-58 -76 19 
-80 -145 72 
26 123 -3 
-125 -88 -123 
-127 128 29 
3 119 53 
26 30 -22 
-37 16 44 
-13 -144 -7 
21 -103 -78 
51 -102 -7 
23 87 -10 
-11 46 -26 
51 -8 -55 
-126 112 -144 
109 -61 -69 
-149 35 -7 
-96 -61 99 
-43 -51 -137 
65 -101 145 
133 -62 69 
-58 -75 76 
95 79 -52 
-34 4 30 
4 -97 -118 
74 -23 9 
-75 -127 -111 
73 -22 138 
36 67 -9 
-109 -104 125 
15 23 46 
-5 132 -36 
-35 63 -95 
-95 27 49 
5 -150 14 
-71 92 -101 
-143 -40 101 
-119 84 130 
20 10 -44 
-26 117 -86 
11 7 -56 
-16 73 -138 
73 -66 -75 
-10 100 64 
13 98 -120 
-126 103 -18 
-17 -86 -16 
-21 78 1 
-121 19 10 
-2 -20 109 
99 -125 39 
-74 -73 -63 
-131 22 26 
140 -71 121 
43 70 115 
-146 -7 74 
-122 -143 -111 
135 69 53 
-86 79 -34 
-39 -38 121 
150 -69 -99 
-140 141 -150 
128 86 -39 
-2 65 135 
106 141 -2 
123 -35 119 
-18 12 -122 
97 -116 77 
-118 99 16 
-104 112 27 
64 -137 -66 
-112 132 9 
-136 94 3 
-112 133 71 
124 -38 -5 
130 -69 83 
-54 82 -33 
-5 43 -65 
-19 -77 -50 
-3 -96 37 
-56 -108 -109 
47 -104 -101 
-98 -38 -100 
-142 -89 -41 
-11 74 -39 
-11 -149 37 
-101 96 -143 
44 -123 -38 
138 45 -119 
45 -14 -111 
-54 -1 108 
-124 131 87 
-64 129 -128 
53 -109 -20 
77 101 -16 
-79 -41 25 
40 63 -135 
-42 -30 -3 
144 -71 21 
29 17 132 
73 -60 -22 
3 121 144 
-140 31 87 
58 3 17 
-80 -147 -52 
1 -19 -10 
-99 -145 -19 
94 -37 70 
-124 -61 -4 
-7 22 26 
-9 -8 136 
-82 31 -17 
72 -1 -22 
-46 -121 69 
100 115 141 
89 10 -143 
-34 -72 17 
-105 12 123 
-91 -95 77 
126 -100 -20 
138 114 -145 
50 35 54 
119 42 57 
101 -64 97 
10 129 -26 
-38 -139 27 
-75 -31 -79 
-34 82 -141 
-35 -50 110 
15 62 -136 
-65 120 93 
44 76 23 
-49 116 -73 
113 107 -5 
-66 -102 -35 
-71 -124 -52 
-142 -117 35 
29 -112 -12 
42 -58 -128 
-38 46 -2 
-73 55 -35 
-134 -43 2 
-112 -127 106 
-113 -41 131 
9 14 -98 
77 -66 -62 
-35 66 -123 
68 -148 74 
-115 -50 -18 
39 -38 42 
108 140 -76 
15 95 -65 
-117 -42 113 
-141 142 -84 
-2 -67 137 
39 5 142 
-62 112 -84 
-38 -145 6 
-125 6 40 
-92 -149 -42 
-18 -91 83 
8 -70 42 
-106 -55 7 
144 143 5 
83 -134 -41 
36 53 23 
96 -67 -82 
-104 -4 115 
-130 103 -12 
-19 17 -118 
94 10 29 
23 20 -139 
2 -74 -106 
22 -3 125 
-82 -13 -101 
107 22 36 
-30 -109 55 
77 2 -91 
7 138 -130 
-49 88 -114 
113 110 104 
-61 81 -23 
-119 6 70 
15 34 45 
-50 3 6 
35 -74 -104 
-1 -90 -117 
-65 -30 -67 
118 43 61 
-101 -88 16 
-124 44 62 
56 -119 -15 
17 39 -135 
9 -70 6 
-26 -90 -60 
-13 33 -12 
-60 -21 -13 
129 55 83 
27 -32 -145 
149 -132 -86 
17 102 57 
-119 -139 -92 
26 61 -2 
-35 -4 -42 
-29 18 150 
-58 -48 50 
-81 -48 21 
-56 21 89 
-18 -8 -129 
-10 -73 -23 
36 79 22 
-7 138 10 
-1 113 15 
-146 -129 23 
84 81 148 
-42 -72 -147 
11 54 101 
-9 -41 -1 
-94 -68 116 
54 -2 18 
-31 38 21 
89 -150 -93 
-38 -46 -5 
-97 106 -25 
110 -19 -62 
-32 28 -12 
-137 -142 -48 
10 -43 55 
-59 104 -21 
-55 -21 -105 
-26 118 -71 
45 -9 -86 
107 142 108 
-7 -20 88 
-54 -47 -94 
9 -6 35 
16 -94 51 
-30 130 87 
140 -122 -83 
114 -124 -144 
-34 78 -21 
32 104 41 
-85 -24 -35 
-29 89 2 
-87 -31 -110 
23 133 32 
101 -77 -106 
-64 -12 104 
68 11 -3 
-80 120 34 
44 -40 137 
-76 98 -85 
1 -5 47 
99 -91 122 
63 -43 18 
100 109 88 
-11 39 -110 
47 119 6 
-98 -60 102 
45 -33 117 
73 -125 24 
57 113 12 
119 -52 64 
-75 124 11 
33 -131 145 
125 43 -48 
145 -29 -135 
-144 83 -96 
-80 -138 81 
77 -54 -25 
-145 41 123 
-56 10 116 
23 8 57 
108 1 87 
127 96 -101 
-31 6 -38 
3 -49 -88 
21 84 -29 
-58 130 94 
-8 96 -105 
-140 -87 -82 
52 -18 -56 
20 42 67 
65 42 -73 
-108 95 -71 
61 133 54 
38 99 -27 
-134 -72 -84 
-58 112 -97 
97 -71 -74 
32 -61 144 
-119 115 22 
89 69 30 
-140 -78 91 
-21 141 25 
-88 -100 23 
39 47 -18 
-24 95 -101 
17 -22 -2 
100 -13 92 
36 -6 53 
109 -97 56 
115 -31 74 
-145 93 -130 
73 -48 117 
43 -100 63 
46 -105 137 
-61 141 76 
10 -28 -49 
-145 2 -110 
50 -11 -20 
35 63 76 
-86 28 65 
