112 -16 -67 
83 -138 94 
-8 1 -139 
72 -49 53 
-50 97 40 
-149 56 -1 
61 -20 -104 
54 57 -51 
95 77 99 
126 -55 40 
1 -147 -129 
-91 -127 2 
-45 -62 -142 
78 -103 87 
-10 32 85 
21 -3 -61 
119 -100 69 
91 58 81 
-1 71 -98 
-86 9 39 
-125 -85 -141 
-130 -8 91 
-111 -57 -33 
-41 3 -109 
1 -102 69 
-46 16 34 
41 23 -113 
-92 -115 94 
30 2 6 
-49 58 87 
120 -141 -97 
128 64 -18 
94 87 -42 
-124 -67 8 
-137 150 86 
-11 75 -131 
82 51 -3 
-144 -55 31 
63 -7 -46 
6 119 94 
3 -112 -136 
147 -31 65 
-68 -33 43 
36 -39 -2 
-15 -112 -94 
102 39 71 
-150 120 -56 
80 40 81 
22 -7 -43 
-84 -65 -68 
-110 140 63 
-46 105 86 
114 -20 -98 
-113 60 118 
93 -9 143 
99 -134 -29 
73 -19 55 
12 41 136 
24 82 64 
59 -80 65 
-8 -10 16 
-47 102 -109 
-20 4 7 
-109 -45 -99 
1 -97 -137 
-120 78 95 
-71 -14 46 
-90 84 -58 
83 95 98 
118 89 6 
142 90 41 
-78 43 -59 
17 66 98 
-133 -95 69 
17 76 2 
-129 -5 -143 
-32 -135 70 
119 15 68 
-21 91 93 
-103 113 -41 
-127 119 -72 
-93 -52 62 
-114 40 43 
-146 -69 4 
-55 1 116 
22 -83 -81 
17 -73 -62 
140 142 -118 
130 -103 31 
-29 93 8 
72 99 -81 
34 89 63 
102 -103 4 
-80 -6 -73 
-7 -82 113 
49 92 32 
-107 111 81 
-126 78 144 
80 110 53 
-24 47 115 
-31 93 -134 
80 4 -78 
47 -35 -134 
-111 88 -144 
-139 133 103 
48 92 115 
-88 5 55 
52 -11 20 
149 71 -52 
24 142 -10 
-113 -122 45 
87 17 70 
-13 59 -16 
15 114 20 
42 125 106 
57 -148 -144 
31 81 104 
41 134 19 
-18 -25 2 
21 -56 150 
-122 -69 -146 
80 81 -82 
124 63 -8 
78 1 19 
41 28 49 
-41 -2 7 
109 -6 -63 
110 -56 -133 
-32 -19 -66 
20 -7 -65 
-37 42 -93 
137 -21 -123 
-120 -117 25 
97 136 139 
-1 18 -146 
134 81 65 
121 107 42 
-51 80 -123 
44 4 -121 
55 -21 147 
73 111 -16 
-59 24 -129 
84 -20 -25 
-16 50 -41 
117 -81 -33 
134 125 -35 
44 -59 -98 
92 -104 128 
-39 -114 132 
61 -59 7 
35 46 55 
-78 -67 53 
-79 110 120 
-91 40 88 
-113 -27 134 
77 65 -72 
39 -113 -98 
38 -40 -24 
149 66 -16 
-33 -78 47 
50 -27 105 
-138 -18 -125 
-2 -62 102 
20 -140 -3 
-56 -61 20 
-96 82 -70 
12 119 83 
-112 -1 -144 
71 -76 -26 
-53 -61 11 
100 23 60 
5 -102 91 
-146 -49 -3 
-141 13 -25 
-89 -52 45 
55 -88 149 
19 86 64 
-136 48 -81 
-76 -2 -15 
118 -48 108 
-21 -59 71 
-13 111 98 
-137 -34 -149 
-86 -55 34 
-120 2 29 
-131 -28 3 
107 -34 122 
-5 -60 129 
-88 36 -123 
28 2 134 
-1 -8 -59 
-24 -114 -136 
-53 21 121 
131 -59 -116 
3 11 50 
111 53 -60 
-9 -146 -57 
134 -136 -41 
131 24 -94 
129 -73 -123 
-67 -11 -12 
17 -10 6 
-9 127 13 
-47 -6 23 
-77 -124 66 
-100 -12 -30 
69 120 127 
113 75 -93 
-127 26 2 
29 48 145 
-4 94 -149 
-4 150 44 
117 101 -40 
-49 63 34 
-77 52 -3 
-92 -101 9 
-32 7 -5 
-133 -76 105 
44 -141 71 
52 131 -121 
18 -12 133 
41 -119 -90 
-77 -1 -25 
112 -27 -56 
-34 -39 -100 
17 150 -8 
-37 3 -63 
-27 128 1 
1 -52 -32 
100 -11 20 
30 -25 -96 
46 -129 118 
-38 -9 17 
-37 -8 -110 
-75 5 -1 
-34 -40 -125 
-78 -131 -37 
47 -138 -82 
109 -48 38 
13 46 -126 
3 -116 58 
-102 73 -4 
-67 18 78 
140 -111 59 
109 -97 22 
-80 -97 -62 
77 -33 -62 
58 -146 -82 
55 -4 -62 
-9 135 -75 
57 20 112 
33 -3 100 
122 133 76 
2 -120 -102 
29 -88 44 
60 -6 -82 
-39 -8 -91 
115 139 -89 
44 -7 -141 
113 -1 125 
-150 -49 -13 
-70 -61 -8 
-135 -129 52 
-11 140 -53 
-133 15 79 
65 28 99 
72 82 10 
121 -3 -37 
51 25 92 
-40 150 -22 
-8 -52 63 
8 86 110 
-137 -100 -148 
-42 -83 116 
74 -97 99 
50 -66 40 
-112 -149 -78 
-84 82 -2 
55 98 -1 
129 -104 7 
-90 -88 83 
104 94 -100 
-61 81 -21 
93 146 105 
-7 -15 -70 
4 -53 -12 
-9 1 25 
-97 46 -36 
-117 -78 -13 
10 -149 -143 
20 -127 147 
70 33 -56 
35 -76 16 
24 -2 -94 
-46 54 35 
-89 -57 44 
45 134 -135 
-10 81 19 
40 13 -87 
89 -29 -40 
-22 -109 128 
-43 -82 -51 
-34 -62 138 
-74 -85 -78 
20 -128 -39 
142 -16 2 
-120 -56 42 
4 -90 79 
17 -89 4 
17 -2 -89 
-18 5 148 
27 148 -71 
25 -92 -47 
-149 -88 73 
36 134 -51 
27 -11 142 
59 -84 -137 
63 92 -127 
75 -17 -122 
-104 137 -116 
-14 80 -23 
124 -143 -135 
-133 -135 53 
74 47 -71 
139 90 149 
-98 69 107 
-97 -91 -78 
126 75 34 
125 -128 -63 
98 129 -109 
-103 51 111 
-50 -64 -30 
-39 12 142 
-41 123 112 
68 141 -116 
23 -17 132 
-83 31 144 
-82 95 121 
52 -129 -150 
-97 -24 85 
130 -9 116 
-89 129 23 
139 57 -94 
-146 -1 -79 
92 98 144 
-34 84 -29 
-140 16 -82 
-137 -147 -16 
-59 102 86 
-116 89 22 
-96 -45 117 
-131 -30 -89 
-39 -59 -43 
-101 -23 -64 
135 80 -56 
-46 -31 -70 
16 17 -150 
67 -146 122 
92 -96 22 
144 -92 94 
93 -80 122 
-81 -71 66 
-49 43 -140 
-28 -89 -149 
-73 17 -43 
6 -88 119 
61 96 32 
-18 112 89 
26 -82 -32 
-26 98 35 
-80 -87 5 
104 -94 87 
136 6 49 
-33 43 96 
-24 103 -129 
-12 -14 -13 
-11 -34 2 
42 144 10 
99 68 124 
45 -1 -3 
-38 -49 29 
-5 -90 150 
-3 81 -94 
8 -123 80 
118 -44 27 
7 100 -6 
-19 -21 -10 
-42 -57 129 
-16 54 -89 
-2 -68 85 
119 4 1 
-64 -22 103 
-24 -2 -95 
-2 68 110 
-75 -150 111 
121 -105 -23 
-109 6 15 
-63 74 102 
-93 38 -112 
143 -76 8 
-56 -37 -104 
-103 -104 -33 
-48 -104 9 
35 32 -109 
-102 -150 81 
-119 -69 109 
29 -46 -7 
-87 -45 -146 
-1 -111 -71 
-1 128 119 
-138 -74 53 
6 7 -96 
50 93 -41 
-58 7 -34 
70 148 -42 
-103 -105 88 
-41 58 -51 
49 -61 69 
-27 81 -21 
84 98 61 
-107 120 -113 
22 31 17 
13 116 -64 
-22 13 -103 
-11 150 -142 
57 -103 -48 
-118 46 52 
69 -77 -137 
38 138 1 
1 -103 26 
-69 29 127 
119 84 -104 
-63 64 -29 
99 11 19 
122 57 -68 
-45 90 -23 
125 135 93 
31 -44 1 
-98 3 118 
-58 54 -146 
75 -63 -124 
-102 -3 131 
-139 102 64 
-50 127 97 
101 56 -146 
-15 43 51 
6 -130 48 
5 21 80 
-16 -114 99 
-130 -142 112 
-113 -106 139 
67 110 -63 
80 67 8 
-55 -94 104 
36 93 -2 
-74 108 -34 
-85 147 75 
39 -99 -83 
127 88 31 
129 -57 1 
58 66 2 
-50 -79 75 
-105 -119 22 
71 144 -15 
147 5 -68 
-4 -139 -20 
-16 19 27 
-27 24 88 
-88 -112 -94 
-89 -48 -84 
3 -41 -98 
-42 -120 -61 
26 8 145 
81 -69 -11 
29 -100 -146 
-77 41 -146 
-54 -97 -92 
47 72 -17 
133 89 53 
3 8 -34 
46 -127 -13 
144 -41 4 
16 -135 65 
39 -35 60 
9 106 130 
-77 142 111 
22 -28 6 
-31 4 -114 
3 119 -4 
148 50 -43 
-45 44 -109 
70 130 -24 
-139 -133 84 
-44 -91 -10 
124 98 -90 
-33 -127 92 
-32 102 -53 
-29 26 -114 
-79 65 57 
-16 -60 77 
2 -28 -77 
21 -1 -103 
-4 139 11 
31 -12 149 
-75 -118 -55 
-24 -127 -58 
14 -21 89 
100 -132 -59 
-142 -135 -81 
66 -47 -25 
5 71 -130 
-132 107 -3 
-117 -15 -129 
-95 138 -144 
13 15 40 
-125 12 -21 
-112 -95 77 
-35 -106 -77 
74 -99 -14 
67 15 -34 
43 11 16 
-13 101 63 
35 -124 86 
-47 75 50 
-24 92 122 
-136 -100 -114 
-40 83 76 
10 -43 6 
49 -88 -51 
-25 123 119 
51 -150 -39 
96 36 80 
144 -52 136 
98 -100 36 
73 8 -41 
-122 95 85 
94 -85 57 
71 17 -84 
-126 -90 -77 
-65 -2 52 
63 -42 83 
83 27 -111 
-132 81 -105 
116 41 28 
82 26 -46 
76 -147 141 
54 -55 -69 
37 -29 -1 
33 -66 -69 
-127 -71 -32 
-33 -58 95 
-6 -46 -135 
-52 34 72 
81 -137 1 
64 -73 -130 
45 -145 -71 
-31 -116 107 
132 32 129 
-28 -65 112 
101 128 -90 
-88 -36 129 
22 -145 -26 
31 148 33 
41 -149 129 
-117 92 -17 
-115 28 -139 
-81 123 94 
-5 90 -25 
-119 -1 -18 
115 37 -62 
45 71 -7 
-109 -62 123 
44 -64 -55 
129 60 -97 
-58 148 86 
22 73 112 
-39 -54 -4 
-77 -18 -91 
126 83 -76 
50 -78 10 
3 14 101 
-69 -62 105 
-9 121 99 
-16 -83 51 
3 -20 95 
-39 116 142 
114 22 98 
61 -8 84 
12 -132 -4 
9 -43 -103 
-90 -24 -4 
-143 -110 23 
100 87 -31 
147 106 -67 
39 -55 -15 
-10 25 144 
-115 12 -134 
-116 -40 150 
-57 106 -122 
-110 127 -59 
