38 -89 -122 
129 -41 37 
120 93 141 
-46 121 -20 
-74 16 81 
-27 101 20 
134 -48 4 
17 142 43 
118 3 -37 
-6 117 85 
-40 43 13 
125 88 105 
-59 -12 -70 
24 -122 109 
51 -43 -66 
81 127 -78 
-59 -122 80 
-4 -50 89 
-14 38 93 
125 -62 13 
81 130 71 
-55 120 -83 
-77 49 -37 
-66 -95 -25 
35 3 42 
-43 -7 131 
-83 -80 -84 
65 2 144 
-77 -119 -101 
-48 99 54 
50 44 78 
-16 147 80 
19 110 -10 
42 108 148 
-37 -139 -60 
8 -50 3 
-144 82 14 
-25 -30 99 
63 -144 22 
120 -101 -74 
-104 32 -45 
15 -32 3 
-124 -9 14 
48 -25 19 
61 -2 -124 
114 124 -54 
55 -108 -10 
133 -51 -37 
-32 -35 69 
-47 -132 30 
92 -138 10 
127 21 5 
132 23 -129 
63 -38 29 
41 -1 74 
126 31 83 
52 2 -22 
-39 -69 -6 
59 -13 1 
-104 6 61 
86 141 88 
-101 45 -61 
42 -140 -128 
88 -34 -29 
133 84 -15 
-15 24 -111 
-102 -22 105 
70 95 135 
-123 44 -88 
-85 -22 -17 
139 -96 26 
109 134 65 
91 -17 -18 
16 59 32 
-4 95 76 
11 -93 -76 
-130 42 -6 
101 2 -48 
7 -84 -19 
-133 27 18 
115 112 101 
2 -10 37 
135 15 -13 
-90 -2 -31 
-147 39 -54 
15 -40 34 
-7 77 -66 
-92 -86 42 
-125 110 76 
-103 -80 -96 
-6 18 -12 
-145 37 86 
118 19 -14 
117 -136 -37 
20 -142 135 
108 3 57 
66 -92 11 
13 -36 72 
74 -1 -26 
27 132 12 
74 107 12 
-15 -31 54 
-59 -102 116 
-4 -3 -134 
-102 86 -95 
-7 -24 54 
4 -125 2 
-29 17 -9 
-81 -9 94 
-145 -2 111 
-123 -11 46 
-31 22 130 
-2 63 52 
-102 -23 -136 
-123 -139 118 
98 120 -72 
146 107 14 
-149 31 36 
-127 -45 -58 
114 -94 -134 
63 48 16 
-3 99 36 
-6 -45 71 
-66 -37 35 
81 -92 -45 
-8 15 83 
-23 89 53 
-89 -71 8 
26 -139 53 
-12 5 138 
-12 -14 13 
102 93 -91 
-88 1 -105 
18 64 121 
61 -33 -57 
88 31 -119 
-51 20 24 
-128 -134 -106 
-101 -75 -1 
-23 6 113 
-60 136 -149 
-83 4 38 
113 70 12 
-10 -18 26 
-7 102 -104 
119 -131 -36 
-136 -16 70 
32 -36 42 
4 -33 32 
121 -29 -119 
-33 115 -102 
-133 -52 -39 
-132 82 140 
-27 -2 -82 
-39 -133 -58 
22 -147 82 
71 68 14 
119 63 27 
-74 98 115 
109 3 28 
102 -7 -68 
27 -3 -18 
-53 70 58 
-146 -147 2 
130 105 13 
66 122 -99 
-139 -150 79 
108 -71 63 
78 80 101 
-90 18 -9 
149 97 -125 
42 142 111 
63 145 3 
120 -111 -65 
38 139 -71 
65 -122 -3 
51 50 9 
116 77 145 
63 18 -32 
-13 -45 -81 
-54 -124 -106 
117 -49 131 
-125 -141 33 
-123 28 -11 
137 86 84 
-44 146 64 
-42 -34 -13 
-9 106 30 
-106 -60 -68 
30 -98 -137 
-2 -122 -90 
22 -114 19 
123 -130 61 
108 -50 -39 
-133 -107 -118 
-105 136 97 
-58 -21 -132 
-70 105 -126 
-54 -103 40 
-22 93 -149 
-65 -116 35 
-17 67 -32 
79 -21 110 
-18 41 35 
143 -57 -138 
-38 13 -132 
-90 -2 37 
10 106 -30 
-55 123 -41 
65 -83 -8 
-16 150 -85 
85 76 -109 
-31 102 136 
-19 -61 46 
7 95 -110 
45 -64 38 
-132 -40 48 
118 6 24 
-26 65 -96 
-3 -115 70 
58 -66 42 
47 -81 18 
38 80 -145 
-87 -36 -147 
149 -33 -130 
-47 35 -5 
6 -98 -92 
-61 -19 47 
150 48 126 
15 -51 -71 
-13 -44 -102 
-27 -131 -68 
129 -54 20 
-117 38 -30 
57 -47 -30 
-81 126 -50 
-112 -140 21 
32 57 113 
-13 6 121 
-129 48 70 
141 -18 -59 
2 10 50 
119 -47 -107 
-21 38 42 
-146 110 109 
81 106 124 
-103 45 -30 
123 -124 -23 
-106 -97 28 
-20 48 126 
-49 -3 22 
-47 -38 -124 
28 123 -22 
-15 123 149 
130 144 -51 
107 -15 68 
96 133 -9 
65 86 -46 
35 -66 -103 
118 -128 77 
-11 -24 120 
12 69 -6 
121 -104 -148 
35 60 105 
117 49 63 
12 84 114 
137 127 -42 
-39 145 -3 
103 46 -37 
-16 46 -13 
29 3 -113 
92 -46 70 
147 -101 34 
-71 -76 -136 
-58 -23 -33 
-93 -139 -117 
-29 -1 -144 
-91 -53 -148 
60 -139 2 
-113 109 -11 
-29 -135 21 
-17 -84 131 
144 87 67 
131 34 100 
147 -148 67 
30 -103 -41 
-95 -27 -43 
15 -146 62 
-107 39 2 
125 -40 111 
-102 124 148 
-50 45 -140 
94 14 -71 
-19 -26 -23 
21 -86 -26 
-109 -82 -129 
81 -115 89 
65 -34 -124 
83 -69 63 
-98 -83 -70 
3 -16 -61 
-2 98 -23 
-24 -80 -144 
-91 -76 -24 
31 74 105 
-8 -128 53 
31 -141 87 
-100 -87 -44 
-45 -4 -36 
140 -56 -97 
-44 -1 -47 
40 -134 -114 
68 -13 22 
4 132 51 
-21 -84 -145 
-53 -147 15 
-30 -31 54 
75 -109 34 
88 -37 148 
-111 -95 36 
94 -103 35 
14 30 87 
127 46 145 
-23 -124 -43 
60 126 39 
88 41 91 
-139 -90 35 
-32 145 84 
-131 146 5 
148 -13 149 
97 -51 12 
111 91 143 
70 102 -38 
143 -13 29 
36 66 99 
-39 -69 145 
-54 -4 -112 
-50 56 4 
-84 -14 61 
-36 59 70 
-71 120 91 
-92 -23 1 
36 -98 -35 
-55 109 -65 
-58 71 15 
43 -85 -49 
-33 58 30 
1 73 100 
-108 -115 126 
20 17 9 
-99 19 121 
-79 40 -48 
-113 -70 29 
-81 5 4 
-92 23 -71 
48 130 120 
-43 36 44 
-128 -24 7 
60 -113 -16 
33 -10 -95 
-140 -80 139 
-137 -19 106 
-20 -77 -87 
-75 -47 -140 
-24 34 136 
-2 -10 75 
31 140 120 
74 -14 138 
2 -40 140 
104 -40 23 
-138 -113 -32 
-46 14 -27 
-105 68 -71 
38 79 -125 
-15 -65 110 
-85 99 -60 
59 55 93 
-136 -19 -40 
-90 -70 -2 
114 99 -141 
68 66 117 
-52 17 -135 
-139 -122 10 
27 -137 64 
-134 5 -43 
136 -91 -50 
5 137 56 
98 132 -139 
-59 115 -32 
-142 109 -136 
-10 -17 -138 
-35 -2 130 
-103 11 -46 
86 128 -136 
49 -13 -84 
1 135 -17 
-59 -115 -124 
15 136 -36 
-81 128 18 
-53 144 -29 
38 -105 -43 
-1 -139 58 
148 -96 -16 
-66 -96 82 
67 145 -122 
-7 -99 140 
-40 23 -16 
80 -103 -141 
-72 -69 150 
-24 98 95 
42 -7 -60 
-108 6 -53 
66 -17 33 
15 115 -39 
134 -123 57 
-120 -78 -86 
-56 -17 -75 
1 -39 107 
34 -7 -42 
81 -82 -107 
2 114 91 
5 134 17 
-65 7 -29 
42 -30 -138 
3 137 -115 
-113 33 28 
66 -140 -41 
139 91 137 
-67 -18 117 
99 -15 39 
-36 7 54 
112 -6 22 
143 -76 23 
96 8 -14 
-150 -22 -2 
-45 58 120 
-72 44 61 
16 -38 104 
-22 35 -112 
116 -82 -18 
-2 -90 -27 
142 48 -114 
-118 -63 13 
-123 -3 42 
9 149 48 
-78 16 -26 
-22 -20 34 
26 -100 134 
55 50 -61 
-108 120 24 
-84 12 92 
-15 89 19 
-41 -147 -141 
-100 -84 -32 
-30 119 -93 
-69 126 -93 
-60 -44 -10 
-150 -21 -146 
-46 4 97 
-88 139 -106 
-31 58 -12 
79 -58 42 
57 93 -85 
-28 144 -6 
-107 -66 -32 
1 -139 5 
65 28 60 
22 -111 110 
-58 -13 98 
80 -12 58 
-38 93 6 
-24 -57 7 
65 12 40 
53 19 -135 
71 9 -57 
77 110 -9 
-49 5 -62 
-10 -103 115 
-25 13 4 
37 -87 -31 
7 -41 -75 
10 2 -66 
-23 -61 -71 
56 27 116 
56 -11 -138 
-4 -35 120 
2 50 23 
67 -41 -85 
3 66 -6 
-71 128 -76 
-46 -144 17 
65 32 42 
-29 33 61 
-85 -77 139 
-75 119 147 
136 1 -57 
-76 48 35 
-78 -55 23 
64 -127 -101 
147 -27 -37 
23 83 -106 
27 114 -133 
-15 3 83 
40 63 -62 
98 87 113 
-93 -26 131 
46 9 -73 
-35 12 -8 
-59 -16 -38 
40 67 -111 
2 -9 -24 
128 4 63 
84 -92 115 
92 -46 140 
-81 75 -35 
60 66 45 
-120 97 -30 
36 75 20 
-28 -80 131 
-47 -27 -12 
79 65 -145 
100 -26 141 
78 15 -53 
32 45 51 
45 -57 -123 
77 -72 -32 
112 -25 -43 
16 -15 27 
-60 -29 -21 
-105 -6 -89 
-80 76 4 
-16 73 -14 
-25 -104 40 
109 137 -11 
-79 72 -128 
3 -4 28 
60 146 105 
-14 -23 -122 
34 -111 64 
-5 49 -100 
25 111 78 
103 50 -90 
75 25 148 
9 -75 107 
18 38 88 
55 -135 -3 
-100 -136 -6 
66 140 -91 
-15 45 72 
123 73 5 
-108 -7 135 
-51 -50 -58 
-133 56 46 
22 -145 -46 
97 136 -70 
26 -24 -33 
-48 -75 -90 
7 -131 -142 
63 -109 -111 
119 -41 16 
84 -85 57 
73 -122 -132 
22 84 133 
-13 117 -16 
45 -55 25 
72 -5 16 
-10 25 -58 
-143 55 82 
-78 -131 142 
14 102 53 
33 -81 124 
-111 -136 101 
-11 136 69 
-106 -11 -46 
4 -123 2 
-26 -32 -15 
-18 -51 19 
81 -135 99 
-41 83 -40 
-62 67 -101 
-114 23 -49 
-7 141 -100 
-69 -139 61 
-3 94 -59 
133 -29 -102 
45 51 49 
-19 -10 146 
-65 -1 5 
118 -101 44 
33 82 -76 
-135 71 126 
-4 -109 93 
52 1 25 
104 -126 147 
-4 -104 42 
117 8 19 
138 -148 75 
-5 89 -149 
57 123 -22 
-132 56 -115 
