49 -68 20 
101 -126 -139 
83 -30 55 
-100 131 -125 
12 -48 -146 
149 63 91 
-4 -49 -27 
111 51 131 
-7 74 -69 
23 68 90 
-67 -59 -21 
46 52 118 
47 7 57 
-21 -23 117 
-26 -112 -125 
9 -46 96 
-93 -26 -4 
-109 -24 115 
4 -6 -26 
-71 148 48 
-3 36 71 
80 6 9 
1 77 5 
27 131 -42 
-55 37 -6 
-144 -5 107 
-92 -13 -65 
-114 143 -30 
-68 126 83 
-18 61 74 
-136 -91 -39 
-93 59 145 
79 78 148 
-87 9 71 
-105 -51 -54 
71 -18 -67 
37 113 -143 
19 -116 60 
-34 96 66 
10 33 -97 
-92 -101 43 
-54 -121 23 
139 5 -25 
51 101 124 
-131 140 90 
106 -69 56 
-40 -7 -41 
29 52 81 
-84 -29 -3 
-135 108 22 
20 -59 -115 
86 -32 -16 
-85 -111 104 
43 29 148 
28 -130 82 
52 79 48 
57 -133 -119 
84 22 -145 
16 45 22 
139 -15 -109 
-96 123 67 
-53 -2 -24 
15 1 -10 
6 -39 -128 
70 -86 -83 
-60 -92 -75 
111 76 -120 
-141 147 -99 
-84 91 145 
119 -63 -43 
-112 -11 76 
-42 65 -70 
121 -8 -33 
71 -78 15 
93 -27 -110 
50 15 33 
-35 147 -106 
21 -108 -26 
-134 42 -59 
-42 -36 -75 
-116 -120 42 
-146 62 115 
-49 99 -2 
54 4 -51 
36 -103 137 
-112 -82 131 
100 11 35 
-143 -70 -130 
-5 53 -46 
-97 4 128 
-145 94 -39 
37 19 -17 
-47 -146 -91 
67 21 140 
-71 -8 -64 
-141 15 -6 
24 7 100 
-86 -64 18 
-19 -83 -69 
102 -22 -24 
-43 77 40 
119 -148 -103 
52 134 -120 
-69 -132 60 
-48 149 -44 
-76 121 32 
-64 -47 123 
103 16 31 
15 -141 54 
119 117 -29 
-29 65 67 
-125 5 135 
-145 -34 -69 
-27 26 1 
-66 -122 69 
49 -39 64 
110 78 -127 
11 3 143 
95 119 -1 
-71 18 109 
-3 31 -109 
13 60 -109 
25 -2 106 
-81 -86 -52 
-32 31 -120 
-72 41 -99 
43 68 -41 
80 96 54 
-17 -6 48 
108 66 9 
-124 -31 -63 
-42 15 -126 
-8 41 -32 
-28 -2 -88 
98 127 96 
-62 81 -15 
127 66 115 
-45 75 -18 
-4 144 12 
92 85 -46 
59 46 -150 
18 -45 124 
54 -60 -138 
50 -114 1 
81 123 3 
-31 107 11 
43 75 -37 
5 -116 67 
-23 -124 -90 
-70 -27 24 
121 -44 -28 
-137 120 123 
-29 5 83 
-63 34 98 
11 40 98 
83 -17 -114 
-44 -25 -120 
-47 119 42 
-115 -63 76 
50 120 -139 
-79 -1 -25 
111 -43 -68 
-23 -144 28 
-46 -50 31 
-28 -38 -137 
67 88 74 
79 -102 -100 
-72 6 10 
79 96 122 
31 120 113 
99 127 118 
37 20 82 
-11 144 -32 
-1 64 63 
-1 104 -99 
2 69 88 
18 11 9 
-58 -47 -19 
-16 -72 -100 
-7 109 77 
-52 117 139 
-77 69 -67 
58 116 -43 
-34 -94 8 
-65 -53 56 
-14 -123 -121 
31 -111 -77 
-54 -121 -129 
74 97 -23 
35 -90 -129 
-39 -93 -85 
123 70 93 
109 -126 -135 
-61 59 -103 
61 -130 113 
-61 63 30 
51 76 -147 
-122 -99 113 
20 -133 26 
-20 138 78 
-48 77 -109 
27 -142 -1 
-72 82 -15 
-61 148 -110 
81 -64 -125 
-88 -73 86 
-50 -38 117 
76 116 90 
4 146 -88 
-58 -2 81 
33 60 137 
-64 -136 -82 
-61 -84 52 
104 114 67 
-51 -1 -135 
150 -32 -119 
34 133 36 
32 85 -30 
-29 -52 105 
-28 84 -41 
104 -121 -45 
54 -125 -83 
-20 -112 -44 
15 116 -115 
-84 72 -66 
-13 12 1 
128 24 8 
126 56 -4 
5 -4 2 
-54 -22 -138 
6 -57 -14 
-63 19 128 
-134 -41 -77 
-71 109 68 
48 -92 -15 
133 67 94 
75 -10 -89 
59 39 -67 
-54 -53 77 
8 127 25 
10 -79 -74 
-17 -108 21 
-133 -11 2 
89 143 -65 
-126 7 93 
6 -118 3 
-83 -50 77 
2 130 29 
-43 102 -132 
22 123 -1 
106 142 -55 
52 -41 -109 
27 102 23 
73 139 -16 
-26 -149 68 
-18 57 -67 
-133 92 -103 
-130 -20 -33 
30 -89 -40 
120 -132 3 
-90 -26 147 
15 -18 55 
-53 -76 -123 
-39 98 88 
-133 1 -57 
-101 -137 104 
-69 -16 88 
-105 -8 15 
1 -82 -142 
130 47 144 
39 141 125 
-58 72 25 
-52 88 -103 
-103 46 121 
-2 -29 71 
103 -43 -72 
-61 45 -131 
-77 -54 19 
-35 -143 4 
15 -40 -4 
79 -74 -108 
144 -61 1 
-103 96 46 
49 48 108 
44 -121 -91 
74 -102 -82 
-113 -28 -107 
28 -39 -75 
-79 99 110 
43 -124 -112 
15 -13 34 
12 -41 -56 
84 74 -10 
103 -1 144 
-89 92 -134 
40 143 -112 
33 -2 -22 
-43 86 -115 
-49 40 95 
-79 34 -37 
37 119 77 
-29 134 -23 
100 -13 44 
-89 -17 128 
5 -19 70 
-10 51 -92 
-138 114 148 
-109 98 -25 
-94 -51 15 
-92 76 -72 
-96 127 -83 
40 -43 -4 
-104 -38 -99 
-66 -2 14 
120 -10 109 
94 86 -115 
28 74 24 
127 -20 -32 
63 94 78 
-24 17 12 
54 88 -19 
9 14 97 
-62 29 35 
57 -34 -36 
-48 40 20 
-74 -135 67 
-10 65 104 
-93 -106 -66 
83 69 119 
-121 74 6 
71 -114 -103 
66 -1 89 
51 149 -67 
-34 -124 -103 
-82 142 55 
44 39 -2 
-131 -80 -29 
-4 -32 141 
5 -4 113 
52 19 110 
-96 -56 22 
140 -114 -96 
92 88 135 
3 5 121 
-127 53 -101 
-56 -7 -57 
-18 117 24 
31 95 75 
-138 4 66 
-21 123 -47 
-10 -149 -53 
73 -130 66 
-144 -87 -12 
65 -32 -28 
-106 107 65 
136 -34 7 
-100 -24 92 
7 91 -81 
143 -14 137 
81 12 108 
35 11 87 
63 -8 -1 
-129 22 101 
148 -127 -22 
-113 139 -21 
-92 -17 -9 
-93 106 149 
136 93 -109 
77 65 -108 
-77 -91 -131 
134 47 8 
44 -33 -17 
-42 -41 -44 
13 -2 -7 
-122 -26 59 
-5 103 -107 
55 -134 -150 
78 88 18 
52 122 102 
9 30 103 
77 -80 6 
17 24 -82 
-128 -14 -26 
104 -45 -29 
-75 -24 85 
30 -34 33 
34 -116 -28 
-78 49 66 
-74 -31 76 
35 98 78 
-67 -26 -96 
-88 -45 69 
-129 95 148 
18 21 -133 
-69 32 -88 
-144 16 -72 
-79 -82 141 
-95 -72 -63 
-146 -65 -106 
90 -34 29 
-24 118 96 
-13 54 120 
-105 8 -65 
103 130 145 
-105 106 17 
-12 -117 -11 
61 -93 -53 
62 53 113 
91 106 36 
112 22 -64 
50 2 28 
-29 -127 -99 
-17 -149 31 
-112 84 134 
-150 115 -17 
-142 -136 -49 
-141 124 -13 
126 32 -46 
90 94 -95 
-62 -22 -46 
32 -4 -111 
3 33 -111 
109 72 14 
95 65 2 
90 1 149 
-24 -1 45 
76 70 -96 
-2 13 -76 
-46 -114 -39 
-127 15 14 
-119 86 -128 
-35 -106 27 
77 101 134 
-15 -101 103 
116 -122 -45 
36 137 81 
-39 -42 128 
107 -64 46 
11 44 -79 
-59 6 105 
-42 -59 114 
-87 -62 -130 
-130 109 -147 
-105 6 -39 
-33 -114 -18 
-98 -118 24 
-73 92 -99 
56 3 73 
3 -82 59 
105 -52 -72 
-29 139 -80 
42 -29 19 
47 -18 -35 
-33 -28 -111 
-5 64 53 
-43 99 71 
35 8 33 
117 -118 -46 
133 126 -120 
-60 -133 -30 
-74 42 52 
-145 107 19 
-46 40 10 
121 -43 -35 
14 -62 -58 
-30 -72 -125 
6 -1 13 
-38 -13 84 
104 58 118 
-91 117 -107 
98 -88 77 
-123 97 76 
-11 -64 130 
107 -142 -104 
-114 -1 -79 
109 133 118 
120 29 -88 
2 98 -49 
35 43 94 
96 -11 112 
-103 -45 65 
132 -11 8 
150 -86 96 
-46 48 43 
-54 -42 -144 
100 -73 111 
-125 -129 36 
-119 -2 -120 
102 31 -89 
-3 -36 18 
-70 28 60 
13 -133 121 
-40 9 72 
-38 -12 59 
-93 86 63 
145 -25 -143 
-127 124 -9 
-58 -84 104 
37 -40 -82 
139 124 -40 
149 -76 22 
116 127 -115 
28 112 -145 
100 17 -4 
4 85 -101 
-30 78 -17 
62 -139 127 
141 -87 34 
58 -114 59 
88 -145 23 
-140 20 -72 
86 -23 116 
-9 115 -124 
-67 52 -116 
6 -43 -46 
-114 97 126 
-2 -145 -11 
101 -2 -111 
118 16 137 
34 133 18 
77 -137 -37 
142 58 -53 
25 -6 65 
-108 -2 -52 
-147 -149 -13 
-37 19 131 
-13 52 -68 
119 110 -86 
-26 -21 -48 
108 -113 -131 
-82 -26 97 
59 -46 19 
-96 -85 -144 
39 -122 -83 
-58 116 -135 
-11 4 -86 
-93 -30 44 
67 72 141 
-1 -74 -9 
-99 80 144 
-28 121 -110 
-101 -82 47 
37 146 144 
-20 146 -37 
-94 53 83 
61 18 -135 
-9 -37 102 
55 34 -6 
13 20 80 
-43 94 32 
44 -53 106 
-77 -95 -69 
105 150 34 
20 -36 -23 
-100 127 50 
122 -61 32 
-39 93 148 
47 14 29 
39 145 -10 
-92 84 6 
68 -27 -13 
38 -13 128 
5 147 41 
-72 -147 144 
103 -98 -79 
97 -29 65 
100 9 70 
-13 40 -10 
-109 60 -63 
-32 8 -133 
82 33 -85 
-108 28 80 
5 -51 32 
33 -97 -130 
150 -102 -39 
134 103 16 
19 11 36 
104 -94 -5 
25 61 -14 
-51 17 -9 
50 57 -132 
-102 -3 146 
-20 -117 -84 
3 -15 77 
-40 -55 88 
-134 47 -116 
112 116 58 
-114 124 -29 
-89 -47 138 
-34 73 -31 
117 -73 -52 
-8 144 -66 
125 73 -72 
59 49 77 
41 -39 78 
39 25 32 
-17 -65 -55 
145 -85 -62 
-19 18 -103 
138 40 137 
