7 -62 -138 
-40 -127 102 
-84 69 -148 
-8 4 36 
131 -12 -114 
-19 95 13 
-65 53 -59 
65 116 -5 
65 133 -140 
113 -109 -54 
-31 124 -129 
143 -36 -142 
122 3 91 
105 68 -46 
18 92 -4 
-2 -85 -87 
96 115 -120 
-149 111 -26 
47 33 105 
-75 -48 -137 
-70 111 -4 
40 25 -80 
11 -47 -36 
77 -107 -40 
88 -38 135 
61 71 20 
-4 -91 107 
1 16 -137 
-101 -2 -149 
139 135 -102 
54 55 66 
-106 -139 -57 
-143 -46 5 
-10 45 -44 
67 18 -60 
-8 87 -38 
18 49 133 
-21 -60 115 
-30 -57 9 
-70 79 -7 
-55 16 -6 
28 -31 -75 
-130 -39 -3 
-2 147 84 
-84 -81 72 
84 -95 44 
-91 -97 31 
-64 -22 6 
-87 135 36 
-13 50 81 
-44 -116 121 
28 41 22 
55 28 34 
-140 -36 -81 
105 140 69 
-91 107 -45 
67 -147 -20 
67 -63 -20 
36 -42 142 
-142 -126 -118 
73 81 -109 
-149 -6 94 
-16 -38 -141 
-143 73 -94 
81 -60 13 
-2 113 -92 
-3 -76 -29 
49 -34 4 
75 95 121 
-94 115 53 
120 -35 122 
4 -78 60 
-3 -36 -104 
120 6 -34 
-122 88 64 
-40 -76 144 
37 140 115 
132 117 -144 
-113 -146 -10 
-13 26 83 
-102 -21 52 
-27 140 71 
-35 109 -18 
-28 53 -17 
-143 17 -146 
57 -139 147 
84 53 -97 
23 44 140 
57 -49 -95 
-25 97 85 
29 -51 -98 
49 -59 90 
-45 -90 -120 
-51 -5 85 
120 87 -60 
4 61 118 
-80 89 -22 
31 47 -142 
-1 -130 15 
-88 -81 -129 
-6 -133 -55 
105 111 -79 
87 -7 -4 
142 -29 -18 
-2 -71 -54 
-119 71 34 
-149 -30 3 
136 -15 3 
13 112 -141 
120 -23 92 
137 -24 -132 
39 -92 -1 
22 39 15 
24 -131 79 
16 -94 -102 
-44 -32 -95 
80 68 21 
-24 4 128 
-28 46 124 
110 4 116 
-34 68 35 
-47 139 -61 
-20 -99 76 
35 -116 -2 
37 144 -11 
-9 -129 -75 
-120 66 -26 
-149 94 -74 
-49 -59 -45 
68 -84 -73 
-37 43 -116 
29 49 -106 
12 -93 22 
-2 13 -125 
109 140 57 
-22 -86 -138 
63 -37 -88 
13 109 31 
42 -37 -50 
115 -122 -26 
-3 -119 -94 
14 90 -87 
9 -53 -11 
9 -56 -6 
41 43 -89 
-1 124 -29 
-41 8 84 
103 -39 -34 
-139 45 -80 
-128 -93 55 
128 37 -120 
130 46 -16 
100 125 28 
121 21 -10 
-96 -150 77 
-97 -140 -70 
98 -103 -67 
-60 -16 -96 
24 87 -112 
54 -9 126 
-74 -23 -137 
137 85 122 
-62 45 -5 
104 -30 7 
55 120 -109 
68 -64 -82 
103 106 120 
-127 -66 39 
6 55 59 
71 54 53 
26 -101 -110 
-13 42 99 
-124 -113 60 
-4 96 -138 
60 -139 130 
80 -104 -50 
-8 91 75 
-80 -63 -40 
132 110 -83 
-124 -15 14 
22 46 101 
120 -90 -60 
30 104 137 
-55 -117 -111 
-19 -70 111 
-144 25 -42 
-83 -42 43 
-53 78 95 
62 -34 20 
111 99 -87 
118 14 43 
49 123 46 
-54 74 -137 
-60 40 -119 
45 134 -68 
91 -122 -22 
106 45 49 
-79 -42 2 
-54 -145 73 
129 9 -72 
55 -33 -66 
-135 -107 -139 
-67 126 -64 
57 -77 79 
116 127 -120 
146 15 84 
149 -80 124 
88 86 -82 
13 -96 87 
-59 44 -106 
-138 -126 93 
-13 57 100 
26 121 -82 
-100 -34 55 
-64 150 20 
-28 -29 62 
-97 60 -53 
9 12 48 
115 3 10 
30 37 -66 
-1 113 -116 
-16 -150 -40 
-10 26 129 
-14 1 -42 
-95 13 83 
141 -98 131 
-100 36 123 
-37 10 -98 
4 -9 1 
-11 130 -29 
73 -141 138 
28 -59 -31 
-41 -90 24 
-55 -108 85 
4 -36 52 
-105 -5 149 
-95 -43 139 
71 -106 -2 
103 -69 -47 
86 115 3 
-2 56 92 
-142 -99 -35 
-27 14 -85 
52 75 67 
72 24 139 
-115 116 49 
-4 -126 59 
-102 58 -73 
51 1 127 
22 48 88 
28 -10 -65 
104 -52 -118 
5 24 38 
-29 2 -104 
-4 -19 146 
126 -70 116 
-18 49 91 
120 -47 51 
2 1 -130 
47 72 26 
-22 -39 129 
137 78 128 
77 19 -58 
-143 66 -28 
-78 88 -6 
-98 87 -100 
-72 -118 -109 
139 -136 46 
149 -138 56 
-55 133 -139 
51 -19 -114 
65 -121 -89 
17 -87 61 
73 50 95 
-132 -102 16 
20 -146 -89 
120 -57 99 
49 -106 -75 
-57 8 -51 
-142 37 -11 
84 -120 -42 
-150 -27 -93 
76 -8 56 
3 -104 -112 
-9 127 119 
59 -49 25 
127 -20 46 
14 21 -60 
-39 52 -144 
50 -148 34 
128 -42 -104 
35 -98 108 
-14 9 -145 
11 114 -5 
107 -33 -109 
4 79 51 
136 -83 119 
3 -116 -22 
48 -70 -127 
-117 99 90 
144 62 -21 
124 -123 -109 
82 46 125 
9 -13 51 
-18 100 -2 
-91 -50 -148 
59 134 118 
-16 -133 -49 
-72 -150 22 
88 -10 121 
112 -35 43 
35 29 -143 
-123 -79 48 
-47 -113 64 
-66 90 9 
-147 69 -81 
32 -123 -26 
-49 -71 98 
-16 -18 -123 
133 -122 -80 
7 136 -66 
-51 -106 -74 
-137 -58 32 
-28 -33 123 
-12 -51 7 
-8 6 -74 
33 30 -64 
-2 30 11 
18 33 96 
-61 43 134 
64 -42 -17 
-43 -41 -130 
-20 46 -129 
-102 -31 63 
12 -30 102 
89 -101 -32 
-103 -9 109 
99 -126 -149 
-136 99 -13 
-26 50 -79 
-78 70 53 
120 92 5 
12 -42 29 
28 -110 137 
-73 65 13 
103 84 -5 
-84 16 94 
-50 -143 56 
39 -131 -100 
-21 -55 109 
22 27 -129 
19 24 -123 
-17 -146 31 
80 -39 93 
-71 101 46 
53 44 25 
134 -145 30 
-95 -33 -93 
-54 -34 101 
53 16 -17 
-108 87 -116 
-19 131 111 
-40 -5 17 
19 -66 73 
28 141 127 
112 124 -106 
-116 -130 -3 
23 -69 -149 
-104 69 -114 
69 59 88 
-2 -30 66 
19 39 -83 
112 48 116 
23 -30 138 
-48 113 -24 
135 132 -102 
-83 59 -128 
18 144 -71 
134 -27 126 
-142 -14 27 
62 -72 114 
33 20 -145 
-88 72 -83 
-41 48 105 
-89 -9 -146 
62 70 78 
-147 -88 17 
-143 -83 48 
38 71 -143 
10 -72 115 
34 50 133 
-45 -23 112 
57 110 67 
-4 -97 -49 
52 -104 -53 
-77 -13 -4 
-133 -134 1 
35 -90 -121 
-105 -49 -4 
83 22 -128 
-39 -83 37 
147 -34 13 
116 -144 -18 
-117 -47 -131 
-61 -22 8 
74 103 -134 
99 127 41 
-40 -38 -7 
-36 -63 117 
77 -58 115 
43 -101 57 
-11 -19 5 
9 79 105 
80 40 -98 
-31 82 -22 
-17 16 -33 
100 -120 36 
13 81 7 
-25 -49 -32 
11 46 136 
132 -43 -72 
-72 -114 126 
65 -124 -22 
140 -110 -52 
-12 -59 1 
5 97 -128 
-145 -129 2 
-50 46 -55 
120 -35 -82 
-67 106 39 
82 -81 103 
-87 31 114 
-26 8 6 
-146 -148 -17 
26 16 124 
56 71 -51 
-37 83 44 
23 120 -48 
-115 -82 140 
-149 -12 -7 
-120 64 -41 
-17 13 99 
-9 37 113 
-41 -137 51 
-80 -140 124 
74 17 -32 
9 47 -71 
21 -147 94 
142 98 13 
60 -36 -11 
-116 -41 90 
14 99 109 
-89 149 137 
144 -96 -9 
101 -118 -17 
-118 19 137 
14 -129 80 
-55 29 74 
51 138 148 
64 119 -56 
-26 93 55 
86 137 47 
-107 -108 121 
-18 -80 -72 
18 -23 -11 
-72 -26 -82 
-143 150 -3 
-24 70 -138 
117 -22 20 
41 -127 124 
-21 27 -117 
-112 -20 -6 
-26 129 150 
-94 149 -126 
64 42 55 
-92 -40 -76 
141 -100 39 
81 108 88 
20 137 30 
-69 -51 101 
86 -51 14 
-71 -81 -38 
-6 -55 19 
-57 135 58 
-76 -139 68 
108 97 29 
115 -132 18 
-140 26 -135 
14 9 -33 
-18 -22 -58 
-63 -110 -11 
-9 -102 2 
-125 135 35 
-104 -87 -9 
-63 27 -122 
-64 -85 2 
70 92 118 
111 -104 118 
-48 -47 -61 
-6 -47 124 
-31 122 -117 
-108 -8 -30 
-16 -148 -45 
95 57 118 
24 -45 94 
-61 -147 -145 
-99 79 41 
-42 -113 -25 
-64 -89 36 
33 107 -108 
24 129 -42 
60 57 113 
-35 110 65 
-136 39 23 
-61 127 49 
24 -42 4 
-34 -135 39 
58 143 -76 
82 -74 -93 
-128 61 28 
48 5 73 
96 -66 -41 
116 149 -69 
82 -42 -125 
4 -142 68 
28 -15 23 
38 91 -80 
66 16 100 
-108 38 -57 
98 50 6 
-115 -66 123 
30 5 23 
84 73 9 
-27 -45 -22 
-10 -50 56 
74 -24 142 
-52 -118 -148 
28 -41 84 
61 13 -96 
79 -10 -146 
104 17 -96 
7 31 -81 
129 -58 -150 
-98 -81 -44 
-17 144 37 
-40 95 4 
115 -83 -118 
94 -111 17 
143 25 47 
44 101 16 
-128 2 4 
138 -130 -26 
83 -89 124 
1 105 104 
119 87 89 
89 35 41 
22 108 -61 
35 -85 45 
37 66 -52 
-83 -10 93 
86 -18 9 
-150 18 -126 
-97 -56 -114 
-56 121 89 
-8 7 -133 
-37 -2 44 
-14 -13 -135 
-92 -43 37 
44 110 -1 
-50 23 -1 
-76 -2 25 
32 137 -72 
28 118 2 
-45 8 -148 
-147 82 -94 
24 50 12 
64 -116 111 
119 -25 27 
119 16 -58 
142 -18 -16 
105 -144 -84 
-56 69 117 
-40 -59 1 
-13 118 -95 
-13 -2 -107 
43 -46 44 
23 13 -11 
-20 -16 44 
133 116 -129 
-81 4 71 
149 -18 72 
-72 124 -129 
-24 48 137 
-94 22 -30 
-24 -1 -49 
-137 69 -142 
-96 -8 -77 
-132 -5 -68 
-78 -83 -124 
-44 39 5 
